       0  0.05676 1037.61108 2399.06494 1912.98315 2968.00293
       1  0.05530 1047.27600 2394.97876 1907.59290 2991.63965
       3  0.05189 1079.43823 2469.71021 1952.07581 3020.87671
       3  0.05052 183.67255 1633.10620 1727.47180 2243.56226
       3  0.04559 763.52338 -1447.25854 1378.38257 3867.53223
       3  0.04282 45.09525 -1928.48401 1109.13330 2382.33789
       3  0.04266 504.75226 1417.96777 1381.49585 2412.81470
       3  0.04088 645.45642 -2885.48975 1068.01282 5228.84521
       3  0.03893 -254.45905 -4322.09668 550.21204 4588.51562
       0  0.03831 -3214.98462 -3234.81982 4159.20508 4119.31982
       0  0.03791 -60.83672 1614.37830 1902.50635 2272.30811
       0  0.03643 -628.28992 143.40253 3711.08862 5879.36865
       1  0.03552 -3213.74951 -1606.79919 4184.67969 3258.35962
       0  0.03320 -371.46588 1223.35510 2199.77539 2346.48853
       2  0.03259 1524.62695 504.05420 1928.20728 3403.52686
       3  0.03201 1326.78662 -301.25830 1683.96057 4172.26758
       3  0.03173 976.46680 -413.84500 1588.65698 2832.47388
       3  0.02905 946.80634 -2939.75806 1216.05774 4468.90137
       0  0.02840 538.52240 1340.43237 1365.06165 2315.03687
       1  0.02801 -1697.62805 189.95142 4285.43262 5985.88086
       3  0.02796 290.81323 -1932.63208 805.48346 6787.45459
       0  0.02749 454.95862 -797.26373 1067.83459 5662.90332
       3  0.02734 1217.86621 -4575.89941 1735.12451 4728.14453
       5  0.02609 445.72052 -1625.68323 3085.33911 6702.38232
       3  0.02603 1403.39319 -2935.85010 1967.33984 3090.14868
       3  0.02568 836.34021 -1467.51343 1158.94421 7650.83203
       3  0.02561 121.81581 -3263.30273 553.31586 8048.01465
       3  0.02484 1130.38940 -1217.03064 1356.81384 5772.57471
       0  0.02407 1931.43396 2478.87354 2241.81079 2506.49902
       3  0.02392 391.11020 -676.41333 1088.92615 1833.82788
       3  0.02265 478.96933 -3377.23242 698.84570 6394.67773
       2  0.02230 1916.70911 -1781.11914 1931.75781 4564.67383
       3  0.02159 1274.74744 1228.58081 2062.84033 3632.43945
       3  0.02150 1629.94458 -1764.12964 2157.55029 1910.39612
       0  0.02114 784.71881 2043.65625 2117.63867 3011.76660
       1  0.02091 -3415.20801 -3841.09033 4625.98682 7081.30811
       3  0.02048 668.24359 -2511.26025 876.14227 8650.85156
       0  0.02040 -2594.93384 -414.99271 3932.21655 2754.22925
       2  0.01994 1854.79236 -29.88794 1944.63940 3715.68799
       0  0.01939 1207.14539 2074.63770 1746.96790 2879.78857
       3  0.01923 -25.21190 -3584.03467 257.77689 7457.19727
       5  0.01904 -1540.39490 -4132.77393 3685.75659 7091.71191
       5  0.01870 1038.95898 2441.26685 1867.95459 2971.32715
       2  0.01815 1693.57422 -1465.68665 1731.21191 4305.19434
       3  0.01768 967.64014 -306.47058 1462.02734 6542.02441
       0  0.01726 1903.18652 2492.51636 2212.22314 2509.87305
       3  0.01692 1358.48022 -737.80902 1582.89441 2969.93726
       3  0.01650 171.52493 -1118.88696 786.02612 2987.72632
       0  0.01612 1161.93152 2394.60010 1555.55713 2957.32861
       1  0.01562 1131.36536 3032.30322 1412.10303 3215.31396
       3  0.01557 2091.81201 -1071.01196 2138.67554 3919.49707
       3  0.01507 1890.50098 -1458.04224 2308.70386 1542.14502
       0  0.01506 1134.94141 3039.88037 1399.15259 3194.31738
       2  0.01466 1603.19995 1659.14575 2166.50146 3124.80371
       5  0.01419 -3075.34033 492.71686 5194.66162 6622.69824
       0  0.01417 -3358.14819 1067.97119 5059.18652 5298.52637
       3  0.01407 1145.26550 -5872.04395 1268.52246 6542.62988
       0  0.01406 2057.62354 -245.42963 2141.84277 3924.23511
       3  0.01399 1276.44507 558.66492 1641.87390 2568.74658
       0  0.01290 235.43828 1638.03345 1360.45105 2132.00854
       0  0.01286 768.23389 265.85513 1179.77441 2657.42188
       1  0.01278 1280.61328 2489.34424 1746.77820 2977.75586
       0  0.01268 1171.06885 2322.46460 1336.33301 2978.62744
       0  0.01213 1419.34656 1294.00244 1587.38770 3059.30249
       3  0.01208 1719.28162 -1325.13574 1965.88293 2115.82227
       5  0.01206 -238.49307 1689.10278 2007.79907 2340.66968
       0  0.01201 457.92728 914.87268 995.64880 2756.83203
       0  0.01159 2002.14746 601.12537 2171.18701 3937.18311
       3  0.01126 762.93604 1433.77490 1207.26477 2300.25366
       0  0.01113 219.27814 -72.48752 561.34253 860.78491
       0  0.01092 898.39062 -635.49182 1088.33679 3052.97119
       0  0.01080 1540.14343 1187.85400 1660.33350 3143.26953
       1  0.01020 -4497.10059 1799.60999 5242.86768 5426.07080
       0  0.01017 1152.99219 2939.32373 1391.52087 3150.11182
       3  0.01011 2036.60059 -1448.26941 2065.72729 3499.50928
       0  0.01008 1879.22693 3284.14844 2233.14746 3296.26514
