       0  0.08213 235.90469 311.65231 419.59354 455.07181
       1  0.05959 232.97278 316.80029 418.13354 471.23199
       0  0.05388 165.60637 65.56762 466.66528 226.04022
       3  0.04767 196.88297 -61.61084 413.79245 739.71924
       3  0.04651 206.12714 -266.54700 273.64532 1289.66589
       3  0.04584 111.28584 -389.51923 242.20442 1439.03052
       0  0.04441 -492.30365 -889.85077 1135.77173 1137.32629
       0  0.04223 -92.44141 -14.15952 890.11670 875.83459
       1  0.04060 -782.54102 -560.79694 1284.75366 958.15814
       1  0.04040 173.55031 44.53246 461.63147 255.06590
       3  0.03589 299.18295 -1.12473 466.50345 531.53162
       4  0.03493 226.88550 325.70734 432.59979 461.27850
       5  0.03440 240.98447 288.45453 435.44003 418.57428
       3  0.03309 281.51450 -525.14172 322.09183 1534.08752
       3  0.03180 186.39308 58.58691 473.87878 265.85120
       3  0.03155 476.33008 -321.04327 490.26611 1308.24683
       0  0.03151 11.30155 -555.17670 217.82898 1630.01343
       3  0.03011 347.84363 -519.07654 381.95435 1521.37476
       5  0.03005 -65.78760 -259.27124 857.36163 987.33606
       5  0.02951 -485.82990 -565.45715 1129.90576 939.18494
       3  0.02856 554.38867 -202.77274 563.88623 1056.88086
       3  0.02832 491.85202 -442.45016 501.05051 1297.30603
       3  0.02786 255.90112 -202.14052 509.86029 368.90015
       3  0.02775 415.43518 -482.49347 433.49854 1473.88818
       0  0.02658 151.96538 -605.19543 191.69142 1486.88269
       3  0.02602 539.45264 -83.60892 552.53137 1070.77405
       3  0.02560 245.37177 339.14474 401.31732 475.35318
       5  0.02435 202.54190 97.37347 405.41647 219.89151
       0  0.02413 138.98859 -370.00735 178.37967 997.87744
       5  0.02338 613.43817 -222.42645 634.12860 567.78424
       2  0.02255 198.30199 332.49844 456.14886 440.91653
       2  0.02235 161.71956 82.07520 493.31744 228.95950
       0  0.02231 307.40121 197.40129 554.21088 489.76215
       0  0.02229 77.63225 -376.01920 91.73796 987.06116
       3  0.02207 261.45953 -550.00220 396.94775 559.56592
       3  0.02163 609.80359 -18.61334 632.32886 883.58655
       3  0.02147 599.92621 -132.84048 619.20856 606.74133
       3  0.02127 540.70337 -308.16370 549.11963 773.28381
       0  0.02080 -0.84234 -676.11249 109.11328 1718.18359
       2  0.02077 310.23584 -352.60992 475.52667 369.09027
       0  0.02074 309.90436 304.41565 404.75238 436.02838
       0  0.02067 72.48463 -657.34192 125.99685 1550.08386
       0  0.02038 181.54532 -47.46054 478.75833 315.66476
       1  0.02026 -1373.58777 -179.29578 1482.58923 1384.07397
       0  0.01985 87.55870 -325.38776 102.71437 808.61102
       3  0.01974 600.05389 83.23117 624.08905 913.26282
       3  0.01923 270.19562 -517.26392 305.00391 1653.55469
       5  0.01917 556.78925 -396.49118 566.24725 733.97717
       3  0.01898 196.85884 -657.80859 310.90509 791.62830
       0  0.01879 -795.88293 204.02322 1296.22742 840.25403
       0  0.01810 248.03227 201.35190 392.32245 418.85257
       3  0.01698 383.30429 -19.16101 493.50296 536.29675
       5  0.01670 193.70697 331.79028 409.19830 458.83838
       3  0.01660 230.96910 -82.07251 330.44116 990.66931
       3  0.01659 137.44830 -481.85352 203.14099 477.92188
       3  0.01652 333.88049 -501.28668 364.86420 1631.67383
       3  0.01651 593.66388 -98.94168 607.46783 698.07349
       3  0.01623 465.81906 -228.27734 477.65378 1341.38782
       0  0.01623 13.94678 -504.64001 29.81731 1116.19666
       0  0.01613 27.26186 -439.37506 39.75834 918.94000
       3  0.01590 540.01105 -294.32895 543.75604 1011.37549
       0  0.01572 23.24553 -751.58337 64.03473 1634.92542
       3  0.01572 78.96759 -444.71460 124.82147 431.66663
       0  0.01533 262.93790 288.21649 361.89090 440.30499
       0  0.01520 467.39792 -273.38779 489.36398 881.16138
       0  0.01484 72.57323 -555.40344 86.10847 1293.44348
       3  0.01478 531.01624 -24.19208 542.69153 1138.36084
       3  0.01453 397.46414 -397.72540 422.13425 1522.38403
       2  0.01440 303.70102 -98.80463 588.69971 272.66818
       1  0.01417 -1084.31140 -92.42319 1058.85486 497.40262
       3  0.01403 -5.89547 -544.04993 76.92150 1706.30017
       3  0.01394 374.53113 -139.41867 455.72180 1041.92712
       3  0.01389 529.09393 -280.20428 534.09894 870.44318
       3  0.01379  8.72881 -488.63397 68.60970 481.44916
       0  0.01327 247.36694 320.61966 335.72308 471.47525
       3  0.01325 613.14410 -494.03326 631.92987 460.45880
       3  0.01295 277.96823 138.44907 405.95456 780.09949
       0  0.01289 479.59879 -430.70050 495.82938 903.99689
       2  0.01266 387.30597 -306.46246 518.43622 317.26422
       1  0.01260 -1389.96680 240.85519 1352.00391 833.11707
       0  0.01253 24.69598 264.23224 503.93536 450.24481
       1  0.01249 134.30730 176.14116 207.92003 220.67271
       3  0.01248 580.93695 107.61462 595.31342 644.22711
       0  0.01246 351.15668 209.35490 427.55829 514.78290
       3  0.01235 545.20575 34.81335 579.41522 724.97284
       0  0.01167 200.07758 101.00313 396.10834 280.90332
       1  0.01128 -1230.74585 349.06564 1189.14722 584.89941
       3  0.01117 102.27975 -25.15600 191.49152 136.43896
       1  0.01102 233.64789 86.46252 410.51282 215.19864
       0  0.01066 249.87024 121.41446 330.35095 479.61404
       5  0.01049 -1152.22302 235.04745 1508.04333 1088.55322
       1  0.01046 134.39816 146.46490 204.43329 198.26862
       0  0.01039 135.04826 -29.08204 141.31364 113.56623
       0  0.01032 163.81061 -0.04214 171.34235 86.66983
       3  0.01026 549.85156 -563.46539 566.77771 529.42999
       3  0.01023 73.84555 -263.96478 155.60538 906.41876
       5  0.01017 71.61272 127.16272 455.79498 241.79047
       2  0.01011 180.56136 118.66070 388.19977 222.89578
