6 0.27447918 0.5125 0.28020832 0.505 0.29322916 0.48083332 0.30104166 0.465 0.3015625 0.465 0.30364582 0.4675 0.3109375 0.47916666 0.34322917 0.5375 0.35052082 0.55083334 0.38333333 0.5925 0.40885416 0.6225 0.41197917 0.62666667 0.41197917 0.62833333 0.409375 0.6358333 0.3921875 0.665 0.3859375 0.67833334 0.37604168 0.69083333 0.37135416 0.7025 0.35989583 0.7191667 0.34427083 0.7525 0.34270832 0.755 0.34010416 0.755 0.33489582 0.7475 0.33072916 0.7416667 0.32864583 0.7375 0.31145832 0.7075 0.3 0.685 0.29322916 0.6775 0.2890625 0.6725 0.28854167 0.6716667 0.3 0.64666665 0.3171875 0.605 0.32135418 0.595 0.32916668 0.5783333 0.328125 0.575 0.32447916 0.5675 0.31822917 0.55916667 0.29895833 0.54333335 0.28125 0.52
6 0.49583334 0.47833332 0.49375 0.47833332 0.4921875 0.47666666 0.490625 0.47416666 0.48854166 0.4725 0.48645833 0.47166666 0.48489583 0.47083333 0.48333332 0.4675 0.48177084 0.47083333 0.47447917 0.49583334 0.4734375 0.50083333 0.4734375 0.515 0.47395834 0.5391667 0.48229167 0.515 0.49270833 0.48166665 0.49322918 0.48083332
6 0.5796875 0.54083335 0.578125 0.53833336 0.5296875 0.50166667 0.52552086 0.49916667 0.5265625 0.505 0.5364583 0.5233333 0.546875 0.54333335 0.55 0.5475 0.55260414 0.55333334 0.5578125 0.585 0.5552083 0.61083335 0.553125 0.6191667 0.55104166 0.62833333 0.5541667 0.6275 0.55677086 0.61583334 0.5630208 0.5966667 0.5729167 0.56916666 0.575 0.565 0.57604164 0.56416667 0.5786458 0.55083334 0.5807292 0.54333335
6 0.55 0.62916666 0.54583335 0.6383333 0.5453125 0.64 0.5442708 0.65166664 0.53802085 0.68083334 0.5286458 0.7216667 0.5260417 0.73083335 0.5260417 0.73583335 0.5239583 0.7425 0.5182292 0.76 0.51666665 0.76 0.51354164 0.75666666 0.5125 0.7558333 0.5171875 0.7416667 0.51875 0.735 0.5229167 0.715 0.5260417 0.70166665 0.534375 0.68083334 0.5390625 0.66583335 0.54010415 0.66333336 0.5385417 0.65 0.53802085 0.635 0.53802085 0.6275 0.54375 0.6275 0.5473958 0.62833333
6 0.5239583 0.49916667 0.5078125 0.47666666 0.503125 0.47 0.5 0.4725 0.49635416 0.47833332 0.49322918 0.48166665 0.49270833 0.4825 0.47552082 0.53583336 0.4546875 0.59166664 0.446875 0.6166667 0.43020833 0.6358333 0.42135417 0.64666665 0.41354167 0.66833335 0.415625 0.6716667 0.43072918 0.68666667 0.47604167 0.725 0.509375 0.7575 0.51145834 0.7575 0.5125 0.755 0.51770836 0.74 0.5260417 0.70166665 0.5328125 0.68416667 0.54010415 0.66333336 0.53802085 0.64 0.53802085 0.6358333 0.53802085 0.6275 0.54583335 0.6275 0.54791665 0.62833333 0.55 0.62916666 0.55052084 0.62833333 0.55260414 0.6191667 0.5552083 0.61083335 0.5578125 0.58416665 0.55260414 0.55333334 0.55 0.5475 0.546875 0.5441667 0.53020835 0.51166666 0.52708334 0.505
6 0.41510418 0.23833333 0.4203125 0.30166668 0.421875 0.305 0.42395833 0.30833334 0.42552084 0.3175 0.425 0.33333334 0.42395833 0.34333333 0.4203125 0.345 0.409375 0.345 0.40364584 0.34583333 0.4078125 0.2925 0.41302082 0.25416666
6 0.41979167 0.11083333 0.41354167 0.11333334 0.4046875 0.11666667 0.39635417 0.11666667 0.38697916 0.115833335 0.37239584 0.11083333 0.3578125 0.10583334 0.33541667 0.1025 0.3125 0.1 0.31145832 0.11083333 0.31197917 0.125 0.31302083 0.13916667 0.315625 0.15666667 0.31770834 0.17083333 0.31875 0.16666667 0.32239583 0.165 0.35729167 0.16833334 0.40104166 0.17333333 0.40416667 0.17416666 0.409375 0.17333333 0.41354167 0.1725 0.4140625 0.16583334 0.41614583 0.14583333 0.41770834 0.13083333 0.41770834 0.12416667
6 0.42395833 0.16916667 0.41875 0.17166667 0.40364584 0.17416666 0.375 0.17 0.3375 0.16666667 0.32291666 0.165 0.321875 0.165 0.31875 0.16666667 0.31770834 0.17 0.31770834 0.17083333 0.315625 0.18666667 0.315625 0.19916667 0.31666666 0.21333334 0.31875 0.22916667 0.3125 0.28 0.31354168 0.28833333 0.31354168 0.295 0.31302083 0.30166668 0.30416667 0.32416666 0.29739583 0.33916667 0.32239583 0.35583332 0.35 0.37833333 0.36927083 0.39 0.37395832 0.39166668 0.38125 0.39416668 0.39166668 0.39916667 0.39479166 0.4 0.39739582 0.395 0.40208334 0.38583332 0.403125 0.375 0.403125 0.35583332 0.403125 0.34583333 0.40677083 0.30666667 0.4078125 0.2925 0.41510418 0.23916666 0.42239583 0.18666667 0.42395833 0.17416666
6 0.6453125 0.2725 0.6432292 0.27 0.64166665 0.26833335 0.6359375 0.26833335 0.6354167 0.28583333 0.6390625 0.31416667 0.6411458 0.3275 0.64270836 0.32083333 0.64479166 0.305 0.64635414 0.29416665 0.64635414 0.28166667 0.64635414 0.27666667
6 0.53802085 0.265 0.53802085 0.26083332 0.53802085 0.25833333 0.5395833 0.25916666 0.5421875 0.26 0.54322916 0.26083332 0.54375 0.26083332 0.5442708 0.26166666 0.54322916 0.26416665 0.5416667 0.26416665 0.5395833 0.26416665
6 0.6567708 0.46833333 0.65625 0.48416665 0.65625 0.495 0.64479166 0.49666667 0.60729164 0.5 0.5921875 0.49833333 0.5703125 0.4975 0.57135415 0.495 0.5765625 0.49333334 0.62083334 0.4825 0.64635414 0.47416666
6 0.63177085 0.23416667 0.61927086 0.23583333 0.57916665 0.24416667 0.56927085 0.24833333 0.5515625 0.2575 0.5453125 0.26 0.54322916 0.26416665 0.5385417 0.265 0.52708334 0.2675 0.5234375 0.26833335 0.5229167 0.2725 0.52239585 0.28416666 0.5234375 0.29 0.5395833 0.35333332 0.54791665 0.38 0.5484375 0.38666666 0.5463542 0.39916667 0.546875 0.43333334 0.5442708 0.48083332 0.5453125 0.49083334 0.5463542 0.4975 0.5484375 0.5025 0.55052084 0.5025 0.55833334 0.49916667 0.56666666 0.49833333 0.57239586 0.495 0.6171875 0.48333332 0.63697916 0.4775 0.64635414 0.47416666 0.6567708 0.46833333 0.65729165 0.47 0.65989584 0.46916667 0.6614583 0.4675 0.66041666 0.45916668 0.6588542 0.44833332 0.6578125 0.44166666 0.64427084 0.39666668 0.6411458 0.38333333 0.6411458 0.36833334 0.6421875 0.35666665 0.6411458 0.33166668 0.6401042 0.32333332 0.6354167 0.285 0.6354167 0.26416665 0.6354167 0.25416666 0.63385415 0.23666666
6 0.23072916 0.44083333 0.225 0.43416667 0.22239584 0.4325 0.22135417 0.43166667 0.21666667 0.4375 0.20677084 0.46416667 0.19375 0.49916667 0.18802084 0.5125 0.18020834 0.5233333 0.165625 0.5491667 0.15833333 0.5625 0.1609375 0.56583333 0.16614583 0.5758333 0.16979167 0.58166665 0.1734375 0.58166665 0.17916666 0.58666664 0.1890625 0.59583336 0.20364584 0.615 0.234375 0.66333336 0.24791667 0.68833333 0.25260416 0.6958333 0.25520834 0.7 0.25833333 0.7058333 0.26875 0.7175 0.27083334 0.71666664 0.271875 0.715 0.28072917 0.69 0.30572918 0.6333333 0.32135418 0.5933333 0.32916668 0.5783333 0.32864583 0.5758333 0.325 0.5683333 0.31822917 0.55916667 0.31354168 0.55583334 0.29947916 0.5441667 0.27291667 0.50916666 0.26979166 0.5058333 0.265625 0.49833333 0.24166666 0.46166667 0.234375 0.44833332
