14 0.22916667 0.49333334 0.21197917 0.4625 0.21354167 0.45583335 0.21875 0.45 0.22708334 0.45833334 0.23854166 0.43833333 0.24583334 0.43166667 0.2421875 0.465 0.2390625 0.47916666 0.23177083 0.49083334
14 0.24322917 0.5183333 0.25260416 0.5308333 0.259375 0.5375 0.26354167 0.5466667 0.26666668 0.5366667 0.271875 0.5175 0.27135417 0.50666666 0.25729167 0.51 0.24583334 0.515
14 0.25416666 0.4125 0.24479167 0.40833333 0.240625 0.40666667 0.23697917 0.40916666 0.23541667 0.41333333 0.24322917 0.42416668 0.2453125 0.43083334 0.24270834 0.46416667 0.23958333 0.47833332 0.23229167 0.49166667 0.22916667 0.49416667 0.221875 0.50416666 0.23333333 0.51916665 0.24270834 0.5175 0.2453125 0.515 0.26145834 0.50916666 0.27239582 0.50666666 0.32552084 0.50416666 0.409375 0.50416666 0.44895834 0.49833333 0.45520833 0.4975 0.46875 0.49416667 0.46875 0.4875 0.45833334 0.48916668 0.45416668 0.48666668 0.453125 0.48333332 0.46197918 0.4475 0.46979168 0.415 0.471875 0.4025 0.46302083 0.39666668 0.440625 0.4125 0.378125 0.41333333 0.32760417 0.41666666 0.265625 0.41916665 0.26145834 0.41583332 0.2578125 0.41666666
14 0.2953125 0.5083333 0.2984375 0.5158333 0.30520833 0.5208333 0.30885416 0.5258333 0.309375 0.5675 0.31666666 0.65833336 0.3171875 0.6741667 0.3203125 0.68333334 0.36927083 0.66083336 0.37239584 0.66 0.359375 0.5275 0.36458334 0.50416666 0.31875 0.50416666 0.29427084 0.50666666
14 0.43125 0.6716667 0.41614583 0.6225 0.384375 0.5225 0.37760416 0.505 0.41145834 0.50416666 0.43697917 0.50083333 0.45729166 0.56166667 0.4421875 0.63666666 0.43489584 0.66083336
14 0.19583334 0.7125 0.2125 0.8275 0.2296875 0.82166666 0.23541667 0.80833334 0.24270834 0.79833335 0.32239583 0.77916664 0.40104166 0.75333333 0.40572917 0.7525 0.41302082 0.7658333 0.425 0.76416665 0.4171875 0.7216667 0.4078125 0.6383333 0.40625 0.63666666 0.390625 0.655 0.38854167 0.6591667 0.37239584 0.66 0.3203125 0.68416667 0.3171875 0.6816667 0.23020834 0.70666665 0.21041666 0.70166665
14 0.32760417 0.7775 0.33177084 0.82666665 0.32604167 0.83 0.33177084 0.8383333 0.33854166 0.8408333 0.36041668 0.835 0.3875 0.8358333 0.38854167 0.83166665 0.3859375 0.8258333 0.38802084 0.8175 0.38333333 0.81 0.3796875 0.76
14 0.41145834 0.76416665 0.4078125 0.7775 0.40208334 0.7875 0.39270833 0.79583335 0.38697916 0.8175 0.38645834 0.82666665 0.3890625 0.83166665 0.44739583 0.8616667 0.4546875 0.86583334 0.46458334 0.83666664 0.4609375 0.8025 0.46979168 0.77 0.49010417 0.6766667 0.509375 0.5933333 0.52447915 0.5308333 0.5364583 0.5183333 0.5390625 0.51 0.49270833 0.4825 0.46770832 0.46916667 0.465625 0.47916666 0.46875 0.4875 0.46927083 0.49416667 0.46197918 0.5366667 0.45729166 0.56416667 0.43854168 0.6475 0.42864582 0.68583333 0.41875 0.72833335 0.425 0.7633333 0.41354167 0.765
14 0.4921875 0.67333335 0.50677085 0.71 0.5046875 0.71 0.49166667 0.70916665 0.48802084 0.70416665 0.48541668 0.70166665 0.49010417 0.67583334
14 0.7260417 0.74333334 0.7135417 0.78583336 0.7078125 0.80833334 0.678125 0.81916666 0.6625 0.8183333 0.61302084 0.80916667 0.53333336 0.7966667 0.49427083 0.7941667 0.48697916 0.7875 0.4796875 0.7658333 0.47864583 0.7325 0.48489583 0.70166665 0.49166667 0.70916665 0.5072917 0.71 0.6770833 0.7341667 0.71197915 0.74333334 0.715625 0.7475 0.71875 0.7475 0.72447914 0.74583334
14 0.54895836 0.50416666 0.50989586 0.595 0.5104167 0.5991667 0.5234375 0.6125 0.5390625 0.61583334 0.5541667 0.6225 0.66041666 0.73 0.68177086 0.735 0.70989585 0.74333334 0.715625 0.7475 0.7291667 0.7125 0.73645836 0.71 0.7395833 0.7 0.7395833 0.69083333 0.73645836 0.68666667 0.71979165 0.68583333 0.6979167 0.665 0.6880208 0.6925 0.68333334 0.70416665 0.67864585 0.71666664 0.66875 0.725 0.66510415 0.7216667 0.66302085 0.68916667 0.62083334 0.66833335 0.61927086 0.66583335 0.63072914 0.6575 0.6453125 0.6091667 0.59270835 0.5566667 0.57604164 0.5475 0.5734375 0.5325 0.56458336 0.51916665 0.56145835 0.51166666 0.55364585 0.505
14 0.765625 0.42 0.7140625 0.3575 0.70625 0.355 0.70520836 0.3625 0.68541664 0.45333335 0.64479166 0.6091667 0.6302083 0.65833336 0.6203125 0.66583335 0.62135416 0.6691667 0.66302085 0.69 0.6645833 0.72083336 0.66875 0.7241667 0.678125 0.7183333 0.6979167 0.6641667 0.7515625 0.4375 0.75572914 0.42833334 0.7625 0.42333335
14 0.42552084 0.27416667 0.4640625 0.2225 0.47239584 0.23416667 0.4765625 0.2475 0.4765625 0.26333332 0.5005208 0.31416667 0.57916665 0.45916668 0.6 0.5 0.6109375 0.50083333 0.6166667 0.50916666 0.62083334 0.52666664 0.59739584 0.56083333 0.59166664 0.5566667 0.5755208 0.5466667 0.5734375 0.5316667 0.5651042 0.5208333 0.5619792 0.5125 0.5546875 0.5058333 0.5473958 0.5058333 0.53802085 0.52916664 0.534375 0.52166665 0.53697914 0.5183333 0.5390625 0.50916666 0.5203125 0.49833333 0.4640625 0.38833332 0.44010416 0.33916667 0.43333334 0.33666667 0.41302082 0.31583333 0.40833333 0.30166668 0.41302082 0.29916668 0.41927084 0.29 0.425 0.27833334
14 0.38020834 0.41166666 0.390625 0.39916667 0.40572917 0.38 0.41822916 0.4125 0.38333333 0.41333333
14 0.25520834 0.4125 0.32083333 0.305 0.3546875 0.24916667 0.3578125 0.24 0.365625 0.22 0.365625 0.21333334 0.3671875 0.20916666 0.3875 0.23 0.425 0.27833334 0.42083332 0.2875 0.4140625 0.29916668 0.39895833 0.30333334 0.34114584 0.39416668 0.32708332 0.41666666 0.26666668 0.41916665 0.2609375 0.41666666 0.2578125 0.41666666
