15 0.34375 0.6975 0.34635416 0.7083333 0.34427083 0.72333336 0.34322917 0.7316667 0.35104167 0.7375 0.35572916 0.7341667 0.35885417 0.725 0.36875 0.7125 0.38385418 0.6558333 0.35677084 0.61583334
15 0.32760417 0.495 0.32135418 0.4925 0.3078125 0.48916668 0.3015625 0.48416665 0.2953125 0.4975 0.30364582 0.50666666 0.303125 0.52416664 0.31979167 0.5575 0.44895834 0.7583333 0.459375 0.7683333 0.4703125 0.76666665 0.475 0.7775 0.4796875 0.7783333 0.4859375 0.7733333 0.48697916 0.765 0.48125 0.7633333 0.4796875 0.75166667 0.48020834 0.7416667 0.47604167 0.72583336 0.434375 0.6566667
15 0.38020834 0.52 0.40833333 0.5416667 0.39635417 0.59833336 0.36927083 0.55916667
15 0.35208333 0.4425 0.34739584 0.43916667 0.33489582 0.43666667 0.32604167 0.44166666 0.3234375 0.4375 0.31822917 0.44166666 0.31145832 0.43583333 0.31041667 0.44416666 0.315625 0.44916666 0.31666666 0.45916668 0.3203125 0.46333334 0.32239583 0.475 0.328125 0.48333332 0.44791666 0.5683333 0.52135414 0.6166667 0.528125 0.6175 0.5359375 0.6091667 0.54114586 0.6116667 0.54895836 0.6141667 0.5515625 0.60083336 0.5453125 0.59583336 0.5442708 0.59 0.53802085 0.58916664 0.5375 0.5775 0.53229165 0.5683333 0.3625 0.45
15 0.390625 0.46666667 0.40520832 0.4025 0.4109375 0.3825 0.41770834 0.37583333 0.41875 0.36916667 0.42239583 0.36666667 0.42135417 0.35833332 0.42864582 0.35333332 0.434375 0.35416666 0.43229166 0.37166667 0.43645832 0.3925 0.43697917 0.40833333 0.42083332 0.49 0.38958332 0.46916667
15 0.5203125 0.32666665 0.5171875 0.34166667 0.5078125 0.35166666 0.47135416 0.525 0.5026042 0.5475 0.53333336 0.37333333 0.5328125 0.35583332 0.5296875 0.3475 0.53020835 0.33 0.5234375 0.32416666
15 0.459375 0.57666665 0.44166666 0.6616667 0.44114584 0.66833335 0.45833334 0.6958333 0.46510416 0.69 0.4703125 0.6791667 0.49114582 0.5966667 0.4640625 0.57916665
15 0.53333336 0.6125 0.5364583 0.6675 0.54114586 0.67583334 0.54322916 0.6766667 0.54322916 0.68666667 0.54479164 0.69666666 0.546875 0.7008333 0.55625 0.7 0.55625 0.68833333 0.5598958 0.68083334 0.5630208 0.67 0.56666666 0.65833336 0.5671875 0.45333335 0.56927085 0.31666666 0.56614584 0.31 0.5625 0.305 0.5619792 0.29583332 0.5630208 0.2875 0.5541667 0.28666666 0.55104166 0.28833333 0.54895836 0.295 0.5473958 0.30416667 0.54375 0.30833334 0.5395833 0.315 0.5338542 0.47666666 0.53333336 0.5683333 0.53697914 0.57666665 0.5385417 0.58916664 0.54375 0.59 0.54583335 0.5966667 0.5515625 0.6016667 0.54895836 0.6141667 0.54114586 0.6125 0.5364583 0.6091667
15 0.61614585 0.51 0.60625 0.4125 0.60833335 0.39833334 0.61354166 0.38916665 0.6171875 0.38833332 0.61614585 0.37916666 0.6125 0.36916667 0.615625 0.36666667 0.62135416 0.365 0.6234375 0.37083334 0.62395835 0.3825 0.6276042 0.38583332 0.6333333 0.39 0.65052086 0.5183333
15 0.621875 0.5675 0.6411458 0.72583336 0.6484375 0.7366667 0.6536458 0.7375 0.65625 0.7475 0.65729165 0.75416666 0.659375 0.7575 0.6625 0.75666666 0.66875 0.7558333 0.66875 0.74333334 0.671875 0.7266667 0.6723958 0.7058333 0.6546875 0.57416666
15 0.6958333 0.585 0.76770836 0.7416667 0.77708334 0.75083333 0.7817708 0.755 0.78333336 0.7583333 0.78802085 0.765 0.7921875 0.7633333 0.80052084 0.7575 0.7973958 0.75083333 0.79322916 0.7416667 0.7942708 0.7275 0.79322916 0.7175 0.7375 0.5908333
15 0.7552083 0.5925 0.7963542 0.6666667 0.8046875 0.6775 0.81458336 0.6766667 0.81875 0.6775 0.825 0.6825 0.828125 0.69083333 0.83489585 0.68333334 0.8307292 0.67583334 0.8286458 0.66083336 0.8265625 0.6425 0.8052083 0.6016667
15 0.66614586 0.5208333 0.65 0.47833332 0.65 0.46083334 0.646875 0.455 0.64947915 0.4475 0.6458333 0.435 0.6484375 0.43 0.6536458 0.42916667 0.6609375 0.44416666 0.6723958 0.4475 0.71197915 0.53
15 0.68645835 0.4075 0.68125 0.40333334 0.6744792 0.39916667 0.67083335 0.40083334 0.6692708 0.40583333 0.66979164 0.41333333 0.67552084 0.41833332 0.67760414 0.43083334 0.67552084 0.43916667 0.7192708 0.5308333 0.7703125 0.54083335 0.7015625 0.41416666 0.6927083 0.40833333
15 0.77239585 0.5425 0.8098958 0.55083334 0.81458336 0.5516667 0.8203125 0.55916667 0.825 0.5683333 0.8276042 0.57166666 0.8307292 0.57166666 0.83385414 0.57166666 0.83697915 0.57666665 0.8364583 0.5833333 0.83229166 0.5925 0.82708335 0.59 0.825 0.58916664 0.82239586 0.5925 0.8197917 0.6 0.8119792 0.6016667 0.8046875 0.6025 0.7427083 0.5908333 0.69114584 0.58416665 0.65 0.5733333 0.61927086 0.5675 0.6046875 0.56083333 0.6 0.55583334 0.5963542 0.5475 0.59375 0.5416667 0.5921875 0.53833336 0.58489585 0.5425 0.584375 0.5341667 0.584375 0.5208333 0.590625 0.5183333 0.59739584 0.5258333 0.6 0.5258333 0.6 0.5208333 0.60572916 0.5125 0.615625 0.51 0.65 0.51916665 0.6869792 0.5258333 0.7104167 0.5308333 0.7203125 0.5316667
15 0.2375 0.565 0.240625 0.5875 0.23541667 0.605 0.240625 0.6116667 0.24895833 0.5991667 0.26458332 0.5933333 0.303125 0.525 0.30364582 0.50666666 0.29583332 0.49666667 0.30104166 0.48333332 0.30729166 0.49 0.31197917 0.49 0.32083333 0.4925 0.32760417 0.48416665 0.32291666 0.475 0.31979167 0.46333334 0.31614584 0.45916668 0.31614584 0.45083332 0.31041667 0.44333333 0.31145832 0.43583333 0.31875 0.4425 0.3234375 0.43666667 0.32552084 0.44083333 0.33541667 0.43583333 0.34739584 0.43916667 0.39739582 0.34333333 0.40104166 0.33166668 0.39791667 0.31583333 0.39947918 0.30916667 0.403125 0.3025 0.40260416 0.2975 0.39635417 0.29166666 0.3921875 0.30166668 0.38802084 0.305 0.37708333 0.30666667 0.32135418 0.39916667
