21 0.5640625 0.32083333 0.53802085 0.31916666 0.53125 0.31166667 0.51979166 0.26833335 0.503125 0.18666667 0.50572914 0.17 0.5104167 0.16 0.53125 0.14583333 0.6390625 0.08833333 0.6484375 0.086666666 0.6588542 0.0925 0.66302085 0.10166667 0.6703125 0.15583333 0.67604166 0.18333334 0.6744792 0.24 0.6703125 0.265 0.66614586 0.30833334 0.65625 0.35083333 0.6557292 0.37333333 0.6489583 0.38833332 0.66197914 0.41666666 0.6609375 0.44 0.653125 0.46166667 0.6411458 0.47666666 0.6359375 0.4925 0.63489586 0.51166666 0.621875 0.49666667 0.6145833 0.48416665 0.6098958 0.49 0.5630208 0.4475 0.5619792 0.425 0.56875 0.39583334 0.57604164 0.36416668 0.5786458 0.34666666 0.57135415 0.3275
21 0.70416665 0.13583334 0.68385416 0.205 0.67604166 0.23666666 0.67083335 0.26333332 0.6666667 0.31083333 0.6557292 0.35166666 0.65520835 0.375 0.6578125 0.39583334 0.66197914 0.41583332 0.6609375 0.43833333 0.65416664 0.4575 0.64739585 0.47 0.640625 0.4775 0.63645834 0.49 0.6354167 0.5108333 0.63854164 0.5308333 0.6458333 0.5375 0.6703125 0.5375 0.6953125 0.54 0.71979165 0.55 0.74322915 0.5625 0.753125 0.56666666 0.7630208 0.5625 0.76770836 0.5575 0.7734375 0.52416664 0.7734375 0.5 0.76927084 0.48583335 0.77135414 0.48166665 0.7630208 0.4575 0.75572914 0.43916667 0.7604167 0.43916667 0.7859375 0.405 0.81354165 0.36166668 0.8484375 0.2675 0.85260415 0.2475 0.84947914 0.23083334 0.84375 0.2225 0.790625 0.18083334 0.7552083 0.15 0.7296875 0.12833333 0.71770835 0.125 0.7078125 0.12666667
21 0.41145834 0.57666665 0.38020834 0.5325 0.37916666 0.5233333 0.38229167 0.5108333 0.3921875 0.4975 0.40416667 0.49 0.42864582 0.49 0.44583333 0.37 0.45208332 0.35916665 0.459375 0.3625 0.490625 0.38583332 0.5651042 0.45 0.61041665 0.49333334 0.63697916 0.5225 0.63854164 0.53 0.6432292 0.5366667 0.6510417 0.5391667 0.696875 0.5883333 0.7239583 0.6175 0.721875 0.64166665 0.63125 0.8383333 0.6244792 0.84166664 0.61302084 0.8441667 0.5640625 0.78 0.5140625 0.71666664 0.50208336 0.69083333 0.47916666 0.66083336
21 0.7796875 0.52 0.7875 0.52666664 0.7953125 0.54083335 0.80364585 0.56166667 0.8119792 0.56916666 0.840625 0.56916666 0.859375 0.57 0.865625 0.57916665 0.86614585 0.5925 0.86041665 0.6175 0.84010416 0.66333336 0.8041667 0.76166666 0.77760416 0.8308333 0.7604167 0.87333333 0.7552083 0.88916665 0.7473958 0.9425 0.7416667 0.96666664 0.7328125 1.0 0.70885414 1.0 0.70208335 0.92083335 0.6901042 0.8525 0.6828125 0.84 0.6796875 0.835 0.6328125 0.8491667 0.66822916 0.7966667 0.6770833 0.7841667 0.67760414 0.7625 0.6765625 0.75416666 0.68177086 0.75666666 0.69322914 0.7733333 0.7046875 0.79 0.7125 0.7991667 0.71770835 0.8025 0.7239583 0.8066667 0.728125 0.81 0.7395833 0.815 0.7421875 0.80916667 0.74114585 0.69666666 0.73541665 0.6358333 0.7359375 0.62333333 0.74010414 0.6075 0.7416667 0.59833336 0.74427086 0.5775 0.7473958 0.56416667 0.7515625 0.56666666 0.76145834 0.5625 0.76770836 0.55916667 0.7734375 0.52416664 0.7739583 0.5175
21 0.7291667 0.58416665 0.7348958 0.5908333 0.7395833 0.59583336 0.74114585 0.6016667 0.7359375 0.6225 0.73541665 0.63666666 0.740625 0.6958333 0.7421875 0.80916667 0.7395833 0.815 0.72760415 0.81 0.71510416 0.80083334 0.7109375 0.7975 0.70416665 0.7891667 0.6822917 0.75666666 0.6765625 0.75333333 0.67552084 0.7416667 0.70520836 0.6766667 0.721875 0.6425 0.7234375 0.6175 0.70729166 0.5991667 0.7135417 0.5933333 0.7203125 0.5883333 0.72447914 0.585
21 0.675 0.555 0.68333334 0.5575 0.69166666 0.56166667 0.69947916 0.5683333 0.70104164 0.5708333 0.7026042 0.5758333 0.703125 0.5825 0.6984375 0.58916664 0.66770834 0.5566667
21 0.71770835 0.55333334 0.7026042 0.5941667 0.70729166 0.6 0.7125 0.5941667 0.7203125 0.5883333 0.72447914 0.585 0.7291667 0.58416665 0.73541665 0.5908333 0.74010414 0.5966667 0.74114585 0.6016667 0.74322915 0.5858333 0.74322915 0.5783333 0.74791664 0.56416667 0.74114585 0.56166667 0.7192708 0.55
21 0.66770834 0.54 0.6671875 0.5541667 0.6666667 0.5566667 0.6515625 0.5391667 0.6510417 0.5366667 0.66822916 0.53833336
21 0.41145834 1.0 0.40416667 0.89666665 0.40572917 0.85 0.4109375 0.8408333 0.41979167 0.8383333 0.45260417 0.8408333 0.4625 0.845 0.47291666 0.86083335 0.48802084 0.8833333 0.5052083 0.885 0.525 0.88 0.52708334 0.87833333 0.54010415 0.92083335 0.5453125 0.93 0.55625 0.935 0.5708333 0.9216667 0.5890625 0.9025 0.6015625 0.8858333 0.6197917 0.86583334 0.63177085 0.85 0.6796875 0.835 0.690625 0.8516667 0.7015625 0.92 0.70885414 1.0
21 0.48958334 0.7675 0.48125 0.74 0.47708333 0.7241667 0.47916666 0.71166664 0.48333332 0.7033333 0.5005208 0.68916667 0.51197916 0.7133333 0.5671875 0.7841667 0.61302084 0.8433333 0.6255208 0.8425 0.6322917 0.835 0.67604166 0.7425 0.67760414 0.7633333 0.67760414 0.7825 0.62604165 0.8575 0.6 0.88666666 0.5729167 0.92083335 0.55677086 0.93416667 0.5442708 0.9291667 0.540625 0.9216667 0.52760416 0.87666667 0.5151042 0.8333333
21 0.43541667 0.805 0.41302082 0.76666665 0.409375 0.755 0.40625 0.74 0.40885416 0.73 0.44010416 0.69 0.47395834 0.65416664 0.5005208 0.68916667 0.48229167 0.7025 0.47864583 0.71166664 0.47708333 0.72583336 0.490625 0.7708333 0.515625 0.835 0.528125 0.87666667 0.50416666 0.88416666 0.48854166 0.8825 0.46302083 0.8441667 0.45677084 0.8425
21 0.28854167 1.0 0.2921875 0.9558333 0.28854167 0.8225 0.2828125 0.67083335 0.28020832 0.5858333 0.28072917 0.56083333 0.290625 0.54583335 0.3125 0.5366667 0.35 0.5366667 0.3734375 0.5391667 0.38385418 0.54083335 0.4171875 0.58416665 0.4390625 0.6125 0.43697917 0.625 0.43333334 0.6616667 0.42916667 0.6816667 0.42864582 0.69666666 0.428125 0.70416665 0.40729168 0.7316667 0.40572917 0.74 0.40833333 0.75166667 0.41197917 0.7633333 0.41666666 0.7733333 0.43072918 0.7975 0.4328125 0.8375 0.41302082 0.83916664 0.40572917 0.8466667 0.40364584 0.9025 0.41197917 1.0
21 0.27916667 0.56416667 0.271875 0.55 0.24739583 0.50916666 0.22760417 0.4675 0.2234375 0.4575 0.22447917 0.43916667 0.23072916 0.42666668 0.25625 0.39583334 0.29114583 0.36083335 0.29375 0.37083334 0.29739583 0.33916667 0.30677083 0.3275 0.31770834 0.31083333 0.32552084 0.29416665 0.33802083 0.28833333 0.3453125 0.27666667 0.35 0.25333333 0.353125 0.2525 0.37708333 0.1825 0.38489583 0.18 0.3875 0.18 0.39166668 0.19083333 0.38697916 0.20833333 0.38020834 0.22583333 0.38125 0.24416667 0.39322916 0.23416667 0.41041666 0.23333333 0.42708334 0.245 0.44479167 0.25666666 0.45729166 0.26916668 0.46666667 0.285 0.428125 0.39 0.4171875 0.43083334 0.41197917 0.45166665 0.40625 0.4625 0.39635417 0.46583334 0.39166668 0.47166666 0.38125 0.51166666 0.3734375 0.53833336 0.3453125 0.53583336 0.32395834 0.5366667 0.3109375 0.53833336 0.29166666 0.54583335 0.28541666 0.555
