18 0.2625 0.3875 0.21927084 0.44333333 0.2171875 0.45333335 0.21979167 0.4675 0.30052084 0.6166667 0.31041667 0.6191667 0.3140625 0.6175 0.3546875 0.5525 0.38229167 0.5233333 0.4 0.4975 0.45833334 0.42666668 0.46666667 0.41 0.46614584 0.39416668 0.46197918 0.38416666 0.42135417 0.44916666 0.39739582 0.48666668 0.36510417 0.5225 0.353125 0.5225 0.2734375 0.37916666 0.27135417 0.37666667
18 0.55833334 0.60833335 0.48020834 0.64 0.44166666 0.65833336 0.43333334 0.6725 0.4359375 0.68916667 0.47864583 0.9525 0.4859375 0.96416664 0.49322918 0.9633333 0.51927084 0.95666665 0.54322916 0.95166665 0.57239586 0.9375 0.5984375 0.9316667 0.6098958 0.92083335 0.61145836 0.90166664 0.5854167 0.68916667 0.5765625 0.6225 0.56666666 0.61
18 0.58489585 0.63166666 0.57916665 0.62083334 0.57135415 0.61583334 0.5765625 0.6225 0.5833333 0.6766667 0.5864583 0.65166664 0.5864583 0.6383333
18 0.4484375 0.6383333 0.4515625 0.6116667 0.45677084 0.5975 0.4671875 0.59 0.553125 0.61 0.44791666 0.655
18 0.43020833 0.9191667 0.42135417 0.9033333 0.41979167 0.88916665 0.4359375 0.77166665 0.44322917 0.7341667 0.47604167 0.93333334 0.46927083 0.9325 0.446875 0.92583334 0.4375 0.92333335
18 0.846875 0.6925 0.8177083 0.64916664 0.77708334 0.5825 0.77552086 0.56416667 0.7807292 0.54583335 0.86822915 0.39333335 0.89739585 0.3425 0.909375 0.32833335 0.9203125 0.3275 0.92604166 0.33083335 1.0 0.45416668 1.0 0.48583335 0.9791667 0.50916666 0.9713542 0.52416664 0.95885414 0.5425 0.9427083 0.56083333 0.9223958 0.60333335 0.90260416 0.6325 0.86875 0.69083333 0.8578125 0.6958333
18 0.77447915 0.31833333 0.6645833 0.3525 0.65520835 0.36333334 0.6510417 0.38166666 0.67395836 0.54833335 0.6791667 0.60583335 0.68645835 0.6675 0.69322914 0.6791667 0.703125 0.68416667 0.8109375 0.63916665 0.77760416 0.5833333 0.77552086 0.565 0.7807292 0.5441667 0.7994792 0.5133333 0.7973958 0.49833333 0.80104166 0.4775 0.79583335 0.39333335 0.7916667 0.335 0.784375 0.32416666
18 0.8880208 0.245 0.7838542 0.20916666 0.7765625 0.2125 0.7640625 0.22416666 0.75364584 0.32416666 0.775 0.3175 0.7838542 0.32416666 0.7916667 0.335 0.80104166 0.4775 0.7973958 0.49916667 0.7994792 0.5125 0.8822917 0.37083334 0.89635414 0.27416667 0.89479166 0.25166667
18 0.65260416 0.0975 0.6421875 0.104166664 0.63854164 0.1125 0.5989583 0.28666666 0.5854167 0.34666666 0.56822914 0.4025 0.57239586 0.42083332 0.57447916 0.425 0.6640625 0.48166665 0.6515625 0.3825 0.65520835 0.36416668 0.66510415 0.35166666 0.73229164 0.33083335 0.76666665 0.18916667 0.7651042 0.175 0.7609375 0.165 0.66770834 0.10666667 0.6567708 0.10166667
18 0.43177083 0.14916667 0.36614582 0.22916667 0.3015625 0.31333333 0.27447918 0.34583333 0.27083334 0.36916667 0.2734375 0.38 0.35208333 0.52166665 0.36510417 0.5233333 0.39791667 0.485 0.44791666 0.40583333 0.4609375 0.38583332 0.47916666 0.37083334 0.515625 0.33166668 0.5208333 0.31583333 0.51875 0.30083334 0.44739583 0.15
