1 0.22291666 0.1525 0.23177083 0.1475 0.24166666 0.15333334 0.25885418 0.15833333 0.27135417 0.1625 0.2671875 0.2075 0.25208333 0.31 0.24895833 0.3125 0.228125 0.31416667 0.24166666 0.24166666 0.2390625 0.23166667 0.23645833 0.22833334 0.23072916 0.19583334 0.221875 0.15583333
5 0.17604166 0.29666665 0.18541667 0.29583332 0.22916667 0.30666667 0.228125 0.31416667 0.24895833 0.31333333 0.25208333 0.31 0.2484375 0.32833335 0.23697917 0.42583334 0.25364584 0.43166667 0.27291667 0.42833334 0.30729166 0.43166667 0.32552084 0.43666667 0.32291666 0.43833333 0.3125 0.45583335 0.29166666 0.49166667 0.2828125 0.50666666 0.27291667 0.52666664 0.25572917 0.565 0.25260416 0.5733333 0.24895833 0.58416665 0.2265625 0.58 0.2015625 0.5783333 0.16145833 0.57416666 0.15416667 0.5708333 0.153125 0.56416667 0.1546875 0.5425 0.16197917 0.48916668 0.16875 0.4525 0.17135416 0.43666667 0.1671875 0.41333333 0.16666667 0.39333335 0.16822916 0.35416666 0.17291667 0.3
5 0.359375 0.44083333 0.37864584 0.46916667 0.40104166 0.4975 0.41979167 0.52 0.45885417 0.5675 0.46770832 0.5758333 0.47395834 0.5858333 0.47552082 0.59583336 0.46145833 0.625 0.43489584 0.6716667 0.4171875 0.695 0.40260416 0.715 0.3953125 0.72333336 0.39322916 0.74 0.38958332 0.7583333 0.378125 0.78583336 0.35833332 0.8275 0.35364583 0.83666664 0.3421875 0.8125 0.32447916 0.77416664 0.31822917 0.75333333 0.29947916 0.72 0.2765625 0.68 0.25989583 0.65166664 0.253125 0.62916666 0.24947916 0.63 0.24375 0.62583333 0.23854166 0.6191667 0.24375 0.60583335 0.24947916 0.58166665 0.25364584 0.57 0.27135417 0.52916664 0.28229168 0.5083333 0.32291666 0.43916667 0.325 0.43666667 0.31770834 0.425 0.315625 0.41916665 0.34427083 0.4225
1 0.39583334 0.4875 0.40208334 0.4725 0.40416667 0.4675 0.40833333 0.46416667 0.41354167 0.4725 0.43177083 0.48666668 0.4515625 0.5058333 0.484375 0.5366667 0.50364584 0.555 0.50416666 0.55833334 0.50104165 0.56333333 0.4953125 0.5675 0.49166667 0.5758333 0.48229167 0.58916664 0.475 0.59583336 0.47447917 0.5858333 0.46770832 0.5758333 0.45833334 0.5675 0.43333334 0.5375 0.39479166 0.49
1 0.4765625 0.47333333 0.47760418 0.495 0.478125 0.5 0.48854166 0.54 0.47864583 0.5316667 0.4515625 0.50666666 0.43177083 0.4875 0.42135417 0.47833332 0.41666666 0.47416666 0.43125 0.48416665 0.45729166 0.49083334 0.4609375 0.49 0.4625 0.475
1 0.4953125 0.5683333 0.5005208 0.585 0.51145834 0.6191667 0.515625 0.62833333 0.51458335 0.6325 0.5083333 0.6408333 0.50625 0.635 0.49427083 0.6333333 0.48489583 0.63166666 0.48229167 0.63416666 0.45833334 0.65166664 0.44895834 0.6575 0.453125 0.645 0.46302083 0.6225 0.47552082 0.595 0.48229167 0.58916664 0.49166667 0.5758333 0.49479166 0.5683333
1 0.29739583 0.745 0.30104166 0.745 0.3078125 0.74916667 0.31302083 0.745 0.31822917 0.75416666 0.325 0.7758333 0.32864583 0.78333336 0.328125 0.785 0.31510416 0.7775 0.30364582 0.76416665 0.3 0.7608333 0.296875 0.75916666 0.29635417 0.7558333 0.29635417 0.7475
1 0.44895834 0.65833336 0.42864582 0.7033333 0.40572917 0.7583333 0.4015625 0.77916664 0.39479166 0.78333336 0.39635417 0.7925 0.39583334 0.81916666 0.39375 0.8325 0.39166668 0.83916664 0.37552083 0.82416666 0.365625 0.81416667 0.378125 0.78583336 0.39010417 0.7575 0.39375 0.7375 0.3953125 0.72333336 0.40260416 0.71416664 0.43489584 0.6716667 0.46197918 0.62333333 0.45260417 0.6458333 0.44895834 0.65833336
1 0.4796875 0.31083333 0.51458335 0.26666668 0.5395833 0.23583333 0.5619792 0.205 0.56614584 0.205 0.5677083 0.2075 0.565625 0.2125 0.5640625 0.22083333 0.565625 0.23166667 0.5677083 0.24166666 0.5734375 0.2575 0.5854167 0.28083333 0.6015625 0.31 0.62083334 0.34166667 0.6244792 0.34666666 0.6203125 0.3525 0.61302084 0.3575 0.6010417 0.36333334 0.5807292 0.36083335 0.578125 0.36583334 0.5697917 0.3775 0.5546875 0.39166668 0.50677085 0.43583333 0.4765625 0.47416666 0.4625 0.475 0.478125 0.315
5 0.27395833 0.13166666 0.290625 0.14333333 0.340625 0.16583334 0.35989583 0.17083333 0.41770834 0.17833333 0.42291668 0.17333333 0.4265625 0.17166667 0.43854168 0.175 0.43958333 0.18083334 0.453125 0.1825 0.46770832 0.18666667 0.47760418 0.18666667 0.490625 0.19083333 0.490625 0.20083334 0.48697916 0.24083333 0.478125 0.31916666 0.46822917 0.40916666 0.4609375 0.48916668 0.45677084 0.49083334 0.43177083 0.48416665 0.4140625 0.4725 0.40833333 0.46333334 0.4046875 0.4675 0.4 0.46666667 0.3890625 0.46333334 0.37552083 0.4425 0.35833332 0.43916667 0.34427083 0.4225 0.315625 0.41916665 0.31770834 0.42583334 0.325 0.43666667 0.30729166 0.4325 0.27239582 0.42833334 0.253125 0.43166667 0.23697917 0.425 0.2421875 0.38416666 0.24895833 0.3275 0.25416666 0.295 0.25885418 0.2625 0.26666668 0.20833333 0.26822916 0.19 0.271875 0.15166667 0.27239582 0.13416667
