2 0.28958333 0.325 0.284375 0.37666667 0.28177083 0.38666666 0.27447918 0.39833334 0.265625 0.40583333
4 0.32239583 0.215 0.3125 0.2125 0.30833334 0.21333334 0.30364582 0.21833333 0.30104166 0.22416666 0.28958333 0.325 0.2859375 0.36333334 0.284375 0.37666667 0.28177083 0.38666666 0.27447918 0.39833334 0.265625 0.40583333 0.26354167 0.4075 0.25364584 0.4175 0.24583334 0.43166667 0.23854166 0.45 0.234375 0.46666667 0.23229167 0.485 0.23229167 0.5083333 0.2359375 0.52916664 0.2421875 0.5491667 0.25104168 0.565 0.25833333 0.57666665 0.26822916 0.5858333 0.28489584 0.5941667 0.30104166 0.595 0.30989584 0.5925 0.3234375 0.5858333 0.3375 0.57166666 0.3484375 0.55333334 0.35520834 0.53583336 0.35885417 0.51416665 0.36041668 0.50416666 0.35989583 0.47916666 0.35572916 0.455 0.3515625 0.4425 0.34583333 0.42833334 0.34010416 0.41916665 0.33802083 0.415 0.33645833 0.41166666 0.33541667 0.40833333 0.334375 0.40333334 0.334375 0.3975 0.334375 0.38416666 0.34322917 0.30583334 0.35104167 0.24083333 0.35052082 0.2325 0.34635416 0.22416666 0.34427083 0.2225
2 0.32447916 0.21 0.33645833 0.22 0.32239583 0.215
2 0.42239583 0.29083332 0.36979166 0.2475 0.35833332 0.23666666 0.35520834 0.24083333 0.3546875 0.24 0.35416666 0.23416667 0.35 0.23083334 0.35104167 0.23916666 0.35052082 0.24416667 0.34375 0.30333334 0.334375 0.38333333 0.334375 0.39833334 0.33489582 0.405 0.33645833 0.41166666 0.33958334 0.41916665 0.34583333 0.42833334 0.34791666 0.43416667 0.35364583 0.44833332 0.35625 0.45833334 0.35989583 0.47833332 0.35989583 0.505 0.35572916 0.53333336 0.35 0.54833335 0.4125 0.6025 0.4296875 0.5875 0.44739583 0.5675 0.41666666 0.5466667 0.39166668 0.5275 0.41302082 0.4525 0.4328125 0.38416666 0.44166666 0.35916665 0.4453125 0.33916667 0.45 0.31333333
2 0.47395834 0.5875 0.46770832 0.60583335 0.465625 0.6016667 0.46510416 0.58166665
5 0.30416667 0.70166665 0.39010417 0.6225 0.41197917 0.6025 0.42916667 0.5875 0.44739583 0.5675 0.46510416 0.58166665 0.465625 0.60083336 0.46822917 0.6075 0.47760418 0.6325 0.509375 0.7241667 0.51927084 0.7525 0.528125 0.77666664 0.53020835 0.7875 0.54322916 0.805 0.56458336 0.8425 0.56875 0.8625 0.51927084 0.89166665 0.51458335 0.8983333 0.47447917 0.9433333 0.42135417 1.0 0.4109375 1.0 0.39791667 0.93916667 0.3984375 0.9275 0.38697916 0.90833336 0.3671875 0.86 0.35520834 0.83 0.33333334 0.78333336 0.30677083 0.7191667 0.303125 0.705
16 0.4921875 0.29833335 0.47864583 0.30416667 0.45364583 0.30833334 0.44947916 0.31333333 0.44166666 0.36 0.43229166 0.38583332 0.41354167 0.45 0.39166668 0.5275 0.415625 0.54583335 0.44427082 0.565 0.45 0.56916666 0.46614584 0.5825 0.478125 0.5908333 0.52447915 0.62833333 0.5395833 0.64166665 0.5854167 0.6791667 0.6197917 0.7083333 0.62708336 0.7125 0.65729165 0.61083335 0.6791667 0.5175 0.696875 0.43666667 0.65208334 0.40583333 0.57447916 0.3525 0.5265625 0.325 0.515625 0.31833333 0.5046875 0.30583334 0.49583334 0.29916668
14 0.58177084 0.68583333 0.56041664 0.68666667 0.55260414 0.7058333 0.53697914 0.70416665 0.534375 0.70416665 0.5328125 0.70166665 0.534375 0.66 0.5317708 0.635 0.571875 0.66833335 0.59166664 0.685
4 0.69895834 0.5883333 0.6890625 0.49083334 0.6880208 0.47833332 0.678125 0.52166665 0.6614583 0.5941667
14 0.7015625 0.5875 0.7182292 0.585 0.7203125 0.5875 0.7296875 0.5833333 0.7390625 0.5808333 0.7453125 0.57416666 0.7494792 0.5733333 0.753125 0.56666666 0.75625 0.56333333 0.75989586 0.56333333 0.76197916 0.5733333 0.7625 0.5825 0.76354164 0.5875 0.76770836 0.6308333 0.7703125 0.66083336 0.76979166 0.6725 0.7661458 0.67833334 0.7625 0.6791667 0.7583333 0.67583334 0.7473958 0.6666667 0.73333335 0.6666667 0.6828125 0.67333335 0.63958335 0.67833334 0.63958335 0.67 0.6546875 0.62 0.65729165 0.61083335 0.6614583 0.5941667
11 0.7708333 0.37083334 0.7473958 0.36166668 0.73645836 0.43 0.73854166 0.43583333 0.734375 0.4375 0.72760415 0.5 0.7213542 0.56333333 0.71875 0.5858333 0.71979165 0.58666664 0.7390625 0.58 0.7453125 0.57416666 0.74895835 0.5733333 0.7526042 0.56666666 0.75572914 0.56333333 0.75989586 0.5625 0.7625 0.5733333 0.7625 0.5825 0.76354164 0.58916664 0.76770836 0.6308333 0.7703125 0.66083336 0.76979166 0.6725 0.78333336 0.68083334 0.7942708 0.69 0.80885416 0.7133333 0.81458336 0.72 0.821875 0.7266667 0.8510417 0.75333333 0.8546875 0.75666666 0.85572916 0.7558333 0.85520834 0.75416666 0.8541667 0.75166667 0.853125 0.75 0.8510417 0.7375 0.8510417 0.72083336 0.8609375 0.6666667 0.87395835 0.60083336 0.88489586 0.5466667 0.89427084 0.505 0.8911458 0.50083333 0.8911458 0.49916667 0.89166665 0.49833333 0.89270836 0.49833333 0.8953125 0.49916667 0.90416664 0.46 0.9109375 0.43083334 0.91041666 0.42916667 0.884375 0.41916665 0.86041665 0.40833333 0.834375 0.3975 0.79791665 0.3825
10 0.5609375 0.10916667 0.55625 0.11083333 0.54895836 0.10583334 0.5442708 0.105 0.5328125 0.111666664 0.5151042 0.12166667 0.503125 0.125 0.49739584 0.12666667 0.47708333 0.1375 0.471875 0.15166667 0.47083333 0.165 0.47239584 0.17333333 0.4890625 0.20833333 0.49947917 0.23416667 0.5109375 0.25333333 0.5239583 0.26583335 0.5260417 0.27333334 0.52552086 0.27666667 0.509375 0.295 0.50677085 0.29916668 0.50625 0.30666667 0.515625 0.31833333 0.54375 0.335 0.55364585 0.32916668 0.5697917 0.3225 0.5854167 0.31833333 0.59166664 0.31583333 0.59583336 0.3125 0.596875 0.30916667 0.5984375 0.3075 0.60572916 0.30583334 0.6234375 0.3025 0.6734375 0.29583332 0.675 0.29083332 0.67864585 0.29416665 0.69895834 0.29166666 0.7109375 0.28583333 0.71302086 0.28 0.7135417 0.27166668 0.71510416 0.2275 0.7140625 0.19583334 0.7114583 0.16416667 0.7104167 0.1525 0.70885414 0.12916666 0.6979167 0.05666667 0.69635415 0.053333335 0.690625 0.0475 0.68125 0.041666668 0.675 0.043333333 0.6458333 0.055833332 0.64635414 0.06 0.6453125 0.0625 0.6411458 0.059166666 0.60729164 0.075 0.57604164 0.094166666 0.56666666 0.10166667
4 0.5885417 0.35 0.5921875 0.32833335 0.60052085 0.30666667 0.6380208 0.30083334 0.6734375 0.29583332 0.675 0.29083332 0.67864585 0.295 0.6947917 0.2925 0.7046875 0.31 0.7109375 0.33 0.7140625 0.35 0.71510416 0.36083335 0.7140625 0.38333333 0.70989585 0.40583333 0.7015625 0.43083334 0.696875 0.4375 0.64166665 0.39833334 0.5885417 0.36166668
1 0.6953125 0.83416665 0.65989584 0.8466667 0.6453125 0.845 0.6244792 0.84166664 0.61927086 0.845 0.6333333 0.92333335 0.63697916 0.9533333 0.6411458 0.97083336 0.6411458 1.0 0.6645833 1.0 0.6984375 0.9891667 0.76875 0.9691667 0.81041664 0.9558333 0.8333333 0.9558333 0.834375 0.96166664 0.8375 0.96166664 0.8411458 0.95416665 0.83020836 0.92083335 0.8234375 0.8983333 0.821875 0.8725 0.8208333 0.865 0.81822914 0.8541667 0.81666666 0.83166665 0.81666666 0.8225 0.8208333 0.8233333 0.8255208 0.84 0.82708335 0.8325 0.81458336 0.8016667 0.8015625 0.8041667 0.7630208 0.81416667
11 0.71197915 0.7075 0.70885414 0.69166666 0.70885414 0.67 0.7317708 0.6666667 0.74791664 0.665 0.7609375 0.6775 0.73802084 0.695 0.72447914 0.7025
1 0.16302083 0.3325 0.165625 0.3125 0.18958333 0.32 0.2078125 0.32333332 0.22760417 0.32166666 0.26822916 0.3225 0.26979166 0.32416666 0.27135417 0.335 0.271875 0.345 0.26458332 0.365 0.26302084 0.4075 0.25364584 0.4175 0.24583334 0.4325 0.2390625 0.45 0.23489584 0.46583334 0.23229167 0.48416665 0.23229167 0.5083333 0.23541667 0.52916664 0.2421875 0.5491667 0.25104168 0.565 0.25833333 0.5758333 0.26614583 0.5833333 0.265625 0.6025 0.27083334 0.6425 0.27291667 0.66833335 0.27239582 0.6741667 0.26875 0.69 0.25572917 0.68333334 0.21927084 0.655 0.20833333 0.63916665 0.17447917 0.65833336 0.17239584 0.6625 0.17135416 0.65833336 0.17552084 0.61083335 0.17708333 0.54583335 0.1765625 0.4425 0.178125 0.43416667 0.1734375 0.41583332 0.16875 0.37583333 0.16458334 0.33916667
