20 0.07447917 0.49666667 0.119791664 0.52166665 0.14791666 0.5366667 0.18802084 0.56666666 0.24895833 0.615 0.27760416 0.63 0.31614584 0.66 0.3203125 0.68083334 0.30729166 0.7391667 0.2703125 0.86833334 0.2578125 0.8875 0.23697917 0.89166665 0.19166666 0.8666667 0.17447917 0.8325 0.1609375 0.8 0.14375 0.77416664 0.109375 0.7658333 0.052083332 0.7475 0.021354167 0.7316667 0.003125 0.715 0.00052083336 0.4225 0.023958333 0.42666668 0.044270832 0.45666668 0.057291668 0.4775 0.069270834 0.4875
20 0.27760416 0.31 0.23958333 0.37333333 0.22864583 0.41166666 0.2171875 0.41583332 0.19947916 0.41583332 0.16354166 0.44083333 0.13697916 0.46833333 0.08385417 0.5 0.14791666 0.5366667 0.24114583 0.6075 0.26197916 0.5858333 0.31770834 0.5683333 0.3390625 0.54333335 0.35989583 0.5425 0.37083334 0.5308333 0.384375 0.50916666 0.38697916 0.48 0.36145833 0.41166666 0.33645833 0.35833332 0.30729166 0.32416666 0.2859375 0.3075
20 0.3484375 0.6641667 0.3359375 0.68083334 0.32291666 0.68 0.31666666 0.66 0.26875 0.62583333 0.24739583 0.6025 0.25989583 0.5875 0.31666666 0.5683333 0.33645833 0.545 0.35885417 0.5425 0.340625 0.5575 0.32604167 0.56916666 0.33333334 0.5941667 0.34166667 0.62583333 0.34947917 0.6558333
20 0.4609375 0.48583335 0.41979167 0.50333333 0.384375 0.51166666 0.36822918 0.535 0.32604167 0.56916666 0.35 0.66 0.3734375 0.68083334 0.39583334 0.6958333 0.40520832 0.7 0.384375 0.7975 0.36927083 0.87416667 0.35989583 0.93666667 0.34947917 0.9825 0.34583333 0.99833333 0.39479166 1.0 0.4296875 0.99833333 0.47447917 0.9766667 0.50885415 0.9508333 0.5130208 0.92083335 0.51458335 0.8625 0.51197916 0.7975 0.4546875 0.7341667 0.4359375 0.70666665 0.43229166 0.68916667 0.4515625 0.64666665 0.47291666 0.61083335 0.48645833 0.5875 0.478125 0.5175 0.46770832 0.4875
20 0.40052083 0.1025 0.384375 0.08 0.365625 0.055 0.35208333 0.045833334 0.3375 0.02 0.32291666 0.0075 0.30833334 0.0075 0.2921875 0.035833333 0.26041666 0.12833333 0.25 0.17916666 0.24114583 0.20166667 0.2421875 0.22916667 0.265625 0.24833333 0.30572918 0.27916667 0.33489582 0.29666665 0.34739584 0.25583333 0.371875 0.22 0.38645834 0.17583333 0.40052083 0.14 0.40729168 0.11666667
20 0.4515625 0.0675 0.48020834 0.09916667 0.515625 0.13916667 0.54583335 0.1775 0.5609375 0.19416666 0.5625 0.21583334 0.55 0.23916666 0.5234375 0.29416665 0.5078125 0.32583332 0.4890625 0.345 0.47291666 0.36416668 0.44270834 0.42583334 0.4203125 0.47083333 0.41302082 0.50333333 0.384375 0.5108333 0.38697916 0.47916666 0.36145833 0.41083333 0.3390625 0.36083335 0.31354168 0.32916668 0.3234375 0.31166667 0.33645833 0.295 0.3484375 0.25416666 0.371875 0.22 0.390625 0.1675 0.40677083 0.12 0.42395833 0.07416666 0.43072918 0.05666667 0.4453125 0.060833335
20 0.46510416 0.38583332 0.49583334 0.4025 0.5260417 0.41583332 0.55572915 0.435 0.5703125 0.44916666 0.5864583 0.4325 0.59166664 0.41083333 0.6098958 0.35583332 0.5963542 0.32 0.578125 0.2625 0.56614584 0.23916666 0.57135415 0.21416667 0.5796875 0.19916667 0.5609375 0.19083333 0.5625 0.21416667 0.50885415 0.32583332 0.47864583 0.35666665 0.4703125 0.36666667 0.46666667 0.38
20 0.55 0.47916666 0.51197916 0.465 0.48541668 0.4475 0.4453125 0.42166665 0.42083332 0.46833333 0.41354167 0.5 0.41197917 0.50666666 0.459375 0.485 0.46770832 0.48666668 0.47864583 0.52166665 0.48645833 0.5875 0.49739584 0.5733333 0.51979166 0.5325 0.5421875 0.5025 0.553125 0.48583335
20 0.6692708 0.30916667 0.6328125 0.34916666 0.615625 0.38166666 0.5875 0.43083334 0.56875 0.45583335 0.55052084 0.48833334 0.52135414 0.5325 0.49010417 0.585 0.4546875 0.6408333 0.43333334 0.6875 0.4359375 0.7083333 0.45625 0.735 0.5130208 0.7975 0.54895836 0.8283333 0.5729167 0.82166666 0.5651042 0.80916667 0.5541667 0.80916667 0.5807292 0.77916664 0.596875 0.745 0.6203125 0.705 0.6536458 0.6616667 0.6791667 0.62583333 0.71197915 0.585 0.73229164 0.56 0.753125 0.5283333 0.7604167 0.49833333 0.74375 0.4475 0.721875 0.38666666 0.69635415 0.34166667 0.67760414 0.31833333
20 0.72291666 0.5808333 0.7390625 0.5966667 0.753125 0.6191667 0.75885415 0.645 0.75364584 0.6766667 0.74010414 0.715 0.7239583 0.74333334 0.71979165 0.7891667 0.7161458 0.81666666 0.703125 0.83666664 0.68854165 0.8275 0.68072915 0.805 0.6723958 0.7891667 0.6484375 0.77666664 0.6177083 0.76416665 0.5963542 0.74666667 0.621875 0.705 0.7057292 0.5925 0.71979165 0.5775
20 0.58229166 0.19666667 0.6140625 0.13666667 0.63489586 0.105 0.65208334 0.08 0.6671875 0.09 0.68333334 0.13083333 0.709375 0.1925 0.7317708 0.24333334 0.74375 0.29 0.7494792 0.31583333 0.771875 0.33333334 0.8052083 0.39 0.84270835 0.46 0.85572916 0.49 0.88125 0.50083333 0.8901042 0.52 0.88125 0.5516667 0.8625 0.585 0.83802086 0.61333334 0.82604164 0.6275 0.80885416 0.65833336 0.7984375 0.66833335 0.77760416 0.63666666 0.7625 0.59833336 0.73072916 0.56416667 0.75364584 0.52666664 0.76145834 0.49833333 0.7213542 0.38416666 0.69739586 0.345 0.66875 0.30916667 0.63385415 0.34583333 0.6177083 0.37083334 0.6098958 0.3525 0.5833333 0.28166667 0.578125 0.26083332 0.5651042 0.24083333 0.57239586 0.21166667 0.5807292 0.19666667
20 0.69375 0.020833334 0.771875 0.08583333 0.815625 0.135 0.8463542 0.17166667 0.8755208 0.17916666 0.903125 0.17333333 0.94166666 0.175 0.99010414 0.19833334 0.9973958 0.20166667 0.99635416 0.3025 0.9927083 0.37583333 0.9791667 0.41083333 0.96197915 0.41083333 0.81354165 0.34583333 0.76927084 0.30083334 0.7317708 0.24083333 0.6671875 0.08833333 0.6828125 0.024166666
20 0.17291667 0.08 0.125 0.11833333 0.09322917 0.16666667 0.049479168 0.22166666 0.023958333 0.24583334 0.00052083336 0.27166668 0.0 0.42583334 0.022916667 0.42583334 0.033854168 0.43916667 0.055208333 0.475 0.06822917 0.48416665 0.07447917 0.4625 0.077083334 0.44583333 0.09375 0.43666667 0.12552084 0.4325 0.15989584 0.405 0.20260416 0.35166666 0.24739583 0.28416666 0.26458332 0.24833333 0.2421875 0.22666667 0.240625 0.20166667 0.2234375 0.15166667 0.18125 0.0825
