9 0.6557292 0.735 0.665625 0.75 0.6546875 0.7675 0.65520835 0.7366667 0.65520835 0.7341667
9 0.4734375 0.70666665 0.49166667 0.6775 0.50104165 0.64666665 0.5208333 0.605 0.53020835 0.5808333 0.55677086 0.6116667 0.58020836 0.6425 0.59010416 0.6558333 0.62708336 0.6983333 0.65 0.72833335 0.61875 0.72583336 0.56614584 0.7225 0.5453125 0.7266667 0.525 0.7158333 0.4921875 0.7108333
9 0.41041666 0.8233333 0.38385418 0.87166667 0.38333333 0.87333333 0.4078125 0.905 0.40885416 0.86583334 0.4109375 0.8275
9 0.465625 0.9683333 0.49010417 1.0 0.5385417 1.0 0.546875 0.98583335 0.54010415 0.9791667 0.53125 0.96416664 0.5239583 0.9633333 0.5072917 0.965 0.4921875 0.97083336
9 0.35 0.59833336 0.29479167 0.5808333 0.22135417 0.5525 0.16822916 0.53833336 0.12708333 0.53 0.118229166 0.5225 0.12135417 0.49 0.12708333 0.465 0.13229166 0.39666668 0.13385417 0.36333334 0.1375 0.33333334 0.15729167 0.235 0.2453125 0.28166667 0.29479167 0.3025 0.34322917 0.32416666 0.36979166 0.33416668 0.39375 0.34416667 0.384375 0.40333334 0.3703125 0.46416667 0.36041668 0.47833332 0.36041668 0.5108333 0.35989583 0.55083334 0.35520834 0.59166664 0.35416666 0.5966667
9 0.5625 0.4075 0.6088542 0.42416668 0.63125 0.4275 0.6578125 0.44 0.7083333 0.46583334 0.74375 0.48916668 0.7921875 0.505 0.7963542 0.46666667 0.81041664 0.38833332 0.8203125 0.3275 0.828125 0.27333334 0.8328125 0.23416667 0.82135415 0.225 0.778125 0.21083333 0.73541665 0.2 0.6822917 0.1825 0.6645833 0.175 0.61822915 0.15583333 0.60364586 0.14416666 0.5963542 0.17833333 0.59375 0.20583333 0.59479165 0.23666666 0.58802086 0.26333332 0.575 0.32333332 0.5630208 0.38083333
9 0.7265625 0.48416665 0.70677084 0.47333333 0.675 0.46666667 0.6578125 0.46083334 0.634375 0.45666668 0.61041665 0.455 0.58489585 0.44833332 0.5395833 0.4475 0.5453125 0.37083334 0.55104166 0.34083334 0.55572915 0.2725 0.5651042 0.16416667 0.5963542 0.17 0.59739584 0.17083333 0.59583336 0.18 0.5932292 0.20416667 0.59375 0.23666666 0.5630208 0.3775 0.5625 0.3825 0.5625 0.40916666 0.6067708 0.42416668 0.63177085 0.42833334 0.6796875 0.45166665 0.7104167 0.46833333 0.7395833 0.4875
9 0.709375 0.47583333 0.7046875 0.51166666 0.70208335 0.5208333 0.6546875 0.4975 0.63697916 0.48916668 0.6109375 0.48333332 0.58802086 0.46916667 0.5776042 0.46666667 0.54583335 0.44833332 0.5494792 0.44833332 0.57239586 0.44833332 0.5854167 0.44916666 0.603125 0.45333335 0.61145836 0.45583335 0.6375 0.4575 0.6567708 0.46083334 0.67604166 0.46833333 0.70625 0.47416666
9 0.5921875 0.16833334 0.60052085 0.1275 0.603125 0.1125 0.6041667 0.100833334 0.6119792 0.0775 0.65520835 0.1 0.6770833 0.1125 0.68541664 0.1225 0.7239583 0.1425 0.76666665 0.15916666 0.76354164 0.1775 0.7604167 0.19 0.75677085 0.20416667 0.7338542 0.19833334 0.6927083 0.185 0.66041666 0.17333333 0.62604165 0.1575 0.61822915 0.155 0.60364586 0.14333333 0.60260415 0.14416666 0.6 0.15833333 0.59739584 0.17
9 0.65520835 0.7291667 0.5984375 0.72583336 0.56458336 0.7241667 0.54583335 0.7266667 0.52552086 0.7175 0.465625 0.70666665 0.42447916 0.69 0.42239583 0.69083333 0.41354167 0.75916666 0.4078125 0.92083335 0.40833333 0.9691667 0.43125 0.9683333 0.4734375 0.9691667 0.49166667 0.97 0.5083333 0.96416664 0.5239583 0.9625 0.53125 0.9633333 0.5416667 0.98 0.54791665 0.98583335 0.56822914 0.99 0.5864583 0.9941667 0.6 1.0 0.6401042 1.0 0.64635414 0.90833336 0.6479167 0.8625 0.65416664 0.7683333
