6 0.353125 0.51916665 0.39791667 0.5975 0.42760417 0.6425 0.4640625 0.6825 0.4609375 0.69166666 0.4234375 0.75666666 0.39479166 0.81 0.3875 0.8066667 0.38177082 0.79333335 0.35989583 0.7558333 0.34479168 0.7316667 0.37604168 0.73 0.38697916 0.7291667 0.38125 0.695 0.37083334 0.5808333 0.36770833 0.55333334 0.3515625 0.55583334 0.328125 0.56666666
6 0.48489583 0.455 0.57708335 0.54583335 0.5708333 0.56333333 0.55 0.62 0.5390625 0.63916665 0.5317708 0.65166664 0.51770836 0.6725 0.509375 0.6875 0.51770836 0.6975 0.50885415 0.725 0.5005208 0.75 0.45572916 0.70166665 0.4609375 0.6925 0.4640625 0.6825 0.42708334 0.6433333 0.41927084 0.62916666 0.465625 0.53833336 0.47135416 0.53 0.47395834 0.48666668 0.47552082 0.47833332
6 0.57447916 0.56416667 0.5890625 0.55083334 0.6010417 0.5466667 0.6145833 0.5441667 0.646875 0.5575 0.67864585 0.5783333 0.6744792 0.6025 0.66302085 0.6191667 0.6588542 0.62916666 0.6359375 0.68 0.63125 0.69166666 0.62604165 0.70666665 0.6109375 0.77 0.6020833 0.7866667 0.59479165 0.78 0.571875 0.755 0.5598958 0.7425 0.5453125 0.73 0.51666665 0.6975 0.50885415 0.6875 0.51666665 0.6725 0.5317708 0.65166664 0.55 0.6191667 0.5541667 0.6075 0.55885416 0.60583335 0.5734375 0.595 0.57447916 0.5933333 0.57135415 0.5775 0.571875 0.57166666
6 0.61354166 0.285 0.62864584 0.2775 0.675 0.25166667 0.72083336 0.2325 0.72447914 0.24 0.7291667 0.2725 0.7416667 0.35166666 0.740625 0.36083335 0.7395833 0.37083334 0.7604167 0.42166665 0.76770836 0.44416666 0.76927084 0.46166667 0.75885415 0.46833333 0.68072915 0.5058333 0.65729165 0.5158333 0.6536458 0.49416667 0.65052086 0.43416667 0.6479167 0.4025 0.6421875 0.3825 0.6203125 0.3175 0.6145833 0.3025 0.6119792 0.28833333
6 0.63072914 0.49 0.63072914 0.47166666 0.63489586 0.44166666 0.63854164 0.4275 0.63697916 0.36916667 0.6375 0.36833334 0.6479167 0.40083334 0.65208334 0.44833332 0.6536458 0.49083334
6 0.7427083 0.49833333 0.73333335 0.5 0.70104164 0.49666667 0.7427083 0.47583333
6 0.74427086 0.275 0.74114585 0.30416667 0.73645836 0.32 0.72864586 0.26916668
6 0.6328125 0.25083333 0.665625 0.25666666 0.634375 0.27416667 0.63177085 0.275
6 0.19270833 0.11 0.19427083 0.07333333 0.20052083 0.0325 0.20260416 0.0 0.30833334 0.0 0.29583332 0.06583333 0.28020832 0.16083333 0.2765625 0.20166667 0.26822916 0.215 0.2609375 0.21333334 0.2265625 0.19666667 0.17291667 0.1575 0.18489583 0.12916666
6 0.34427083 0.0 0.33645833 0.03 0.33177084 0.07333333 0.321875 0.15916666 0.32395834 0.16916667 0.32135418 0.18333334 0.31666666 0.19916667 0.29010418 0.18833333 0.278125 0.18416667 0.28020832 0.15916666 0.29635417 0.061666667 0.30833334 0.0
6 0.2296875 0.58166665 0.24270834 0.58 0.26770833 0.5808333 0.2921875 0.58166665 0.31354168 0.5758333 0.3515625 0.55583334 0.36822918 0.5525 0.36979166 0.575 0.37552083 0.625 0.38125 0.6958333 0.38697916 0.7291667 0.375 0.73083335 0.35677084 0.7316667 0.3078125 0.7316667 0.29166666 0.7325 0.28541666 0.7316667 0.26979166 0.74 0.25625 0.7525 0.2421875 0.7525 0.24270834 0.7225 0.240625 0.6775 0.23854166 0.6558333 0.23020834 0.6
