13 0.47708333 0.6325 0.45208332 0.71166664 0.44375 0.7133333 0.38333333 0.66583335 0.34791666 0.6383333 0.36458334 0.63666666 0.4375 0.6333333 0.471875 0.6325
13 0.50208336 0.6325 0.49166667 0.6875 0.4890625 0.6983333 0.48072916 0.70916665 0.45572916 0.7 0.4765625 0.63416666 0.47708333 0.6325
13 0.3375 0.6383333 0.35416666 0.7058333 0.3625 0.7416667 0.3671875 0.76166666 0.37916666 0.76916665 0.38854167 0.76416665 0.45208332 0.7291667 0.48020834 0.70916665 0.45833334 0.7008333 0.45572916 0.7 0.45208332 0.7108333 0.44375 0.7133333 0.39322916 0.67333335 0.35052082 0.64 0.34739584 0.6383333
13 0.296875 0.63 0.290625 0.6275 0.28229168 0.6166667 0.27864584 0.59833336 0.29375 0.5366667 0.29583332 0.6116667 0.29583332 0.62166667 0.29895833 0.63166666
13 0.2828125 0.57916665 0.271875 0.57 0.26875 0.56416667 0.26614583 0.54833335 0.26770833 0.54083335 0.27760416 0.50166667 0.29322916 0.45583335 0.29375 0.52666664 0.29427084 0.53583336 0.2859375 0.5675 0.28385416 0.57666665
13 0.31041667 0.40333334 0.32291666 0.36583334 0.328125 0.35666665 0.334375 0.355 0.34010416 0.35833332 0.384375 0.3975 0.38697916 0.39916667 0.38489583 0.4 0.3390625 0.40333334 0.31510416 0.40333334 0.31041667 0.40333334
13 0.38229167 0.395 0.4140625 0.3775 0.42239583 0.37583333 0.42864582 0.37666667 0.43385416 0.3825 0.4359375 0.3875 0.43802083 0.39583334 0.4109375 0.39833334 0.38802084 0.4 0.38697916 0.4 0.38697916 0.39916667
13 0.5130208 0.4725 0.51875 0.48333332 0.52239585 0.4925 0.52239585 0.50166667 0.5208333 0.51416665 0.5151042 0.54333335 0.5130208 0.47666666
13 0.48645833 0.7025 0.49895832 0.6958333 0.503125 0.68333334 0.50364584 0.675 0.4984375 0.6508333 0.49166667 0.69 0.4890625 0.6983333
13 0.30729166 0.6408333 0.40104166 0.63416666 0.5026042 0.63166666 0.515625 0.62416667 0.5182292 0.61333334 0.51458335 0.5316667 0.51197916 0.45416668 0.5072917 0.42666668 0.49895832 0.40916666 0.4703125 0.395 0.44270834 0.39583334 0.34114584 0.40333334 0.30677083 0.40333334 0.29583332 0.415 0.29322916 0.42833334 0.29375 0.54333335 0.29635417 0.6225 0.2984375 0.63166666
