14 0.41458333 0.38666666 0.4171875 0.40833333 0.4203125 0.46166667 0.42239583 0.49416667 0.428125 0.49083334 0.44322917 0.4725 0.54114586 0.44583333 0.62291664 0.4225 0.63489586 0.43583333 0.64947915 0.43083334 0.653125 0.42583334 0.646875 0.39083335 0.64375 0.31916666 0.6328125 0.32083333 0.621875 0.32333332 0.61041665 0.34 0.58697915 0.3475 0.43697917 0.39166668 0.43072918 0.3875 0.42291668 0.385 0.41927084 0.38416666
4 0.5229167 0.46666667 0.50625 0.485 0.49635416 0.50666666 0.490625 0.52916664 0.48854166 0.5466667 0.48854166 0.5625 0.49010417 0.58 0.49270833 0.5941667 0.496875 0.6066667 0.5026042 0.62166667 0.51145834 0.6333333 0.5234375 0.64666665 0.53489584 0.65416664 0.54895836 0.6575 0.55833334 0.6625 0.5625 0.67 0.5677083 0.6791667 0.6140625 0.81083333 0.6203125 0.8183333 0.6255208 0.81666666 0.653125 0.79083335 0.6578125 0.7816667 0.65729165 0.77416664 0.6119792 0.65 0.6067708 0.6308333 0.60572916 0.62 0.61145836 0.58916664 0.6145833 0.565 0.61354166 0.5375 0.6098958 0.5158333 0.60052085 0.4925 0.5875 0.47416666 0.578125 0.465 0.56666666 0.45833334 0.55260414 0.455 0.53697914 0.4575 0.52708334 0.4625
2 0.64635414 0.74083334 0.6723958 0.69166666 0.68541664 0.6675 0.6145833 0.56916666 0.6098958 0.5991667 0.60625 0.6166667 0.60625 0.62583333 0.6098958 0.64166665 0.6458333 0.7425
2 0.57135415 0.8775 0.61145836 0.805 0.5953125 0.7608333 0.5640625 0.8591667 0.5697917 0.87666667
10 0.37552083 0.785 0.375 0.7966667 0.37552083 0.805 0.38072917 0.8208333 0.39270833 0.85 0.4375 0.92833334 0.4484375 0.9433333 0.4515625 0.9475 0.45416668 0.9533333 0.45364583 0.9675 0.45416668 0.97333336 0.45625 0.98 0.46145833 0.9891667 0.46770832 1.0 0.54270834 1.0 0.54895836 0.98583335 0.5515625 0.9658333 0.5541667 0.9583333 0.5640625 0.96666664 0.5765625 0.9741667 0.584375 0.9725 0.5984375 0.9675 0.6020833 0.9608333 0.60260415 0.9533333 0.5875 0.9166667 0.56875 0.875 0.56041664 0.855 0.553125 0.84 0.52135414 0.74583334 0.51770836 0.7341667 0.5125 0.7183333 0.50416666 0.6975 0.5 0.69666666 0.49114582 0.70416665 0.46770832 0.715 0.4515625 0.7191667 0.4375 0.7241667 0.42604166 0.73333335 0.41614583 0.74583334 0.39635417 0.7675 0.38489583 0.77666664
16 0.36354166 0.5541667 0.34635416 0.615 0.334375 0.6675 0.3296875 0.695 0.32760417 0.71416664 0.32083333 0.73083335 0.31145832 0.74666667 0.31041667 0.7558333 0.32604167 0.8075 0.334375 0.82416666 0.34375 0.82916665 0.3578125 0.8325 0.36614582 0.83666664 0.37447917 0.85083336 0.41041666 0.88166666 0.39270833 0.85 0.37552083 0.805 0.375 0.78583336 0.39739582 0.7675 0.41510418 0.74583334 0.42604166 0.7325 0.43802083 0.7241667 0.4546875 0.7175 0.46822917 0.71416664 0.49166667 0.7033333 0.4984375 0.6975 0.50364584 0.6975 0.51145834 0.7133333 0.53125 0.77416664 0.55364585 0.8408333 0.56458336 0.8625 0.59479165 0.76 0.57916665 0.7133333 0.54479164 0.6875 0.49322918 0.6483333 0.478125 0.64166665 0.4359375 0.61083335 0.4109375 0.5925 0.3703125 0.55916667
2 0.47708333 0.46416667 0.4609375 0.4925 0.44635418 0.51916665 0.42916667 0.55083334 0.40885416 0.59 0.4453125 0.6175 0.478125 0.64166665 0.49322918 0.6483333 0.578125 0.7125 0.5677083 0.68 0.55885416 0.6641667 0.55260414 0.6591667 0.54895836 0.65833336 0.5416667 0.6558333 0.5328125 0.6533333 0.5239583 0.6475 0.5104167 0.63166666 0.5015625 0.6191667 0.4921875 0.595 0.4890625 0.5675 0.48802084 0.5475 0.49375 0.5158333 0.496875 0.5075 0.50677085 0.48333332 0.5239583 0.465 0.53333336 0.45833334 0.52708334 0.44916666 0.47708333 0.46333334
11 0.69322914 0.5308333 0.6848958 0.5308333 0.67083335 0.5325 0.6614583 0.53833336 0.66510415 0.5525 0.6713542 0.57 0.69166666 0.6066667 0.690625 0.63 0.68541664 0.6691667 0.68177086 0.68416667 0.6744792 0.705 0.66770834 0.76166666 0.66770834 0.77166665 0.678125 0.7675 0.7395833 0.7725 0.834375 0.77916664 0.87708336 0.7825 0.8765625 0.76916665 0.87395835 0.73583335 0.87291664 0.6166667 0.87135416 0.58666664 0.834375 0.58166665 0.740625 0.5825 0.70989585 0.5825 0.70208335 0.5825 0.6947917 0.5783333 0.68854165 0.57 0.68385416 0.5675 0.6828125 0.56416667 0.67552084 0.56666666 0.67395836 0.5566667 0.6765625 0.5475 0.6828125 0.5475 0.68645835 0.5441667 0.6901042 0.53833336 0.6958333 0.535 0.703125 0.5316667
15 0.7817708 0.5308333 0.703125 0.5316667 0.690625 0.5375 0.68385416 0.5466667 0.67604166 0.5475 0.6744792 0.5566667 0.67552084 0.56666666 0.6828125 0.56333333 0.68385416 0.5683333 0.68958336 0.5708333 0.69427085 0.5775 0.70104164 0.5825 0.80625 0.58166665 0.83385414 0.58166665 0.8734375 0.58666664 0.89947915 0.5883333 0.909375 0.58416665 0.91510415 0.57916665 0.91979164 0.57666665 0.92604166 0.5758333 0.9291667 0.5708333 0.9270833 0.5625 0.92395836 0.55833334 0.91875 0.55833334 0.91510415 0.5525 0.90520835 0.5416667 0.909375 0.57916665 0.9 0.58166665 0.89166665 0.5783333 0.8541667 0.55833334 0.78697914 0.5316667
4 0.63385415 0.32083333 0.596875 0.24333334 0.5755208 0.19916667 0.57447916 0.19583334 0.57447916 0.18916667 0.5755208 0.185 0.57916665 0.1775 0.60260415 0.14916667 0.60572916 0.1475 0.609375 0.1475 0.6119792 0.1475 0.61614585 0.15333334 0.67291665 0.2725 0.6770833 0.27833334 0.68125 0.28166667 0.68541664 0.28416666 0.69166666 0.285 0.7015625 0.285 0.7135417 0.2875 0.7239583 0.295 0.7328125 0.30333334 0.73854166 0.31 0.7453125 0.35833332 0.7270833 0.34833333 0.7083333 0.34416667 0.69427085 0.32833335 0.6802083 0.32833335 0.6765625 0.40416667 0.66979164 0.47916666 0.6640625 0.475 0.65520835 0.465 0.646875 0.45083332 0.640625 0.43583333 0.65 0.43166667 0.65260416 0.42666668 0.646875 0.39083335 0.64375 0.31916666 0.63697916 0.32
1 0.66614586 0.5083333 0.6692708 0.48 0.67395836 0.43583333 0.67760414 0.38333333 0.6802083 0.32833335 0.6953125 0.32833335 0.7083333 0.345 0.7270833 0.34833333 0.75 0.36166668 0.7895833 0.37666667 0.84270835 0.39916667 0.8723958 0.41416666 0.88385415 0.4075 0.91302085 0.40083334 0.89375 0.47833332 0.8979167 0.49583334 0.90625 0.5466667 0.90989584 0.57916665 0.90052086 0.58166665 0.8932292 0.58 0.86614585 0.56583333 0.8541667 0.55833334 0.8197917 0.545 0.796875 0.5366667 0.7838542 0.5308333 0.775 0.525 0.7526042 0.51916665 0.70989585 0.51 0.696875 0.5083333 0.6880208 0.5133333 0.68125 0.515 0.67552084 0.515 0.6692708 0.5125
5 0.7609375 0.5225 0.76145834 0.53 0.78333336 0.5308333 0.775 0.52416664 0.76145834 0.52166665
5 0.73125 0.25 0.74583334 0.36 0.7494792 0.36166668 0.7895833 0.37583333 0.828125 0.39333335 0.84583336 0.40083334 0.8723958 0.415 0.88385415 0.4075 0.9125 0.40083334 0.89635414 0.4675 0.89427084 0.4775 0.8958333 0.48666668 0.9270833 0.48166665 0.953125 0.47666666 0.9682292 0.475 0.97864586 0.47916666 0.9817708 0.48 0.9973958 0.475 0.9875 0.42666668 0.9817708 0.38833332 0.98020834 0.3525 0.975 0.32916668 0.9713542 0.25666666 0.9640625 0.2125 0.96510416 0.17583333 0.9536458 0.1775 0.9348958 0.18833333 0.9078125 0.19583334 0.8989583 0.19916667 0.84739584 0.23083334 0.8052083 0.23666666 0.7604167 0.2475 0.73802084 0.24666667 0.7338542 0.25
1 0.34479168 0.16333333 0.35052082 0.20583333 0.35052082 0.235 0.34739584 0.25 0.3484375 0.27083334 0.3453125 0.29583332 0.3390625 0.27833334 0.33802083 0.29333332 0.340625 0.305 0.34791666 0.31916666 0.36979166 0.32083333 0.42864582 0.32583332 0.49791667 0.32916668 0.5125 0.33916667 0.53333336 0.35083333 0.5364583 0.3475 0.5359375 0.28 0.5359375 0.24 0.5359375 0.21083333 0.5416667 0.18916667 0.5494792 0.17583333 0.5453125 0.175 0.53489584 0.175 0.51458335 0.18083334 0.37708333 0.17416666 0.36197916 0.17333333 0.35052082 0.16583334 0.35052082 0.16083333
