9 0.284375 0.64666665 0.28229168 0.69166666 0.29427084 0.6958333 0.33645833 0.70916665 0.35364583 0.7133333 0.36875 0.71416664 0.35520834 0.7058333 0.3453125 0.7 0.3375 0.68833333 0.3359375 0.67 0.32760417 0.65833336 0.31927082 0.6575 0.31458333 0.65833336 0.2953125 0.6525 0.284375 0.6458333
9 0.4375 0.7316667 0.46927083 0.7425 0.50572914 0.75666666 0.5130208 0.7583333 0.5171875 0.73333335 0.5239583 0.6616667 0.52760416 0.62666667 0.52760416 0.605 0.5317708 0.57416666 0.53489584 0.5466667 0.53697914 0.5341667 0.5395833 0.48166665 0.49114582 0.4775 0.4609375 0.47166666 0.44739583 0.46666667 0.43229166 0.4625 0.4421875 0.46916667 0.47760418 0.48583335 0.4953125 0.49416667 0.49583334 0.49583334 0.49583334 0.49833333 0.47708333 0.58166665 0.46197918 0.64 0.44114584 0.7158333 0.43697917 0.73 0.43697917 0.73083335
9 0.521875 0.685 0.5338542 0.68333334 0.53333336 0.65833336 0.52916664 0.6325 0.52760416 0.6275 0.5229167 0.67083335 0.521875 0.685
9 0.528125 0.6066667 0.54375 0.6116667 0.56666666 0.6166667 0.5984375 0.62583333 0.6 0.61583334 0.5953125 0.6025 0.58802086 0.5775 0.58385414 0.56583333 0.5828125 0.55583334 0.56875 0.5175 0.55364585 0.47916666 0.52708334 0.4025 0.5260417 0.42666668 0.5260417 0.48 0.5265625 0.48083332 0.54010415 0.48166665 0.5385417 0.51416665 0.5375 0.535 0.534375 0.55 0.5328125 0.56916666 0.5296875 0.5908333 0.528125 0.6025
9 0.39322916 0.30833334 0.3953125 0.28583333 0.42916667 0.29666665 0.45364583 0.30833334 0.4546875 0.30916667 0.428125 0.3075 0.40052083 0.30833334
9 0.35260418 0.41333333 0.35052082 0.36833334 0.3484375 0.31416667 0.36666667 0.31166667 0.39479166 0.30833334 0.40260416 0.30916667 0.4265625 0.3075 0.45572916 0.30916667 0.47864583 0.31 0.52552086 0.31666666 0.52916664 0.3175 0.52916664 0.345 0.52760416 0.39166668 0.5260417 0.42 0.52552086 0.42666668 0.5260417 0.4725 0.5260417 0.48 0.50208336 0.47833332 0.4875 0.47666666 0.4625 0.47166666 0.45989582 0.47 0.44322917 0.465 0.4296875 0.46083334 0.4203125 0.455 0.40416667 0.44916666 0.3890625 0.445 0.378125 0.44 0.36510417 0.4225 0.35416666 0.415
9 0.58125 0.3525 0.5421875 0.33916667 0.52916664 0.33583334 0.52916664 0.35083333 0.528125 0.38083333 0.52760416 0.39333335 0.54322916 0.37916666 0.57916665 0.35416666
9 0.7239583 0.2225 0.753125 0.30333334 0.7609375 0.34333333 0.765625 0.3625 0.77552086 0.39 0.7984375 0.46083334 0.80260414 0.47 0.76145834 0.50416666 0.73229164 0.52166665 0.70416665 0.55083334 0.6869792 0.56083333 0.6692708 0.5758333 0.64427084 0.6025 0.6119792 0.645 0.609375 0.6408333 0.6 0.61333334 0.5921875 0.5925 0.5885417 0.5758333 0.584375 0.5675 0.5833333 0.555 0.565625 0.5083333 0.55364585 0.47916666 0.5421875 0.445 0.52708334 0.4025 0.52760416 0.395 0.54375 0.37916666 0.57395834 0.35833332 0.62395835 0.31916666 0.67552084 0.27416667 0.7109375 0.2325
9 1.0 0.12 0.97760415 0.07416666 0.92552084 0.14416666 0.88177085 0.21916667 0.85729164 0.25916666 0.81354165 0.31333333 0.79479164 0.34 0.8041667 0.37166667 0.81875 0.39 0.83697915 0.40333334 0.8432292 0.42166665 0.875 0.49666667 0.8932292 0.5283333 0.92760414 0.4925 0.940625 0.45833334 0.95885414 0.43333334 0.96979165 0.43 1.0 0.39
9 0.21666667 0.6116667 0.23125 0.6166667 0.27708334 0.64 0.29635417 0.6533333 0.315625 0.6575 0.32760417 0.6575 0.3359375 0.6691667 0.33802083 0.68833333 0.34583333 0.69916666 0.36770833 0.7133333 0.4 0.745 0.4234375 0.7683333 0.43385416 0.7425 0.47239584 0.6016667 0.49583334 0.49666667 0.49427083 0.49416667 0.43958333 0.4675 0.4203125 0.455 0.40416667 0.44916666 0.38854167 0.445 0.378125 0.44 0.36510417 0.4225 0.33333334 0.4 0.2984375 0.37166667 0.26875 0.34666666 0.25833333 0.37583333 0.24583334 0.435 0.23489584 0.49416667 0.23385416 0.5108333 0.22708334 0.53583336 0.22447917 0.5625 0.22291666 0.57916665
