2 0.3875 0.225 0.39791667 0.245 0.44427082 0.33583334 0.48229167 0.4075 0.50885415 0.46166667 0.5109375 0.45916668 0.51197916 0.45916668 0.5125 0.46166667 0.5109375 0.46416667 0.52552086 0.495 0.53489584 0.5108333 0.5364583 0.5108333 0.54322916 0.50083333 0.57135415 0.46416667 0.58958334 0.43666667 0.60572916 0.41333333 0.61041665 0.4075 0.6203125 0.3975 0.63177085 0.38333333 0.63958335 0.37166667 0.6489583 0.3625 0.6666667 0.33833334 0.665625 0.33583334 0.65729165 0.32 0.63854164 0.2825 0.55833334 0.13666667 0.5182292 0.06 0.50104165 0.079166666 0.4765625 0.11083333 0.45677084 0.13416667 0.43541667 0.16333333 0.4296875 0.1725 0.39635417 0.21166667 0.38854167 0.22166666
2 0.07447917 0.355 0.08541667 0.29666665 0.09427083 0.25416666 0.100520834 0.22833334 0.10364583 0.21 0.10729167 0.1775 0.114583336 0.12 0.11927083 0.079166666 0.15989584 0.096666664 0.21927084 0.125 0.23854166 0.13333334 0.28645834 0.15166667 0.3328125 0.16916667 0.34583333 0.17416666 0.33489582 0.29 0.31197917 0.41416666 0.30364582 0.45 0.2875 0.44166666 0.25885418 0.43 0.19583334 0.40583333 0.14895834 0.38583332 0.115625 0.35333332 0.10729167 0.37 0.075520836 0.35583332
2 0.1265625 0.8358333 0.0734375 0.78 0.0 0.7175 0.0 0.6041667 0.038541667 0.52666664 0.10104167 0.38666666 0.115625 0.35333332 0.15989584 0.39916667 0.20364584 0.44333333 0.14479166 0.5783333 0.11145833 0.66083336 0.12083333 0.67083335 0.12552084 0.6741667 0.17604166 0.7266667 0.15052083 0.785 0.13333334 0.82666665 0.12864584 0.8383333
2 0.31510416 0.87333333 0.28645834 0.8433333 0.28541666 0.83916664 0.2828125 0.83916664 0.21875 0.77166665 0.1765625 0.7266667 0.125 0.6725 0.1203125 0.67083335 0.11145833 0.66083336 0.14270833 0.5833333 0.1828125 0.4925 0.2125 0.4225 0.22135417 0.43083334 0.25885418 0.4725 0.33177084 0.55333334 0.3828125 0.6066667 0.38177082 0.61083335 0.38541666 0.6091667 0.41458333 0.63916665 0.38020834 0.7225 0.35052082 0.78833336 0.31875 0.86583334
2 0.2390625 0.44916666 0.24166666 0.4325 0.27447918 0.44583333 0.27552083 0.4525 0.27760416 0.44833332 0.3328125 0.47333333 0.3703125 0.48916668 0.38645834 0.49666667 0.4109375 0.5058333 0.43541667 0.5125 0.4421875 0.5175 0.4453125 0.5341667 0.44583333 0.6 0.44427082 0.615 0.43385416 0.6616667 0.43385416 0.6716667 0.43697917 0.7008333 0.43020833 0.73333335 0.42083332 0.785 0.4171875 0.805 0.41041666 0.7975 0.40260416 0.7925 0.35677084 0.775 0.38541666 0.7108333 0.41458333 0.64 0.38541666 0.6091667 0.38177082 0.6116667 0.38229167 0.6066667 0.32291666 0.54333335
2 0.44479167 0.33833334 0.40364584 0.32333332 0.36666667 0.30833334 0.3640625 0.31 0.3625 0.30666667 0.33385417 0.29666665 0.31770834 0.3825 0.31041667 0.41916665 0.30208334 0.45916668 0.3375 0.47583333 0.375 0.49083334 0.4109375 0.5058333 0.43541667 0.5133333 0.4421875 0.51666665 0.44583333 0.535 0.4453125 0.5775 0.44479167 0.6141667 0.4421875 0.62333333 0.48385417 0.63916665 0.5005208 0.6425 0.5171875 0.6508333 0.52916664 0.5725 0.5317708 0.55083334 0.5385417 0.5083333 0.53541666 0.5108333 0.52708334 0.4975 0.5109375 0.465 0.5130208 0.46 0.51197916 0.45916668 0.50885415 0.46166667 0.48177084 0.40583333 0.44635418 0.33833334
2 0.06614583 0.93583333 0.0703125 0.95916665 0.08229167 1.0 0.31041667 1.0 0.29010418 0.9508333 0.27447918 0.915 0.24114583 0.825 0.22447917 0.7808333 0.178125 0.825 0.13177083 0.875 0.0828125 0.92 0.07239583 0.9291667
2 0.46197918 0.7216667 0.42864582 0.74666667 0.42239583 0.7825 0.43020833 0.8125 0.43333334 0.81166667 0.43333334 0.815 0.43229166 0.81666666 0.4609375 0.915 0.4859375 0.99916667 0.65416664 1.0 0.6703125 0.9916667 0.6609375 0.95416665 0.5989583 0.7316667 0.5734375 0.63666666 0.50208336 0.69083333 0.46822917 0.71666664
2 0.76354164 0.8175 0.68125 0.7866667 0.6078125 0.76 0.603125 0.74333334 0.603125 0.7033333 0.60572916 0.7025 0.6041667 0.69666666 0.6109375 0.6558333 0.615625 0.625 0.61875 0.6041667 0.62291664 0.545 0.634375 0.465 0.6375 0.41833332 0.63854164 0.39916667 0.6640625 0.4075 0.70885414 0.42 0.7395833 0.43333334 0.76458335 0.44083333 0.7890625 0.44666666 0.8046875 0.45333335 0.8015625 0.49916667 0.78541666 0.62166667 0.77552086 0.72083336 0.7708333 0.76166666 0.7671875 0.7625 0.7708333 0.7675 0.7661458 0.81166667
2 0.6713542 0.0 0.69635415 0.029166667 0.7015625 0.0375 0.7239583 0.0
