1 0.1171875 0.09583333 0.18020834 0.1275 0.20625 0.13833334 0.23697917 0.15916666 0.22864583 0.19416666 0.2203125 0.22166666 0.2046875 0.3375 0.1953125 0.39333335 0.19114584 0.4325 0.2015625 0.475 0.19635417 0.485 0.18177083 0.48166665 0.1546875 0.46583334 0.1359375 0.46416667 0.103125 0.45333335 0.08541667 0.44333333 0.07760417 0.43666667 0.103125 0.2475 0.12291667 0.15083334 0.116145834 0.11666667 0.116145834 0.1
3 0.20833333 0.445 0.2140625 0.44083333 0.22864583 0.445 0.23541667 0.45833334 0.24583334 0.45583335 0.26354167 0.445 0.2890625 0.42583334 0.3 0.41666666 0.32135418 0.41333333 0.33072916 0.4175 0.33072916 0.43416667 0.33020833 0.4575 0.33854166 0.48083332 0.34166667 0.50333333 0.34270832 0.5158333 0.3453125 0.5325 0.3453125 0.56333333 0.35208333 0.58 0.35625 0.5966667 0.35572916 0.6166667 0.34010416 0.6308333 0.3265625 0.60833335 0.31979167 0.63166666 0.31458333 0.64666665 0.30885416 0.6533333 0.2625 0.57166666 0.21510416 0.475 0.2046875 0.45583335
18 0.11354167 0.655 0.12135417 0.6616667 0.14583333 0.6933333 0.16822916 0.7275 0.18333334 0.7391667 0.2046875 0.76916665 0.22239584 0.79833335 0.23020834 0.8183333 0.24583334 0.84166664 0.25520834 0.8441667 0.27135417 0.84166664 0.278125 0.82416666 0.32760417 0.75166667 0.33958334 0.7241667 0.3453125 0.70916665 0.3453125 0.68916667 0.33854166 0.6725 0.31822917 0.6458333 0.309375 0.6591667 0.2390625 0.5308333 0.22864583 0.50916666 0.2046875 0.4625 0.2015625 0.47916666 0.19635417 0.48833334 0.18020834 0.485 0.1671875 0.49666667 0.1484375 0.535 0.1203125 0.5783333 0.111979164 0.5991667 0.10520833 0.6125 0.104166664 0.63166666 0.1078125 0.6458333
9 0.49583334 0.52166665 0.53333336 0.535 0.54895836 0.54833335 0.56145835 0.55583334 0.5697917 0.56166667 0.5755208 0.58 0.58229166 0.62583333 0.5796875 0.68416667 0.578125 0.71416664 0.58385414 0.7558333 0.596875 0.8275 0.60729164 0.895 0.603125 0.9191667 0.5984375 0.93083334 0.50677085 0.9066667 0.45885417 0.8933333 0.4421875 0.89666665 0.42708334 0.89166665 0.43541667 0.8675 0.46302083 0.715 0.48541668 0.5858333 0.48802084 0.54833335 0.49166667 0.5366667
4 0.5109375 0.21 0.5453125 0.21666667 0.6078125 0.2425 0.6234375 0.2425 0.63489586 0.22666667 0.65 0.20833333 0.665625 0.20166667 0.68854165 0.21 0.70677084 0.21666667 0.7265625 0.23916666 0.7390625 0.27916667 0.7390625 0.32 0.7338542 0.35333332 0.7161458 0.38833332 0.7026042 0.40416667 0.671875 0.41416666 0.6390625 0.39166668 0.6265625 0.365 0.6171875 0.33666667 0.60260415 0.32166666 0.56666666 0.31083333 0.5286458 0.30083334 0.5046875 0.28583333 0.49895832 0.2725 0.5046875 0.23666666 0.50572914 0.22
19 0.58958334 0.0033333334 0.65729165 0.0 0.77916664 0.0 0.78125 0.08583333 0.7885417 0.14916667 0.7885417 0.175 0.784375 0.18833333 0.78020835 0.2 0.74635416 0.20333333 0.7046875 0.215 0.67604166 0.20166667 0.6625 0.2 0.64739585 0.20666666 0.63177085 0.22333333 0.6255208 0.23333333 0.61614585 0.23166667 0.6067708 0.225 0.6010417 0.195 0.590625 0.094166666 0.584375 0.041666668 0.584375 0.021666666 0.5864583 0.011666667
5 0.79479164 0.2 0.83802086 0.25583333 0.85 0.2825 0.8625 0.2875 0.9036458 0.32 0.9369792 0.36666667 0.90052086 0.43583333 0.86875 0.51166666 0.8442708 0.5625 0.82447916 0.57 0.75677085 0.53583336 0.70989585 0.44583333 0.72864586 0.39166668 0.7875 0.235 0.7875 0.20666666
8 0.8328125 0.5775 0.81614584 0.6983333 0.80364585 0.7441667 0.80052084 0.805 0.7973958 0.835 0.790625 0.8566667 0.78333336 0.86333334 0.7552083 0.8516667 0.7171875 0.8358333 0.6890625 0.83166665 0.67395836 0.8183333 0.67083335 0.795 0.6791667 0.77416664 0.684375 0.7291667 0.6984375 0.65833336 0.70625 0.60583335 0.70989585 0.5491667 0.71197915 0.51 0.7171875 0.495 0.72864586 0.48833334 0.75625 0.5366667 0.81927085 0.5675 0.8286458 0.5725
20 0.51197916 0.32166666 0.52239585 0.31083333 0.5317708 0.30416667 0.57916665 0.31666666 0.60364586 0.32666665 0.61614585 0.33666667 0.6234375 0.37166667 0.63177085 0.38333333 0.6421875 0.3975 0.67083335 0.4175 0.6802083 0.42083332 0.6958333 0.49833333 0.7 0.5575 0.70520836 0.6091667 0.7015625 0.6333333 0.69895834 0.65833336 0.6848958 0.7291667 0.6796875 0.77416664 0.67083335 0.7975 0.67395836 0.8183333 0.6890625 0.8333333 0.6401042 0.8925 0.6140625 0.9058333 0.6078125 0.8958333 0.5854167 0.7575 0.578125 0.7125 0.5833333 0.62583333 0.57604164 0.5758333 0.56666666 0.55083334 0.54114586 0.48166665 0.52552086 0.44416666 0.5140625 0.38333333 0.5078125 0.34333333 0.50677085 0.33166668
15 0.072916664 0.0 0.020833334 0.035833333 0.0 0.050833333 0.0 0.0
