12 0.12760417 0.5325 0.11770833 0.5525 0.1046875 0.56916666 0.106770836 0.5808333 0.11510417 0.59833336 0.12135417 0.6125 0.12135417 0.5933333 0.12760417 0.5475
12 0.22708334 0.49666667 0.23854166 0.51916665 0.27083334 0.56166667 0.29114583 0.5875 0.30729166 0.6075 0.3296875 0.64 0.3453125 0.6525 0.31979167 0.71 0.31354168 0.72583336 0.3390625 0.7558333 0.31666666 0.7941667 0.3109375 0.8 0.28802082 0.77166665 0.24010417 0.72333336 0.1625 0.6575 0.23229167 0.65 0.23645833 0.6458333 0.22760417 0.5133333
12 0.45052084 0.4025 0.4015625 0.5258333 0.38645834 0.56 0.34583333 0.65166664 0.3140625 0.725 0.3421875 0.75916666 0.40885416 0.8333333 0.4125 0.8333333 0.44635418 0.75166667 0.46354166 0.70416665 0.47239584 0.6791667 0.48489583 0.65166664 0.515625 0.5941667 0.55572915 0.5133333 0.46458334 0.40833333
12 0.50104165 0.205 0.41927084 0.30083334 0.4046875 0.31833333 0.38125 0.33416668 0.31302083 0.3925 0.28854167 0.41666666 0.31510416 0.4925 0.35104167 0.58 0.3671875 0.56166667 0.39635417 0.5375 0.43072918 0.4525 0.45 0.40416667 0.46458334 0.4075 0.49427083 0.44083333 0.5359375 0.39833334 0.484375 0.3025 0.5208333 0.25583333
12 0.17552084 0.12416667 0.23333333 0.205 0.25625 0.24 0.27916667 0.265 0.29427084 0.29166666 0.346875 0.36333334 0.3140625 0.39166668 0.2890625 0.41666666 0.3140625 0.49 0.29791668 0.51416665 0.23958333 0.42083332 0.22291666 0.39666668 0.21770833 0.2375 0.1859375 0.2425 0.11875 0.2625 0.1109375 0.24833333 0.13229166 0.18583333 0.16770834 0.13
12 0.6479167 0.64666665 0.6140625 0.7241667 0.59583336 0.7608333 0.5807292 0.79083335 0.5640625 0.775 0.5416667 0.7425 0.52447915 0.71 0.48020834 0.66 0.5130208 0.5991667 0.5453125 0.535 0.5885417 0.5925 0.64427084 0.6383333
12 0.6744792 0.57 0.6380208 0.7025 0.6333333 0.7216667 0.6203125 0.7525 0.6119792 0.7775 0.58802086 0.8625 0.58385414 0.89666665 0.53125 0.87916666 0.49635416 0.85083336 0.484375 0.83416665 0.50989586 0.7475 0.52239585 0.7075 0.53697914 0.7366667 0.5625 0.77416664 0.5807292 0.79 0.615625 0.7191667 0.646875 0.6483333 0.6453125 0.64 0.58958334 0.5933333 0.5625 0.56 0.58020836 0.48666668 0.6140625 0.5675 0.634375 0.6141667
12 0.5796875 0.20333333 0.6171875 0.28833333 0.63177085 0.315 0.64479166 0.32916668 0.6515625 0.34833333 0.68072915 0.405 0.73072916 0.495 0.67395836 0.5708333 0.63489586 0.615 0.5885417 0.50916666 0.58020836 0.48583335 0.5416667 0.41166666 0.484375 0.30166668 0.5203125 0.25583333 0.57447916 0.19416666
12 0.67083335 0.24333334 0.7828125 0.23916666 0.7875 0.41583332 0.7885417 0.49083334 0.79479164 0.5366667 0.7984375 0.6433333 0.68385416 0.6483333 0.6744792 0.64166665 0.67604166 0.56666666 0.73072916 0.495 0.68125 0.40416667 0.67760414 0.39 0.66979164 0.25333333
12 0.11145833 0.265 0.18802084 0.24166666 0.21770833 0.2375 0.22552083 0.47333333 0.23645833 0.645 0.2328125 0.64916664 0.12083333 0.6616667 0.12135417 0.59166664 0.12760417 0.5491667 0.12708333 0.49416667 0.122395836 0.45666668 0.116145834 0.38916665 0.1109375 0.3575 0.1109375 0.33083335 0.1140625 0.29583332 0.1109375 0.2725
