17 0.21354167 0.04 0.23958333 0.008333334 0.24427083 0.0016666667 0.24791667 0.0 0.26041666 0.0 0.2671875 0.004166667 0.28802082 0.039166667 0.31875 0.096666664 0.35052082 0.15416667 0.32604167 0.16416667 0.31666666 0.16833334 0.3140625 0.1725 0.31145832 0.17916666 0.30989584 0.18916667 0.30989584 0.19416666 0.31875 0.23083334 0.32552084 0.24583334 0.32916668 0.2475 0.33385417 0.2525 0.33697918 0.26 0.33802083 0.275 0.33697918 0.2825 0.33125 0.29166666 0.3296875 0.29666665 0.32760417 0.31416667 0.309375 0.335 0.28489584 0.35916665 0.275 0.35916665 0.26822916 0.35833332 0.26354167 0.3525 0.25208333 0.325 0.24947916 0.3175 0.25 0.31416667 0.25208333 0.30916667 0.25208333 0.3075 0.22395833 0.2625 0.21822916 0.2525 0.20208333 0.23583333 0.19791667 0.22583333 0.184375 0.20666666 0.1671875 0.18166667 0.1578125 0.17083333 0.1625 0.15666667 0.16927083 0.13333334 0.171875 0.12416667 0.18020834 0.11 0.19427083 0.0825 0.20572917 0.060833335 0.20833333 0.05 0.2125 0.043333333
17 0.40520832 0.1425 0.39895833 0.13416667 0.38854167 0.12083333 0.38177082 0.105 0.38177082 0.029166667 0.38385418 0.0 0.5015625 0.0 0.51197916 0.015833333 0.52708334 0.043333333 0.5375 0.061666667 0.525 0.06916667 0.5234375 0.085 0.5161458 0.16416667 0.50416666 0.17083333 0.47604167 0.2075 0.4609375 0.22833334 0.4546875 0.1575 0.45416668 0.14666666 0.44895834 0.1375 0.440625 0.13333334 0.40729168 0.14333333
17 0.6734375 0.0225 0.64947915 0.01 0.6322917 0.00083333335 0.6244792 0.00083333335 0.5796875 0.029166667 0.5651042 0.038333334 0.53697914 0.061666667 0.525 0.07 0.5151042 0.17416666 0.5078125 0.23583333 0.50625 0.26916668 0.50989586 0.28166667 0.51458335 0.29 0.5182292 0.29416665 0.534375 0.29583332 0.55833334 0.3 0.58020836 0.2975 0.5921875 0.28833333 0.5963542 0.28333333 0.6041667 0.28166667 0.61875 0.2525 0.6359375 0.2275 0.64635414 0.22083333 0.66822916 0.11333334 0.6765625 0.053333335 0.678125 0.04 0.67604166 0.03
17 0.8328125 0.0 0.83125 0.08416667 0.8307292 0.155 0.8307292 0.19333333 0.82916665 0.20666666 0.821875 0.21666667 0.81666666 0.21833333 0.7838542 0.21666667 0.78541666 0.20916666 0.78489584 0.205 0.78229165 0.19833334 0.7739583 0.1875 0.7661458 0.18083334 0.70208335 0.2025 0.69739586 0.19833334 0.68958336 0.19666667 0.6822917 0.19583334 0.67083335 0.21416667 0.659375 0.21916667 0.6557292 0.22333333 0.65208334 0.22166666 0.6458333 0.22166666 0.66770834 0.1175 0.67864585 0.039166667 0.67552084 0.029166667 0.6734375 0.0225 0.653125 0.0125 0.65416664 0.0
17 0.89166665 0.255 0.9057292 0.25166667 0.93125 0.25 0.94739586 0.24916667 0.96666664 0.245 0.9895833 0.29 1.0 0.31083333 1.0 0.50916666 0.97291666 0.51416665 0.93177086 0.51416665 0.90729165 0.515 0.8979167 0.52416664 0.89270836 0.5258333 0.8796875 0.5233333 0.8744792 0.5108333 0.88125 0.50333333 0.89166665 0.5 0.903125 0.49083334 0.925 0.46416667 0.934375 0.45166665 0.9348958 0.44666666 0.9348958 0.43666667 0.93177086 0.42916667 0.925 0.41916665 0.91770834 0.40416667 0.903125 0.375 0.88854164 0.35166666 0.87916666 0.33833334 0.87135416 0.3325 0.8703125 0.3275 0.87395835 0.31166667 0.8901042 0.25583333
17 0.8296875 0.5783333 0.84010416 0.56166667 0.853125 0.54833335 0.8609375 0.53833336 0.86510414 0.5316667 0.8677083 0.5175 0.8734375 0.50916666 0.88177085 0.50333333 0.89166665 0.5 0.90260416 0.49 0.934375 0.45166665 0.93541664 0.43666667 0.92552084 0.42 0.89947915 0.37 0.87864584 0.33833334 0.86927086 0.33166668 0.8640625 0.35166666 0.8619792 0.38 0.85625 0.3925 0.85 0.39916667 0.84583336 0.39916667 0.81458336 0.385 0.81666666 0.4025 0.8203125 0.42916667 0.8229167 0.42833334 0.8286458 0.42833334 0.8375 0.4325 0.8421875 0.43416667 0.8463542 0.44416666 0.8484375 0.4575 0.8463542 0.475 0.83125 0.56083333
17 0.99895835 0.74666667 0.9734375 0.7325 0.9515625 0.72083336 0.94635415 0.72 0.9223958 0.70166665 0.89739585 0.68666667 0.8802083 0.67583334 0.87291664 0.6775 0.8677083 0.68 0.86041665 0.68666667 0.85625 0.695 0.84739584 0.72 0.84375 0.6875 0.8442708 0.6333333 0.84791666 0.59833336 0.84791666 0.55333334 0.8567708 0.545 0.8640625 0.5325 0.8677083 0.51666665 0.8744792 0.5083333 0.8796875 0.5233333 0.890625 0.525 0.89479166 0.525 0.8979167 0.5233333 0.90625 0.515 0.97239584 0.515 0.9994792 0.50916666
17 1.0 0.75083333 0.99895835 0.7475 0.95416665 0.7216667 0.946875 0.72083336 0.9213542 0.7 0.88125 0.6766667 0.8697917 0.6791667 0.86510414 0.6825 0.8588542 0.6875 0.85520834 0.69666666 0.8442708 0.72833335 0.83229166 0.77166665 0.82239586 0.8275 0.815625 0.87 0.81666666 0.88166666 0.821875 0.8958333 0.82604164 0.9 0.85364586 0.9091667 0.87083334 0.9175 0.88489586 0.9291667 0.9010417 0.93583333 0.91197914 0.94166666 0.9505208 0.9691667 0.9817708 0.99333334 0.990625 0.99833333 1.0 1.0
17 0.7338542 0.99916667 0.7484375 0.9866667 0.7640625 0.9791667 0.77239585 0.9766667 0.78489584 0.9766667 0.79583335 0.97 0.809375 0.96416664 0.83489585 0.9583333 0.85260415 0.9558333 0.86510414 0.96 0.8744792 0.97 0.87916666 0.98083335 0.88125 1.0
17 0.5 0.98583335 0.49791667 0.9916667 0.49791667 1.0 0.70625 1.0 0.7057292 0.99666667 0.696875 0.9925 0.68958336 0.9925 0.6828125 0.99583334 0.6791667 0.9941667 0.67604166 0.9891667 0.67083335 0.97833335 0.6671875 0.97083336 0.6703125 0.96166664 0.6703125 0.95916665 0.6625 0.9425 0.65416664 0.9241667 0.63177085 0.8825 0.625 0.87333333 0.6109375 0.8491667 0.5953125 0.84833336 0.5828125 0.8575 0.55677086 0.895 0.5182292 0.95666665 0.503125 0.9775
17 0.55052084 0.87916666 0.553125 0.8883333 0.55625 0.895 0.5734375 0.8691667 0.5651042 0.87083334 0.55104166 0.87666667
17 0.53697914 0.64 0.54270834 0.63166666 0.54895836 0.62666667 0.6046875 0.6308333 0.61614585 0.6325 0.63489586 0.6741667 0.6421875 0.68833333 0.64947915 0.7075 0.65052086 0.7133333 0.65520835 0.7158333 0.66770834 0.7441667 0.671875 0.7525 0.6744792 0.75666666 0.6859375 0.77 0.7026042 0.7991667 0.7104167 0.81416667 0.7109375 0.8225 0.7104167 0.83 0.709375 0.8408333 0.7083333 0.845 0.69114584 0.8675 0.65208334 0.9191667 0.6354167 0.8908333 0.63177085 0.88166666 0.62395835 0.8725 0.61145836 0.85 0.59583336 0.84833336 0.5828125 0.8566667 0.5776042 0.8625 0.58229166 0.84833336 0.5828125 0.8433333 0.5625 0.74083334 0.540625 0.6458333 0.5385417 0.6425
17 0.6828125 0.55916667 0.67864585 0.5541667 0.6713542 0.5466667 0.66979164 0.6025 0.66822916 0.6125 0.665625 0.62166667 0.6609375 0.6308333 0.65416664 0.6325 0.6302083 0.6325 0.628125 0.65833336 0.64270836 0.69 0.65052086 0.71 0.65052086 0.7133333 0.6546875 0.7158333 0.6692708 0.74833333 0.6723958 0.75416666 0.68645835 0.77166665 0.70416665 0.8025 0.7109375 0.815 0.7109375 0.83 0.709375 0.84166664 0.7078125 0.845 0.703125 0.8516667 0.73333335 0.87833333 0.7473958 0.89 0.7526042 0.88916665 0.7572917 0.8875 0.76145834 0.8825 0.76354164 0.87583333 0.79479164 0.7783333 0.80052084 0.7625 0.7942708 0.76666665 0.790625 0.7683333 0.7796875 0.76416665 0.7375 0.75083333 0.6859375 0.73333335 0.67552084 0.73083335 0.671875 0.7275 0.6692708 0.72083336 0.66510415 0.70916665 0.66510415 0.6925 0.67552084 0.6175 0.67604166 0.58666664 0.6828125 0.56
17 0.68541664 0.5258333 0.68333334 0.56083333 0.67604166 0.58666664 0.67604166 0.6166667 0.6692708 0.6616667 0.665625 0.69083333 0.66510415 0.70916665 0.6713542 0.7266667 0.6744792 0.73 0.75885415 0.7575 0.790625 0.7683333 0.80104166 0.76 0.8072917 0.74583334 0.81354165 0.6958333 0.8276042 0.58666664 0.83020836 0.5725 0.8359375 0.5316667 0.84479165 0.485 0.8484375 0.46416667 0.84739584 0.45583335 0.8463542 0.445 0.8411458 0.43416667 0.82916665 0.42916667 0.8203125 0.42916667 0.8255208 0.46333334 0.8255208 0.47333333 0.82135415 0.48083332 0.81458336 0.48833334 0.8041667 0.4975 0.75989586 0.50916666 0.69166666 0.52416664 0.6875 0.5225
17 0.68385416 0.52 0.6703125 0.52916664 0.6703125 0.54583335 0.6796875 0.555 0.6828125 0.56 0.68541664 0.5258333 0.68645835 0.5233333
17 0.6177083 0.6325 0.6296875 0.6325 0.628125 0.6575 0.6197917 0.6408333
17 0.6609375 0.62916666 0.665625 0.62166667 0.66875 0.6066667 0.66875 0.6 0.67083335 0.5466667 0.6703125 0.49666667 0.66875 0.405 0.66510415 0.39666668 0.6614583 0.38916665 0.6567708 0.38416666 0.65260416 0.38333333 0.6177083 0.38666666 0.59791666 0.3875 0.5796875 0.38916665 0.55885416 0.38666666 0.5385417 0.38833332 0.51979166 0.395 0.5078125 0.395 0.5 0.39333335 0.49583334 0.39083335 0.49270833 0.38083333 0.48958334 0.3775 0.484375 0.37333333 0.48072916 0.3725 0.4765625 0.37416667 0.46875 0.37916666 0.46458334 0.38583332 0.4609375 0.42583334 0.45677084 0.47083333 0.45260417 0.55333334 0.45208332 0.58916664 0.45520833 0.5991667 0.4609375 0.6066667 0.46458334 0.6125 0.49479166 0.61833334 0.55 0.62583333 0.61614585 0.6325 0.65416664 0.6333333 0.6578125 0.63166666
17 0.5083333 0.62 0.50885415 0.625 0.5140625 0.62666667 0.5203125 0.62833333 0.525 0.62916666 0.5385417 0.6383333 0.5421875 0.6325 0.5494792 0.62583333 0.50885415 0.62
17 0.509375 0.6358333 0.5083333 0.625 0.5083333 0.62 0.47916666 0.615 0.4640625 0.6125 0.4546875 0.5991667 0.45208332 0.58916664 0.45260417 0.55083334 0.45625 0.47833332 0.45625 0.4675 0.43541667 0.46916667 0.38385418 0.4725 0.36510417 0.4725 0.36770833 0.52166665 0.36875 0.58416665 0.36927083 0.62 0.3703125 0.6383333 0.3765625 0.65 0.38020834 0.66 0.38645834 0.6691667 0.3921875 0.6775 0.396875 0.6816667 0.40208334 0.68416667 0.40989584 0.68416667 0.41822916 0.68083334 0.42708334 0.6766667 0.43645832 0.6675 0.45104167 0.6508333 0.46302083 0.6458333 0.47083333 0.6458333 0.475 0.65 0.48020834 0.6591667 0.5083333 0.63916665
17 0.5395833 0.6458333 0.5338542 0.6383333 0.52916664 0.6358333 0.5239583 0.63416666 0.4921875 0.6508333 0.47239584 0.66333336 0.45677084 0.6766667 0.44739583 0.6875 0.4359375 0.6975 0.4296875 0.70166665 0.42604166 0.70166665 0.42239583 0.7 0.4171875 0.7008333 0.41145834 0.7033333 0.40520832 0.70666665 0.39635417 0.7083333 0.38229167 0.7125 0.36458334 0.72 0.35572916 0.7275 0.3515625 0.7366667 0.35208333 0.7758333 0.35104167 0.80583334 0.35260418 0.83166665 0.36041668 0.8691667 0.371875 0.91583335 0.37552083 0.94083333 0.3796875 0.94916666 0.38697916 0.955 0.39270833 0.9583333 0.41354167 0.9458333 0.44583333 0.92583334 0.46041667 0.9175 0.48697916 0.9066667 0.54114586 0.88166666 0.5515625 0.87583333 0.56614584 0.87083334 0.5729167 0.87 0.57708335 0.8616667 0.5828125 0.8475 0.5828125 0.8433333 0.57447916 0.80083334 0.565625 0.75666666 0.55885416 0.7275 0.5442708 0.6616667 0.540625 0.64666665
17 0.32083333 0.45916668 0.31354168 0.46583334 0.30833334 0.4725 0.30625 0.47666666 0.29947916 0.48083332 0.29375 0.48333332 0.28541666 0.49083334 0.27760416 0.5175 0.26979166 0.5391667 0.26354167 0.56166667 0.26145834 0.57166666 0.2640625 0.5825 0.27604166 0.6091667 0.28229168 0.62916666 0.28802082 0.6666667 0.29895833 0.69916666 0.30520833 0.71416664 0.3125 0.7225 0.31770834 0.72333336 0.32291666 0.72333336 0.33489582 0.71 0.34166667 0.7008333 0.36145833 0.685 0.37135416 0.68 0.37864584 0.6741667 0.38541666 0.6666667 0.38020834 0.66083336 0.37447917 0.64666665 0.3703125 0.6375 0.36927083 0.61333334 0.36822918 0.55083334 0.36770833 0.5208333 0.36458334 0.4725 0.33125 0.4725 0.32552084 0.46833333 0.321875 0.46083334
17 0.32135418 0.40333334 0.31927082 0.435 0.31979167 0.45583335 0.32239583 0.46166667 0.32552084 0.46666667 0.33020833 0.47166666 0.3328125 0.47166666 0.37239584 0.4725 0.40729168 0.47083333 0.4484375 0.4675 0.45729166 0.4675 0.4640625 0.38666666 0.46822917 0.37916666 0.47083333 0.37666667 0.46510416 0.29083332 0.45989582 0.22916667 0.4546875 0.155 0.45364583 0.14583333 0.44947916 0.13916667 0.43958333 0.13333334 0.40625 0.14416666 0.38125 0.1525 0.35885417 0.15416667 0.34895834 0.155 0.31666666 0.16833334 0.31302083 0.17416666 0.31145832 0.17833333 0.309375 0.195 0.31770834 0.22833334 0.325 0.24583334 0.3296875 0.24833333 0.33333334 0.2525 0.33645833 0.25916666 0.33802083 0.27333334 0.3375 0.2825 0.33177084 0.29166666 0.32916668 0.29833335 0.3265625 0.33083335 0.321875 0.39583334
17 0.4703125 0.35916665 0.48854166 0.35916665 0.49791667 0.36 0.50572914 0.36583334 0.51197916 0.3775 0.5130208 0.385 0.5125 0.395 0.50625 0.395 0.5 0.3925 0.49583334 0.39083335 0.49270833 0.38083333 0.48958334 0.37666667 0.484375 0.37333333 0.48072916 0.3725 0.47135416 0.3775
17 0.5182292 0.39333335 0.51875 0.385 0.521875 0.37333333 0.52708334 0.36583334 0.5359375 0.3575 0.54270834 0.3575 0.5515625 0.36 0.55833334 0.36416668 0.5552083 0.37 0.5541667 0.37416667 0.5541667 0.38166666 0.5541667 0.38666666 0.540625 0.38833332 0.53697914 0.38916665 0.5239583 0.3925 0.51927084 0.395
17 0.565625 0.35 0.55885416 0.36416668 0.55572915 0.37 0.5552083 0.37416667 0.5546875 0.3825 0.5546875 0.3875 0.55833334 0.3875 0.56875 0.3875 0.5859375 0.38833332 0.60729164 0.38666666 0.63385415 0.38583332 0.65260416 0.38333333 0.6557292 0.38333333 0.6614583 0.38916665 0.6692708 0.40416667 0.66875 0.36916667 0.6692708 0.355 0.671875 0.3475 0.67552084 0.34166667 0.68125 0.33833334 0.68385416 0.32833335 0.68125 0.315 0.6703125 0.30666667 0.6614583 0.2975 0.65625 0.28833333 0.6510417 0.27083334 0.64739585 0.2525 0.6536458 0.23 0.65625 0.22333333 0.6510417 0.22166666 0.6453125 0.22166666 0.6359375 0.22833334 0.61927086 0.2525 0.5953125 0.29833335 0.5708333 0.33916667
17 0.784375 0.205 0.7817708 0.21583334 0.7817708 0.23 0.78489584 0.24666667 0.7885417 0.265 0.7953125 0.2975 0.8046875 0.34333333 0.81145835 0.36916667 0.81458336 0.38666666 0.81822914 0.41083333 0.82239586 0.44833332 0.825 0.46416667 0.82447916 0.47333333 0.82239586 0.48 0.81822914 0.48416665 0.809375 0.4925 0.803125 0.49666667 0.76666665 0.50666666 0.7291667 0.5158333 0.69322914 0.5233333 0.690625 0.52416664 0.68541664 0.52166665 0.6802083 0.5158333 0.67395836 0.5058333 0.6723958 0.49916667 0.6734375 0.45083332 0.6713542 0.41666666 0.66875 0.4025 0.66875 0.36666667 0.6692708 0.355 0.67291665 0.34583333 0.6765625 0.34083334 0.6802083 0.3375 0.68333334 0.3275 0.68125 0.315 0.67083335 0.3075 0.66197914 0.2975 0.65625 0.28833333 0.65052086 0.26916668 0.64739585 0.25333333 0.6515625 0.23833333 0.6546875 0.22666667 0.659375 0.22 0.66614586 0.21666667 0.6770833 0.2125 0.7026042 0.2025 0.74375 0.18833333 0.7651042 0.18166667 0.775 0.1875 0.78229165 0.19833334 0.78333336 0.2025
17 0.83125 0.0825 0.85052085 0.093333334 0.88125 0.10916667 0.9057292 0.123333335 0.9109375 0.12916666 0.9166667 0.13833334 0.91979164 0.1475 0.9171875 0.16 0.8932292 0.24166666 0.88958335 0.2575 0.8677083 0.33416668 0.86354166 0.34333333 0.8640625 0.35083333 0.86145836 0.38083333 0.85572916 0.39333335 0.84947914 0.39916667 0.84479165 0.39916667 0.8140625 0.385 0.81145835 0.36916667 0.80052084 0.32 0.78541666 0.2475 0.7817708 0.23083334 0.7817708 0.21583334 0.7859375 0.21666667 0.8171875 0.2175 0.821875 0.2175 0.8296875 0.20583333 0.83125 0.19083333 0.8307292 0.10583334
17 0.086979166 0.245 0.079166666 0.2525 0.075 0.25833333 0.069270834 0.27166668 0.06666667 0.2825 0.067708336 0.3075 0.06614583 0.32166666 0.053125 0.37333333 0.046354167 0.3925 0.0359375 0.43416667 0.034375 0.445 0.044791665 0.46416667 0.0734375 0.51166666 0.088541664 0.53833336 0.09322917 0.5416667 0.098958336 0.5416667 0.1015625 0.5416667 0.108333334 0.54 0.11666667 0.52916664 0.14895834 0.48166665 0.209375 0.38833332 0.24010417 0.34416667 0.246875 0.3275 0.24791667 0.31583333 0.24583334 0.30583334 0.23333333 0.2875 0.20625 0.24166666 0.19895834 0.23 0.1953125 0.22333333 0.16770834 0.18166667 0.15729167 0.1725 0.14791666 0.19666667 0.12916666 0.25583333 0.12708333 0.2625 0.11770833 0.2675 0.1046875 0.25666666 0.0875 0.24416667
17 0.051041666 0.0 0.041145835 0.018333333 0.0234375 0.064166665 0.010416667 0.08916666 0.00052083336 0.111666664 0.0 0.16083333 0.013020833 0.17166667 0.042708334 0.20083334 0.084375 0.24166666 0.108333334 0.26 0.11770833 0.2675 0.12604167 0.26333332 0.13020833 0.25333333 0.146875 0.19833334 0.1625 0.15666667 0.171875 0.125 0.1796875 0.11083333 0.20572917 0.060833335 0.20885417 0.0475 0.2015625 0.015833333 0.19739583 0.0
