20 0.9973958 0.38666666 0.9869792 0.37166667 0.97239584 0.35583332 0.96458334 0.34333333 0.95729166 0.33166668 0.94114584 0.2825 0.86822915 0.35166666 0.8619792 0.35583332 0.79895836 0.39583334 0.79270834 0.39583334 0.7328125 0.49916667 0.7328125 0.50916666 0.73333335 0.5225 0.7265625 0.52666664 0.72447914 0.5375 0.7192708 0.5441667 0.71666664 0.55083334 0.70625 0.53833336 0.6744792 0.4475 0.66302085 0.415 0.6645833 0.46 0.6635417 0.5991667 0.68541664 0.6275 0.7005208 0.6483333 0.70625 0.6566667 0.77135414 0.60083336 0.83020836 0.54 0.840625 0.5325 0.8802083 0.52 0.95885414 0.47166666 0.98541665 0.44916666 0.98854166 0.435 0.99322915 0.42666668 0.9947917 0.41166666 0.99635416 0.4
20 0.6557292 0.4 0.64427084 0.3925 0.5885417 0.3725 0.5578125 0.37333333 0.5161458 0.38 0.51666665 0.46333334 0.5151042 0.46833333 0.521875 0.5775 0.534375 0.6275 0.5390625 0.6383333 0.540625 0.66583335 0.540625 0.6825 0.55572915 0.7183333 0.55572915 0.7341667 0.55 0.7525 0.53125 0.7725 0.5229167 0.78 0.51666665 0.79583335 0.50989586 0.80583334 0.5109375 0.82166666 0.50208336 0.8525 0.5 0.9266667 0.50208336 0.9433333 0.50989586 0.95916665 0.5182292 0.96666664 0.5796875 0.97 0.590625 0.9683333 0.6020833 0.97083336 0.6078125 0.9766667 0.6125 0.9941667 0.61614585 1.0 0.6140625 0.9558333 0.61927086 0.9091667 0.640625 0.82416666 0.6567708 0.7291667 0.66197914 0.6 0.6625 0.59 0.6645833 0.46083334 0.66197914 0.41333333 0.65989584 0.4075
20 0.77135414 0.74833333 0.75364584 0.7183333 0.7270833 0.68416667 0.70416665 0.655 0.6625 0.59583336 0.6567708 0.73 0.64166665 0.8183333 0.6296875 0.8675 0.6484375 0.89916664 0.66822916 0.92833334 0.6765625 0.925 0.69947916 0.8925 0.72760415 0.855 0.7703125 0.75666666
20 0.5151042 0.46333334 0.4890625 0.51416665 0.44791666 0.5808333 0.47083333 0.6091667 0.4921875 0.6458333 0.51145834 0.6875 0.52135414 0.7075 0.534375 0.73833334 0.53229165 0.7683333 0.53020835 0.775 0.5515625 0.75333333 0.55572915 0.73333335 0.55572915 0.7191667 0.54010415 0.6825 0.540625 0.6725 0.5385417 0.6383333 0.53333336 0.625 0.521875 0.57416666 0.5161458 0.48916668 0.5151042 0.46916667 0.5161458 0.46416667
20 0.5109375 0.8025 0.49895832 0.82166666 0.4703125 0.855 0.45833334 0.8566667 0.446875 0.85083336 0.4421875 0.85083336 0.43333334 0.8591667 0.35104167 0.9625 0.32916668 1.0 0.1765625 1.0 0.1390625 0.9266667 0.13958333 0.89916664 0.16145833 0.8725 0.2453125 0.7866667 0.27864584 0.7525 0.28802082 0.745 0.3421875 0.74833333 0.38541666 0.75333333 0.39375 0.66833335 0.396875 0.63416666 0.4109375 0.62583333 0.43020833 0.60833335 0.4421875 0.5908333 0.4484375 0.5808333 0.47395834 0.6125 0.49375 0.6475 0.53489584 0.74083334 0.53020835 0.775 0.521875 0.7825 0.51875 0.79083335 0.51666665 0.7966667
20 0.19479166 0.4525 0.11927083 0.43166667 0.065104164 0.415 0.0265625 0.40583333 0.0171875 0.41166666 0.011979166 0.4175 0.0 0.58166665 0.0 0.665 0.0 0.6666667 0.104166664 0.6816667 0.17864583 0.70166665 0.24947916 0.725 0.271875 0.73583335 0.29270834 0.7441667 0.3859375 0.75416666 0.396875 0.6333333 0.4 0.54833335 0.39895833 0.5083333 0.38958332 0.4925 0.38020834 0.485 0.35520834 0.48 0.33489582 0.47583333 0.34635416 0.50083333 0.3484375 0.545 0.34427083 0.60833335 0.33177084 0.65833336 0.31145832 0.6725 0.2703125 0.68583333 0.24114583 0.6816667 0.20208333 0.67083335 0.18229167 0.67083335 0.16770834 0.6875 0.16354166 0.68916667 0.15885417 0.69 0.15885417 0.6766667 0.16666667 0.6483333 0.17708333 0.62083334 0.18541667 0.59833336 0.1984375 0.58 0.2078125 0.565 0.2109375 0.5541667 0.21197917 0.54083335 0.203125 0.50333333 0.19947916 0.47416666 0.19895834 0.45666668 0.19895834 0.45416668
20 0.20052083 0.31666666 0.20729166 0.36666667 0.20833333 0.395 0.203125 0.425 0.1984375 0.45416668 0.20104167 0.49083334 0.21145834 0.5425 0.20885417 0.56 0.20729166 0.56583333 0.184375 0.6 0.159375 0.6741667 0.15885417 0.69 0.1671875 0.68916667 0.18229167 0.6716667 0.20104167 0.6716667 0.24166666 0.6825 0.271875 0.6875 0.28385416 0.68333334 0.31041667 0.6716667 0.33229166 0.6566667 0.3453125 0.6075 0.34791666 0.5416667 0.34635416 0.50083333 0.33645833 0.47916666 0.31302083 0.42666668 0.30572918 0.405 0.31302083 0.37083334 0.3171875 0.365 0.29114583 0.32833335 0.26979166 0.295 0.25208333 0.30583334 0.234375 0.31333333 0.21614583 0.31416667
20 0.44895834 0.525 0.44322917 0.5233333 0.42291668 0.5225 0.39947918 0.5275 0.4 0.5441667 0.39635417 0.63416666 0.409375 0.62666667 0.43125 0.6075 0.44947916 0.57916665 0.45260417 0.5475 0.45052084 0.5316667
20 0.58020836 0.28583333 0.56614584 0.26833335 0.5125 0.21583334 0.48229167 0.19583334 0.43697917 0.20916666 0.43697917 0.21083333 0.46666667 0.26333332 0.484375 0.285 0.49947917 0.30416667 0.50989586 0.3225 0.5182292 0.33083335 0.5109375 0.3475 0.47447917 0.4125 0.45260417 0.4475 0.41614583 0.49916667 0.403125 0.51166666 0.39791667 0.5083333 0.39947918 0.5275 0.40677083 0.525 0.42395833 0.52166665 0.44635418 0.5233333 0.4484375 0.525 0.45 0.5308333 0.453125 0.5466667 0.44947916 0.57916665 0.4765625 0.53333336 0.49375 0.5058333 0.5151042 0.465 0.5171875 0.46416667 0.5161458 0.38 0.5552083 0.37333333 0.58020836 0.3125 0.58020836 0.29833335 0.58125 0.2925
20 0.35989583 0.00083333335 0.34791666 0.0125 0.32604167 0.021666666 0.31614584 0.026666667 0.30729166 0.034166668 0.3875 0.15 0.43802083 0.20833333 0.459375 0.2 0.48385417 0.19583334 0.4953125 0.19333333 0.503125 0.18333334 0.503125 0.165 0.50104165 0.1375 0.48333332 0.025833333 0.47708333 0.0
20 0.15208334 0.1275 0.12708333 0.1425 0.1203125 0.14583333 0.1125 0.155 0.10989583 0.1625 0.10625 0.1675 0.104166664 0.17416666 0.1109375 0.19 0.1265625 0.25333333 0.1296875 0.25666666 0.13177083 0.26916668 0.1328125 0.29416665 0.1328125 0.3075 0.1390625 0.31666666 0.1484375 0.32 0.159375 0.315 0.17864583 0.31583333 0.20052083 0.31666666 0.23489584 0.31333333 0.27083334 0.295 0.2265625 0.22333333 0.19635417 0.18 0.1828125 0.16416667 0.17864583 0.16 0.16614583 0.1675 0.15989584 0.16916667 0.15416667 0.16333333 0.15 0.1425 0.15104167 0.1325
20 0.32083333 0.36833334 0.34635416 0.41 0.35572916 0.43333334 0.3609375 0.4475 0.36875 0.4575 0.38958332 0.4925 0.37916666 0.48416665 0.33541667 0.47583333 0.31354168 0.4275 0.30572918 0.405 0.31302083 0.36916667 0.31666666 0.36583334 0.31927082 0.36416668
20 0.30364582 0.028333334 0.28125 0.0 0.18489583 0.0 0.17135416 0.0625 0.15208334 0.13 0.15 0.14416666 0.15364583 0.16333333 0.159375 0.16916667 0.17083333 0.165 0.18020834 0.16083333 0.20104167 0.18583333 0.234375 0.235 0.27552083 0.3025 0.31822917 0.36666667 0.3203125 0.36583334 0.346875 0.41 0.3609375 0.44833332 0.40052083 0.51166666 0.4078125 0.50916666 0.41770834 0.49916667 0.46458334 0.42916667 0.5171875 0.33416668 0.5182292 0.33083335 0.503125 0.31083333 0.46458334 0.26083332 0.4375 0.2125 0.43541667 0.20583333 0.38645834 0.15 0.30729166 0.035
20 0.95885414 0.1725 0.925 0.11416667 0.91614586 0.11833333 0.79479164 0.2175 0.7838542 0.22583333 0.7291667 0.20416667 0.71875 0.20916666 0.70104164 0.22833334 0.6802083 0.2525 0.67291665 0.27 0.66979164 0.28166667 0.6567708 0.28083333 0.64739585 0.2925 0.64270836 0.30333334 0.66041666 0.40333334 0.6765625 0.45333335 0.7005208 0.52166665 0.70625 0.54 0.7161458 0.55 0.71979165 0.5425 0.72447914 0.5375 0.7265625 0.5258333 0.7328125 0.52166665 0.73229164 0.5125 0.73333335 0.5 0.74583334 0.475 0.77708334 0.42333335 0.79322916 0.39583334 0.7973958 0.39583334 0.79895836 0.39583334 0.8677083 0.3525 0.903125 0.32 0.95625 0.2675 0.9817708 0.23166667 0.98072916 0.21416667 0.9671875 0.19
