14 0.3625 0.54583335 0.38177082 0.5083333 0.37708333 0.50666666 0.378125 0.48416665 0.38072917 0.4825 0.403125 0.50166667 0.4296875 0.525 0.446875 0.5441667 0.44322917 0.5516667 0.43958333 0.5491667 0.42291668 0.575 0.37447917 0.54833335
14 0.3234375 0.50083333 0.32135418 0.505 0.29635417 0.61333334 0.30052084 0.6191667 0.3171875 0.62916666 0.32552084 0.62833333 0.35052082 0.6358333 0.3984375 0.6625 0.50625 0.72 0.51458335 0.72583336 0.521875 0.7375 0.5229167 0.7441667 0.53802085 0.75333333 0.54010415 0.7475 0.5515625 0.68 0.55364585 0.675 0.5630208 0.66083336 0.5677083 0.64916664 0.5625 0.6433333 0.55 0.635 0.54479164 0.6358333 0.5359375 0.6375 0.50364584 0.62166667 0.42291668 0.575 0.37447917 0.54833335 0.359375 0.545 0.34635416 0.5233333 0.325 0.5025
14 0.559375 0.6 0.5046875 0.60083336 0.4984375 0.5975 0.49583334 0.5933333 0.48854166 0.5833333 0.46927083 0.5825 0.46822917 0.60083336 0.50416666 0.62166667 0.5359375 0.6375 0.54479164 0.6358333 0.5494792 0.635 0.5625 0.6425 0.5598958 0.60333335
14 0.55677086 0.69166666 0.5494792 0.69166666 0.5515625 0.68083334 0.55364585 0.67583334 0.5630208 0.66083336 0.5619792 0.67333335 0.5572917 0.6925
14 0.6296875 0.73333335 0.5578125 0.74083334 0.5552083 0.7291667 0.55364585 0.7075 0.55885416 0.68583333 0.5625 0.67333335 0.56354165 0.66083336 0.5677083 0.64916664 0.5625 0.6425 0.559375 0.5925 0.55572915 0.53 0.55572915 0.49833333 0.5651042 0.47 0.57395834 0.445 0.5776042 0.44 0.5807292 0.43916667 0.5828125 0.43416667 0.5875 0.43333334 0.58697915 0.42833334 0.5828125 0.42 0.559375 0.41916665 0.553125 0.40916666 0.5541667 0.3925 0.5546875 0.39083335 0.54322916 0.36666667 0.54270834 0.35666665 0.6015625 0.3525 0.61614585 0.3525 0.6203125 0.35416666 0.61927086 0.365 0.61822915 0.365 0.61614585 0.36583334 0.6119792 0.39083335 0.61041665 0.42416668 0.61354166 0.54833335 0.6171875 0.66 0.6177083 0.67083335 0.62135416 0.6775 0.62083334 0.68416667 0.6296875 0.6975 0.6302083 0.7191667 0.6296875 0.72833335
14 0.61614585 0.6 0.67291665 0.60083336 0.6869792 0.6 0.696875 0.5858333 0.703125 0.5858333 0.70885414 0.5883333 0.71510416 0.5925 0.71875 0.7075 0.69739586 0.7083333 0.6828125 0.6983333 0.6692708 0.6925 0.6614583 0.6925 0.6255208 0.69083333 0.62083334 0.68416667 0.62135416 0.6775 0.6177083 0.67083335 0.61510414 0.60083336
14 0.540625 0.5233333 0.48125 0.57 0.47447917 0.575 0.46927083 0.5825 0.46302083 0.5908333 0.459375 0.59583336 0.446875 0.5883333 0.4359375 0.555 0.43958333 0.5491667 0.44322917 0.5516667 0.446875 0.5441667 0.42604166 0.5208333 0.41875 0.5 0.43229166 0.49166667 0.44895834 0.49666667 0.45520833 0.49083334 0.4953125 0.46166667 0.521875 0.48666668 0.53333336 0.4975 0.5375 0.50916666 0.54114586 0.5208333
14 0.540625 0.5283333 0.54583335 0.53 0.55572915 0.4975 0.5734375 0.44583333 0.57708335 0.44 0.5807292 0.43916667 0.5828125 0.43416667 0.5875 0.43333334 0.58697915 0.4275 0.5828125 0.42 0.559375 0.41916665 0.5515625 0.40666667 0.49270833 0.36083335 0.3984375 0.27166668 0.39270833 0.27333334 0.384375 0.27666667 0.38333333 0.28083333 0.38697916 0.285 0.38854167 0.2875 0.390625 0.29 0.39114583 0.2925 0.38645834 0.30166668 0.378125 0.31333333 0.36145833 0.32916668 0.35677084 0.33916667 0.3546875 0.34833333 0.3671875 0.35833332 0.390625 0.36416668 0.4953125 0.46166667 0.53333336 0.4975 0.5416667 0.52166665 0.540625 0.5233333
14 0.6145833 0.465 0.6234375 0.45916668 0.62916666 0.4575 0.63645834 0.45583335 0.63958335 0.45083332 0.6432292 0.45583335 0.64635414 0.46166667 0.6510417 0.46083334 0.62395835 0.3475 0.61822915 0.3525 0.6203125 0.35333332 0.61927086 0.365 0.61614585 0.365 0.6125 0.39083335 0.61041665 0.42416668 0.61145836 0.46 0.61145836 0.46666667
14 0.54010415 0.23333333 0.534375 0.31166667 0.53489584 0.33333334 0.540625 0.34916666 0.54479164 0.3475 0.55104166 0.33583334 0.6171875 0.34416667 0.67760414 0.35333332 0.71875 0.36333334 0.72447914 0.36333334 0.73020834 0.36416668 0.74375 0.37416667 0.7473958 0.37833333 0.74895835 0.38333333 0.75989586 0.38666666 0.7651042 0.38666666 0.775 0.28666666 0.77708334 0.26666668 0.7572917 0.26333332 0.734375 0.2725 0.73072916 0.27 0.6479167 0.25666666 0.57447916 0.245 0.5546875 0.23416667 0.5473958 0.22833334 0.54322916 0.22833334
14 0.3203125 0.62916666 0.2765625 0.7191667 0.25052083 0.75916666 0.246875 0.7758333 0.26458332 0.78583336 0.2890625 0.7941667 0.29947916 0.79333335 0.29947916 0.8041667 0.29114583 0.82166666 0.2953125 0.8233333 0.3015625 0.81416667 0.38385418 0.65416664 0.35052082 0.6358333 0.32552084 0.62833333
