3 0.34375 1.0 0.34739584 0.9533333 0.35833332 0.87583333 0.36666667 0.82 0.36927083 0.8025 0.3765625 0.7925 0.38385418 0.7916667 0.4234375 0.81083333 0.48072916 0.8425 0.50885415 0.8541667 0.51354164 0.86 0.5171875 0.8725 0.51354164 0.87416667 0.49270833 0.9025 0.49166667 0.9125 0.5046875 0.95 0.4953125 1.0
3 0.29114583 0.9433333 0.26822916 0.8883333 0.22447917 0.78 0.21510416 0.7525 0.2078125 0.73083335 0.2078125 0.72 0.2140625 0.72 0.22864583 0.7216667 0.2578125 0.71416664 0.27916667 0.70666665 0.31666666 0.68 0.3234375 0.6791667 0.3296875 0.6816667 0.33385417 0.6875 0.33489582 0.69666666 0.33385417 0.70916665 0.3328125 0.7225 0.33229166 0.72833335 0.34270832 0.74833333 0.34322917 0.7633333 0.34479168 0.7783333 0.34895834 0.7991667 0.34635416 0.8225 0.3484375 0.8383333 0.35572916 0.8591667 0.35520834 0.87583333 0.33958334 0.895 0.3296875 0.875 0.32135418 0.87416667 0.31458333 0.8933333 0.309375 0.92333335 0.30260417 0.935 0.29635417 0.94166666
3 0.2265625 0.7175 0.20208333 0.68666667 0.19635417 0.6775 0.19375 0.6625 0.19739583 0.6475 0.23645833 0.58666664 0.2875 0.51916665 0.3296875 0.46666667 0.33802083 0.465 0.34583333 0.47083333 0.35052082 0.49166667 0.346875 0.50666666 0.34270832 0.5316667 0.35104167 0.5316667 0.33125 0.5758333 0.303125 0.6533333 0.29166666 0.6791667 0.290625 0.69083333 0.2953125 0.69416666 0.278125 0.7058333 0.24895833 0.715 0.2328125 0.7191667
3 0.39583334 0.77 0.37864584 0.74083334 0.37708333 0.71416664 0.3515625 0.71666664 0.334375 0.7175 0.33541667 0.69083333 0.334375 0.6875 0.32864583 0.68 0.32291666 0.67833334 0.31666666 0.6791667 0.29947916 0.6925 0.29583332 0.69416666 0.290625 0.68916667 0.29270834 0.68 0.30729166 0.64416665 0.32552084 0.5941667 0.33958334 0.55916667 0.35572916 0.5258333 0.3734375 0.49 0.38645834 0.46916667 0.39895833 0.4825 0.43229166 0.5325 0.45572916 0.5491667 0.46302083 0.56166667 0.48177084 0.6166667 0.48489583 0.6275 0.48333332 0.63916665 0.44895834 0.6975 0.42447916 0.745 0.41145834 0.7675 0.403125 0.77
3 0.19166666 0.6175 0.1375 0.5733333 0.10729167 0.5316667 0.09322917 0.5058333 0.088541664 0.46583334 0.092708334 0.4375 0.123958334 0.3625 0.1640625 0.30416667 0.16875 0.2975 0.18020834 0.29416665 0.19739583 0.31333333 0.21927084 0.35333332 0.24375 0.4 0.23541667 0.43666667 0.23177083 0.455 0.23489584 0.57916665 0.21927084 0.58416665 0.21510416 0.59 0.21979167 0.61 0.20572917 0.6325 0.19947916 0.625
3 0.24479167 0.39583334 0.25625 0.37 0.26041666 0.345 0.26302084 0.34 0.2703125 0.3475 0.2734375 0.36166668 0.27552083 0.38416666 0.28125 0.39083335 0.29010418 0.38583332 0.31458333 0.35416666 0.33333334 0.34166667 0.353125 0.34166667 0.37291667 0.34916666 0.37552083 0.36 0.3734375 0.39083335 0.38072917 0.47166666 0.38072917 0.475 0.37708333 0.48166665 0.3546875 0.52666664 0.34791666 0.53 0.34427083 0.53 0.35052082 0.4925 0.3515625 0.49 0.346875 0.46916667 0.33697918 0.46333334 0.3296875 0.46416667 0.27291667 0.535 0.24270834 0.57666665 0.23489584 0.58666664 0.23645833 0.5783333 0.23541667 0.555 0.2328125 0.45583335 0.24479167 0.40166667
3 0.36770833 0.71666664 0.34427083 0.76166666 0.34322917 0.745 0.33385417 0.7291667 0.33385417 0.7183333 0.36041668 0.7158333
3 0.18541667 0.29416665 0.2671875 0.19333333 0.30989584 0.145 0.32135418 0.1325 0.3375 0.13666667 0.3453125 0.155 0.39114583 0.25083333 0.40625 0.29083332 0.41302082 0.31166667 0.4125 0.32666665 0.37604168 0.37166667 0.37604168 0.36333334 0.37604168 0.36083335 0.3734375 0.34833333 0.35364583 0.34 0.33177084 0.34 0.3140625 0.35333332 0.2921875 0.38166666 0.28125 0.39 0.27604166 0.3825 0.27447918 0.36166668 0.27083334 0.34666666 0.26302084 0.33916667 0.26041666 0.34333333 0.2546875 0.36916667 0.24895833 0.38333333 0.23020834 0.37083334 0.22083333 0.355 0.19739583 0.31166667 0.18645833 0.3
3 0.55885416 0.50916666 0.5651042 0.5466667 0.58125 0.57916665 0.5963542 0.61083335 0.60364586 0.63416666 0.6145833 0.64 0.6276042 0.6041667 0.63177085 0.5883333 0.65520835 0.56 0.6828125 0.52666664 0.7046875 0.5058333 0.73020834 0.465 0.73125 0.45416668 0.72864586 0.44083333 0.6901042 0.37666667 0.66875 0.34 0.63854164 0.29583332 0.6328125 0.28916666 0.6244792 0.28916666 0.59010416 0.34916666 0.5598958 0.40666667 0.54375 0.43333334 0.5375 0.45166665 0.5239583 0.46333334 0.52135414 0.475 0.52135414 0.48833334 0.5338542 0.49583334 0.5421875 0.495 0.5541667 0.49833333
3 0.5484375 0.50083333 0.5046875 0.51 0.4765625 0.51416665 0.45208332 0.5233333 0.446875 0.525 0.45104167 0.5416667 0.45885417 0.55 0.46458334 0.5625 0.48541668 0.62583333 0.49375 0.63416666 0.490625 0.65 0.50208336 0.7058333 0.5046875 0.71 0.5307292 0.70666665 0.534375 0.69083333 0.553125 0.6933333 0.5807292 0.6741667 0.5963542 0.695 0.609375 0.69666666 0.62395835 0.695 0.62864584 0.6825 0.625 0.6383333 0.6203125 0.62666667 0.61510414 0.64 0.603125 0.635 0.5953125 0.61 0.56354165 0.5466667 0.5572917 0.50666666 0.55364585 0.5
3 0.42395833 0.74583334 0.43489584 0.73833334 0.44895834 0.7291667 0.49375 0.715 0.5307292 0.7075 0.5442708 0.7075 0.5463542 0.7225 0.53489584 0.75166667 0.5265625 0.7583333 0.525 0.7658333 0.54010415 0.7683333 0.5515625 0.7758333 0.55572915 0.78583336 0.55625 0.8016667 0.5473958 0.8616667 0.5239583 0.98083335 0.5015625 1.0 0.49583334 1.0 0.50572914 0.94916666 0.49427083 0.92 0.49166667 0.9141667 0.49270833 0.9058333 0.5130208 0.87583333 0.51770836 0.8725 0.5161458 0.8666667 0.5140625 0.86 0.509375 0.85333335 0.4828125 0.8425 0.415625 0.80583334 0.4109375 0.7925 0.40677083 0.78 0.40625 0.7725 0.41041666 0.7708333 0.41822916 0.7583333
