19 0.4203125 0.20583333 0.49479166 0.16166666 0.51458335 0.14833333 0.546875 0.1325 0.5578125 0.13833334 0.5625 0.15 0.578125 0.22333333 0.5911458 0.27 0.59479165 0.285 0.6010417 0.3075 0.60572916 0.33333334 0.6041667 0.34166667 0.59739584 0.35333332 0.53229165 0.39583334 0.4484375 0.44583333 0.44114584 0.44666666 0.4421875 0.44416666 0.45104167 0.39833334 0.45104167 0.38666666 0.446875 0.37583333 0.42239583 0.35916665 0.4015625 0.3475 0.38020834 0.255 0.38020834 0.24166666 0.38229167 0.2325 0.396875 0.22 0.41458333 0.21083333 0.41770834 0.21416667 0.41927084 0.21416667
19 0.39010417 0.20583333 0.4203125 0.205 0.4203125 0.20583333 0.41927084 0.21416667 0.41770834 0.21416667 0.41458333 0.21083333 0.39739582 0.22 0.384375 0.23 0.384375 0.2175 0.38645834 0.21166667
19 0.25885418 0.24916667 0.3 0.22833334 0.35052082 0.2 0.38020834 0.1875 0.384375 0.19 0.3921875 0.2025 0.39322916 0.205 0.39010417 0.20583333 0.38645834 0.21166667 0.384375 0.2175 0.384375 0.23 0.38229167 0.2325 0.38072917 0.24 0.38020834 0.255 0.40104166 0.34583333 0.34010416 0.30666667 0.3375 0.30583334 0.33125 0.30583334 0.32604167 0.3125 0.31770834 0.34666666 0.29322916 0.45333335 0.26614583 0.3225 0.26822916 0.31833333 0.26770833 0.31583333 0.26458332 0.315 0.2546875 0.26333332 0.25625 0.25666666
19 0.29114583 0.45833334 0.27135417 0.5391667 0.26770833 0.56416667 0.26770833 0.5783333 0.27395833 0.58916664 0.28645834 0.5991667 0.32395834 0.6275 0.36041668 0.65166664 0.375 0.6641667 0.38229167 0.66583335 0.3875 0.6641667 0.3921875 0.655 0.43333334 0.485 0.4390625 0.45416668 0.4359375 0.45083332 0.43645832 0.4475 0.4421875 0.45 0.44114584 0.44666666 0.45104167 0.39916667 0.45104167 0.3875 0.446875 0.37583333 0.42291668 0.35916665 0.39895833 0.34583333 0.3875 0.3375 0.33958334 0.30666667 0.33697918 0.30583334 0.33177084 0.30583334 0.32604167 0.3125 0.31666666 0.35 0.29322916 0.455
19 0.46041667 0.4425 0.51875 0.47666666 0.52708334 0.4825 0.53125 0.4925 0.5307292 0.5083333 0.49895832 0.62666667 0.48385417 0.7025 0.48125 0.70416665 0.47916666 0.70666665 0.4796875 0.7108333 0.4828125 0.7133333 0.47135416 0.76166666 0.4640625 0.77 0.45520833 0.7708333 0.3609375 0.7125 0.3375 0.7 0.33177084 0.68833333 0.33177084 0.6716667 0.33958334 0.6383333 0.36145833 0.6525 0.375 0.6641667 0.38333333 0.6666667 0.38802084 0.66333336 0.3921875 0.655 0.4078125 0.5908333 0.4296875 0.50166667 0.4390625 0.455 0.4359375 0.45 0.43697917 0.44833332 0.4421875 0.45 0.44166666 0.44666666 0.44791666 0.44583333 0.45729166 0.44
19 0.28072917 0.59583336 0.27916667 0.6116667 0.28229168 0.625 0.28489584 0.6308333 0.29270834 0.635 0.31770834 0.6425 0.31979167 0.6375 0.32239583 0.6375 0.32291666 0.64416665 0.33697918 0.6483333 0.34010416 0.6383333 0.32291666 0.6275 0.2859375 0.5991667 0.28125 0.595
19 0.5546875 0.5125 0.575 0.5425 0.61041665 0.58416665 0.6140625 0.6 0.61145836 0.6091667 0.59479165 0.6483333 0.5619792 0.70416665 0.5338542 0.76 0.52552086 0.77666664 0.5239583 0.77666664 0.52135414 0.7758333 0.51979166 0.77666664 0.51979166 0.7808333 0.52135414 0.7866667 0.50364584 0.82 0.49479166 0.82666665 0.4890625 0.825 0.48333332 0.82166666 0.44947916 0.7675 0.4546875 0.77 0.4640625 0.77 0.47083333 0.7625 0.4828125 0.7133333 0.4796875 0.7108333 0.47916666 0.70666665 0.48385417 0.7025 0.49791667 0.6333333 0.49895832 0.62666667 0.51875 0.555 0.53020835 0.51 0.5317708 0.4925 0.52708334 0.4825 0.51927084 0.4775 0.50104165 0.46666667 0.50364584 0.46083334 0.509375 0.45583335 0.5151042 0.4575 0.51979166 0.46083334 0.5442708 0.495
19 0.56041664 0.505 0.56875 0.49833333 0.5734375 0.49916667 0.5807292 0.5025 0.60833335 0.5475 0.66822916 0.6425 0.67083335 0.65416664 0.67083335 0.6625 0.65520835 0.68916667 0.6458333 0.7033333 0.6432292 0.7008333 0.6411458 0.7008333 0.6411458 0.7058333 0.6411458 0.70916665 0.6020833 0.765 0.55364585 0.8466667 0.54895836 0.85583335 0.540625 0.86083335 0.5359375 0.8591667 0.5317708 0.855 0.5078125 0.8125 0.52135414 0.78583336 0.51979166 0.78 0.51979166 0.77666664 0.521875 0.77666664 0.52552086 0.77666664 0.56354165 0.70166665 0.5875 0.66 0.59583336 0.645 0.6125 0.6075 0.61354166 0.6 0.6109375 0.58416665 0.5921875 0.5625 0.575 0.5425 0.55572915 0.51416665
19 0.5786458 0.36666667 0.5786458 0.41166666 0.5765625 0.42333335 0.5708333 0.4325 0.565625 0.4325 0.53697914 0.435 0.5359375 0.4275 0.534375 0.42666668 0.5328125 0.42833334 0.5328125 0.435 0.46041667 0.43833333 0.51666665 0.405 0.578125 0.36666667
19 0.6276042 0.0 0.7526042 0.015 0.75989586 0.021666666 0.76197916 0.026666667 0.7583333 0.08416667 0.75416666 0.085 0.753125 0.09 0.7572917 0.09166667 0.7505208 0.16666667 0.74895835 0.19916667 0.74427086 0.3025 0.7421875 0.31416667 0.7375 0.32 0.7291667 0.32166666 0.72760415 0.32416666 0.671875 0.31416667 0.6088542 0.30833334 0.59947914 0.30166668 0.5942708 0.285 0.6046875 0.14666666 0.6078125 0.071666665 0.6119792 0.07 0.61302084 0.068333335 0.6119792 0.065 0.60833335 0.064166665 0.61145836 0.0125 0.61875 0.0 0.621875 0.0
