6 0.35208333 0.3675 0.35208333 0.3625 0.3546875 0.34333333 0.3578125 0.3375 0.41510418 0.36416668 0.46041667 0.38583332 0.459375 0.40583333 0.4546875 0.42333335 0.41979167 0.405 0.3640625 0.3725
6 0.4953125 0.185 0.50677085 0.18833333 0.5072917 0.1925 0.5005208 0.22 0.4859375 0.26 0.47447917 0.30833334 0.46875 0.3325 0.47760418 0.27333334 0.48541668 0.22666667 0.49375 0.18416667
6 0.25572917 0.5625 0.26666668 0.5725 0.26145834 0.595 0.25729167 0.63916665 0.2546875 0.71666664 0.24322917 0.73833334 0.22708334 0.73083335 0.21614583 0.7191667 0.2328125 0.6625 0.23958333 0.62083334 0.24947916 0.5925 0.25416666 0.565
6 0.27135417 0.5733333 0.31041667 0.605 0.31927082 0.61083335 0.32552084 0.62333333 0.33229166 0.62666667 0.3484375 0.63 0.35885417 0.63416666 0.36145833 0.63666666 0.36197916 0.64916664 0.35 0.6775 0.34479168 0.69083333 0.3484375 0.72 0.3453125 0.7366667 0.33854166 0.7658333 0.33072916 0.84833336 0.32760417 0.85083336 0.2703125 0.8183333 0.22291666 0.7966667 0.22291666 0.79083335 0.225 0.7816667 0.2296875 0.76666665 0.24270834 0.7391667 0.25416666 0.71666664 0.25677082 0.6408333 0.26145834 0.59583336 0.26666668 0.5708333
6 0.32135418 0.61083335 0.3359375 0.62083334 0.34114584 0.62833333 0.3328125 0.62666667 0.32552084 0.62333333 0.31927082 0.61083335
6 0.35260418 0.62916666 0.37760416 0.6333333 0.39322916 0.645 0.35416666 0.8125 0.33541667 0.7975 0.33854166 0.76666665 0.3484375 0.72 0.34427083 0.69 0.36197916 0.64916664 0.3609375 0.6358333 0.35 0.6308333
6 0.6401042 0.40333334 0.7 0.3925 0.7421875 0.38333333 0.72291666 0.4125 0.7203125 0.4175 0.68541664 0.435 0.68125 0.44 0.64427084 0.44916666 0.6401042 0.42333335
6 0.6489583 0.48416665 0.6666667 0.51916665 0.68541664 0.5625 0.696875 0.605 0.69947916 0.61833334 0.7104167 0.6141667 0.72447914 0.5858333 0.7369792 0.55 0.753125 0.54583335 0.75677085 0.57416666 0.7651042 0.62833333 0.76354164 0.6325 0.7046875 0.64166665 0.6510417 0.6433333 0.6588542 0.56 0.66041666 0.54
6 0.63697916 0.4575 0.64479166 0.4475 0.68072915 0.44 0.6859375 0.435 0.71979165 0.41833332 0.72552085 0.40833333 0.74375 0.38 0.75364584 0.375 0.7703125 0.41833332 0.78333336 0.4475 0.79791665 0.5075 0.80364585 0.54 0.7526042 0.545 0.7369792 0.5491667 0.7239583 0.5875 0.7109375 0.6141667 0.69947916 0.6175 0.696875 0.6041667 0.684375 0.56083333 0.6635417 0.51416665 0.64947915 0.48416665
6 0.390625 0.115 0.40364584 0.12666667 0.428125 0.12666667 0.4484375 0.12666667 0.48125 0.13333334 0.4984375 0.13916667 0.49947917 0.16 0.49635416 0.17 0.48541668 0.22583333 0.47760418 0.2725 0.46875 0.33416668 0.465625 0.365 0.46041667 0.38666666 0.38385418 0.34916666 0.35052082 0.33416668 0.35625 0.30166668 0.36354166 0.29083332 0.37864584 0.23166667 0.38802084 0.19833334 0.39270833 0.14416666 0.39270833 0.12833333 0.38958332 0.11416667
