2 0.13697916 0.4725 0.16354166 0.44583333 0.2140625 0.39166668 0.24010417 0.565 0.24739583 0.61833334 0.25052083 0.64166665 0.2796875 0.63416666 0.27604166 0.6508333 0.284375 0.66333336 0.28802082 0.7008333 0.31979167 0.6933333 0.34010416 0.72 0.27239582 0.79333335 0.26822916 0.7966667 0.146875 0.50166667
2 0.19479166 0.38333333 0.20885417 0.3975 0.17239584 0.43583333 0.17604166 0.42583334
2 0.19635417 0.26583335 0.28072917 0.23666666 0.3015625 0.23166667 0.371875 0.20833333 0.38385418 0.28583333 0.37604168 0.29166666 0.3484375 0.29416665 0.2546875 0.31083333 0.25520834 0.31833333 0.28489584 0.6625 0.27604166 0.6525 0.2796875 0.63416666 0.25104168 0.6425 0.24895833 0.6275 0.23802084 0.55083334 0.21458334 0.3925 0.19479166 0.26833335
2 0.38333333 0.285 0.43333334 0.27583334 0.43802083 0.32833335 0.4515625 0.46083334 0.4640625 0.5883333 0.47083333 0.6533333 0.44583333 0.66083336 0.3703125 0.6791667 0.31822917 0.6933333 0.28802082 0.7 0.284375 0.66 0.25833333 0.35833332 0.2546875 0.31 0.35364583 0.29333332 0.37760416 0.29166666
2 0.44791666 0.37833333 0.5203125 0.45583335 0.5484375 0.48416665 0.5338542 0.5208333 0.47083333 0.67833334 0.42135417 0.80333334 0.409375 0.7941667 0.38229167 0.7683333 0.35104167 0.73333335 0.34010416 0.72 0.32083333 0.69416666 0.40833333 0.67 0.47083333 0.65416664 0.44270834 0.3725
2 0.5229167 0.35666665 0.62916666 0.5491667 0.6333333 0.55916667 0.62083334 0.58 0.46510416 0.8183333 0.43541667 0.7683333 0.54791665 0.48583335 0.48020834 0.41333333
2 0.5046875 0.19833334 0.51979166 0.225 0.5625 0.3225 0.60260415 0.415 0.6041667 0.42083332 0.57447916 0.45166665 0.5234375 0.35666665 0.48020834 0.4125 0.44322917 0.3725 0.4328125 0.2775 0.4515625 0.25166667 0.471875 0.22666667 0.49791667 0.2025
2 0.12447917 0.0775 0.094791666 0.0 0.21979167 0.0 0.1421875 0.068333335
2 0.7109375 0.046666667 0.66979164 0.0 0.7348958 0.0 0.71666664 0.0375
2 0.08802083 0.62416667 0.13072917 0.52916664 0.14635417 0.49916667 0.19322917 0.615 0.26614583 0.79333335 0.26770833 0.7975 0.2703125 0.79583335 0.3390625 0.72083336 0.296875 0.8258333 0.26666668 0.79833335 0.2359375 0.7675 0.17760417 0.7058333 0.1140625 0.6475
