21 0.041666668 0.69166666 0.036979165 0.76416665 0.039583333 0.7816667 0.045833334 0.79333335 0.052083332 0.7941667 0.08541667 0.795 0.15625 0.7891667 0.159375 0.7875 0.18229167 0.7841667 0.18958333 0.7775 0.19322917 0.7575 0.18489583 0.73583335 0.17916666 0.755 0.16875 0.7633333 0.1640625 0.76416665 0.0546875 0.6983333
21 0.07239583 0.5025 0.0484375 0.56166667 0.016666668 0.6525 0.017708333 0.66333336 0.021875 0.67833334 0.025520833 0.6816667 0.041666668 0.69083333 0.103125 0.7275 0.16458334 0.76416665 0.17083333 0.76166666 0.17916666 0.75416666 0.1859375 0.7325 0.18229167 0.62833333 0.184375 0.6166667 0.19479166 0.6091667 0.18177083 0.5941667 0.18125 0.5825 0.18697916 0.56166667 0.1859375 0.515 0.18697916 0.495 0.1625 0.42416668 0.153125 0.38416666 0.15833333 0.36666667 0.16458334 0.36833334 0.16927083 0.3875 0.18020834 0.38583332 0.19322917 0.36666667 0.20833333 0.32333332 0.22760417 0.30083334 0.21041666 0.265 0.203125 0.26333332 0.190625 0.27333334 0.16614583 0.31583333 0.12864584 0.38333333 0.0984375 0.4575 0.086979166 0.49 0.080729164 0.49583334
21 0.021875 0.32 0.0375 0.315 0.046875 0.3175 0.075 0.33583334 0.08177083 0.33833334 0.09427083 0.3275 0.10104167 0.3175 0.108333334 0.31583333 0.13177083 0.3175 0.14791666 0.34833333 0.12604167 0.38916665 0.10364583 0.44333333 0.086979166 0.48916668 0.071875 0.50333333 0.0453125 0.5683333 0.036458332 0.47 0.024479168 0.39833334 0.016666668 0.33416668 0.017708333 0.32833335
21 0.053645834 0.10583334 0.10729167 0.06 0.128125 0.0475 0.1375 0.045 0.1546875 0.018333333 0.16302083 0.0033333334 0.171875 0.00083333335 0.17916666 0.008333334 0.1859375 0.02 0.22291666 0.119166665 0.24947916 0.18916667 0.27604166 0.24833333 0.3171875 0.34833333 0.3375 0.40416667 0.33697918 0.4125 0.33229166 0.42916667 0.29583332 0.46583334 0.29375 0.46166667 0.26979166 0.38416666 0.25833333 0.3275 0.24947916 0.30833334 0.24427083 0.28916666 0.228125 0.3025 0.21041666 0.265 0.20260416 0.2625 0.19114584 0.27333334 0.17864583 0.29416665 0.14791666 0.34916666 0.12708333 0.30666667 0.09322917 0.2275 0.054166667 0.1425 0.05 0.13083333 0.05 0.1175
21 0.31145832 0.5233333 0.31302083 0.5416667 0.3328125 0.6166667 0.3453125 0.67 0.34895834 0.69416666 0.346875 0.7108333 0.3421875 0.725 0.33333334 0.72833335 0.3265625 0.7316667 0.30677083 0.7416667 0.25989583 0.75666666 0.228125 0.7625 0.20104167 0.7633333 0.19322917 0.7575 0.18489583 0.7366667 0.18645833 0.7325 0.18229167 0.6308333 0.18385416 0.6175 0.19427083 0.6091667 0.18177083 0.5933333 0.18125 0.58166665 0.18697916 0.5625 0.1859375 0.5158333 0.18697916 0.49583334 0.16666667 0.4375 0.16197917 0.425 0.15364583 0.38333333 0.15833333 0.36666667 0.16458334 0.36833334 0.16927083 0.38666666 0.18072917 0.38583332 0.19270833 0.36666667 0.20833333 0.32333332 0.22760417 0.30166668 0.22916667 0.30166668 0.24375 0.29 0.24895833 0.3075 0.25833333 0.3275 0.26927084 0.38083333 0.2953125 0.46666667 0.30833334 0.505
21 0.30989584 0.46 0.33333334 0.4825 0.37135416 0.5208333 0.3734375 0.54 0.37083334 0.54833335 0.3640625 0.5708333 0.35520834 0.5875 0.346875 0.6025 0.33802083 0.63416666 0.33697918 0.6325 0.31302083 0.5425 0.31145832 0.52416664 0.30885416 0.5058333 0.2953125 0.465 0.30520833 0.45666668
21 0.39739582 0.29916668 0.42604166 0.36916667 0.440625 0.40833333 0.440625 0.41583332 0.43802083 0.43 0.43125 0.435 0.41041666 0.45166665 0.3484375 0.49666667 0.346875 0.49666667 0.31302083 0.4625 0.30989584 0.46 0.3046875 0.45666668 0.33177084 0.43 0.33645833 0.41416666 0.3375 0.405 0.31458333 0.34083334 0.2890625 0.28 0.33072916 0.255 0.39427084 0.22833334 0.4046875 0.2375 0.40572917 0.24416667 0.40885416 0.255 0.40989584 0.27833334 0.40364584 0.29
21 0.8442708 0.69083333 0.85625 0.76166666 0.8822917 0.8566667 0.8854167 0.87166667 0.8802083 0.8883333 0.8744792 0.89666665 0.8151042 0.9291667 0.77447915 0.9575 0.76770836 0.95666665 0.75677085 0.945 0.74322915 0.895 0.73802084 0.85583335 0.728125 0.76916665 0.7239583 0.69083333 0.7291667 0.67583334 0.70520836 0.6616667 0.69375 0.64416665 0.70104164 0.6458333 0.71458334 0.65416664 0.7317708 0.6625 0.75677085 0.6666667 0.79322916 0.68416667 0.82916665 0.69
21 0.89427084 0.44916666 0.89427084 0.50416666 0.8953125 0.5275 0.92604166 0.65416664 0.92604166 0.66583335 0.9213542 0.6766667 0.9015625 0.68666667 0.8776042 0.6933333 0.86041665 0.69 0.84375 0.69083333 0.79270834 0.68416667 0.7578125 0.6666667 0.73333335 0.66333336 0.7140625 0.65416664 0.696875 0.64416665 0.6848958 0.6425 0.6645833 0.6475 0.646875 0.64666665 0.6421875 0.6383333 0.64166665 0.62833333 0.6421875 0.6225 0.65208334 0.6091667 0.66041666 0.59833336 0.66614586 0.56333333 0.66979164 0.53333336 0.67864585 0.49916667 0.6901042 0.4625 0.703125 0.43166667 0.70989585 0.42833334 0.7213542 0.43333334 0.7260417 0.44583333 0.7270833 0.50166667 0.7270833 0.5108333 0.7328125 0.52 0.7416667 0.50416666 0.7526042 0.50916666 0.75885415 0.49083334 0.78020835 0.47583333 0.82916665 0.45666668 0.859375 0.44416666 0.865625 0.44 0.88385415 0.43166667 0.8901042 0.435
21 0.8052083 0.2075 0.86302084 0.33 0.89166665 0.38583332 0.8932292 0.40416667 0.8921875 0.41583332 0.8833333 0.4275 0.87395835 0.43583333 0.8671875 0.4375 0.85729164 0.445 0.78020835 0.47583333 0.75885415 0.49083334 0.753125 0.50916666 0.73854166 0.50416666 0.7270833 0.50166667 0.7260417 0.44666666 0.7213542 0.4325 0.7104167 0.4275 0.703125 0.43166667 0.69427085 0.45166665 0.6791667 0.495 0.66979164 0.5316667 0.66614586 0.56666666 0.6640625 0.5758333 0.65520835 0.5725 0.6390625 0.555 0.6302083 0.53 0.62864584 0.50916666 0.63125 0.48083332 0.62708336 0.4625 0.6145833 0.4425 0.60260415 0.44333333 0.5963542 0.43916667 0.58489585 0.41916665 0.58385414 0.41083333 0.58802086 0.40583333 0.609375 0.4 0.63645834 0.38666666 0.6614583 0.36833334 0.66770834 0.3675 0.709375 0.36833334 0.72083336 0.35666665 0.72447914 0.34916666 0.7192708 0.33166668 0.7182292 0.295 0.7234375 0.28416666 0.76979166 0.225 0.7895833 0.20333333 0.79791665 0.20333333
21 0.32604167 0.7316667 0.31979167 0.77166665 0.30885416 0.81333333 0.2828125 0.8883333 0.271875 0.925 0.26927084 0.945 0.25989583 0.95166665 0.25364584 0.94916666 0.215625 0.9141667 0.1703125 0.85583335 0.15104167 0.83 0.14895834 0.81583333 0.14895834 0.80583334 0.15885417 0.78833336 0.18229167 0.78333336 0.1890625 0.7783333 0.19322917 0.7575 0.20052083 0.7633333 0.22916667 0.7633333 0.26302084 0.7558333 0.3109375 0.74
