15 0.33229166 0.50083333 0.35989583 0.46333334 0.36197916 0.46166667 0.359375 0.45583335 0.3703125 0.44666666 0.40104166 0.4075 0.45052084 0.34833333 0.45208332 0.35 0.48854166 0.31 0.49791667 0.30666667 0.509375 0.30916667 0.5109375 0.30416667 0.51458335 0.31 0.52239585 0.30083334 0.52552086 0.31416667 0.51770836 0.31666666 0.51875 0.32583332 0.51458335 0.3275 0.5125 0.34166667 0.5078125 0.35166666 0.48958334 0.3725 0.48697916 0.3725 0.46354166 0.37833333 0.42239583 0.38666666 0.42083332 0.38916665 0.41614583 0.39666668 0.4140625 0.40166667 0.409375 0.40416667 0.40729168 0.4075 0.40208334 0.41166666 0.39895833 0.415 0.40052083 0.42083332 0.40677083 0.42 0.41458333 0.42083332 0.42135417 0.4325 0.43333334 0.43666667 0.43541667 0.4375 0.409375 0.47 0.35989583 0.5325 0.34895834 0.5425 0.3375 0.5391667 0.3359375 0.5425 0.33125 0.54 0.32447916 0.54583335 0.32239583 0.54583335 0.31875 0.53833336 0.32708332 0.5316667 0.32760417 0.52416664 0.32916668 0.50916666
15 0.32604167 0.74583334 0.35416666 0.81583333 0.36041668 0.8333333 0.3703125 0.83916664 0.375 0.8408333 0.37864584 0.84833336 0.38489583 0.85583335 0.3890625 0.8516667 0.39010417 0.84583336 0.38385418 0.8375 0.38489583 0.82666665 0.3859375 0.8041667 0.36822918 0.75333333
15 0.4375 0.77166665 0.43020833 0.7925 0.421875 0.7966667 0.41770834 0.8 0.4140625 0.8025 0.41302082 0.815 0.40989584 0.815 0.40520832 0.8125 0.39895833 0.80083334 0.4046875 0.79583335 0.40416667 0.7816667 0.40416667 0.7683333 0.40520832 0.76166666 0.4359375 0.76916665
15 0.31614584 0.6875 0.34791666 0.6933333 0.44322917 0.71666664 0.5130208 0.72833335 0.52760416 0.735 0.5338542 0.74666667 0.534375 0.74916667 0.53802085 0.75 0.5385417 0.75333333 0.55 0.7558333 0.5463542 0.77166665 0.5390625 0.7675 0.53333336 0.76916665 0.52760416 0.78 0.515625 0.7841667 0.4359375 0.76916665 0.365625 0.7525 0.32552084 0.74583334 0.3109375 0.7366667 0.30572918 0.7266667 0.30416667 0.72 0.2984375 0.7175 0.29375 0.7225 0.29166666 0.72 0.28854167 0.70916665 0.2890625 0.7058333 0.30052084 0.705 0.30208334 0.70166665 0.30677083 0.7008333
15 0.278125 0.5341667 0.28177083 0.53833336 0.30885416 0.60333335 0.34427083 0.6925 0.3171875 0.6875 0.30729166 0.7008333 0.26302084 0.5908333 0.25 0.5575 0.25104168 0.5341667 0.24947916 0.5233333 0.2453125 0.51166666 0.25052083 0.5075 0.25416666 0.5075 0.25572917 0.5175 0.2609375 0.5208333 0.2734375 0.52666664
15 0.35260418 0.54333335 0.47291666 0.5375 0.5130208 0.53583336 0.5265625 0.5375 0.53541666 0.55083334 0.5395833 0.55 0.54114586 0.55583334 0.55104166 0.555 0.5515625 0.5675 0.5416667 0.5675 0.53541666 0.57416666 0.528125 0.5858333 0.5234375 0.58916664 0.43229166 0.5933333 0.33958334 0.59583336 0.328125 0.59583336 0.3203125 0.58916664 0.3125 0.57666665 0.309375 0.57666665 0.3015625 0.58 0.3 0.57166666 0.30208334 0.56666666 0.30885416 0.56583333 0.309375 0.56166667 0.3125 0.56083333 0.32239583 0.5466667 0.328125 0.5441667 0.34166667 0.54333335
15 0.46614584 0.5133333 0.48125 0.4575 0.48802084 0.45333335 0.490625 0.4475 0.49479166 0.44583333 0.4953125 0.43583333 0.5 0.435 0.5026042 0.43583333 0.50364584 0.43916667 0.5072917 0.44333333 0.5083333 0.44833332 0.50208336 0.4525 0.50364584 0.45666668 0.5026042 0.45916668 0.5072917 0.465 0.509375 0.4775 0.49635416 0.5366667 0.459375 0.5375
15 0.50625 0.5108333 0.5046875 0.49916667 0.51197916 0.49833333 0.5161458 0.49916667 0.51354164 0.51416665 0.51770836 0.5175 0.51770836 0.52 0.5234375 0.52666664 0.52447915 0.5366667 0.51666665 0.53583336 0.49635416 0.53583336 0.49895832 0.52666664 0.503125 0.5208333 0.503125 0.51666665 0.503125 0.51666665 0.503125 0.51666665
15 0.4484375 0.5933333 0.41875 0.70916665 0.4203125 0.71 0.453125 0.7191667 0.47395834 0.62583333 0.47083333 0.62083334 0.46614584 0.6191667 0.4640625 0.6075 0.46510416 0.6041667 0.4796875 0.6041667 0.48385417 0.5908333
15 0.490625 0.5991667 0.60625 0.67 0.6796875 0.7175 0.6848958 0.72833335 0.6859375 0.735 0.68958336 0.7366667 0.6901042 0.7391667 0.69114584 0.74583334 0.696875 0.7441667 0.696875 0.75333333 0.6958333 0.7608333 0.6875 0.7558333 0.68333334 0.7583333 0.6770833 0.77 0.6723958 0.77166665 0.60052085 0.7266667 0.48072916 0.64916664 0.47864583 0.64416665 0.47447917 0.6333333 0.47395834 0.62583333 0.47135416 0.62166667 0.46822917 0.62083334 0.465625 0.6191667 0.4640625 0.6075 0.46510416 0.6041667 0.47916666 0.6041667 0.48333332 0.605
15 0.528125 0.58916664 0.52916664 0.62166667 0.50885415 0.61083335 0.496875 0.6041667 0.49635416 0.5908333 0.5104167 0.59 0.52135414 0.59 0.52552086 0.5875
15 0.49947917 0.6625 0.49947917 0.7266667 0.5151042 0.7291667 0.528125 0.735 0.5328125 0.74583334 0.53020835 0.68083334
15 0.5338542 0.77166665 0.5359375 0.8675 0.5359375 0.87166667 0.5317708 0.8833333 0.5286458 0.88416666 0.52708334 0.89 0.5328125 0.89916664 0.5307292 0.90416664 0.52135414 0.9091667 0.51666665 0.905 0.51875 0.89666665 0.5151042 0.8875 0.5072917 0.8808333 0.50572914 0.8691667 0.5015625 0.7816667 0.51666665 0.7841667 0.52760416 0.78 0.53333336 0.77
15 0.6484375 0.75916666 0.62708336 0.87916666 0.61927086 0.8983333 0.6125 0.89916664 0.6109375 0.9033333 0.60833335 0.905 0.6088542 0.9191667 0.6015625 0.9175 0.59791666 0.91583335 0.59739584 0.91083336 0.6 0.90166664 0.59791666 0.8958333 0.59791666 0.8908333 0.5932292 0.8775 0.5953125 0.8616667 0.61927086 0.7375 0.64739585 0.75666666
15 0.6515625 0.43833333 0.70885414 0.51166666 0.76145834 0.57666665 0.76458335 0.5908333 0.7651042 0.60333335 0.77239585 0.6041667 0.77135414 0.61083335 0.76666665 0.62333333 0.75989586 0.6125 0.7546875 0.6141667 0.74114585 0.61333334 0.67552084 0.5366667 0.6411458 0.4925 0.58958334 0.42333335 0.6328125 0.42083332 0.63697916 0.41666666
15 0.68072915 0.56416667 0.68072915 0.5833333 0.65989584 0.705 0.62864584 0.68416667 0.65208334 0.56083333 0.65989584 0.5525 0.6635417 0.55083334 0.66822916 0.54333335 0.66875 0.5325 0.6734375 0.53333336 0.67864585 0.5416667 0.67760414 0.5441667 0.6744792 0.5491667 0.6744792 0.5566667 0.67760414 0.56166667
15 0.56354165 0.365 0.56875 0.3575 0.57239586 0.35416666 0.57604164 0.36916667 0.565625 0.36916667
15 0.58125 0.36666667 0.5885417 0.36333334 0.5921875 0.36416668 0.59479165 0.36833334 0.5807292 0.36916667
15 0.42447916 0.38583332 0.44479167 0.3825 0.48541668 0.37416667 0.5515625 0.36916667 0.61927086 0.36833334 0.6359375 0.37083334 0.6432292 0.37916666 0.6458333 0.38666666 0.6484375 0.38416666 0.65052086 0.385 0.6515625 0.38916665 0.6614583 0.38833332 0.6609375 0.4 0.6515625 0.39916667 0.646875 0.4025 0.64479166 0.40416667 0.6390625 0.415 0.63125 0.42166665 0.5 0.42833334 0.4328125 0.43666667 0.42135417 0.43333334 0.41458333 0.42083332 0.4078125 0.42 0.40520832 0.42083332 0.40052083 0.42166665 0.39947918 0.415 0.40260416 0.41083333 0.40729168 0.40833333 0.409375 0.40416667 0.41354167 0.4025 0.4203125 0.38916665
