5 0.25052083 0.47916666 0.278125 0.425 0.38541666 0.34416667 0.42083332 0.31416667 0.44583333 0.3575 0.48958334 0.5366667 0.4921875 0.5566667 0.4890625 0.5825 0.475 0.5883333 0.34322917 0.6591667 0.33333334 0.6675 0.32708332 0.6675 0.31927082 0.65833336 0.31458333 0.64166665 0.29947916 0.62166667 0.2796875 0.5775 0.275 0.5516667 0.2734375 0.50083333 0.2734375 0.4675 0.25989583 0.47916666 0.25260416 0.49083334 0.24947916 0.49916667 0.24895833 0.49083334
5 0.5 0.45916668 0.5286458 0.47333333 0.58958334 0.495 0.62135416 0.495 0.6588542 0.505 0.6796875 0.515 0.6765625 0.5341667 0.65416664 0.63666666 0.63385415 0.7058333 0.63072914 0.7266667 0.6276042 0.7683333 0.6333333 0.8125 0.6354167 0.8283333 0.6333333 0.8433333 0.62916666 0.84833336 0.55364585 0.8225 0.54270834 0.81416667 0.52552086 0.7991667 0.52239585 0.81666666 0.45520833 0.7925 0.45520833 0.7916667 0.45520833 0.78 0.47916666 0.6575 0.49166667 0.57 0.496875 0.45666668
14 0.45989582 0.105 0.47447917 0.14083333 0.5307292 0.215 0.55052084 0.24 0.56041664 0.29583332 0.5640625 0.30333334 0.58229166 0.30333334 0.60833335 0.2875 0.61145836 0.30333334 0.62395835 0.30333334 0.63385415 0.32333332 0.6015625 0.37 0.5875 0.3825 0.578125 0.37666667 0.57135415 0.3675 0.453125 0.22416666 0.428125 0.19416666 0.41770834 0.20166667 0.41041666 0.19666667 0.4234375 0.155 0.45052084 0.094166666
8 0.36822918 0.23583333 0.40885416 0.30166668 0.42239583 0.31583333 0.45989582 0.38166666 0.49479166 0.45 0.49947917 0.45833334 0.521875 0.46916667 0.5625 0.405 0.5854167 0.38333333 0.4609375 0.23333333 0.428125 0.19416666 0.41770834 0.20166667 0.41041666 0.19666667 0.4234375 0.15416667 0.4484375 0.09916667 0.45052084 0.094166666 0.45989582 0.105 0.47447917 0.14083333 0.54010415 0.2275 0.5515625 0.24 0.5416667 0.21583334 0.49635416 0.1475 0.4828125 0.11416667 0.47604167 0.094166666 0.46770832 0.083333336 0.46041667 0.07833333 0.45260417 0.07833333 0.42864582 0.119166665 0.4078125 0.15 0.38229167 0.185 0.36822918 0.21 0.36666667 0.22583333
11 0.5911458 0.86833334 0.6177083 0.8666667 0.66822916 0.8625 0.7015625 0.86833334 0.69114584 0.9766667 0.68854165 0.99916667 0.4828125 0.9975 0.49114582 0.95416665 0.51197916 0.86 0.5229167 0.815 0.52552086 0.80083334 0.5473958 0.8183333 0.5572917 0.82666665 0.58385414 0.8408333 0.58697915 0.85833335
4 0.49479166 0.935 0.4796875 0.93833333 0.46614584 0.9458333 0.45364583 0.955 0.4421875 0.97583336 0.43645832 0.99916667 0.48125 0.99916667 0.49114582 0.95 0.4921875 0.94416666
6 0.61927086 0.34583333 0.6223958 0.36166668 0.62708336 0.38083333 0.6333333 0.39583334 0.69635415 0.34583333 0.72864586 0.325 0.725 0.305 0.70729166 0.24083333 0.7015625 0.25333333 0.671875 0.2625 0.6109375 0.28583333 0.609375 0.28666666 0.61041665 0.29916668 0.6125 0.3025 0.62395835 0.30166668 0.6302083 0.31583333 0.63385415 0.32416666 0.6265625 0.335 0.6244792 0.33916667
2 0.8130208 0.28416666 0.89427084 0.38583332 0.9526042 0.47083333 0.9713542 0.49166667 0.984375 0.50666666 0.99635416 0.52416664 0.965625 0.57166666 0.93072915 0.62 0.9109375 0.6533333 0.8911458 0.685 0.875 0.7175 0.8677083 0.73 0.85052085 0.7 0.76197916 0.58416665 0.7083333 0.5133333 0.7015625 0.49666667 0.72083336 0.45583335 0.76770836 0.37333333 0.80104166 0.29916668
13 0.5125 0.0 0.66197914 0.0 0.70677084 0.24166666 0.70104164 0.2525 0.61614585 0.28333333 0.5828125 0.3025 0.56875 0.3025 0.56458336 0.30333334 0.56041664 0.29583332 0.5453125 0.20416667 0.50989586 0.006666667
9 0.0 0.16666667 0.047916666 0.17333333 0.10885417 0.18666667 0.13072917 0.19166666 0.14166667 0.19666667 0.14322917 0.22833334 0.140625 0.33916667 0.1328125 0.38 0.106770836 0.45416668 0.08177083 0.5133333 0.067708336 0.55916667 0.041666668 0.56166667 0.0 0.56666666
