20 0.50416666 0.16416667 0.50208336 0.155 0.47916666 0.15833333 0.3828125 0.2 0.28541666 0.24333334 0.23697917 0.25833333 0.16875 0.3 0.16041666 0.3025 0.15260416 0.32833335 0.16302083 0.365 0.20677084 0.54333335 0.22552083 0.5375 0.25625 0.51 0.27864584 0.4975 0.303125 0.46333334 0.30677083 0.45916668 0.25260416 0.4075 0.24479167 0.39 0.25052083 0.37333333 0.2625 0.34083334 0.28645834 0.28916666 0.303125 0.26416665 0.31302083 0.25416666 0.3296875 0.255 0.3578125 0.28083333 0.39895833 0.32083333 0.415625 0.34 0.4234375 0.345 0.428125 0.34916666 0.43229166 0.35166666 0.43385416 0.35416666 0.4359375 0.35583332 0.4703125 0.33666667 0.49895832 0.32333332 0.528125 0.3525 0.5375 0.3625 0.5442708 0.36166668 0.53802085 0.32 0.5161458 0.23166667 0.50885415 0.19916667 0.50885415 0.1775 0.50885415 0.17083333
20 0.57708335 0.41166666 0.57135415 0.41083333 0.56614584 0.40666667 0.5546875 0.39416668 0.5442708 0.37166667 0.5385417 0.3625 0.52916664 0.35416666 0.4984375 0.32333332 0.45677084 0.34333333 0.4359375 0.35166666 0.41354167 0.3375 0.378125 0.30083334 0.32864583 0.25333333 0.3109375 0.25333333 0.303125 0.2625 0.27760416 0.30666667 0.24427083 0.38916665 0.25572917 0.41083333 0.29583332 0.445 0.328125 0.48583335 0.40989584 0.52416664 0.43802083 0.53 0.45260417 0.5541667 0.47239584 0.58666664 0.47604167 0.60833335 0.48229167 0.61833334 0.49427083 0.625 0.50625 0.6358333 0.5125 0.6308333 0.5317708 0.58916664 0.56354165 0.50416666 0.5765625 0.43083334
20 0.87604165 0.19916667 0.86354166 0.18916667 0.8442708 0.1725 0.8265625 0.15083334 0.8098958 0.11083333 0.7859375 0.08166666 0.77239585 0.08 0.765625 0.08 0.753125 0.09583333 0.7125 0.17166667 0.7015625 0.195 0.68125 0.21083333 0.659375 0.22166666 0.55833334 0.34666666 0.5421875 0.37166667 0.5546875 0.39916667 0.56614584 0.40833333 0.578125 0.41416666 0.5755208 0.44083333 0.56458336 0.50416666 0.61510414 0.58416665 0.6921875 0.48 0.7421875 0.4 0.77135414 0.3725 0.85364586 0.28333333 0.8734375 0.25666666 0.8802083 0.22833334
20 1.0 0.69166666 0.98333335 0.6666667 0.9067708 0.5783333 0.878125 0.5491667 0.83802086 0.5308333 0.8052083 0.5108333 0.7270833 0.47583333 0.70885414 0.46916667 0.70520836 0.47166666 0.69322914 0.5058333 0.665625 0.64916664 0.665625 0.6641667 0.70677084 0.69166666 0.79114586 0.7275 0.828125 0.72333336 0.85052085 0.72833335 0.8890625 0.81416667 0.9 0.8375 0.91510415 0.84583336 0.9270833 0.85833335 0.990625 0.88416666 0.99427086 0.8825 1.0 0.88166666
20 0.9583333 0.9975 0.95104164 0.9525 0.94739586 0.9291667 0.9328125 0.91833335 0.86822915 0.875 0.81145835 0.8433333 0.778125 0.7875 0.7390625 0.7425 0.69895834 0.7058333 0.68854165 0.7058333 0.6848958 0.71416664 0.68072915 0.72333336 0.73802084 0.885 0.75625 0.9558333 0.75104165 0.96666664 0.74114585 0.9608333 0.7296875 0.9375 0.728125 0.9316667 0.71666664 0.92333335 0.7104167 0.91333336 0.69427085 0.9075 0.6515625 0.87666667 0.628125 0.87416667 0.61822915 0.91083336 0.7083333 1.0 0.7338542 1.0
20 0.66614586 0.69083333 0.6588542 0.68916667 0.58125 0.715 0.51458335 0.7525 0.446875 0.7991667 0.403125 0.84 0.40052083 0.8616667 0.44270834 1.0 0.50989586 1.0 0.53229165 1.0 0.54583335 0.9291667 0.55 0.8833333 0.5598958 0.8675 0.584375 0.8675 0.6046875 0.87 0.62916666 0.875 0.65 0.87583333 0.6744792 0.8908333 0.69322914 0.9066667 0.709375 0.91333336 0.71770835 0.92583334 0.7260417 0.9291667 0.728125 0.9375 0.73802084 0.95666665 0.75 0.9683333 0.75625 0.955 0.73854166 0.88666666 0.6796875 0.7225 0.6723958 0.71166664
20 0.58489585 0.9 0.5828125 0.89166665 0.5796875 0.8883333 0.5625 0.8825 0.5515625 0.88 0.5494792 0.8833333 0.5421875 0.95 0.5317708 1.0 0.5734375 1.0 0.5854167 0.92333335 0.58697915 0.9058333
20 0.40572917 0.8333333 0.36145833 0.81583333 0.32604167 0.8 0.29427084 0.7816667 0.27291667 0.77666664 0.26510417 0.77666664 0.20052083 0.86083335 0.18645833 0.91 0.18125 0.94083333 0.17552084 0.96166664 0.175 0.9766667 0.17916666 0.98333335 0.23645833 1.0 0.44166666 1.0 0.40208334 0.86583334 0.40208334 0.84583336 0.40989584 0.83666664
20 0.24583334 0.5225 0.20729166 0.5675 0.184375 0.6 0.17447917 0.605 0.09739583 0.6983333 0.046875 0.7725 0.039583333 0.7991667 0.038020834 0.8208333 0.044791665 0.83916664 0.07239583 0.86333334 0.10208333 0.8825 0.1328125 0.9216667 0.15520833 0.94166666 0.1703125 0.94166666 0.171875 0.92333335 0.16979167 0.90166664 0.16302083 0.88416666 0.15625 0.87666667 0.15208334 0.87166667 0.14479166 0.855 0.14739583 0.8425 0.16197917 0.8358333 0.18697916 0.83916664 0.20833333 0.8425 0.21041666 0.8425 0.21354167 0.8433333 0.2640625 0.7775 0.30885416 0.7191667 0.3546875 0.67 0.4015625 0.625 0.41822916 0.6016667 0.41875 0.5808333 0.39114583 0.5133333 0.32760417 0.48833334 0.30520833 0.45833334 0.27916667 0.495 0.25 0.5158333
20 0.19583334 0.100833334 0.19166666 0.095 0.044270832 0.041666668 0.038541667 0.046666667 0.034375 0.12 0.025520833 0.215 0.009375 0.3075 0.0 0.34 0.0 0.6408333 0.0234375 0.6425 0.061458334 0.6625 0.0765625 0.6791667 0.084375 0.6691667 0.1015625 0.6333333 0.16302083 0.37083334 0.15416667 0.3225 0.15677084 0.30833334 0.1609375 0.30083334 0.17708333 0.295 0.18020834 0.29166666 0.19791667 0.24166666 0.2078125 0.12916666 0.203125 0.1125
