9 0.31302083 0.655 0.30677083 0.65 0.29375 0.64416665 0.29114583 0.6375 0.2609375 0.6175 0.27291667 0.5783333 0.27760416 0.5425 0.31822917 0.40583333 0.32916668 0.3975 0.36510417 0.355 0.40572917 0.31083333 0.43958333 0.33333334 0.478125 0.355 0.50572914 0.38 0.48333332 0.45083332 0.4671875 0.49916667 0.46302083 0.50916666 0.4484375 0.5808333 0.41510418 0.71 0.4109375 0.7191667 0.3984375 0.7183333 0.3609375 0.69416666 0.31770834 0.65833336 0.31458333 0.655
9 0.30416667 0.45166665 0.30052084 0.44666666 0.30625 0.43333334 0.30885416 0.42083332 0.31197917 0.41333333 0.31354168 0.40916666 0.31770834 0.40583333 0.30416667 0.45083332
9 0.24583334 0.535 0.21614583 0.48666668 0.20572917 0.47166666 0.18697916 0.43166667 0.16302083 0.39083335 0.13697916 0.33666667 0.12916666 0.31916666 0.1296875 0.31833333 0.14895834 0.3 0.15989584 0.28333333 0.17395833 0.275 0.2 0.24583334 0.2109375 0.235 0.22291666 0.23583333 0.228125 0.235 0.23385416 0.22583333 0.24895833 0.18916667 0.28802082 0.12833333 0.30677083 0.095 0.334375 0.13833334 0.3640625 0.18666667 0.35833332 0.22666667 0.35572916 0.2475 0.36458334 0.25166667 0.40625 0.26583335 0.41302082 0.285 0.41927084 0.2975 0.4078125 0.31083333 0.40572917 0.31083333 0.3515625 0.37083334 0.32916668 0.39666668 0.31614584 0.4075 0.31302083 0.40833333 0.30885416 0.41916665 0.30625 0.43333334 0.3 0.4475 0.25833333 0.5183333
9 0.108333334 0.0 0.033854168 0.086666666 0.1 0.21166667 0.14739583 0.29916668 0.1515625 0.29416665 0.159375 0.28083333 0.17135416 0.27583334 0.18072917 0.25916666 0.19947916 0.23166667 0.22864583 0.17333333 0.25104168 0.15333334 0.26770833 0.13083333 0.2921875 0.119166665 0.30677083 0.09166667 0.31145832 0.100833334 0.32916668 0.079166666 0.28958333 0.0
9 0.45260417 0.56416667 0.5046875 0.60583335 0.51927084 0.55583334 0.525 0.535 0.53125 0.51916665 0.5776042 0.3875 0.58125 0.37583333 0.56354165 0.35833332 0.4890625 0.3025 0.45572916 0.2725 0.43697917 0.27083334 0.40729168 0.265 0.41354167 0.28416666 0.41875 0.2975 0.4078125 0.31083333 0.44010416 0.33166668 0.47916666 0.355 0.50625 0.38 0.4875 0.43916667 0.47083333 0.48916668 0.46145833 0.515
9 0.5963542 0.055833332 0.5729167 0.053333335 0.5572917 0.043333333 0.54270834 0.043333333 0.5161458 0.041666668 0.50104165 0.041666668 0.4828125 0.035 0.46510416 0.029166667 0.45052084 0.020833334 0.44583333 0.011666667 0.4265625 0.0 0.38958332 0.0 0.37916666 0.08166666 0.3734375 0.12583333 0.36458334 0.17333333 0.36458334 0.18416667 0.36458334 0.1875 0.35677084 0.245 0.38489583 0.25916666 0.40729168 0.26416665 0.43541667 0.26916668 0.4578125 0.27333334 0.48020834 0.28 0.509375 0.29583332 0.5494792 0.3125 0.57916665 0.3275 0.5854167 0.2825 0.59270835 0.20416667 0.6015625 0.14916667 0.6078125 0.08416667 0.6078125 0.06583333 0.603125 0.0575
9 0.58802086 0.35916665 0.5786458 0.3725 0.5625 0.3575 0.51770836 0.32333332 0.49166667 0.3025 0.46979168 0.28333333 0.45677084 0.2725 0.48020834 0.28083333 0.50572914 0.29416665 0.55052084 0.31333333 0.57916665 0.33 0.5885417 0.25833333 0.58958334 0.23833333 0.60260415 0.25416666 0.5921875 0.25166667 0.5890625 0.275 0.58802086 0.32333332 0.58802086 0.34916666
9 0.590625 0.23 0.6255208 0.24083333 0.6453125 0.24416667 0.6588542 0.2525 0.6765625 0.265 0.70416665 0.26 0.70885414 0.26 0.7140625 0.22333333 0.7182292 0.18916667 0.7239583 0.1575 0.72239584 0.135 0.725 0.11333334 0.73541665 0.054166667 0.7395833 0.015833333 0.7125 0.010833333 0.7 0.008333334 0.6765625 0.0 0.51666665 0.0 0.515625 0.0016666667 0.50989586 0.04083333 0.5229167 0.04083333 0.55625 0.043333333 0.5729167 0.053333335 0.6015625 0.055833332 0.6046875 0.058333334 0.60833335 0.06583333 0.60833335 0.0775 0.60833335 0.090833336 0.60260415 0.14 0.59791666 0.1725 0.59270835 0.20583333
9 0.58229166 0.62833333 0.63125 0.6275 0.66041666 0.6225 0.684375 0.62083334 0.6979167 0.62083334 0.7104167 0.61583334 0.72083336 0.615 0.7494792 0.62083334 0.7505208 0.60083336 0.7447917 0.4975 0.7427083 0.40666667 0.7447917 0.31083333 0.74375 0.26 0.709375 0.26083332 0.70416665 0.26083332 0.675 0.265 0.6625 0.265 0.6557292 0.26916668 0.64479166 0.27083334 0.62708336 0.265 0.6088542 0.25666666 0.59270835 0.25166667 0.5890625 0.275 0.58802086 0.3525 0.5885417 0.3825 0.5911458 0.40666667 0.59166664 0.42833334 0.5911458 0.44166666 0.5864583 0.47333333 0.584375 0.5175 0.58020836 0.5808333 0.58125 0.61583334
9 0.75104165 0.59583336 0.76770836 0.5733333 0.790625 0.5416667 0.815625 0.51416665 0.859375 0.46583334 0.896875 0.4275 0.9171875 0.405 0.8979167 0.365 0.8875 0.34166667 0.8765625 0.31666666 0.8697917 0.30583334 0.86614585 0.29583332 0.85729164 0.27666667 0.8432292 0.23416667 0.83020836 0.19916667 0.778125 0.24916667 0.74427086 0.28416666 0.7453125 0.305 0.7447917 0.32416666 0.7427083 0.40333334 0.74427086 0.44416666 0.7453125 0.495
9 0.28854167 0.69 0.30052084 0.71416664 0.3359375 0.795 0.35416666 0.8308333 0.36875 0.8466667 0.38333333 0.8616667 0.40052083 0.8833333 0.43333334 0.95 0.44166666 0.96416664 0.4609375 0.94166666 0.47760418 0.9241667 0.5052083 0.8958333 0.55625 0.8358333 0.5125 0.73833334 0.49895832 0.70916665 0.45729166 0.59833336 0.44947916 0.57916665 0.428125 0.6625 0.41510418 0.7133333 0.4109375 0.72083336 0.3984375 0.7191667 0.3609375 0.695 0.31458333 0.6558333 0.2890625 0.68583333
