8 0.008854167 0.33416668 0.041666668 0.37666667 0.08177083 0.43083334 0.096875 0.45083332 0.1078125 0.45 0.11145833 0.44666666 0.11354167 0.44083333 0.14166667 0.38666666 0.13697916 0.38666666 0.060416665 0.34333333 0.0067708334 0.3325
8 0.15416667 0.061666667 0.1625 0.06916667 0.184375 0.10333333 0.24166666 0.17583333 0.2453125 0.1925 0.24479167 0.21083333 0.234375 0.23083334 0.21458334 0.2625 0.21041666 0.26083332 0.21041666 0.26833335 0.19375 0.28833333 0.18020834 0.29833335 0.175 0.3075 0.171875 0.32916668 0.1625 0.3475 0.178125 0.275 0.18802084 0.20916666 0.18489583 0.19416666 0.18072917 0.18583333 0.09791667 0.16 0.108333334 0.12833333 0.11510417 0.12916666 0.111979164 0.12083333 0.1296875 0.09 0.140625 0.06333333 0.1484375 0.060833335
8 0.18229167 0.29666665 0.18229167 0.32666665 0.1796875 0.3725 0.17552084 0.4225 0.17395833 0.445 0.17552084 0.455 0.18125 0.46333334 0.18958333 0.47 0.19583334 0.47166666 0.2890625 0.46833333 0.3203125 0.47083333 0.3375 0.47 0.33802083 0.465 0.33958334 0.47083333 0.3515625 0.46833333 0.36302084 0.46666667 0.37708333 0.4675 0.384375 0.4625 0.396875 0.44833332 0.39791667 0.335 0.39635417 0.26333332 0.39166668 0.25333333 0.38541666 0.24916667 0.35572916 0.25333333 0.34010416 0.25833333 0.33854166 0.26 0.33645833 0.25833333 0.31510416 0.27 0.303125 0.275 0.27604166 0.2675 0.26197916 0.27333334 0.22916667 0.2675 0.20989583 0.26583335 0.20989583 0.26833335 0.19427083 0.28833333
8 0.25260416 0.47 0.2390625 0.49333334 0.2296875 0.50166667 0.2265625 0.49833333 0.2265625 0.5058333 0.20364584 0.5308333 0.19947916 0.5366667 0.17864583 0.57166666 0.1546875 0.60833335 0.140625 0.62166667 0.11927083 0.66083336 0.106770836 0.6725 0.09583333 0.66833335 0.088541664 0.6566667 0.07864583 0.62333333 0.075520836 0.6075 0.067708336 0.5975 0.04375 0.5758333 0.020833334 0.54333335 0.020833334 0.5325 0.024479168 0.5083333 0.0390625 0.49333334 0.0640625 0.46083334 0.0765625 0.44833332 0.08385417 0.43666667 0.084375 0.43416667 0.096875 0.45083332 0.1078125 0.45083332 0.11145833 0.44666666 0.11354167 0.44083333 0.14166667 0.3875 0.14895834 0.38666666 0.1578125 0.37916666 0.15677084 0.37416667 0.1625 0.34666666 0.171875 0.32916668 0.175 0.3075 0.18072917 0.29833335 0.18229167 0.29666665 0.18229167 0.32583332 0.17447917 0.445 0.17552084 0.45333335 0.18072917 0.4625 0.18958333 0.46916667 0.19479166 0.47083333 0.25208333 0.47
8 0.25833333 0.47166666 0.2609375 0.56416667 0.25833333 0.6175 0.2546875 0.66083336 0.25729167 0.6675 0.25208333 0.6691667 0.25260416 0.6766667 0.2484375 0.7 0.2484375 0.7158333 0.2546875 0.73 0.23125 0.7775 0.2125 0.8225 0.20364584 0.8375 0.19635417 0.84 0.1875 0.83666664 0.15364583 0.78 0.15208334 0.77 0.15104167 0.76416665 0.13125 0.7441667 0.115625 0.72583336 0.1109375 0.70916665 0.11145833 0.6975 0.118229166 0.68 0.13854167 0.65 0.17604166 0.58416665 0.19114584 0.5516667 0.2015625 0.5341667 0.2140625 0.51916665 0.2265625 0.5058333 0.2265625 0.49833333 0.23020834 0.5025 0.2390625 0.49333334 0.25364584 0.46916667
8 0.38958332 0.45916668 0.3890625 0.48166665 0.3890625 0.5975 0.3953125 0.6575 0.39322916 0.66083336 0.39739582 0.66583335 0.39583334 0.68583333 0.39270833 0.69083333 0.353125 0.70916665 0.3046875 0.72333336 0.28125 0.7366667 0.2625 0.7375 0.25572917 0.73083335 0.2484375 0.7158333 0.2484375 0.70166665 0.25208333 0.6775 0.25208333 0.6691667 0.25677082 0.6675 0.2546875 0.6616667 0.25833333 0.6141667 0.26145834 0.56333333 0.25833333 0.46916667 0.28854167 0.46833333 0.3203125 0.47083333 0.3375 0.46916667 0.3375 0.46583334 0.33958334 0.47083333 0.36041668 0.46666667 0.37760416 0.4675 0.384375 0.46416667 0.38958332 0.45666668
8 0.34739584 0.7125 0.3390625 0.7241667 0.32291666 0.7575 0.31822917 0.7775 0.3046875 0.80916667 0.29895833 0.8225 0.28125 0.8616667 0.278125 0.8691667 0.26875 0.875 0.259375 0.87583333 0.25104168 0.87083334 0.20885417 0.82916665 0.2125 0.8225 0.23333333 0.7725 0.2546875 0.73 0.2625 0.7375 0.28072917 0.7366667 0.30416667 0.72333336 0.3484375 0.7108333
8 0.45989582 0.87916666 0.4515625 0.9091667 0.45052084 0.915 0.4453125 0.92 0.43645832 0.9216667 0.40989584 0.90166664 0.353125 0.8641667 0.315625 0.8383333 0.31302083 0.8408333 0.30729166 0.84166664 0.2953125 0.8333333 0.31927082 0.77666664 0.32291666 0.7575 0.33958334 0.72333336 0.3484375 0.7108333 0.35572916 0.7083333 0.3765625 0.69916666 0.384375 0.7808333 0.39583334 0.8641667 0.4 0.88166666 0.40677083 0.89166665 0.41510418 0.895 0.45416668 0.88166666 0.45364583 0.875 0.4578125 0.87916666
8 0.39010417 0.5875 0.39635417 0.5966667 0.39895833 0.605 0.396875 0.6191667 0.39270833 0.6275 0.3890625 0.5975
8 0.39791667 0.66583335 0.40677083 0.6716667 0.39635417 0.675 0.396875 0.6691667
8 0.59270835 0.62416667 0.5984375 0.675 0.5989583 0.6975 0.6088542 0.7391667 0.6166667 0.7866667 0.6067708 0.815 0.60364586 0.8233333 0.5140625 0.85333335 0.4578125 0.87833333 0.45260417 0.87333333 0.45416668 0.88166666 0.415625 0.8958333 0.40625 0.89166665 0.39947918 0.88166666 0.39583334 0.86583334 0.384375 0.77916664 0.37604168 0.6983333 0.3921875 0.69083333 0.3953125 0.68666667 0.39635417 0.67583334 0.42447916 0.66583335 0.42760417 0.67 0.428125 0.6625 0.46614584 0.6533333 0.53489584 0.6325 0.578125 0.6091667 0.5864583 0.61333334
8 0.5546875 0.5258333 0.5234375 0.55916667 0.5239583 0.565 0.51927084 0.56333333 0.49114582 0.5933333 0.48385417 0.6016667 0.4796875 0.61 0.47916666 0.62 0.4796875 0.62916666 0.48541668 0.64666665 0.53489584 0.6325 0.578125 0.60833335 0.58697915 0.61333334 0.59270835 0.625 0.5989583 0.67583334 0.5989583 0.6958333 0.60572916 0.7266667 0.6265625 0.69666666 0.640625 0.68083334 0.6421875 0.6675 0.640625 0.6533333 0.6234375 0.6225 0.5885417 0.51166666 0.57447916 0.53333336 0.5630208 0.53333336 0.55885416 0.53
8 0.72864586 0.70166665 0.7817708 0.725 0.7817708 0.73 0.7838542 0.725 0.828125 0.745 0.83489585 0.75666666 0.8375 0.7725 0.81875 0.84833336 0.8125 0.9008333 0.8052083 0.93583333 0.79791665 0.9475 0.79114586 0.94916666 0.78489584 0.94916666 0.7447917 0.92333335 0.74322915 0.9175 0.74114585 0.9216667 0.69114584 0.8908333 0.6744792 0.8808333 0.653125 0.8691667 0.62864584 0.8625 0.6119792 0.8525 0.60520834 0.84166664 0.603125 0.8325 0.603125 0.82416666 0.6203125 0.7775 0.63177085 0.74083334 0.63958335 0.7191667 0.6421875 0.71666664 0.6421875 0.7216667 0.640625 0.73333335 0.6421875 0.7391667 0.64635414 0.7475 0.70104164 0.7183333
8 0.70625 0.4325 0.7114583 0.47083333 0.72760415 0.5258333 0.73072916 0.5733333 0.7494792 0.6075 0.7546875 0.625 0.753125 0.62916666 0.75625 0.63 0.7625 0.655 0.7671875 0.6775 0.7270833 0.7025 0.646875 0.7475 0.6421875 0.7391667 0.640625 0.7325 0.6421875 0.7175 0.63958335 0.70666665 0.640625 0.7008333 0.63958335 0.6983333 0.640625 0.68083334 0.6421875 0.6691667 0.6401042 0.6533333 0.6234375 0.6225 0.5885417 0.5108333 0.6015625 0.49 0.61822915 0.46333334 0.63385415 0.44666666 0.65260416 0.42666668 0.671875 0.4075 0.6828125 0.42416668 0.6927083 0.43666667 0.7015625 0.43416667
8 0.459375 0.23416667 0.49114582 0.30083334 0.51770836 0.35583332 0.52239585 0.3625 0.53802085 0.36333334 0.5734375 0.325 0.57239586 0.31916666 0.57447916 0.31916666 0.57604164 0.31916666 0.59947914 0.28916666 0.61041665 0.31083333 0.6234375 0.3225 0.646875 0.35833332 0.6588542 0.3725 0.6723958 0.40583333 0.6171875 0.465 0.5875 0.5125 0.57447916 0.53333336 0.56458336 0.53333336 0.55885416 0.53 0.521875 0.46083334 0.47604167 0.36916667 0.46458334 0.36 0.45989582 0.35583332 0.46197918 0.35166666 0.45729166 0.35 0.43958333 0.3225 0.42760417 0.29666665 0.42760417 0.28 0.43020833 0.27166668 0.45052084 0.24416667
8 0.459375 0.36083335 0.425 0.45166665 0.40364584 0.525 0.3890625 0.5158333 0.3890625 0.48 0.38958332 0.4575 0.39635417 0.44833332 0.39791667 0.3425 0.396875 0.27583334 0.40520832 0.28916666 0.43697917 0.31666666 0.45677084 0.35 0.4625 0.35083333
8 0.37395832 0.245 0.37760416 0.24833333 0.36979166 0.25083333 0.36666667 0.25083333
8 0.32864583 0.215 0.32291666 0.22 0.3046875 0.27333334 0.315625 0.26916668 0.33645833 0.25916666 0.33854166 0.26 0.34010416 0.2575 0.35625 0.2525 0.35416666 0.24666667 0.33020833 0.2175
8 0.48802084 0.0 0.49322918 0.0033333334 0.49479166 0.0225 0.49010417 0.033333335 0.465625 0.0775 0.46197918 0.0775 0.46354166 0.08083333 0.4296875 0.13666667 0.4109375 0.16833334 0.4046875 0.18916667 0.37708333 0.24 0.37291667 0.24666667 0.36510417 0.25083333 0.35625 0.24916667 0.32760417 0.21416667 0.31458333 0.1975 0.27395833 0.15666667 0.27239582 0.14833333 0.27083334 0.13666667 0.271875 0.12916666 0.278125 0.115 0.30520833 0.06583333 0.3140625 0.055 0.32395834 0.026666667 0.33802083 0.0
8 0.6265625 0.0375 0.63489586 0.05666667 0.6359375 0.09 0.64635414 0.09166667 0.671875 0.13083333 0.6927083 0.17083333 0.69114584 0.18916667 0.68072915 0.1975 0.6510417 0.225 0.6119792 0.27083334 0.59583336 0.29416665 0.5755208 0.31916666 0.571875 0.31916666 0.5734375 0.325 0.53802085 0.36333334 0.52239585 0.3625 0.5171875 0.355 0.4578125 0.2325 0.4546875 0.22416666 0.4546875 0.21583334 0.45677084 0.20416667 0.4953125 0.165 0.49895832 0.16833334 0.4984375 0.1625 0.5317708 0.1275 0.54010415 0.1225 0.54583335 0.115 0.55885416 0.0925 0.57447916 0.0775 0.58802086 0.07083333 0.603125 0.045833334 0.61354166 0.036666665 0.62083334 0.036666665
8 0.7036458 0.18583333 0.7161458 0.215 0.7338542 0.24083333 0.74375 0.26666668 0.7572917 0.28 0.77916664 0.30833334 0.7796875 0.33 0.7765625 0.33666667 0.7515625 0.365 0.73802084 0.36916667 0.7348958 0.37333333 0.73333335 0.38833332 0.72760415 0.4025 0.7083333 0.4325 0.69375 0.43666667 0.68125 0.4225 0.671875 0.40833333 0.671875 0.40416667 0.65833336 0.37333333 0.646875 0.35916665 0.62395835 0.32166666 0.6098958 0.31 0.59947914 0.28916666 0.6125 0.26916668 0.6510417 0.22416666 0.68125 0.1975 0.690625 0.19 0.6927083 0.17083333
8 0.7505208 0.3675 0.7546875 0.39333335 0.76197916 0.42583334 0.76666665 0.43333334 0.7765625 0.43833333 0.7875 0.4325 0.7895833 0.44083333 0.79791665 0.455 0.78020835 0.5908333 0.75208336 0.6175 0.7484375 0.605 0.73125 0.575 0.72760415 0.5258333 0.71197915 0.47083333 0.70625 0.43333334 0.7078125 0.4325 0.728125 0.40083334 0.7338542 0.38666666 0.7348958 0.37333333 0.7375 0.36833334 0.75 0.36583334
8 0.8354167 0.15916666 0.8359375 0.18416667 0.85364586 0.31166667 0.84583336 0.325 0.85833335 0.33166668 0.86041665 0.35 0.8432292 0.39083335 0.83020836 0.40083334 0.81822914 0.405 0.8140625 0.40416667 0.8078125 0.40833333 0.7895833 0.43083334 0.78541666 0.43333334 0.77708334 0.43833333 0.765625 0.43166667 0.7630208 0.42666668 0.7552083 0.395 0.75 0.36583334 0.75208336 0.365 0.77708334 0.33666667 0.7796875 0.33166668 0.77916664 0.30833334 0.7583333 0.28083333 0.74375 0.2675 0.7338542 0.24 0.71666664 0.215 0.71302086 0.2025 0.71302086 0.19583334 0.7338542 0.18583333 0.74635416 0.185 0.76979166 0.17583333 0.78802085 0.1775 0.821875 0.15916666
8 0.0 0.10666667 0.0 0.33083335 0.060416665 0.3425 0.096354164 0.36416668 0.1375 0.3875 0.1484375 0.38666666 0.1578125 0.37916666 0.15677084 0.37416667 0.17864583 0.27 0.18802084 0.20833333 0.18541667 0.19416666 0.17916666 0.18583333 0.1328125 0.17083333 0.091145836 0.15666667 0.07447917 0.14666666 0.063541666 0.14416666 0.0546875 0.14583333 0.044791665 0.13916667 0.040625 0.14083333 0.038541667 0.13666667 0.040625 0.1325 0.004166667 0.11
