7 0.21145834 0.0016666667 0.17864583 0.08083333 0.14947917 0.12583333 0.1421875 0.15166667 0.1328125 0.17833333 0.11510417 0.21583334 0.102604166 0.23833333 0.09791667 0.24583334 0.07760417 0.23583333 0.038020834 0.18166667 0.0296875 0.16083333 0.038020834 0.105 0.034375 0.0
8 0.29010418 0.0 0.3359375 0.0975 0.35416666 0.13833334 0.36041668 0.15166667 0.3578125 0.17 0.34635416 0.1925 0.32291666 0.225 0.240625 0.315 0.221875 0.34166667 0.2078125 0.36583334 0.20104167 0.375 0.19114584 0.375 0.18177083 0.36583334 0.16458334 0.32666665 0.15625 0.3075 0.1375 0.28083333 0.110416666 0.22833334 0.122395836 0.2025 0.1328125 0.18333334 0.13854167 0.16666667 0.16927083 0.12916666 0.20520833 0.095 0.21614583 0.07083333 0.25364584 0.02 0.26666668 0.0
19 0.4890625 0.024166666 0.559375 0.15583333 0.5796875 0.18916667 0.60625 0.23583333 0.6041667 0.24916667 0.5984375 0.26666668 0.52708334 0.37083334 0.5140625 0.38666666 0.50677085 0.39333335 0.4953125 0.39 0.47395834 0.34916666 0.4 0.225 0.38229167 0.19333333 0.37916666 0.18166667 0.38020834 0.16833334 0.38697916 0.155 0.43541667 0.0825 0.4703125 0.035833333 0.4765625 0.0275 0.48229167 0.024166666
18 0.72239584 0.21166667 0.7427083 0.28833333 0.75989586 0.35583332 0.78333336 0.44416666 0.790625 0.48166665 0.7885417 0.5025 0.7838542 0.51416665 0.77447915 0.52666664 0.7416667 0.5441667 0.7036458 0.56416667 0.6770833 0.57416666 0.6640625 0.5625 0.65833336 0.5341667 0.63489586 0.42583334 0.625 0.39 0.621875 0.375 0.61822915 0.3525 0.6109375 0.33166668 0.6015625 0.3 0.596875 0.27416667 0.603125 0.25833333 0.61145836 0.2475 0.6380208 0.23666666 0.6791667 0.20833333 0.7026042 0.19333333 0.7135417 0.1925 0.7203125 0.20083334
12 0.3765625 0.36333334 0.43177083 0.50083333 0.52239585 0.555 0.575 0.58166665 0.5598958 0.5516667 0.54322916 0.5058333 0.52552086 0.465 0.4984375 0.39583334 0.47708333 0.35833332 0.4421875 0.3 0.44010416 0.29583332 0.4 0.33416668 0.378125 0.36
1 0.1703125 0.43833333 0.22552083 0.495 0.2640625 0.5366667 0.25260416 0.55333334 0.23020834 0.5725 0.21822916 0.5833333 0.13854167 0.76 0.128125 0.79333335 0.033333335 0.67333335 0.0421875 0.66583335 0.06614583 0.66 0.14895834 0.4875 0.16458334 0.45166665
1 0.27552083 0.60583335 0.2640625 0.6041667 0.22760417 0.69166666 0.20989583 0.7316667 0.20520833 0.74833333 0.20989583 0.7575 0.2265625 0.745 0.27708334 0.81416667 0.3296875 0.89666665 0.34635416 0.9375 0.36822918 0.9 0.38489583 0.8575 0.40104166 0.8425 0.41197917 0.8125 0.4234375 0.7875 0.42135417 0.77666664 0.40364584 0.78 0.38385418 0.7725 0.35885417 0.74833333 0.30625 0.6791667 0.27604166 0.64166665 0.27083334 0.6325 0.27083334 0.6225
2 0.36354166 0.46666667 0.4234375 0.49916667 0.5786458 0.5875 0.59010416 0.5941667 0.5854167 0.62083334 0.55052084 0.7875 0.53489584 0.8516667 0.528125 0.86083335 0.471875 0.8383333 0.41770834 0.8041667 0.425 0.7891667 0.42239583 0.775 0.40833333 0.7783333 0.39791667 0.77666664 0.37916666 0.7675 0.35885417 0.745 0.31822917 0.6925 0.35208333 0.5308333 0.3625 0.47666666
4 0.40104166 0.8466667 0.4109375 0.8625 0.42552084 0.895 0.440625 0.905 0.45729166 0.91 0.48177084 0.9058333 0.5 0.89166665 0.5109375 0.8725 0.515625 0.8591667 0.47916666 0.8433333 0.45416668 0.82916665 0.4203125 0.80833334 0.4171875 0.805 0.403125 0.83916664
3 0.603125 0.6425 0.6177083 0.6483333 0.6380208 0.665 0.65260416 0.67333335 0.66979164 0.68666667 0.6744792 0.69916666 0.6828125 0.69916666 0.6958333 0.69666666 0.71458334 0.70666665 0.7338542 0.71416664 0.74010414 0.7191667 0.7171875 0.83666664 0.6984375 0.91 0.68854165 0.9558333 0.6791667 0.9508333 0.6322917 0.9025 0.62083334 0.87166667 0.615625 0.8541667 0.5984375 0.8675 0.584375 0.8666667 0.5708333 0.86 0.56354165 0.85083336 0.5598958 0.8358333 0.56614584 0.78583336 0.58125 0.7058333 0.5921875 0.66833335 0.5963542 0.6483333
18 0.6333333 0.42333335 0.66197914 0.5566667 0.6666667 0.56916666 0.67760414 0.5775 0.7369792 0.5491667 0.753125 0.54083335 0.7171875 0.6091667 0.70520836 0.63 0.6984375 0.6333333 0.6869792 0.62833333 0.6609375 0.6 0.61875 0.53833336 0.6010417 0.515 0.59947914 0.495 0.60364586 0.48 0.6145833 0.46
18 0.74322915 0.25416666 0.7973958 0.33166668 0.8234375 0.36833334 0.8296875 0.3825 0.82916665 0.39833334 0.8234375 0.40916666 0.7895833 0.4675 0.7447917 0.29416665 0.73541665 0.25333333
9 0.94166666 0.07333333 1.0 0.108333334 1.0 0.40166667 0.9479167 0.32916668 0.890625 0.2425 0.89166665 0.23166667 0.90520835 0.17666666 0.91979164 0.14416666 0.93177086 0.10166667 0.93645835 0.07833333
13 0.646875 0.5858333 0.6822917 0.6275 0.69322914 0.635 0.7046875 0.63416666 0.7140625 0.6191667 0.7546875 0.53833336 0.7739583 0.5275 0.78489584 0.51666665 0.79010415 0.50666666 0.79375 0.49416667 0.85729164 0.56666666 0.88125 0.5908333 0.884375 0.60833335 0.88125 0.62666667 0.8140625 0.77 0.80833334 0.77416664 0.8 0.77416664 0.76197916 0.7341667 0.65416664 0.62 0.6390625 0.5966667 0.6411458 0.58916664
7 0.0328125 0.0 0.0375 0.108333334 0.0296875 0.15916666 0.027083334 0.17833333 0.008333334 0.1775 0.0 0.16333333 0.0 0.0033333334
