14 0.31770834 0.68416667 0.31822917 0.67833334 0.31979167 0.67083335 0.32864583 0.6475 0.34166667 0.6425 0.3453125 0.6275 0.35572916 0.6075 0.3859375 0.54583335 0.43802083 0.43916667 0.45729166 0.40583333 0.45885417 0.39333335 0.46145833 0.36583334 0.46666667 0.36083335 0.471875 0.35166666 0.47604167 0.3525 0.48229167 0.36083335 0.4890625 0.37333333 0.5015625 0.39 0.50885415 0.39666668 0.5317708 0.41083333 0.5328125 0.41333333 0.5260417 0.43333334 0.5229167 0.43916667 0.50572914 0.45166665 0.5005208 0.46166667 0.4953125 0.47666666 0.48489583 0.49916667 0.46302083 0.54583335 0.43125 0.6116667 0.40989584 0.6566667 0.403125 0.6625 0.39895833 0.6791667 0.39479166 0.6983333 0.390625 0.72333336 0.38802084 0.7316667 0.38020834 0.74833333 0.37708333 0.74583334 0.35520834 0.7216667 0.33229166 0.6983333 0.328125 0.6975 0.32395834 0.69166666 0.32083333 0.68666667
14 0.3953125 0.7025 0.41510418 0.745 0.43125 0.77916664 0.43802083 0.7975 0.4453125 0.7991667 0.4546875 0.8075 0.45885417 0.82166666 0.46041667 0.82916665 0.45677084 0.82916665 0.45104167 0.83 0.44479167 0.83166665 0.440625 0.83416665 0.43645832 0.8358333 0.43125 0.8408333 0.42083332 0.8491667 0.41510418 0.85833335 0.40989584 0.8641667 0.40052083 0.87333333 0.39947918 0.8775 0.39635417 0.88166666 0.39375 0.88 0.3921875 0.87583333 0.39114583 0.86333334 0.38697916 0.8375 0.38333333 0.82916665 0.37708333 0.81 0.3734375 0.8 0.34895834 0.74583334 0.328125 0.6983333 0.33177084 0.6975 0.3796875 0.74833333 0.38854167 0.73083335 0.39010417 0.7241667 0.39427084 0.70166665
14 0.5229167 0.54083335 0.5359375 0.5475 0.55104166 0.5491667 0.55677086 0.5541667 0.559375 0.5425 0.56614584 0.54333335 0.56875 0.545 0.56875 0.5491667 0.5651042 0.56166667 0.55833334 0.56 0.5473958 0.55583334 0.5385417 0.55 0.53489584 0.54833335 0.521875 0.54833335
14 0.48020834 0.5133333 0.5140625 0.53333336 0.51197916 0.5366667 0.50625 0.5416667 0.5046875 0.5475 0.5052083 0.5566667 0.50364584 0.56916666 0.49947917 0.5875 0.49583334 0.6075 0.49270833 0.6066667 0.44635418 0.58166665 0.45989582 0.5525 0.47864583 0.5133333
14 0.5442708 0.65833336 0.53489584 0.6525 0.5317708 0.64916664 0.5296875 0.6433333 0.5453125 0.6508333
14 0.5671875 0.56333333 0.67604166 0.6041667 0.6927083 0.6091667 0.70677084 0.6166667 0.71875 0.6116667 0.7260417 0.61083335 0.73072916 0.6075 0.7390625 0.61083335 0.7494792 0.61583334 0.74583334 0.64416665 0.7328125 0.735 0.7270833 0.7325 0.7125 0.7275 0.703125 0.7183333 0.6859375 0.71 0.6713542 0.7008333 0.6390625 0.69083333 0.5703125 0.6641667 0.54479164 0.6508333 0.52916664 0.6425 0.52708334 0.64166665 0.5234375 0.645 0.5140625 0.6483333 0.49479166 0.6483333 0.49375 0.6408333 0.49375 0.62666667 0.49583334 0.6075 0.50208336 0.575 0.503125 0.57 0.5052083 0.55833334 0.50416666 0.5475 0.50572914 0.5416667 0.51145834 0.5375 0.51458335 0.5325 0.5171875 0.52916664 0.5203125 0.53 0.5208333 0.5375 0.521875 0.54833335 0.53489584 0.54833335 0.5463542 0.555 0.5609375 0.56083333
14 0.6302083 0.8066667 0.63072914 0.7866667 0.6432292 0.75166667 0.64947915 0.7325 0.65625 0.6958333 0.67083335 0.7 0.68854165 0.71166664 0.703125 0.7175 0.7114583 0.7266667 0.70208335 0.7608333 0.6875 0.8175 0.6901042 0.82166666 0.68385416 0.8258333 0.68177086 0.825 0.6822917 0.81416667 0.68333334 0.80333334 0.68177086 0.8 0.675 0.8025 0.6557292 0.8075 0.63645834 0.81
14 0.6958333 0.47 0.70416665 0.47166666 0.7083333 0.4725 0.7270833 0.47666666 0.75364584 0.485 0.77447915 0.49416667 0.7734375 0.51 0.76875 0.505 0.765625 0.50416666 0.7625 0.51666665 0.7484375 0.5675 0.73854166 0.61 0.73125 0.6075 0.7265625 0.61083335 0.7192708 0.6116667 0.70625 0.6166667 0.6921875 0.60833335 0.67552084 0.60333335 0.6984375 0.5133333 0.7026042 0.49666667 0.69947916 0.495 0.69739586 0.49 0.69635415 0.47916666 0.69427085 0.47416666
14 0.63125 0.37166667 0.65 0.38333333 0.6536458 0.3925 0.66614586 0.41083333 0.675 0.41833332 0.684375 0.42333335 0.71197915 0.43666667 0.7921875 0.48583335 0.80885416 0.4975 0.81822914 0.50416666 0.8265625 0.50083333 0.84375 0.50166667 0.86041665 0.5133333 0.86041665 0.52 0.85572916 0.54333335 0.84375 0.5908333 0.83385414 0.62416667 0.8171875 0.6141667 0.81145835 0.60333335 0.8078125 0.59166664 0.7885417 0.5783333 0.75104165 0.55916667 0.7651042 0.505 0.76875 0.505 0.7734375 0.50916666 0.7739583 0.49416667 0.75416666 0.485 0.7291667 0.4775 0.7083333 0.4725 0.69635415 0.47 0.69375 0.475 0.69635415 0.4775 0.69739586 0.48666668 0.69895834 0.49416667 0.7026042 0.49666667 0.70208335 0.49916667 0.6953125 0.5258333 0.65833336 0.505 0.65208334 0.49916667 0.6484375 0.49583334 0.6354167 0.48916668 0.62708336 0.49666667 0.6223958 0.4975 0.6166667 0.49333334 0.6119792 0.4875 0.6067708 0.48083332 0.60833335 0.47666666 0.6145833 0.46333334 0.62395835 0.41666666 0.6302083 0.3775
14 0.35208333 0.28333333 0.37083334 0.29 0.375 0.3 0.38020834 0.3125 0.384375 0.3125 0.39010417 0.31583333 0.46927083 0.35583332 0.46770832 0.36083335 0.46145833 0.36583334 0.45677084 0.40583333 0.44114584 0.43333334 0.434375 0.43166667 0.3921875 0.41 0.38489583 0.405 0.37864584 0.40333334 0.3734375 0.4 0.36927083 0.40083334 0.35 0.40833333 0.33489582 0.4 0.33229166 0.39666668 0.3328125 0.39 0.33489582 0.37833333 0.34010416 0.34416667 0.34947917 0.285
14 0.4859375 0.36333334 0.52916664 0.3825 0.54010415 0.38666666 0.5494792 0.3875 0.5598958 0.39 0.56614584 0.38916665 0.56666666 0.38583332 0.57395834 0.38583332 0.5734375 0.39083335 0.56666666 0.43333334 0.5572917 0.48583335 0.5546875 0.50083333 0.5520833 0.49916667 0.5494792 0.49333334 0.5390625 0.47583333 0.53333336 0.47416666 0.50104165 0.46083334 0.50572914 0.45166665 0.5234375 0.43916667 0.5265625 0.4325 0.5328125 0.41416666 0.53125 0.41 0.51354164 0.39916667 0.50885415 0.39666668 0.4890625 0.37416667 0.48333332 0.3625
14 0.32916668 0.53333336 0.34114584 0.47666666 0.35625 0.42666668 0.35989583 0.42083332 0.3640625 0.4225 0.36666667 0.43166667 0.384375 0.45083332 0.3890625 0.45333335 0.39322916 0.45666668 0.42083332 0.47333333 0.38489583 0.54833335 0.375 0.5416667 0.359375 0.5316667 0.34375 0.5391667 0.334375 0.535
14 0.2671875 0.58166665 0.27604166 0.575 0.29583332 0.5683333 0.30208334 0.56416667 0.31458333 0.5516667 0.3125 0.54833335 0.30729166 0.5425 0.30989584 0.53833336 0.31302083 0.5366667 0.32239583 0.5391667 0.32604167 0.5416667 0.35520834 0.6075 0.3453125 0.62666667 0.34166667 0.6425 0.32864583 0.6475 0.31979167 0.6716667 0.31822917 0.67833334 0.3125 0.665 0.29375 0.62166667 0.2890625 0.6175 0.27552083 0.5991667 0.27135417 0.595 0.26666668 0.58666664
