3 0.14114584 0.9875 0.15 1.0 0.24375 1.0 0.26458332 0.97083336 0.2640625 0.925 0.26302084 0.89416665 0.28125 0.89166665 0.29479167 0.8625 0.278125 0.8275 0.26197916 0.7916667 0.25416666 0.7808333 0.25104168 0.77 0.24479167 0.75916666 0.2296875 0.74833333 0.22604166 0.71666664 0.21822916 0.7108333 0.20677084 0.7125 0.19166666 0.735 0.1796875 0.76666665 0.165625 0.79083335 0.159375 0.80916667 0.14583333 0.81416667 0.14583333 0.8258333 0.1484375 0.84583336 0.15260416 0.8575 0.16979167 0.875 0.17708333 0.89 0.1890625 0.925 0.18541667 0.9483333 0.15989584 0.95916665 0.13854167 0.9775
3 0.091145836 0.69166666 0.06822917 0.635 0.044270832 0.6041667 0.030729167 0.585 0.022395832 0.58416665 0.0109375 0.5925 0.0 0.61083335 0.0 0.7675 0.0 0.77 0.044270832 0.7008333 0.050520834 0.6933333 0.058854166 0.69083333 0.0640625 0.69166666 0.08802083 0.7191667 0.10364583 0.7425 0.114583336 0.74583334 0.11875 0.72 0.1234375 0.6816667 0.114583336 0.67583334 0.09947917 0.69 0.09583333 0.69666666
3 0.2171875 0.7033333 0.2 0.6525 0.1953125 0.6375 0.19635417 0.62166667 0.20572917 0.6066667 0.24479167 0.5883333 0.27916667 0.6025 0.35208333 0.63166666 0.371875 0.6333333 0.38072917 0.645 0.38854167 0.66333336 0.4015625 0.73 0.40729168 0.7633333 0.40052083 0.7775 0.38489583 0.79 0.353125 0.80916667 0.32708332 0.7991667 0.31354168 0.7975 0.31354168 0.8225 0.30416667 0.85083336 0.290625 0.85083336 0.27916667 0.82666665 0.26354167 0.79333335 0.25416666 0.7808333 0.25104168 0.7708333 0.24375 0.75666666 0.23385416 0.7425 0.2265625 0.72 0.22708334 0.7183333 0.22083333 0.7108333
3 0.12760417 0.40916666 0.059375 0.3875 0.013541667 0.395 0.0020833334 0.4475 0.0 0.5083333 0.0 0.6091667 0.009895833 0.5925 0.022395832 0.58416665 0.03125 0.585 0.063541666 0.625 0.08645833 0.62416667 0.128125 0.62583333 0.17291667 0.62 0.184375 0.61 0.18854167 0.5925 0.184375 0.55833334 0.171875 0.50166667 0.14739583 0.47416666 0.15572916 0.45916668 0.16770834 0.4525 0.16979167 0.44166666 0.16822916 0.41916665 0.16354166 0.42333335 0.13854167 0.41583332
3 0.19635417 0.30166668 0.17291667 0.30166668 0.1359375 0.28166667 0.125 0.27916667 0.128125 0.26 0.15208334 0.19666667 0.209375 0.06916667 0.21979167 0.0475 0.23177083 0.045 0.24270834 0.048333332 0.27239582 0.079166666 0.3140625 0.1225 0.3296875 0.13583334 0.3375 0.14166667 0.34166667 0.16083333 0.32916668 0.19666667 0.27395833 0.28 0.26354167 0.30083334 0.25 0.30583334 0.2453125 0.3225 0.23645833 0.35 0.22708334 0.36166668 0.2109375 0.3625 0.19947916 0.34833333 0.19166666 0.32 0.19635417 0.3125 0.1984375 0.30166668
3 0.37708333 0.5933333 0.36197916 0.57 0.34895834 0.53333336 0.3703125 0.40916666 0.390625 0.32666665 0.39322916 0.31333333 0.40416667 0.31333333 0.41614583 0.31583333 0.41927084 0.315 0.41770834 0.29166666 0.41875 0.2775 0.42291668 0.25833333 0.43385416 0.27333334 0.4609375 0.30583334 0.47760418 0.3225 0.4875 0.345 0.490625 0.36166668 0.50104165 0.40833333 0.5015625 0.42 0.5026042 0.43666667 0.4875 0.45083332 0.48125 0.475 0.46197918 0.50416666 0.42916667 0.54833335 0.41145834 0.56583333 0.3890625 0.5941667 0.38489583 0.595
3 0.43958333 0.5366667 0.44479167 0.55833334 0.44739583 0.6066667 0.45416668 0.6591667 0.46145833 0.6616667 0.5161458 0.6575 0.57447916 0.6433333 0.6109375 0.6308333 0.60520834 0.6125 0.596875 0.5833333 0.5807292 0.53333336 0.5765625 0.52416664 0.57239586 0.49416667 0.559375 0.43666667 0.55052084 0.4175 0.5317708 0.445 0.53229165 0.46166667 0.5234375 0.46416667 0.49166667 0.47833332 0.47447917 0.485 0.471875 0.49166667 0.45 0.5233333
3 0.6265625 0.024166666 0.56666666 0.023333333 0.484375 0.0575 0.4875 0.12166667 0.49635416 0.12833333 0.5 0.15333334 0.49739584 0.18416667 0.50104165 0.215 0.5015625 0.27 0.50989586 0.28083333 0.53333336 0.28 0.6234375 0.2475 0.6401042 0.23666666 0.6390625 0.22083333 0.6265625 0.175 0.61354166 0.16 0.62083334 0.15333334 0.62916666 0.10916667 0.63385415 0.060833335 0.63385415 0.033333335
3 0.7572917 0.305 0.6692708 0.36416668 0.65520835 0.37333333 0.65052086 0.38916665 0.65833336 0.42333335 0.6859375 0.47166666 0.69427085 0.5133333 0.7015625 0.5391667 0.7213542 0.5366667 0.721875 0.55833334 0.721875 0.5991667 0.7291667 0.63916665 0.7625 0.62333333 0.7973958 0.5808333 0.7984375 0.56166667 0.8072917 0.56083333 0.81666666 0.57666665 0.834375 0.5775 0.8354167 0.55833334 0.8234375 0.47916666 0.784375 0.32666665 0.7838542 0.31416667 0.7760417 0.30166668
3 0.030208332 0.98833334 0.0 0.935 0.0 0.77166665 0.029166667 0.725 0.052083332 0.6925 0.0625 0.69083333 0.0859375 0.7175 0.13020833 0.7875 0.14375 0.825 0.15 0.8541667 0.16927083 0.875 0.18802084 0.925 0.184375 0.9475 0.16041666 0.95666665 0.13958333 0.975 0.122395836 0.9975 0.10625 0.9975 0.092708334 1.0
