20 0.16666667 0.0 0.428125 0.0 0.39739582 0.041666668 0.32083333 0.061666667 0.221875 0.048333332 0.203125 0.048333332 0.20260416 0.060833335 0.1859375 0.07416666 0.18125 0.0525 0.15989584 0.00083333335
5 0.50989586 0.00083333335 0.56614584 0.11416667 0.60520834 0.1725 0.6265625 0.20083334 0.6197917 0.215 0.5859375 0.2525 0.56354165 0.28 0.5286458 0.32 0.51354164 0.35916665 0.49479166 0.38666666 0.48541668 0.395 0.4828125 0.38666666 0.46666667 0.33833334 0.4265625 0.265 0.4109375 0.22416666 0.38541666 0.19583334 0.38020834 0.18166667 0.3640625 0.16833334 0.340625 0.13833334 0.33854166 0.12916666 0.35677084 0.1 0.3921875 0.05 0.3984375 0.043333333 0.43072918 0.00083333335 0.4390625 0.0
6 0.19739583 0.20666666 0.24010417 0.19166666 0.265625 0.17666666 0.28645834 0.16416667 0.30625 0.1575 0.30989584 0.205 0.3359375 0.385 0.31822917 0.39083335 0.30052084 0.39583334 0.29114583 0.41666666 0.26197916 0.43416667 0.2390625 0.4475 0.23385416 0.4325 0.2296875 0.42083332 0.2296875 0.38916665 0.228125 0.35916665 0.21875 0.32916668 0.20989583 0.29666665 0.2015625 0.24583334 0.19739583 0.22666667 0.19635417 0.2175
14 0.32395834 0.24166666 0.35833332 0.2075 0.37864584 0.18583333 0.38489583 0.2 0.390625 0.215 0.390625 0.23916666 0.39583334 0.2625 0.44791666 0.4 0.46979168 0.46666667 0.4765625 0.48166665 0.49114582 0.49583334 0.49270833 0.49916667 0.48958334 0.50666666 0.4671875 0.54083335 0.44427082 0.56333333 0.43645832 0.57166666 0.43177083 0.56666666 0.42447916 0.54833335 0.42447916 0.52 0.40833333 0.47333333 0.35833332 0.335 0.3359375 0.27083334 0.33125 0.2675 0.32239583 0.2625 0.31979167 0.2525
19 0.0 0.5733333 0.043229166 0.55 0.061979167 0.54583335 0.071354166 0.5516667 0.07864583 0.56083333 0.084895834 0.6075 0.12760417 0.81166667 0.12760417 0.8283333 0.12135417 0.8375 0.10104167 0.8441667 0.0 0.90416664
11 0.50416666 0.48583335 0.55572915 0.42083332 0.56927085 0.4 0.5807292 0.43166667 0.6046875 0.48166665 0.62395835 0.535 0.63489586 0.565 0.63489586 0.57 0.65208334 0.56666666 0.671875 0.58666664 0.69635415 0.60583335 0.71197915 0.6275 0.6020833 0.82416666 0.590625 0.81 0.51354164 0.6791667 0.4765625 0.61833334 0.46145833 0.5925 0.45208332 0.5675 0.45885417 0.55833334 0.4671875 0.5441667 0.48333332 0.5225 0.496875 0.49833333
8 0.72291666 0.24333334 0.784375 0.20416667 0.79791665 0.18916667 0.8171875 0.1725 0.8354167 0.1725 0.840625 0.185 0.840625 0.20916666 0.84479165 0.24166666 0.8515625 0.2625 0.8921875 0.38333333 0.8989583 0.415 0.91197914 0.46666667 0.90833336 0.48083332 0.8932292 0.49416667 0.8609375 0.52166665 0.82395834 0.49666667 0.8171875 0.49916667 0.8140625 0.5158333 0.80364585 0.5525 0.7984375 0.55916667 0.79010415 0.5416667 0.775 0.48583335 0.7552083 0.4 0.7328125 0.3375 0.71875 0.29666665 0.71510416 0.28166667 0.71510416 0.26083332
4 0.7994792 0.56916666 0.77916664 0.6566667 0.7682292 0.6641667 0.7526042 0.6725 0.74322915 0.6825 0.7338542 0.6958333 0.7260417 0.7125 0.7203125 0.735 0.71770835 0.76 0.7203125 0.7941667 0.7328125 0.82916665 0.7515625 0.85083336 0.77239585 0.8541667 0.7875 0.84833336 0.8098958 0.835 0.8265625 0.8175 0.834375 0.79 0.83802086 0.7625 0.83802086 0.72833335 0.82604164 0.6983333 0.82395834 0.6791667 0.8328125 0.64916664 0.8625 0.52666664 0.8234375 0.50083333 0.8171875 0.50333333 0.80625 0.5475 0.80572915 0.5566667
15 0.7447917 0.56666666 0.75625 0.5675 0.759375 0.57416666 0.7515625 0.585 0.7552083 0.6041667 0.75416666 0.615 0.74427086 0.6375 0.703125 0.73 0.6510417 0.8325 0.6333333 0.8675 0.6265625 0.87333333 0.61614585 0.87333333 0.61302084 0.87833333 0.61041665 0.87666667 0.60364586 0.87 0.6067708 0.8616667 0.6088542 0.8466667 0.615625 0.825 0.6770833 0.6983333 0.7161458 0.62333333 0.7296875 0.5908333 0.7338542 0.58416665 0.74010414 0.5783333
0 0.27708334 0.90833336 0.371875 0.8675 0.4 0.8541667 0.41458333 0.8358333 0.44791666 0.7991667 0.47083333 0.7758333 0.48020834 0.80083334 0.49791667 0.87333333 0.50989586 0.9141667 0.53541666 0.96666664 0.5442708 1.0 0.29114583 1.0 0.26979166 0.94166666 0.26302084 0.9266667 0.2734375 0.91333336
1 0.00052083336 0.0 0.15833333 0.0 0.17916666 0.05666667 0.18541667 0.08083333 0.15364583 0.08083333 0.092708334 0.115 0.022395832 0.15916666 0.015625 0.18333334 0.0 0.21333334
