9 0.175 0.55916667 0.14166667 0.51666665 0.13333334 0.505 0.1421875 0.485 0.17083333 0.44166666 0.18072917 0.42916667 0.18229167 0.44416666 0.178125 0.4575 0.17604166 0.525 0.17552084 0.55583334
9 0.25520834 0.59 0.24427083 0.60833335 0.21875 0.6066667 0.20208333 0.5883333 0.22239584 0.5883333 0.25104168 0.59
9 0.21875 0.8516667 0.26822916 0.85583335 0.2921875 0.855 0.30989584 0.8466667 0.31979167 0.85 0.33333334 0.85583335 0.353125 0.85583335 0.38020834 0.8541667 0.40052083 0.86083335 0.42708334 0.8641667 0.45364583 0.8616667 0.45677084 0.85833335 0.45885417 0.7966667 0.4609375 0.6675 0.459375 0.6558333 0.46197918 0.62083334 0.43697917 0.62083334 0.42291668 0.6175 0.40572917 0.6075 0.396875 0.605 0.36510417 0.605 0.31770834 0.6066667 0.25677082 0.6075 0.24427083 0.60833335 0.21041666 0.6075 0.21302083 0.67333335 0.21458334 0.6816667 0.22239584 0.69083333 0.22395833 0.71 0.21510416 0.7975 0.21770833 0.82916665
9 0.4265625 0.4025 0.43854168 0.41583332 0.44375 0.43166667 0.446875 0.44 0.45208332 0.44 0.45677084 0.44916666 0.45104167 0.465 0.45260417 0.48 0.44583333 0.52166665 0.44270834 0.5758333 0.43697917 0.61333334 0.43645832 0.62083334 0.42864582 0.6175 0.421875 0.6166667 0.40364584 0.60583335 0.39791667 0.605 0.37447917 0.6041667 0.3171875 0.605 0.2453125 0.60833335 0.2546875 0.59 0.32760417 0.59166664 0.3390625 0.59166664 0.3796875 0.6016667 0.39479166 0.60083336 0.41875 0.60333335 0.42604166 0.6041667 0.42708334 0.5416667 0.42708334 0.4525
9 0.24270834 0.315 0.26666668 0.2525 0.28489584 0.21 0.32604167 0.25166667 0.35416666 0.28583333 0.37135416 0.30916667 0.359375 0.31 0.3234375 0.315 0.25989583 0.315 0.246875 0.31583333 0.24322917 0.31583333
9 0.6869792 0.47333333 0.7296875 0.53333336 0.75364584 0.55916667 0.7817708 0.6041667 0.80833334 0.6483333 0.84479165 0.7133333 0.86041665 0.69 0.878125 0.6641667 0.8880208 0.65166664 0.89947915 0.625 0.915625 0.6125 0.92760414 0.605 0.93072915 0.585 0.93125 0.57166666 0.9453125 0.55583334 0.96458334 0.5225 0.93645835 0.475 0.8958333 0.41083333 0.85572916 0.34166667 0.84010416 0.32583332 0.81875 0.3125 0.8072917 0.30083334 0.7984375 0.3025 0.7864583 0.32583332 0.7671875 0.35333332 0.7421875 0.37833333 0.72083336 0.40833333 0.70416665 0.43583333
9 0.72083336 0.52166665 0.73541665 0.55333334 0.74010414 0.56333333 0.7473958 0.58416665 0.78125 0.65416664 0.78697914 0.6641667 0.80364585 0.6408333 0.7838542 0.6075 0.7630208 0.575 0.753125 0.56 0.7338542 0.53833336 0.728125 0.5316667 0.72291666 0.52416664
9 0.6927083 0.46083334 0.6869792 0.44416666 0.6984375 0.43083334 0.71770835 0.4075 0.7260417 0.4 0.7270833 0.39916667 0.71979165 0.40833333 0.70416665 0.43583333 0.69322914 0.45916668
9 0.81041664 0.30333334 0.8463542 0.255 0.8734375 0.22 0.9036458 0.2775 0.92864585 0.33666667 0.9380208 0.365 0.9427083 0.38083333 0.96979165 0.43083334 0.97291666 0.44083333 0.9375 0.475 0.91197914 0.43583333 0.88854164 0.39833334 0.8645833 0.35666665 0.85625 0.34166667 0.8385417 0.32416666 0.8203125 0.31416667
9 0.17708333 0.30916667 0.24270834 0.31583333 0.32708332 0.315 0.40729168 0.30416667 0.42447916 0.30666667 0.4265625 0.39833334 0.42760417 0.5 0.42552084 0.60333335 0.39635417 0.60083336 0.37916666 0.60083336 0.3515625 0.595 0.33854166 0.59166664 0.29375 0.5908333 0.21458334 0.5883333 0.17552084 0.5883333 0.17604166 0.5275 0.178125 0.45666668 0.18229167 0.445 0.18125 0.42916667 0.178125 0.3975 0.17708333 0.33
