8 0.27135417 0.72583336 0.25520834 0.7608333 0.24739583 0.78333336 0.246875 0.7916667 0.24739583 0.8041667 0.25 0.815 0.25989583 0.82166666 0.2703125 0.8283333 0.278125 0.83166665 0.28854167 0.8333333 0.29427084 0.84 0.30208334 0.8516667 0.30052084 0.8375 0.296875 0.80333334 0.29479167 0.7708333 0.296875 0.74833333 0.30052084 0.7375 0.30520833 0.73 0.31041667 0.72833335 0.3234375 0.73 0.365625 0.7241667 0.40416667 0.725 0.44635418 0.70666665 0.4421875 0.66333336 0.4328125 0.57666665 0.409375 0.5525 0.3890625 0.53 0.38072917 0.5283333 0.37447917 0.53 0.36510417 0.54583335 0.34479168 0.58416665 0.34583333 0.5966667 0.3390625 0.5941667 0.3328125 0.60333335 0.3171875 0.6358333 0.30208334 0.6691667 0.28229168 0.705
8 0.23333333 0.665 0.271875 0.62583333 0.284375 0.61583334 0.29375 0.60583335 0.30625 0.5833333 0.3359375 0.54 0.3421875 0.55083334 0.35364583 0.5675 0.34479168 0.585 0.34635416 0.59833336 0.33958334 0.5941667 0.33229166 0.6041667 0.309375 0.6533333 0.28802082 0.6958333 0.26979166 0.73 0.25416666 0.76416665 0.24895833 0.7775 0.24270834 0.75916666 0.21666667 0.7075 0.21614583 0.69 0.22083333 0.68083334 0.22552083 0.67333335
8 0.3546875 0.1925 0.33020833 0.21416667 0.31666666 0.22833334 0.31354168 0.23666666 0.31197917 0.24833333 0.3140625 0.26166666 0.33072916 0.305 0.35208333 0.36666667 0.37083334 0.41166666 0.38072917 0.41916665 0.38697916 0.415 0.40625 0.40083334 0.421875 0.38583332 0.40520832 0.33833334 0.39010417 0.29333332 0.36666667 0.215 0.36770833 0.2 0.37083334 0.18833333 0.365625 0.185 0.3625 0.1875 0.36041668 0.19416666 0.35885417 0.19333333
8 0.40989584 0.08583333 0.38177082 0.12416667 0.36614582 0.14 0.3625 0.15083334 0.36145833 0.16333333 0.36354166 0.18 0.3703125 0.1875 0.390625 0.17083333 0.41510418 0.15833333 0.41927084 0.1625 0.4203125 0.15666667 0.43541667 0.14666666 0.4703125 0.1275 0.4890625 0.11666667 0.50416666 0.10333333 0.48697916 0.071666665 0.47135416 0.034166668 0.45989582 0.0275 0.45260417 0.026666667 0.4453125 0.035 0.428125 0.06 0.41979167 0.075
8 0.50208336 0.08166666 0.50677085 0.085 0.5130208 0.094166666 0.50416666 0.10333333 0.49270833 0.08166666
8 0.43958333 0.39333335 0.43229166 0.3925 0.42552084 0.38833332 0.42083332 0.38333333 0.39166668 0.29833335 0.36666667 0.21666667 0.3671875 0.2025 0.37083334 0.1875 0.39114583 0.17083333 0.41510418 0.15833333 0.41927084 0.1625 0.4203125 0.15666667 0.43385416 0.14833333 0.46302083 0.13166666 0.48958334 0.11666667 0.5130208 0.09583333 0.54270834 0.07333333 0.5578125 0.0625 0.56614584 0.061666667 0.5703125 0.06333333 0.57604164 0.07 0.57916665 0.08166666 0.5807292 0.1 0.58229166 0.11666667 0.5854167 0.13916667 0.5921875 0.17166667 0.59375 0.18833333 0.59583336 0.20416667 0.59791666 0.2125 0.6015625 0.21583334 0.6088542 0.22333333 0.61302084 0.23583333 0.61510414 0.24333334 0.61302084 0.2525 0.6109375 0.25916666 0.603125 0.26166666 0.5864583 0.27333334 0.565625 0.28416666 0.546875 0.29666665 0.534375 0.30833334 0.50364584 0.33333334 0.48489583 0.355 0.478125 0.36083335 0.475 0.35666665 0.4734375 0.3575 0.4734375 0.36416668 0.4625 0.375 0.446875 0.38916665
8 0.58802086 0.27416667 0.5953125 0.29166666 0.5963542 0.30916667 0.59010416 0.32583332 0.5630208 0.35916665 0.5317708 0.39583334 0.50364584 0.42833334 0.49322918 0.43166667 0.48489583 0.42083332 0.47916666 0.4125 0.46302083 0.37583333 0.4734375 0.365 0.4734375 0.3575 0.475 0.35666665 0.47760418 0.36083335 0.48177084 0.35833332 0.50625 0.3325 0.5395833 0.30416667 0.5463542 0.29666665 0.5697917 0.28166667 0.58489585 0.27416667
8 0.71197915 0.51416665 0.7135417 0.5783333 0.71458334 0.62083334 0.7125 0.6625 0.71458334 0.6825 0.71875 0.6933333 0.7265625 0.7008333 0.7375 0.7025 0.7526042 0.7008333 0.7682292 0.6983333 0.76979166 0.6975 0.7734375 0.69083333 0.7760417 0.6933333 0.7942708 0.69 0.8052083 0.68916667 0.8286458 0.68833333 0.85 0.68333334 0.88697916 0.6816667 0.9135417 0.68 0.9213542 0.66833335 0.921875 0.6225 0.92083335 0.59 0.91770834 0.6025 0.91510415 0.6225 0.9114583 0.63416666 0.9067708 0.6525 0.90260416 0.6591667 0.89166665 0.665 0.8859375 0.6641667 0.84791666 0.6358333 0.82395834 0.61833334 0.771875 0.585 0.76197916 0.57916665 0.76197916 0.5725 0.759375 0.57416666 0.753125 0.5708333 0.721875 0.55083334 0.71666664 0.5375 0.7161458 0.51916665 0.7213542 0.49333334 0.71510416 0.49916667 0.7125 0.50416666
8 0.7640625 0.35416666 0.7859375 0.37 0.7994792 0.38 0.80104166 0.3875 0.8041667 0.38416666 0.82604164 0.40083334 0.84479165 0.41416666 0.85260415 0.42833334 0.85520834 0.435 0.86354166 0.44166666 0.87083334 0.4425 0.8802083 0.44083333 0.8921875 0.45 0.90625 0.4575 0.9244792 0.46416667 0.93385416 0.47166666 0.940625 0.48333332 0.9427083 0.4925 0.9427083 0.50083333 0.93645835 0.52416664 0.93072915 0.56666666 0.928125 0.5733333 0.9203125 0.5908333 0.91510415 0.62083334 0.90625 0.655 0.89947915 0.66 0.8890625 0.665 0.88385415 0.6625 0.8510417 0.6383333 0.825 0.61833334 0.7630208 0.57916665 0.7625 0.5708333 0.7583333 0.575 0.7213542 0.55083334 0.7171875 0.53833336 0.71666664 0.52 0.7234375 0.47833332 0.7328125 0.42833334 0.7473958 0.36 0.7546875 0.35416666
8 0.76770836 0.2975 0.7973958 0.3175 0.809375 0.325 0.840625 0.32916668 0.85833335 0.33583334 0.8625 0.35083333 0.86302084 0.3725 0.859375 0.39916667 0.85625 0.43583333 0.85364586 0.43083334 0.84479165 0.41416666 0.80364585 0.38333333 0.80104166 0.38583332 0.79895836 0.38 0.7640625 0.35416666 0.7546875 0.35333332 0.74635416 0.36 0.7552083 0.3125 0.75989586 0.305
8 0.7125 0.56083333 0.7057292 0.60333335 0.7015625 0.61833334 0.70208335 0.625 0.70416665 0.62916666 0.71302086 0.6333333 0.71458334 0.61833334
8 0.29270834 0.8516667 0.2875 0.8491667 0.28385416 0.8441667 0.27708334 0.83166665 0.2890625 0.8333333 0.29479167 0.8408333 0.30052084 0.85
8 0.32291666 0.73083335 0.34427083 0.7275 0.365625 0.725 0.4046875 0.72583336 0.41979167 0.7191667 0.440625 0.71 0.45364583 0.70416665 0.45572916 0.70666665 0.45989582 0.7008333 0.47135416 0.6933333 0.484375 0.69083333 0.490625 0.7 0.49427083 0.7075 0.49635416 0.74083334 0.49635416 0.7675 0.49322918 0.79083335 0.4921875 0.8233333 0.49427083 0.8625 0.49427083 0.88 0.496875 0.90416664 0.48958334 0.905 0.46354166 0.905 0.46197918 0.9 0.459375 0.9 0.45833334 0.90416664 0.43333334 0.905 0.415625 0.90416664 0.39895833 0.9058333 0.38854167 0.9075 0.36145833 0.915 0.33489582 0.92083335 0.3171875 0.9241667 0.30625 0.9191667 0.3 0.9058333 0.29791668 0.8925 0.30104166 0.87666667 0.303125 0.8691667 0.30208334 0.8466667 0.2984375 0.81666666 0.29479167 0.7708333 0.29635417 0.75083333 0.30052084 0.73833334 0.30520833 0.73083335 0.31145832 0.7291667
