14 0.22552083 0.37416667 0.16510417 0.39666668 0.13697916 0.4075 0.13489583 0.4025 0.13072917 0.39416668 0.11666667 0.39583334 0.1140625 0.4025 0.11302083 0.4125 0.116145834 0.4325 0.12291667 0.44666666 0.122395836 0.45583335 0.12760417 0.4775 0.13385417 0.49166667 0.13645834 0.50333333 0.13645834 0.51416665 0.14114584 0.51 0.15833333 0.4925 0.1671875 0.48666668 0.1828125 0.4775 0.2109375 0.4675 0.24166666 0.4575 0.24635416 0.455 0.2390625 0.42333335 0.22708334 0.37333333
14 0.2859375 0.35166666 0.296875 0.34666666 0.3296875 0.33333334 0.328125 0.32916668 0.32864583 0.3275 0.3328125 0.33 0.33697918 0.33166668 0.33958334 0.34166667 0.34375 0.36666667 0.34947917 0.38833332 0.3546875 0.415 0.35520834 0.4325 0.35416666 0.435 0.346875 0.435 0.33958334 0.42083332 0.33229166 0.41916665 0.32916668 0.41916665 0.3046875 0.43166667 0.30416667 0.43083334 0.30052084 0.415 0.2921875 0.38 0.2859375 0.35416666
14 0.36145833 0.55916667 0.36614582 0.62583333 0.36822918 0.66083336 0.36979166 0.67083335 0.36666667 0.6791667 0.36354166 0.7025 0.3625 0.7125 0.36614582 0.73583335 0.378125 0.73083335 0.41302082 0.7266667 0.43541667 0.7241667 0.43802083 0.7175 0.4359375 0.69083333 0.42708334 0.6825 0.42395833 0.6675 0.421875 0.6508333 0.41875 0.6125 0.41666666 0.55 0.4125 0.46166667 0.40208334 0.47833332 0.3796875 0.5208333 0.36875 0.5425 0.3671875 0.54583335 0.36979166 0.555 0.371875 0.5625 0.375 0.565 0.371875 0.5675 0.36354166 0.56166667
14 0.33125 0.48 0.31875 0.48166665 0.31666666 0.485 0.31875 0.495 0.32760417 0.5075 0.34635416 0.5341667 0.3609375 0.5575 0.36354166 0.56166667 0.37135416 0.5675 0.371875 0.5675 0.375 0.565 0.371875 0.5625 0.36927083 0.5541667 0.3671875 0.54583335 0.3671875 0.54583335 0.36770833 0.5441667 0.3734375 0.53333336 0.38854167 0.50416666 0.40104166 0.48083332 0.40416667 0.475 0.41302082 0.46 0.4328125 0.42 0.45520833 0.37583333 0.47708333 0.33583334 0.47864583 0.33 0.48958334 0.32416666 0.5052083 0.30416667 0.5140625 0.29 0.521875 0.27416667 0.49010417 0.23166667 0.46979168 0.205 0.45989582 0.19583334 0.4546875 0.20583333 0.45052084 0.21833333 0.43958333 0.26416665 0.440625 0.27 0.43645832 0.2725 0.43385416 0.27583334 0.41510418 0.31833333 0.37604168 0.3925 0.35572916 0.43083334 0.3546875 0.43416667 0.35416666 0.43583333 0.353125 0.43666667 0.33385417 0.47666666
14 0.39322916 0.35833332 0.3609375 0.365 0.35989583 0.365 0.35833332 0.36083335 0.35729167 0.35916665 0.35729167 0.35666665 0.3578125 0.355 0.3515625 0.35833332 0.34739584 0.36083335 0.34427083 0.3625 0.34375 0.36416668 0.34427083 0.36833334 0.34739584 0.37916666 0.35 0.38666666 0.3515625 0.38833332 0.353125 0.39666668 0.3546875 0.41166666 0.35520834 0.43083334 0.36354166 0.415 0.37708333 0.39 0.39270833 0.36083335
14 0.43072918 0.27833334 0.38697916 0.24916667 0.3671875 0.2375 0.35677084 0.22666667 0.35052082 0.21916667 0.340625 0.205 0.33333334 0.19666667 0.325 0.19416666 0.31979167 0.20583333 0.3171875 0.21416667 0.30885416 0.25416666 0.30052084 0.30833334 0.31145832 0.31333333 0.3203125 0.31333333 0.321875 0.30416667 0.32760417 0.30666667 0.33541667 0.30583334 0.36614582 0.32666665 0.39895833 0.34833333 0.40052083 0.34583333 0.41354167 0.32166666 0.41458333 0.31916666 0.42395833 0.29833335 0.42708334 0.29083332 0.43072918 0.2825 0.43229166 0.27916667
14 0.45104167 0.38583332 0.47916666 0.40333334 0.484375 0.40833333 0.48854166 0.40916666 0.5026042 0.42916667 0.5078125 0.44166666 0.51145834 0.4325 0.5203125 0.40166667 0.5317708 0.37083334 0.5390625 0.33583334 0.54114586 0.32833335 0.53020835 0.3225 0.5151042 0.32833335 0.49791667 0.31916666 0.4953125 0.31666666 0.48958334 0.32416666 0.48020834 0.32916668 0.47864583 0.33 0.47760418 0.33583334 0.45885417 0.37 0.45104167 0.385
14 0.48489583 0.43 0.46614584 0.41916665 0.44895834 0.4 0.44479167 0.39666668 0.44114584 0.40416667 0.4375 0.44083333 0.43072918 0.4925 0.43020833 0.5175 0.43489584 0.515 0.44270834 0.50083333 0.44375 0.49916667 0.4515625 0.51 0.4625 0.5158333 0.4796875 0.525 0.4796875 0.515 0.47864583 0.47166666 0.478125 0.445 0.48072916 0.43416667 0.4875 0.43166667
14 0.51770836 0.54333335 0.5375 0.55333334 0.5598958 0.5516667 0.5963542 0.5516667 0.6171875 0.5491667 0.63489586 0.5491667 0.63697916 0.54333335 0.5854167 0.54083335 0.5307292 0.5375 0.52760416 0.5341667 0.51979166 0.54083335
14 0.47135416 0.6533333 0.48385417 0.655 0.49114582 0.64916664 0.49166667 0.64416665 0.5338542 0.6433333 0.5921875 0.645 0.64166665 0.6433333 0.6880208 0.6408333 0.690625 0.6408333 0.6979167 0.65 0.70104164 0.6558333 0.7104167 0.66083336 0.7114583 0.65833336 0.7135417 0.62583333 0.7114583 0.6116667 0.70520836 0.5883333 0.69635415 0.5516667 0.6927083 0.54333335 0.690625 0.54333335 0.6859375 0.54333335 0.68125 0.54833335 0.6692708 0.54833335 0.63385415 0.5491667 0.61927086 0.5491667 0.6041667 0.55083334 0.59739584 0.5525 0.57604164 0.5516667 0.5578125 0.5525 0.53802085 0.55333334 0.525 0.55333334 0.5109375 0.555 0.50625 0.5566667 0.49895832 0.55333334 0.48177084 0.55583334 0.48072916 0.5516667 0.48125 0.5441667 0.46510416 0.5425 0.46041667 0.5425 0.46458334 0.57416666 0.4671875 0.60333335 0.4671875 0.6458333 0.46979168 0.65
14 0.49479166 0.80083334 0.48020834 0.79833335 0.478125 0.8 0.47239584 0.80833334 0.47239584 0.81 0.49375 0.855 0.51354164 0.9025 0.5161458 0.9091667 0.52447915 0.9008333 0.5296875 0.8883333 0.5364583 0.87416667 0.5395833 0.8575 0.5703125 0.8125 0.6453125 0.70916665 0.66875 0.6816667 0.6859375 0.67083335 0.68854165 0.6716667 0.7005208 0.655 0.696875 0.64916664 0.690625 0.6408333 0.64947915 0.6433333 0.6145833 0.64416665 0.60520834 0.645 0.52552086 0.75166667 0.503125 0.7875
14 0.6927083 0.5425 0.6984375 0.54083335 0.71197915 0.5525 0.7213542 0.55833334 0.7291667 0.56 0.74427086 0.5875 0.74583334 0.59166664 0.7375 0.5925 0.7328125 0.5991667 0.7265625 0.5991667 0.7114583 0.61 0.7104167 0.60833335 0.7046875 0.5858333 0.6984375 0.55833334 0.696875 0.5516667 0.69322914 0.54333335
14 0.66302085 0.5441667 0.66510415 0.5475 0.66822916 0.5475 0.6744792 0.5475 0.68125 0.54833335 0.6859375 0.54333335 0.67552084 0.54333335 0.66614586 0.54333335
14 0.5015625 0.42916667 0.4875 0.43166667 0.48072916 0.43416667 0.478125 0.44416666 0.48020834 0.52666664 0.48177084 0.54333335 0.48125 0.55 0.48177084 0.555 0.48333332 0.555 0.5 0.5525 0.51458335 0.545 0.5171875 0.54333335 0.51927084 0.54083335 0.52760416 0.53333336 0.5307292 0.5366667 0.56458336 0.5391667 0.60052085 0.54083335 0.65416664 0.54333335 0.67083335 0.54333335 0.6869792 0.54333335 0.6927083 0.5425 0.6921875 0.5425 0.69895834 0.54 0.7083333 0.5491667 0.7125 0.5525 0.721875 0.55833334 0.73229164 0.55833334 0.7416667 0.5575 0.74375 0.55083334 0.7369792 0.51 0.7375 0.48333332 0.7390625 0.44416666 0.7390625 0.44 0.7239583 0.43583333 0.71770835 0.43916667 0.70104164 0.45083332 0.659375 0.45 0.52916664 0.44083333 0.50885415 0.44 0.5083333 0.44166666 0.5078125 0.4425 0.503125 0.43166667
14 0.51875 0.41083333 0.52239585 0.42083332 0.52447915 0.43583333 0.52552086 0.43916667 0.52552086 0.43916667 0.540625 0.44083333 0.5520833 0.42666668 0.57239586 0.4 0.58489585 0.38583332 0.5854167 0.37833333 0.5703125 0.36916667 0.5630208 0.36583334 0.5630208 0.35666665 0.55052084 0.335 0.5208333 0.27833334 0.5203125 0.2775 0.51458335 0.29 0.5140625 0.29083332 0.5078125 0.3 0.5015625 0.30916667 0.49583334 0.31583333 0.4953125 0.31666666 0.49791667 0.31916666 0.5072917 0.32416666 0.5151042 0.3275 0.5161458 0.3275 0.53020835 0.32166666 0.5364583 0.32583332 0.54114586 0.32833335 0.5390625 0.33583334 0.5317708 0.37083334 0.52552086 0.38916665 0.5208333 0.40083334 0.5182292 0.41
14 0.44010416 0.26083332 0.428125 0.23833333 0.41614583 0.2125 0.40833333 0.205 0.40625 0.19916667 0.39947918 0.1975 0.39166668 0.18666667 0.38645834 0.17 0.38645834 0.16666667 0.38958332 0.16583334 0.39010417 0.16 0.39322916 0.16083333 0.39322916 0.155 0.39791667 0.15416667 0.39791667 0.14666666 0.40104166 0.14666666 0.4015625 0.13916667 0.40572917 0.13916667 0.40572917 0.135 0.41041666 0.135 0.41041666 0.1275 0.41458333 0.1275 0.41510418 0.12166667 0.41875 0.12083333 0.41875 0.11416667 0.421875 0.115 0.42291668 0.108333334 0.42760417 0.11 0.42604166 0.10166667 0.42916667 0.10166667 0.4296875 0.096666664 0.43802083 0.10333333 0.44739583 0.11666667 0.45364583 0.14 0.45625 0.15666667 0.47083333 0.18333334 0.5078125 0.25166667 0.5078125 0.25166667 0.50989586 0.25583333 0.48177084 0.22 0.46614584 0.20083334 0.45989582 0.195 0.45260417 0.20916666 0.44479167 0.23833333
14 0.559375 0.34916666 0.5390625 0.26833335 0.51770836 0.1825 0.5 0.1425 0.49375 0.12 0.5109375 0.1075 0.5651042 0.07833333 0.571875 0.100833334 0.57135415 0.1175 0.5703125 0.13833334 0.5932292 0.2375 0.6109375 0.30916667 0.59947914 0.31 0.5864583 0.31666666 0.59010416 0.32916668 0.6046875 0.36 0.6302083 0.43166667 0.6322917 0.44333333 0.625 0.4475 0.5911458 0.44416666 0.5807292 0.44333333 0.5796875 0.4175 0.57239586 0.39916667 0.5765625 0.395 0.58489585 0.38583332 0.5854167 0.38 0.5854167 0.37833333 0.5630208 0.365 0.5630208 0.35666665 0.5609375 0.35333332
14 0.590625 0.31416667 0.59947914 0.31 0.6145833 0.31 0.6203125 0.30416667 0.6333333 0.2925 0.6359375 0.29083332 0.63125 0.2825 0.6322917 0.28 0.6453125 0.29416665 0.6666667 0.35583332 0.6921875 0.43833333 0.69635415 0.45083332 0.6744792 0.45 0.6380208 0.4475 0.6328125 0.4475 0.6322917 0.4425 0.6296875 0.42833334 0.6088542 0.37083334 0.6046875 0.36 0.60364586 0.3575 0.59375 0.3375 0.59010416 0.32916668 0.5864583 0.31666666
14 0.6328125 0.27833334 0.67291665 0.23916666 0.67864585 0.23583333 0.6890625 0.25416666 0.68958336 0.27583334 0.6869792 0.2825 0.7026042 0.31166667 0.75677085 0.43583333 0.79322916 0.52 0.7953125 0.52416664 0.7994792 0.5233333 0.8052083 0.5233333 0.8072917 0.53 0.8109375 0.5316667 0.7708333 0.57666665 0.75104165 0.6 0.7390625 0.5975 0.7390625 0.5925 0.74583334 0.59166664 0.7427083 0.58416665 0.74375 0.56583333 0.7390625 0.55833334 0.7416667 0.5575 0.74375 0.5516667 0.74375 0.55 0.7369792 0.5108333 0.73802084 0.4725 0.7395833 0.43916667 0.73645836 0.43833333 0.7239583 0.435 0.7125 0.4425 0.70104164 0.45083332 0.696875 0.45083332 0.696875 0.45083332 0.68177086 0.40166667 0.6692708 0.36416668 0.65520835 0.32166666 0.6453125 0.29416665 0.63385415 0.28166667 0.6322917 0.28
14 0.63072914 0.28166667 0.62291664 0.2925 0.61875 0.3 0.615625 0.30833334 0.62135416 0.30333334 0.6265625 0.29916668 0.6333333 0.29333332 0.634375 0.2925 0.6359375 0.29083332 0.63125 0.2825 0.6322917 0.28
14 0.2015625 0.30583334 0.23229167 0.29333332 0.27395833 0.2825 0.2828125 0.28333333 0.28125 0.30666667 0.27552083 0.30583334 0.27552083 0.31 0.29947916 0.41083333 0.31354168 0.47333333 0.32135418 0.505 0.33072916 0.5516667 0.33072916 0.5566667 0.34427083 0.59166664 0.3515625 0.6125 0.3515625 0.615 0.34010416 0.615 0.31302083 0.615 0.29947916 0.61833334 0.29895833 0.6358333 0.29791668 0.6408333 0.296875 0.64 0.28645834 0.60333335 0.25729167 0.49833333 0.23333333 0.40083334 0.215625 0.32583332 0.21510416 0.32333332 0.20885417 0.31916666 0.203125 0.31083333
