15 0.32083333 0.3925 0.32239583 0.365 0.32447916 0.35333332 0.3265625 0.34916666 0.33333334 0.34333333 0.33333334 0.33833334 0.33333334 0.33666667 0.33645833 0.33583334 0.33541667 0.33083335 0.33489582 0.325 0.33645833 0.32083333 0.33802083 0.31916666 0.33958334 0.32083333 0.346875 0.325 0.34322917 0.33416668 0.3421875 0.3375 0.34427083 0.3375 0.3453125 0.34166667 0.3453125 0.34416667 0.35104167 0.35333332 0.353125 0.3625 0.35416666 0.3825 0.35260418 0.41666666 0.34947917 0.46083334 0.3453125 0.5208333 0.3390625 0.61083335 0.33541667 0.6591667 0.33385417 0.66 0.33020833 0.655 0.33125 0.6508333 0.33072916 0.6458333 0.3265625 0.6483333 0.32864583 0.63916665 0.32604167 0.62916666 0.31822917 0.61833334 0.30572918 0.605 0.30677083 0.5858333 0.31458333 0.4775
15 0.30104166 0.67 0.30104166 0.6766667 0.3015625 0.6816667 0.303125 0.68916667 0.3078125 0.69416666 0.309375 0.69416666 0.30833334 0.7 0.30885416 0.70166665 0.3109375 0.7033333 0.3109375 0.70916665 0.3109375 0.7191667 0.31458333 0.72 0.3171875 0.7183333 0.321875 0.71416664 0.31979167 0.70916665 0.31770834 0.7033333 0.31979167 0.70166665 0.31979167 0.6975 0.31614584 0.69666666 0.31614584 0.68916667 0.3171875 0.6875 0.321875 0.68666667 0.3265625 0.69 0.33020833 0.685 0.33177084 0.6825 0.33229166 0.67583334 0.32708332 0.6766667 0.325 0.6666667 0.32135418 0.6666667 0.31354168 0.66833335 0.3078125 0.66833335 0.3015625 0.6625
15 0.4703125 0.70916665 0.50364584 0.72 0.5234375 0.72583336 0.5421875 0.73583335 0.5546875 0.74583334 0.55677086 0.7525 0.55833334 0.75916666 0.5619792 0.76 0.56354165 0.76416665 0.56927085 0.765 0.5708333 0.77416664 0.56666666 0.7758333 0.5630208 0.7725 0.5609375 0.7783333 0.55677086 0.7758333 0.553125 0.7816667 0.54583335 0.7866667 0.5296875 0.7841667 0.465625 0.7625 0.3703125 0.735 0.34166667 0.725 0.33385417 0.71666664 0.33020833 0.70916665 0.32760417 0.7025 0.3234375 0.7 0.31927082 0.6975 0.31614584 0.69666666 0.31614584 0.68916667 0.3171875 0.6875 0.321875 0.68666667 0.3265625 0.69 0.32604167 0.6925 0.33072916 0.6925 0.3328125 0.68666667 0.33541667 0.68083334 0.3359375 0.68 0.33958334 0.67583334 0.34427083 0.675 0.34739584 0.675 0.36770833 0.67833334 0.38020834 0.68083334 0.40729168 0.69 0.43125 0.69666666
15 0.39270833 0.7425 0.39322916 0.74833333 0.39479166 0.7558333 0.396875 0.7558333 0.4 0.75333333 0.403125 0.75 0.40416667 0.745 0.39322916 0.74083334
15 0.38177082 0.43416667 0.38229167 0.41083333 0.38489583 0.40166667 0.38697916 0.395 0.39270833 0.39083335 0.39114583 0.3875 0.39166668 0.38416666 0.39322916 0.3825 0.39166668 0.37166667 0.39114583 0.36833334 0.39270833 0.36833334 0.39791667 0.36833334 0.4015625 0.36833334 0.40052083 0.3775 0.39947918 0.38083333 0.40208334 0.38416666 0.40208334 0.3875 0.40572917 0.39166668 0.40989584 0.39916667 0.41354167 0.40916666 0.415625 0.42916667 0.41666666 0.50333333 0.4140625 0.64666665 0.41302082 0.69166666 0.38854167 0.68416667 0.38020834 0.68083334 0.38072917 0.6558333 0.3828125 0.58166665 0.38177082 0.46916667
15 0.5359375 0.335 0.54114586 0.32416666 0.5442708 0.32 0.5494792 0.31833333 0.55260414 0.31916666 0.553125 0.31583333 0.5541667 0.31333333 0.55625 0.31416667 0.55885416 0.30583334 0.56041664 0.3 0.56145835 0.30166668 0.56666666 0.30583334 0.5651042 0.31166667 0.5625 0.3175 0.5640625 0.3225 0.5625 0.32583332 0.56666666 0.33666667 0.56614584 0.345 0.559375 0.37166667 0.54114586 0.44083333 0.52447915 0.49666667 0.50677085 0.5525 0.47916666 0.52666664 0.4828125 0.51666665 0.5171875 0.40083334 0.528125 0.36333334
15 0.45885417 0.59166664 0.45416668 0.6066667 0.45 0.6175 0.4484375 0.6275 0.44739583 0.6375 0.44895834 0.64416665 0.453125 0.6483333 0.4515625 0.65 0.45104167 0.65416664 0.45104167 0.6566667 0.4453125 0.665 0.44791666 0.6691667 0.453125 0.6741667 0.45416668 0.67083335 0.45677084 0.6625 0.459375 0.66333336 0.46197918 0.6591667 0.46614584 0.65833336 0.47083333 0.6533333 0.47447917 0.65 0.484375 0.62583333 0.49166667 0.59833336 0.4640625 0.57416666
15 0.4265625 0.5225 0.42916667 0.5108333 0.43177083 0.50333333 0.434375 0.50416666 0.43802083 0.51166666 0.440625 0.51 0.44375 0.5133333 0.44739583 0.5083333 0.45208332 0.5058333 0.46041667 0.5108333 0.47135416 0.52 0.48177084 0.5283333 0.509375 0.555 0.55833334 0.5933333 0.6140625 0.64 0.6359375 0.66 0.640625 0.66583335 0.64375 0.6716667 0.64479166 0.68333334 0.646875 0.685 0.64739585 0.69166666 0.65052086 0.69166666 0.6546875 0.69166666 0.6546875 0.69916666 0.65208334 0.7 0.653125 0.7033333 0.6484375 0.7083333 0.64427084 0.70166665 0.6401042 0.70416665 0.63854164 0.7025 0.6359375 0.7058333 0.6296875 0.70916665 0.62395835 0.7075 0.60364586 0.6925 0.5359375 0.6358333 0.49114582 0.59833336 0.4640625 0.57416666 0.4515625 0.56333333 0.44322917 0.55583334 0.43958333 0.5491667 0.4375 0.54333335 0.4375 0.5375 0.43854168 0.5316667 0.43697917 0.5308333 0.4359375 0.5308333 0.43489584 0.5283333 0.43541667 0.5233333 0.4328125 0.52416664 0.428125 0.5275 0.4265625 0.52666664 0.42552084 0.525
15 0.45260417 0.76 0.44479167 0.78833336 0.43802083 0.81333333 0.42864582 0.84833336 0.42604166 0.86083335 0.42552084 0.87083334 0.425 0.87916666 0.42864582 0.88916665 0.42760417 0.89166665 0.42708334 0.8958333 0.42916667 0.8983333 0.42760417 0.9025 0.42552084 0.90416664 0.42552084 0.9116667 0.42864582 0.9141667 0.43541667 0.9141667 0.43489584 0.90833336 0.434375 0.9008333 0.43802083 0.90166664 0.440625 0.9 0.44114584 0.895 0.446875 0.8925 0.45208332 0.8858333 0.4578125 0.87083334 0.46666667 0.84 0.47135416 0.82166666 0.48489583 0.76916665 0.45260417 0.75916666
15 0.496875 0.60583335 0.48385417 0.64916664 0.46666667 0.7075 0.5 0.7183333 0.5046875 0.70166665 0.5260417 0.6275 0.49739584 0.60333335
15 0.5239583 0.56166667 0.52447915 0.5566667 0.5239583 0.5516667 0.52552086 0.55083334 0.528125 0.5516667 0.5286458 0.5541667 0.5296875 0.5525 0.5307292 0.55333334 0.53541666 0.5541667 0.5338542 0.56166667 0.53125 0.56583333 0.53020835 0.5683333 0.5317708 0.57 0.53125 0.5725 0.5208333 0.56416667 0.5208333 0.5625 0.52135414 0.56166667 0.5229167 0.56166667
15 0.5385417 0.5416667 0.540625 0.53583336 0.5416667 0.5308333 0.5416667 0.52666664 0.54114586 0.52416664 0.54322916 0.5208333 0.5416667 0.5183333 0.5390625 0.51166666 0.540625 0.50916666 0.5421875 0.505 0.54375 0.5058333 0.5463542 0.50916666 0.54895836 0.5175 0.5515625 0.5183333 0.553125 0.52 0.55260414 0.52416664 0.5515625 0.5258333 0.5552083 0.52666664 0.5598958 0.52916664 0.5630208 0.53333336 0.5651042 0.54083335 0.56927085 0.56083333 0.57135415 0.57916665 0.5734375 0.59166664 0.575 0.6075 0.55677086 0.59166664 0.53697914 0.5758333 0.5364583 0.56583333 0.53697914 0.5525 0.5375 0.545
15 0.5541667 0.68833333 0.56145835 0.74 0.56458336 0.76416665 0.56927085 0.765 0.5708333 0.77416664 0.5677083 0.7758333 0.57395834 0.81916666 0.58125 0.85833335 0.5854167 0.86833334 0.5921875 0.87333333 0.59479165 0.8725 0.5942708 0.87916666 0.59739584 0.8808333 0.59739584 0.8883333 0.59791666 0.8958333 0.60729164 0.8908333 0.60572916 0.885 0.60260415 0.88 0.60625 0.87833333 0.6046875 0.87083334 0.6078125 0.8675 0.6098958 0.8566667 0.6098958 0.84166664 0.59583336 0.74333334 0.5864583 0.67833334 0.5484375 0.6475
15 0.58177084 0.4975 0.5828125 0.49083334 0.5854167 0.48416665 0.58385414 0.48166665 0.584375 0.47583333 0.5859375 0.47416666 0.584375 0.46833333 0.5833333 0.46333334 0.5854167 0.45833334 0.5864583 0.45833334 0.59166664 0.45833334 0.59166664 0.46416667 0.5911458 0.47166666 0.59375 0.47083333 0.5942708 0.47666666 0.59739584 0.47583333 0.6010417 0.4775 0.6078125 0.48333332 0.61302084 0.5 0.62916666 0.5525 0.6322917 0.56583333 0.62604165 0.57666665 0.61927086 0.5883333 0.6177083 0.5975 0.61875 0.60833335 0.6171875 0.6141667 0.61614585 0.6175 0.6125 0.61833334 0.60520834 0.5925 0.5859375 0.525 0.5828125 0.51166666 0.58177084 0.50333333
15 0.6375 0.705 0.64635414 0.7416667 0.6515625 0.755 0.6567708 0.77166665 0.6609375 0.7841667 0.665625 0.79583335 0.66979164 0.8016667 0.67760414 0.8075 0.6791667 0.81166667 0.68177086 0.8125 0.6828125 0.8233333 0.6875 0.8225 0.69166666 0.81916666 0.69427085 0.815 0.6890625 0.8066667 0.6890625 0.7991667 0.6890625 0.7941667 0.6901042 0.79083335 0.690625 0.78333336 0.6901042 0.7683333 0.684375 0.74583334 0.6713542 0.7025 0.646875 0.61583334 0.640625 0.62166667 0.63645834 0.625 0.63177085 0.625 0.62864584 0.625 0.62708336 0.62583333 0.6223958 0.62583333 0.6197917 0.6308333 0.6166667 0.63666666 0.61875 0.64416665 0.62708336 0.65166664 0.63645834 0.66083336 0.6411458 0.6666667 0.64375 0.67083335 0.64427084 0.6825 0.646875 0.685 0.64739585 0.69083333 0.6510417 0.69166666 0.6546875 0.69166666 0.6546875 0.69916666 0.65208334 0.7 0.653125 0.7025 0.6484375 0.7083333 0.64427084 0.70166665 0.6401042 0.70416665 0.6380208 0.7025 0.6375 0.70416665
15 0.74114585 0.42666668 0.7630208 0.4 0.7708333 0.39166668 0.7765625 0.38833332 0.7796875 0.38666666 0.7838542 0.38666666 0.7864583 0.38916665 0.7875 0.3875 0.790625 0.38916665 0.7921875 0.38416666 0.79322916 0.37916666 0.7963542 0.38 0.79895836 0.38333333 0.803125 0.39333335 0.7984375 0.39583334 0.7963542 0.3975 0.7973958 0.40333334 0.7942708 0.40583333 0.7942708 0.41583332 0.79270834 0.42333335 0.78541666 0.43583333 0.7546875 0.47083333 0.7 0.54083335 0.66770834 0.5875 0.65416664 0.60583335 0.64635414 0.6166667 0.63645834 0.62416667 0.62864584 0.625 0.62708336 0.62583333 0.6223958 0.62583333 0.6171875 0.635 0.6145833 0.635 0.61302084 0.6325 0.6109375 0.6275 0.6109375 0.62416667 0.61145836 0.62 0.6125 0.6191667 0.6166667 0.6166667 0.61875 0.6091667 0.6177083 0.59833336 0.61875 0.5883333 0.63385415 0.56416667 0.6848958 0.495 0.72760415 0.44416666
15 0.12447917 0.46 0.123958334 0.45583335 0.12864584 0.45666668 0.128125 0.45083332 0.12916666 0.445 0.13125 0.44583333 0.1328125 0.44666666 0.13541667 0.4525 0.13697916 0.45166665 0.14010416 0.45166665 0.14166667 0.45166665 0.1453125 0.44916666 0.1515625 0.45 0.15677084 0.45333335 0.18020834 0.4775 0.253125 0.55083334 0.303125 0.6025 0.3171875 0.6175 0.32604167 0.62916666 0.32864583 0.6383333 0.32604167 0.6475 0.328125 0.64666665 0.33072916 0.6458333 0.33125 0.65 0.33020833 0.655 0.33385417 0.66083336 0.33697918 0.65833336 0.3359375 0.6675 0.33385417 0.675 0.33229166 0.67583334 0.33020833 0.67583334 0.32760417 0.67583334 0.325 0.6675 0.32135418 0.6666667 0.31458333 0.66833335 0.30833334 0.66833335 0.296875 0.6591667 0.24895833 0.6075 0.15677084 0.5125 0.14010416 0.49666667 0.13385417 0.48583335 0.1328125 0.4775 0.13333334 0.47083333 0.13125 0.46666667 0.13072917 0.46333334
