20 0.072916664 0.43333334 0.11302083 0.62 0.106770836 0.6666667 0.1109375 0.6791667 0.13802083 0.6741667 0.17083333 0.6691667 0.19322917 0.705 0.21822916 0.74666667 0.21302083 0.78583336 0.19270833 0.83416665 0.12864584 0.92833334 0.10625 0.9425 0.084375 0.9 0.009375 0.6975 0.0 0.64416665 0.0 0.49666667 0.06875 0.41833332
20 0.11875 0.6066667 0.22395833 0.5908333 0.33645833 0.5825 0.4015625 0.5733333 0.47135416 0.5833333 0.49322918 0.58 0.49114582 0.6166667 0.4875 0.655 0.49635416 0.6766667 0.509375 0.69916666 0.51666665 0.72583336 0.51458335 0.76166666 0.49635416 0.7866667 0.4125 0.8233333 0.35989583 0.82166666 0.27447918 0.8233333 0.1921875 0.8425 0.21197917 0.7891667 0.21927084 0.7441667 0.17135416 0.6666667 0.1140625 0.6791667 0.106770836 0.66833335 0.114583336 0.6166667
13 0.1390625 0.48583335 0.271875 0.46166667 0.28229168 0.46833333 0.29166666 0.48916668 0.29166666 0.5833333 0.1421875 0.6041667 0.13489583 0.52916664 0.13489583 0.4925
19 0.34635416 0.415 0.42760417 0.39333335 0.48958334 0.37416667 0.5161458 0.36416668 0.52760416 0.37416667 0.52447915 0.4 0.49583334 0.58 0.4875 0.5783333 0.46979168 0.5825 0.4015625 0.5725 0.35833332 0.5808333 0.34427083 0.4775 0.34010416 0.45 0.34010416 0.43
8 0.59479165 0.3425 0.646875 0.36583334 0.6635417 0.3775 0.6645833 0.39666668 0.659375 0.42166665 0.63177085 0.56333333 0.6203125 0.64416665 0.61614585 0.6825 0.6088542 0.7025 0.59947914 0.70666665 0.5697917 0.6925 0.5541667 0.6825 0.50989586 0.6775 0.49791667 0.6725 0.48854166 0.6508333 0.49166667 0.61 0.49375 0.5833333 0.5 0.56083333 0.52760416 0.3875 0.5307292 0.3575 0.5328125 0.3425 0.5494792 0.33916667 0.58229166 0.33916667
5 0.40989584 0.0275 0.5161458 0.0 0.59583336 0.0 0.60260415 0.064166665 0.60052085 0.12666667 0.61614585 0.23833333 0.6255208 0.29833335 0.63489586 0.32083333 0.62864584 0.3275 0.5984375 0.33583334 0.57916665 0.3375 0.54895836 0.33416668 0.5317708 0.33916667 0.49375 0.34583333 0.46666667 0.3575 0.4484375 0.3625 0.45416668 0.3225 0.45833334 0.29833335 0.45052084 0.25 0.42447916 0.123333335 0.41197917 0.06583333 0.4078125 0.039166667
4 0.30208334 0.0 0.36979166 0.00083333335 0.35729167 0.0175 0.34947917 0.13666667 0.34947917 0.18083334 0.34114584 0.1925 0.32760417 0.19083333 0.30572918 0.18416667 0.29895833 0.17083333 0.29895833 0.14166667 0.30364582 0.045833334 0.30364582 0.0058333334
15 0.019270834 0.0 0.027604166 0.014166667 0.031770833 0.0275 0.033854168 0.034166668 0.049479168 0.034166668 0.0546875 0.034166668 0.047395833 0.0175 0.0484375 0.0058333334 0.052604165 0.0
18 0.634375 0.6375 0.7046875 0.6566667 0.7864583 0.675 0.80885416 0.675 0.8208333 0.685 0.82447916 0.7058333 0.8208333 0.73333335 0.8151042 0.7558333 0.81614584 0.7975 0.8125 0.82916665 0.8078125 0.87083334 0.7994792 0.8875 0.78697914 0.8875 0.74895835 0.88166666 0.709375 0.87083334 0.66822916 0.865 0.62916666 0.8525 0.61822915 0.8525 0.6088542 0.8475 0.6020833 0.835 0.5984375 0.8175 0.6020833 0.7841667 0.6078125 0.7175 0.6119792 0.6983333 0.6166667 0.68333334 0.62083334 0.64916664 0.625 0.6425
6 0.68541664 0.093333334 0.7182292 0.0675 0.72864586 0.058333334 0.73645836 0.0675 0.7427083 0.090833336 0.7473958 0.1625 0.75677085 0.19333333 0.7734375 0.26583335 0.77760416 0.28416666 0.7796875 0.2925 0.7708333 0.3 0.746875 0.31333333 0.72239584 0.32583332 0.69947916 0.34166667 0.67864585 0.355 0.675 0.34666666 0.6692708 0.32 0.66822916 0.30166668 0.65052086 0.19583334 0.63697916 0.14333333 0.63645834 0.12833333 0.6484375 0.125 0.6645833 0.1225 0.6770833 0.1125 0.68333334 0.10166667
3 0.8234375 0.13166666 0.9458333 0.20166667 0.9635417 0.2175 0.96458334 0.23 0.95677084 0.25 0.93541664 0.2925 0.92552084 0.31166667 0.9125 0.3225 0.89947915 0.33666667 0.9010417 0.3525 0.90260416 0.38166666 0.9015625 0.40416667 0.8958333 0.41666666 0.88645834 0.4225 0.8489583 0.40916666 0.8072917 0.38666666 0.77447915 0.36416668 0.7671875 0.34916666 0.7708333 0.32916668 0.7807292 0.30083334 0.79270834 0.26166666 0.80677086 0.23666666 0.81041664 0.22083333 0.80572915 0.20583333 0.80885416 0.18166667 0.8130208 0.16 0.8151042 0.14333333 0.8177083 0.135
1 0.0 0.13333334 0.021354167 0.13166666 0.065625 0.41833332 0.0140625 0.47583333 0.0 0.49416667 0.0 0.15166667
