14 0.78125 0.625 0.7005208 0.7083333 0.696875 0.71 0.68177086 0.72833335 0.653125 0.75916666 0.65052086 0.77166665 0.65 0.77666664 0.6489583 0.78 0.64635414 0.7816667 0.64479166 0.78 0.6041667 0.675 0.6140625 0.6725 0.634375 0.675 0.63854164 0.665 0.6645833 0.6375 0.73802084 0.56333333 0.76927084 0.5283333 0.775 0.505 0.78020835 0.49833333 0.7859375 0.49666667 0.7916667 0.50083333 0.8020833 0.5225 0.82916665 0.5858333 0.82708335 0.5933333 0.8171875 0.60583335 0.8119792 0.60833335 0.8041667 0.605 0.80260414 0.6025
14 0.58229166 0.48833334 0.590625 0.50416666 0.590625 0.51 0.5875 0.5133333 0.5776042 0.51666665 0.55364585 0.525 0.54270834 0.53333336 0.5453125 0.54583335 0.55 0.555 0.559375 0.56333333 0.56354165 0.57166666 0.58489585 0.62083334 0.60572916 0.6741667 0.6140625 0.6725 0.634375 0.675 0.63854164 0.665 0.6645833 0.6375 0.6125 0.5308333 0.590625 0.49166667 0.5859375 0.4875
14 0.43697917 0.4775 0.4453125 0.495 0.45208332 0.4975 0.4609375 0.5075 0.55833334 0.74083334 0.55677086 0.76666665 0.56458336 0.7891667 0.62395835 0.7275 0.6046875 0.675 0.55677086 0.56333333 0.55 0.55583334 0.5453125 0.54583335 0.54114586 0.53333336 0.5203125 0.485 0.51458335 0.47666666 0.5151042 0.46916667 0.5130208 0.4425 0.5104167 0.42333335 0.5026042 0.40166667 0.4828125 0.42416668 0.44635418 0.46666667
14 0.5703125 0.4375 0.55572915 0.45166665 0.5416667 0.45583335 0.52916664 0.45333335 0.51458335 0.46583334 0.5130208 0.44583333 0.5130208 0.44166666 0.50989586 0.42333335 0.5026042 0.40166667 0.48854166 0.41833332 0.45885417 0.4525 0.4375 0.4775 0.4453125 0.49583334 0.4359375 0.49333334 0.43125 0.48916668 0.42447916 0.47583333 0.41510418 0.45416668 0.50208336 0.37333333 0.51927084 0.345 0.5338542 0.3325 0.559375 0.40416667
14 0.4359375 0.555 0.39739582 0.5925 0.3890625 0.59833336 0.38854167 0.6175 0.37291667 0.61833334 0.36354166 0.61 0.340625 0.56083333 0.34166667 0.515 0.353125 0.515 0.365625 0.5083333 0.38541666 0.55333334 0.384375 0.5783333 0.3890625 0.57416666 0.44010416 0.50666666 0.44791666 0.49666667 0.45208332 0.4975 0.46145833 0.5075 0.46770832 0.5225
14 0.31458333 0.4 0.328125 0.4275 0.32864583 0.45083332 0.3375 0.48166665 0.3015625 0.48416665 0.3125 0.4125
14 0.34583333 0.48333332 0.34010416 0.49333334 0.33333334 0.4875 0.3015625 0.4925 0.28125 0.6766667 0.27760416 0.81083333 0.27083334 0.84583336 0.33645833 0.85833335 0.34010416 0.845 0.340625 0.83166665 0.334375 0.8183333 0.32604167 0.80833334 0.33229166 0.7866667 0.33854166 0.63416666 0.34166667 0.515 0.35 0.515
14 0.2484375 0.44166666 0.25625 0.38083333 0.24114583 0.36833334 0.22552083 0.43083334 0.22083333 0.4475
14 0.23229167 0.48083332 0.18229167 0.5725 0.16302083 0.64 0.159375 0.68666667 0.12291667 0.6616667 0.1046875 0.6925 0.08958333 0.6875 0.0828125 0.6933333 0.10104167 0.71666664 0.121875 0.74 0.13125 0.765 0.14375 0.7558333 0.22708334 0.6141667 0.246875 0.44833332
14 0.20416667 0.71416664 0.25989583 0.7241667 0.28020832 0.7241667 0.28072917 0.675 0.28072917 0.6558333 0.30260417 0.48166665 0.3140625 0.40083334 0.32552084 0.38083333 0.33072916 0.34916666 0.3140625 0.3475 0.26875 0.33916667 0.25520834 0.32583332 0.24791667 0.35333332 0.25677082 0.3725 0.246875 0.44916666 0.221875 0.6641667 0.20625 0.68666667
14 0.28385416 0.2875 0.30833334 0.34583333 0.3203125 0.3475 0.33072916 0.34916666 0.32552084 0.38 0.32135418 0.3875 0.3296875 0.40333334 0.3453125 0.45166665 0.36614582 0.5083333 0.3859375 0.55333334 0.384375 0.5783333 0.390625 0.5725 0.44791666 0.49666667 0.43645832 0.49416667 0.43072918 0.48833334 0.41458333 0.4525 0.38072917 0.36083335 0.33697918 0.24583334 0.32552084 0.22333333 0.31197917 0.21083333 0.3125 0.21833333 0.31458333 0.24333334 0.31354168 0.2475 0.26770833 0.275 0.2671875 0.27916667 0.27552083 0.28333333
14 0.50104165 0.16083333 0.49427083 0.18166667 0.47760418 0.20583333 0.46510416 0.225 0.396875 0.405 0.36354166 0.3175 0.434375 0.14083333 0.434375 0.12666667 0.4484375 0.1025 0.49635416 0.15333334
14 0.08802083 0.6358333 0.08958333 0.625 0.09375 0.6166667 0.10520833 0.6091667 0.10989583 0.595 0.15260416 0.46583334 0.18802084 0.35083333 0.1921875 0.315 0.19479166 0.3075 0.20364584 0.30833334 0.21145834 0.30916667 0.2375 0.33166668 0.24947916 0.345 0.24791667 0.35333332 0.25729167 0.3725 0.25625 0.38083333 0.24114583 0.36833334 0.22552083 0.43083334 0.20989583 0.4825 0.1828125 0.57166666 0.16302083 0.64166665 0.159375 0.68666667 0.12083333 0.66083336 0.09947917 0.6458333
14 0.11145833 0.48083332 0.12552084 0.45833334 0.1546875 0.46 0.18541667 0.36083335 0.10208333 0.36583334 0.0984375 0.35916665 0.096354164 0.36 0.096354164 0.355 0.0921875 0.35833332 0.0921875 0.385 0.094791666 0.40916666 0.103125 0.455 0.10729167 0.47166666
14 0.696875 0.71 0.72083336 0.765 0.72239584 0.7775 0.7234375 0.79 0.7114583 0.7808333 0.70520836 0.7841667 0.6828125 0.79833335 0.6765625 0.8075 0.6734375 0.8233333 0.66510415 0.8233333 0.65052086 0.7708333 0.653125 0.7583333 0.68177086 0.72833335
