19 0.30989584 0.7808333 0.30208334 0.7816667 0.30208334 0.78833336 0.29947916 0.78833336 0.29739583 0.78333336 0.26770833 0.7891667 0.2625 0.79333335 0.26041666 0.8 0.25989583 0.8075 0.2609375 0.8208333 0.26927084 0.9025 0.27291667 0.955 0.27552083 0.9941667 0.2765625 0.9975 0.37135416 1.0 0.44635418 0.98833334 0.45260417 0.9841667 0.45625 0.97833335 0.45833334 0.9658333 0.45104167 0.8833333 0.45 0.8666667 0.44114584 0.86 0.41927084 0.83416665 0.42083332 0.82916665 0.41875 0.825 0.41614583 0.8258333 0.41354167 0.8283333 0.37083334 0.775 0.34635416 0.7758333 0.32135418 0.78
19 0.57604164 0.6425 0.5385417 0.64166665 0.4984375 0.6433333 0.4984375 0.65 0.50364584 0.6475 0.5296875 0.67583334 0.53229165 0.68833333 0.53229165 0.69666666 0.5239583 0.71666664 0.49375 0.7825 0.4640625 0.8475 0.45416668 0.8666667 0.45572916 0.87 0.5328125 0.8725 0.5828125 0.87416667 0.58958334 0.8675 0.59375 0.8616667 0.5942708 0.8491667 0.5911458 0.80083334 0.5885417 0.68833333 0.5885417 0.6558333 0.5828125 0.6458333
19 0.378125 0.5125 0.36979166 0.52416664 0.35260418 0.57 0.3375 0.6041667 0.3203125 0.6433333 0.30885416 0.685 0.31041667 0.7 0.328125 0.73 0.34427083 0.75 0.36979166 0.7733333 0.41354167 0.8283333 0.41770834 0.825 0.42083332 0.82916665 0.41927084 0.835 0.44166666 0.86083335 0.4484375 0.865 0.45416668 0.865 0.46354166 0.8475 0.48697916 0.7966667 0.5130208 0.74 0.53229165 0.69666666 0.53229165 0.68833333 0.52916664 0.6741667 0.50416666 0.64666665 0.49895832 0.64916664 0.4984375 0.64416665 0.49895832 0.64166665 0.45625 0.5925 0.40520832 0.5325 0.3875 0.5133333
19 0.43020833 0.3425 0.34947917 0.40416667 0.32083333 0.42583334 0.31770834 0.4375 0.31927082 0.44333333 0.34427083 0.53 0.353125 0.56666666 0.36979166 0.5233333 0.37760416 0.51166666 0.3875 0.5133333 0.41666666 0.54583335 0.44166666 0.5758333 0.49427083 0.63666666 0.5052083 0.62833333 0.509375 0.62 0.5109375 0.61083335 0.509375 0.5975 0.49947917 0.56083333 0.49479166 0.5575 0.49583334 0.55 0.47291666 0.48583335 0.45833334 0.41833332 0.453125 0.38666666 0.44427082 0.3525 0.4375 0.34416667
19 0.55364585 0.42083332 0.5161458 0.45916668 0.5005208 0.47833332 0.478125 0.50083333 0.49583334 0.55083334 0.49479166 0.5575 0.5 0.56083333 0.5104167 0.6 0.5109375 0.61083335 0.50885415 0.62083334 0.50572914 0.62833333 0.49479166 0.6358333 0.49895832 0.6425 0.515625 0.6425 0.5765625 0.6425 0.58229166 0.6458333 0.5885417 0.6558333 0.5885417 0.67 0.621875 0.64 0.6375 0.62333333 0.640625 0.61333334 0.640625 0.6066667 0.6380208 0.59583336 0.6234375 0.5625 0.5776042 0.44833332 0.56666666 0.42083332 0.55885416 0.41833332
19 0.5546875 0.36916667 0.5453125 0.3825 0.53229165 0.415 0.53541666 0.41833332 0.53541666 0.425 0.5328125 0.425 0.5296875 0.42166665 0.51145834 0.46333334 0.55260414 0.4225 0.55833334 0.4175 0.56614584 0.42083332 0.60625 0.51916665 0.6359375 0.59166664 0.65208334 0.5566667 0.65208334 0.5475 0.6557292 0.5466667 0.675 0.5058333 0.675 0.49416667 0.67291665 0.485 0.6635417 0.47583333 0.60364586 0.41083333 0.58020836 0.38583332
19 0.59947914 0.07333333 0.59166664 0.07333333 0.58385414 0.083333336 0.57239586 0.12916666 0.5755208 0.13166666 0.5755208 0.1375 0.5703125 0.13666667 0.5416667 0.24416667 0.51770836 0.33 0.51875 0.3425 0.51979166 0.35 0.53229165 0.35916665 0.55625 0.37083334 0.58020836 0.38583332 0.6020833 0.40666667 0.640625 0.435 0.64947915 0.4325 0.6557292 0.41916665 0.696875 0.26083332 0.7057292 0.23 0.7015625 0.22666667 0.7026042 0.22333333 0.7083333 0.22166666 0.71979165 0.17916666 0.71979165 0.1675 0.7161458 0.15916666 0.7114583 0.15166667 0.6692708 0.123333335 0.61145836 0.08166666
19 0.9536458 0.35333332 0.9447917 0.3575 0.91770834 0.39166668 0.9203125 0.3975 0.91979164 0.40083334 0.91614586 0.40083334 0.9145833 0.39833334 0.91302085 0.39916667 0.8822917 0.44083333 0.81041664 0.5441667 0.8072917 0.5566667 0.8078125 0.5675 0.8130208 0.57916665 0.85520834 0.6483333 0.88489586 0.6975 0.90208334 0.7241667 0.91197914 0.7266667 0.95520836 0.66333336 0.9703125 0.6375 1.0 0.6016667 1.0 0.4175 0.96197915 0.35583332
19 0.61145836 0.65 0.59583336 0.6875 0.5890625 0.70416665 0.5885417 0.67 0.6109375 0.65
19 0.32760417 0.73083335 0.32291666 0.76166666 0.32708332 0.765 0.32708332 0.76916665 0.325 0.77166665 0.321875 0.77 0.31979167 0.77916664 0.3484375 0.7758333 0.3703125 0.7733333 0.34010416 0.74583334
