2 0.1453125 0.6408333 0.1890625 0.565 0.209375 0.5283333 0.22604166 0.5233333 0.24635416 0.51 0.27291667 0.4875 0.29114583 0.705 0.3265625 0.69916666 0.32604167 0.8066667 0.37395832 0.8066667 0.371875 0.81416667 0.30625 0.93333334 0.28385416 0.8375 0.23385416 0.63166666 0.2234375 0.6116667 0.1359375 0.67083335 0.13229166 0.66583335
2 0.3328125 0.425 0.35729167 0.425 0.39427084 0.42833334 0.415625 0.42666668 0.5078125 0.42833334 0.50885415 0.43333334 0.50885415 0.48166665 0.50572914 0.7183333 0.5052083 0.80583334 0.4484375 0.8041667 0.41770834 0.8066667 0.37395832 0.8075 0.32552084 0.8066667 0.3265625 0.6983333 0.3296875 0.44083333
2 0.27552083 0.48416665 0.32916668 0.45333335 0.3265625 0.69916666 0.29114583 0.70416665 0.27239582 0.48833334
2 0.15989584 0.27 0.178125 0.25916666 0.196875 0.24416667 0.225 0.22666667 0.24375 0.22 0.30625 0.16583334 0.353125 0.1275 0.35625 0.13583334 0.40989584 0.31916666 0.42864582 0.38416666 0.37239584 0.42583334 0.33333334 0.425 0.3296875 0.44 0.32916668 0.45333335 0.2765625 0.48416665 0.271875 0.4875 0.24583334 0.51 0.2234375 0.52416664 0.20885417 0.5283333 0.19635417 0.49083334 0.1765625 0.41833332 0.16354166 0.36916667 0.1421875 0.2775
2 0.50989586 0.44333333 0.52760416 0.65166664 0.50677085 0.6575 0.50885415 0.44166666
2 0.3890625 0.41416666 0.40104166 0.405 0.5015625 0.4275 0.415625 0.42666668 0.38489583 0.4275
2 0.35729167 0.12083333 0.40208334 0.1325 0.428125 0.14 0.49322918 0.15 0.5833333 0.16166666 0.5697917 0.33083335 0.56041664 0.43833333 0.5083333 0.42916667 0.49739584 0.42666668 0.40104166 0.405 0.428125 0.385 0.35364583 0.12666667 0.35416666 0.119166665
2 0.49375 0.11 0.534375 0.145 0.54583335 0.15666667 0.48125 0.14666666
2 0.5859375 0.18916667 0.6276042 0.21916667 0.6401042 0.24166666 0.63177085 0.27916667 0.5989583 0.37916666 0.54010415 0.56333333 0.51875 0.54583335 0.50885415 0.43083334 0.56041664 0.4375 0.58177084 0.18666667
2 0.6302083 0.2925 0.66770834 0.29416665 0.765625 0.30583334 0.7630208 0.355 0.759375 0.47583333 0.75625 0.52 0.7583333 0.5991667 0.75104165 0.6616667 0.74010414 0.6666667 0.6375 0.6616667 0.5828125 0.6591667 0.58958334 0.41083333 0.628125 0.2925
2 0.7239583 0.0 0.70208335 0.035 0.68125 0.010833333 0.66979164 0.0
2 0.061979167 0.7183333 0.16666667 0.6508333 0.22395833 0.61083335 0.2328125 0.62916666 0.26979166 0.7758333 0.30989584 0.9508333 0.30885416 0.96 0.31145832 0.9725 0.2734375 1.0 0.1265625 1.0
