12 0.28802082 0.655 0.37395832 0.65833336 0.39270833 0.6558333 0.39739582 0.6691667 0.396875 0.68083334 0.39114583 0.685 0.38177082 0.68416667 0.3734375 0.6958333 0.36770833 0.72333336 0.36822918 0.73833334 0.3734375 0.745 0.38177082 0.7475 0.41979167 0.75166667 0.4390625 0.7608333 0.45520833 0.7583333 0.46197918 0.7608333 0.52135414 0.7966667 0.5203125 0.84 0.5151042 0.8408333 0.4609375 0.8383333 0.39583334 0.8325 0.33958334 0.8383333 0.28020832 0.8425 0.28489584 0.6716667
10 0.39114583 0.5258333 0.40989584 0.5283333 0.421875 0.5316667 0.446875 0.5366667 0.46302083 0.5441667 0.46770832 0.54833335 0.47708333 0.54833335 0.50416666 0.5491667 0.5671875 0.55916667 0.5864583 0.56166667 0.5921875 0.57 0.59375 0.5833333 0.5859375 0.63666666 0.5828125 0.6591667 0.58125 0.6816667 0.5697917 0.7266667 0.5578125 0.77 0.55 0.8066667 0.54479164 0.8075 0.52135414 0.7966667 0.45677084 0.7575 0.44010416 0.7608333 0.421875 0.75166667 0.38697916 0.74833333 0.371875 0.74333334 0.36822918 0.7366667 0.36770833 0.72333336 0.3734375 0.6975 0.38177082 0.685 0.39270833 0.68416667 0.39635417 0.68083334 0.39739582 0.6691667 0.3921875 0.6566667 0.38802084 0.64416665 0.38333333 0.6175 0.38177082 0.5925 0.37604168 0.5675 0.37395832 0.5466667 0.38177082 0.52916664
5 0.5963542 0.73333335 0.6401042 0.74 0.6645833 0.745 0.68072915 0.75083333 0.69739586 0.7633333 0.7109375 0.7758333 0.72447914 0.78 0.73645836 0.7758333 0.8328125 0.77416664 0.84479165 0.78 0.85052085 0.79 0.8510417 0.8075 0.8510417 0.88666666 0.85833335 0.9475 0.865625 1.0 0.7 1.0 0.6645833 0.98333335 0.6302083 0.97583336 0.5640625 0.9675 0.54479164 0.9658333 0.5203125 0.96416664 0.48072916 0.9583333 0.47395834 0.9483333 0.47395834 0.93333334 0.47708333 0.83916664 0.5161458 0.84166664 0.5203125 0.8383333 0.5208333 0.7966667 0.54479164 0.8066667 0.55052084 0.8066667 0.5572917 0.7725 0.5697917 0.7266667
11 0.5609375 0.45 0.67395836 0.41916665 0.7135417 0.40583333 0.73229164 0.40833333 0.73229164 0.42916667 0.73125 0.45083332 0.7270833 0.47083333 0.7270833 0.48583335 0.725 0.4975 0.7171875 0.5283333 0.715625 0.54 0.7182292 0.55333334 0.7239583 0.5683333 0.74427086 0.58916664 0.7651042 0.6191667 0.7578125 0.62416667 0.73541665 0.6325 0.70520836 0.6425 0.6713542 0.65166664 0.6510417 0.6666667 0.62395835 0.68083334 0.5776042 0.6983333 0.58125 0.68083334 0.5828125 0.6575 0.5890625 0.61583334 0.59375 0.58666664 0.5921875 0.5683333 0.5864583 0.56083333 0.53020835 0.5541667 0.5265625 0.52 0.5260417 0.5075 0.55364585 0.45583335
16 0.49375 0.27 0.59010416 0.36666667 0.575 0.40333334 0.5515625 0.46 0.5260417 0.5083333 0.5161458 0.5316667 0.50885415 0.55083334 0.46875 0.5475 0.46302083 0.5441667 0.44479167 0.5366667 0.43385416 0.535 0.38229167 0.48083332 0.3484375 0.4425 0.33645833 0.4225 0.321875 0.41166666 0.30833334 0.40083334 0.30833334 0.38666666 0.29895833 0.33333334 0.30104166 0.32333332 0.3125 0.3125 0.31927082 0.30416667 0.32447916 0.27833334 0.32864583 0.2625 0.35989583 0.18 0.36354166 0.19333333 0.38020834 0.29916668 0.38645834 0.30583334 0.3921875 0.31 0.47864583 0.27666667
18 0.5307292 0.25333333 0.56041664 0.3125 0.5807292 0.3575 0.49427083 0.27
18 0.5885417 0.375 0.60364586 0.4 0.62291664 0.43416667 0.56666666 0.44916666 0.5609375 0.45083332 0.5541667 0.45583335 0.58802086 0.37166667
18 0.515625 0.53333336 0.52552086 0.51 0.53020835 0.55333334 0.509375 0.55
0 0.6723958 0.020833334 0.7494792 0.08 0.7807292 0.09833334 0.8645833 0.13916667 0.86510414 0.1475 0.8567708 0.15666667 0.840625 0.18583333 0.81875 0.2325 0.8125 0.26166666 0.79114586 0.36416668 0.778125 0.43833333 0.7682292 0.46583334 0.75625 0.4575 0.7328125 0.4375 0.73229164 0.40916666 0.7140625 0.405 0.70625 0.4075 0.6927083 0.39 0.67760414 0.37833333 0.62604165 0.34916666 0.58697915 0.3325 0.5911458 0.31833333 0.6010417 0.29416665 0.628125 0.22833334 0.64375 0.18333334 0.653125 0.1175 0.66302085 0.036666665 0.6614583 0.030833334 0.6666667 0.018333333
21 0.49322918 0.0 0.51770836 0.12 0.5375 0.22833334 0.53541666 0.23833333 0.53020835 0.25333333 0.47604167 0.2775 0.39270833 0.30916667 0.38697916 0.30666667 0.38020834 0.29833335 0.36510417 0.20333333 0.35989583 0.175 0.33645833 0.0033333334 0.33489582 0.0
5 0.1484375 0.13083333 0.1796875 0.13833334 0.22395833 0.1525 0.24739583 0.15916666 0.27604166 0.16916667 0.33229166 0.19416666 0.33125 0.20416667 0.32552084 0.22333333 0.31979167 0.24416667 0.3015625 0.30666667 0.29635417 0.33333334 0.2828125 0.41 0.27604166 0.4625 0.27083334 0.5083333 0.26614583 0.52916664 0.23333333 0.51166666 0.14635417 0.45916668 0.12135417 0.44666666 0.09427083 0.4375 0.0984375 0.43 0.10520833 0.41416666 0.1203125 0.35583332 0.12864584 0.31666666 0.14791666 0.22416666 0.14895834 0.17833333 0.1515625 0.15083334 0.1484375 0.13916667
19 0.146875 0.45916668 0.22447917 0.5075 0.26510417 0.53 0.2703125 0.51166666 0.27604166 0.45916668 0.2828125 0.47083333 0.28385416 0.4875 0.278125 0.55583334 0.2703125 0.7008333 0.265625 0.735 0.259375 0.74916667 0.25104168 0.75083333 0.14479166 0.7341667 0.134375 0.7275 0.13072917 0.7216667 0.12916666 0.7083333 0.134375 0.6458333
