6 0.29791668 0.6725 0.296875 0.7325 0.3 0.8175 0.303125 0.84583336 0.3140625 0.85333335 0.35052082 0.8325 0.41354167 0.8591667 0.42708334 0.8625 0.4421875 0.85833335 0.43854168 0.7966667 0.43385416 0.76916665 0.42604166 0.75 0.421875 0.7225 0.4265625 0.6875 0.41197917 0.6875 0.3765625 0.68583333 0.34010416 0.69166666 0.33072916 0.69 0.3109375 0.6725
6 0.409375 0.6166667 0.39479166 0.62333333 0.39322916 0.6275 0.3671875 0.6475 0.32135418 0.6816667 0.33020833 0.69 0.34010416 0.69166666 0.37760416 0.68666667 0.4265625 0.6875 0.421875 0.7225 0.42604166 0.75 0.43385416 0.77 0.43697917 0.7891667 0.44739583 0.7841667 0.4484375 0.7758333 0.4265625 0.67833334
6 0.30885416 0.8541667 0.31145832 0.8666667 0.325 0.86 0.35833332 0.8358333 0.35104167 0.8325 0.3140625 0.8525 0.30833334 0.8491667
6 0.26770833 0.7183333 0.2796875 0.75333333 0.29895833 0.795 0.29739583 0.7316667 0.29739583 0.6975 0.284375 0.705 0.28177083 0.7058333
6 0.5890625 0.4075 0.5859375 0.42583334 0.584375 0.44083333 0.58177084 0.46166667 0.578125 0.495 0.575 0.51166666 0.5625 0.535 0.5416667 0.5808333 0.534375 0.59166664 0.5260417 0.6175 0.5625 0.65166664 0.6015625 0.68416667 0.62291664 0.6975 0.63177085 0.6825 0.634375 0.67333335 0.63645834 0.6558333 0.653125 0.5833333 0.65729165 0.555 0.671875 0.53583336 0.6890625 0.50666666 0.69739586 0.48 0.6614583 0.45416668 0.63489586 0.43583333 0.5932292 0.40583333
6 0.5786458 0.4725 0.5625 0.535 0.575 0.51166666 0.578125 0.49416667 0.58229166 0.45833334
6 0.6640625 0.5541667 0.653125 0.6191667 0.64479166 0.6766667 0.64166665 0.69666666 0.6380208 0.705 0.62291664 0.6975 0.6322917 0.6816667 0.634375 0.67333335 0.63645834 0.655 0.653125 0.58416665 0.65729165 0.5541667 0.66510415 0.5441667
6 0.534375 0.6375 0.59583336 0.6825 0.6171875 0.69666666 0.61875 0.6958333 0.60052085 0.68333334 0.56354165 0.6525 0.53697914 0.6275
6 0.24010417 0.16333333 0.25833333 0.23333333 0.275 0.33333334 0.34375 0.29583332 0.40572917 0.26583335 0.41197917 0.265 0.42083332 0.25416666 0.40364584 0.20166667 0.37395832 0.13416667 0.359375 0.10166667 0.3484375 0.10916667 0.33229166 0.1425 0.32864583 0.14583333 0.25208333 0.15583333
6 0.19322917 0.47666666 0.19114584 0.56 0.20260416 0.6483333 0.21354167 0.64666665 0.23177083 0.635 0.23541667 0.625 0.26197916 0.615 0.2671875 0.615 0.290625 0.625 0.31875 0.63166666 0.33125 0.62916666 0.3328125 0.61833334 0.328125 0.5466667 0.32395834 0.48583335 0.32760417 0.45083332 0.3109375 0.45083332 0.28125 0.46333334 0.24947916 0.4775 0.2265625 0.48333332 0.1984375 0.4725 0.19479166 0.47333333
