6 0.091145836 0.18916667 0.08645833 0.215 0.09322917 0.2375 0.10104167 0.25666666 0.06875 0.33083335 0.1703125 0.37 0.16927083 0.38666666 0.15052083 0.4725 0.159375 0.475 0.16666667 0.43916667 0.17708333 0.37083334 0.20052083 0.28666666 0.209375 0.26 0.20989583 0.23416667 0.125 0.2075 0.109375 0.1975
6 0.29739583 0.08166666 0.290625 0.085 0.28958333 0.0875 0.29322916 0.0925 0.28697917 0.11083333 0.25677082 0.17833333 0.20677084 0.29833335 0.21875 0.31166667 0.27083334 0.34416667 0.28177083 0.34833333 0.29739583 0.39333335 0.31197917 0.35916665 0.353125 0.26 0.39114583 0.17666666
6 0.049479168 0.32833335 0.050520834 0.48666668 0.034895834 0.5683333 0.071354166 0.57416666 0.14791666 0.585 0.15104167 0.56333333 0.14270833 0.4875 0.15260416 0.4625 0.1703125 0.385 0.16927083 0.3675 0.06614583 0.32916668
6 0.27239582 0.5233333 0.25364584 0.53333336 0.19895834 0.59 0.18333334 0.59 0.13958333 0.6025 0.12291667 0.61 0.17083333 0.77916664 0.1796875 0.7725 0.20520833 0.74916667 0.31197917 0.68833333 0.27552083 0.5325
6 0.26197916 0.735 0.25104168 0.7366667 0.215625 0.7675 0.1875 0.78 0.16770834 0.78 0.125 0.7783333 0.11354167 0.78583336 0.11354167 0.79833335 0.1234375 0.8808333 0.134375 0.9525 0.15052083 0.94666666 0.27447918 0.905 0.29375 0.8975
6 0.43645832 0.65833336 0.38645834 0.68083334 0.37135416 0.7058333 0.315625 0.77666664 0.32604167 0.79833335 0.38958332 0.91 0.4140625 0.87416667 0.46510416 0.8 0.45625 0.7783333 0.43854168 0.6625
6 0.44895834 0.38416666 0.34322917 0.44 0.34479168 0.45916668 0.36822918 0.56083333 0.37760416 0.6041667 0.38645834 0.68 0.46927083 0.6425 0.49583334 0.62666667 0.46822917 0.5075 0.45364583 0.42
6 0.5208333 0.51666665 0.4765625 0.54 0.49635416 0.62666667 0.46927083 0.6425 0.4375 0.65416664 0.45729166 0.7816667 0.46510416 0.8016667 0.57135415 0.74666667 0.56875 0.725 0.5260417 0.59833336 0.528125 0.53833336
6 0.5260417 0.0058333334 0.50625 0.11833333 0.496875 0.1575 0.571875 0.2675 0.58697915 0.2775 0.5875 0.23916666 0.5911458 0.21333334 0.63177085 0.065 0.59791666 0.039166667 0.5442708 0.015
6 0.47864583 0.13416667 0.45208332 0.19416666 0.43854168 0.2475 0.4171875 0.28166667 0.46979168 0.35 0.51197916 0.41166666 0.5260417 0.435 0.5734375 0.34166667 0.5953125 0.2975 0.5890625 0.28166667 0.56666666 0.26166666 0.49635416 0.15416667 0.48645833 0.13833334
6 0.6166667 0.19416666 0.6125 0.20333333 0.60833335 0.24833333 0.5859375 0.34416667 0.56927085 0.3625 0.56458336 0.38583332 0.57604164 0.4 0.6546875 0.48583335 0.66614586 0.43666667 0.70208335 0.31916666 0.68385416 0.28333333 0.696875 0.26583335 0.66510415 0.2275
6 0.5161458 0.46666667 0.5151042 0.49 0.5328125 0.5525 0.5421875 0.63166666 0.5484375 0.6375 0.62916666 0.5808333 0.64375 0.5466667 0.6421875 0.5075 0.67395836 0.50416666 0.6666667 0.43916667 0.6546875 0.485 0.6020833 0.42916667 0.5875 0.44 0.57395834 0.44916666 0.54479164 0.45416668 0.52447915 0.45916668
6 0.74635416 0.5316667 0.7104167 0.5158333 0.68854165 0.50333333 0.67291665 0.505 0.6614583 0.505 0.64166665 0.5083333 0.64375 0.5466667 0.628125 0.58416665 0.61041665 0.61 0.6015625 0.6375 0.59479165 0.6425 0.5885417 0.67 0.6666667 0.73583335 0.6848958 0.74916667 0.69322914 0.7266667 0.69947916 0.6933333 0.7260417 0.5966667 0.7348958 0.5758333 0.7447917 0.54833335
6 0.63958335 0.71416664 0.6380208 0.77 0.634375 0.81583333 0.61927086 0.91833335 0.67604166 0.935 0.72864586 0.95166665 0.7338542 0.84 0.73854166 0.7841667 0.7526042 0.72583336 0.753125 0.71 0.734375 0.705 0.6979167 0.7033333 0.6921875 0.73083335 0.684375 0.75
6 0.7447917 0.55 0.73229164 0.5858333 0.7234375 0.6025 0.70885414 0.6641667 0.7104167 0.70416665 0.7369792 0.705 0.7546875 0.71 0.7515625 0.7316667 0.73802084 0.7841667 0.7395833 0.7941667 0.81822914 0.7841667 0.81875 0.76666665 0.8041667 0.6425 0.81458336 0.605 0.81666666 0.5575 0.74635416 0.55083334
6 0.771875 0.16833334 0.73072916 0.21416667 0.684375 0.2825 0.71458334 0.33916667 0.7682292 0.46333334 0.78020835 0.45 0.8197917 0.38833332 0.8390625 0.3225 0.7890625 0.2475 0.7739583 0.17666666
6 0.8588542 0.27666667 0.846875 0.29416665 0.8390625 0.32416666 0.82135415 0.385 0.7817708 0.4475 0.771875 0.45916668 0.8234375 0.53833336 0.85572916 0.5783333 0.8609375 0.5541667 0.8875 0.47166666 0.93541664 0.40166667 0.940625 0.38416666 0.8723958 0.29
6 0.96197915 0.43 0.9296875 0.46583334 0.8911458 0.5158333 0.86927086 0.5275 0.8588542 0.55833334 0.85625 0.5775 0.853125 0.5725 0.83385414 0.5541667 0.83489585 0.56333333 0.88177085 0.6775 0.8921875 0.7108333 0.925 0.66583335 0.99010414 0.6125 1.0 0.6025 1.0 0.53333336 0.97291666 0.45333335
6 0.19583334 0.0 0.1375 0.13 0.1078125 0.16916667 0.10572917 0.18 0.12552084 0.2075 0.21197917 0.23666666 0.209375 0.26166666 0.1984375 0.29083332 0.20729166 0.28333333 0.23020834 0.21666667 0.24166666 0.17916666 0.28645834 0.11 0.2921875 0.09166667 0.24010417 0.038333334 0.21770833 0.0
