6 0.54479164 0.35583332 0.5651042 0.3475 0.5796875 0.35 0.609375 0.34083334 0.65052086 0.3275 0.6848958 0.315 0.6979167 0.31333333 0.7005208 0.35916665 0.70520836 0.38083333 0.6921875 0.37083334 0.6859375 0.3675 0.68125 0.36666667 0.6765625 0.36833334 0.6723958 0.37083334 0.66979164 0.37583333 0.6640625 0.41 0.6578125 0.45583335 0.6578125 0.46166667 0.65260416 0.46833333 0.64635414 0.48416665 0.64166665 0.50166667 0.5875 0.525 0.575 0.53 0.55833334 0.46416667 0.5494792 0.38833332 0.5473958 0.3675
6 0.53229165 0.39416668 0.5395833 0.41583332 0.5515625 0.4475 0.55833334 0.4625 0.5677083 0.50083333 0.57447916 0.5308333 0.5776042 0.5366667 0.58020836 0.545 0.57916665 0.55333334 0.575 0.5625 0.54583335 0.585 0.51458335 0.61 0.48802084 0.6333333 0.47552082 0.6483333 0.46822917 0.66083336 0.45364583 0.6675 0.45208332 0.66583335 0.43489584 0.6175 0.41770834 0.57166666 0.4078125 0.5416667 0.403125 0.5316667 0.4015625 0.525 0.4015625 0.52166665 0.4234375 0.5083333 0.46197918 0.4775 0.4828125 0.45666668 0.509375 0.425 0.51979166 0.41 0.5296875 0.39666668
6 0.44583333 0.19166666 0.459375 0.1875 0.51666665 0.17416666 0.5776042 0.15333334 0.584375 0.14833333 0.59791666 0.14916667 0.5963542 0.1575 0.59791666 0.17583333 0.6020833 0.21583334 0.6078125 0.2425 0.6088542 0.27666667 0.61354166 0.32166666 0.615625 0.32916668 0.6140625 0.33166668 0.603125 0.33333334 0.5984375 0.33333334 0.571875 0.33416668 0.546875 0.33666667 0.5421875 0.33916667 0.5338542 0.29666665 0.53020835 0.28416666 0.5125 0.29166666 0.4984375 0.305 0.46197918 0.33083335 0.4515625 0.24833333 0.4453125 0.2 0.44375 0.19416666
6 0.38072917 0.38 0.39895833 0.3675 0.46197918 0.33166668 0.4828125 0.31666666 0.5046875 0.29916668 0.5130208 0.29166666 0.5239583 0.28666666 0.53020835 0.28416666 0.5328125 0.2925 0.5375 0.31333333 0.5416667 0.33833334 0.5453125 0.3575 0.5473958 0.37083334 0.5520833 0.41083333 0.553125 0.42 0.5578125 0.45583335 0.55833334 0.45916668 0.55625 0.45833334 0.5520833 0.4475 0.54375 0.42583334 0.53802085 0.41 0.5328125 0.395 0.53229165 0.39416668 0.53125 0.395 0.5286458 0.39666668 0.5208333 0.40833333 0.5125 0.42 0.503125 0.4325 0.48958334 0.44833332 0.48125 0.45833334 0.4703125 0.46916667 0.45885417 0.48 0.44427082 0.49083334 0.4234375 0.5075 0.41770834 0.51166666 0.40625 0.47916666 0.39479166 0.43416667 0.3796875 0.38666666
6 0.2453125 0.17083333 0.275 0.22 0.31302083 0.285 0.32239583 0.30166668 0.3046875 0.31583333 0.26979166 0.36 0.24739583 0.395 0.23958333 0.40666667 0.22864583 0.42083332 0.22291666 0.44916666 0.209375 0.4675 0.20052083 0.455 0.17239584 0.4025 0.14791666 0.3575 0.14166667 0.34 0.14427084 0.32166666 0.17395833 0.29 0.19635417 0.265 0.2046875 0.25083333 0.23385416 0.18333334 0.24322917 0.16916667
6 0.0765625 0.40583333 0.104166664 0.42916667 0.171875 0.475 0.21458334 0.5 0.22760417 0.50916666 0.22708334 0.51916665 0.20104167 0.60833335 0.18541667 0.67 0.17239584 0.6691667 0.1390625 0.63916665 0.094791666 0.60333335 0.06875 0.5925 0.053125 0.58416665 0.046354167 0.5708333 0.058333334 0.50333333 0.06875 0.46166667 0.07083333 0.44083333 0.0734375 0.4225 0.07447917 0.4125
6 0.110416666 0.34083334 0.13697916 0.35416666 0.15052083 0.36166668 0.16458334 0.38916665 0.18645833 0.42916667 0.20208333 0.45666668 0.209375 0.46666667 0.2234375 0.44916666 0.22864583 0.42083332 0.22864583 0.42083332 0.24635416 0.39666668 0.2609375 0.4025 0.25104168 0.4625 0.24427083 0.49833333 0.23958333 0.5325 0.23229167 0.5775 0.21979167 0.57666665 0.21197917 0.5708333 0.225 0.5258333 0.22708334 0.51916665 0.22708334 0.51666665 0.22760417 0.5083333 0.2 0.49083334 0.165625 0.47083333 0.110416666 0.43333334 0.09739583 0.42333335 0.09427083 0.42083332 0.110416666 0.34333333
6 0.37083334 0.54 0.34427083 0.5941667 0.33020833 0.62166667 0.3265625 0.6275 0.32135418 0.63666666 0.31875 0.6508333 0.30729166 0.68416667 0.29583332 0.675 0.2890625 0.665 0.20677084 0.5875 0.21041666 0.57416666 0.21145834 0.5708333 0.21979167 0.5758333 0.22447917 0.57666665 0.23177083 0.5775 0.23229167 0.5775 0.24166666 0.51916665 0.24479167 0.49166667 0.2515625 0.46 0.25729167 0.42666668 0.2875 0.46 0.30208334 0.47416666 0.31354168 0.49083334 0.353125 0.52166665 0.36145833 0.5283333 0.36927083 0.535
6 0.20416667 0.8025 0.24114583 0.80333334 0.24947916 0.8 0.2625 0.7991667 0.271875 0.76666665 0.28645834 0.73833334 0.3 0.705 0.3046875 0.6925 0.30729166 0.68416667 0.29479167 0.67333335 0.28958333 0.665 0.22916667 0.6075 0.2078125 0.5875 0.19166666 0.6458333 0.19479166 0.675 0.19895834 0.69083333 0.20260416 0.70416665 0.20729166 0.7866667 0.20625 0.7966667 0.20520833 0.79833335
6 0.684375 0.36583334 0.7161458 0.39 0.74010414 0.39416668 0.7625 0.40416667 0.778125 0.41416666 0.7661458 0.45666668 0.7453125 0.5108333 0.725 0.59 0.7192708 0.64 0.7161458 0.64416665 0.66197914 0.61583334 0.65260416 0.6091667 0.6197917 0.5908333 0.61875 0.5858333 0.62135416 0.56416667 0.65052086 0.47333333 0.6567708 0.46333334 0.66302085 0.415 0.67083335 0.37333333 0.6802083 0.3675
