20 0.27135417 0.0 0.24479167 0.045833334 0.23229167 0.08166666 0.21875 0.108333334 0.22864583 0.15083334 0.27291667 0.1825 0.32083333 0.21333334 0.36041668 0.22416666 0.378125 0.19416666 0.3921875 0.15916666 0.3859375 0.096666664 0.3765625 0.059166666 0.3765625 0.013333334 0.38177082 0.0033333334 0.27447918 0.0
20 0.1078125 0.00083333335 0.13645834 0.079166666 0.1640625 0.1525 0.19479166 0.21166667 0.21354167 0.2775 0.2375 0.33333334 0.25833333 0.38 0.27239582 0.37583333 0.303125 0.345 0.34635416 0.29416665 0.3828125 0.24583334 0.3859375 0.23083334 0.38489583 0.21666667 0.37708333 0.19666667 0.359375 0.22416666 0.32083333 0.21333334 0.22864583 0.15166667 0.21822916 0.1075 0.2328125 0.08083333 0.2453125 0.045833334 0.27135417 0.0 0.11302083 0.0
20 0.45677084 0.40666667 0.409375 0.43166667 0.375 0.445 0.35104167 0.47083333 0.33385417 0.4825 0.3296875 0.5125 0.34010416 0.5466667 0.36875 0.625 0.3765625 0.6383333 0.41927084 0.6175 0.46458334 0.6 0.5307292 0.57666665 0.5697917 0.5491667 0.5942708 0.50416666 0.64375 0.4625 0.67552084 0.4075 0.6958333 0.37166667 0.715625 0.34666666 0.70104164 0.29916668 0.67395836 0.24416667 0.65 0.19083333 0.63125 0.17583333 0.60625 0.2 0.575 0.2425 0.55625 0.28333333 0.54010415 0.355 0.5338542 0.3775 0.50104165 0.38333333 0.4640625 0.405
20 0.34375 0.6958333 0.35104167 0.7266667 0.3625 0.7575 0.37552083 0.81083333 0.38645834 0.84833336 0.40260416 0.8525 0.4484375 0.815 0.4890625 0.79583335 0.53125 0.7866667 0.57604164 0.7808333 0.609375 0.76416665 0.6484375 0.73583335 0.6796875 0.7191667 0.7026042 0.70666665 0.72083336 0.6925 0.72552085 0.665 0.71302086 0.6091667 0.6958333 0.54083335 0.6770833 0.4875 0.6578125 0.4675 0.6453125 0.47083333 0.61041665 0.5 0.5854167 0.52 0.5697917 0.55083334 0.5296875 0.5758333 0.42708334 0.6141667 0.3765625 0.63916665 0.37447917 0.67 0.3453125 0.6933333
20 0.73541665 0.70166665 0.74322915 0.75083333 0.73854166 0.81583333 0.73020834 0.855 0.7078125 0.9075 0.6958333 0.9475 0.69166666 0.98583335 0.69166666 0.99833333 0.5859375 1.0 0.5833333 0.9691667 0.5875 0.9175 0.59791666 0.87 0.6020833 0.83 0.5953125 0.7725 0.6119792 0.7625 0.653125 0.7316667 0.69322914 0.71166664 0.7213542 0.695 0.7317708 0.69416666
20 0.85520834 0.32583332 0.8119792 0.38916665 0.7817708 0.44833332 0.7609375 0.4875 0.7609375 0.5341667 0.79479164 0.5858333 0.8411458 0.6591667 0.865625 0.67583334 0.89739585 0.6358333 0.91822916 0.5575 0.94322914 0.49916667 0.96875 0.4475 0.98333335 0.38416666 0.99791664 0.34166667 1.0 0.2225 0.9994792 0.14666666 0.94427085 0.2075 0.8953125 0.25583333 0.8755208 0.28333333 0.8546875 0.32166666
20 0.69635415 0.28416666 0.72291666 0.26916668 0.74114585 0.24416667 0.73854166 0.205 0.72291666 0.155 0.7036458 0.105 0.6791667 0.0425 0.65833336 0.0 0.49947917 0.0 0.515625 0.044166666 0.53541666 0.11666667 0.5463542 0.15666667 0.5572917 0.21083333 0.5697917 0.25333333 0.575 0.24166666 0.60520834 0.20083334 0.6322917 0.17583333 0.6510417 0.19083333 0.69427085 0.28416666
20 0.73333335 0.0 0.6880208 0.065 0.71979165 0.14666666 0.7375 0.2 0.7416667 0.21083333 0.7421875 0.2425 0.734375 0.26083332 0.759375 0.285 0.7796875 0.2775 0.8098958 0.2075 0.82604164 0.16916667 0.7963542 0.1075 0.7984375 0.07666667 0.828125 0.04 0.85625 0.0016666667 0.74635416 0.0
20 0.82708335 0.1725 0.8776042 0.27666667 0.89427084 0.25583333 0.94635415 0.20583333 0.97552085 0.1725 0.98802084 0.15833333 1.0 0.14583333 0.9953125 0.0075 0.8588542 0.0016666667 0.79895836 0.0775 0.7963542 0.1075 0.8255208 0.16666667
20 0.125 0.18166667 0.08541667 0.22583333 0.043229166 0.27 0.022395832 0.30916667 0.016666668 0.33583334 0.048958335 0.40833333 0.10572917 0.5341667 0.14375 0.57416666 0.18333334 0.62 0.23072916 0.68583333 0.26510417 0.75416666 0.3015625 0.77 0.3265625 0.7125 0.3484375 0.6875 0.3734375 0.67083335 0.378125 0.64416665 0.36666667 0.6191667 0.33541667 0.5375 0.30572918 0.4825 0.2234375 0.3925 0.18385416 0.24416667 0.15572916 0.19416666 0.13020833 0.17083333
