18 0.8208333 0.49083334 0.8354167 0.49416667 0.8432292 0.4925 0.859375 0.47666666 0.8875 0.45666668 0.94375 0.42583334 0.9515625 0.42333335 0.9583333 0.42583334 0.96510416 0.435 0.9692708 0.44583333 0.9739583 0.47416666 0.9838542 0.52416664 0.99010414 0.5833333 0.99010414 0.6 0.98645836 0.6191667 0.9828125 0.62833333 0.9635417 0.64 0.9125 0.6616667 0.90989584 0.655 0.90208334 0.6458333 0.8953125 0.645 0.8833333 0.6458333 0.85625 0.6641667 0.79791665 0.7058333 0.79010415 0.70916665 0.7859375 0.7058333 0.78229165 0.7008333 0.77760416 0.67 0.76770836 0.5991667 0.76875 0.5308333 0.7703125 0.50916666 0.78802085 0.50416666 0.81458336 0.49583334
18 0.53125 0.7275 0.47916666 0.7216667 0.46666667 0.72583336 0.45833334 0.7316667 0.45208332 0.7425 0.4515625 0.7625 0.45 0.81583333 0.446875 0.855 0.44479167 0.885 0.43645832 1.0 0.575 1.0 0.58177084 0.8808333 0.5885417 0.7991667 0.5932292 0.75166667 0.5864583 0.73833334 0.57916665 0.735 0.56145835 0.73083335
18 0.6078125 0.655 0.559375 0.6725 0.509375 0.69 0.50208336 0.6983333 0.49635416 0.70916665 0.49635416 0.7216667 0.5786458 0.735 0.5864583 0.73833334 0.5932292 0.75083333 0.58697915 0.8275 0.58229166 0.87583333 0.6 0.8675 0.62083334 0.8641667 0.6979167 0.85083336 0.7182292 0.8441667 0.72552085 0.83666664 0.7291667 0.8233333 0.7296875 0.8016667 0.71979165 0.7125 0.71302086 0.6575 0.70677084 0.64166665 0.69635415 0.63 0.65989584 0.64
18 0.778125 0.40333334 0.771875 0.47916666 0.7703125 0.5158333 0.7682292 0.6 0.7604167 0.615 0.74583334 0.615 0.6479167 0.6066667 0.63645834 0.6041667 0.628125 0.5925 0.6390625 0.37416667 0.6671875 0.45416668 0.67395836 0.46833333 0.67864585 0.475 0.6859375 0.47916666 0.69322914 0.47833332 0.70416665 0.46666667
18 0.5671875 0.46833333 0.55 0.50166667 0.53541666 0.5125 0.5239583 0.5233333 0.50364584 0.5441667 0.4765625 0.58166665 0.47447917 0.60333335 0.48072916 0.61833334 0.5078125 0.66583335 0.51666665 0.685 0.54010415 0.6791667 0.63072914 0.6483333 0.64166665 0.6425 0.6614583 0.61083335 0.6375 0.605 0.6296875 0.59583336 0.62864584 0.57916665 0.6380208 0.38333333 0.62864584 0.3775 0.6223958 0.38166666 0.6171875 0.40333334 0.6078125 0.4225 0.59739584 0.43666667 0.57604164 0.44916666
18 0.8911458 0.375 0.8796875 0.36416668 0.86822915 0.34 0.859375 0.31833333 0.85364586 0.32916668 0.84583336 0.3375 0.8130208 0.36416668 0.778125 0.40166667 0.771875 0.4875 0.78020835 0.505 0.81458336 0.49583334 0.82135415 0.49166667 0.83958334 0.49416667 0.8520833 0.485 0.871875 0.46916667 0.9369792 0.43 0.91614586 0.405 0.9 0.385
18 0.72239584 0.2075 0.6510417 0.255 0.63177085 0.27416667 0.61927086 0.28833333 0.61875 0.305 0.6223958 0.3275 0.65052086 0.40666667 0.6734375 0.46916667 0.68645835 0.47916666 0.69635415 0.47666666 0.70885414 0.46333334 0.7760417 0.40416667 0.81458336 0.36166668 0.84791666 0.33666667 0.8578125 0.3225 0.8609375 0.31 0.8567708 0.28 0.82708335 0.19666667 0.80572915 0.14666666 0.79322916 0.13666667 0.78541666 0.14333333 0.7604167 0.165 0.740625 0.185 0.734375 0.19666667
18 0.7973958 0.02 0.75989586 0.1 0.8197917 0.15083334 0.8229167 0.16166666 0.8229167 0.185 0.85364586 0.27083334 0.8677083 0.29666665 0.89635414 0.335 0.90729165 0.33833334 0.9145833 0.335 0.9265625 0.31583333 0.9447917 0.27166668 0.9770833 0.2225 0.9921875 0.2025 0.9927083 0.1925 0.9895833 0.17 0.95208335 0.115833335 0.9015625 0.048333332 0.86614585 0.0 0.81041664 0.0
18 0.7109375 0.0575 0.653125 0.008333334 0.64166665 0.0075 0.63489586 0.011666667 0.628125 0.0225 0.59479165 0.13833334 0.58125 0.17 0.58177084 0.185 0.5859375 0.19833334 0.5963542 0.20916666 0.65052086 0.25333333 0.65833336 0.25083333 0.728125 0.20333333 0.73645836 0.19666667 0.74010414 0.18333334 0.79322916 0.13666667 0.80833334 0.15 0.8234375 0.18916667 0.8229167 0.165 0.81875 0.14916667 0.7526042 0.095 0.721875 0.07
18 0.4359375 0.20916666 0.428125 0.11333334 0.42083332 0.0825 0.41145834 0.041666668 0.40572917 0.011666667 0.40885416 0.0 0.54270834 0.0 0.54791665 0.013333334 0.584375 0.2375 0.59010416 0.27416667 0.5833333 0.29083332 0.57447916 0.29916668 0.471875 0.33666667 0.46510416 0.33583334 0.45520833 0.32166666 0.45104167 0.30833334 0.44010416 0.22583333
18 0.39791667 0.23833333 0.35208333 0.26 0.31927082 0.28583333 0.315625 0.245 0.3140625 0.22083333 0.3140625 0.2 0.3140625 0.16833334 0.30625 0.08166666 0.303125 0.05666667 0.3875 0.0 0.409375 0.0 0.40520832 0.011666667 0.42864582 0.115833335 0.4359375 0.21333334 0.42864582 0.21833333
18 0.49635416 0.355 0.48072916 0.40083334 0.453125 0.4925 0.44322917 0.52 0.43489584 0.52416664 0.42708334 0.5225 0.3984375 0.50166667 0.38645834 0.44166666 0.38020834 0.4275 0.371875 0.42583334 0.36666667 0.42583334 0.33697918 0.44333333 0.321875 0.43333334 0.31927082 0.4175 0.3234375 0.40166667 0.3484375 0.3225 0.37395832 0.25 0.39947918 0.2375 0.4109375 0.24416667 0.4296875 0.26833335 0.44739583 0.285 0.45520833 0.32166666 0.4625 0.33333334 0.47083333 0.33666667 0.5078125 0.325
18 0.3390625 0.31916666 0.334375 0.31 0.3234375 0.30916667 0.321875 0.31666666 0.321875 0.34416667 0.31979167 0.35916665 0.31354168 0.36833334 0.29895833 0.37833333 0.30989584 0.39166668 0.3125 0.40833333 0.30885416 0.45833334 0.33697918 0.44416666 0.32135418 0.43333334 0.31822917 0.41583332 0.34427083 0.33666667
18 0.27760416 0.48166665 0.30989584 0.4575 0.3625 0.4275 0.37447917 0.42666668 0.38229167 0.4325 0.3875 0.44416666 0.39895833 0.49916667 0.39739582 0.515 0.39947918 0.5325 0.41145834 0.55333334 0.43229166 0.5933333 0.46197918 0.67083335 0.4671875 0.6875 0.46666667 0.7033333 0.4625 0.7125 0.421875 0.74333334 0.425 0.72333336 0.41875 0.6625 0.41302082 0.6066667 0.40885416 0.57166666 0.40729168 0.55833334 0.396875 0.5425 0.384375 0.53583336 0.36041668 0.54583335 0.26979166 0.57666665 0.24895833 0.51916665 0.25260416 0.5025 0.2609375 0.49083334
18 0.18958333 0.37 0.1375 0.37 0.090625 0.36 0.080729164 0.36916667 0.07760417 0.37916666 0.07760417 0.41166666 0.078125 0.5025 0.078125 0.5541667 0.0828125 0.5758333 0.09375 0.5825 0.140625 0.5858333 0.20260416 0.5975 0.23854166 0.5858333 0.27083334 0.57666665 0.2484375 0.52 0.25104168 0.5025 0.2609375 0.4925 0.3109375 0.45666668 0.31302083 0.41666666 0.31197917 0.4025 0.30989584 0.3925 0.29947916 0.37833333
18 0.15989584 0.6425 0.13229166 0.62 0.115625 0.6091667 0.102604166 0.6166667 0.092708334 0.6408333 0.045833334 0.8025 0.0484375 0.8175 0.059895832 0.8258333 0.0875 0.8408333 0.14479166 0.87166667 0.21510416 0.91083336 0.24947916 0.92583334 0.2625 0.9241667 0.26770833 0.91 0.28854167 0.82166666 0.3 0.7725 0.29010418 0.77666664 0.27916667 0.78583336 0.26510417 0.7941667 0.23385416 0.80916667 0.22708334 0.80583334 0.21822916 0.79083335 0.21197917 0.7608333 0.1953125 0.67
18 0.3546875 0.7758333 0.32135418 0.7783333 0.3046875 0.7725 0.29479167 0.7733333 0.2640625 0.795 0.2328125 0.81 0.225 0.8066667 0.21770833 0.7866667 0.20052083 0.695 0.1921875 0.6575 0.1890625 0.62916666 0.190625 0.60833335 0.19739583 0.59583336 0.20833333 0.595 0.2515625 0.5833333 0.30989584 0.5625 0.38333333 0.53583336 0.3890625 0.53833336 0.39583334 0.5425 0.4078125 0.55916667 0.41927084 0.66583335 0.425 0.7225 0.41875 0.7425 0.4109375 0.755 0.38385418 0.76666665 0.3640625 0.7733333
18 0.3828125 0.7825 0.365625 0.79833335 0.35572916 0.79833335 0.34583333 0.7941667 0.33697918 0.78 0.34791666 0.77666664 0.3953125 0.765 0.41510418 0.75333333 0.39427084 0.77416664
18 0.43645832 0.21333334 0.4 0.2375 0.41041666 0.2425 0.428125 0.26666668 0.44739583 0.28416666
18 0.203125 0.02 0.16666667 0.028333334 0.15572916 0.0375 0.153125 0.055833332 0.15677084 0.08583333 0.16979167 0.1675 0.178125 0.235 0.18125 0.28666666 0.18125 0.365 0.1921875 0.37166667 0.2953125 0.37666667 0.30625 0.37583333 0.31822917 0.36416668 0.32135418 0.3475 0.3234375 0.31083333 0.31822917 0.275 0.31354168 0.20666666 0.3140625 0.16583334 0.30416667 0.059166666 0.296875 0.033333335 0.28385416 0.019166667 0.27083334 0.015833333 0.2453125 0.014166667 0.22239584 0.015
18 0.83958334 0.6775 0.76875 0.7241667 0.7395833 0.7475 0.725 0.7575 0.72760415 0.7825 0.7296875 0.80333334 0.7291667 0.82416666 0.7239583 0.83916664 0.73854166 0.87166667 0.74635416 0.89666665 0.7505208 0.9266667 0.75416666 0.9433333 0.759375 0.95166665 0.76770836 0.955 0.7739583 0.955 0.82447916 0.92083335 0.8328125 0.915 0.8421875 0.9025 0.9171875 0.8591667 0.9447917 0.8408333 0.95 0.8308333 0.95 0.82166666 0.95 0.80583334 0.9453125 0.7875 0.9296875 0.7241667 0.91510415 0.67333335 0.909375 0.655 0.90208334 0.6458333 0.8921875 0.645 0.884375 0.6458333 0.85572916 0.6641667
