15 0.66197914 0.72833335 0.66197914 0.7325 0.6645833 0.73333335 0.66822916 0.7325 0.6713542 0.7291667 0.6692708 0.72833335 0.6666667 0.72583336 0.66197914 0.72833335
15 0.5875 0.36166668 0.5885417 0.35833332 0.59375 0.3575 0.6 0.35833332 0.5989583 0.37 0.6020833 0.36916667 0.603125 0.37416667 0.60572916 0.37333333 0.609375 0.375 0.6145833 0.38166666 0.61875 0.39666668 0.62604165 0.42833334 0.634375 0.46833333 0.65625 0.5875 0.67395836 0.6816667 0.6744792 0.69166666 0.6744792 0.7033333 0.671875 0.70666665 0.66770834 0.7058333 0.6666667 0.7133333 0.6588542 0.71166664 0.6578125 0.715 0.6536458 0.71416664 0.65 0.70916665 0.6453125 0.7 0.6421875 0.6875 0.6322917 0.63416666 0.63645834 0.62833333 0.6375 0.62666667 0.640625 0.6275 0.64270836 0.62416667 0.6453125 0.62333333 0.6510417 0.63 0.65260416 0.625 0.6536458 0.6166667 0.6546875 0.61 0.653125 0.60833335 0.646875 0.6075 0.64479166 0.605 0.64166665 0.60333335 0.6390625 0.5941667 0.6359375 0.5908333 0.6333333 0.5875 0.62864584 0.5858333 0.62291664 0.5833333 0.6171875 0.55583334 0.61614585 0.54333335 0.61354166 0.5275 0.6109375 0.5183333 0.609375 0.5133333 0.6088542 0.50916666 0.60572916 0.49666667 0.59583336 0.44666666 0.5885417 0.41166666 0.58697915 0.4075 0.5859375 0.40083334 0.5859375 0.39583334 0.58802086 0.38916665 0.58958334 0.38416666 0.5885417 0.3775 0.5890625 0.375 0.590625 0.37416667 0.5890625 0.36916667 0.5875 0.36416668
15 0.6770833 0.46833333 0.7 0.48666668 0.70989585 0.5 0.7135417 0.5133333 0.7140625 0.5175 0.71666664 0.52 0.7171875 0.525 0.72239584 0.5258333 0.72552085 0.5308333 0.72239584 0.54 0.715625 0.5316667 0.71302086 0.535 0.70989585 0.53583336 0.7078125 0.5325 0.7046875 0.53583336 0.69947916 0.53833336 0.69322914 0.5366667 0.63958335 0.49666667 0.62604165 0.42666668
15 0.5026042 0.36 0.5046875 0.35083333 0.5083333 0.3525 0.5125 0.36 0.51458335 0.35833332 0.5171875 0.35833332 0.51875 0.36166668 0.521875 0.35833332 0.5265625 0.355 0.53125 0.355 0.53541666 0.35666665 0.55677086 0.3725 0.5854167 0.39583334 0.5859375 0.4025 0.5875 0.40916666 0.5890625 0.41333333 0.5989583 0.46416667 0.5932292 0.45833334 0.5651042 0.43833333 0.54114586 0.4175 0.5239583 0.4025 0.51770836 0.395 0.5140625 0.38916665 0.5140625 0.38 0.5140625 0.37583333 0.51145834 0.375 0.50989586 0.3725 0.50885415 0.37 0.5104167 0.3675 0.50677085 0.36416668
15 0.603125 0.49333334 0.60520834 0.49416667 0.60625 0.49833333 0.6088542 0.5083333 0.609375 0.51416665 0.61145836 0.52 0.61354166 0.5275 0.615625 0.5391667 0.61614585 0.5441667 0.6171875 0.55583334 0.61510414 0.56916666 0.61354166 0.5808333 0.58177084 0.57166666 0.5828125 0.56333333 0.5864583 0.545 0.5875 0.53583336 0.59166664 0.5233333 0.5953125 0.5183333 0.5989583 0.515 0.59947914 0.515 0.59947914 0.50916666 0.6 0.5083333 0.60364586 0.5075 0.60260415 0.50083333
15 0.5671875 0.62083334 0.6020833 0.63166666 0.61510414 0.63416666 0.628125 0.63666666 0.6322917 0.635 0.63697916 0.6275 0.6401042 0.6275 0.64270836 0.62416667 0.64479166 0.62333333 0.6510417 0.63 0.65260416 0.625 0.6546875 0.61 0.653125 0.6091667 0.64635414 0.6066667 0.64479166 0.605 0.64166665 0.60333335 0.63958335 0.595 0.63385415 0.5883333 0.62083334 0.5825 0.61041665 0.58 0.58177084 0.57166666 0.5708333 0.5683333 0.525 0.55333334 0.4640625 0.535 0.44010416 0.52916664 0.43229166 0.5275 0.42604166 0.52666664 0.4203125 0.5275 0.4171875 0.5308333 0.41458333 0.5366667 0.41197917 0.5341667 0.40885416 0.5366667 0.40885416 0.5391667 0.4046875 0.5366667 0.4015625 0.5341667 0.40052083 0.53833336 0.4 0.5475 0.40104166 0.555 0.40364584 0.5541667 0.40885416 0.55 0.40989584 0.55583334 0.41197917 0.5566667 0.41354167 0.5566667 0.41510418 0.56666666 0.41875 0.5725 0.42395833 0.5775 0.43958333 0.5825
15 0.5708333 0.51416665 0.57135415 0.51 0.5729167 0.50666666 0.5729167 0.49416667 0.57604164 0.495 0.5786458 0.49333334 0.5828125 0.49583334 0.58385414 0.50083333 0.58125 0.51 0.58385414 0.5108333 0.584375 0.5158333 0.58125 0.52 0.584375 0.5225 0.5859375 0.5308333 0.58697915 0.5416667 0.5859375 0.54833335 0.5828125 0.56 0.58177084 0.5708333 0.5494792 0.56166667 0.5520833 0.55 0.55625 0.53333336 0.559375 0.5225 0.5630208 0.5158333 0.56666666 0.51416665 0.56927085 0.51416665
15 0.60729164 0.6325 0.5984375 0.71 0.58385414 0.82916665 0.5796875 0.855 0.57708335 0.86583334 0.57135415 0.8691667 0.56927085 0.8691667 0.56875 0.87416667 0.565625 0.875 0.565625 0.8883333 0.56041664 0.88916665 0.55677086 0.885 0.5546875 0.88166666 0.5578125 0.87416667 0.55677086 0.87083334 0.55625 0.8675 0.5578125 0.86333334 0.553125 0.85333335 0.5515625 0.84 0.5541667 0.8125 0.56822914 0.68416667 0.5755208 0.62333333
15 0.5072917 0.76166666 0.49583334 0.8125 0.4921875 0.83 0.49114582 0.8383333 0.49427083 0.85 0.496875 0.855 0.49635416 0.8591667 0.49791667 0.8625 0.4953125 0.87166667 0.49375 0.875 0.49739584 0.87833333 0.50104165 0.88 0.5052083 0.88 0.50572914 0.86583334 0.509375 0.8666667 0.50989586 0.8616667 0.5104167 0.8566667 0.51354164 0.855 0.51770836 0.85333335 0.5229167 0.835 0.5359375 0.7808333 0.55885416 0.67833334 0.5703125 0.62166667 0.5390625 0.6125
15 0.43958333 0.69083333 0.44583333 0.685 0.45104167 0.68583333 0.45416668 0.68583333 0.45729166 0.68083334 0.459375 0.685 0.4671875 0.6741667 0.47083333 0.68416667 0.46510416 0.69166666 0.46666667 0.6958333 0.4625 0.7008333 0.46354166 0.71166664 0.4625 0.72333336 0.4515625 0.74666667 0.43125 0.7825 0.42916667 0.7891667 0.39427084 0.8575 0.36354166 0.92583334 0.36197916 0.92333335 0.346875 0.95416665 0.33958334 0.9683333 0.33333334 0.9741667 0.32760417 0.975 0.325 0.975 0.3234375 0.97833335 0.31770834 0.9775 0.3125 0.9891667 0.30885416 0.9866667 0.30572918 0.98083335 0.309375 0.9766667 0.31197917 0.9725 0.31197917 0.96666664 0.31302083 0.9633333 0.31197917 0.95166665 0.31302083 0.94 0.3203125 0.92083335 0.3359375 0.88916665 0.33385417 0.8833333 0.3390625 0.87333333 0.35989583 0.83416665 0.378125 0.7941667 0.40052083 0.755 0.40520832 0.74583334 0.4078125 0.74833333 0.42083332 0.7241667 0.43177083 0.7025 0.43697917 0.695
15 0.28385416 0.61 0.28645834 0.61583334 0.28489584 0.62 0.28958333 0.6275 0.29427084 0.62166667 0.2953125 0.62416667 0.3 0.62333333 0.29895833 0.6275 0.30052084 0.635 0.30416667 0.63916665 0.31145832 0.6425 0.34583333 0.6483333 0.41041666 0.6525 0.47552082 0.6591667 0.490625 0.66 0.50677085 0.6566667 0.5104167 0.65166664 0.5140625 0.64 0.51666665 0.6408333 0.51875 0.63666666 0.521875 0.6375 0.5260417 0.64 0.52552086 0.6358333 0.5265625 0.63166666 0.5260417 0.6275 0.52552086 0.6225 0.521875 0.62333333 0.51875 0.62166667 0.5151042 0.62083334 0.51145834 0.6141667 0.5052083 0.60833335 0.49635416 0.605 0.47291666 0.60333335 0.38541666 0.59583336 0.346875 0.5933333 0.32239583 0.59166664 0.31354168 0.59166664 0.30677083 0.5933333 0.303125 0.5975 0.30104166 0.605 0.2984375 0.6041667 0.29635417 0.6041667 0.29427084 0.60833335 0.28958333 0.6091667
15 0.42447916 0.40333334 0.42447916 0.4 0.42291668 0.39333335 0.42604166 0.3925 0.42916667 0.39166668 0.4296875 0.39 0.43177083 0.39166668 0.434375 0.39166668 0.43489584 0.3925 0.434375 0.39916667 0.4328125 0.405 0.43489584 0.40666667 0.43489584 0.41083333 0.43333334 0.41583332 0.43697917 0.41833332 0.43958333 0.4225 0.43958333 0.43166667 0.43541667 0.45583335 0.42447916 0.52666664 0.4203125 0.5275 0.41666666 0.5316667 0.41510418 0.5366667 0.4125 0.5341667 0.409375 0.5366667 0.40885416 0.5391667 0.4046875 0.5366667 0.4015625 0.5341667 0.40052083 0.54 0.4 0.5475 0.40104166 0.555 0.40364584 0.5541667 0.40885416 0.55083334 0.41041666 0.55583334 0.4109375 0.5566667 0.41354167 0.5575 0.415625 0.5675 0.41510418 0.5725 0.41302082 0.5833333 0.40989584 0.59833336 0.378125 0.595 0.38125 0.5758333 0.40625 0.43666667 0.409375 0.42083332 0.41354167 0.4125 0.41822916 0.40833333 0.42135417 0.41 0.42291668 0.40583333
15 0.38229167 0.4375 0.38229167 0.42833334 0.384375 0.4275 0.38854167 0.4275 0.3921875 0.43083334 0.3890625 0.44416666 0.39166668 0.44666666 0.39010417 0.45333335 0.39322916 0.4625 0.39322916 0.46833333 0.390625 0.485 0.38072917 0.5208333 0.3609375 0.5933333 0.32604167 0.59166664 0.3375 0.55083334 0.36145833 0.46583334 0.365625 0.4525 0.36979166 0.44666666 0.37291667 0.445 0.378125 0.44416666 0.378125 0.44 0.38020834 0.43916667
15 0.36927083 0.6508333 0.36458334 0.6766667 0.36302084 0.68333334 0.3609375 0.7125 0.359375 0.73083335 0.359375 0.7475 0.36458334 0.75416666 0.3640625 0.7558333 0.36666667 0.7633333 0.365625 0.76666665 0.36354166 0.7725 0.36302084 0.77666664 0.36875 0.7783333 0.37760416 0.7775 0.37447917 0.7658333 0.378125 0.765 0.378125 0.7583333 0.38177082 0.75666666 0.38489583 0.755 0.3890625 0.73833334 0.3984375 0.66583335 0.40052083 0.65166664 0.36979166 0.65
15 0.31145832 0.6433333 0.30104166 0.6775 0.28229168 0.7375 0.27708334 0.75166667 0.275 0.76416665 0.27604166 0.77166665 0.2796875 0.77916664 0.27916667 0.7808333 0.27916667 0.7841667 0.2796875 0.7875 0.2734375 0.7916667 0.275 0.7966667 0.27708334 0.8 0.28177083 0.8025 0.28333333 0.8041667 0.2859375 0.79333335 0.29010418 0.79333335 0.29166666 0.78833336 0.29479167 0.785 0.30208334 0.7808333 0.30833334 0.76666665 0.33333334 0.68833333 0.34583333 0.6483333 0.3328125 0.6458333
15 0.8979167 0.67833334 0.8989583 0.68833333 0.8979167 0.6925 0.8984375 0.6975 0.89479166 0.7033333 0.8932292 0.7008333 0.8890625 0.7 0.88489586 0.70416665 0.8833333 0.71166664 0.8776042 0.7158333 0.86875 0.7216667 0.834375 0.72583336 0.7104167 0.7391667 0.68333334 0.7416667 0.67604166 0.73583335 0.6723958 0.7291667 0.6692708 0.72833335 0.6666667 0.72583336 0.65833336 0.7291667 0.65833336 0.71666664 0.6588542 0.7125 0.6666667 0.7133333 0.66770834 0.7058333 0.671875 0.70666665 0.67395836 0.70416665 0.6791667 0.6958333 0.68333334 0.6933333 0.7015625 0.68916667 0.7760417 0.68083334 0.86354166 0.67083335 0.875 0.6725 0.88072914 0.67583334 0.88489586 0.6816667 0.88697916 0.68083334 0.88958335 0.68416667 0.89479166 0.6816667
