15 0.42916667 0.43833333 0.42239583 0.4975 0.45833334 0.48333332 0.4640625 0.4175 0.46145833 0.40416667 0.45625 0.39416668 0.45677084 0.38583332 0.45416668 0.385 0.45677084 0.3725 0.45104167 0.3675 0.44947916 0.38166666 0.44583333 0.3825 0.4453125 0.38833332 0.44010416 0.3925 0.4359375 0.39833334 0.4328125 0.4075
15 0.41614583 0.56083333 0.4140625 0.5833333 0.41875 0.58416665 0.42604166 0.5883333 0.44635418 0.6066667 0.45052084 0.5425 0.41614583 0.55583334
15 0.38854167 0.5875 0.396875 0.59583336 0.39583334 0.60083336 0.39947918 0.60333335 0.39947918 0.6091667 0.4 0.6191667 0.40364584 0.62833333 0.44270834 0.66583335 0.503125 0.7183333 0.57239586 0.7775 0.58697915 0.7866667 0.59270835 0.7866667 0.5984375 0.78583336 0.6015625 0.7841667 0.60520834 0.7825 0.6067708 0.7808333 0.61041665 0.7891667 0.61354166 0.7891667 0.61614585 0.7825 0.6166667 0.775 0.6098958 0.77166665 0.6109375 0.76416665 0.6098958 0.76166666 0.60729164 0.76 0.603125 0.745 0.6015625 0.7416667 0.559375 0.705 0.5072917 0.6616667 0.45 0.61 0.44114584 0.6016667 0.4265625 0.5883333 0.41875 0.58416665 0.41302082 0.5833333 0.40677083 0.5833333 0.40208334 0.57916665 0.39895833 0.58 0.3984375 0.5858333 0.39270833 0.5783333
15 0.409375 0.6375 0.4078125 0.6875 0.40729168 0.7316667 0.409375 0.74083334 0.4125 0.74583334 0.41510418 0.74916667 0.41510418 0.7583333 0.41666666 0.76 0.41666666 0.7683333 0.41822916 0.7683333 0.41822916 0.7725 0.425 0.7725 0.42447916 0.76 0.42552084 0.7575 0.42604166 0.75333333 0.43125 0.74666667 0.4359375 0.7391667 0.43802083 0.72833335 0.4421875 0.66583335 0.40989584 0.63416666
15 0.5260417 0.74666667 0.48958334 0.7775 0.47552082 0.79083335 0.46927083 0.8041667 0.46927083 0.81 0.46666667 0.81166667 0.46614584 0.81583333 0.46354166 0.81666666 0.45885417 0.8225 0.4625 0.835 0.465625 0.8383333 0.4703125 0.8275 0.47239584 0.83 0.4765625 0.8275 0.48177084 0.8333333 0.48854166 0.8333333 0.5 0.8258333 0.54479164 0.7891667 0.565625 0.77166665 0.53229165 0.74333334
15 0.6276042 0.66 0.5755208 0.7025 0.565625 0.7108333 0.6015625 0.7416667 0.6479167 0.7033333 0.6713542 0.6816667 0.67552084 0.6725 0.67552084 0.6575 0.67760414 0.6558333 0.68645835 0.6533333 0.6848958 0.64416665 0.6802083 0.6475 0.6734375 0.64916664 0.6713542 0.6533333 0.6671875 0.6525 0.66510415 0.66333336 0.66197914 0.6641667 0.65625 0.6566667 0.65416664 0.65 0.65260416 0.65166664 0.653125 0.6575 0.65260416 0.66 0.65833336 0.6691667 0.65833336 0.6716667 0.6536458 0.6775 0.65052086 0.6791667 0.646875 0.675 0.64739585 0.665 0.6421875 0.66583335 0.6375 0.6625 0.63385415 0.6625 0.6296875 0.6575
15 0.65729165 0.6383333 0.6557292 0.63916665 0.6557292 0.6458333 0.6557292 0.6475 0.65989584 0.6458333 0.66041666 0.645 0.65989584 0.6425 0.66041666 0.63916665 0.66041666 0.6375
15 0.68854165 0.56 0.6614583 0.61333334 0.66041666 0.6225 0.6609375 0.6308333 0.6609375 0.6358333 0.65989584 0.6375 0.65989584 0.6425 0.66041666 0.645 0.65989584 0.6458333 0.6557292 0.6475 0.65416664 0.65 0.65625 0.6566667 0.66197914 0.6641667 0.665625 0.66333336 0.6671875 0.6533333 0.6713542 0.6533333 0.6734375 0.64916664 0.6802083 0.6475 0.6859375 0.6433333 0.70625 0.61 0.7265625 0.57166666 0.7546875 0.5225 0.78697914 0.46916667 0.80677086 0.43 0.8151042 0.41083333 0.8151042 0.395 0.81666666 0.39 0.81614584 0.3875 0.8208333 0.3825 0.8208333 0.3775 0.81614584 0.37 0.81458336 0.37166667 0.8125 0.3725 0.80885416 0.375 0.8072917 0.37666667 0.8052083 0.38 0.7994792 0.38083333 0.7885417 0.38583332 0.78229165 0.395 0.765625 0.42583334 0.7359375 0.47583333 0.7015625 0.5366667
15 0.665625 0.5833333 0.6380208 0.58166665 0.65208334 0.6175 0.6557292 0.6325 0.6557292 0.63916665 0.66041666 0.6375 0.6609375 0.6358333 0.6614583 0.6308333 0.66041666 0.6225 0.66197914 0.61333334 0.6770833 0.5833333
15 0.6197917 0.6333333 0.6296875 0.6575 0.63385415 0.6616667 0.63697916 0.6625 0.6421875 0.66583335 0.646875 0.66583335 0.646875 0.675 0.65052086 0.6791667 0.6536458 0.6775 0.65833336 0.6716667 0.65833336 0.66833335 0.65260416 0.66 0.65260416 0.6575 0.65260416 0.65166664 0.65520835 0.6483333 0.6557292 0.6475 0.6557292 0.645 0.6557292 0.6383333 0.6557292 0.6325 0.65208334 0.61833334 0.63854164 0.58166665 0.62135416 0.535 0.59010416 0.44833332 0.5640625 0.37083334 0.5463542 0.32583332 0.54270834 0.325 0.5364583 0.325 0.5359375 0.32 0.5328125 0.31916666 0.53489584 0.30916667 0.5328125 0.30666667 0.525 0.30666667 0.5208333 0.31083333 0.5208333 0.31666666 0.525 0.32333332 0.52447915 0.32916668 0.52447915 0.3325 0.5203125 0.34583333 0.5208333 0.35166666 0.528125 0.3775 0.55260414 0.44916666 0.5953125 0.56583333
15 0.5911458 0.5783333 0.50364584 0.57 0.49947917 0.57166666 0.49635416 0.5758333 0.49375 0.5833333 0.490625 0.58416665 0.4890625 0.58666664 0.48229167 0.5808333 0.48072916 0.5858333 0.47916666 0.5966667 0.4828125 0.59833336 0.4875 0.5991667 0.48802084 0.60333335 0.49010417 0.605 0.49270833 0.605 0.4953125 0.6125 0.49895832 0.6166667 0.503125 0.6191667 0.54375 0.625 0.6197917 0.6325 0.6 0.5783333
15 0.69739586 0.63416666 0.71302086 0.63416666 0.7171875 0.6325 0.72083336 0.625 0.721875 0.62 0.7265625 0.6166667 0.73020834 0.61583334 0.7359375 0.6166667 0.73645836 0.605 0.734375 0.5975 0.728125 0.6025 0.7239583 0.59833336 0.7213542 0.59166664 0.71770835 0.5883333 0.7057292 0.61 0.690625 0.6358333
15 0.52760416 0.38333333 0.5161458 0.41833332 0.51197916 0.43583333 0.51197916 0.45083332 0.51354164 0.45666668 0.5130208 0.46416667 0.51770836 0.46333334 0.52239585 0.465 0.5260417 0.47166666 0.5296875 0.46666667 0.5328125 0.46583334 0.5385417 0.45833334 0.5473958 0.43333334 0.528125 0.37666667
15 0.57239586 0.36583334 0.5677083 0.38083333 0.5515625 0.33916667 0.5484375 0.33083335 0.5755208 0.3575
15 0.534375 0.285 0.54114586 0.2925 0.540625 0.29916668 0.54114586 0.3075 0.5442708 0.32166666 0.5463542 0.32666665 0.54791665 0.33083335 0.5776042 0.35916665 0.65625 0.43583333 0.70729166 0.48416665 0.71458334 0.48666668 0.7182292 0.48666668 0.725 0.48583335 0.72760415 0.48916668 0.73541665 0.47666666 0.7291667 0.4675 0.728125 0.45333335 0.72552085 0.44416666 0.6645833 0.38083333 0.590625 0.30666667 0.5619792 0.28 0.55625 0.27916667 0.55 0.28166667 0.546875 0.27833334 0.5453125 0.28083333 0.5416667 0.2725 0.53697914 0.2775
15 0.5984375 0.19916667 0.56458336 0.28166667 0.59270835 0.30916667 0.6265625 0.22583333 0.64479166 0.17666666 0.6453125 0.16666667 0.6411458 0.15583333 0.64166665 0.14833333 0.6453125 0.13666667 0.64479166 0.13416667 0.634375 0.13333334 0.63385415 0.1425 0.63177085 0.14583333 0.62291664 0.14666666 0.61822915 0.14833333 0.6078125 0.17166667
15 0.3421875 0.59583336 0.3359375 0.655 0.3359375 0.6741667 0.33697918 0.6825 0.33958334 0.68833333 0.34479168 0.69083333 0.3453125 0.6958333 0.34635416 0.6983333 0.34375 0.71 0.346875 0.7125 0.35208333 0.71416664 0.35520834 0.7133333 0.35677084 0.7075 0.35520834 0.6983333 0.35833332 0.6975 0.35833332 0.69166666 0.365625 0.68666667 0.36770833 0.6775 0.37708333 0.5708333 0.3421875 0.58416665
15 0.35833332 0.40916666 0.34791666 0.525 0.3828125 0.51166666 0.39166668 0.41416666 0.39635417 0.365 0.39635417 0.35 0.39375 0.34083334 0.39270833 0.33583334 0.39010417 0.33166668 0.39270833 0.31833333 0.3890625 0.31416667 0.38645834 0.31416667 0.37864584 0.3175 0.38020834 0.32833335 0.37760416 0.33166668 0.37708333 0.33583334 0.37135416 0.3375 0.36770833 0.345 0.3640625 0.35333332
15 0.40364584 0.50416666 0.32604167 0.5325 0.30833334 0.53833336 0.29947916 0.54583335 0.29791668 0.5566667 0.29375 0.56 0.29375 0.56333333 0.28489584 0.5625 0.284375 0.57666665 0.28697917 0.5775 0.29427084 0.57416666 0.2953125 0.5775 0.2984375 0.5783333 0.30104166 0.57666665 0.303125 0.5833333 0.30729166 0.58916664 0.31145832 0.59 0.31510416 0.59 0.33958334 0.585 0.4015625 0.5625 0.4734375 0.53333336 0.5171875 0.5158333 0.52447915 0.50916666 0.52708334 0.505 0.528125 0.495 0.528125 0.49166667 0.53020835 0.49333334 0.5328125 0.49333334 0.5328125 0.48833334 0.54114586 0.4875 0.54114586 0.47666666 0.5385417 0.47083333 0.5317708 0.47333333 0.5296875 0.46916667 0.5260417 0.47166666 0.521875 0.465 0.5171875 0.46333334 0.4828125 0.47416666
