2 0.29791668 0.34416667 0.30208334 0.315 0.33645833 0.32083333 0.33802083 0.32666665 0.34010416 0.32166666 0.37135416 0.33083335 0.41927084 0.33916667 0.4671875 0.35 0.5151042 0.36 0.52135414 0.3625 0.5317708 0.36333334 0.5265625 0.42666668 0.51666665 0.5133333 0.5125 0.54833335 0.51197916 0.56 0.50885415 0.59 0.50416666 0.6483333 0.47291666 0.6408333 0.440625 0.6333333 0.37552083 0.61333334 0.3375 0.6025 0.30364582 0.5925 0.3015625 0.5883333 0.29947916 0.59166664 0.26302084 0.5808333 0.265625 0.57 0.27552083 0.5233333 0.28645834 0.47833332 0.28854167 0.46083334 0.2890625 0.435 0.28958333 0.41416666 0.29166666 0.3925 0.2953125 0.36416668
2 0.34479168 0.31583333 0.34479168 0.3075 0.38177082 0.3075 0.3828125 0.31083333 0.38385418 0.31333333 0.38541666 0.31166667 0.38541666 0.3075 0.43072918 0.30666667 0.49583334 0.3075 0.5630208 0.31333333 0.57708335 0.3125 0.5776042 0.31916666 0.5776042 0.37 0.5796875 0.445 0.5786458 0.48583335 0.5796875 0.545 0.5786458 0.5625 0.57239586 0.56583333 0.565625 0.5708333 0.5520833 0.5758333 0.53020835 0.5783333 0.50989586 0.58 0.51145834 0.5625 0.51197916 0.54833335 0.515625 0.52 0.5203125 0.48 0.52552086 0.44 0.52760416 0.4175 0.5317708 0.36333334 0.521875 0.3625 0.5109375 0.35916665 0.47916666 0.3525 0.453125 0.34666666 0.41197917 0.3375 0.37135416 0.33083335 0.34479168 0.32333332
2 0.2578125 0.7683333 0.26145834 0.7525 0.26614583 0.72083336 0.2671875 0.68 0.26302084 0.6333333 0.2609375 0.58666664 0.26041666 0.5175 0.26041666 0.5108333 0.27708334 0.50916666 0.27864584 0.50916666 0.27447918 0.5283333 0.26510417 0.5733333 0.26302084 0.5808333 0.29947916 0.59166664 0.30104166 0.5883333 0.30364582 0.5925 0.34427083 0.6041667 0.3984375 0.62 0.44166666 0.6333333 0.478125 0.64166665 0.50364584 0.6475 0.5052083 0.67 0.5078125 0.7108333 0.5078125 0.74833333 0.46822917 0.7558333 0.4671875 0.75333333 0.465625 0.75333333 0.46614584 0.75666666 0.4328125 0.76166666 0.38645834 0.7675 0.34479168 0.7708333 0.31354168 0.7733333 0.27708334 0.7725 0.27291667 0.7675 0.26510417 0.7683333 0.26145834 0.76916665
2 0.24947916 0.6616667 0.25416666 0.6525 0.259375 0.645 0.26302084 0.63916665 0.26666668 0.68083334 0.26614583 0.71416664 0.25885418 0.69916666 0.253125 0.6816667 0.25104168 0.67
2 0.38802084 0.96666664 0.36822918 0.92583334 0.34895834 0.88416666 0.3296875 0.845 0.30625 0.7966667 0.29739583 0.7808333 0.29479167 0.7725 0.3140625 0.7733333 0.3609375 0.77 0.3875 0.7675 0.44427082 0.76 0.46614584 0.75666666 0.465625 0.75333333 0.4671875 0.75333333 0.46822917 0.755 0.5078125 0.74833333 0.5078125 0.72583336 0.51770836 0.7425 0.53229165 0.77 0.521875 0.7825 0.50416666 0.8066667 0.48385417 0.8325 0.4734375 0.84583336 0.44739583 0.8875 0.43072918 0.9125 0.409375 0.94083333 0.39166668 0.96416664
2 0.284375 0.77916664 0.271875 0.81083333 0.309375 0.84583336 0.34791666 0.8825 0.3109375 0.8066667 0.30625 0.7975 0.296875 0.7808333 0.29479167 0.7725 0.28645834 0.7725
2 0.3296875 0.8775 0.31770834 0.85333335 0.3484375 0.8825 0.36666667 0.9225 0.38802084 0.96666664 0.39114583 0.96416664 0.40989584 0.94 0.4171875 0.9433333 0.4265625 0.9483333 0.44635418 0.905 0.44427082 0.9008333 0.44427082 0.89916664 0.4484375 0.9008333 0.4578125 0.87083334 0.4734375 0.84583336 0.503125 0.8075 0.521875 0.7825 0.5328125 0.77 0.5171875 0.7425 0.509375 0.72833335 0.52552086 0.6875 0.534375 0.6641667 0.55833334 0.7025 0.57708335 0.73583335 0.534375 0.80583334 0.5140625 0.8358333 0.48958334 0.87333333 0.47083333 0.905 0.44427082 0.9475 0.42083332 0.98583335 0.41197917 1.0 0.40677083 1.0 0.38541666 0.9675 0.3671875 0.94083333 0.3515625 0.915 0.33854166 0.8925
2 0.42447916 0.9475 0.42239583 0.9458333 0.4171875 0.9433333 0.40989584 0.94 0.43125 0.9116667 0.4578125 0.87166667 0.4484375 0.9008333 0.44427082 0.89916664 0.44427082 0.9008333 0.44635418 0.905 0.4265625 0.9483333
2 0.54583335 0.6308333 0.5338542 0.665 0.5203125 0.7008333 0.51197916 0.7216667 0.509375 0.72833335 0.5078125 0.72583336 0.5078125 0.71 0.5052083 0.6675 0.503125 0.6475 0.50416666 0.6483333 0.509375 0.585 0.5395833 0.6116667 0.54895836 0.62166667
2 0.57708335 0.7191667 0.559375 0.70416665 0.5338542 0.6641667 0.54895836 0.62166667 0.5385417 0.61083335 0.509375 0.585 0.50989586 0.58 0.53229165 0.5783333 0.55260414 0.5758333 0.565625 0.5708333 0.5729167 0.56583333 0.5786458 0.5625 0.57916665 0.54333335 0.578125 0.48583335 0.58020836 0.445 0.57916665 0.4175 0.6067708 0.43333334 0.628125 0.4475 0.63697916 0.45666668 0.63177085 0.4975 0.6276042 0.525 0.6234375 0.5416667 0.61614585 0.5625 0.6078125 0.5858333 0.60625 0.60333335 0.60520834 0.62333333 0.59739584 0.6508333 0.5864583 0.6925 0.57916665 0.71666664
2 0.7109375 0.0 0.6927083 0.0 0.68333334 0.0 0.6723958 0.0 0.7015625 0.036666665 0.72291666 0.0
