18 0.25729167 0.67833334 0.31822917 0.675 0.37291667 0.67083335 0.39270833 0.6691667 0.421875 0.66833335 0.43645832 0.72833335 0.43958333 0.73833334 0.44479167 0.73833334 0.44583333 0.74583334 0.44427082 0.8066667 0.44427082 0.8858333 0.359375 0.8908333 0.265625 0.89916664 0.2578125 0.8975 0.2484375 0.88 0.24375 0.7975 0.24479167 0.77416664 0.24270834 0.7183333 0.24322917 0.6983333 0.24895833 0.68666667
18 0.2859375 0.4075 0.29895833 0.41333333 0.30677083 0.43166667 0.340625 0.49333334 0.35520834 0.52 0.39114583 0.5883333 0.38020834 0.6383333 0.3734375 0.6716667 0.29479167 0.67583334 0.2578125 0.67833334 0.24895833 0.6875 0.24322917 0.6983333 0.24270834 0.73 0.24427083 0.7625 0.2421875 0.76166666 0.24166666 0.75666666 0.2265625 0.68833333 0.23541667 0.6433333 0.23958333 0.61083335 0.2609375 0.48333332 0.2734375 0.42 0.27916667 0.41333333
18 0.42760417 0.6333333 0.509375 0.60083336 0.54583335 0.5858333 0.553125 0.59 0.5609375 0.60083336 0.57135415 0.6983333 0.5833333 0.795 0.59166664 0.90166664 0.59270835 0.9225 0.5828125 0.94 0.5578125 0.9458333 0.49635416 0.95666665 0.46302083 0.96166664 0.45 0.9458333 0.44427082 0.8858333 0.44479167 0.7866667 0.44635418 0.75083333 0.44479167 0.7391667 0.4390625 0.7375 0.421875 0.6675 0.4203125 0.655 0.42447916 0.64
18 0.58020836 0.735 0.5989583 0.795 0.60729164 0.82416666 0.5854167 0.81 0.584375 0.80916667 0.5828125 0.7925 0.5734375 0.71416664
18 0.5755208 0.63916665 0.5885417 0.62916666 0.6401042 0.58916664 0.68177086 0.5575 0.70625 0.54083335 0.74427086 0.50916666 0.75208336 0.5083333 0.7625 0.515 0.79895836 0.6558333 0.80677086 0.68416667 0.80052084 0.7083333 0.7546875 0.73833334 0.7213542 0.7733333 0.66041666 0.82916665 0.6322917 0.8516667 0.6255208 0.8525 0.6145833 0.84583336 0.60729164 0.82416666 0.5953125 0.7841667 0.5734375 0.71166664 0.5671875 0.66 0.56614584 0.6483333
18 0.57708335 0.43833333 0.61927086 0.45916668 0.69166666 0.4925 0.69427085 0.49666667 0.69895834 0.50916666 0.69427085 0.5491667 0.6734375 0.56333333 0.63489586 0.5933333 0.5875 0.63 0.5734375 0.64 0.5671875 0.6475 0.5609375 0.6 0.5541667 0.59 0.546875 0.5858333 0.5385417 0.5883333 0.55625 0.48583335 0.5630208 0.45416668 0.5697917 0.445
18 0.4171875 0.28666666 0.45104167 0.35666665 0.4546875 0.3675 0.503125 0.4475 0.528125 0.49166667 0.53333336 0.50666666 0.53229165 0.5283333 0.5203125 0.55 0.46979168 0.6166667 0.42760417 0.6333333 0.42447916 0.6383333 0.421875 0.6483333 0.41302082 0.6308333 0.39114583 0.58916664 0.35572916 0.52 0.32916668 0.4725 0.3078125 0.43166667 0.29895833 0.41166666 0.29635417 0.39833334 0.30052084 0.3775 0.31875 0.35166666 0.3640625 0.29333332 0.38645834 0.26416665 0.39635417 0.26166666 0.4046875 0.265
18 0.425 0.18166667 0.42395833 0.17166667 0.42760417 0.1625 0.45833334 0.11083333 0.47135416 0.11 0.478125 0.115 0.53697914 0.22833334 0.5546875 0.26583335 0.59375 0.34583333 0.6015625 0.37 0.596875 0.3925 0.5854167 0.41 0.5546875 0.44583333 0.5239583 0.48333332 0.48802084 0.42166665 0.45520833 0.36833334 0.45052084 0.35416666 0.42291668 0.2975 0.40572917 0.2675 0.39739582 0.26166666 0.38802084 0.26416665 0.38541666 0.26583335 0.371875 0.23083334 0.3765625 0.21083333 0.39635417 0.195 0.41875 0.18916667 0.42552084 0.18666667
18 0.36041668 0.0375 0.43020833 0.09583333 0.45520833 0.11333334 0.45520833 0.11666667 0.42395833 0.16916667 0.42552084 0.185 0.41875 0.18916667 0.39635417 0.195 0.3765625 0.21 0.371875 0.23083334 0.38489583 0.26583335 0.36302084 0.29416665 0.3359375 0.33 0.3015625 0.37583333 0.30052084 0.3775 0.29791668 0.38666666 0.26302084 0.36166668 0.25677082 0.3475 0.25677082 0.3425 0.2765625 0.27416667 0.27552083 0.26166666 0.30885416 0.15166667 0.33177084 0.08083333 0.3421875 0.05 0.34270832 0.045 0.35104167 0.036666665
18 0.159375 0.16666667 0.21666667 0.2075 0.271875 0.25 0.275 0.26083332 0.27708334 0.275 0.24791667 0.36833334 0.2265625 0.43833333 0.21302083 0.47416666 0.19479166 0.5391667 0.19166666 0.5491667 0.18697916 0.565 0.18072917 0.57 0.16979167 0.5733333 0.111979164 0.525 0.059895832 0.48333332 0.055208333 0.46916667 0.055208333 0.4575 0.08385417 0.38833332 0.10572917 0.32083333 0.1234375 0.26666668 0.146875 0.175 0.15260416 0.16916667
18 0.61302084 0.18166667 0.6828125 0.18916667 0.725 0.19416666 0.7375 0.21583334 0.7375 0.21916667 0.7328125 0.345 0.728125 0.37333333 0.7265625 0.37333333 0.7140625 0.36166668 0.7036458 0.36583334 0.7 0.37333333 0.69739586 0.37916666 0.6645833 0.48 0.590625 0.44416666 0.5911458 0.43333334 0.596875 0.40333334 0.59791666 0.3925 0.6020833 0.37083334 0.59479165 0.34583333 0.59375 0.3 0.59791666 0.2025 0.6020833 0.1925 0.60625 0.18666667
18 0.7317708 0.3775 0.7552083 0.40333334 0.7604167 0.41666666 0.80052084 0.4725 0.84010416 0.5275 0.85572916 0.5325 0.86614585 0.52 0.8828125 0.4875 0.88958335 0.49916667 0.89270836 0.51416665 0.8828125 0.5525 0.8489583 0.68 0.84479165 0.68916667 0.83802086 0.6958333 0.82708335 0.69666666 0.80625 0.68083334 0.79479164 0.64 0.7625 0.51416665 0.753125 0.5075 0.7447917 0.5083333 0.70885414 0.5391667 0.6947917 0.54833335 0.69895834 0.50916666 0.69635415 0.5025 0.69166666 0.4925 0.6645833 0.47916666 0.69739586 0.37916666 0.70416665 0.36583334 0.7140625 0.36166668
18 0.94947916 0.21 0.9875 0.25833333 0.98802084 0.27833334 0.96197915 0.33333334 0.92291665 0.40583333 0.903125 0.44583333 0.8828125 0.4875 0.86822915 0.5158333 0.865625 0.5208333 0.85520834 0.5325 0.84010416 0.5275 0.803125 0.47666666 0.75989586 0.415 0.75572914 0.40416667 0.75677085 0.38083333 0.77916664 0.335 0.7984375 0.29666665 0.83697915 0.22583333 0.85520834 0.19 0.8619792 0.17333333 0.875 0.1475 0.88697916 0.1425 0.9135417 0.17333333
18 0.042708334 0.5625 0.051041666 0.60583335 0.0609375 0.63416666 0.06302083 0.65166664 0.069270834 0.67583334 0.078125 0.7241667 0.09583333 0.8125 0.1046875 0.8591667 0.11145833 0.86833334 0.123958334 0.87166667 0.13802083 0.86333334 0.17604166 0.8425 0.21354167 0.82 0.23385416 0.80833334 0.24322917 0.7975 0.24479167 0.7825 0.24166666 0.7583333 0.2265625 0.68666667 0.19895834 0.56666666 0.19375 0.54333335 0.18697916 0.56416667 0.18177083 0.57 0.16979167 0.5733333 0.109375 0.5225 0.09166667 0.50916666 0.055208333 0.52916664 0.046875 0.54083335 0.044270832 0.5516667
