12 0.28385416 0.25583333 0.2 0.37083334 0.20989583 0.39 0.29375 0.50166667 0.30052084 0.50916666 0.31927082 0.545 0.37552083 0.6225 0.3796875 0.63 0.43489584 0.5475 0.4546875 0.51166666 0.4515625 0.4875 0.42395833 0.44833332 0.39010417 0.415 0.3546875 0.365 0.33385417 0.32833335 0.32447916 0.3175 0.30677083 0.28416666 0.2875 0.25583333
12 0.42604166 0.74666667 0.41979167 0.8475 0.41770834 0.8875 0.43802083 0.88916665 0.48958334 0.8958333 0.51770836 0.8975 0.53125 0.9025 0.546875 0.9033333 0.5708333 0.90416664 0.6380208 0.9266667 0.64479166 0.92583334 0.6458333 0.9033333 0.6567708 0.8591667 0.6614583 0.8375 0.6625 0.81666666 0.66875 0.8175 0.6703125 0.81 0.66822916 0.7925 0.590625 0.7708333 0.55364585 0.76 0.49895832 0.755 0.428125 0.7441667
12 0.4421875 0.355 0.44947916 0.43333334 0.45104167 0.485 0.4546875 0.51416665 0.45572916 0.54333335 0.45989582 0.58666664 0.45729166 0.63916665 0.46041667 0.695 0.4625 0.7341667 0.46770832 0.74083334 0.48958334 0.7366667 0.5651042 0.7216667 0.57395834 0.695 0.575 0.6791667 0.5640625 0.60083336 0.55625 0.5491667 0.5494792 0.5275 0.5463542 0.48416665 0.540625 0.46166667 0.5359375 0.3725 0.53541666 0.34333333 0.5239583 0.34166667 0.46145833 0.35583332
12 0.60729164 0.094166666 0.54791665 0.14666666 0.53489584 0.15416667 0.4859375 0.20166667 0.46666667 0.23 0.40677083 0.2925 0.45416668 0.39583334 0.45 0.35416666 0.46979168 0.35416666 0.49635416 0.3475 0.5229167 0.34166667 0.5317708 0.34 0.53802085 0.33916667 0.5703125 0.30416667 0.64375 0.23416667 0.6536458 0.225 0.64947915 0.2025 0.6255208 0.13166666 0.61145836 0.0975
12 0.7104167 0.14833333 0.69375 0.15583333 0.68177086 0.175 0.66510415 0.20166667 0.6458333 0.2275 0.59010416 0.2875 0.55 0.325 0.5317708 0.3425 0.5359375 0.3425 0.53697914 0.3925 0.55260414 0.41416666 0.58802086 0.49833333 0.5953125 0.49 0.6 0.4825 0.6333333 0.4425 0.6770833 0.3875 0.6947917 0.36 0.7239583 0.32833335 0.74791664 0.31 0.7708333 0.28583333 0.76979166 0.27416667 0.74375 0.20583333 0.72552085 0.16666667 0.715625 0.15083334
12 0.76875 0.07833333 0.77708334 0.1725 0.77552086 0.2175 0.7734375 0.245 0.778125 0.27333334 0.7817708 0.375 0.7838542 0.425 0.79010415 0.44083333 0.8130208 0.44083333 0.8911458 0.42833334 0.89375 0.42083332 0.8796875 0.32416666 0.8697917 0.28833333 0.8765625 0.25583333 0.859375 0.21583334 0.8453125 0.16583334 0.8411458 0.145 0.8677083 0.11666667 0.8666667 0.079166666 0.85625 0.075833336 0.796875 0.07333333 0.771875 0.071666665
12 0.90416664 0.08 0.86510414 0.12083333 0.8411458 0.14416666 0.84739584 0.17333333 0.86041665 0.21916667 0.8765625 0.25666666 0.8932292 0.30083334 0.90416664 0.30666667 0.9078125 0.32083333 0.9114583 0.3375 0.9234375 0.37333333 0.93541664 0.41916665 0.946875 0.43583333 0.95885414 0.4725 1.0 0.43416667 1.0 0.33 0.98802084 0.29583332 0.97760415 0.2575 0.95989585 0.23 0.946875 0.19 0.93072915 0.1275 0.921875 0.115 0.9114583 0.083333336
12 0.70625 0.50916666 0.7078125 0.5225 0.66614586 0.6375 0.6890625 0.6641667 0.7078125 0.6725 0.76875 0.72583336 0.871875 0.81916666 0.89270836 0.77916664 0.91614586 0.725 0.9171875 0.68083334 0.90729165 0.6691667 0.8328125 0.61333334 0.81666666 0.5933333 0.80052084 0.58166665 0.76197916 0.55083334 0.75625 0.55 0.71458334 0.50416666
12 0.9375 0.42916667 0.85833335 0.48083332 0.8421875 0.49583334 0.8911458 0.62666667 0.9067708 0.6675 0.91822916 0.68083334 0.9171875 0.72083336 0.93958336 0.815 0.9515625 0.83416665 1.0 0.80333334 1.0 0.5858333 0.95520836 0.46083334 0.9458333 0.43416667 0.9401042 0.42416668
12 0.29895833 0.50916666 0.27864584 0.52416664 0.2609375 0.52916664 0.2390625 0.5441667 0.209375 0.55583334 0.1765625 0.56333333 0.15104167 0.56666666 0.12604167 0.57 0.12447917 0.5758333 0.1234375 0.58666664 0.1296875 0.67083335 0.13385417 0.7158333 0.1390625 0.735 0.146875 0.73833334 0.1828125 0.7175 0.2234375 0.7 0.2296875 0.7 0.33020833 0.6825 0.3578125 0.6791667 0.38645834 0.6675 0.37916666 0.62833333 0.3515625 0.5908333 0.31979167 0.545 0.3015625 0.5108333
