16 0.18125 0.026666667 0.16197917 0.0 0.06614583 0.0 0.05625 0.031666666 0.043229166 0.04916667 0.025 0.07083333 0.0 0.10916667 0.0 0.15916666 0.016666668 0.18166667 0.046354167 0.21083333 0.0578125 0.22583333 0.077083334 0.24333334 0.09166667 0.26083332 0.116145834 0.26083332 0.18177083 0.25833333 0.2578125 0.25166667 0.25833333 0.32166666 0.27135417 0.30833334 0.28854167 0.27 0.29791668 0.25333333 0.2953125 0.2225 0.3125 0.2225 0.31979167 0.20916666 0.25520834 0.12 0.20572917 0.058333334
16 0.31822917 0.07416666 0.3421875 0.0 0.5552083 0.0 0.62291664 0.045 0.61354166 0.08 0.55625 0.25916666 0.5385417 0.3075 0.42552084 0.21416667 0.30260417 0.115
16 0.7765625 0.0475 0.7661458 0.0 0.58177084 0.0 0.584375 0.018333333 0.6234375 0.045 0.60364586 0.11333334 0.6203125 0.19916667 0.62708336 0.19833334 0.7005208 0.16166666 0.70989585 0.15583333 0.79322916 0.11083333
16 0.58385414 0.315 0.56354165 0.3 0.5609375 0.29416665 0.55885416 0.255 0.56041664 0.2475 0.60260415 0.11416667 0.6203125 0.2 0.6588542 0.1825 0.7270833 0.1475 0.7296875 0.14666666 0.75572914 0.15833333 0.7661458 0.16083333 0.7708333 0.17 0.78020835 0.17916666 0.80625 0.17666666 0.82239586 0.18666667 0.82708335 0.19166666 0.8130208 0.2575 0.79270834 0.32166666 0.78229165 0.35416666 0.7395833 0.38583332 0.7203125 0.39583334 0.7171875 0.3925 0.69427085 0.37083334 0.6744792 0.36916667 0.6015625 0.325
16 0.57447916 0.5158333 0.57916665 0.555 0.57395834 0.5833333 0.56875 0.62166667 0.56666666 0.7133333 0.5942708 0.72 0.6671875 0.71416664 0.7348958 0.73 0.7338542 0.6525 0.7421875 0.38333333 0.7203125 0.39583334 0.69427085 0.37083334 0.67395836 0.36916667 0.5942708 0.31916666 0.5729167 0.3175 0.57395834 0.40833333
16 0.42552084 0.87833333 0.41875 0.9325 0.41666666 0.9658333 0.41666666 0.99 0.47552082 0.9925 0.4828125 0.9925 0.49427083 0.9916667 0.50416666 0.99333334 0.521875 0.99333334 0.5552083 1.0 0.6010417 0.99666667 0.6380208 1.0 0.6578125 1.0 0.6666667 1.0 0.67395836 0.9008333 0.68333334 0.7558333 0.66302085 0.74833333 0.6510417 0.7441667 0.6401042 0.74083334 0.6177083 0.735 0.6109375 0.7325 0.56666666 0.7325 0.54322916 0.735 0.5072917 0.7241667 0.4296875 0.715 0.42552084 0.79833335 0.42395833 0.8441667
16 0.31770834 0.90833336 0.23125 0.8858333 0.1734375 0.86833334 0.1734375 0.84833336 0.21354167 0.6408333 0.221875 0.55833334 0.22395833 0.5525 0.25416666 0.5566667 0.25520834 0.485 0.27083334 0.4725 0.30677083 0.48333332 0.37395832 0.5025 0.403125 0.51416665 0.39322916 0.57416666 0.38697916 0.605 0.38229167 0.62166667 0.38020834 0.6358333 0.38020834 0.66833335 0.35364583 0.91833335
16 0.046875 0.255 0.0 0.24833333 0.0 0.5341667 0.041145835 0.5375 0.1 0.5375 0.22291666 0.5525 0.25416666 0.5566667 0.25885418 0.35916665 0.25729167 0.25166667 0.16614583 0.25916666 0.08541667 0.26083332
16 0.37708333 0.21916667 0.4234375 0.21416667 0.46822917 0.24916667 0.5286458 0.29916668 0.5385417 0.3075 0.55833334 0.25416666 0.56354165 0.33333334 0.56822914 0.48333332 0.38697916 0.49333334 0.37916666 0.49333334 0.365625 0.49916667 0.3375 0.48916668 0.31354168 0.46416667 0.31041667 0.44583333 0.31458333 0.4325 0.31875 0.41333333 0.3109375 0.38 0.2953125 0.22333333 0.31770834 0.2225
16 0.07604167 0.69083333 0.025 0.72833335 0.013020833 0.73833334 0.0 0.74666667 0.0 0.9075 0.009895833 0.9425 0.027604166 1.0 0.0640625 1.0 0.08802083 0.9766667 0.109375 0.9558333 0.1171875 0.94916666 0.14583333 0.94166666 0.23385416 0.88666666 0.17395833 0.8691667 0.17395833 0.8491667 0.19166666 0.7525 0.21197917 0.64666665 0.21875 0.585 0.190625 0.6066667 0.1546875 0.6325 0.1546875 0.64166665 0.15052083 0.6375 0.13333334 0.65166664 0.118229166 0.6675 0.1015625 0.6775
