8 0.64375 0.67083335 0.6546875 0.6533333 0.6692708 0.61833334 0.678125 0.59583336 0.684375 0.5875 0.6875 0.58416665 0.6927083 0.55 0.6927083 0.5475 0.7046875 0.52 0.72291666 0.47666666 0.73020834 0.46916667 0.73854166 0.46833333 0.746875 0.4825 0.76875 0.5233333 0.790625 0.56333333 0.7953125 0.5675 0.803125 0.56916666 0.809375 0.57166666 0.81354165 0.57916665 0.8119792 0.5908333 0.80260414 0.60083336 0.7984375 0.6141667 0.79322916 0.6333333 0.78229165 0.65166664 0.77447915 0.6641667 0.7682292 0.6791667 0.76458335 0.7075 0.75625 0.72833335 0.75208336 0.75166667 0.7447917 0.7941667 0.74375 0.7925 0.740625 0.7925 0.74010414 0.79583335 0.7421875 0.7991667 0.74114585 0.805 0.74010414 0.81416667 0.74010414 0.83166665 0.7317708 0.86583334 0.7260417 0.87083334 0.72239584 0.87166667 0.71666664 0.87166667 0.7140625 0.8691667 0.66770834 0.825 0.64375 0.79583335 0.621875 0.7733333 0.6171875 0.76166666 0.6177083 0.74333334 0.62916666 0.70916665 0.63854164 0.67833334 0.6401042 0.68083334 0.64375 0.6791667 0.6421875 0.6725
8 0.6203125 0.77416664 0.63125 0.805 0.63697916 0.82 0.6432292 0.8258333 0.6515625 0.8275 0.659375 0.825 0.6640625 0.82 0.64375 0.7966667 0.62083334 0.7725
8 0.63645834 0.8233333 0.6432292 0.8308333 0.6614583 0.8375 0.68385416 0.8408333 0.6640625 0.82 0.6578125 0.825 0.65208334 0.8275 0.64375 0.82666665 0.63645834 0.82
8 0.55833334 0.5808333 0.55572915 0.585 0.5520833 0.5925 0.5494792 0.6041667 0.55260414 0.62583333 0.559375 0.6666667 0.5630208 0.6691667 0.5609375 0.67333335 0.5671875 0.71416664 0.5776042 0.7808333 0.57916665 0.7916667 0.5854167 0.83916664 0.5932292 0.8983333 0.59739584 0.9058333 0.60364586 0.91 0.61041665 0.91333336 0.6359375 0.90166664 0.6489583 0.895 0.6713542 0.89166665 0.71197915 0.87416667 0.71510416 0.87083334 0.6890625 0.845 0.684375 0.8408333 0.66197914 0.8383333 0.64270836 0.83166665 0.6359375 0.8233333 0.63645834 0.82 0.6203125 0.775 0.6177083 0.76416665 0.61614585 0.75083333 0.60625 0.71666664 0.5911458 0.67333335 0.559375 0.5808333
8 0.61041665 0.575 0.63854164 0.56166667 0.66822916 0.54583335 0.69114584 0.535 0.7005208 0.5283333 0.69322914 0.5466667 0.6875 0.58416665 0.67864585 0.595 0.6588542 0.6433333 0.6546875 0.65416664 0.6421875 0.6725 0.64375 0.6791667 0.63854164 0.6791667 0.62135416 0.7316667 0.615625 0.70416665 0.6098958 0.6791667 0.6067708 0.6716667 0.5932292 0.62 0.59166664 0.6075 0.59583336 0.58666664 0.603125 0.5783333
8 0.5640625 0.49833333 0.62708336 0.45 0.63645834 0.43833333 0.6390625 0.4325 0.646875 0.43 0.65520835 0.435 0.66510415 0.465 0.6770833 0.505 0.6880208 0.53583336 0.6822917 0.5391667 0.6557292 0.5525 0.6380208 0.5625 0.603125 0.5783333 0.59583336 0.5858333 0.59166664 0.6066667 0.59375 0.62 0.6067708 0.6716667 0.61041665 0.6791667 0.62135416 0.73083335 0.6177083 0.74333334 0.6171875 0.755 0.60729164 0.7191667 0.59010416 0.67083335 0.559375 0.5808333 0.5463542 0.53583336 0.5463542 0.52916664 0.5473958 0.515 0.55260414 0.50666666
8 0.76666665 0.49666667 0.78020835 0.49333334 0.78802085 0.49333334 0.79270834 0.4975 0.796875 0.5125 0.80364585 0.56916666 0.79479164 0.5675 0.79010415 0.56333333 0.7734375 0.5308333 0.75677085 0.50083333
8 0.803125 0.54333335 0.80572915 0.5466667 0.809375 0.55333334 0.8098958 0.5625 0.8109375 0.5708333 0.80364585 0.56916666 0.80052084 0.5425
8 0.8072917 0.5966667 0.8130208 0.6575 0.8151042 0.675 0.809375 0.69083333 0.79322916 0.7033333 0.775 0.715 0.7708333 0.7083333 0.771875 0.7158333 0.7604167 0.7183333 0.76458335 0.7075 0.7682292 0.6791667 0.77447915 0.6641667 0.79322916 0.6333333 0.80260414 0.60083336
8 0.78229165 0.715 0.76875 0.7966667 0.7604167 0.84 0.75416666 0.8575 0.74375 0.8675 0.73072916 0.8675 0.74010414 0.8333333 0.7395833 0.81416667 0.7421875 0.8 0.7390625 0.79333335 0.7447917 0.7941667 0.753125 0.74833333 0.75572914 0.73083335 0.7604167 0.7183333 0.771875 0.71666664 0.7708333 0.7083333 0.77447915 0.715 0.78229165 0.7108333
8 0.6921875 0.24416667 0.66822916 0.27583334 0.66510415 0.28666666 0.66510415 0.29416665 0.6671875 0.30916667 0.6901042 0.355 0.71458334 0.39666668 0.7348958 0.44 0.74583334 0.45 0.7552083 0.44833332 0.76458335 0.435 0.80625 0.365 0.83489585 0.32416666 0.8541667 0.29666665 0.8765625 0.27583334 0.878125 0.2575 0.86614585 0.2275 0.83958334 0.17916666 0.8140625 0.12833333 0.8046875 0.11333334 0.7984375 0.108333334 0.7895833 0.104166664 0.77552086 0.123333335 0.7572917 0.1575 0.73541665 0.1975 0.721875 0.21083333 0.70885414 0.225
8 0.8411458 0.32416666 0.85052085 0.31916666 0.8567708 0.31333333 0.8677083 0.28583333 0.85520834 0.29583332 0.83802086 0.32
8 0.6484375 0.33333334 0.653125 0.37083334 0.65625 0.38 0.665625 0.38583332 0.65416664 0.345
8 0.64947915 0.25333333 0.675 0.23 0.7036458 0.20166667 0.71875 0.19083333 0.7291667 0.1825 0.7494792 0.14916667 0.7578125 0.14083333 0.76197916 0.1425 0.76197916 0.13666667 0.77239585 0.12 0.77552086 0.12166667 0.7739583 0.12583333 0.75677085 0.15916666 0.73541665 0.1975 0.72760415 0.205 0.7036458 0.23083334 0.675 0.26583335 0.6671875 0.27833334 0.6635417 0.29083332 0.66770834 0.31 0.68958336 0.35416666 0.71510416 0.3975 0.72447914 0.41916665 0.71197915 0.42916667 0.7036458 0.44416666 0.696875 0.445 0.6901042 0.44333333 0.6828125 0.43666667 0.671875 0.40583333 0.66510415 0.38333333 0.65416664 0.345 0.6453125 0.32583332 0.6333333 0.30083334 0.63177085 0.28166667 0.63697916 0.26583335
8 0.6536458 0.1675 0.69114584 0.1575 0.725 0.14916667 0.73072916 0.14916667 0.75885415 0.1375 0.75677085 0.14166667 0.7484375 0.14916667 0.72864586 0.1825 0.7046875 0.20166667 0.6744792 0.23083334 0.6390625 0.2625 0.63385415 0.2275 0.63125 0.19833334 0.63125 0.1875 0.63645834 0.17583333 0.6401042 0.17
8 0.82395834 0.115 0.8333333 0.125 0.83958334 0.13666667 0.84479165 0.15916666 0.8489583 0.195 0.8307292 0.16166666 0.8078125 0.115833335 0.81614584 0.11416667
8 0.22447917 0.18333334 0.2109375 0.18083334 0.20104167 0.18 0.19270833 0.185 0.18385416 0.19916667 0.17239584 0.24833333 0.1625 0.285 0.146875 0.3275 0.13854167 0.35333332 0.13645834 0.35916665 0.1359375 0.365 0.13802083 0.3725 0.14322917 0.3725 0.15729167 0.37916666 0.178125 0.39083335 0.18020834 0.38583332 0.18333334 0.38666666 0.18229167 0.3925 0.1890625 0.39666668 0.2078125 0.405 0.22291666 0.4075 0.2296875 0.41 0.24270834 0.425 0.2546875 0.43166667 0.27447918 0.44333333 0.29947916 0.45916668 0.309375 0.465 0.33125 0.47666666 0.33958334 0.47416666 0.34635416 0.46583334 0.3546875 0.42333335 0.35885417 0.38333333 0.37083334 0.355 0.38385418 0.30166668 0.3796875 0.28583333 0.3734375 0.27833334 0.32916668 0.25333333 0.30989584 0.2425 0.278125 0.22333333 0.25677082 0.20583333 0.23020834 0.18833333 0.225 0.18916667 0.22552083 0.18416667
