14 0.928125 0.5875 0.96458334 0.64416665 0.9817708 0.645 0.9890625 0.6566667 0.9322917 0.7391667 0.92552084 0.7216667 0.9223958 0.7108333 0.91041666 0.69416666 0.9166667 0.6016667 0.921875 0.58166665
14 0.8130208 0.38666666 0.925 0.43416667 0.97760415 0.45166665 0.9796875 0.46083334 0.975 0.49333334 0.9734375 0.53833336 0.96979165 0.56 0.96197915 0.56166667 0.95677084 0.5425 0.93177086 0.5275 0.86614585 0.50166667 0.81145835 0.48416665 0.79583335 0.4825 0.7838542 0.48666668 0.7682292 0.48583335 0.76458335 0.47666666 0.77239585 0.39166668 0.7765625 0.36916667 0.7963542 0.37
14 0.8041667 0.51666665 0.8567708 0.5908333 0.8588542 0.57916665 0.85520834 0.565 0.8489583 0.5466667 0.8489583 0.525 0.853125 0.5183333 0.88385415 0.52166665 0.8734375 0.505 0.8130208 0.485 0.80052084 0.48416665
14 0.72083336 0.25166667 0.725 0.28916666 0.73072916 0.3125 0.7369792 0.3925 0.7505208 0.415 0.7515625 0.42583334 0.74895835 0.43833333 0.7395833 0.43833333 0.7447917 0.55333334 0.75364584 0.5733333 0.7526042 0.58666664 0.771875 0.6275 0.7942708 0.62416667 0.80885416 0.62416667 0.80833334 0.59583336 0.7994792 0.48333332 0.79479164 0.48333332 0.7838542 0.48666668 0.76875 0.48666668 0.7651042 0.4775 0.77239585 0.3925 0.7765625 0.36916667 0.79270834 0.36916667 0.78802085 0.28333333 0.79270834 0.24666667 0.790625 0.24166666 0.721875 0.24333334
14 0.75989586 0.1925 0.8177083 0.23333333 0.8197917 0.2375 0.81145835 0.26666668 0.8 0.2725 0.7895833 0.3025 0.7875 0.28333333 0.79270834 0.24666667 0.790625 0.24166666 0.7453125 0.2425 0.7453125 0.21416667 0.7505208 0.19333333
14 0.7270833 0.3075 0.70520836 0.38083333 0.7369792 0.3925 0.73072916 0.31166667 0.728125 0.30333334
14 0.54010415 0.29083332 0.55572915 0.305 0.70677084 0.38166666 0.7375 0.39333335 0.75 0.415 0.7515625 0.42583334 0.7494792 0.4375 0.7390625 0.43916667 0.7359375 0.44 0.7369792 0.505 0.728125 0.5 0.71302086 0.48333332 0.64479166 0.44333333 0.54270834 0.39 0.5375 0.38666666 0.5265625 0.39 0.5203125 0.3925 0.51927084 0.3825 0.5265625 0.3675 0.53489584 0.34166667 0.53489584 0.32583332 0.52447915 0.305 0.5375 0.29
14 0.7265625 0.50083333 0.721875 0.52916664 0.69322914 0.47333333 0.7140625 0.48333332 0.7265625 0.5
14 0.6421875 0.52666664 0.6979167 0.62333333 0.73072916 0.69166666 0.7604167 0.75666666 0.76875 0.79083335 0.77916664 0.81166667 0.8119792 0.7658333 0.8385417 0.7266667 0.82708335 0.7108333 0.8109375 0.70166665 0.771875 0.62666667 0.74583334 0.5733333 0.69166666 0.47166666 0.6536458 0.44916666 0.61614585 0.49833333 0.6171875 0.50333333 0.6302083 0.5208333
14 0.5416667 0.7733333 0.5671875 0.7725 0.696875 0.7033333 0.72864586 0.68666667 0.7604167 0.7558333 0.7604167 0.76416665 0.75572914 0.7683333 0.7526042 0.76416665 0.64479166 0.8233333 0.5963542 0.8466667 0.57239586 0.85333335 0.57239586 0.87416667 0.559375 0.8908333 0.5484375 0.87 0.5416667 0.78583336
14 0.5296875 0.675 0.5984375 0.64166665 0.68333334 0.5991667 0.6958333 0.62 0.71875 0.66583335 0.565625 0.75083333 0.54583335 0.7733333 0.5416667 0.77416664 0.54114586 0.7775 0.53541666 0.7783333 0.5359375 0.7275 0.53125 0.7 0.52447915 0.7058333 0.521875 0.6975 0.52916664 0.68416667 0.5265625 0.6791667
14 0.37447917 0.39916667 0.4796875 0.6091667 0.490625 0.6425 0.5078125 0.63916665 0.51927084 0.66083336 0.5171875 0.6666667 0.4640625 0.735 0.46197918 0.73 0.45364583 0.71 0.4484375 0.68833333 0.35989583 0.51666665 0.3546875 0.41583332 0.35416666 0.39916667 0.36875 0.37833333
14 0.3671875 0.6641667 0.38020834 0.6616667 0.3859375 0.65416664 0.39375 0.6525 0.39479166 0.6375 0.403125 0.6325 0.4046875 0.64166665 0.40885416 0.64666665 0.41770834 0.6958333 0.42239583 0.735 0.41927084 0.7525 0.3984375 0.7475 0.39270833 0.7416667 0.334375 0.7558333 0.221875 0.7891667 0.21614583 0.7975 0.20989583 0.81083333 0.19583334 0.8175 0.1921875 0.7975 0.19010417 0.7975 0.18333334 0.76166666 0.18125 0.7008333 0.18385416 0.69666666 0.19479166 0.7008333 0.21302083 0.70416665 0.2171875 0.7008333 0.30364582 0.68 0.2984375 0.72083336 0.30104166 0.7425 0.32760417 0.73333335 0.35416666 0.7275 0.37708333 0.72833335 0.378125 0.72583336 0.37708333 0.69916666 0.36822918 0.68666667
14 0.36197916 0.55083334 0.36822918 0.68666667 0.37708333 0.69916666 0.378125 0.72583336 0.37708333 0.72833335 0.35208333 0.7275 0.32708332 0.7325 0.30104166 0.7416667 0.29895833 0.72083336 0.30364582 0.68 0.30625 0.66083336 0.30416667 0.54 0.29583332 0.38583332 0.28958333 0.37916666 0.2921875 0.365 0.31614584 0.34333333 0.33385417 0.33333334 0.3546875 0.33416668 0.35625 0.365 0.35364583 0.38916665 0.3546875 0.4175 0.359375 0.515
14 0.228125 0.5525 0.30104166 0.48166665 0.30364582 0.535 0.3046875 0.5833333 0.19166666 0.69416666 0.18333334 0.69666666 0.18125 0.7008333 0.18229167 0.7275 0.178125 0.7266667 0.13072917 0.6375 0.12916666 0.63166666 0.14270833 0.62 0.14895834 0.62166667 0.19583334 0.5825 0.215625 0.58916664 0.21875 0.5808333
14 0.24270834 0.235 0.24322917 0.29416665 0.22916667 0.45166665 0.22708334 0.5566667 0.215625 0.58916664 0.19583334 0.5833333 0.16875 0.57666665 0.16510417 0.57 0.18541667 0.325 0.18958333 0.2525 0.19270833 0.24666667 0.18802084 0.23166667 0.1984375 0.2125 0.20364584 0.215 0.2078125 0.2275 0.20989583 0.22833334 0.228125 0.21416667 0.23645833 0.22
14 0.116145834 0.2375 0.1265625 0.24666667 0.13020833 0.2575 0.13125 0.2575 0.134375 0.25166667 0.19010417 0.2375 0.19270833 0.24583334 0.18958333 0.2525 0.18385416 0.33916667 0.13802083 0.34833333 0.119791664 0.36416668 0.111979164 0.36083335 0.10729167 0.34916666 0.1015625 0.3025 0.1 0.245
14 0.24479167 0.225 0.31666666 0.215 0.3203125 0.21416667 0.32604167 0.2 0.3328125 0.19416666 0.34114584 0.315 0.33385417 0.31333333 0.32239583 0.3075 0.240625 0.32416666 0.24322917 0.29416665 0.24270834 0.235 0.240625 0.22833334
14 0.2453125 0.3725 0.28229168 0.35416666 0.34270832 0.315 0.43958333 0.2525 0.44947916 0.23416667 0.45729166 0.23166667 0.45989582 0.22 0.46354166 0.2175 0.4796875 0.26166666 0.48177084 0.2675 0.48229167 0.28 0.48958334 0.30916667 0.4875 0.3325 0.48489583 0.335 0.47708333 0.32833335 0.459375 0.33833334 0.37447917 0.39916667 0.36875 0.37833333 0.35416666 0.39833334 0.35364583 0.38916665 0.35625 0.365 0.3546875 0.33416668 0.33385417 0.33333334 0.31614584 0.34333333 0.2921875 0.365 0.28958333 0.38 0.29583332 0.38583332 0.29947916 0.45666668 0.29166666 0.475 0.27552083 0.48333332 0.27604166 0.4775 0.2734375 0.47416666 0.27395833 0.4675 0.2703125 0.46166667 0.2703125 0.4575 0.2671875 0.45583335 0.26875 0.45 0.265625 0.44583333 0.265625 0.44 0.2625 0.43583333 0.2625 0.4325 0.25989583 0.42666668 0.26041666 0.42083332 0.2578125 0.4175 0.2578125 0.41416666 0.25520834 0.40916666 0.25260416 0.3975 0.24947916 0.39166668 0.2484375 0.38583332
14 0.853125 0.5183333 0.93125 0.52666664 0.93072915 0.5475 0.9171875 0.6 0.9 0.8233333 0.90416664 0.9 0.9010417 0.9116667 0.8385417 0.8975 0.82708335 0.9033333 0.82395834 0.87416667 0.83385414 0.8541667 0.8588542 0.57666665 0.8489583 0.54583335 0.8489583 0.525
