5 0.84739584 0.6616667 0.8463542 0.67583334 0.86302084 0.7025 0.88072914 0.7416667 0.89166665 0.7625 0.9234375 0.80083334 0.93385416 0.82416666 0.9791667 0.87166667 0.9515625 0.9025 0.92604166 0.9316667 0.91875 0.94166666 0.90833336 0.9633333 0.90052086 0.97583336 0.8890625 1.0 0.79895836 1.0 0.76927084 0.94666666 0.7494792 0.9075 0.73854166 0.8933333 0.7265625 0.88166666 0.69375 0.8408333 0.6796875 0.81666666 0.6828125 0.8075 0.7161458 0.7583333 0.7552083 0.70166665 0.784375 0.68833333 0.821875 0.6716667 0.83125 0.6675 0.846875 0.66
0 0.7140625 0.4275 0.75572914 0.4375 0.7760417 0.4425 0.78541666 0.42833334 0.79375 0.41583332 0.80572915 0.40833333 0.81614584 0.37583333 0.82395834 0.3525 0.8234375 0.34416667 0.8229167 0.33333334 0.83385414 0.33583334 0.8333333 0.34083334 0.83802086 0.36333334 0.84791666 0.41083333 0.8645833 0.47666666 0.87135416 0.50416666 0.8875 0.55833334 0.9036458 0.61083335 0.9140625 0.63916665 0.90260416 0.6458333 0.87604165 0.65166664 0.846875 0.6591667 0.75572914 0.7008333 0.74375 0.7058333 0.71197915 0.7216667 0.70520836 0.7241667 0.69635415 0.71666664 0.68958336 0.71416664 0.68958336 0.6741667 0.6875 0.625 0.6880208 0.5758333 0.6822917 0.54833335 0.67760414 0.5366667 0.6640625 0.46833333 0.65833336 0.43416667 0.66041666 0.4275 0.6703125 0.42583334 0.67395836 0.42333335 0.67760414 0.42 0.6953125 0.4225
12 0.61875 0.34083334 0.6875 0.39666668 0.71458334 0.41916665 0.7135417 0.42666668 0.67760414 0.42 0.67083335 0.425 0.65989584 0.4275 0.65833336 0.43416667 0.6635417 0.4675 0.6765625 0.5308333 0.67604166 0.535 0.6692708 0.5516667 0.665625 0.55833334 0.6625 0.56333333 0.6536458 0.58666664 0.65 0.5933333 0.6479167 0.60083336 0.63697916 0.64 0.63385415 0.65 0.63125 0.6591667 0.6223958 0.6958333 0.6078125 0.74666667 0.6015625 0.7683333 0.59010416 0.7608333 0.5734375 0.7475 0.55833334 0.7341667 0.56041664 0.70416665 0.565625 0.6691667 0.5703125 0.64666665 0.5786458 0.56583333 0.58177084 0.5416667 0.58177084 0.52666664 0.5807292 0.5208333 0.5651042 0.5225 0.5494792 0.52 0.56145835 0.47916666 0.5854167 0.39583334 0.6046875 0.33833334 0.6078125 0.335
5 0.4015625 0.4875 0.43177083 0.4975 0.46614584 0.50333333 0.5083333 0.51166666 0.55052084 0.52 0.56614584 0.5225 0.58125 0.52 0.58229166 0.5258333 0.58125 0.5425 0.5703125 0.64666665 0.565625 0.6691667 0.56041664 0.70416665 0.55885416 0.735 0.55885416 0.7416667 0.5578125 0.7633333 0.5578125 0.785 0.5552083 0.81666666 0.5552083 0.8616667 0.5552083 0.8691667 0.53229165 0.8625 0.48802084 0.85083336 0.47395834 0.845 0.46302083 0.8375 0.43802083 0.8275 0.43177083 0.825 0.40572917 0.825 0.3796875 0.82416666 0.37864584 0.80833334 0.38072917 0.79583335 0.3859375 0.7633333 0.39114583 0.7441667 0.39583334 0.68833333 0.40572917 0.62 0.41041666 0.5933333 0.40625 0.56666666 0.40520832 0.5491667 0.39947918 0.51416665 0.40052083 0.49916667
21 0.6453125 0.28083333 0.65 0.28416666 0.65416664 0.28916666 0.65625 0.29416665 0.6567708 0.31 0.6557292 0.3225 0.63697916 0.35583332 0.61927086 0.34166667 0.61510414 0.33916667
2 0.5390625 0.0225 0.59010416 0.079166666 0.6546875 0.15583333 0.68645835 0.1925 0.678125 0.20666666 0.64427084 0.28166667 0.615625 0.33916667 0.6088542 0.33583334 0.60520834 0.3375 0.603125 0.34 0.5864583 0.39333335 0.57916665 0.41583332 0.54322916 0.49083334 0.53333336 0.51166666 0.5208333 0.4975 0.4578125 0.41833332 0.40833333 0.35916665 0.38802084 0.335 0.39270833 0.32333332 0.41770834 0.2725 0.46458334 0.17666666 0.49270833 0.11833333 0.5161458 0.0675 0.53802085 0.025
21 0.40833333 0.5858333 0.37604168 0.59583336 0.371875 0.5941667 0.36354166 0.58416665 0.36197916 0.57666665 0.3515625 0.49333334 0.38958332 0.375 0.396875 0.3475 0.4015625 0.35083333 0.44635418 0.40333334 0.5026042 0.47416666 0.52916664 0.5075 0.53333336 0.51166666 0.5546875 0.4675 0.5796875 0.41583332 0.5494792 0.52 0.49375 0.5083333 0.43125 0.4975 0.40208334 0.4875 0.39895833 0.5133333 0.40520832 0.54833335 0.40625 0.565 0.40885416 0.5858333
19 0.33125 0.29583332 0.3734375 0.2275 0.43072918 0.13666667 0.44791666 0.1075 0.4515625 0.1025 0.4578125 0.104166664 0.46510416 0.111666664 0.48177084 0.14083333 0.3875 0.33416668 0.39791667 0.3475 0.39583334 0.3475 0.33125 0.29833335
16 0.16458334 0.21 0.175 0.21 0.19322917 0.20666666 0.2046875 0.2125 0.21041666 0.21916667 0.22552083 0.23416667 0.24791667 0.24 0.28489584 0.26333332 0.33072916 0.29833335 0.396875 0.34916666 0.3875 0.38083333 0.35052082 0.495 0.31458333 0.60083336 0.31145832 0.6041667 0.30052084 0.595 0.2625 0.56333333 0.24010417 0.54583335 0.19479166 0.505 0.1453125 0.46166667 0.10989583 0.43583333 0.09010417 0.41666666 0.1140625 0.36166668 0.1265625 0.31583333 0.1375 0.285 0.153125 0.24583334 0.15729167 0.22416666 0.15989584 0.21083333
1 0.34322917 0.52666664 0.3671875 0.6533333 0.37291667 0.70416665 0.38072917 0.73583335 0.38854167 0.7391667 0.3890625 0.75166667 0.3859375 0.75666666 0.3421875 0.7633333 0.30885416 0.77416664 0.30572918 0.78 0.30885416 0.7841667 0.31979167 0.7841667 0.3140625 0.79083335 0.30260417 0.7925 0.29270834 0.7916667 0.29114583 0.77 0.28072917 0.725 0.25677082 0.56583333 0.25572917 0.5575 0.31145832 0.605 0.31458333 0.60083336 0.34114584 0.5233333
14 0.13385417 0.45916668 0.1359375 0.4675 0.13645834 0.47833332 0.140625 0.485 0.14583333 0.48833334 0.15 0.5075 0.16145833 0.5625 0.16979167 0.5991667 0.17604166 0.6333333 0.18385416 0.67 0.19583334 0.73083335 0.20260416 0.7583333 0.20260416 0.7816667 0.20364584 0.79333335 0.20208333 0.8 0.2109375 0.7966667 0.24427083 0.77916664 0.26197916 0.7683333 0.26354167 0.76166666 0.25989583 0.74916667 0.25729167 0.74083334 0.2515625 0.7316667 0.246875 0.70666665 0.23333333 0.6425 0.2078125 0.5158333 0.15 0.46583334 0.13802083 0.45583335
15 0.8671875 0.19083333 0.87135416 0.20083334 0.87708336 0.20083334 0.87864584 0.205 0.8875 0.20833333 0.89427084 0.2175 0.8984375 0.2275 0.92083335 0.28666666 0.9635417 0.4275 0.97239584 0.4575 0.98541665 0.50416666 0.9869792 0.5208333 0.9838542 0.5375 0.9848958 0.5441667 0.9838542 0.54833335 0.9817708 0.55 0.9848958 0.56083333 0.9848958 0.565 0.978125 0.56583333 0.9760417 0.56333333 0.975 0.55083334 0.971875 0.5466667 0.971875 0.5441667 0.96458334 0.5425 0.9604167 0.5391667 0.95520836 0.5341667 0.9447917 0.5125 0.93125 0.46333334 0.9036458 0.3675 0.8875 0.31916666 0.8671875 0.25583333 0.8645833 0.23916666 0.8645833 0.22916667 0.86510414 0.22 0.8671875 0.21666667 0.8666667 0.2075 0.8625 0.19583334
4 0.89479166 0.010833333 0.9557292 0.08083333 0.97447914 0.079166666 0.99895835 0.034166668 1.0 0.019166667 0.99114585 0.0125
