2 0.3515625 0.47666666 0.31979167 0.49083334 0.32708332 0.535 0.3375 0.5858333 0.34791666 0.64666665 0.35625 0.6983333 0.3671875 0.7658333 0.37291667 0.80333334 0.37604168 0.80333334 0.37708333 0.8066667 0.37447917 0.80916667 0.38385418 0.87083334 0.42864582 0.85083336 0.47552082 0.8275 0.52552086 0.805 0.559375 0.7875 0.54895836 0.72583336 0.5463542 0.725 0.54791665 0.7191667 0.5375 0.6666667 0.52708334 0.61083335 0.515625 0.5466667 0.5015625 0.48083332 0.49114582 0.4425 0.4875 0.4375 0.484375 0.41916665 0.46614584 0.42 0.44635418 0.42583334 0.43333334 0.4325 0.41614583 0.4425 0.38229167 0.46083334 0.35625 0.475
2 0.3375 0.62333333 0.33854166 0.6175 0.3375 0.6166667 0.33489582 0.62083334 0.3015625 0.5875 0.32239583 0.5375 0.32604167 0.52916664 0.33697918 0.5833333 0.34479168 0.6308333 0.34010416 0.62666667
2 0.39895833 0.35416666 0.38854167 0.37666667 0.371875 0.41333333 0.35885417 0.4425 0.35 0.465 0.34583333 0.47916666 0.35625 0.475 0.375 0.465 0.39322916 0.455 0.41354167 0.44333333 0.4359375 0.43083334 0.4484375 0.425 0.4671875 0.42 0.46979168 0.42 0.44583333 0.39666668 0.43385416 0.38666666 0.43125 0.38583332 0.43020833 0.3825 0.40208334 0.3575
2 0.5697917 0.635 0.55052084 0.68583333 0.5442708 0.70166665 0.53333336 0.6433333 0.5260417 0.60333335 0.51770836 0.56083333 0.50625 0.505 0.49375 0.45333335 0.490625 0.4425 0.4875 0.43666667 0.49739584 0.445 0.5442708 0.48833334 0.57916665 0.5225 0.60364586 0.5475 0.5833333 0.6016667 0.5734375 0.6275
2 0.39583334 0.31333333 0.39166668 0.32916668 0.37291667 0.38916665 0.35416666 0.44833332 0.34895834 0.46333334 0.34479168 0.47916666 0.34635416 0.47916666 0.35 0.465 0.35885417 0.44166666 0.371875 0.41333333 0.38645834 0.38083333 0.39791667 0.35666665 0.39895833 0.35416666 0.403125 0.35916665 0.43072918 0.38333333 0.43125 0.38583332 0.43385416 0.38666666 0.44739583 0.39833334 0.46979168 0.42 0.484375 0.41916665 0.4875 0.4375 0.49739584 0.445 0.52239585 0.4675 0.5494792 0.49333334 0.59010416 0.53333336 0.6010417 0.49416667 0.6067708 0.4725 0.59739584 0.46333334 0.59270835 0.46083334 0.55833334 0.4325 0.509375 0.395 0.46770832 0.36416668 0.45260417 0.35083333 0.4328125 0.33833334 0.43020833 0.34166667 0.428125 0.33916667 0.42864582 0.335 0.403125 0.3175
2 0.43177083 0.3175 0.42760417 0.33333334 0.42864582 0.335 0.428125 0.33916667 0.43020833 0.34166667 0.4328125 0.3375 0.45364583 0.35166666 0.46979168 0.365 0.51145834 0.39666668 0.5598958 0.43333334 0.5932292 0.46166667 0.59791666 0.46333334 0.6067708 0.4725 0.58958334 0.53333336 0.603125 0.5475 0.5885417 0.5883333 0.57239586 0.63 0.5697917 0.6358333 0.5515625 0.68333334 0.55104166 0.685 0.5703125 0.71666664 0.5765625 0.72 0.5932292 0.6591667 0.6041667 0.6191667 0.6041667 0.6025 0.60625 0.5858333 0.6177083 0.55333334 0.625 0.5308333 0.63177085 0.49 0.63489586 0.45833334 0.6125 0.43833333 0.58177084 0.42083332 0.55 0.3975 0.5182292 0.37583333 0.471875 0.34583333 0.465625 0.34083334 0.4625 0.3425 0.4609375 0.3375 0.43645832 0.32166666
2 0.57447916 0.725 0.5697917 0.7158333 0.55052084 0.685 0.5442708 0.70166665 0.54791665 0.7191667 0.5463542 0.7241667 0.54895836 0.72583336 0.5546875 0.76 0.5729167 0.73
2 0.42916667 0.9091667 0.3921875 0.96 0.3640625 0.9066667 0.34270832 0.86333334 0.31770834 0.8125 0.290625 0.7625 0.26770833 0.7158333 0.25677082 0.6933333 0.2515625 0.6791667 0.24739583 0.6558333 0.25208333 0.64416665 0.2609375 0.63416666 0.278125 0.6116667 0.30260417 0.57916665 0.30729166 0.5733333 0.3015625 0.5875 0.33489582 0.62083334 0.3375 0.6166667 0.33854166 0.6175 0.3375 0.62333333 0.34010416 0.62666667 0.3453125 0.6308333 0.35416666 0.68583333 0.37291667 0.80333334 0.37604168 0.80333334 0.3765625 0.80583334 0.37447917 0.80833334 0.38385418 0.87083334 0.4421875 0.8441667 0.484375 0.8233333 0.45625 0.8691667 0.43125 0.9058333
2 0.28177083 0.77 0.271875 0.795 0.26979166 0.80083334 0.29270834 0.8225 0.31875 0.8475 0.34166667 0.87 0.34791666 0.87416667 0.31770834 0.8125 0.29010418 0.7608333 0.28697917 0.7558333
2 0.35833332 0.92 0.33645833 0.88416666 0.32239583 0.8591667 0.3140625 0.8433333 0.334375 0.86333334 0.34114584 0.8691667 0.3484375 0.87416667 0.36614582 0.91 0.378125 0.93333334 0.3921875 0.96 0.4265625 0.91333336 0.4609375 0.8616667 0.484375 0.8233333 0.52552086 0.805 0.52135414 0.8125 0.49583334 0.85083336 0.4859375 0.8675 0.46770832 0.8958333 0.44739583 0.93 0.42395833 0.9691667 0.40833333 0.9941667 0.38802084 0.96416664 0.36770833 0.93416667
2 0.72239584 0.0 0.7109375 0.0 0.69635415 0.0 0.68125 0.0 0.671875 0.0 0.7015625 0.036666665 0.7161458 0.010833333 0.7213542 0.0033333334
