9 0.7484375 0.8525 0.728125 0.8175 0.7203125 0.86833334 0.715625 0.87083334 0.7182292 0.87666667 0.7078125 0.93333334 0.66302085 0.9075 0.66197914 0.9066667 0.6479167 0.93333334 0.6302083 0.9725 0.6166667 1.0 0.8421875 1.0 0.8151042 0.96 0.771875 0.89666665 0.75416666 0.8641667 0.7494792 0.8641667
9 0.5833333 0.5275 0.559375 0.5175 0.5395833 0.5858333 0.54114586 0.5908333 0.53697914 0.5925 0.52135414 0.6558333 0.49114582 0.75 0.46614584 0.83666664 0.46354166 0.8475 0.4734375 0.8516667 0.49791667 0.8691667 0.54322916 0.9 0.5697917 0.91833335 0.5734375 0.91833335 0.5833333 0.9266667 0.5989583 0.9508333 0.6015625 0.9558333 0.609375 0.92333335 0.61822915 0.8983333 0.63072914 0.8825 0.6401042 0.8691667 0.65 0.8325 0.67552084 0.75416666 0.6927083 0.68916667 0.690625 0.685 0.6947917 0.68333334 0.7125 0.6116667 0.675 0.585 0.6484375 0.57 0.621875 0.55083334 0.59947914 0.5366667
9 0.725 0.5416667 0.67395836 0.5083333 0.634375 0.4875 0.62604165 0.48333332 0.62135416 0.51416665 0.6166667 0.53 0.61354166 0.545 0.6390625 0.56166667 0.6479167 0.57 0.6734375 0.5833333 0.71197915 0.6125 0.6947917 0.68333334 0.6901042 0.68583333 0.6927083 0.68916667 0.6765625 0.75083333 0.653125 0.8233333 0.640625 0.87083334 0.62864584 0.8858333 0.65260416 0.9008333 0.6625 0.905 0.70677084 0.9325 0.71770835 0.87833333 0.71510416 0.8725 0.7203125 0.8675 0.73020834 0.80833334 0.73854166 0.7583333 0.7552083 0.7225 0.7682292 0.68833333 0.7885417 0.62416667 0.79583335 0.5966667 0.76354164 0.5683333 0.74114585 0.55333334
9 0.65 0.44416666 0.6453125 0.4625 0.6401042 0.48333332 0.63958335 0.48833334 0.6703125 0.505 0.696875 0.5225 0.70625 0.49833333 0.68645835 0.4725 0.66197914 0.45083332
9 0.4578125 0.28666666 0.4421875 0.32666665 0.43541667 0.36333334 0.4296875 0.38333333 0.42395833 0.4025 0.40677083 0.43666667 0.3921875 0.48833334 0.3796875 0.525 0.37916666 0.53 0.41979167 0.5575 0.42552084 0.5525 0.4265625 0.56166667 0.44114584 0.56666666 0.46041667 0.58166665 0.48125 0.6016667 0.5046875 0.6225 0.525 0.6383333 0.53697914 0.5933333 0.540625 0.5908333 0.5390625 0.58666664 0.55885416 0.5175 0.5911458 0.5308333 0.61354166 0.5441667 0.61614585 0.5283333 0.62083334 0.5108333 0.62604165 0.4825 0.63958335 0.48833334 0.6411458 0.47916666 0.65052086 0.44333333 0.6640625 0.45166665 0.6692708 0.45583335 0.6692708 0.45083332 0.65520835 0.44 0.61354166 0.40833333 0.5552083 0.36916667 0.5161458 0.33916667 0.5005208 0.325 0.49635416 0.32666665 0.49635416 0.32166666 0.47395834 0.30166668
9 0.75677085 0.38083333 0.7390625 0.42083332 0.72552085 0.44666666 0.7140625 0.47833332 0.70625 0.5 0.69739586 0.52166665 0.7359375 0.54833335 0.7640625 0.5675 0.7963542 0.5975 0.78125 0.6475 0.7671875 0.6925 0.76770836 0.6983333 0.809375 0.7441667 0.828125 0.7675 0.8328125 0.7658333 0.8328125 0.7733333 0.859375 0.80583334 0.87291664 0.77666664 0.88177085 0.75083333 0.89166665 0.7241667 0.90729165 0.68416667 0.9166667 0.63416666 0.93072915 0.5941667 0.90729165 0.59166664 0.8734375 0.5875 0.8203125 0.56916666 0.80677086 0.565 0.7838542 0.55333334 0.76979166 0.545 0.7703125 0.4975 0.7729167 0.47 0.77916664 0.44416666 0.7895833 0.41666666 0.77916664 0.40666667 0.7640625 0.39
9 0.9661458 0.2275 0.928125 0.21583334 0.88697916 0.2075 0.87135416 0.19833334 0.85 0.19666667 0.81145835 0.17583333 0.8052083 0.23833333 0.80364585 0.24833333 0.80625 0.25583333 0.8020833 0.25833333 0.80364585 0.29916668 0.80052084 0.3475 0.7921875 0.37666667 0.79010415 0.39583334 0.7895833 0.41666666 0.7796875 0.44333333 0.77239585 0.46916667 0.7708333 0.49 0.76979166 0.5441667 0.79010415 0.55583334 0.8130208 0.5675 0.875 0.5875 0.93072915 0.5941667 0.93854165 0.5966667 0.9401042 0.5825 0.93854165 0.5675 0.94166666 0.49666667 0.93854165 0.44333333 0.9401042 0.42416668 0.9447917 0.40583333 0.9427083 0.3625 0.94739586 0.33916667 0.9526042 0.32 0.95416665 0.3075 0.95 0.30166668 0.95416665 0.29916668 0.96302086 0.24416667
9 0.7359375 0.019166667 0.73125 0.0 0.60729164 0.0 0.59947914 0.07416666 0.596875 0.12916666 0.5942708 0.15333334 0.5953125 0.16166666 0.61041665 0.25666666 0.6244792 0.32333332 0.6578125 0.30666667 0.6979167 0.285 0.73125 0.26583335 0.7135417 0.2475 0.6869792 0.22166666 0.67083335 0.20583333 0.6921875 0.145 0.69947916 0.14333333 0.6958333 0.13583334 0.7270833 0.053333335 0.7375 0.026666667
9 0.9359375 0.0225 0.9114583 0.0 0.7473958 0.0 0.73802084 0.024166666 0.7171875 0.0775 0.6958333 0.135 0.69947916 0.14333333 0.6921875 0.145 0.671875 0.20333333 0.6713542 0.20583333 0.709375 0.24333334 0.7317708 0.26666668 0.7395833 0.2675 0.74583334 0.2775 0.7661458 0.30166668 0.80052084 0.34083334 0.803125 0.3 0.8020833 0.25916666 0.80572915 0.25666666 0.803125 0.24916667 0.80572915 0.23666666 0.8098958 0.18583333 0.81041664 0.175 0.85052085 0.19666667 0.85572916 0.19583334 0.86302084 0.17416666 0.8734375 0.15333334 0.88854164 0.12666667 0.91510415 0.061666667 0.9291667 0.034166668
9 0.19635417 0.0275 0.18802084 0.020833334 0.178125 0.0 0.25104168 0.0 0.21770833 0.025833333 0.20677084 0.029166667
9 0.29270834 0.4875 0.24010417 0.5233333 0.19895834 0.555 0.15364583 0.58916664 0.13177083 0.605 0.14427084 0.65416664 0.146875 0.66083336 0.153125 0.6616667 0.15208334 0.67 0.16458334 0.69666666 0.1734375 0.73 0.19166666 0.76916665 0.19583334 0.7916667 0.2 0.825 0.228125 0.92583334 0.2328125 0.9475 0.25885418 0.9291667 0.28958333 0.90166664 0.29739583 0.89166665 0.33697918 0.86333334 0.39322916 0.82 0.38802084 0.7975 0.37864584 0.7683333 0.3640625 0.73333335 0.35625 0.72 0.340625 0.66583335 0.3171875 0.58 0.30885416 0.5491667 0.3046875 0.5491667 0.30729166 0.54083335 0.30208334 0.5158333 0.296875 0.4975
