15 0.28697917 0.51 0.24947916 0.4925 0.23802084 0.48916668 0.2328125 0.49 0.2296875 0.4925 0.22604166 0.49583334 0.22395833 0.50083333 0.221875 0.49833333 0.21822916 0.50166667 0.21510416 0.495 0.2125 0.49666667 0.209375 0.49916667 0.2078125 0.50166667 0.20572917 0.5108333 0.20625 0.515 0.215625 0.5158333 0.21614583 0.51916665 0.21770833 0.5208333 0.22083333 0.5225 0.22083333 0.5283333 0.22135417 0.5316667 0.22395833 0.535 0.23802084 0.5441667 0.26875 0.5575 0.3328125 0.59 0.34583333 0.595 0.36041668 0.57416666 0.37708333 0.55333334 0.30104166 0.5183333
15 0.41770834 0.575 0.43697917 0.5858333 0.44114584 0.5883333 0.4421875 0.5908333 0.44479167 0.5966667 0.4453125 0.6 0.44583333 0.6066667 0.4453125 0.61 0.44635418 0.61 0.44947916 0.61083335 0.44895834 0.6141667 0.4546875 0.61583334 0.45729166 0.61583334 0.45885417 0.61833334 0.45677084 0.62333333 0.45625 0.62666667 0.45572916 0.63166666 0.45572916 0.63416666 0.45260417 0.635 0.45104167 0.6333333 0.44895834 0.62916666 0.44791666 0.62666667 0.44479167 0.63166666 0.440625 0.63 0.44010416 0.62916666 0.43541667 0.6333333 0.43020833 0.635 0.40520832 0.62583333 0.38125 0.61583334 0.41458333 0.5783333
15 0.25677082 0.49333334 0.340625 0.42666668 0.390625 0.38833332 0.40989584 0.4 0.41875 0.40416667 0.41927084 0.4075 0.41770834 0.41166666 0.41302082 0.41083333 0.41302082 0.41416666 0.41145834 0.42333335 0.4078125 0.43 0.38177082 0.45333335 0.3 0.5175 0.28489584 0.50916666 0.25520834 0.495
15 0.43854168 0.485 0.3984375 0.5283333 0.36458334 0.56916666 0.35989583 0.57416666 0.34583333 0.595 0.34583333 0.60583335 0.34635416 0.6075 0.346875 0.61 0.3453125 0.6091667 0.34427083 0.61 0.34375 0.6116667 0.34375 0.61333334 0.34479168 0.6175 0.3390625 0.62 0.33697918 0.62166667 0.33697918 0.62333333 0.34114584 0.63666666 0.34322917 0.63666666 0.34791666 0.62916666 0.3484375 0.6275 0.35052082 0.63166666 0.3515625 0.6325 0.3546875 0.6308333 0.3546875 0.6275 0.36197916 0.63166666 0.36875 0.62916666 0.38177082 0.61583334 0.41875 0.5733333 0.4625 0.5258333 0.48177084 0.505 0.5239583 0.45916668 0.546875 0.43166667 0.5494792 0.425 0.5494792 0.41666666 0.54895836 0.41416666 0.55052084 0.4125 0.55104166 0.40583333 0.5598958 0.40333334 0.5578125 0.395 0.5546875 0.38833332 0.553125 0.38833332 0.5473958 0.39666668 0.54479164 0.395 0.54270834 0.39416668 0.54114586 0.39666668 0.5375 0.3925 0.53333336 0.39 0.52760416 0.39166668 0.5052083 0.4125 0.4890625 0.42833334 0.46041667 0.45916668
15 0.42291668 0.49166667 0.40885416 0.47416666 0.40520832 0.47333333 0.40104166 0.47333333 0.4 0.47333333 0.3984375 0.47 0.39635417 0.46916667 0.39479166 0.47 0.3875 0.46083334 0.384375 0.46583334 0.3828125 0.47333333 0.38854167 0.48 0.3875 0.48083332 0.38854167 0.48583335 0.3890625 0.4875 0.38697916 0.49 0.38645834 0.495 0.38645834 0.5 0.3890625 0.50916666 0.39947918 0.5275 0.428125 0.49666667
15 0.33802083 0.35666665 0.3046875 0.39416668 0.2953125 0.405 0.2890625 0.41333333 0.2859375 0.42166665 0.28541666 0.4275 0.28541666 0.43083334 0.28541666 0.43333334 0.2828125 0.43583333 0.28177083 0.43833333 0.28229168 0.44166666 0.28385416 0.445 0.28229168 0.44416666 0.27916667 0.44583333 0.275 0.44833332 0.27447918 0.45 0.2765625 0.455 0.27916667 0.45833334 0.28125 0.4625 0.28385416 0.46166667 0.2859375 0.4625 0.2875 0.45333335 0.28854167 0.45416668 0.29010418 0.45416668 0.2921875 0.45166665 0.2921875 0.44666666 0.29791668 0.455 0.30416667 0.455 0.31770834 0.44416666 0.35729167 0.40083334 0.37552083 0.37916666
15 0.37395832 0.32 0.34739584 0.30583334 0.34166667 0.305 0.33645833 0.30583334 0.33125 0.30833334 0.32760417 0.315 0.3265625 0.31083333 0.325 0.31 0.32395834 0.31 0.32239583 0.31166667 0.32135418 0.315 0.31510416 0.30583334 0.3140625 0.30666667 0.31145832 0.3125 0.3109375 0.31416667 0.3125 0.3175 0.31197917 0.32 0.31197917 0.32333332 0.31875 0.32416666 0.31822917 0.32666665 0.31927082 0.33083335 0.32135418 0.33166668 0.32291666 0.33083335 0.32395834 0.33 0.32395834 0.33666667 0.32552084 0.3425 0.33177084 0.35083333 0.33854166 0.35666665 0.37916666 0.38083333 0.41197917 0.40083334 0.43645832 0.41416666 0.44166666 0.41583332 0.48385417 0.435 0.4875 0.43 0.50677085 0.41083333 0.521875 0.39666668 0.4671875 0.37166667 0.396875 0.335
15 0.375 0.31666666 0.453125 0.225 0.459375 0.22333333 0.4625 0.22333333 0.46458334 0.22416666 0.46510416 0.2225 0.46822917 0.22083333 0.47291666 0.22583333 0.47760418 0.21416667 0.4796875 0.22 0.4796875 0.22333333 0.48229167 0.22166666 0.4828125 0.22416666 0.47708333 0.23166667 0.47708333 0.235 0.47447917 0.24 0.47447917 0.25083333 0.47447917 0.25916666 0.46822917 0.27 0.428125 0.32 0.409375 0.34083334 0.37291667 0.32
15 0.5463542 0.675 0.46822917 0.5575 0.45364583 0.53583336 0.4265625 0.565 0.43854168 0.58666664 0.44114584 0.58916664 0.4453125 0.59833336 0.4828125 0.6558333 0.5265625 0.7216667 0.5328125 0.7275 0.54114586 0.7266667 0.54375 0.72333336 0.5453125 0.72583336 0.54791665 0.7266667 0.5494792 0.7266667 0.5541667 0.73333335 0.55833334 0.7341667 0.5609375 0.73 0.5619792 0.725 0.56145835 0.7225 0.55572915 0.71666664 0.55677086 0.71166664 0.5546875 0.70666665 0.553125 0.695 0.55104166 0.685
15 0.39322916 0.6875 0.39479166 0.685 0.4 0.6816667 0.4 0.6775 0.40104166 0.675 0.40260416 0.67333335 0.4015625 0.66833335 0.40260416 0.66083336 0.40885416 0.64916664 0.4203125 0.63166666 0.43072918 0.635 0.43541667 0.6333333 0.44010416 0.62916666 0.44114584 0.63 0.4453125 0.63166666 0.44791666 0.62666667 0.45104167 0.6333333 0.45260417 0.635 0.45572916 0.63416666 0.45572916 0.6325 0.45625 0.62666667 0.45833334 0.6191667 0.45885417 0.61833334 0.46979168 0.6358333 0.43229166 0.6825 0.41979167 0.69166666 0.41510418 0.6925 0.41197917 0.69166666 0.40833333 0.68666667 0.4078125 0.69 0.40729168 0.69166666 0.40520832 0.69083333 0.40364584 0.6875 0.40208334 0.6933333 0.3984375 0.70166665 0.39583334 0.7 0.39322916 0.69166666
15 0.446875 0.6 0.453125 0.6091667 0.45729166 0.61583334 0.4546875 0.61583334 0.44895834 0.6141667 0.44947916 0.61083335 0.446875 0.61 0.4453125 0.61 0.44583333 0.60583335 0.4453125 0.5991667 0.44479167 0.5966667
15 0.5578125 0.4525 0.48385417 0.55083334 0.4734375 0.565 0.496875 0.6 0.56145835 0.51416665 0.58177084 0.48333332 0.5854167 0.4725 0.584375 0.46166667 0.5859375 0.4575 0.58697915 0.455 0.59375 0.45416668 0.59270835 0.44166666 0.5885417 0.44083333 0.58385414 0.44583333 0.58125 0.445 0.58020836 0.445 0.578125 0.4475 0.57708335 0.44916666 0.57135415 0.445 0.56666666 0.4475
15 0.54895836 0.42916667 0.5515625 0.42916667 0.5546875 0.43 0.55572915 0.43166667 0.55572915 0.435 0.5541667 0.44333333 0.55104166 0.44333333 0.54791665 0.43916667 0.546875 0.44 0.5463542 0.44166666 0.5453125 0.4425 0.54322916 0.44166666 0.54114586 0.44666666 0.534375 0.45083332 0.5307292 0.45083332 0.546875 0.4325 0.54791665 0.42833334
15 0.5182292 0.63 0.5484375 0.55583334 0.55625 0.53833336 0.559375 0.5341667 0.56354165 0.5308333 0.565625 0.53 0.56927085 0.5316667 0.5703125 0.5316667 0.5708333 0.52916664 0.57239586 0.5275 0.5734375 0.5283333 0.5755208 0.5283333 0.57604164 0.52166665 0.57708335 0.51666665 0.5786458 0.51416665 0.58385414 0.52 0.58802086 0.52416664 0.5864583 0.52666664 0.58229166 0.5341667 0.58229166 0.5366667 0.584375 0.53833336 0.58385414 0.54083335 0.58177084 0.545 0.5833333 0.5491667 0.5833333 0.5541667 0.58177084 0.56333333 0.5625 0.615 0.5416667 0.6675 0.51770836 0.63166666
15 0.459375 0.76666665 0.49791667 0.67833334 0.52135414 0.71416664 0.48333332 0.8025 0.46145833 0.8475 0.45885417 0.8491667 0.45260417 0.8475 0.45104167 0.85083336 0.4484375 0.85083336 0.446875 0.85083336 0.44583333 0.85083336 0.44427082 0.8541667 0.44427082 0.86 0.44427082 0.8616667 0.4421875 0.86 0.43958333 0.85833335 0.43645832 0.855 0.434375 0.84833336 0.434375 0.8425 0.44010416 0.8408333 0.44010416 0.83666664 0.4421875 0.8333333 0.4390625 0.8233333 0.43854168 0.81916666 0.44635418 0.7966667
15 0.67291665 0.38833332 0.61822915 0.32416666 0.6125 0.31916666 0.6067708 0.32 0.6020833 0.32416666 0.60052085 0.32166666 0.5984375 0.32083333 0.59583336 0.32416666 0.5942708 0.3175 0.59010416 0.315 0.5890625 0.31416667 0.5854167 0.3275 0.59010416 0.33083335 0.5932292 0.33166668 0.59270835 0.33333334 0.5942708 0.33666667 0.59583336 0.33833334 0.59375 0.34833333 0.5963542 0.3575 0.6177083 0.38583332 0.6536458 0.43083334 0.66302085 0.44166666 0.665625 0.40416667 0.6671875 0.3975 0.66770834 0.395 0.66979164 0.39333335
15 0.69739586 0.4175 0.73802084 0.47166666 0.7786458 0.52666664 0.78125 0.53333336 0.7828125 0.53833336 0.7828125 0.5466667 0.78229165 0.5541667 0.7838542 0.5525 0.78489584 0.555 0.78541666 0.5575 0.7921875 0.56416667 0.79114586 0.56666666 0.7864583 0.5733333 0.78489584 0.5733333 0.78125 0.5675 0.77708334 0.5675 0.77552086 0.56416667 0.7682292 0.5675 0.76145834 0.56583333 0.73802084 0.5366667 0.69375 0.48
15 0.6744792 0.3875 0.67395836 0.38333333 0.6765625 0.3775 0.6796875 0.37916666 0.67864585 0.36833334 0.6791667 0.365 0.68177086 0.3625 0.6880208 0.36583334 0.690625 0.36833334 0.6901042 0.37583333 0.6869792 0.38166666 0.6890625 0.3825 0.68854165 0.38916665 0.6901042 0.39 0.6953125 0.39666668 0.69739586 0.41083333 0.696875 0.42166665 0.6921875 0.5083333 0.68333334 0.63416666 0.67552084 0.72 0.67291665 0.7341667 0.6703125 0.73833334 0.6666667 0.74 0.6645833 0.7416667 0.6635417 0.74333334 0.66197914 0.74583334 0.6609375 0.74666667 0.6640625 0.75416666 0.66302085 0.7583333 0.659375 0.7583333 0.6484375 0.7575 0.65260416 0.74583334 0.65 0.745 0.64947915 0.7391667 0.6510417 0.7341667 0.646875 0.7266667 0.6453125 0.7225 0.64427084 0.71666664 0.6489583 0.6475 0.6588542 0.5158333 0.6635417 0.43833333 0.665625 0.40416667 0.66770834 0.395 0.6703125 0.3925 0.6723958 0.38833332
15 0.19375 0.5683333 0.20260416 0.56166667 0.20208333 0.55916667 0.203125 0.5566667 0.20520833 0.555 0.2046875 0.55 0.2046875 0.545 0.2078125 0.5375 0.21145834 0.5308333 0.22083333 0.5225 0.22083333 0.52916664 0.22135417 0.5316667 0.22395833 0.535 0.23854166 0.5441667 0.25677082 0.5525 0.23072916 0.5708333 0.22239584 0.575 0.21822916 0.5758333 0.21458334 0.57416666 0.2125 0.57166666 0.2109375 0.57416666 0.20885417 0.575 0.2078125 0.5733333 0.20572917 0.56916666 0.20364584 0.5725 0.2 0.5783333 0.1984375 0.5783333 0.19427083 0.5725
