18 0.39322916 0.25916666 0.38854167 0.2525 0.24166666 0.16083333 0.19895834 0.13333334 0.18541667 0.1375 0.17864583 0.14916667 0.15989584 0.23 0.14322917 0.325 0.146875 0.34416667 0.153125 0.3525 0.16666667 0.35666665 0.184375 0.3675 0.18645833 0.36916667 0.1875 0.33083335 0.196875 0.315 0.20052083 0.31416667 0.23385416 0.3175 0.29635417 0.33 0.32291666 0.33416668 0.33229166 0.35333332 0.33229166 0.3675 0.32552084 0.4575 0.3265625 0.46 0.3359375 0.46666667 0.34270832 0.46333334 0.3484375 0.45833334 0.39010417 0.29916668 0.39583334 0.27666667
18 0.77552086 0.585 0.7703125 0.5758333 0.7630208 0.5758333 0.70625 0.60083336 0.6328125 0.6358333 0.59479165 0.65833336 0.5828125 0.6666667 0.5786458 0.6816667 0.57916665 0.69416666 0.59270835 0.78 0.5989583 0.82416666 0.6078125 0.87166667 0.6145833 0.87666667 0.62083334 0.87916666 0.65 0.8591667 0.7473958 0.8 0.78489584 0.78333336 0.7953125 0.7758333 0.7984375 0.75916666 0.796875 0.7416667 0.79322916 0.7083333 0.7890625 0.68 0.784375 0.65166664 0.7807292 0.6166667 0.778125 0.5966667
18 0.7291667 0.5883333 0.72760415 0.56416667 0.71979165 0.5491667 0.7135417 0.54833335 0.7026042 0.55 0.63645834 0.5883333 0.6078125 0.61083335 0.6020833 0.62833333 0.6 0.6383333 0.60052085 0.65416664 0.6328125 0.63416666 0.69166666 0.60833335 0.72552085 0.5925 0.72864586 0.5908333
18 0.759375 0.79583335 0.7640625 0.8208333 0.7625 0.84 0.7583333 0.8541667 0.74895835 0.86333334 0.71302086 0.885 0.7046875 0.89 0.6796875 0.9058333 0.65989584 0.9166667 0.65416664 0.9125 0.64739585 0.9091667 0.64375 0.90166664 0.6411458 0.8883333 0.6375 0.8675 0.6921875 0.83416665 0.7427083 0.8041667 0.7526042 0.7975 0.75677085 0.7966667
18 0.7192708 0.49416667 0.7161458 0.485 0.70989585 0.47416666 0.64635414 0.46 0.6234375 0.45416668 0.53229165 0.43666667 0.5104167 0.43416667 0.503125 0.43833333 0.49635416 0.44916666 0.49479166 0.49666667 0.49114582 0.55333334 0.4828125 0.6166667 0.48229167 0.6375 0.4890625 0.6483333 0.5125 0.65416664 0.5885417 0.6625 0.60052085 0.65416664 0.60052085 0.63416666 0.60520834 0.6175 0.6067708 0.6125 0.63489586 0.5883333 0.6958333 0.55333334 0.70208335 0.5491667 0.7083333 0.54833335 0.71197915 0.52416664 0.71458334 0.50916666
18 0.6828125 0.40166667 0.6567708 0.435 0.64270836 0.4575 0.6515625 0.46083334 0.6979167 0.47166666 0.69166666 0.45166665 0.68541664 0.43416667 0.6822917 0.41166666
18 0.6609375 0.305 0.6453125 0.28916666 0.6359375 0.28833333 0.6265625 0.2925 0.58020836 0.3925 0.5697917 0.4325 0.5697917 0.43416667 0.5697917 0.43916667 0.56666666 0.4425 0.59375 0.44833332 0.6421875 0.45916668 0.6578125 0.43416667 0.67864585 0.40583333 0.68177086 0.4025 0.6713542 0.34416667 0.6640625 0.31083333
18 0.778125 0.2075 0.7661458 0.19833334 0.7203125 0.21916667 0.659375 0.2475 0.6557292 0.265 0.6546875 0.27333334 0.66197914 0.30333334 0.6703125 0.33583334 0.6822917 0.40083334 0.68541664 0.43583333 0.6984375 0.47166666 0.70989585 0.47333333 0.71875 0.49083334 0.71979165 0.4975 0.7135417 0.51 0.7078125 0.5475 0.7203125 0.55 0.7270833 0.565 0.728125 0.57666665 0.7505208 0.56666666 0.83020836 0.52916664 0.8375 0.5075 0.8177083 0.41166666 0.80625 0.3725 0.80364585 0.35 0.79479164 0.2825 0.7807292 0.22083333
18 0.7671875 0.56 0.7505208 0.5808333 0.72864586 0.59166664 0.7296875 0.5875 0.728125 0.5775 0.7494792 0.56666666 0.7671875 0.55833334
18 0.33229166 0.3525 0.32395834 0.33583334 0.3203125 0.3325 0.20104167 0.31333333 0.196875 0.315 0.18854167 0.32833335 0.18802084 0.33833334 0.18645833 0.4075 0.18645833 0.4275 0.1875 0.44166666 0.17708333 0.5933333 0.1734375 0.6325 0.17291667 0.6458333 0.18020834 0.6591667 0.184375 0.665 0.296875 0.6816667 0.303125 0.6816667 0.3140625 0.66833335 0.31510416 0.66083336 0.31770834 0.6166667 0.32604167 0.49916667 0.32552084 0.45916668 0.33072916 0.38416666 0.33385417 0.35833332
