2 0.3328125 0.79333335 0.35104167 0.78583336 0.359375 0.7816667 0.346875 0.77 0.32291666 0.75083333 0.2890625 0.7241667 0.29166666 0.7416667 0.29479167 0.74333334 0.29270834 0.74666667 0.29791668 0.7783333 0.30260417 0.8075 0.3296875 0.79583335
2 0.34947917 0.7891667 0.35677084 0.825 0.39114583 0.80833334 0.36770833 0.7866667 0.36666667 0.7808333 0.36354166 0.7841667 0.359375 0.7808333 0.34895834 0.7866667
2 0.40677083 0.8025 0.43177083 0.7925 0.45520833 0.7816667 0.46354166 0.7758333 0.44427082 0.755 0.42552084 0.7341667 0.41666666 0.7625 0.40364584 0.80333334 0.40625 0.8025
2 0.303125 0.41916665 0.33802083 0.44583333 0.37552083 0.47 0.41510418 0.4975 0.43697917 0.51416665 0.4796875 0.545 0.46041667 0.6091667 0.44114584 0.6775 0.42708334 0.7266667 0.42135417 0.7475 0.40625 0.79583335 0.4 0.815 0.378125 0.7966667 0.36770833 0.7875 0.36666667 0.7808333 0.36302084 0.7841667 0.3515625 0.775 0.2890625 0.72333336 0.25208333 0.6933333 0.22135417 0.67 0.18802084 0.6433333 0.1875 0.64 0.19479166 0.62083334 0.19947916 0.605 0.20416667 0.5875 0.21041666 0.565 0.21354167 0.55083334 0.221875 0.525 0.2296875 0.4825 0.234375 0.46 0.24270834 0.43833333 0.25104168 0.41916665 0.2625 0.39916667 0.26354167 0.39583334 0.27291667 0.4025 0.27708334 0.40583333 0.28072917 0.40416667 0.3015625 0.41833332
2 0.334375 0.395 0.3703125 0.37583333 0.396875 0.36416668 0.41041666 0.35833332 0.41302082 0.365 0.41458333 0.37833333 0.4203125 0.4125 0.42916667 0.46583334 0.42083332 0.47333333 0.42916667 0.49333334 0.4375 0.51416665 0.41614583 0.4975 0.38177082 0.47416666 0.35052082 0.45333335 0.3375 0.445 0.31145832 0.425 0.29270834 0.41166666 0.30208334 0.40916666 0.3296875 0.39666668 0.33177084 0.39666668
2 0.42291668 0.39583334 0.45260417 0.38166666 0.45989582 0.37916666 0.46875 0.42666668 0.45364583 0.44083333 0.45260417 0.445 0.4515625 0.4475 0.44895834 0.44666666 0.42916667 0.46583334 0.41822916 0.39833334 0.42083332 0.39666668
2 0.40520832 0.345 0.421875 0.32666665 0.428125 0.32083333 0.43541667 0.33666667 0.44635418 0.36083335 0.45520833 0.38083333 0.44427082 0.38583332 0.42708334 0.39333335 0.41770834 0.39833334 0.4140625 0.3775 0.41302082 0.365 0.41041666 0.35833332 0.38697916 0.36833334 0.3984375 0.35333332 0.40364584 0.34666666
2 0.46510416 0.40166667 0.47395834 0.42166665 0.46875 0.42666668 0.46770832 0.42083332 0.46354166 0.39916667
2 0.50364584 0.39166668 0.52916664 0.36583334 0.5630208 0.32916668 0.5885417 0.30166668 0.59791666 0.29166666 0.6 0.29 0.603125 0.28833333 0.61875 0.31833333 0.64427084 0.36166668 0.646875 0.36416668 0.6479167 0.37416667 0.64947915 0.38416666 0.65416664 0.39833334 0.66041666 0.41083333 0.6734375 0.43583333 0.684375 0.46 0.69635415 0.48833334 0.703125 0.50916666 0.6953125 0.5175 0.69114584 0.52416664 0.6859375 0.52916664 0.6734375 0.5441667 0.6567708 0.55916667 0.63385415 0.5875 0.60520834 0.62083334 0.5942708 0.63416666 0.5755208 0.65833336 0.55260414 0.685 0.55104166 0.68333334 0.5494792 0.68333334 0.54895836 0.68583333 0.5494792 0.68833333 0.5421875 0.6975 0.52135414 0.7183333 0.50677085 0.6816667 0.4875 0.6333333 0.46770832 0.5858333 0.48020834 0.545 0.4375 0.5133333 0.42083332 0.47333333 0.43177083 0.46333334 0.44895834 0.44583333 0.4515625 0.4475 0.45364583 0.44083333 0.46875 0.42583334 0.49010417 0.40666667 0.503125 0.3925
2 0.61927086 0.6075 0.6411458 0.6333333 0.65208334 0.64416665 0.665625 0.65833336 0.659375 0.67583334 0.6515625 0.6933333 0.6234375 0.7683333 0.6041667 0.815 0.5890625 0.85083336 0.5765625 0.8808333 0.5708333 0.8958333 0.5572917 0.87916666 0.52135414 0.84 0.48645833 0.80083334 0.46354166 0.7758333 0.43333334 0.7425 0.425 0.73333335 0.43958333 0.6825 0.45729166 0.6191667 0.46770832 0.585 0.4859375 0.63 0.5078125 0.68416667 0.52135414 0.7183333 0.5416667 0.6975 0.55 0.68833333 0.54895836 0.68583333 0.5494792 0.68333334 0.55104166 0.68333334 0.55260414 0.685 0.5703125 0.6641667 0.57604164 0.6575 0.5859375 0.6458333 0.59583336 0.6325 0.61041665 0.615 0.6177083 0.6066667
2 0.66770834 0.0 0.6848958 0.0175 0.71302086 0.0475 0.7171875 0.038333334 0.73020834 0.013333334 0.7369792 0.0 0.6671875 0.0
2 0.32916668 0.79583335 0.32135418 0.82666665 0.31822917 0.8333333 0.315625 0.8466667 0.2875 0.82916665 0.2546875 0.8075 0.22760417 0.7866667 0.20520833 0.775 0.17239584 0.7575 0.15052083 0.745 0.1578125 0.7183333 0.178125 0.6408333 0.19895834 0.565 0.21614583 0.50083333 0.22916667 0.44833332 0.23072916 0.4475 0.23020834 0.4425 0.24427083 0.38916665 0.2453125 0.38833332 0.26197916 0.39916667 0.2515625 0.41916665 0.24166666 0.4425 0.23489584 0.46 0.2296875 0.48416665 0.22395833 0.5125 0.221875 0.525 0.21302083 0.55083334 0.20989583 0.56583333 0.20260416 0.59166664 0.19895834 0.6075 0.19479166 0.62166667 0.1875 0.64 0.1875 0.6425 0.20989583 0.66083336 0.23020834 0.6766667 0.25572917 0.6958333 0.2859375 0.72083336 0.2890625 0.7241667 0.29166666 0.7416667 0.29479167 0.74333334 0.29270834 0.74666667 0.2953125 0.765 0.29895833 0.78583336 0.30260417 0.8075 0.32760417 0.7966667
