2 0.275 0.405 0.25625 0.36583334 0.24427083 0.33916667 0.26770833 0.3125 0.29583332 0.28083333 0.31875 0.25666666 0.36979166 0.19083333 0.3859375 0.17166667 0.41458333 0.23333333 0.41510418 0.235 0.40260416 0.26583335 0.37916666 0.32666665 0.37291667 0.30833334 0.37135416 0.30583334 0.31927082 0.35666665 0.28489584 0.3975 0.2765625 0.405
2 0.23541667 0.48916668 0.221875 0.45333335 0.259375 0.4175 0.275 0.40583333 0.27708334 0.405 0.28645834 0.39666668 0.29010418 0.39166668 0.30677083 0.3725 0.31927082 0.3575 0.33645833 0.34083334 0.35989583 0.3175 0.37135416 0.30583334 0.37291667 0.30833334 0.37916666 0.32666665 0.34322917 0.41916665 0.33229166 0.4475 0.296875 0.46416667 0.26197916 0.47833332 0.24583334 0.485
2 0.45260417 0.6933333 0.33072916 0.735 0.21510416 0.7725 0.21354167 0.74333334 0.19583334 0.6325 0.18645833 0.55333334 0.18802084 0.50916666 0.2015625 0.505 0.20989583 0.49916667 0.24114583 0.4875 0.296875 0.465 0.33177084 0.44833332 0.32447916 0.4675 0.390625 0.53 0.4390625 0.5733333 0.45 0.655 0.45208332 0.6825
2 0.32760417 0.7375 0.34375 0.7808333 0.37135416 0.75416666 0.39635417 0.7241667 0.409375 0.7083333 0.35989583 0.72583336 0.32760417 0.7366667
2 0.4515625 0.67333335 0.48125 0.6458333 0.49739584 0.63 0.4953125 0.62 0.48802084 0.6025 0.4875 0.6025 0.48385417 0.6141667 0.48333332 0.615 0.4390625 0.5733333 0.44947916 0.6483333 0.45052084 0.6566667
2 0.32708332 0.7366667 0.31822917 0.74 0.34166667 0.78 0.37604168 0.8383333 0.42864582 0.93 0.43125 0.9316667 0.4875 0.8408333 0.5203125 0.7875 0.5208333 0.7816667 0.49791667 0.6325 0.49739584 0.6308333 0.4515625 0.67333335 0.453125 0.6925 0.45260417 0.6933333 0.40989584 0.7083333 0.37291667 0.7525 0.34375 0.7808333 0.3328125 0.75166667 0.32760417 0.7375
2 0.2859375 0.95416665 0.23854166 0.94666666 0.19114584 0.935 0.18229167 0.935 0.12552084 0.9325 0.10572917 0.93 0.10885417 0.9025 0.12708333 0.7108333 0.14166667 0.5391667 0.1859375 0.54583335 0.1859375 0.5541667 0.19583334 0.635 0.2125 0.7375 0.21302083 0.74333334 0.21458334 0.7725 0.21510416 0.7733333 0.25729167 0.75916666 0.30729166 0.74333334 0.30208334 0.80583334 0.29166666 0.9175 0.28802082 0.93583333 0.28697917 0.94166666
2 0.53489584 0.8625 0.56875 0.8441667 0.5989583 0.82666665 0.64166665 0.8125 0.69947916 0.78583336 0.68645835 0.705 0.6744792 0.6458333 0.65520835 0.52166665 0.64427084 0.46166667 0.64375 0.45 0.63854164 0.42666668 0.6098958 0.4375 0.5609375 0.46 0.53333336 0.47166666 0.52760416 0.48833334 0.5072917 0.5466667 0.49114582 0.5941667 0.4953125 0.6175 0.4984375 0.635 0.51979166 0.77166665 0.528125 0.8333333
2 0.71197915 0.048333332 0.68645835 0.014166667 0.66979164 0.0 0.7348958 0.0
2 0.4390625 0.17166667 0.43229166 0.18833333 0.37708333 0.33333334 0.32447916 0.46833333 0.38229167 0.5208333 0.465625 0.5975 0.4828125 0.6141667 0.5239583 0.49833333 0.5630208 0.37583333 0.57395834 0.35333332 0.58958334 0.30583334 0.5734375 0.285 0.54583335 0.2575 0.5130208 0.23416667 0.50104165 0.21166667 0.4640625 0.185 0.44270834 0.17083333
