6 0.54791665 0.14666666 0.57916665 0.205 0.5911458 0.22416666 0.59947914 0.24333334 0.61927086 0.28833333 0.61354166 0.29666665 0.58697915 0.31416667 0.57708335 0.3225 0.54479164 0.38416666 0.515625 0.42916667 0.5052083 0.41416666 0.49270833 0.3925 0.48229167 0.365 0.4546875 0.3175 0.4375 0.2875 0.44010416 0.2775 0.509375 0.20166667 0.54270834 0.1475
6 0.4796875 0.4925 0.5203125 0.505 0.54322916 0.5125 0.56666666 0.52416664 0.58125 0.5308333 0.58020836 0.5366667 0.55364585 0.60583335 0.53802085 0.65166664 0.525 0.7325 0.5208333 0.7558333 0.503125 0.74333334 0.47447917 0.725 0.4484375 0.69916666 0.44010416 0.69083333 0.44270834 0.6791667 0.4640625 0.61583334 0.47291666 0.58916664 0.47291666 0.5475 0.47291666 0.525 0.47552082 0.51166666 0.47864583 0.49916667
6 0.3546875 0.41583332 0.36822918 0.41333333 0.43854168 0.41583332 0.46875 0.41583332 0.46875 0.42666668 0.4484375 0.45916668 0.44895834 0.46916667 0.47760418 0.48333332 0.49739584 0.49416667 0.496875 0.4975 0.48541668 0.49416667 0.4796875 0.4925 0.47291666 0.52416664 0.47291666 0.5275 0.47291666 0.5308333 0.47291666 0.58 0.46927083 0.5783333 0.45572916 0.57416666 0.43541667 0.575 0.41041666 0.5783333 0.37395832 0.5975 0.3625 0.59833336 0.35885417 0.535 0.35364583 0.45416668 0.35260418 0.42416668
6 0.31145832 0.46916667 0.32708332 0.45166665 0.35260418 0.4325 0.35364583 0.46 0.35625 0.49833333 0.35833332 0.5325 0.36041668 0.565 0.35572916 0.5575 0.3484375 0.53833336 0.31875 0.4825 0.315625 0.47833332
6 0.2453125 0.63666666 0.26770833 0.56666666 0.2765625 0.54583335 0.2890625 0.51166666 0.296875 0.49083334 0.30104166 0.4925 0.31197917 0.505 0.34375 0.55583334 0.353125 0.56333333 0.36041668 0.565 0.3625 0.59833336 0.37395832 0.5975 0.38020834 0.5941667 0.3875 0.5908333 0.38958332 0.59 0.4015625 0.5966667 0.41927084 0.6191667 0.38020834 0.7316667 0.36822918 0.7683333 0.35052082 0.7525 0.33229166 0.72083336 0.309375 0.68416667 0.26770833 0.66083336 0.25260416 0.64916664 0.24739583 0.64666665
6 0.28697917 0.15333334 0.30572918 0.16416667 0.33541667 0.19166666 0.3765625 0.2175 0.4046875 0.22416666 0.4125 0.22916667 0.41197917 0.25166667 0.40208334 0.32 0.39375 0.37583333 0.38802084 0.4025 0.37864584 0.39916667 0.36822918 0.3925 0.3421875 0.36666667 0.3203125 0.35 0.33802083 0.31333333 0.34322917 0.30416667 0.3328125 0.29166666 0.3203125 0.27666667 0.31458333 0.27083334 0.29583332 0.24333334 0.2796875 0.22166666 0.271875 0.20916666 0.28229168 0.16833334 0.284375 0.15583333
6 0.58229166 0.32 0.5729167 0.37916666 0.5697917 0.40916666 0.5703125 0.42916667 0.56822914 0.47666666 0.5677083 0.5058333 0.565625 0.5158333 0.559375 0.5158333 0.5515625 0.5108333 0.53333336 0.5075 0.52760416 0.5075 0.5015625 0.49916667 0.49947917 0.49833333 0.49739584 0.49416667 0.48177084 0.485 0.4546875 0.47166666 0.44895834 0.46833333 0.44791666 0.45916668 0.45885417 0.4425 0.46875 0.4275 0.46875 0.39166668 0.46927083 0.34333333 0.47552082 0.35333332 0.48125 0.36416668 0.48645833 0.375 0.49114582 0.38833332 0.49375 0.39416668 0.49947917 0.40416667 0.5151042 0.42916667 0.5375 0.39416668 0.5463542 0.38 0.5671875 0.34083334 0.5755208 0.32416666 0.578125 0.32 0.57916665 0.31916666
6 0.44270834 0.33916667 0.44895834 0.35666665 0.46666667 0.39916667 0.46875 0.41 0.46875 0.41583332 0.46614584 0.41583332 0.421875 0.415 0.38802084 0.41333333 0.4 0.38833332 0.42552084 0.35583332 0.43229166 0.34666666 0.44114584 0.33833334
6 0.615625 0.7425 0.6411458 0.81583333 0.66979164 0.9008333 0.64375 0.92333335 0.59739584 0.9475 0.5807292 0.9875 0.5755208 0.99916667 0.5520833 1.0 0.5140625 0.93333334 0.5 0.9033333 0.49114582 0.88 0.4984375 0.86583334 0.5338542 0.8425 0.54895836 0.83 0.60520834 0.75083333 0.615625 0.7416667
6 0.2 0.21583334 0.22239584 0.15916666 0.23020834 0.14083333 0.246875 0.17166667 0.278125 0.21916667 0.315625 0.2725 0.33489582 0.29333332 0.34270832 0.30416667 0.30729166 0.37583333 0.29010418 0.41 0.27708334 0.4325 0.26979166 0.43083334 0.26197916 0.42083332 0.25833333 0.4175 0.25833333 0.40666667 0.25625 0.39916667 0.2390625 0.3725 0.23072916 0.355 0.215625 0.33416668 0.19583334 0.30833334 0.18541667 0.29166666 0.17239584 0.28166667 0.16770834 0.28083333 0.16822916 0.27666667 0.17760417 0.26416665 0.19270833 0.23083334 0.19895834 0.2175
