2 0.17604166 0.49416667 0.159375 0.5425 0.14270833 0.5883333 0.1109375 0.67083335 0.092708334 0.7191667 0.08229167 0.7441667 0.114583336 0.77166665 0.1171875 0.77 0.11770833 0.775 0.1515625 0.8016667 0.1859375 0.8308333 0.22239584 0.8625 0.26458332 0.90166664 0.29270834 0.92333335 0.303125 0.93 0.30833334 0.91583335 0.3203125 0.8858333 0.328125 0.86 0.33854166 0.83166665 0.3625 0.7725 0.37552083 0.73333335 0.38541666 0.69916666 0.39270833 0.6816667 0.35104167 0.645 0.303125 0.60333335 0.2328125 0.5416667 0.21197917 0.5233333 0.20989583 0.5258333 0.20885417 0.525 0.209375 0.51916665 0.1796875 0.495
2 0.19583334 0.5058333 0.2375 0.465 0.27291667 0.43333334 0.27552083 0.435 0.27552083 0.43 0.30677083 0.39833334 0.32708332 0.4525 0.346875 0.51 0.3703125 0.56583333 0.39114583 0.62333333 0.39895833 0.64666665 0.4 0.65166664 0.39270833 0.6575 0.37864584 0.6691667 0.28489584 0.5875 0.21302083 0.52416664 0.21041666 0.5258333 0.20885417 0.525 0.20989583 0.52 0.19427083 0.5075
2 0.65416664 0.09833334 0.6828125 0.0 0.7859375 0.0 0.815625 0.026666667 0.85260415 0.055 0.8588542 0.060833335 0.8442708 0.111666664 0.84010416 0.11333334 0.83958334 0.11416667 0.8411458 0.11833333 0.82916665 0.16666667 0.82708335 0.17416666 0.7703125 0.1525 0.7421875 0.14333333 0.7395833 0.1225 0.73802084 0.1075 0.7359375 0.104166664 0.7348958 0.095 0.7328125 0.0825 0.69166666 0.08916666 0.6645833 0.09583333 0.6536458 0.1
2 0.64270836 0.105 0.653125 0.09916667 0.69114584 0.08833333 0.7328125 0.0825 0.73541665 0.104166664 0.73802084 0.1075 0.7416667 0.1425 0.69375 0.12833333 0.65625 0.111666664 0.65416664 0.11666667 0.653125 0.11
2 0.6203125 0.1075 0.590625 0.11666667 0.5578125 0.12583333 0.55677086 0.13 0.55885416 0.145 0.5630208 0.18166667 0.56875 0.23583333 0.57604164 0.29 0.58229166 0.34583333 0.5854167 0.38333333 0.5953125 0.29916668 0.60729164 0.22083333 0.61510414 0.15333334 0.62135416 0.1075
2 0.62395835 0.1 0.6223958 0.100833334 0.62083334 0.111666664 0.6098958 0.1975 0.6 0.27083334 0.58958334 0.34416667 0.58385414 0.395 0.61354166 0.40333334 0.61510414 0.40333334 0.615625 0.39833334 0.6166667 0.4025 0.64479166 0.41166666 0.68958336 0.42416668 0.71666664 0.42166665 0.73541665 0.42 0.7369792 0.43833333 0.76666665 0.44666666 0.79791665 0.45666668 0.8052083 0.45833334 0.81041664 0.43416667 0.815625 0.38 0.8197917 0.34583333 0.82604164 0.31083333 0.8296875 0.285 0.83229166 0.25083333 0.83489585 0.23416667 0.8364583 0.21666667 0.84270835 0.19833334 0.8463542 0.1825 0.8255208 0.17333333 0.77447915 0.15416667 0.72291666 0.1375 0.6927083 0.1275 0.6567708 0.1125 0.65416664 0.115833335 0.65260416 0.11083333 0.6322917 0.10166667 0.6255208 0.09916667
2 0.5859375 0.39833334 0.58697915 0.43583333 0.68854165 0.42416668 0.6171875 0.40333334 0.61614585 0.4 0.6145833 0.40416667 0.5854167 0.39666668
2 0.73854166 0.46416667 0.75572914 0.45916668 0.765625 0.45666668 0.7661458 0.45583335 0.7651042 0.4475 0.7369792 0.43833333
2 0.49635416 0.45 0.49947917 0.49833333 0.50416666 0.5833333 0.50989586 0.6766667 0.51354164 0.73 0.55104166 0.7275 0.553125 0.725 0.5541667 0.7275 0.5796875 0.7225 0.5963542 0.7183333 0.61822915 0.715 0.64270836 0.7125 0.69166666 0.7058333 0.73125 0.7 0.75208336 0.69666666 0.7505208 0.6616667 0.74635416 0.6116667 0.7421875 0.5391667 0.73854166 0.46333334 0.73541665 0.42 0.68645835 0.42416668 0.6145833 0.4325 0.5390625 0.4425 0.5364583 0.4475 0.534375 0.44333333 0.496875 0.44833332
2 0.7447917 0.58166665 0.75989586 0.59833336 0.7734375 0.61333334 0.7734375 0.6141667 0.7505208 0.6641667 0.74635416 0.6091667
2 0.51145834 0.70166665 0.4984375 0.7316667 0.48958334 0.74916667 0.490625 0.75083333 0.51666665 0.78333336 0.54895836 0.81916666 0.56822914 0.83916664 0.58229166 0.85583335 0.5942708 0.875 0.6140625 0.90166664 0.6223958 0.91333336 0.63125 0.8958333 0.6359375 0.8925 0.6489583 0.86833334 0.6796875 0.80833334 0.7213542 0.72333336 0.73333335 0.7008333 0.7338542 0.69916666 0.6666667 0.70916665 0.6177083 0.715 0.5963542 0.7183333 0.5546875 0.7266667 0.55260414 0.725 0.55104166 0.7275 0.5140625 0.73
2 0.15729167 0.5441667 0.1109375 0.58666664 0.1 0.59583336 0.091145836 0.6041667 0.0984375 0.6175 0.114583336 0.66083336 0.1296875 0.6225 0.14270833 0.5883333 0.15729167 0.54583335
