21 0.33645833 0.55916667 0.384375 0.58 0.38645834 0.58 0.39479166 0.5858333 0.40677083 0.58416665 0.43125 0.5825 0.44010416 0.57416666 0.45 0.58166665 0.45729166 0.57416666 0.5286458 0.56666666 0.54010415 0.5708333 0.54791665 0.58416665 0.5520833 0.6533333 0.55052084 0.7966667 0.54895836 0.82166666 0.53541666 0.83416665 0.5317708 0.83666664 0.51197916 0.82666665 0.43802083 0.7783333 0.4375 0.7775 0.41822916 0.78833336 0.40885416 0.7866667 0.40677083 0.77666664 0.37135416 0.7525 0.346875 0.7441667 0.33645833 0.73833334 0.315625 0.72083336 0.3171875 0.6766667 0.32708332 0.6458333 0.33229166 0.6025 0.3375 0.59 0.3359375 0.5858333 0.32864583 0.5783333 0.3328125 0.5625
21 0.5598958 0.58 0.571875 0.58666664 0.58489585 0.6191667 0.5953125 0.65166664 0.6088542 0.68 0.62135416 0.7 0.62916666 0.72 0.63177085 0.75916666 0.6411458 0.795 0.5875 0.7975 0.56614584 0.7975 0.55052084 0.795 0.5520833 0.65416664 0.54791665 0.585 0.546875 0.58166665 0.55104166 0.5825
21 0.44947916 0.5541667 0.45677084 0.55916667 0.46875 0.5733333 0.4578125 0.575 0.44947916 0.5825 0.4421875 0.575 0.446875 0.55833334
21 0.6421875 0.39583334 0.6645833 0.43333334 0.6848958 0.47833332 0.6953125 0.51916665 0.69947916 0.56333333 0.7057292 0.5875 0.71510416 0.60333335 0.7317708 0.61083335 0.78229165 0.675 0.7838542 0.68083334 0.784375 0.695 0.78229165 0.7008333 0.7473958 0.755 0.7125 0.80083334 0.6723958 0.8425 0.65989584 0.84 0.6411458 0.7966667 0.6322917 0.76 0.62916666 0.7216667 0.62083334 0.6983333 0.6088542 0.68 0.59583336 0.6525 0.58385414 0.615 0.571875 0.5858333 0.5609375 0.57916665 0.55052084 0.5825 0.5463542 0.58166665 0.54010415 0.5708333 0.53125 0.56666666 0.4828125 0.5075 0.4828125 0.48583335 0.51197916 0.42833334 0.52916664 0.39666668 0.5416667 0.44083333 0.5520833 0.45666668 0.55885416 0.4575 0.56875 0.45583335 0.6166667 0.41916665 0.63385415 0.39916667
21 0.86614585 0.385 0.9046875 0.5325 0.9046875 0.5466667 0.89947915 0.5575 0.83958334 0.6041667 0.8229167 0.61333334 0.8140625 0.61083335 0.7890625 0.5725 0.77447915 0.59166664 0.7505208 0.635 0.73333335 0.61083335 0.715625 0.605 0.7046875 0.5858333 0.7 0.5675 0.69635415 0.5341667 0.7083333 0.53 0.7135417 0.49166667 0.771875 0.4475 0.85625 0.38666666 0.8619792 0.37166667
21 0.7625 0.15416667 0.7807292 0.14 0.790625 0.14166667 0.7984375 0.15166667 0.8364583 0.28166667 0.86041665 0.35583332 0.86145836 0.36833334 0.8567708 0.38666666 0.8203125 0.41166666 0.7005208 0.5 0.69166666 0.50416666 0.684375 0.47833332 0.67395836 0.45416668 0.6609375 0.42583334 0.6401042 0.39166668 0.6713542 0.34 0.69739586 0.295 0.7182292 0.31583333 0.75572914 0.32083333 0.7703125 0.31083333 0.77239585 0.29833335 0.7651042 0.26666668 0.75989586 0.23333333 0.75885415 0.16
21 0.49375 0.21583334 0.55364585 0.17 0.5796875 0.155 0.59270835 0.15 0.6276042 0.1375 0.6557292 0.125 0.67291665 0.1225 0.6958333 0.13166666 0.71302086 0.13 0.71666664 0.12833333 0.73125 0.10583334 0.75364584 0.08916666 0.7682292 0.08916666 0.7734375 0.095 0.7734375 0.09833334 0.76197916 0.13916667 0.75885415 0.16166666 0.75989586 0.23166667 0.7640625 0.2625 0.77239585 0.29833335 0.7703125 0.31 0.75572914 0.32083333 0.7171875 0.31583333 0.696875 0.295 0.696875 0.29416665 0.6479167 0.37916666 0.63958335 0.3925 0.64270836 0.39666668 0.634375 0.39833334 0.61354166 0.42166665 0.5697917 0.455 0.55260414 0.4575 0.54114586 0.43916667 0.528125 0.39083335 0.49427083 0.27083334 0.48958334 0.24583334 0.49114582 0.22416666
21 0.48697916 0.24916667 0.42916667 0.405 0.42708334 0.415 0.42864582 0.43 0.43125 0.43583333 0.4375 0.44416666 0.46875 0.46916667 0.48489583 0.48166665 0.5104167 0.43166667 0.49895832 0.4075 0.49947917 0.39916667 0.5015625 0.38583332 0.521875 0.36833334 0.49791667 0.28416666 0.49270833 0.26416665 0.48958334 0.24666667
21 0.5854167 0.0 0.6713542 0.0675 0.7026042 0.093333334 0.70729166 0.11 0.7078125 0.115833335 0.70104164 0.1325 0.69322914 0.13166666 0.6734375 0.12166667 0.6578125 0.125 0.6401042 0.13166666 0.6140625 0.0875 0.5807292 0.0275 0.5786458 0.025 0.571875 0.025833333 0.56145835 0.041666668 0.5552083 0.0725 0.5473958 0.07083333 0.5578125 0.020833334 0.56666666 0.0
21 0.52447915 0.059166666 0.5421875 0.0675 0.5484375 0.0725 0.5552083 0.071666665 0.56145835 0.04083333 0.57135415 0.026666667 0.5796875 0.025833333 0.6203125 0.09833334 0.6401042 0.13166666 0.6125 0.14333333 0.5828125 0.15333334 0.5578125 0.1675 0.5052083 0.20666666 0.52135414 0.18583333 0.52916664 0.14166667 0.5364583 0.12833333 0.5359375 0.09166667 0.5239583 0.06916667 0.5234375 0.060833335
21 0.52916664 0.39666668 0.5104167 0.43083334 0.49947917 0.40666667 0.49947917 0.39916667 0.5015625 0.38583332 0.52135414 0.36833334
21 0.3875 0.9625 0.44895834 0.95416665 0.51770836 0.94416666 0.5484375 0.9425 0.57604164 0.93583333 0.61145836 0.93416667 0.65 0.92333335 0.65729165 0.9241667 0.66822916 0.9458333 0.6723958 0.94666666 0.675 0.94166666 0.67760414 0.9291667 0.671875 0.8925 0.671875 0.87083334 0.67395836 0.84166664 0.66197914 0.8408333 0.6588542 0.8375 0.6411458 0.79583335 0.6119792 0.7975 0.565625 0.79833335 0.55104166 0.79583335 0.54895836 0.82 0.5390625 0.8308333 0.5317708 0.8358333 0.5109375 0.8275 0.43697917 0.7775 0.41822916 0.7875 0.40885416 0.785 0.40572917 0.77666664 0.37135416 0.75333333 0.36979166 0.755 0.36979166 0.8408333 0.37083334 0.8958333 0.3734375 0.94666666 0.37916666 0.95666665
