18 0.34635416 0.12 0.43177083 0.15 0.5005208 0.17666666 0.5265625 0.18666667 0.5328125 0.19083333 0.54010415 0.20583333 0.54010415 0.2225 0.51927084 0.34416667 0.5151042 0.3675 0.5104167 0.36166668 0.49322918 0.35916665 0.42604166 0.35166666 0.39010417 0.345 0.38645834 0.3475 0.37864584 0.35916665 0.37291667 0.35833332 0.33333334 0.33583334 0.32083333 0.32833335 0.33697918 0.275 0.3421875 0.255 0.340625 0.23666666 0.33697918 0.22583333 0.32604167 0.21416667 0.31979167 0.20916666 0.31510416 0.2025 0.321875 0.13416667 0.32239583 0.12416667 0.328125 0.11833333 0.3328125 0.11333334
18 0.0953125 0.3775 0.11510417 0.36916667 0.15520833 0.35333332 0.16302083 0.34916666 0.20833333 0.3775 0.215625 0.38083333 0.24166666 0.40333334 0.27135417 0.42666668 0.275 0.42666668 0.28020832 0.42666668 0.2875 0.425 0.2921875 0.41916665 0.30416667 0.385 0.31041667 0.36166668 0.3125 0.35416666 0.32239583 0.43 0.33072916 0.46333334 0.334375 0.4925 0.3296875 0.50666666 0.32239583 0.515 0.29166666 0.5283333 0.20364584 0.565 0.14322917 0.5933333 0.12291667 0.5975 0.1125 0.5875 0.1046875 0.5341667 0.09791667 0.48166665 0.09375 0.44333333 0.08802083 0.3975 0.0890625 0.38583332
18 0.375 0.7025 0.36614582 0.68833333 0.37135416 0.56166667 0.375 0.4475 0.37552083 0.365 0.37708333 0.35916665 0.38697916 0.34666666 0.3984375 0.34666666 0.44270834 0.3525 0.5005208 0.35916665 0.51197916 0.36083335 0.515625 0.36833334 0.51770836 0.3825 0.51770836 0.425 0.5140625 0.45833334 0.5083333 0.49333334 0.50677085 0.53333336 0.51145834 0.545 0.51197916 0.625 0.5104167 0.69083333 0.475 0.6825 0.4375 0.67 0.42604166 0.6725 0.4203125 0.67833334 0.41510418 0.68833333 0.4140625 0.70916665 0.3921875 0.70666665 0.37864584 0.7033333
18 0.21510416 0.59833336 0.23020834 0.6591667 0.24479167 0.71416664 0.25677082 0.74333334 0.2609375 0.7608333 0.26458332 0.7658333 0.27083334 0.7708333 0.2765625 0.7733333 0.28229168 0.7733333 0.32604167 0.73583335 0.35364583 0.71 0.3703125 0.695 0.36666667 0.68916667 0.36822918 0.6433333 0.3703125 0.605 0.37083334 0.5925 0.36666667 0.5833333 0.33802083 0.5075 0.33385417 0.49833333 0.3328125 0.49833333 0.33125 0.5025 0.328125 0.5083333 0.32135418 0.515 0.28020832 0.5325 0.23072916 0.5541667 0.20833333 0.5625 0.19895834 0.5683333 0.19739583 0.56916666 0.20416667 0.5733333 0.20729166 0.57916665 0.2109375 0.5875
18 0.12916666 0.7583333 0.18854167 0.8308333 0.23333333 0.89 0.278125 0.93916667 0.29010418 0.9558333 0.29479167 0.9558333 0.30052084 0.9525 0.3078125 0.94666666 0.3484375 0.8675 0.378125 0.805 0.38333333 0.79333335 0.38125 0.78583336 0.37708333 0.7733333 0.34427083 0.7316667 0.33697918 0.72583336 0.31145832 0.74666667 0.29322916 0.76166666 0.28333333 0.7708333 0.27864584 0.7708333 0.27083334 0.7708333 0.26197916 0.76416665 0.24947916 0.72083336 0.23697917 0.68416667 0.2140625 0.5966667 0.20885417 0.5833333 0.20364584 0.5833333 0.1625 0.66 0.13125 0.7216667 0.12708333 0.7316667 0.12604167 0.73833334 0.1265625 0.74916667
18 0.63645834 0.7475 0.6302083 0.815 0.62604165 0.84583336 0.61927086 0.88916665 0.609375 0.93083334 0.6041667 0.93583333 0.5911458 0.94083333 0.56458336 0.9316667 0.5421875 0.9116667 0.53020835 0.90416664 0.5104167 0.9091667 0.5 0.9091667 0.42864582 0.89166665 0.41354167 0.885 0.40729168 0.8775 0.40104166 0.865 0.40104166 0.84166664 0.41041666 0.74916667 0.41302082 0.7058333 0.41510418 0.69166666 0.41614583 0.68583333 0.41927084 0.68083334 0.42447916 0.6725 0.42864582 0.6716667 0.4359375 0.67 0.47395834 0.68083334 0.51458335 0.6933333 0.59270835 0.715 0.6197917 0.72333336 0.63177085 0.7316667 0.63489586 0.7366667
18 0.55052084 0.48416665 0.596875 0.5783333 0.6411458 0.66833335 0.66197914 0.7025 0.66979164 0.7191667 0.6703125 0.7341667 0.6703125 0.74583334 0.6666667 0.75166667 0.65729165 0.765 0.63958335 0.7825 0.6322917 0.795 0.63645834 0.74583334 0.63489586 0.7366667 0.6302083 0.7316667 0.6171875 0.72 0.5942708 0.715 0.53333336 0.6983333 0.5109375 0.69083333 0.5104167 0.59166664 0.5109375 0.54833335 0.5078125 0.5375 0.5072917 0.5283333 0.5072917 0.50333333 0.521875 0.48916668 0.53229165 0.47916666 0.53802085 0.4775 0.54270834 0.47916666
18 0.68958336 0.87916666 0.7270833 0.9058333 0.7651042 0.92833334 0.7864583 0.9475 0.80625 0.96 0.81927085 0.9683333 0.82708335 0.9633333 0.8359375 0.95166665 0.87864584 0.81916666 0.88489586 0.7925 0.88489586 0.7816667 0.8744792 0.765 0.8354167 0.7391667 0.7734375 0.69166666 0.74010414 0.67 0.70677084 0.7 0.69739586 0.70166665 0.6875 0.69083333 0.6796875 0.6525 0.6666667 0.69916666 0.66510415 0.70416665 0.6692708 0.7183333 0.6703125 0.7341667 0.6703125 0.74666667 0.6640625 0.75333333 0.64479166 0.7775 0.640625 0.7925 0.6333333 0.81333333 0.634375 0.83166665 0.63958335 0.8466667 0.65520835 0.8541667 0.6791667 0.8725
18 0.82604164 0.35666665 0.86302084 0.46 0.884375 0.5125 0.884375 0.5325 0.878125 0.5475 0.86822915 0.5541667 0.81145835 0.6016667 0.7817708 0.63416666 0.740625 0.6691667 0.73125 0.6775 0.7078125 0.7 0.69635415 0.705 0.6901042 0.695 0.68333334 0.6825 0.6791667 0.6558333 0.65729165 0.5883333 0.6401042 0.52416664 0.6380208 0.5125 0.6401042 0.5 0.665625 0.48 0.7213542 0.4375 0.79114586 0.36666667 0.80833334 0.35 0.81822914 0.34916666
18 0.6244792 0.14166667 0.69635415 0.145 0.72239584 0.15083334 0.7375 0.1525 0.746875 0.16583334 0.75 0.17916666 0.75 0.1975 0.74791664 0.225 0.7447917 0.245 0.74375 0.31583333 0.74375 0.385 0.7416667 0.41583332 0.7171875 0.43916667 0.66770834 0.48 0.64427084 0.495 0.63072914 0.49166667 0.62135416 0.49 0.61145836 0.48166665 0.6041667 0.46333334 0.60625 0.36333334 0.61145836 0.32083333 0.61614585 0.2725 0.61510414 0.22833334 0.61041665 0.16583334 0.6125 0.15416667 0.61614585 0.14916667
18 0.6010417 0.0475 0.6171875 0.064166665 0.65729165 0.12666667 0.6645833 0.14166667 0.64635414 0.14333333 0.6255208 0.14166667 0.61354166 0.145 0.6125 0.16083333 0.609375 0.17583333 0.61354166 0.24166666 0.61614585 0.28416666 0.609375 0.33666667 0.60625 0.36833334 0.5989583 0.37833333 0.5833333 0.40583333 0.56927085 0.43416667 0.55885416 0.4425 0.55052084 0.4425 0.53333336 0.41916665 0.51875 0.39583334 0.5171875 0.3775 0.515625 0.36916667 0.528125 0.28833333 0.5385417 0.23666666 0.5390625 0.20833333 0.5364583 0.19416666 0.5307292 0.18916667 0.51979166 0.185 0.5619792 0.10916667 0.59166664 0.055833332 0.5942708 0.053333335
18 0.80364585 0.17 0.8932292 0.16333333 0.91614586 0.16083333 0.92760414 0.17333333 0.93333334 0.19083333 0.934375 0.3325 0.93125 0.35 0.9348958 0.3625 0.9380208 0.37916666 0.9390625 0.45583335 0.940625 0.485 0.93645835 0.49583334 0.9296875 0.50083333 0.9213542 0.5083333 0.8932292 0.5083333 0.884375 0.51166666 0.8484375 0.41916665 0.828125 0.35916665 0.8229167 0.35333332 0.81875 0.34916666 0.81145835 0.34916666 0.7984375 0.35916665 0.79791665 0.34416667 0.79270834 0.24583334 0.790625 0.2125 0.790625 0.19333333 0.79322916 0.1825 0.8 0.17666666
18 0.18645833 0.11416667 0.25208333 0.16416667 0.2875 0.18916667 0.2953125 0.1975 0.30989584 0.20333333 0.32395834 0.21083333 0.33541667 0.2225 0.3390625 0.23 0.3421875 0.24083333 0.34270832 0.255 0.33854166 0.27083334 0.31666666 0.33833334 0.30416667 0.38 0.2953125 0.41083333 0.29322916 0.41666666 0.28854167 0.42416668 0.27395833 0.42916667 0.27083334 0.42666668 0.23020834 0.39333335 0.21875 0.38166666 0.20364584 0.37416667 0.178125 0.35833332 0.12291667 0.31916666 0.09583333 0.3 0.0953125 0.29 0.09375 0.27916667 0.094791666 0.2675 0.110416666 0.21333334 0.1171875 0.18916667 0.121875 0.17333333 0.1390625 0.119166665 0.14375 0.10583334 0.15364583 0.09833334 0.15989584 0.096666664 0.16458334 0.096666664 0.17239584 0.10333333
