2 0.23385416 0.56583333 0.27552083 0.6616667 0.3015625 0.7216667 0.30364582 0.7216667 0.31927082 0.705 0.309375 0.6675 0.29791668 0.67083335 0.29479167 0.6691667 0.28489584 0.67333335 0.28333333 0.6691667 0.271875 0.6191667 0.26302084 0.56416667 0.26145834 0.525 0.25260416 0.47333333 0.240625 0.43583333 0.2359375 0.41333333 0.23541667 0.405 0.2578125 0.4 0.28489584 0.3875 0.26041666 0.31166667 0.20364584 0.36916667 0.16822916 0.4125 0.16875 0.41833332 0.18645833 0.45833334 0.19010417 0.4575 0.19010417 0.45916668 0.1890625 0.4625 0.21770833 0.5283333
2 0.1875 0.46166667 0.17395833 0.52 0.1671875 0.5541667 0.20052083 0.5758333 0.203125 0.5733333 0.2046875 0.57416666 0.2046875 0.57916665 0.22291666 0.5875 0.24895833 0.60083336 0.22447917 0.545 0.18854167 0.46166667
2 0.23125 0.29083332 0.25885418 0.30666667 0.25989583 0.31166667 0.23125 0.34166667 0.21302083 0.35916665 0.21822916 0.34 0.23020834 0.2925
2 0.23541667 0.2375 0.26041666 0.2175 0.31666666 0.1775 0.325 0.20666666 0.30572918 0.20666666 0.30572918 0.21083333 0.31041667 0.25166667 0.31875 0.30333334 0.32916668 0.34333333 0.33020833 0.36833334 0.28541666 0.3875 0.27604166 0.36083335 0.25833333 0.305 0.25208333 0.28916666 0.253125 0.2825 0.25260416 0.28166667 0.24895833 0.28416666 0.23489584 0.24333334
2 0.33385417 0.46916667 0.36979166 0.47 0.37083334 0.46333334 0.37239584 0.465 0.37291667 0.47083333 0.409375 0.465 0.42916667 0.46083334 0.44114584 0.48666668 0.45208332 0.49333334 0.4625 0.48333332 0.46145833 0.46833333 0.45572916 0.45166665 0.49270833 0.44666666 0.5182292 0.5758333 0.49375 0.5883333 0.41458333 0.625 0.39791667 0.6325 0.35729167 0.65 0.31666666 0.665 0.309375 0.6675 0.29791668 0.67083335 0.29479167 0.66833335 0.28489584 0.67333335 0.2828125 0.6691667 0.27135417 0.6191667 0.26354167 0.56416667 0.26145834 0.5275 0.25260416 0.4725 0.24114583 0.43833333 0.23645833 0.41416666 0.23541667 0.405 0.25833333 0.4 0.28697917 0.3875 0.33020833 0.36916667 0.33177084 0.42583334 0.33333334 0.4675
2 0.33229166 0.22583333 0.36979166 0.30083334 0.384375 0.325 0.40364584 0.3875 0.41666666 0.43083334 0.42916667 0.46 0.428125 0.46083334 0.39010417 0.4675 0.37291667 0.47083333 0.37239584 0.465 0.37083334 0.46333334 0.36979166 0.47 0.34791666 0.46916667 0.334375 0.47 0.33333334 0.46916667 0.33125 0.40583333 0.33020833 0.36166668 0.32916668 0.345 0.31875 0.30583334 0.31041667 0.25083333 0.30572918 0.20916666 0.30572918 0.20666666 0.3265625 0.20583333
2 0.60260415 0.30083334 0.60572916 0.3625 0.6109375 0.50083333 0.5390625 0.43333334 0.57395834 0.43 0.571875 0.42333335 0.58958334 0.42666668 0.6 0.40416667 0.5984375 0.38583332 0.5953125 0.37166667 0.5520833 0.2875 0.5453125 0.24 0.5864583 0.29 0.60052085 0.29416665
2 0.48020834 0.2625 0.5338542 0.35083333 0.571875 0.41666666 0.571875 0.42916667 0.5385417 0.4325 0.5317708 0.43333334 0.5182292 0.40166667 0.50625 0.375 0.49427083 0.33833334 0.46770832 0.28083333 0.46875 0.26916668 0.47291666 0.26166666 0.47916666 0.25916666
2 0.61875 0.5075 0.671875 0.56166667 0.6791667 0.57416666 0.66614586 0.61833334 0.66041666 0.645 0.634375 0.705 0.6098958 0.765 0.59947914 0.79333335 0.5932292 0.815 0.59166664 0.81333333 0.56458336 0.7875 0.5234375 0.74833333 0.51145834 0.73583335 0.46458334 0.68833333 0.42708334 0.6558333 0.40104166 0.63166666 0.41875 0.62416667 0.45520833 0.60583335 0.48854166 0.5908333 0.5182292 0.5758333 0.4921875 0.4475 0.49635416 0.44666666 0.51770836 0.48583335 0.5307292 0.48166665 0.5385417 0.47083333 0.54114586 0.45416668 0.53229165 0.43416667 0.5385417 0.43333334 0.5854167 0.47666666 0.61354166 0.5025
2 0.4328125 0.29583332 0.46197918 0.37083334 0.49739584 0.44583333 0.49166667 0.44666666 0.4578125 0.45083332 0.45104167 0.42833334 0.4375 0.38416666 0.4328125 0.35666665 0.41510418 0.30083334 0.41822916 0.29666665 0.43072918 0.2925
2 0.509375 0.19833334 0.5453125 0.23916666 0.55052084 0.2775 0.5484375 0.27666667 0.5052083 0.21583334 0.50208336 0.20916666 0.5052083 0.19833334
2 0.7104167 0.046666667 0.6880208 0.0225 0.6666667 0.0 0.7348958 0.0
2 0.31145832 0.6741667 0.35625 0.8566667 0.35989583 0.87333333 0.3640625 0.87333333 0.36302084 0.88 0.37447917 0.9291667 0.37760416 0.92833334 0.39895833 0.9125 0.46197918 0.865 0.51666665 0.8233333 0.53541666 0.8066667 0.52552086 0.75666666 0.52135414 0.755 0.52135414 0.75416666 0.5239583 0.74916667 0.51979166 0.7441667 0.46145833 0.68583333 0.42604166 0.655 0.40104166 0.63166666 0.35208333 0.6525 0.30989584 0.66833335
