14 0.19791667 0.23333333 0.18645833 0.27 0.178125 0.29166666 0.1765625 0.30666667 0.171875 0.30916667 0.16145833 0.29666665 0.15677084 0.29416665 0.16302083 0.31 0.20989583 0.41083333 0.22552083 0.44583333 0.27083334 0.5416667 0.290625 0.5875 0.2875 0.59583336 0.29114583 0.60833335 0.3125 0.58166665 0.32760417 0.5541667 0.33541667 0.54 0.34583333 0.5258333 0.34895834 0.51416665 0.33125 0.50333333 0.30260417 0.4475 0.23541667 0.31083333 0.2109375 0.24583334 0.19947916 0.23166667
14 0.24635416 0.21583334 0.271875 0.2275 0.30104166 0.23916666 0.31822917 0.245 0.3203125 0.24583334 0.31302083 0.26166666 0.29010418 0.42 0.28958333 0.42166665 0.2390625 0.31916666 0.24635416 0.27333334 0.24947916 0.25 0.2515625 0.23833333 0.2453125 0.23083334 0.24479167 0.22333333 0.2453125 0.21583334
14 0.31041667 0.40833333 0.4015625 0.24666667 0.41822916 0.215 0.4203125 0.19333333 0.425 0.18166667 0.42760417 0.16916667 0.4546875 0.19666667 0.47239584 0.22416666 0.48072916 0.23416667 0.48229167 0.25583333 0.47916666 0.26083332 0.471875 0.25833333 0.45677084 0.28333333 0.4375 0.31916666 0.4109375 0.36916667 0.40052083 0.39 0.39010417 0.37666667 0.38645834 0.38416666 0.37708333 0.37166667 0.3796875 0.36666667 0.36510417 0.365 0.35 0.41916665 0.34270832 0.4225 0.33802083 0.44833332 0.3609375 0.47416666 0.34635416 0.5125 0.33177084 0.50333333 0.303125 0.44833332 0.30729166 0.41333333
14 0.27760416 0.67 0.296875 0.6433333 0.33541667 0.54 0.34583333 0.5258333 0.34895834 0.51416665 0.346875 0.5133333 0.36145833 0.47416666 0.4015625 0.51666665 0.41041666 0.525 0.396875 0.5625 0.37395832 0.6225 0.35208333 0.6875 0.35052082 0.70666665 0.34791666 0.72333336 0.30677083 0.6958333 0.27604166 0.67583334 0.27708334 0.67
14 0.415625 0.5308333 0.45625 0.5758333 0.48802084 0.61583334 0.5005208 0.63416666 0.50885415 0.63666666 0.5239583 0.6591667 0.5390625 0.6591667 0.54791665 0.6016667 0.5473958 0.5833333 0.5338542 0.56666666 0.5005208 0.53 0.45208332 0.47166666 0.41822916 0.43 0.39270833 0.40083334 0.37447917 0.37916666 0.37708333 0.37166667 0.3796875 0.36666667 0.36510417 0.365 0.34947917 0.41916665 0.34270832 0.4225 0.33854166 0.44833332 0.36145833 0.47416666 0.40989584 0.525 0.41458333 0.53
14 0.40260416 0.39416668 0.42708334 0.4325 0.43385416 0.42666668 0.44010416 0.415 0.44270834 0.41 0.44375 0.41083333 0.4421875 0.43083334 0.4359375 0.45166665 0.41510418 0.42666668 0.37447917 0.37916666 0.37708333 0.37166667 0.38645834 0.38416666 0.39010417 0.37583333 0.4015625 0.39166668
14 0.42291668 0.3525 0.43541667 0.34666666 0.45572916 0.345 0.4671875 0.3525 0.4875 0.3375 0.5578125 0.3 0.61510414 0.27 0.62864584 0.26166666 0.6359375 0.24 0.646875 0.23416667 0.65208334 0.28333333 0.6557292 0.35083333 0.5796875 0.38583332 0.509375 0.425 0.4734375 0.44916666 0.465625 0.45583335 0.45729166 0.465 0.44895834 0.4675 0.44114584 0.4575 0.43802083 0.44583333 0.4421875 0.43083334 0.44375 0.41083333 0.4421875 0.41 0.43333334 0.42666668 0.43125 0.41583332 0.41927084 0.35583332 0.41927084 0.35416666 0.421875 0.35333332
14 0.346875 0.7316667 0.34791666 0.77916664 0.34791666 0.8125 0.34583333 0.8375 0.34583333 0.8441667 0.35208333 0.8541667 0.35677084 0.8541667 0.36302084 0.85083336 0.36927083 0.84166664 0.38125 0.8383333 0.41822916 0.85 0.46875 0.8591667 0.5265625 0.8691667 0.5552083 0.87333333 0.5619792 0.87583333 0.5697917 0.8875 0.58385414 0.8925 0.5859375 0.86 0.5854167 0.83916664 0.58229166 0.82166666 0.57708335 0.8041667 0.5755208 0.795 0.57395834 0.78333336 0.56927085 0.7758333 0.5630208 0.7733333 0.56354165 0.77916664 0.55885416 0.7866667 0.5453125 0.77916664 0.5229167 0.77416664 0.48541668 0.77 0.48489583 0.785 0.47916666 0.7941667 0.46770832 0.8016667 0.46145833 0.7916667 0.45729166 0.7725 0.45572916 0.7625 0.40677083 0.75333333 0.3953125 0.75 0.39010417 0.75166667 0.37135416 0.7391667 0.36458334 0.7341667 0.34635416 0.73
14 0.4796875 0.68833333 0.5239583 0.6591667 0.5390625 0.6591667 0.54114586 0.6475 0.5640625 0.635 0.60520834 0.6116667 0.64635414 0.595 0.6515625 0.5883333 0.65208334 0.56666666 0.665625 0.55916667 0.671875 0.5991667 0.67552084 0.6358333 0.68177086 0.6591667 0.6791667 0.66333336 0.62291664 0.69916666 0.54895836 0.74 0.5046875 0.76166666 0.48541668 0.7658333 0.48489583 0.78583336 0.47864583 0.7941667 0.46770832 0.8025 0.46145833 0.7916667 0.45729166 0.7733333 0.45572916 0.7625 0.453125 0.73 0.45104167 0.71 0.45052084 0.68916667 0.45052084 0.68 0.46666667 0.68416667 0.47864583 0.6875
14 0.42135417 0.62 0.465625 0.64166665 0.51770836 0.66333336 0.4796875 0.68833333 0.45052084 0.68 0.45104167 0.71 0.45260417 0.7275 0.4265625 0.7158333 0.396875 0.71666664 0.39322916 0.7125 0.396875 0.69666666 0.40364584 0.68333334 0.41041666 0.66833335 0.41354167 0.66083336 0.41510418 0.64166665 0.4078125 0.6408333 0.40833333 0.6325 0.4203125 0.62
14 0.5239583 0.755 0.5630208 0.7733333 0.56927085 0.7758333 0.5885417 0.78583336 0.60572916 0.80833334 0.6125 0.80916667 0.61302084 0.8 0.609375 0.7966667 0.61510414 0.7708333 0.62135416 0.7425 0.62708336 0.72833335 0.6354167 0.715 0.6390625 0.705 0.63072914 0.69416666 0.6166667 0.7025 0.55364585 0.7366667 0.5229167 0.7525
14 0.6453125 0.71416664 0.65520835 0.75333333 0.6640625 0.76416665 0.69427085 0.72 0.7182292 0.68666667 0.7057292 0.6616667 0.69375 0.66083336 0.675 0.635 0.68177086 0.65833336 0.6796875 0.66333336 0.63072914 0.69416666 0.6390625 0.705 0.64427084 0.7108333
14 0.51458335 0.465 0.52916664 0.42583334 0.5421875 0.43583333 0.5541667 0.47166666 0.6458333 0.595 0.64166665 0.5966667 0.60364586 0.6116667 0.57916665 0.62666667 0.5473958 0.5825 0.52447915 0.55583334 0.5005208 0.53 0.48229167 0.5075 0.496875 0.4875 0.51145834 0.47333333
14 0.665625 0.49416667 0.715625 0.5441667 0.76875 0.5975 0.80677086 0.6458333 0.8125 0.6625 0.80833334 0.67083335 0.8151042 0.67083335 0.8296875 0.625 0.85052085 0.58916664 0.85729164 0.5783333 0.83958334 0.56416667 0.79895836 0.52 0.73854166 0.46333334 0.6869792 0.4075 0.68333334 0.4025 0.6802083 0.38833332 0.6734375 0.37666667 0.65520835 0.365 0.6276042 0.4425 0.61875 0.46416667 0.6333333 0.47666666 0.64635414 0.47916666 0.6557292 0.4875
14 0.6515625 0.50916666 0.66614586 0.49416667 0.70677084 0.535 0.715625 0.54333335 0.7140625 0.55583334 0.715625 0.56583333 0.71302086 0.56916666 0.69114584 0.5525 0.6567708 0.5275 0.64739585 0.5183333 0.64739585 0.515 0.65052086 0.51
14 0.73854166 0.46166667 0.7734375 0.355 0.7916667 0.30416667 0.803125 0.28416666 0.8130208 0.27333334 0.82135415 0.24583334 0.75572914 0.1925 0.74635416 0.21666667 0.74583334 0.25083333 0.71197915 0.3575 0.7135417 0.365 0.7213542 0.39083335 0.72083336 0.39583334 0.71510416 0.39083335 0.703125 0.39083335 0.69739586 0.39583334 0.69166666 0.4125 0.7359375 0.46083334
14 0.66510415 0.071666665 0.6979167 0.04083333 0.6979167 0.0575 0.6979167 0.10583334 0.70520836 0.25166667 0.71197915 0.3575 0.7135417 0.365 0.7213542 0.39166668 0.72083336 0.39583334 0.71510416 0.39083335 0.703125 0.39083335 0.69166666 0.39666668 0.68333334 0.4025 0.6802083 0.38833332 0.6734375 0.37666667 0.65729165 0.36666667 0.65520835 0.345 0.65208334 0.28333333 0.646875 0.23416667 0.640625 0.13 0.63697916 0.08916666 0.6411458 0.075833336 0.6421875 0.0625 0.64635414 0.0625 0.64739585 0.079166666 0.66197914 0.07416666
14 0.7572917 0.59 0.74791664 0.635 0.74635416 0.6425 0.74635416 0.65416664 0.7390625 0.6558333 0.7359375 0.665 0.7453125 0.67333335 0.77760416 0.68416667 0.803125 0.69666666 0.8078125 0.6975 0.809375 0.68583333 0.80625 0.68416667 0.8020833 0.66583335 0.8041667 0.6425 0.78541666 0.61833334 0.76875 0.5966667 0.7578125 0.5858333
14 0.7942708 0.31416667 0.8276042 0.3325 0.8546875 0.34666666 0.85572916 0.37166667 0.85 0.3775 0.84010416 0.405 0.81822914 0.54083335 0.79791665 0.51916665 0.7729167 0.49583334 0.78125 0.43416667 0.7864583 0.39166668 0.78333336 0.37583333 0.7859375 0.34666666 0.790625 0.3125
14 0.22083333 0.4375 0.2140625 0.5083333 0.21145834 0.53333336 0.2046875 0.54 0.19635417 0.54833335 0.19427083 0.5758333 0.21614583 0.5858333 0.26041666 0.60333335 0.26822916 0.5975 0.27083334 0.58166665 0.26875 0.55833334 0.26875 0.5366667 0.221875 0.43833333
