14 0.734375 0.49583334 0.70677084 0.6816667 0.7015625 0.68666667 0.696875 0.70166665 0.69114584 0.715 0.690625 0.7391667 0.76354164 0.75916666 0.76666665 0.7316667 0.76197916 0.7158333 0.76145834 0.7108333 0.7885417 0.5341667 0.8046875 0.43416667 0.80833334 0.42916667 0.81927085 0.41416666 0.8203125 0.4075 0.8203125 0.3825 0.7447917 0.35833332 0.7421875 0.375 0.7390625 0.38916665 0.74010414 0.395 0.74010414 0.45083332 0.7395833 0.46916667
14 0.72864586 0.37166667 0.7 0.40333334 0.7 0.405 0.70729166 0.42416668 0.7192708 0.42833334 0.72864586 0.43166667 0.7395833 0.45416668 0.74010414 0.39416668 0.7390625 0.38916665 0.74322915 0.3675 0.7447917 0.35833332 0.76875 0.36583334 0.75885415 0.33333334 0.74635416 0.31916666 0.7348958 0.36416668
14 0.68072915 0.34666666 0.6041667 0.44166666 0.596875 0.46166667 0.60052085 0.5566667 0.61041665 0.54583335 0.6578125 0.48666668 0.7078125 0.42583334 0.7 0.40583333 0.7 0.40333334 0.7348958 0.36416668 0.740625 0.34083334 0.7260417 0.31333333 0.7213542 0.29666665 0.71510416 0.28916666 0.7057292 0.29916668 0.703125 0.31583333 0.690625 0.33416668
14 0.6010417 0.6091667 0.6333333 0.625 0.6380208 0.63 0.653125 0.6225 0.671875 0.62083334 0.6822917 0.62666667 0.66979164 0.69083333 0.66041666 0.735 0.659375 0.7416667 0.6510417 0.7375 0.6432292 0.7225 0.6375 0.72083336 0.6020833 0.705
14 0.53802085 0.4725 0.540625 0.6483333 0.54322916 0.755 0.54479164 0.7683333 0.5442708 0.77166665 0.534375 0.7825 0.53229165 0.79083335 0.53333336 0.79333335 0.55833334 0.7891667 0.6109375 0.7916667 0.6119792 0.7891667 0.6015625 0.7575 0.6020833 0.6675 0.60052085 0.6075 0.60052085 0.55333334 0.596875 0.46166667 0.6041667 0.44166666 0.60625 0.43916667 0.60520834 0.41666666 0.6020833 0.415 0.58958334 0.41166666 0.55572915 0.41416666 0.5296875 0.42 0.52708334 0.42416668 0.52760416 0.4475 0.5328125 0.45916668 0.53802085 0.46583334
14 0.5234375 0.57416666 0.4859375 0.56166667 0.46510416 0.5366667 0.44791666 0.53 0.4296875 0.65 0.446875 0.655 0.4578125 0.6475 0.4625 0.6425 0.5208333 0.6716667 0.5416667 0.6791667 0.5395833 0.58166665
14 0.53697914 0.50333333 0.5296875 0.5108333 0.5390625 0.535 0.5385417 0.49833333
14 0.5015625 0.2175 0.43489584 0.30583334 0.41145834 0.3325 0.4140625 0.365 0.44114584 0.37 0.4765625 0.34916666 0.49270833 0.34166667 0.496875 0.34083334 0.53541666 0.28833333 0.5395833 0.28583333 0.55052084 0.2675 0.55885416 0.24416667 0.5359375 0.25416666 0.521875 0.205 0.51145834 0.1825 0.50885415 0.19083333 0.509375 0.2075
14 0.35625 0.23333333 0.3546875 0.26916668 0.35677084 0.31833333 0.359375 0.3575 0.36145833 0.36166668 0.36302084 0.3725 0.36197916 0.3875 0.37083334 0.52916664 0.37291667 0.53333336 0.37083334 0.5416667 0.3734375 0.56416667 0.375 0.56666666 0.37395832 0.575 0.37604168 0.58416665 0.38072917 0.58916664 0.39114583 0.58166665 0.40833333 0.5783333 0.41197917 0.5825 0.415625 0.57416666 0.44010416 0.565 0.43229166 0.56083333 0.42604166 0.55583334 0.4265625 0.55083334 0.4203125 0.47083333 0.4140625 0.36583334 0.41145834 0.33 0.40572917 0.245 0.40208334 0.23583333 0.40208334 0.23166667 0.4046875 0.22083333 0.4 0.21333334 0.40625 0.20583333 0.41458333 0.2 0.40833333 0.20083334 0.38072917 0.21583334 0.36354166 0.22916667
14 0.353125 0.42 0.36510417 0.43583333 0.36197916 0.385 0.35989583 0.39166668 0.35677084 0.40916666
14 0.346875 0.36583334 0.32447916 0.3825 0.29479167 0.38166666 0.28854167 0.65416664 0.28489584 0.6716667 0.2859375 0.68 0.27291667 0.71 0.27708334 0.7158333 0.28177083 0.7108333 0.33072916 0.7133333 0.33802083 0.71666664 0.3484375 0.7175 0.34947917 0.71166664 0.346875 0.7058333 0.33958334 0.68416667 0.340625 0.6425 0.35 0.46416667 0.3515625 0.42583334 0.353125 0.41833332 0.35729167 0.40583333 0.35989583 0.3925 0.3625 0.38416666 0.36302084 0.37333333 0.36145833 0.36166668 0.359375 0.3575 0.35364583 0.36
14 0.35052082 0.47583333 0.35416666 0.445 0.3546875 0.43666667 0.35104167 0.4375 0.34895834 0.47833332
14 0.2578125 0.50666666 0.28697917 0.51666665 0.29166666 0.51916665 0.29375 0.435 0.29010418 0.43916667 0.2609375 0.50166667
14 0.29739583 0.26666668 0.20572917 0.4675 0.1953125 0.48916668 0.178125 0.5075 0.17916666 0.52916664 0.18177083 0.5391667 0.18333334 0.54 0.18697916 0.5341667 0.1890625 0.53583336 0.19166666 0.5316667 0.19427083 0.535 0.1984375 0.52666664 0.20989583 0.5275 0.2234375 0.535 0.23645833 0.54333335 0.23958333 0.5491667 0.24166666 0.5566667 0.2421875 0.56583333 0.2453125 0.56666666 0.2453125 0.55916667 0.24947916 0.5375 0.25104168 0.52 0.25833333 0.50666666 0.26927084 0.48416665 0.28697917 0.44583333 0.29375 0.4325 0.29427084 0.40833333 0.29479167 0.38083333 0.31354168 0.38166666 0.34947917 0.30833334 0.35572916 0.3 0.3546875 0.27333334 0.3546875 0.2675 0.3328125 0.25833333 0.3171875 0.23916666 0.31822917 0.23416667 0.31145832 0.23833333
14 0.2828125 0.16 0.21041666 0.29583332 0.16875 0.37 0.16614583 0.37666667 0.15625 0.38166666 0.146875 0.39833334 0.14583333 0.40583333 0.15 0.415 0.1546875 0.42083332 0.1703125 0.4375 0.18489583 0.45333335 0.19635417 0.45833334 0.20625 0.465 0.20677084 0.465 0.2109375 0.455 0.21302083 0.4425 0.21614583 0.43083334 0.21666667 0.42 0.22864583 0.4025 0.2484375 0.36583334 0.2765625 0.31 0.29166666 0.27916667 0.31145832 0.23833333 0.31822917 0.23416667 0.32083333 0.23 0.328125 0.21416667 0.3328125 0.20833333 0.33697918 0.20583333 0.3453125 0.20333333 0.34947917 0.19666667 0.35416666 0.19666667 0.33333334 0.17583333 0.31979167 0.16333333 0.31041667 0.15416667 0.296875 0.13333334 0.28958333 0.14333333 0.29010418 0.15
14 0.32864583 0.23333333 0.3234375 0.22416666 0.321875 0.22916667 0.31770834 0.235 0.3171875 0.23916666 0.32291666 0.24583334
14 0.22864583 0.41083333 0.22291666 0.41083333 0.21614583 0.42083332 0.21614583 0.43083334 0.21302083 0.44166666 0.2109375 0.455 0.23020834 0.4125
14 0.11875 0.39 0.115625 0.415 0.1078125 0.45666668 0.1078125 0.47416666 0.11145833 0.475 0.115625 0.46833333 0.118229166 0.46416667 0.123958334 0.46416667 0.13385417 0.465 0.13958333 0.4625 0.14479166 0.4675 0.17864583 0.48 0.1984375 0.4825 0.20677084 0.465 0.1953125 0.4575 0.18489583 0.45416668 0.15885417 0.425 0.15052083 0.41583332 0.14635417 0.40583333 0.14635417 0.39833334 0.1546875 0.38416666 0.14322917 0.3825 0.13697916 0.3725 0.13072917 0.35666665 0.1234375 0.35416666 0.12083333 0.37666667
14 0.575 0.31 0.48072916 0.34666666 0.440625 0.37 0.4140625 0.365 0.4203125 0.47 0.42552084 0.48083332 0.43177083 0.48083332 0.43385416 0.46666667 0.4484375 0.46083334 0.4625 0.45416668 0.49895832 0.43583333 0.52760416 0.42416668 0.5296875 0.42083332 0.55572915 0.41333333 0.6125 0.39166668 0.6197917 0.395 0.62708336 0.39666668 0.62916666 0.39916667 0.63958335 0.39666668 0.63958335 0.3975 0.6458333 0.39 0.63645834 0.2725 0.63177085 0.2775 0.61822915 0.28083333 0.60729164 0.29166666 0.5859375 0.30416667
14 0.7953125 0.54833335 0.8364583 0.61833334 0.8453125 0.6308333 0.85 0.6433333 0.8520833 0.6508333 0.853125 0.66083336 0.8697917 0.6791667 0.8833333 0.6616667 0.91979164 0.595 0.9192708 0.5908333 0.8932292 0.56416667 0.8822917 0.56083333 0.80677086 0.43083334 0.8041667 0.43583333 0.78802085 0.53583336
