2 0.384375 0.75333333 0.45520833 0.83916664 0.56666666 0.97583336 0.5552083 1.0 0.3015625 1.0 0.27552083 0.97083336 0.27864584 0.96416664 0.340625 0.95166665 0.33229166 0.855
2 0.0 0.17 0.09322917 0.19916667 0.18645833 0.23083334 0.18229167 0.26166666 0.1765625 0.34166667 0.1578125 0.5283333 0.14791666 0.6175 0.059895832 0.5908333 0.0 0.5808333
2 0.16458334 0.485 0.23541667 0.375 0.27395833 0.31666666 0.28229168 0.43416667 0.33229166 0.42583334 0.36770833 0.41833332 0.42864582 0.525 0.44375 0.55833334 0.44739583 0.56916666 0.45572916 0.5833333 0.41770834 0.6358333 0.38125 0.6933333 0.32916668 0.77166665 0.31979167 0.75666666 0.31458333 0.715 0.31145832 0.675 0.271875 0.68083334 0.18385416 0.5375 0.16145833 0.49416667
2 0.2734375 0.31083333 0.25416666 0.04083333 0.36145833 0.025 0.38229167 0.0225 0.4359375 0.016666668 0.45833334 0.3125 0.46458334 0.40416667 0.4328125 0.41 0.39739582 0.4125 0.36770833 0.41833332 0.32708332 0.42666668 0.28229168 0.43333334
2 0.45 0.5366667 0.56666666 0.27166668 0.5875 0.22166666 0.6354167 0.27166668 0.63489586 0.2825 0.65625 0.2975 0.6796875 0.32833335 0.73125 0.38416666 0.6244792 0.62666667 0.596875 0.695
2 0.66822916 0.9025 0.790625 0.7966667 0.82395834 0.76666665 0.8286458 0.7783333 0.90052086 1.0 0.70416665 1.0 0.6692708 0.9075
2 0.76458335 0.6741667 0.790625 0.6666667 0.8177083 0.66333336 0.85260415 0.66333336 0.86354166 0.7291667 0.86875 0.7625 1.0 0.72 1.0 0.9375 0.9447917 0.935 0.88072914 0.9375 0.8286458 0.7783333 0.82395834 0.76666665 0.7572917 0.825 0.7578125 0.81166667 0.759375 0.7916667 0.75885415 0.76916665 0.76354164 0.7083333
2 0.81927085 0.39333335 0.9713542 0.34166667 0.9973958 0.33666667 1.0 0.36583334 1.0 0.72 0.86927086 0.7625 0.86041665 0.71 0.85260415 0.66083336 0.81822914 0.40166667
2 0.6359375 0.27 0.6578125 0.17416666 0.6984375 0.006666667 0.75989586 0.053333335 0.8453125 0.10333333 0.91510415 0.14666666 0.90833336 0.16666667 0.88177085 0.27083334 0.85729164 0.38 0.81875 0.39333335 0.65833336 0.29833335 0.63489586 0.2825
2 0.0765625 0.71666664 0.16302083 0.70166665 0.18177083 0.7033333 0.20989583 0.70416665 0.23697917 0.69916666 0.25572917 0.68333334 0.31145832 0.6741667 0.3140625 0.7158333 0.33072916 0.8358333 0.340625 0.95166665 0.28125 0.9633333 0.21354167 0.98 0.14479166 1.0 0.09427083 1.0 0.0921875 0.95 0.08645833 0.905 0.084895834 0.86333334 0.075520836 0.7316667
