15 0.47291666 0.7291667 0.43958333 0.73583335 0.40677083 0.7425 0.36666667 0.7525 0.31197917 0.7675 0.29375 0.7675 0.2890625 0.7658333 0.28177083 0.7583333 0.27916667 0.755 0.2734375 0.7583333 0.27239582 0.75416666 0.27135417 0.74583334 0.2734375 0.7441667 0.27708334 0.74333334 0.27864584 0.7366667 0.28072917 0.735 0.2828125 0.735 0.28489584 0.72833335 0.28802082 0.7241667 0.29270834 0.72083336 0.33125 0.7075 0.396875 0.6925 0.44635418 0.68083334 0.4875 0.6766667 0.49322918 0.67833334 0.49791667 0.6816667 0.49895832 0.68666667 0.50364584 0.68833333 0.5052083 0.6925 0.51458335 0.6925 0.51458335 0.69916666 0.5125 0.705 0.51145834 0.71 0.50416666 0.70416665 0.503125 0.7075 0.49947917 0.7083333 0.49791667 0.7133333 0.49479166 0.72 0.48958334 0.72583336 0.48489583 0.7266667
15 0.44739583 0.5883333 0.44479167 0.6816667 0.40885416 0.68916667 0.4140625 0.57416666
15 0.38697916 0.56083333 0.38385418 0.68 0.3828125 0.68583333 0.37916666 0.69083333 0.37604168 0.6975 0.36354166 0.69916666 0.35729167 0.69416666 0.35364583 0.685 0.35260418 0.67583334 0.35104167 0.6016667 0.35208333 0.5475
15 0.37395832 0.50083333 0.49375 0.5525 0.49947917 0.55833334 0.5026042 0.56583333 0.50364584 0.57416666 0.50677085 0.575 0.5083333 0.58166665 0.515625 0.5833333 0.51458335 0.5925 0.5104167 0.5991667 0.50572914 0.5908333 0.50364584 0.5925 0.5005208 0.5941667 0.496875 0.6 0.49166667 0.6025 0.48385417 0.6025 0.425 0.57916665 0.35416666 0.54833335 0.29322916 0.52 0.28489584 0.5133333 0.2796875 0.5083333 0.2796875 0.4975 0.27604166 0.49333334 0.27552083 0.49 0.2734375 0.4925 0.26666668 0.4925 0.26770833 0.4825 0.26822916 0.4775 0.271875 0.475 0.278125 0.47916666 0.2796875 0.47583333 0.28333333 0.4775 0.28697917 0.47166666 0.29114583 0.47 0.29739583 0.46833333 0.31354168 0.475
15 0.434375 0.4175 0.43958333 0.4175 0.44427082 0.42083332 0.4421875 0.43333334 0.4453125 0.43583333 0.4453125 0.44166666 0.4515625 0.44916666 0.453125 0.45916668 0.45052084 0.5341667 0.41822916 0.52 0.42239583 0.45833334 0.42552084 0.44583333 0.43125 0.44 0.43177083 0.43333334 0.43385416 0.43166667
15 0.35260418 0.445 0.35208333 0.49166667 0.3875 0.50666666 0.3875 0.3725 0.38645834 0.355 0.38333333 0.3475 0.38020834 0.34416667 0.38020834 0.3375 0.378125 0.33583334 0.38020834 0.32583332 0.3796875 0.32166666 0.378125 0.32 0.36979166 0.32083333 0.36822918 0.32166666 0.36666667 0.32416666 0.3703125 0.33416668 0.36822918 0.33666667 0.36770833 0.34083334 0.3640625 0.3425 0.3609375 0.3475 0.35833332 0.35583332 0.35625 0.3675 0.3546875 0.42
15 0.5864583 0.5675 0.48958334 0.4475 0.47864583 0.43583333 0.4734375 0.43083334 0.46458334 0.43 0.4609375 0.42666668 0.45677084 0.43083334 0.45364583 0.42083332 0.446875 0.42583334 0.446875 0.42916667 0.453125 0.43583333 0.45 0.44083333 0.45260417 0.44583333 0.45520833 0.44666666 0.45416668 0.45583335 0.45729166 0.46666667 0.471875 0.49083334 0.49270833 0.5175 0.49375 0.52666664 0.5651042 0.6116667
15 0.6125 0.5975 0.5932292 0.63916665 0.61354166 0.66333336 0.6197917 0.66583335 0.625 0.665 0.6296875 0.66083336 0.6354167 0.66583335 0.6390625 0.67333335 0.6421875 0.67083335 0.64479166 0.6641667 0.63854164 0.6533333 0.63958335 0.64666665 0.63645834 0.6433333 0.634375 0.63166666 0.62864584 0.61833334 0.6197917 0.6066667
15 0.6458333 0.5225 0.6078125 0.60833335 0.5854167 0.655 0.5697917 0.68833333 0.5651042 0.69416666 0.56145835 0.69666666 0.5546875 0.695 0.5515625 0.69666666 0.5453125 0.7125 0.54010415 0.70666665 0.54479164 0.69666666 0.54479164 0.68833333 0.5463542 0.68416667 0.5442708 0.67583334 0.54479164 0.6641667 0.54791665 0.65166664 0.5833333 0.5725 0.6322917 0.4625 0.6666667 0.38166666 0.6734375 0.37583333 0.68177086 0.3775 0.68385416 0.3725 0.68645835 0.36166668 0.69114584 0.3625 0.6953125 0.36333334 0.6958333 0.36583334 0.6921875 0.375 0.6927083 0.38083333 0.6927083 0.38916665 0.69375 0.40083334 0.6880208 0.42083332
15 0.70104164 0.5 0.6614583 0.48583335 0.6421875 0.5316667 0.70989585 0.55583334 0.7760417 0.58166665 0.7609375 0.5225
15 0.6125 0.4875 0.6046875 0.48083332 0.60052085 0.48833334 0.6015625 0.49166667 0.6098958 0.49583334 0.61041665 0.5025 0.61354166 0.5025 0.6255208 0.4775 0.61822915 0.48583335 0.6145833 0.48583335
15 0.640625 0.3825 0.60520834 0.38666666 0.59791666 0.39 0.5911458 0.3975 0.5885417 0.4025 0.584375 0.4 0.58177084 0.40333334 0.57708335 0.39833334 0.57395834 0.40583333 0.57604164 0.41 0.58229166 0.41166666 0.58125 0.4175 0.58385414 0.41833332 0.5875 0.41666666 0.58958334 0.42 0.59166664 0.42666668 0.59791666 0.43416667 0.6140625 0.4375 0.64375 0.435 0.6666667 0.3825
15 0.7260417 0.3825 0.6927083 0.38166666 0.6927083 0.38833332 0.69375 0.40166667 0.690625 0.41333333 0.6880208 0.42166665 0.68333334 0.43333334 0.73854166 0.43416667
15 0.7661458 0.38166666 0.78489584 0.3825 0.7921875 0.38666666 0.796875 0.395 0.8 0.40166667 0.80260414 0.405 0.8119792 0.405 0.8119792 0.4075 0.81145835 0.41333333 0.80364585 0.41416666 0.80104166 0.415 0.79791665 0.42166665 0.790625 0.43083334 0.7838542 0.43333334 0.775 0.43416667 0.76145834 0.38166666
15 0.7421875 0.44666666 0.7786458 0.59166664 0.79583335 0.6575 0.7994792 0.66583335 0.8052083 0.6716667 0.8130208 0.6741667 0.815625 0.6775 0.8171875 0.69083333 0.81875 0.69083333 0.8229167 0.68916667 0.8276042 0.68583333 0.828125 0.6825 0.821875 0.6716667 0.82395834 0.66833335 0.8234375 0.66333336 0.8229167 0.66 0.825 0.6533333 0.82447916 0.6383333 0.815625 0.59833336 0.80885416 0.5625 0.7765625 0.4375 0.74895835 0.3375 0.74322915 0.32833335 0.73645836 0.325 0.7375 0.32 0.734375 0.31583333 0.7317708 0.31666666 0.7317708 0.30416667 0.7296875 0.30666667 0.72864586 0.30416667 0.7265625 0.30333334 0.725 0.305 0.72447914 0.30833334 0.72447914 0.3125 0.721875 0.31 0.72083336 0.31083333 0.721875 0.315 0.72447914 0.32 0.7234375 0.32166666 0.7260417 0.33 0.7239583 0.33333334 0.7213542 0.34166667 0.7213542 0.3525 0.72291666 0.365 0.7260417 0.3825
15 0.8098958 0.54333335 0.82135415 0.55 0.82708335 0.5566667 0.8296875 0.565 0.83229166 0.56666666 0.8375 0.57 0.8364583 0.5758333 0.84166664 0.57416666 0.8442708 0.5758333 0.84270835 0.58 0.840625 0.58416665 0.8390625 0.585 0.834375 0.58166665 0.83229166 0.5858333 0.8296875 0.58666664 0.8276042 0.58416665 0.82395834 0.5883333 0.8208333 0.5933333 0.81458336 0.5941667 0.8098958 0.5683333 0.8078125 0.55916667 0.803125 0.54083335
15 0.70625 0.55916667 0.6734375 0.5466667 0.66302085 0.545 0.6567708 0.5466667 0.65208334 0.55 0.6484375 0.5541667 0.6458333 0.55333334 0.64270836 0.5541667 0.63854164 0.5475 0.6354167 0.55 0.63385415 0.5541667 0.6333333 0.5566667 0.63645834 0.56166667 0.6401042 0.5625 0.640625 0.5675 0.64375 0.57166666 0.64635414 0.57416666 0.6484375 0.5825 0.6567708 0.59 0.6947917 0.6066667 0.7526042 0.62833333 0.7916667 0.6433333 0.784375 0.61333334 0.77708334 0.5858333 0.7161458 0.56166667
15 0.82447916 0.60583335 0.8520833 0.62083334 0.8578125 0.6275 0.8619792 0.64 0.8640625 0.64416665 0.87291664 0.64416665 0.87291664 0.64916664 0.871875 0.65416664 0.86927086 0.6616667 0.86510414 0.6575 0.8625 0.6575 0.8588542 0.65833336 0.85729164 0.6558333 0.8515625 0.6625 0.84739584 0.665 0.83958334 0.6641667 0.8234375 0.6575 0.825 0.65416664 0.82395834 0.6375 0.8171875 0.60333335
15 0.43958333 0.73583335 0.43697917 0.78333336 0.43385416 0.7925 0.43125 0.7966667 0.42395833 0.79833335 0.42395833 0.80333334 0.42083332 0.8041667 0.42083332 0.81916666 0.41666666 0.82 0.41041666 0.8175 0.41510418 0.805 0.41197917 0.80083334 0.40989584 0.7941667 0.40572917 0.78833336 0.40520832 0.7775 0.40729168 0.7425
