0 0.21875 0.119166665 0.27604166 0.16583334 0.31927082 0.19583334 0.36354166 0.22166666 0.39166668 0.23583333 0.41041666 0.245 0.40885416 0.255 0.40677083 0.265 0.40520832 0.27 0.40052083 0.26916668 0.38072917 0.31416667 0.371875 0.33083335 0.3640625 0.35583332 0.35989583 0.36416668 0.35364583 0.375 0.34166667 0.4225 0.334375 0.455 0.31822917 0.52666664 0.31614584 0.5341667 0.3046875 0.53833336 0.29427084 0.52666664 0.278125 0.505 0.26458332 0.49583334 0.23697917 0.46833333 0.22135417 0.455 0.1921875 0.43916667 0.15989584 0.41833332 0.1421875 0.405 0.13541667 0.4 0.13854167 0.38916665 0.14270833 0.37 0.14895834 0.36083335 0.17395833 0.31916666 0.1953125 0.28583333 0.21510416 0.2625 0.23229167 0.245 0.23125 0.225 0.23020834 0.19833334 0.22083333 0.15916666 0.21458334 0.1275
2 0.25052083 0.565 0.2546875 0.6075 0.25677082 0.6091667 0.25520834 0.6125 0.259375 0.64666665 0.271875 0.7216667 0.27864584 0.76166666 0.2828125 0.8041667 0.28645834 0.8308333 0.29010418 0.87916666 0.2921875 0.9008333 0.29739583 0.92083335 0.30625 0.91833335 0.32552084 0.915 0.35572916 0.9058333 0.38697916 0.8983333 0.40625 0.8933333 0.42239583 0.8883333 0.428125 0.88666666 0.4234375 0.88 0.40833333 0.86833334 0.39895833 0.85083336 0.39166668 0.85333335 0.384375 0.85 0.3890625 0.845 0.39947918 0.835 0.41875 0.80916667 0.4203125 0.805 0.43020833 0.7816667 0.43958333 0.7675 0.44427082 0.7525 0.4328125 0.76 0.43385416 0.75166667 0.4421875 0.745 0.4453125 0.74333334 0.45208332 0.74583334 0.44895834 0.7225 0.440625 0.66333336 0.4328125 0.5925 0.42760417 0.5575 0.425 0.5575 0.4265625 0.5516667 0.41822916 0.5025 0.37864584 0.51416665 0.31614584 0.5341667 0.30520833 0.53833336 0.29791668 0.54 0.24947916 0.5566667
1 0.52552086 0.85333335 0.55364585 0.8875 0.56927085 0.9075 0.58177084 0.9066667 0.59010416 0.9091667 0.5963542 0.9175 0.6046875 0.92833334 0.603125 0.93333334 0.57395834 0.97083336 0.55572915 1.0 0.5171875 1.0 0.51197916 0.99 0.5015625 0.97833335 0.4828125 0.955 0.46041667 0.9291667 0.42760417 0.8858333 0.42239583 0.87916666 0.40833333 0.86833334 0.39895833 0.85083336 0.3921875 0.85333335 0.384375 0.8491667 0.4 0.835 0.41822916 0.81 0.4296875 0.7825 0.43958333 0.7675 0.44427082 0.7525 0.43229166 0.76 0.43385416 0.75166667 0.4453125 0.7425 0.4515625 0.74666667 0.46041667 0.7583333 0.46614584 0.76666665 0.471875 0.77916664 0.48802084 0.8 0.51458335 0.8375
21 0.48229167 0.33166668 0.484375 0.28083333 0.48541668 0.265 0.48958334 0.25666666 0.4921875 0.2525 0.49635416 0.25083333 0.540625 0.25416666 0.61822915 0.26166666 0.6723958 0.27083334 0.6979167 0.27583334 0.75 0.29 0.796875 0.30416667 0.8109375 0.3125 0.8140625 0.32166666 0.81614584 0.33166668 0.80677086 0.37666667 0.7864583 0.44583333 0.78125 0.46666667 0.78020835 0.47583333 0.78020835 0.48 0.778125 0.48333332 0.7729167 0.50416666 0.7796875 0.5125 0.7859375 0.5208333 0.76875 0.51666665 0.7109375 0.5158333 0.6536458 0.51916665 0.6177083 0.515 0.5942708 0.51416665 0.51666665 0.5108333 0.4890625 0.50666666 0.48177084 0.4975 0.47864583 0.48583335 0.48020834 0.40333334
15 0.7135417 0.25833333 0.7171875 0.26416665 0.721875 0.26583335 0.7234375 0.26916668 0.73020834 0.27083334 0.73645836 0.27166668 0.74010414 0.27666667 0.7505208 0.29083332 0.73072916 0.285 0.7125 0.27916667 0.7114583 0.27416667 0.70625 0.26666668 0.70729166 0.26166666 0.70989585 0.25833333
15 0.80833334 0.39083335 0.81875 0.41083333 0.8171875 0.42166665 0.81458336 0.43416667 0.8072917 0.44416666 0.80260414 0.45166665 0.79791665 0.45333335 0.7890625 0.43833333 0.7994792 0.40166667 0.8046875 0.38416666
5 0.87604165 0.19416666 0.93541664 0.25583333 0.9848958 0.30083334 1.0 0.31416667 1.0 0.44416666 0.9796875 0.5133333 0.9359375 0.6616667 0.93177086 0.67083335 0.92083335 0.66333336 0.87291664 0.6125 0.82447916 0.56083333 0.7859375 0.5208333 0.778125 0.51 0.7729167 0.505 0.77760416 0.48333332 0.7807292 0.48083332 0.79010415 0.4675 0.79791665 0.45416668 0.80260414 0.4525 0.8078125 0.44416666 0.8151042 0.435 0.81875 0.41 0.82239586 0.38833332 0.8328125 0.3525 0.8463542 0.30166668 0.8541667 0.275 0.859375 0.26583335 0.8619792 0.225 0.8666667 0.20666666 0.875 0.19416666
4 0.75625 0.0125 0.7484375 0.0058333334 0.74375 0.0 0.8385417 0.0 0.86041665 0.02 0.8755208 0.0375 0.8703125 0.035833333 0.85364586 0.021666666 0.84166664 0.010833333 0.83385414 0.0075 0.83020836 0.005 0.8229167 0.0058333334 0.815625 0.010833333 0.8072917 0.016666668 0.7953125 0.021666666 0.7875 0.023333333 0.7796875 0.023333333 0.76979166 0.020833334 0.76145834 0.016666668
2 0.9145833 0.0825 0.8932292 0.0575 0.8744792 0.035833333 0.8609375 0.020833334 0.8390625 0.0 1.0 0.0 1.0 0.034166668 0.9895833 0.04 0.98854166 0.053333335 0.98072916 0.05666667 0.98125 0.0675 0.9739583 0.0725 0.971875 0.08416667 0.965625 0.0875 0.9635417 0.1 0.95677084 0.105 0.95677084 0.11333334 0.94947916 0.119166665 0.9302083 0.1
5 0.6046875 0.685 0.646875 0.645 0.71666664 0.57916665 0.7604167 0.5375 0.7651042 0.5416667 0.775 0.5683333 0.7875 0.595 0.78802085 0.61083335 0.80052084 0.6475 0.815625 0.6975 0.8276042 0.725 0.8411458 0.7625 0.8541667 0.785 0.88177085 0.8333333 0.8588542 0.8525 0.81458336 0.88666666 0.7921875 0.9125 0.7765625 0.9316667 0.7682292 0.9508333 0.73020834 0.99083334 0.72291666 0.99666667 0.71666664 0.9841667 0.7104167 0.95416665 0.7 0.91 0.690625 0.8883333 0.6765625 0.8358333 0.66197914 0.7916667 0.64375 0.77416664 0.6276042 0.73583335 0.60520834 0.6925
14 0.06614583 0.38333333 0.09010417 0.365 0.11145833 0.33916667 0.12083333 0.32833335 0.1234375 0.3325 0.12760417 0.34416667 0.13229166 0.35333332 0.13229166 0.3625 0.13229166 0.37916666 0.13645834 0.385 0.13802083 0.39083335 0.13541667 0.4 0.1421875 0.405 0.15 0.4225 0.16354166 0.46166667 0.1953125 0.54583335 0.21458334 0.59583336 0.22291666 0.61833334 0.22916667 0.62083334 0.23333333 0.6308333 0.23541667 0.6383333 0.23333333 0.6458333 0.2296875 0.64666665 0.2125 0.665 0.18333334 0.6933333 0.18072917 0.68416667 0.17708333 0.66333336 0.17604166 0.6558333 0.16875 0.6383333 0.15 0.5883333 0.12916666 0.5341667 0.12447917 0.5233333 0.11875 0.50416666 0.10729167 0.4775 0.0828125 0.41666666 0.07447917 0.41416666 0.07239583 0.40916666 0.07083333 0.39916667 0.065625 0.38583332
