2 0.0 0.5 0.08125 0.3975 0.090625 0.38666666 0.1140625 0.35916665 0.123958334 0.34833333 0.18385416 0.47166666 0.221875 0.54833335 0.23385416 0.57166666 0.20572917 0.6066667 0.20260416 0.6066667 0.2015625 0.6125 0.12864584 0.7025 0.122395836 0.68083334 0.014583333 0.74916667 0.0 0.7583333
2 0.2546875 0.34583333 0.19947916 0.4125 0.19270833 0.4225 0.17135416 0.445 0.20208333 0.5075 0.21927084 0.5425 0.234375 0.57166666 0.20572917 0.6066667 0.20208333 0.60583335 0.20104167 0.6125 0.17239584 0.6483333 0.20677084 0.7241667 0.21458334 0.74083334 0.2328125 0.79333335 0.24270834 0.8208333 0.259375 0.8075 0.29270834 0.7708333 0.33541667 0.72333336 0.35104167 0.70166665 0.38854167 0.64916664 0.384375 0.6358333 0.37552083 0.6116667 0.35729167 0.56916666 0.34375 0.54333335 0.32760417 0.51416665 0.31770834 0.4925 0.2953125 0.435 0.28385416 0.4075 0.2796875 0.4 0.278125 0.4 0.27708334 0.39916667 0.27760416 0.3975
2 0.40104166 0.41833332 0.33072916 0.46916667 0.33020833 0.47333333 0.32864583 0.47333333 0.32760417 0.47083333 0.31354168 0.48166665 0.31770834 0.49333334 0.32760417 0.51416665 0.34427083 0.54333335 0.35729167 0.56916666 0.37291667 0.60583335 0.384375 0.635 0.38802084 0.64916664 0.35364583 0.6975 0.36875 0.7558333 0.46354166 0.6816667 0.49010417 0.6591667 0.5494792 0.615 0.56875 0.5991667 0.5828125 0.58916664 0.5630208 0.5208333 0.534375 0.42666668 0.51875 0.37666667 0.5078125 0.3475 0.50572914 0.34333333 0.475 0.3625
2 0.2671875 1.0 0.24166666 0.9216667 0.221875 0.8525 0.21822916 0.8308333 0.24010417 0.81333333 0.24270834 0.8208333 0.25989583 0.8066667 0.28385416 0.7808333 0.31041667 0.75083333 0.3515625 0.7175 0.35729167 0.7125 0.365625 0.7441667 0.36875 0.7558333 0.38541666 0.7425 0.40625 0.80333334 0.43020833 0.8725 0.465625 0.975 0.46302083 0.9791667 0.46354166 0.9841667 0.46875 0.9825 0.47291666 1.0
2 0.47447917 1.0 0.47291666 1.0 0.46822917 0.9816667 0.44010416 0.87083334 0.41614583 0.775 0.41770834 0.7708333 0.4171875 0.7683333 0.415625 0.7675 0.4140625 0.7683333 0.40364584 0.72833335 0.4671875 0.6791667 0.4890625 0.6591667 0.546875 0.6166667 0.5598958 0.60833335 0.5619792 0.6075 0.5755208 0.6641667 0.575 0.6675 0.57708335 0.67 0.6171875 0.83166665 0.6359375 0.9175 0.640625 0.93666667 0.6421875 0.94916666 0.6479167 0.9675 0.6484375 0.9691667 0.6041667 0.985 0.5854167 1.0
2 0.64635414 0.4125 0.60520834 0.4075 0.60520834 0.46833333 0.6010417 0.5541667 0.6015625 0.61333334 0.5942708 0.7033333 0.5932292 0.71166664 0.59583336 0.71416664 0.5942708 0.7183333 0.5932292 0.735 0.60260415 0.7725 0.70104164 0.7891667 0.7630208 0.7975 0.7640625 0.74583334 0.76145834 0.7416667 0.7640625 0.7366667 0.7671875 0.61083335 0.77447915 0.45333335 0.7729167 0.42666668 0.7104167 0.42083332 0.6822917 0.41583332
2 0.6713542 0.0 0.69739586 0.030833334 0.70208335 0.036666665 0.71770835 0.01 0.72291666 0.0
2 0.17447917 0.07666667 0.14322917 0.07416666 0.14010416 0.093333334 0.13802083 0.22 0.12604167 0.3425 0.15885417 0.35083333 0.2390625 0.36416668 0.25520834 0.34583333 0.26510417 0.36916667 0.32708332 0.37416667 0.32916668 0.37 0.33125 0.37416667 0.36666667 0.37666667 0.36979166 0.32833335 0.36927083 0.2775 0.3703125 0.25083333 0.37552083 0.20333333 0.38072917 0.10333333 0.34375 0.100833334 0.3421875 0.10583334 0.340625 0.105 0.340625 0.10166667 0.2796875 0.0925
2 0.3171875 0.00083333335 0.28645834 0.02 0.29947916 0.06916667 0.30364582 0.0675 0.30208334 0.07333333 0.3078125 0.096666664 0.340625 0.10166667 0.340625 0.105 0.3421875 0.105 0.34322917 0.100833334 0.36666667 0.1025 0.38072917 0.10333333 0.3765625 0.1775 0.37552083 0.20333333 0.3703125 0.25083333 0.36927083 0.27666667 0.36979166 0.32083333 0.38020834 0.35833332 0.38229167 0.3575 0.42135417 0.33083335 0.46510416 0.3 0.47708333 0.2875 0.4953125 0.27416667 0.5161458 0.25416666 0.52916664 0.235 0.528125 0.22416666 0.51979166 0.18666667 0.50572914 0.12666667 0.49166667 0.07833333 0.4734375 0.016666668 0.46979168 0.0
2 0.0 0.7583333 0.033333335 0.7366667 0.1046875 0.6925 0.12291667 0.68083334 0.13177083 0.7125 0.13541667 0.73 0.1328125 0.735 0.1359375 0.73583335 0.14166667 0.7875 0.14739583 0.81916666 0.15416667 0.8566667 0.1734375 0.9141667 0.1828125 0.94666666 0.19427083 1.0 0.0 1.0
