6 0.21302083 0.7191667 0.22552083 0.73333335 0.2859375 0.78583336 0.29114583 0.7708333 0.303125 0.7216667 0.253125 0.7241667 0.234375 0.7158333 0.21458334 0.7175
6 0.22708334 0.45583335 0.2234375 0.48083332 0.22916667 0.52416664 0.215625 0.69 0.21302083 0.7175 0.23489584 0.71666664 0.25364584 0.7241667 0.3109375 0.7216667 0.33072916 0.7191667 0.33072916 0.7025 0.3265625 0.6483333 0.325 0.60333335 0.3390625 0.51916665 0.34322917 0.475 0.2421875 0.46083334
6 0.2203125 0.6375 0.19114584 0.6766667 0.18541667 0.6925 0.2125 0.7191667 0.21302083 0.71
6 0.38020834 0.34083334 0.36145833 0.35833332 0.2921875 0.41083333 0.28385416 0.42 0.24895833 0.4275 0.2375 0.43666667 0.24166666 0.46 0.34322917 0.47333333 0.33854166 0.52166665 0.334375 0.5475 0.34375 0.555 0.3875 0.52666664 0.42916667 0.50416666 0.425 0.4875 0.38854167 0.36416668 0.38489583 0.34416667
6 0.5515625 0.3125 0.53020835 0.31416667 0.44791666 0.34166667 0.4453125 0.34916666 0.44895834 0.37583333 0.47239584 0.44166666 0.47135416 0.46083334 0.47447917 0.51666665 0.47760418 0.57 0.4828125 0.5725 0.5572917 0.5466667 0.59166664 0.53 0.58697915 0.50416666 0.58229166 0.4925 0.57239586 0.4825 0.57239586 0.45583335 0.56458336 0.39833334 0.55833334 0.34916666 0.5552083 0.31833333
6 0.47135416 0.48583335 0.45416668 0.49 0.45208332 0.49583334 0.4609375 0.54833335 0.47552082 0.59583336 0.48697916 0.6533333 0.4890625 0.6575 0.5015625 0.64916664 0.51875 0.62666667 0.546875 0.60083336 0.5619792 0.58166665 0.5703125 0.57666665 0.6 0.555 0.6046875 0.5566667 0.6197917 0.5375 0.5651042 0.39666668 0.56458336 0.39916667 0.57239586 0.45583335 0.57239586 0.48166665 0.58177084 0.4925 0.5875 0.5075 0.59166664 0.52916664 0.571875 0.5391667 0.55677086 0.5466667 0.5234375 0.55833334 0.4828125 0.5725 0.47760418 0.57 0.47239584 0.48916668
6 0.675 0.105 0.6713542 0.12583333 0.6645833 0.20416667 0.65208334 0.26916668 0.6328125 0.34333333 0.6322917 0.35416666 0.6489583 0.36083335 0.72083336 0.38583332 0.7296875 0.3925 0.7421875 0.39333335 0.7453125 0.34833333 0.74427086 0.2875 0.74375 0.27916667 0.76666665 0.21666667 0.77916664 0.17666666 0.7807292 0.1575 0.6927083 0.108333334
6 0.6625 0.1325 0.62135416 0.22666667 0.59791666 0.2775 0.6119792 0.2975 0.6390625 0.31666666 0.65208334 0.26916668 0.6640625 0.20666666 0.66979164 0.1375
6 0.6901042 0.375 0.7182292 0.42083332 0.7234375 0.41583332 0.73229164 0.39333335 0.728125 0.39166668 0.7213542 0.38666666
6 0.75625 0.245 0.74375 0.27833334 0.7447917 0.35083333 0.74322915 0.37333333 0.7515625 0.35666665 0.7583333 0.33583334 0.784375 0.28 0.78125 0.27 0.7734375 0.26083332
6 0.33489582 0.5475 0.325 0.605 0.32760417 0.6641667 0.3671875 0.57666665
