3 0.38489583 0.69416666 0.3671875 0.75666666 0.35677084 0.7925 0.35052082 0.7975 0.32395834 0.7925 0.30625 0.78333336 0.2546875 0.73333335 0.22447917 0.7083333 0.221875 0.70416665 0.2328125 0.685 0.26041666 0.6825 0.25260416 0.6433333 0.25572917 0.6308333 0.28958333 0.5725 0.3578125 0.50166667 0.36145833 0.5 0.40729168 0.5183333 0.41302082 0.5325 0.41354167 0.5375 0.39375 0.5575 0.35364583 0.58 0.35364583 0.59166664 0.36302084 0.63 0.3796875 0.67833334
3 0.5989583 0.44666666 0.565625 0.32333332 0.5484375 0.23916666 0.54895836 0.22 0.5598958 0.205 0.59479165 0.18666667 0.7 0.13666667 0.72291666 0.1525 0.74583334 0.1925 0.74583334 0.22416666 0.73645836 0.2675 0.7359375 0.28083333 0.7546875 0.29166666 0.771875 0.3075 0.7729167 0.32166666 0.7390625 0.355 0.6723958 0.41666666 0.64739585 0.43416667 0.62291664 0.45 0.61302084 0.45333335
3 0.61875 0.465 0.62916666 0.50083333 0.6328125 0.51666665 0.6421875 0.5233333 0.65989584 0.51166666 0.69114584 0.48 0.70625 0.44833332 0.7125 0.425 0.7265625 0.43583333 0.7421875 0.44 0.74895835 0.43416667 0.7416667 0.41666666 0.73229164 0.36416668 0.7 0.39333335 0.6703125 0.42 0.62395835 0.45166665 0.6145833 0.455
3 0.54270834 0.23833333 0.52916664 0.21583334 0.51875 0.19083333 0.5151042 0.17666666 0.5171875 0.17 0.546875 0.16083333 0.59010416 0.13916667 0.62395835 0.11666667 0.65625 0.10333333 0.6640625 0.1 0.6765625 0.09166667 0.69635415 0.1325 0.6265625 0.17 0.55572915 0.205 0.5473958 0.21916667 0.54583335 0.24083333
3 0.6453125 0.10333333 0.65260416 0.08416667 0.66197914 0.08083333 0.67395836 0.08916666 0.6744792 0.09166667 0.65416664 0.10166667
3 0.6953125 0.10916667 0.74895835 0.15 0.7630208 0.16333333 0.77447915 0.185 0.79322916 0.1925 0.8177083 0.21583334 0.81927085 0.23416667 0.8140625 0.2525 0.79375 0.2775 0.77447915 0.26916668 0.7703125 0.28333333 0.77239585 0.30666667 0.75572914 0.29 0.73645836 0.27833334 0.73802084 0.2625 0.746875 0.225 0.746875 0.19 0.7234375 0.14916667 0.6979167 0.13583334 0.69635415 0.12833333 0.68854165 0.11083333
3 0.73854166 0.395 0.7484375 0.4025 0.7572917 0.40833333 0.7651042 0.40833333 0.76770836 0.39333335 0.76770836 0.3525 0.7729167 0.32333332 0.7390625 0.3575 0.73333335 0.3625
3 0.72291666 0.43833333 0.709375 0.525 0.709375 0.5366667 0.7083333 0.5475 0.7036458 0.55333334 0.69166666 0.55333334 0.675 0.525 0.66302085 0.51 0.68645835 0.48666668 0.6921875 0.48083332 0.70729166 0.4475 0.71197915 0.425
3 0.5786458 0.38083333 0.5765625 0.5075 0.5765625 0.525 0.58489585 0.5441667 0.5942708 0.5416667 0.6140625 0.5308333 0.6197917 0.5308333 0.6322917 0.53333336 0.6484375 0.53333336 0.6515625 0.5275 0.65833336 0.515 0.64270836 0.525 0.6328125 0.5175 0.62135416 0.4775 0.61354166 0.455 0.6010417 0.44916666 0.59739584 0.445 0.5828125 0.3875
3 0.3640625 0.6308333 0.41041666 0.7658333 0.42708334 0.785 0.45260417 0.78333336 0.46770832 0.7575 0.46510416 0.7341667 0.471875 0.7225 0.48854166 0.6983333 0.51927084 0.6591667 0.51927084 0.64666665 0.509375 0.6358333 0.49739584 0.63416666 0.4875 0.6116667 0.47395834 0.5966667 0.4640625 0.5833333 0.44479167 0.5775 0.43072918 0.5341667 0.425 0.52916664 0.3953125 0.5566667 0.35625 0.58 0.3546875 0.59166664
