3 0.8588542 0.3075 0.80260414 0.37583333 0.76979166 0.4075 0.7552083 0.41833332 0.7578125 0.44083333 0.82395834 0.63 0.8286458 0.62916666 0.8296875 0.61833334 0.83229166 0.605 0.85625 0.57166666 0.8765625 0.5441667 0.896875 0.5325 0.90833336 0.52416664 0.92760414 0.5125 0.93125 0.5075 0.93333334 0.49416667 0.93177086 0.48 0.91041666 0.3925 0.90520835 0.36416668 0.8901042 0.3175 0.8822917 0.305 0.8744792 0.30083334 0.86822915 0.30083334
6 0.896875 0.2175 0.8265625 0.34666666 0.8625 0.30583334 0.8677083 0.29916668 0.878125 0.30166668 0.88385415 0.305 0.8911458 0.3175 0.9067708 0.36666667 0.91822916 0.42333335 0.925 0.41333333 0.93333334 0.39333335 0.9526042 0.3525 0.9828125 0.30916667 0.99010414 0.28333333 0.9713542 0.26 0.9427083 0.23666666 0.93072915 0.2275 0.9140625 0.20416667 0.90989584 0.19333333
3 0.8677083 0.22333333 0.79583335 0.365 0.76197916 0.41416666 0.7526042 0.4225 0.74427086 0.41083333 0.7317708 0.38916665 0.73072916 0.37166667 0.7265625 0.36416668 0.7317708 0.34833333 0.7317708 0.3325 0.7239583 0.3175 0.7083333 0.30083334 0.69166666 0.26583335 0.6890625 0.25333333 0.690625 0.24666667 0.69739586 0.23666666 0.70989585 0.23416667 0.71979165 0.22916667 0.72552085 0.215 0.734375 0.20833333 0.74895835 0.19833334 0.75625 0.18833333 0.7760417 0.18833333 0.78489584 0.17833333 0.7973958 0.15 0.80885416 0.1525 0.8151042 0.16166666 0.809375 0.165 0.80052084 0.185 0.7916667 0.19166666 0.80052084 0.19833334 0.8109375 0.2 0.81927085 0.18833333 0.8276042 0.18166667 0.8364583 0.18833333 0.8375 0.1975 0.8296875 0.21583334 0.8411458 0.22416666 0.85625 0.22416666 0.8640625 0.21916667
9 0.8072917 0.3675 0.79895836 0.3625 0.76458335 0.41083333 0.79479164 0.38416666 0.80260414 0.37583333
9 0.73072916 0.54 0.7104167 0.58166665 0.6802083 0.65416664 0.67083335 0.68 0.6296875 0.63416666 0.61302084 0.6166667 0.6078125 0.5975 0.5953125 0.58666664 0.59375 0.5541667 0.63385415 0.5925 0.63958335 0.59166664 0.64479166 0.59 0.6484375 0.58416665 0.65520835 0.5683333 0.7026042 0.43333334 0.715625 0.40166667 0.7125 0.3975 0.71302086 0.39166668 0.7171875 0.39333335 0.72760415 0.365 0.73125 0.3725 0.7317708 0.38916665 0.7515625 0.4225 0.75625 0.42083332 0.7578125 0.4425 0.76666665 0.46583334
12 0.58385414 0.54583335 0.5677083 0.6408333 0.5515625 0.70166665 0.54479164 0.73083335 0.5395833 0.7266667 0.5307292 0.7216667 0.48958334 0.6975 0.47083333 0.68916667 0.4640625 0.68833333 0.46666667 0.675 0.484375 0.61083335 0.4984375 0.5225 0.5005208 0.505 0.50989586 0.475 0.5234375 0.41083333 0.5375 0.3375 0.54270834 0.31 0.546875 0.31333333 0.56145835 0.32333332 0.5703125 0.32833335 0.56875 0.3375 0.528125 0.44083333 0.52135414 0.45833334 0.51875 0.47166666 0.5229167 0.48916668 0.52760416 0.495 0.57395834 0.5366667
13 0.47916666 0.39916667 0.44635418 0.5783333 0.43854168 0.5233333 0.43177083 0.4625 0.42708334 0.42083332 0.42239583 0.41583332 0.4078125 0.42083332 0.3125 0.4675 0.31875 0.4225 0.3390625 0.2975 0.34270832 0.27833334 0.3484375 0.27166668 0.35677084 0.27083334 0.39166668 0.28916666 0.44947916 0.31166667 0.47239584 0.32 0.48177084 0.32833335 0.48697916 0.33666667 0.48645833 0.35
7 0.3 0.47583333 0.22604166 0.515 0.23177083 0.5491667 0.2453125 0.57916665 0.275 0.6333333 0.29947916 0.6816667 0.29427084 0.7108333 0.2828125 0.76666665 0.275 0.81083333 0.28020832 0.83666664 0.32864583 0.81166667 0.36354166 0.7866667 0.37708333 0.7891667 0.390625 0.79 0.409375 0.77916664 0.44947916 0.7758333 0.4734375 0.77166665 0.47708333 0.7583333 0.47604167 0.7375 0.46458334 0.685 0.446875 0.585 0.44166666 0.55 0.42760417 0.42333335 0.42291668 0.41583332 0.30989584 0.46916667
8 0.19635417 0.36916667 0.17864583 0.42833334 0.15989584 0.49333334 0.13958333 0.5308333 0.13333334 0.55 0.13333334 0.5625 0.13802083 0.5733333 0.14427084 0.5808333 0.1703125 0.6025 0.18802084 0.615 0.2265625 0.6458333 0.24114583 0.65833336 0.2484375 0.66 0.25520834 0.65416664 0.26302084 0.6408333 0.26875 0.6225 0.2328125 0.55083334 0.2265625 0.5175 0.23489584 0.5108333 0.30052084 0.47583333 0.31145832 0.4675 0.3328125 0.33083335 0.259375 0.26666668 0.24635416 0.2575 0.23645833 0.26 0.22916667 0.26916668 0.21666667 0.3125 0.21145834 0.36666667
4 0.33958334 0.11666667 0.28854167 0.0 0.34791666 0.0 0.35104167 0.0 0.38697916 0.08916666 0.39791667 0.09916667 0.41145834 0.1025 0.42447916 0.1075 0.4390625 0.119166665 0.45208332 0.13083333 0.45729166 0.14333333 0.46041667 0.155 0.4578125 0.17916666 0.45208332 0.2025 0.45 0.22833334 0.45052084 0.24833333 0.440625 0.26 0.43177083 0.26916668 0.43229166 0.28083333 0.4453125 0.28583333 0.43958333 0.2975 0.42708334 0.3025 0.40572917 0.29333332 0.38229167 0.28416666 0.36145833 0.2725 0.35364583 0.26166666 0.34583333 0.2325 0.34375 0.19916667 0.3484375 0.17 0.35052082 0.1575 0.34947917 0.14083333 0.34583333 0.12916666
1 0.069270834 0.119166665 0.13802083 0.14666666 0.21197917 0.18583333 0.22083333 0.18 0.234375 0.18 0.2359375 0.18916667 0.2296875 0.2425 0.22135417 0.29166666 0.21614583 0.31 0.2125 0.36416668 0.2 0.36833334 0.18802084 0.33416668 0.17135416 0.32 0.025 0.24916667 0.0020833334 0.23916666 0.0052083335 0.21083333 0.016666668 0.16333333 0.024479168 0.09166667 0.030208332 0.053333335 0.042708334 0.05666667 0.0515625 0.0875 0.058854166 0.10583334
19 0.61822915 0.225 0.6958333 0.29583332 0.7265625 0.32166666 0.7338542 0.34333333 0.7260417 0.36583334 0.71875 0.39083335 0.7114583 0.39083335 0.71197915 0.40166667 0.715625 0.4025 0.6489583 0.5833333 0.6390625 0.5925 0.61510414 0.5758333 0.571875 0.535 0.52239585 0.48916668 0.51927084 0.4775 0.51927084 0.4625 0.525 0.44583333 0.5708333 0.32833335 0.5864583 0.28166667 0.59010416 0.285 0.58958334 0.27083334 0.6 0.23916666 0.6041667 0.23083334 0.609375 0.2275
9 0.6609375 0.22333333 0.68645835 0.2525 0.696875 0.27416667 0.71197915 0.30916667 0.6734375 0.27666667 0.6489583 0.25416666 0.6401042 0.24666667 0.6432292 0.22333333 0.6489583 0.21166667
2 0.72291666 0.12 0.7046875 0.19333333 0.7 0.235 0.69375 0.24083333 0.68854165 0.2525 0.66822916 0.23166667 0.64947915 0.21166667 0.6432292 0.21916667 0.6401042 0.245 0.6166667 0.225 0.60520834 0.23166667 0.59947914 0.23833333 0.5885417 0.27333334 0.59010416 0.28416666 0.5854167 0.28 0.5776042 0.30583334 0.5338542 0.28916666 0.4796875 0.26583335 0.46302083 0.2575 0.46145833 0.24583334 0.47083333 0.19833334 0.50625 0.0 0.5885417 0.0 0.6546875 0.04083333 0.7291667 0.0775
1 0.4671875 0.051666666 0.475 0.015 0.46770832 0.008333334 0.45625 0.0 0.5052083 0.0 0.48385417 0.1225 0.465625 0.22916667 0.45989582 0.2525 0.4640625 0.25833333 0.53541666 0.29083332 0.5395833 0.30083334 0.5442708 0.31166667 0.5385417 0.33583334 0.5307292 0.3675 0.528125 0.34583333 0.528125 0.31666666 0.44375 0.28666666 0.43020833 0.28083333 0.43229166 0.27166668 0.4484375 0.2525 0.45 0.23833333 0.45052084 0.21916667 0.45729166 0.18333334 0.46145833 0.155 0.46302083 0.11 0.46354166 0.0775
18 0.9526042 0.475 1.0 0.42583334 1.0 0.68083334 0.96770835 0.7183333 0.9583333 0.7216667 0.94739586 0.72083336 0.9380208 0.71 0.9270833 0.68916667 0.88125 0.5908333 0.8776042 0.5683333 0.88697916 0.54333335 0.90625 0.52416664 0.9192708 0.51916665 0.92760414 0.5133333 0.93125 0.5083333 0.93541664 0.49416667
