12 0.73072916 0.1125 0.7338542 0.0 0.503125 0.0 0.503125 0.029166667 0.51354164 0.08 0.50625 0.083333336 0.5072917 0.12166667 0.54114586 0.123333335 0.5833333 0.1175 0.646875 0.11416667 0.684375 0.115 0.7125 0.11416667
12 0.74583334 0.028333334 0.73229164 0.05666667 0.73072916 0.1125 0.70677084 0.115 0.67604166 0.18583333 0.61614585 0.30083334 0.653125 0.345 0.67864585 0.36666667 0.69322914 0.3825 0.7015625 0.38416666 0.7083333 0.37666667 0.7234375 0.365 0.728125 0.3575 0.7317708 0.3525 0.7640625 0.22916667 0.8171875 0.08833333 0.82447916 0.059166666 0.8140625 0.07333333 0.7953125 0.07416666 0.7786458 0.065 0.7671875 0.0525
12 0.9359375 0.22833334 1.0 0.235 1.0 0.6025 0.9348958 0.6016667 0.93177086 0.5675 0.9265625 0.5441667 0.934375 0.45916668 0.93645835 0.40583333 0.9328125 0.3875 0.9302083 0.37333333 0.93177086 0.3525 0.934375 0.33916667 0.934375 0.26166666
12 0.92395836 0.47666666 0.90052086 0.46583334 0.87916666 0.4475 0.8578125 0.4425 0.8671875 0.38083333 0.87291664 0.34916666 0.878125 0.3025 0.8875 0.25333333 0.89375 0.22166666 0.89739585 0.18083334 0.91302085 0.08083333 0.9265625 0.0825 0.9515625 0.096666664 0.98854166 0.12916666 1.0 0.13666667 1.0 0.1525 0.9869792 0.205 0.9848958 0.21333334 0.98333335 0.2325 0.9359375 0.22833334 0.934375 0.26166666 0.9348958 0.34 0.9322917 0.35166666 0.9302083 0.37416667 0.9369792 0.40666667 0.9348958 0.45333335 0.93177086 0.48083332
12 0.696875 0.39333335 0.7135417 0.41583332 0.7494792 0.49083334 0.76145834 0.5308333 0.7661458 0.5225 0.7807292 0.50333333 0.80364585 0.47416666 0.83385414 0.41583332 0.8411458 0.39666668 0.8520833 0.37583333 0.87291664 0.34916666 0.878125 0.3025 0.8901042 0.24 0.89270836 0.22416666 0.87604165 0.17916666 0.8619792 0.16833334 0.8546875 0.16583334 0.84947914 0.16833334 0.8333333 0.1925 0.8078125 0.24333334 0.7348958 0.34166667 0.73229164 0.3525 0.7234375 0.36416668 0.70677084 0.3775 0.7005208 0.38666666
12 0.80364585 0.24 0.7473958 0.29333332 0.734375 0.3425 0.7572917 0.31083333 0.8046875 0.2475 0.80833334 0.24333334 0.8109375 0.235
12 0.69895834 0.5108333 0.6723958 0.5416667 0.65729165 0.5225 0.634375 0.47666666 0.62135416 0.44583333 0.6203125 0.42916667 0.6796875 0.3675 0.69322914 0.3825 0.70104164 0.38333333 0.696875 0.39333335 0.71197915 0.41333333 0.7375 0.4675
12 0.78125 0.69666666 0.76979166 0.7008333 0.75208336 0.6983333 0.7427083 0.69666666 0.7265625 0.7058333 0.69947916 0.70166665 0.70677084 0.62666667 0.7005208 0.5758333 0.6953125 0.5625 0.7213542 0.5575 0.76979166 0.5466667 0.7828125 0.5491667 0.8125 0.54 0.8567708 0.53833336 0.91979164 0.52416664 0.9265625 0.5466667 0.93125 0.565 0.934375 0.6066667 0.9265625 0.68583333 0.8875 0.68333334 0.86302084 0.69083333 0.8286458 0.685 0.8072917 0.68666667 0.7921875 0.69916666 0.7890625 0.6958333
12 0.7 0.6308333 0.6703125 0.65833336 0.65989584 0.67 0.65052086 0.68416667 0.6125 0.7225 0.5697917 0.61083335 0.5541667 0.5625 0.6166667 0.5158333 0.64166665 0.49166667 0.65729165 0.5225 0.671875 0.54083335 0.73854166 0.4675 0.7494792 0.49 0.76145834 0.5316667 0.7661458 0.5233333 0.78020835 0.50416666 0.790625 0.49166667 0.80104166 0.54333335 0.7828125 0.5491667 0.7708333 0.5466667 0.71197915 0.55833334 0.69635415 0.5625 0.7005208 0.5733333 0.70677084 0.62666667
12 0.30677083 0.39916667 0.32083333 0.44916666 0.3578125 0.56583333 0.38489583 0.5441667 0.42552084 0.505 0.5171875 0.41 0.5494792 0.39416668 0.5697917 0.385 0.56614584 0.37333333 0.54114586 0.31666666 0.52135414 0.23583333 0.5083333 0.24416667 0.48020834 0.275 0.453125 0.30333334 0.35989583 0.36 0.33958334 0.37333333 0.3140625 0.38916665
12 0.34010416 0.00083333335 0.29895833 0.018333333 0.259375 0.02 0.27135417 0.12833333 0.278125 0.16833334 0.34895834 0.14333333 0.390625 0.13416667 0.4953125 0.09 0.51354164 0.08 0.49583334 0.0
