18 0.29739583 0.53583336 0.23229167 0.5025 0.21822916 0.49333334 0.19947916 0.47583333 0.17864583 0.46333334 0.17239584 0.46583334 0.16458334 0.4725 0.16197917 0.48083332 0.18072917 0.48416665 0.18697916 0.49083334 0.19270833 0.505 0.18697916 0.62333333 0.18177083 0.69416666 0.18125 0.7058333 0.29739583 0.78333336 0.3109375 0.79333335 0.31875 0.7925 0.32604167 0.7866667 0.32864583 0.7825 0.35260418 0.6875 0.37083334 0.60333335 0.36875 0.58916664 0.36510417 0.58
18 0.440625 0.68916667 0.38229167 0.6375 0.36666667 0.62416667 0.35833332 0.6616667 0.3515625 0.68916667 0.34166667 0.73083335 0.33385417 0.7625 0.32864583 0.7825 0.32604167 0.7866667 0.31875 0.7925 0.3109375 0.79333335 0.28125 0.7725 0.27864584 0.7808333 0.278125 0.7966667 0.28229168 0.81166667 0.3140625 0.8375 0.3734375 0.88416666 0.44427082 0.94416666 0.46197918 0.95916665 0.46927083 0.95666665 0.4765625 0.9508333 0.4921875 0.9 0.4984375 0.8775 0.5083333 0.8516667 0.528125 0.79 0.5296875 0.77666664 0.52708334 0.765 0.5234375 0.75666666 0.49635416 0.7366667 0.48229167 0.7275 0.465625 0.7175 0.44791666 0.6975
18 0.83020836 0.5325 0.79322916 0.5566667 0.74427086 0.5925 0.72447914 0.6066667 0.7203125 0.615 0.71875 0.62583333 0.76145834 0.77916664 0.80364585 0.9116667 0.8098958 0.9225 0.821875 0.9291667 0.9302083 0.84583336 0.93385416 0.8283333 0.93072915 0.81416667 0.9114583 0.74916667 0.88645834 0.685 0.88385415 0.66083336 0.8765625 0.63916665 0.8666667 0.62166667 0.8619792 0.60333335 0.86302084 0.5908333 0.85 0.535 0.83958334 0.52666664
18 0.74427086 0.083333336 0.6947917 0.13666667 0.6588542 0.18 0.65260416 0.19583334 0.653125 0.21666667 0.6645833 0.23916666 0.69114584 0.28583333 0.70625 0.32 0.740625 0.41333333 0.759375 0.45 0.76875 0.46416667 0.7786458 0.46666667 0.7890625 0.46166667 0.84583336 0.4025 0.875 0.3675 0.87916666 0.35083333 0.8776042 0.32916668 0.8677083 0.305 0.82135415 0.21083333 0.8041667 0.17666666 0.79375 0.15 0.77760416 0.12166667 0.76927084 0.096666664 0.7604167 0.083333336 0.7505208 0.08166666
18 0.66979164 0.09166667 0.5885417 0.2075 0.55 0.26583335 0.5239583 0.30166668 0.52239585 0.31333333 0.5229167 0.3275 0.60260415 0.46916667 0.61041665 0.47083333 0.61927086 0.47083333 0.6640625 0.39833334 0.6880208 0.36666667 0.7109375 0.33333334 0.7057292 0.31916666 0.69166666 0.28583333 0.6703125 0.25 0.6635417 0.2375 0.653125 0.21666667 0.65208334 0.19583334 0.6588542 0.18 0.703125 0.1275 0.68541664 0.093333334 0.6765625 0.09166667
18 0.25885418 0.16083333 0.25260416 0.16 0.24114583 0.16666667 0.22083333 0.215 0.20729166 0.25583333 0.1890625 0.3125 0.18125 0.33666667 0.14114584 0.4175 0.13854167 0.435 0.140625 0.45166665 0.14635417 0.46083334 0.1625 0.47833332 0.16458334 0.4725 0.17135416 0.46583334 0.178125 0.46416667 0.20052083 0.47666666 0.22083333 0.495 0.27135417 0.5225 0.29583332 0.45833334 0.321875 0.39916667 0.36197916 0.29833335 0.36354166 0.27666667 0.35677084 0.25916666 0.33177084 0.23416667 0.27604166 0.17416666
18 0.4359375 0.20916666 0.42708334 0.21 0.3953125 0.24833333 0.37135416 0.2825 0.36197916 0.2975 0.33125 0.37666667 0.28958333 0.47333333 0.32552084 0.5391667 0.33385417 0.55833334 0.36614582 0.57916665 0.3671875 0.58166665 0.39322916 0.54583335 0.40885416 0.5183333 0.42135417 0.50333333 0.43229166 0.49583334 0.48125 0.43416667 0.51666665 0.3875 0.5182292 0.36916667 0.5171875 0.3575 0.46302083 0.24916667 0.44635418 0.21333334
18 0.34322917 0.13416667 0.27239582 0.115 0.1828125 0.090833336 0.1546875 0.083333336 0.14375 0.085 0.13385417 0.096666664 0.13020833 0.11 0.12291667 0.235 0.118229166 0.27416667 0.1203125 0.28916666 0.12447917 0.3025 0.13645834 0.3125 0.18541667 0.32083333 0.1859375 0.32166666 0.19947916 0.28 0.21979167 0.21833333 0.24114583 0.16666667 0.25260416 0.16 0.25885418 0.16083333 0.27552083 0.17416666 0.3265625 0.22833334 0.34427083 0.24666667 0.3484375 0.2 0.3546875 0.15416667 0.353125 0.1475 0.34895834 0.13916667 0.34583333 0.13666667
18 0.61510414 0.61583334 0.5921875 0.5966667 0.578125 0.58416665 0.5609375 0.56583333 0.54114586 0.53583336 0.53125 0.5233333 0.51458335 0.5 0.48489583 0.465 0.475 0.4525 0.465625 0.45333335 0.4453125 0.48 0.42708334 0.52 0.390625 0.6025 0.38854167 0.61333334 0.39114583 0.635 0.42708334 0.6766667 0.44010416 0.69 0.46666667 0.7183333 0.50104165 0.7391667 0.5234375 0.7575 0.52760416 0.765 0.52916664 0.7758333 0.5296875 0.7783333 0.5286458 0.7891667 0.52760416 0.79333335 0.54375 0.81166667 0.5520833 0.81666666 0.5625 0.81416667 0.5703125 0.80916667 0.57708335 0.7966667 0.6041667 0.73 0.6354167 0.6566667 0.6354167 0.64166665 0.6328125 0.63 0.6197917 0.62083334
18 0.5786458 0.49166667 0.540625 0.535 0.5619792 0.5675 0.58958334 0.5941667 0.6088542 0.6116667 0.621875 0.62166667 0.6333333 0.6308333 0.6354167 0.63916665 0.6359375 0.6575 0.59947914 0.7416667 0.60625 0.7391667 0.62291664 0.71666664 0.65989584 0.6675 0.66875 0.65416664 0.70416665 0.6175 0.7291667 0.59166664 0.75572914 0.56166667 0.7609375 0.5475 0.7630208 0.5308333 0.75572914 0.50916666 0.7484375 0.495 0.74010414 0.47416666 0.703125 0.39666668 0.6947917 0.38083333 0.68645835 0.37333333 0.68333334 0.3725 0.6640625 0.3975 0.61927086 0.47083333 0.609375 0.47083333 0.60260415 0.46916667 0.59947914 0.46416667 0.5885417 0.4775
18 0.56666666 0.885 0.5265625 0.8983333 0.51875 0.8925 0.51197916 0.8825 0.5083333 0.8525 0.52760416 0.79333335 0.54583335 0.81333333 0.5515625 0.81666666 0.56354165 0.81416667 0.5703125 0.80833334 0.5786458 0.7925 0.5854167 0.7758333 0.596875 0.74666667 0.5989583 0.7416667 0.60729164 0.73833334 0.62916666 0.7075 0.65625 0.6725 0.66822916 0.655 0.7015625 0.62 0.7083333 0.62916666 0.7296875 0.81916666 0.7270833 0.83 0.7213542 0.84166664 0.69947916 0.84583336 0.665625 0.8516667 0.65416664 0.85083336 0.6354167 0.8541667 0.61041665 0.8675 0.58385414 0.87916666
18 0.43697917 0.09166667 0.46145833 0.094166666 0.4828125 0.11 0.4859375 0.11 0.48958334 0.09166667 0.51145834 0.08083333 0.5385417 0.06916667 0.54791665 0.0775 0.55364585 0.0875 0.55677086 0.1225 0.5619792 0.17333333 0.56927085 0.23583333 0.55 0.26583335 0.5364583 0.28333333 0.5239583 0.30166668 0.52239585 0.31333333 0.5229167 0.3275 0.5765625 0.42333335 0.4703125 0.44833332 0.51666665 0.3875 0.5182292 0.37 0.5171875 0.3575 0.4875 0.29833335 0.44947916 0.22 0.44635418 0.21333334 0.43645832 0.20916666 0.428125 0.20916666 0.42447916 0.108333334 0.42864582 0.0975
18 0.82135415 0.15833333 0.87395835 0.19 0.89166665 0.19916667 0.9328125 0.22083333 0.9375 0.23166667 0.9390625 0.24416667 0.9375 0.2575 0.9291667 0.28666666 0.91979164 0.32916668 0.9078125 0.37666667 0.9015625 0.40416667 0.8979167 0.42166665 0.8953125 0.45166665 0.8890625 0.48416665 0.87864584 0.5416667 0.86927086 0.55 0.86354166 0.5516667 0.853125 0.54583335 0.85 0.535 0.8390625 0.5258333 0.82916665 0.53333336 0.74895835 0.48916668 0.74375 0.4775 0.74114585 0.4625 0.74895835 0.43083334 0.76145834 0.45333335 0.76927084 0.46416667 0.7786458 0.46666667 0.7885417 0.46166667 0.8328125 0.41583332 0.85260415 0.39416668 0.875 0.3675 0.8796875 0.35083333 0.8776042 0.32916668 0.8671875 0.30416667 0.83385414 0.23666666 0.8046875 0.1775 0.80677086 0.17 0.8140625 0.1625
18 0.18072917 0.48416665 0.094791666 0.47 0.055208333 0.46333334 0.0484375 0.46833333 0.041666668 0.47833332 0.0375 0.56 0.0390625 0.5975 0.045833334 0.62333333 0.045833334 0.6308333 0.042708334 0.65166664 0.0390625 0.675 0.031770833 0.695 0.029166667 0.7158333 0.0234375 0.7916667 0.026041666 0.8066667 0.034895834 0.81916666 0.1640625 0.83666664 0.17291667 0.8275 0.17708333 0.82166666 0.178125 0.7841667 0.178125 0.75916666 0.18020834 0.74916667 0.18177083 0.69083333 0.1875 0.6191667 0.19270833 0.505 0.18697916 0.49083334
