14 0.2265625 0.59583336 0.253125 0.62666667 0.28697917 0.65 0.29375 0.65416664 0.29375 0.6408333 0.30208334 0.60583335 0.32395834 0.54833335 0.36041668 0.45333335 0.38125 0.4025 0.38802084 0.38833332 0.39791667 0.37583333 0.39895833 0.37333333 0.40520832 0.37666667 0.4078125 0.37583333 0.41458333 0.36666667 0.39791667 0.34916666 0.37708333 0.32666665 0.36145833 0.30916667 0.34895834 0.29416665 0.34739584 0.2975 0.3453125 0.305 0.34427083 0.31916666 0.34322917 0.3375 0.34322917 0.34 0.33645833 0.3625 0.32395834 0.395 0.31666666 0.40833333 0.28125 0.48833334 0.25104168 0.55833334 0.24895833 0.57166666 0.2375 0.5775 0.23489584 0.5775 0.23229167 0.5825 0.22760417 0.5925
14 0.38229167 0.40166667 0.38541666 0.40166667 0.38958332 0.39583334 0.38958332 0.38916665 0.39010417 0.38666666 0.38802084 0.38833332 0.38385418 0.39833334
14 0.35885417 0.305 0.37239584 0.305 0.38645834 0.30333334 0.3890625 0.30333334 0.3984375 0.30916667 0.38802084 0.33833334 0.3734375 0.3225 0.3609375 0.3075 0.359375 0.30666667
14 0.43020833 0.27 0.4328125 0.265 0.4859375 0.26916668 0.50208336 0.27 0.503125 0.275 0.5026042 0.30416667 0.4921875 0.325 0.48958334 0.3675 0.48489583 0.455 0.48385417 0.50083333 0.48125 0.57916665 0.48177084 0.5875 0.484375 0.6016667 0.475 0.605 0.4671875 0.60833335 0.45833334 0.62666667 0.45625 0.63416666 0.46354166 0.64166665 0.42291668 0.6383333 0.41614583 0.6383333 0.41666666 0.63 0.42708334 0.61083335 0.428125 0.5908333 0.42916667 0.5391667 0.43020833 0.465 0.43489584 0.38 0.43645832 0.35666665 0.43854168 0.34166667 0.43333334 0.31583333 0.42760417 0.29833335 0.42916667 0.27666667
14 0.34739584 0.74583334 0.36458334 0.74583334 0.37135416 0.73833334 0.3734375 0.735 0.37552083 0.73 0.3921875 0.73083335 0.44635418 0.73333335 0.5416667 0.735 0.5598958 0.7366667 0.565625 0.73833334 0.571875 0.74833333 0.57395834 0.755 0.578125 0.7575 0.58229166 0.74916667 0.5854167 0.74583334 0.58385414 0.72 0.58697915 0.7058333 0.5854167 0.68916667 0.5854167 0.6616667 0.58385414 0.6425 0.58385414 0.6383333 0.58020836 0.6375 0.56927085 0.6425 0.5572917 0.65 0.55052084 0.65 0.53697914 0.64666665 0.5307292 0.655 0.52708334 0.6591667 0.525 0.67833334 0.5229167 0.6933333 0.51458335 0.7008333 0.509375 0.7075 0.50572914 0.70166665 0.4890625 0.67083335 0.4828125 0.6575 0.46979168 0.64666665 0.46458334 0.6425 0.4640625 0.6425 0.46354166 0.64166665 0.44791666 0.6408333 0.428125 0.6383333 0.41458333 0.6383333 0.38802084 0.63666666 0.38072917 0.6333333 0.36979166 0.625 0.36302084 0.62333333 0.34791666 0.625 0.34739584 0.69166666 0.34739584 0.735
14 0.5083333 0.56916666 0.5619792 0.4675 0.5953125 0.40666667 0.6041667 0.395 0.61302084 0.375 0.6109375 0.36416668 0.61354166 0.35333332 0.6244792 0.33 0.628125 0.3325 0.6692708 0.38333333 0.6822917 0.40583333 0.6822917 0.41 0.67291665 0.43416667 0.6609375 0.44 0.6578125 0.44083333 0.65052086 0.45666668 0.6333333 0.485 0.571875 0.5883333 0.53697914 0.645 0.5364583 0.6458333 0.5307292 0.65416664 0.52708334 0.65833336 0.5265625 0.6616667 0.52447915 0.68 0.5229167 0.6933333 0.52239585 0.6933333 0.51458335 0.7008333 0.50989586 0.70666665 0.509375 0.7075 0.5052083 0.7008333 0.49895832 0.68833333 0.48854166 0.6691667 0.48333332 0.6575 0.46875 0.6458333 0.46302083 0.64 0.45625 0.63416666 0.45833334 0.62666667 0.4671875 0.6091667 0.48177084 0.6025 0.48385417 0.6016667 0.49270833 0.595 0.50677085 0.575
14 0.61145836 0.5233333 0.65520835 0.5875 0.66197914 0.5991667 0.66979164 0.6016667 0.67552084 0.60583335 0.6703125 0.58666664 0.66614586 0.5775 0.65 0.55583334 0.63958335 0.5391667 0.6375 0.5316667 0.6453125 0.5225 0.65989584 0.52166665 0.6692708 0.51916665 0.68541664 0.51916665 0.6901042 0.5158333 0.6515625 0.46 0.65052086 0.4575 0.6432292 0.46916667 0.62708336 0.49583334 0.615625 0.515 0.6109375 0.5233333
14 0.6765625 0.6175 0.7192708 0.68083334 0.72552085 0.69083333 0.72760415 0.705 0.728125 0.7133333 0.73645836 0.7241667 0.746875 0.73 0.7473958 0.7183333 0.7546875 0.7033333 0.78020835 0.6591667 0.7916667 0.64416665 0.7916667 0.6433333 0.7864583 0.6333333 0.77916664 0.6225 0.775 0.6225 0.7583333 0.60833335 0.74010414 0.58916664 0.7348958 0.5825 0.71197915 0.59583336 0.6796875 0.61583334 0.678125 0.6166667
14 0.6901042 0.515 0.7328125 0.49166667 0.79270834 0.45833334 0.8125 0.4425 0.8197917 0.44 0.8286458 0.42583334 0.82916665 0.4175 0.83489585 0.41416666 0.8442708 0.45416668 0.85572916 0.50083333 0.8645833 0.52166665 0.8625 0.5225 0.85052085 0.5208333 0.84166664 0.52 0.79583335 0.54333335 0.7348958 0.58166665 0.70416665 0.60083336 0.6859375 0.6116667 0.6765625 0.6166667 0.6692708 0.61 0.66302085 0.605 0.6557292 0.6 0.6614583 0.5991667 0.6703125 0.6016667 0.67552084 0.60583335 0.67552084 0.605 0.6703125 0.5858333 0.66614586 0.5758333 0.6536458 0.56 0.64947915 0.555 0.63958335 0.5391667 0.6375 0.5316667 0.6453125 0.5233333 0.6458333 0.5225 0.6609375 0.52166665 0.66979164 0.51916665 0.68541664 0.52 0.6901042 0.5158333
14 0.3453125 0.30416667 0.19583334 0.29 0.1875 0.28166667 0.18020834 0.27 0.1765625 0.27083334 0.16614583 0.34333333 0.15989584 0.3875 0.16302083 0.3925 0.1734375 0.39416668 0.17135416 0.38666666 0.1765625 0.38333333 0.19322917 0.38333333 0.24114583 0.3875 0.3 0.3925 0.3234375 0.395 0.33697918 0.36 0.34270832 0.33916667 0.34427083 0.31583333 0.3453125 0.30666667
