8 0.086979166 0.38833332 0.08177083 0.39333335 0.07447917 0.39416668 0.06614583 0.39416668 0.059375 0.39083335 0.0 0.3225 0.0 0.20666666 0.0020833334 0.2075 0.0036458333 0.20666666 0.0036458333 0.2 0.013020833 0.1875 0.019791666 0.17583333 0.025 0.1625 0.030729167 0.155 0.040625 0.14833333 0.048958335 0.1375 0.056770835 0.11833333 0.06302083 0.108333334 0.075 0.094166666 0.08229167 0.08166666 0.0890625 0.086666666 0.13385417 0.10166667 0.1640625 0.11333334 0.18645833 0.125 0.2078125 0.1225 0.21041666 0.13166666 0.21041666 0.14083333 0.20833333 0.15333334 0.140625 0.20083334 0.091145836 0.23416667 0.056770835 0.25833333 0.052083332 0.265 0.050520834 0.275 0.053645834 0.29333332 0.08541667 0.38166666
8 0.196875 0.39333335 0.178125 0.41083333 0.17083333 0.41666666 0.16875 0.415 0.1671875 0.41833332 0.16875 0.42083332 0.13645834 0.4425 0.12916666 0.44833332 0.11875 0.45 0.11302083 0.45 0.10729167 0.44333333 0.090625 0.3975 0.08541667 0.3825 0.054166667 0.29333332 0.050520834 0.27583334 0.052604165 0.265 0.056770835 0.25916666 0.1203125 0.215 0.17291667 0.17833333 0.22760417 0.13916667 0.2453125 0.12916666 0.25052083 0.1275 0.25572917 0.13 0.23125 0.245 0.21458334 0.30833334 0.2078125 0.32833335 0.19791667 0.37083334 0.19895834 0.38333333
8 0.18177083 0.51 0.17708333 0.505 0.17447917 0.5 0.17239584 0.4875 0.18385416 0.40666667 0.19739583 0.39416668 0.19114584 0.45416668 0.18854167 0.47333333 0.1828125 0.5058333
8 0.27447918 0.083333336 0.26927084 0.086666666 0.26510417 0.090833336 0.26145834 0.09583333 0.25989583 0.108333334 0.2578125 0.12083333 0.25572917 0.13 0.23177083 0.24583334 0.215625 0.30166668 0.20260416 0.3475 0.19739583 0.3725 0.19895834 0.38083333 0.20364584 0.3625 0.20677084 0.35583332 0.21145834 0.35 0.2171875 0.34583333 0.225 0.34583333 0.24635416 0.35583332 0.3203125 0.3925 0.33125 0.39833334 0.33385417 0.405 0.33697918 0.41333333 0.3453125 0.38 0.34583333 0.36916667 0.35260418 0.3275 0.35833332 0.3 0.36510417 0.2625 0.3765625 0.21583334 0.38645834 0.17083333 0.38958332 0.16083333 0.3890625 0.14833333 0.38072917 0.13333334 0.37395832 0.13 0.3609375 0.12166667 0.34739584 0.115833335 0.32395834 0.115 0.31666666 0.10916667 0.30677083 0.0975 0.29375 0.090833336 0.2796875 0.085
8 0.18125 0.5108333 0.1765625 0.5391667 0.1703125 0.5758333 0.16145833 0.6166667 0.1546875 0.64666665 0.15260416 0.6566667 0.15208334 0.6641667 0.15416667 0.6741667 0.1578125 0.68083334 0.17447917 0.68916667 0.21822916 0.71166664 0.25833333 0.735 0.26302084 0.73833334 0.26822916 0.73583335 0.27447918 0.7266667 0.27760416 0.72 0.2875 0.65833336 0.2890625 0.6458333 0.29479167 0.6175 0.29739583 0.60083336 0.3015625 0.5858333 0.31510416 0.5375 0.33229166 0.46333334 0.3390625 0.42833334 0.3390625 0.42083332 0.33802083 0.41333333 0.33541667 0.41 0.33125 0.3975 0.2828125 0.37416667 0.225 0.34583333 0.21770833 0.34583333 0.20989583 0.35083333 0.20572917 0.3575 0.20260416 0.365 0.19895834 0.38 0.196875 0.39583334 0.1890625 0.47166666 0.18125 0.5083333
8 0.35104167 0.33916667 0.3703125 0.34166667 0.39583334 0.34833333 0.40104166 0.3525 0.40520832 0.36333334 0.4078125 0.37333333 0.40520832 0.39166668 0.39895833 0.44 0.3984375 0.45416668 0.39270833 0.46583334 0.3890625 0.47583333 0.38802084 0.48333332 0.38958332 0.49916667 0.3921875 0.505 0.39114583 0.53833336 0.38958332 0.54583335 0.38489583 0.555 0.38177082 0.55833334 0.37708333 0.56166667 0.36770833 0.5625 0.35677084 0.5575 0.33125 0.5475 0.32239583 0.54333335 0.31458333 0.54 0.31979167 0.5183333 0.33385417 0.455 0.3390625 0.4275 0.33854166 0.41833332 0.33802083 0.41083333 0.34583333 0.38 0.34583333 0.36833334 0.35052082 0.34
8 0.3078125 0.62333333 0.30104166 0.59 0.31458333 0.54 0.31614584 0.54083335 0.3109375 0.59 0.30885416 0.61583334
8 0.29947916 0.83166665 0.29270834 0.8283333 0.2890625 0.8258333 0.284375 0.81916666 0.28177083 0.80916667 0.28072917 0.8016667 0.28072917 0.7975 0.28802082 0.76 0.29322916 0.73583335 0.2984375 0.71666664 0.30052084 0.7 0.30572918 0.6525 0.30989584 0.6141667 0.3109375 0.5875 0.3171875 0.54083335 0.325 0.5441667 0.35104167 0.55583334 0.36666667 0.5625 0.3765625 0.5625 0.3828125 0.5575 0.38489583 0.5541667 0.3890625 0.5466667 0.3921875 0.5375 0.39322916 0.505 0.41510418 0.5341667 0.44479167 0.6325 0.43697917 0.66333336 0.4328125 0.68 0.43072918 0.70166665 0.39479166 0.68916667 0.36458334 0.6816667 0.33802083 0.67333335 0.33229166 0.675 0.3265625 0.68083334 0.32447916 0.68583333 0.32239583 0.6933333 0.32291666 0.70166665 0.32239583 0.735 0.31875 0.755 0.3125 0.77 0.31041667 0.7775 0.3015625 0.825
8 0.44947916 0.6525 0.446875 0.65833336 0.44375 0.66333336 0.4359375 0.6666667 0.44427082 0.635
8 0.50677085 0.91333336 0.5083333 0.92083335 0.50208336 0.93 0.49583334 0.93333334 0.4875 0.93333334 0.47447917 0.9291667 0.43697917 0.91333336 0.42864582 0.91 0.42083332 0.9075 0.38645834 0.8958333 0.37291667 0.89 0.3625 0.8883333 0.35364583 0.8908333 0.33072916 0.885 0.31666666 0.8808333 0.309375 0.88 0.303125 0.87833333 0.29791668 0.87083334 0.296875 0.86583334 0.2953125 0.8575 0.29583332 0.8525 0.30052084 0.8333333 0.30625 0.80083334 0.31041667 0.7775 0.31458333 0.76416665 0.31927082 0.75416666 0.32239583 0.7341667 0.32239583 0.6983333 0.32291666 0.69166666 0.32604167 0.6816667 0.33229166 0.675 0.3390625 0.6725 0.3578125 0.68 0.3765625 0.685 0.39635417 0.68916667 0.43177083 0.70166665 0.4484375 0.7075 0.46822917 0.7125 0.48020834 0.71416664 0.46354166 0.72583336 0.45677084 0.7316667 0.45364583 0.7425 0.453125 0.755 0.46770832 0.8183333 0.48697916 0.9091667 0.48958334 0.91833335 0.49322918 0.9216667 0.49635416 0.9225 0.5 0.9225 0.503125 0.9191667 0.5052083 0.915
8 0.4453125 0.57666665 0.43229166 0.5575 0.41614583 0.53583336 0.440625 0.61583334 0.4453125 0.6325 0.44427082 0.635 0.4515625 0.6616667 0.45989582 0.7008333 0.46302083 0.71166664 0.48020834 0.71416664 0.49895832 0.7 0.5015625 0.7033333 0.503125 0.70166665 0.503125 0.69666666 0.51145834 0.69 0.5541667 0.67333335 0.5708333 0.6641667 0.571875 0.61333334 0.54791665 0.6175 0.509375 0.62083334 0.48333332 0.6275 0.475 0.63 0.46822917 0.6308333 0.4484375 0.6308333 0.44635418 0.62083334 0.44583333 0.5808333
8 0.53489584 0.535 0.55885416 0.48416665 0.5697917 0.5375 0.5786458 0.54083335 0.58229166 0.55333334 0.5854167 0.6075 0.57135415 0.6125 0.54895836 0.6166667 0.509375 0.62 0.48333332 0.6275 0.475 0.63 0.44895834 0.63 0.44583333 0.62 0.44583333 0.5783333 0.4609375 0.6 0.46927083 0.6091667 0.47552082 0.61583334 0.48125 0.6191667 0.4875 0.62 0.49322918 0.61833334 0.49583334 0.615 0.5161458 0.5775 0.52447915 0.56 0.5234375 0.55333334 0.5260417 0.555 0.5307292 0.5425
8 0.41822916 0.39666668 0.40885416 0.4025 0.40416667 0.40583333 0.3984375 0.43916667 0.39895833 0.45416668 0.41614583 0.42333335 0.41979167 0.4175 0.41822916 0.405 0.41822916 0.39916667
8 0.45052084 0.3725 0.43802083 0.37583333 0.428125 0.37916666 0.42395833 0.38333333 0.41927084 0.39333335 0.41822916 0.39833334 0.41822916 0.40833333 0.41979167 0.41833332 0.42395833 0.41916665 0.42447916 0.41833332 0.4234375 0.41416666 0.44583333 0.38
8 0.59583336 0.4175 0.58697915 0.4325 0.57239586 0.45833334 0.5578125 0.4875 0.534375 0.5366667 0.53020835 0.5416667 0.5260417 0.55583334 0.5234375 0.5541667 0.5239583 0.56 0.50677085 0.5941667 0.4953125 0.6166667 0.490625 0.62 0.48697916 0.62 0.48229167 0.62 0.47552082 0.61583334 0.46354166 0.6041667 0.44270834 0.5725 0.41302082 0.5325 0.39270833 0.505 0.38958332 0.50083333 0.38854167 0.49666667 0.38802084 0.48416665 0.3890625 0.47416666 0.3953125 0.45916668 0.4015625 0.44916666 0.4171875 0.42166665 0.41979167 0.4175 0.42447916 0.42 0.42395833 0.41416666 0.4515625 0.3725 0.46145833 0.355 0.47760418 0.33 0.48697916 0.31583333 0.496875 0.2975 0.50208336 0.2825 0.51197916 0.2625 0.5182292 0.25 0.5203125 0.24583334 0.534375 0.26333332 0.54479164 0.30333334 0.55052084 0.3075 0.5619792 0.32 0.5755208 0.33416668 0.5932292 0.34833333 0.6015625 0.35583332 0.609375 0.36583334 0.6119792 0.37666667 0.6119792 0.38666666 0.6098958 0.395 0.5989583 0.41333333
8 0.5052083 0.046666667 0.51458335 0.0475 0.51875 0.048333332 0.52552086 0.048333332 0.53802085 0.05 0.5421875 0.050833333 0.54479164 0.054166667 0.54895836 0.060833335 0.5494792 0.065 0.55104166 0.07 0.55052084 0.075 0.5494792 0.085 0.54270834 0.11416667 0.53489584 0.14416666 0.53020835 0.15666667 0.5265625 0.18583333 0.5234375 0.20166667 0.5182292 0.225 0.51145834 0.2625 0.50677085 0.27416667 0.50208336 0.2825 0.49635416 0.29833335 0.48541668 0.31833333 0.46145833 0.355 0.45885417 0.36 0.446875 0.35333332 0.4328125 0.34666666 0.4125 0.33833334 0.3953125 0.3275 0.37552083 0.31833333 0.371875 0.31333333 0.36875 0.30416667 0.36770833 0.29583332 0.36822918 0.28916666 0.3703125 0.27916667 0.378125 0.2475 0.38541666 0.225 0.3953125 0.1975 0.4 0.18333334 0.40364584 0.16333333 0.40625 0.15666667 0.4125 0.14666666 0.41458333 0.14083333 0.41614583 0.12916666 0.4171875 0.111666664 0.41875 0.09916667 0.421875 0.07666667 0.42552084 0.06666667 0.42708334 0.048333332 0.42916667 0.028333334 0.43229166 0.0175 0.43541667 0.013333334 0.4375 0.010833333 0.44114584 0.008333334 0.44427082 0.0075 0.4484375 0.008333334 0.47135416 0.025 0.5026042 0.046666667
8 0.5364583 0.048333332 0.54322916 0.035833333 0.5453125 0.030833334 0.55052084 0.026666667 0.5572917 0.025833333 0.5625 0.026666667 0.5859375 0.06333333 0.6 0.08916666 0.58958334 0.11 0.5864583 0.12083333 0.58489585 0.13333334 0.5875 0.145 0.5963542 0.15583333 0.6177083 0.18666667 0.621875 0.18916667 0.6244792 0.19083333 0.6265625 0.19333333 0.61354166 0.22083333 0.5828125 0.28083333 0.56354165 0.32083333 0.55104166 0.30833334 0.54479164 0.30333334 0.534375 0.26333332 0.5208333 0.24666667 0.51197916 0.26333332 0.51666665 0.23583333 0.5182292 0.225 0.525 0.19583334 0.5265625 0.185 0.53020835 0.15583333 0.53489584 0.14583333 0.54375 0.10916667 0.55 0.08583333 0.55104166 0.06916667 0.5484375 0.060833335 0.5421875 0.051666666 0.53697914 0.05
8 0.646875 0.0 0.6302083 0.026666667 0.6171875 0.054166667 0.60052085 0.08916666 0.5890625 0.11083333 0.5864583 0.12083333 0.58489585 0.1325 0.58697915 0.145 0.60572916 0.16833334 0.6177083 0.1875 0.62604165 0.19166666 0.63072914 0.2 0.6354167 0.20666666 0.63958335 0.2125 0.6458333 0.21833333 0.6515625 0.22166666 0.6614583 0.235 0.6671875 0.24583334 0.6770833 0.26833335 0.68541664 0.28166667 0.6953125 0.29416665 0.70208335 0.30583334 0.71510416 0.33333334 0.72239584 0.34666666 0.728125 0.34916666 0.734375 0.34916666 0.7369792 0.34583333 0.75625 0.30666667 0.77239585 0.27666667 0.7729167 0.2725 0.77447915 0.25333333 0.7765625 0.23833333 0.7739583 0.22833334 0.76875 0.22083333 0.7609375 0.215 0.753125 0.20166667 0.7260417 0.125 0.71197915 0.093333334 0.70989585 0.07833333 0.7104167 0.0725 0.7015625 0.048333332 0.696875 0.0475 0.696875 0.043333333 0.69739586 0.041666668 0.67604166 0.0
8 0.721875 0.033333335 0.68541664 0.0 0.7390625 0.0 0.7270833 0.023333333 0.725 0.031666666
8 0.71875 0.05666667 0.71510416 0.06 0.7125 0.068333335 0.7104167 0.07333333 0.70989585 0.07833333 0.7125 0.0925 0.728125 0.13083333 0.74583334 0.18083334 0.7526042 0.2 0.7609375 0.215 0.7682292 0.22083333 0.7734375 0.22833334 0.77552086 0.23416667 0.7765625 0.24083333 0.7729167 0.27583334 0.77239585 0.28 0.7739583 0.285 0.7817708 0.31333333 0.7817708 0.31833333 0.7765625 0.32166666 0.778125 0.3275 0.79583335 0.31583333 0.82395834 0.3 0.87604165 0.27 0.90260416 0.25666666 0.9015625 0.25 0.89479166 0.235 0.8833333 0.21416667 0.88072914 0.2125 0.88072914 0.2075 0.87291664 0.19083333 0.86510414 0.18083334 0.8567708 0.17083333 0.853125 0.15583333 0.8520833 0.13 0.8510417 0.119166665 0.84479165 0.10333333 0.83958334 0.093333334 0.83385414 0.07416666 0.82916665 0.0375 0.82447916 0.013333334 0.8203125 0.004166667 0.81666666 0.00083333335 0.8098958 0.0 0.80364585 0.0 0.7885417 0.016666668 0.778125 0.026666667 0.7651042 0.035 0.7515625 0.036666665 0.72864586 0.050833333 0.7203125 0.055833332
8 0.6723958 0.38833332 0.62864584 0.39166668 0.6109375 0.39083335 0.61041665 0.395 0.5942708 0.42 0.584375 0.43583333 0.559375 0.48416665 0.5697917 0.5375 0.5786458 0.54 0.58229166 0.55083334 0.5854167 0.6075 0.57135415 0.6125 0.571875 0.66333336 0.63177085 0.6358333 0.6390625 0.63166666 0.64635414 0.62833333 0.6536458 0.62833333 0.66197914 0.6375 0.66614586 0.665 0.6640625 0.6933333 0.665625 0.7058333 0.66979164 0.7225 0.67552084 0.7266667 0.68645835 0.7183333 0.69635415 0.6925 0.69895834 0.68416667 0.6984375 0.6741667 0.6947917 0.6508333 0.69322914 0.62583333 0.6927083 0.61083335 0.6890625 0.58916664 0.68645835 0.47833332 0.68333334 0.405 0.67864585 0.39583334 0.67395836 0.38916665
8 0.6822917 0.7708333 0.6734375 0.7316667 0.66979164 0.7225 0.66510415 0.705 0.66302085 0.69416666 0.665625 0.66583335 0.66197914 0.6383333 0.653125 0.6275 0.64739585 0.6275 0.63854164 0.63166666 0.6265625 0.6375 0.5671875 0.66583335 0.5520833 0.6741667 0.5109375 0.69 0.50364584 0.69666666 0.50364584 0.7025 0.50208336 0.7025 0.49947917 0.70166665 0.4796875 0.71416664 0.4609375 0.7275 0.45729166 0.7325 0.45416668 0.7416667 0.45364583 0.755 0.47552082 0.8541667 0.4890625 0.9175 0.4921875 0.9225 0.5 0.9225 0.50364584 0.91833335 0.50885415 0.91083336 0.50364584 0.8925 0.50104165 0.87 0.50208336 0.8625 0.50416666 0.855 0.50885415 0.8475 0.5104167 0.845 0.54270834 0.835 0.57239586 0.82666665 0.584375 0.82666665 0.5942708 0.825 0.6067708 0.8183333 0.6296875 0.80083334 0.64375 0.7891667 0.6588542 0.7816667 0.6770833 0.775
8 0.52239585 1.0 0.51927084 0.98583335 0.51875 0.9633333 0.5130208 0.94083333 0.50885415 0.92 0.5072917 0.9141667 0.509375 0.9116667 0.50625 0.9058333 0.50416666 0.89416665 0.5015625 0.87 0.5015625 0.8625 0.5052083 0.855 0.509375 0.8466667 0.51354164 0.8441667 0.54895836 0.8333333 0.57239586 0.82666665 0.5854167 0.8283333 0.596875 0.82416666 0.60729164 0.81916666 0.6197917 0.8075 0.6453125 0.7891667 0.675 0.77666664 0.684375 0.7708333 0.6958333 0.7658333 0.70208335 0.7633333 0.7083333 0.7683333 0.7140625 0.78 0.71666664 0.795 0.7234375 0.86333334 0.72760415 0.8875 0.734375 0.92083335 0.7359375 0.94166666 0.73333335 0.95166665 0.7296875 0.96 0.725 0.96416664 0.7078125 0.9741667 0.6880208 0.9791667 0.684375 0.97583336 0.6828125 0.9775 0.6822917 0.98 0.671875 0.9841667 0.653125 0.9941667 0.6255208 0.99916667
8 0.086979166 0.0 0.0796875 0.030833334 0.075520836 0.048333332 0.07239583 0.054166667 0.06979167 0.065 0.088541664 0.086666666 0.116145834 0.095 0.15260416 0.108333334 0.18697916 0.125 0.20677084 0.1225 0.21302083 0.11333334 0.21666667 0.10333333 0.21666667 0.0925 0.215625 0.085 0.21302083 0.08083333 0.20833333 0.0775 0.20989583 0.06 0.2109375 0.026666667 0.2140625 0.0125 0.21822916 0.0
