19 0.0703125 0.46333334 0.069270834 0.49583334 0.069270834 0.5208333 0.069270834 0.5391667 0.067708336 0.55833334 0.067708336 0.56666666 0.07083333 0.575 0.077083334 0.5808333 0.100520834 0.5858333 0.10625 0.5858333 0.103125 0.5466667 0.10104167 0.51916665 0.10104167 0.48416665 0.10885417 0.47416666 0.11666667 0.47083333 0.1890625 0.48166665 0.24166666 0.49333334 0.24114583 0.5 0.2421875 0.5 0.24583334 0.49333334 0.25520834 0.4975 0.2578125 0.44083333 0.25729167 0.40166667 0.25416666 0.39166668 0.24583334 0.38333333 0.2171875 0.38 0.2171875 0.38666666 0.21354167 0.38583332 0.2125 0.38 0.18072917 0.37583333 0.14947917 0.37166667 0.10520833 0.3575 0.084895834 0.35583332 0.078125 0.36083335 0.075520836 0.36583334 0.075 0.37083334 0.07395833 0.37666667 0.07239583 0.43666667
19 0.37552083 0.3175 0.359375 0.34916666 0.34166667 0.38083333 0.33958334 0.39583334 0.34270832 0.40666667 0.365625 0.43583333 0.36875 0.43083334 0.37083334 0.43083334 0.371875 0.43416667 0.36979166 0.44083333 0.40885416 0.48083332 0.44166666 0.5225 0.4703125 0.56083333 0.47864583 0.565 0.4859375 0.5625 0.49322918 0.555 0.52447915 0.48416665 0.5359375 0.455 0.5697917 0.39166668 0.56875 0.3775 0.5286458 0.33583334 0.46145833 0.25916666 0.4578125 0.26083332 0.45572916 0.26083332 0.4546875 0.25916666 0.45625 0.25333333 0.43177083 0.22416666 0.425 0.22416666 0.41875 0.2275 0.41354167 0.235 0.3875 0.29166666
19 0.41822916 0.5341667 0.40416667 0.5725 0.40260416 0.58166665 0.4046875 0.5933333 0.41302082 0.6041667 0.44635418 0.63 0.48802084 0.6641667 0.5104167 0.68 0.51979166 0.685 0.52708334 0.68416667 0.5359375 0.6725 0.55 0.635 0.5484375 0.6308333 0.5484375 0.62666667 0.553125 0.62833333 0.58229166 0.54 0.61354166 0.4425 0.6145833 0.42666668 0.6119792 0.41666666 0.6041667 0.4075 0.5697917 0.38333333 0.5697917 0.3925 0.5364583 0.45416668 0.5338542 0.46083334 0.5161458 0.50166667 0.49427083 0.5541667 0.4859375 0.5625 0.47916666 0.565 0.46979168 0.56083333 0.42916667 0.5075 0.42291668 0.52416664 0.42395833 0.5275 0.42447916 0.5341667 0.421875 0.535
19 0.43125 0.62083334 0.43541667 0.6925 0.43645832 0.71 0.44114584 0.7191667 0.44947916 0.7216667 0.49166667 0.7075 0.51875 0.7025 0.54895836 0.7025 0.5765625 0.7 0.5828125 0.685 0.5776042 0.61083335 0.57395834 0.5683333 0.55364585 0.62916666 0.5494792 0.62666667 0.5494792 0.6308333 0.5515625 0.63416666 0.5364583 0.67333335 0.52708334 0.68416667 0.5203125 0.68666667 0.48333332 0.66 0.43125 0.6191667
19 0.4328125 0.6725 0.4203125 0.7058333 0.4140625 0.73083335 0.41614583 0.73583335 0.415625 0.74 0.4109375 0.73833334 0.4078125 0.7441667 0.39635417 0.7841667 0.3984375 0.7966667 0.4046875 0.8075 0.43125 0.83 0.4765625 0.87 0.5109375 0.89916664 0.515625 0.70416665 0.48697916 0.7083333 0.4515625 0.72083336 0.4421875 0.72083336 0.43645832 0.7083333 0.434375 0.66833335
19 0.5854167 0.6191667 0.59791666 0.62916666 0.60052085 0.6358333 0.60260415 0.6483333 0.60052085 0.6616667 0.5942708 0.67833334 0.5828125 0.6775 0.578125 0.61333334
19 0.5104167 0.91083336 0.5104167 0.9608333 0.5130208 0.9675 0.515625 0.97333336 0.528125 0.9775 0.64479166 0.98083335 0.65416664 0.9766667 0.6567708 0.96 0.6578125 0.9166667 0.653125 0.915 0.653125 0.91083336 0.6567708 0.91 0.6578125 0.9058333 0.659375 0.78333336 0.6609375 0.7441667 0.66197914 0.71166664 0.6484375 0.67833334 0.6380208 0.67833334 0.5953125 0.6791667 0.58229166 0.6775 0.5833333 0.68583333 0.5765625 0.7 0.5416667 0.7033333 0.5265625 0.7025 0.5161458 0.7033333 0.5109375 0.90166664 0.5151042 0.905 0.5151042 0.91083336
19 0.70729166 0.5975 0.7375 0.5625 0.7546875 0.5441667 0.7625 0.54 0.76979166 0.54333335 0.7786458 0.56416667 0.7885417 0.5883333 0.78802085 0.5941667 0.7921875 0.59583336 0.80625 0.6308333 0.83229166 0.68583333 0.86145836 0.7441667 0.8723958 0.77 0.87291664 0.7841667 0.8703125 0.79333335 0.8510417 0.81 0.7890625 0.88166666 0.7640625 0.91 0.7583333 0.91333336 0.75416666 0.91083336 0.7484375 0.9025 0.7260417 0.8525 0.6703125 0.7316667 0.67291665 0.72833335 0.6723958 0.7225 0.66770834 0.7241667 0.6484375 0.6766667 0.65520835 0.6575 0.6822917 0.62833333
19 0.53229165 0.14833333 0.628125 0.14666666 0.65833336 0.14666666 0.6645833 0.15083334 0.6692708 0.165 0.66979164 0.21583334 0.66510415 0.21916667 0.66510415 0.22333333 0.6703125 0.22333333 0.66822916 0.3225 0.66770834 0.44166666 0.6635417 0.4525 0.65729165 0.45833334 0.6536458 0.45833334 0.6098958 0.45666668 0.61510414 0.44 0.61510414 0.42666668 0.6125 0.415 0.60520834 0.4075 0.5697917 0.38333333 0.56875 0.37666667 0.521875 0.32833335 0.521875 0.28333333 0.51979166 0.22666667 0.5229167 0.22583333 0.52447915 0.22 0.51979166 0.21916667 0.51927084 0.17083333 0.525 0.15333334
19 0.114583336 0.47166666 0.184375 0.48083332 0.20885417 0.48583335 0.24114583 0.4925 0.24114583 0.49916667 0.24270834 0.50083333 0.2453125 0.49333334 0.27135417 0.505 0.27760416 0.5133333 0.28333333 0.5275 0.28645834 0.61083335 0.2875 0.70416665 0.28645834 0.71166664 0.28177083 0.71416664 0.27395833 0.715 0.246875 0.71 0.24583334 0.7058333 0.24375 0.7033333 0.24270834 0.70416665 0.2421875 0.70916665 0.20572917 0.7025 0.17916666 0.6983333 0.1640625 0.69416666 0.13854167 0.6933333 0.10989583 0.6875 0.104166664 0.675 0.10625 0.64666665 0.1078125 0.595 0.1046875 0.5683333 0.10104167 0.5183333 0.1015625 0.48416665 0.1078125 0.475
