18 0.13072917 0.3675 0.23177083 0.3175 0.25052083 0.3125 0.2609375 0.32 0.2921875 0.47916666 0.30885416 0.5625 0.3203125 0.61083335 0.32083333 0.6308333 0.315625 0.6458333 0.27708334 0.665 0.19739583 0.70416665 0.18385416 0.69416666 0.18177083 0.69083333 0.16614583 0.5825 0.1609375 0.55333334 0.13333334 0.43583333 0.12447917 0.39 0.12552084 0.38083333
18 0.35260418 0.415 0.39739582 0.40666667 0.4296875 0.405 0.45052084 0.40666667 0.48697916 0.38916665 0.54322916 0.37333333 0.553125 0.37833333 0.55885416 0.385 0.56666666 0.455 0.5786458 0.56416667 0.578125 0.5775 0.5703125 0.59166664 0.5541667 0.59833336 0.5473958 0.54583335 0.54114586 0.53 0.5317708 0.5258333 0.5265625 0.5258333 0.47135416 0.5491667 0.421875 0.5733333 0.415625 0.5758333 0.409375 0.5975 0.415625 0.6325 0.37604168 0.64 0.36614582 0.6333333 0.36145833 0.62333333 0.35729167 0.56333333 0.35364583 0.5366667 0.34635416 0.46166667 0.34375 0.43583333
18 0.4796875 0.91 0.525 0.8925 0.57604164 0.87 0.590625 0.86 0.59583336 0.845 0.59479165 0.8233333 0.5630208 0.6483333 0.54791665 0.5475 0.540625 0.53 0.5317708 0.525 0.5260417 0.52666664 0.41666666 0.5758333 0.409375 0.59583336 0.41614583 0.6333333 0.42604166 0.6766667 0.43385416 0.715 0.440625 0.7583333 0.4546875 0.86083335 0.4609375 0.8958333 0.46875 0.9066667
18 0.625 0.45333335 0.67552084 0.50166667 0.72552085 0.555 0.7291667 0.56416667 0.7296875 0.5825 0.7057292 0.63166666 0.69322914 0.6358333 0.68333334 0.64666665 0.67552084 0.68833333 0.6666667 0.7216667 0.6296875 0.8325 0.62395835 0.8441667 0.6088542 0.84833336 0.59583336 0.8333333 0.59479165 0.8225 0.5578125 0.6191667 0.5552083 0.5991667 0.5708333 0.59166664 0.5786458 0.5758333 0.5786458 0.56 0.57604164 0.5416667 0.58489585 0.5233333 0.61041665 0.45916668 0.61822915 0.45416668
18 0.7182292 0.6425 0.7494792 0.6625 0.7630208 0.66583335 0.86927086 0.72083336 0.8796875 0.73333335 0.8822917 0.755 0.85729164 0.91333336 0.85052085 0.93666667 0.8359375 0.94 0.7609375 0.89916664 0.7260417 0.86833334 0.709375 0.86583334 0.653125 0.83916664 0.65052086 0.81666666 0.66770834 0.7241667 0.67864585 0.67083335 0.68385416 0.6458333 0.69427085 0.635 0.7057292 0.6333333
18 0.90625 0.5783333 0.88177085 0.7033333 0.87291664 0.71166664 0.8609375 0.715 0.7942708 0.6816667 0.7625 0.66583335 0.75416666 0.65166664 0.7515625 0.6375 0.7546875 0.62083334 0.77239585 0.60833335 0.7796875 0.5941667 0.7984375 0.59 0.81354165 0.5933333 0.9057292 0.5758333
18 0.7786458 0.38166666 0.88177085 0.34833333 0.88958335 0.35333332 0.89739585 0.365 0.9109375 0.48916668 0.91770834 0.55 0.9140625 0.56583333 0.90625 0.57666665 0.8130208 0.5925 0.8 0.58916664 0.7807292 0.5933333 0.7729167 0.6066667 0.73333335 0.63666666 0.7234375 0.6333333 0.7104167 0.62333333 0.7296875 0.5825 0.72864586 0.56333333 0.72552085 0.55583334 0.6927083 0.5208333 0.6848958 0.49 0.70416665 0.465 0.7526042 0.42583334 0.77708334 0.40833333 0.7796875 0.39416668
18 0.81822914 0.33333334 0.86041665 0.35416666 0.8578125 0.35583332 0.79791665 0.37416667 0.8052083 0.3425 0.81145835 0.3375
18 0.90260416 0.3675 0.9322917 0.38333333 0.9390625 0.405 0.91510415 0.52666664 0.8979167 0.365
18 0.6125 0.30083334 0.66302085 0.25833333 0.7026042 0.21833333 0.7213542 0.22416666 0.7317708 0.24916667 0.775 0.36916667 0.78020835 0.38416666 0.77916664 0.39583334 0.77708334 0.40833333 0.74114585 0.435 0.70208335 0.46583334 0.6791667 0.495 0.6744792 0.50083333 0.6255208 0.4525 0.61875 0.45333335 0.609375 0.46 0.58385414 0.52666664 0.58177084 0.5275 0.57135415 0.50333333 0.559375 0.38666666 0.60833335 0.30666667
18 0.49427083 0.018333333 0.5494792 0.1 0.6322917 0.22 0.64270836 0.235 0.6411458 0.2525 0.6145833 0.29833335 0.6098958 0.30416667 0.5598958 0.38583332 0.5546875 0.38 0.54375 0.37416667 0.53020835 0.37666667 0.50208336 0.3275 0.46770832 0.27916667 0.4 0.1875 0.39635417 0.16833334 0.39791667 0.15583333 0.43645832 0.085 0.475 0.015 0.48385417 0.011666667
18 0.27760416 0.66333336 0.32552084 0.69916666 0.33020833 0.71666664 0.3296875 0.7266667 0.30416667 0.80916667 0.27552083 0.89 0.265625 0.8983333 0.25677082 0.89916664 0.20729166 0.8566667 0.18020834 0.8308333 0.16197917 0.81916666 0.084895834 0.75 0.0796875 0.7341667 0.0796875 0.72083336 0.1203125 0.60833335 0.14322917 0.5575 0.1515625 0.55083334 0.1609375 0.555 0.16666667 0.5833333 0.18177083 0.6875 0.18333334 0.69416666 0.19166666 0.7008333 0.19791667 0.70416665 0.27395833 0.66583335
