2 0.3453125 0.34666666 0.33854166 0.35 0.3421875 0.37166667
2 0.35989583 0.55916667 0.36302084 0.62333333 0.43697917 0.56916666 0.40260416 0.5625
2 0.3703125 0.28583333 0.35677084 0.28333333 0.35052082 0.28166667 0.3453125 0.33833334 0.33177084 0.4775 0.32552084 0.5516667 0.36145833 0.5566667 0.4359375 0.5683333 0.45260417 0.57 0.50989586 0.57916665 0.5463542 0.57916665 0.56666666 0.57 0.56875 0.5425 0.56875 0.49666667 0.5734375 0.47333333 0.5765625 0.39833334 0.52760416 0.37916666 0.4828125 0.35833332 0.45416668 0.34416667 0.41197917 0.33166668 0.40885416 0.32333332 0.40520832 0.3275 0.36979166 0.3125 0.375 0.285
2 0.4375 0.56916666 0.31614584 0.65833336 0.2921875 0.6741667 0.33333334 0.8225 0.35416666 0.9 0.35833332 0.91 0.36302084 0.9191667 0.3671875 0.92333335 0.371875 0.9241667 0.38541666 0.92583334 0.409375 0.91 0.44583333 0.8825 0.49270833 0.8441667 0.55 0.8041667 0.55104166 0.79833335 0.55364585 0.8016667 0.56927085 0.78833336 0.58802086 0.7733333 0.56145835 0.68666667 0.5520833 0.6558333 0.53697914 0.60333335 0.5296875 0.57916665 0.50989586 0.58 0.45260417 0.5708333
2 0.54375 0.6091667 0.54010415 0.5808333 0.53020835 0.57916665 0.5395833 0.6125 0.5442708 0.62833333 0.54479164 0.6166667 0.5416667 0.61583334
2 0.41614583 0.9058333 0.428125 0.9625 0.43177083 0.9725 0.4375 0.99833333 0.5265625 1.0 0.50989586 0.98333335 0.509375 0.9775 0.50572914 0.97833335 0.48072916 0.9525 0.44479167 0.9175 0.425 0.8983333
2 0.6302083 0.76666665 0.61302084 0.75166667 0.59947914 0.73583335 0.596875 0.73833334 0.5963542 0.7325 0.56666666 0.7033333 0.578125 0.74083334 0.58802086 0.7733333 0.56875 0.79 0.5541667 0.8016667 0.5515625 0.7975 0.55 0.8041667 0.5026042 0.83666664 0.43645832 0.88916665 0.425 0.8983333 0.48854166 0.96 0.50572914 0.97833335 0.50989586 0.9775 0.5104167 0.9841667 0.52760416 1.0 0.5494792 1.0 0.57447916 0.92333335 0.5989583 0.85833335 0.6265625 0.78 0.63072914 0.76916665
2 0.6140625 0.6591667 0.5963542 0.6675 0.57604164 0.6766667 0.5609375 0.68416667 0.56614584 0.7033333 0.5963542 0.7325 0.596875 0.73833334 0.5989583 0.735 0.61510414 0.7525 0.63072914 0.76666665 0.6041667 0.8441667 0.58020836 0.9075 0.56041664 0.965 0.553125 0.99083334 0.5671875 0.98333335 0.62916666 0.9508333 0.6328125 0.9483333 0.6333333 0.945 0.6359375 0.94666666 0.6692708 0.9266667 0.65260416 0.845 0.634375 0.75333333 0.6166667 0.66083336
2 0.703125 0.37083334 0.64635414 0.39833334 0.5755208 0.43083334 0.5729167 0.47416666 0.56822914 0.49916667 0.56927085 0.5416667 0.5671875 0.5708333 0.56354165 0.5733333 0.57604164 0.6433333 0.58020836 0.6741667 0.6145833 0.6575 0.6166667 0.66083336 0.64166665 0.78833336 0.7046875 0.75916666 0.7708333 0.72333336 0.77239585 0.7191667 0.7609375 0.67333335 0.75 0.62083334 0.73541665 0.54583335 0.7171875 0.45166665 0.71302086 0.4275 0.70885414 0.425 0.7109375 0.42083332 0.70416665 0.37833333
2 0.7015625 0.035833333 0.6875 0.02 0.66770834 0.0 0.7234375 0.0
2 0.41875 0.054166667 0.40729168 0.11833333 0.39895833 0.17 0.39166668 0.20416667 0.3703125 0.31333333 0.40520832 0.32833335 0.40989584 0.32416666 0.41145834 0.33166668 0.45572916 0.345 0.51666665 0.37416667 0.584375 0.4 0.6 0.40666667 0.60572916 0.36166668 0.6166667 0.285 0.6328125 0.19583334 0.640625 0.15583333 0.6140625 0.14666666 0.5494792 0.119166665 0.475 0.0825 0.45833334 0.07416666 0.4546875 0.075 0.45208332 0.07083333 0.4296875 0.06
