15 0.36666667 0.34166667 0.37447917 0.34083334 0.440625 0.37083334 0.46979168 0.38666666 0.5484375 0.42416668 0.55885416 0.43083334 0.56666666 0.435 0.571875 0.44 0.57604164 0.4475 0.57604164 0.45416668 0.57604164 0.46 0.5786458 0.46083334 0.5796875 0.46416667 0.5796875 0.4675 0.58177084 0.46583334 0.5885417 0.47 0.5854167 0.48166665 0.5776042 0.47583333 0.57395834 0.4825 0.5697917 0.48 0.5625 0.48333332 0.55885416 0.48333332 0.5541667 0.48333332 0.44166666 0.4275 0.38645834 0.4025 0.36041668 0.3875 0.35520834 0.37166667 0.35052082 0.37166667 0.35 0.36416668 0.34166667 0.3625 0.34270832 0.3525 0.3453125 0.34666666 0.34791666 0.34666666 0.3515625 0.35166666 0.35416666 0.35 0.35833332 0.35 0.365625 0.34166667
15 0.46458334 0.18083334 0.46822917 0.18416667 0.47239584 0.19166666 0.47447917 0.20083334 0.46822917 0.37583333 0.46822917 0.38583332 0.4359375 0.36833334 0.43802083 0.31583333 0.44375 0.20583333 0.446875 0.19083333 0.44947916 0.185 0.45364583 0.18083334 0.45364583 0.175 0.45364583 0.17333333 0.45677084 0.17166667 0.45677084 0.15916666 0.46041667 0.1575 0.4640625 0.15833333 0.46510416 0.16083333 0.46354166 0.17333333 0.46614584 0.17333333 0.46666667 0.17666666
15 0.46614584 0.44083333 0.46458334 0.5183333 0.46197918 0.5275 0.4578125 0.5366667 0.453125 0.5391667 0.45520833 0.54333335 0.4546875 0.54583335 0.4515625 0.5475 0.45104167 0.56 0.44739583 0.56 0.4453125 0.55916667 0.44322917 0.5566667 0.44583333 0.5475 0.44322917 0.54333335 0.44322917 0.54 0.44375 0.5366667 0.44270834 0.53583336 0.43958333 0.5325 0.43645832 0.5258333 0.43385416 0.5158333 0.43385416 0.5108333 0.43385416 0.42416668 0.46614584 0.43916667
15 0.478125 0.38833332 0.47291666 0.3775 0.47604167 0.37333333 0.47708333 0.37083334 0.48020834 0.37166667 0.48385417 0.38083333 0.48645833 0.38083333 0.48802084 0.38416666 0.49739584 0.385 0.50625 0.39583334 0.5130208 0.40666667 0.47760418 0.39
15 0.46979168 0.34166667 0.47552082 0.3425 0.47760418 0.345 0.4796875 0.3475 0.48125 0.35916665 0.48489583 0.36666667 0.5390625 0.41333333 0.6328125 0.49083334 0.65520835 0.51 0.6625 0.5133333 0.6703125 0.51416665 0.6765625 0.51 0.6828125 0.5108333 0.690625 0.5183333 0.69427085 0.515 0.69322914 0.5058333 0.6875 0.49916667 0.6822917 0.4925 0.6822917 0.47833332 0.6796875 0.4725 0.6703125 0.4625 0.6109375 0.41166666 0.5364583 0.35416666 0.53229165 0.3475 0.5161458 0.33916667 0.5005208 0.32583332 0.49583334 0.325 0.49322918 0.325 0.48541668 0.32833335 0.48020834 0.32833335 0.47239584 0.325 0.4703125 0.32833335 0.46979168 0.33583334
15 0.5828125 0.38916665 0.6276042 0.1825 0.63125 0.17083333 0.634375 0.16583334 0.6390625 0.16583334 0.64166665 0.16416667 0.6401042 0.16166666 0.64270836 0.1575 0.63958335 0.14666666 0.64270836 0.145 0.64635414 0.14416666 0.6515625 0.14416666 0.65520835 0.14833333 0.65520835 0.15166667 0.6510417 0.15666667 0.653125 0.16 0.653125 0.1675 0.6515625 0.16916667 0.6578125 0.175 0.65833336 0.1775 0.65833336 0.18833333 0.62864584 0.33166668 0.61145836 0.41166666 0.58229166 0.39
15 0.5984375 0.46416667 0.590625 0.49916667 0.58697915 0.5058333 0.5833333 0.5075 0.58020836 0.5083333 0.57916665 0.51416665 0.578125 0.5158333 0.5755208 0.51416665 0.57447916 0.5283333 0.5640625 0.5233333 0.56458336 0.52 0.5703125 0.51166666 0.56875 0.51 0.5677083 0.5025 0.56458336 0.5 0.5630208 0.49083334 0.5630208 0.48416665 0.56927085 0.48083332 0.5703125 0.48083332 0.57239586 0.4825 0.57395834 0.4825 0.5776042 0.47666666 0.58489585 0.48083332 0.5890625 0.47083333 0.58229166 0.46583334 0.5796875 0.4675 0.57916665 0.4625 0.5776042 0.46 0.57604164 0.46 0.5755208 0.4475 0.5734375 0.44166666 0.59947914 0.46333334
15 0.49375 0.45583335 0.5364583 0.5525 0.5885417 0.6825 0.5942708 0.68833333 0.60364586 0.69083333 0.603125 0.695 0.60572916 0.69666666 0.609375 0.6975 0.61041665 0.6983333 0.61041665 0.70916665 0.6145833 0.70666665 0.6177083 0.7033333 0.6197917 0.6983333 0.61354166 0.6925 0.61510414 0.69083333 0.61614585 0.68583333 0.61302084 0.6825 0.61354166 0.67833334 0.615625 0.6766667 0.61510414 0.6625 0.6140625 0.6558333 0.5703125 0.53583336 0.56458336 0.525 0.5630208 0.51916665 0.5453125 0.47833332 0.49375 0.45333335
15 0.6796875 0.47083333 0.69895834 0.41333333 0.73541665 0.28833333 0.740625 0.28083333 0.7494792 0.27583334 0.75104165 0.2725 0.75208336 0.27 0.7552083 0.27 0.7552083 0.26333332 0.75677085 0.25583333 0.75885415 0.255 0.7625 0.26 0.765625 0.26416665 0.765625 0.2675 0.7604167 0.275 0.7609375 0.27833334 0.7578125 0.28416666 0.7609375 0.28333333 0.7640625 0.29083332 0.76458335 0.29916668 0.7640625 0.3075 0.74635416 0.375 0.72760415 0.44 0.71666664 0.4775 0.7026042 0.5225 0.678125 0.59833336 0.67395836 0.6025 0.665625 0.6075 0.66197914 0.60583335 0.66302085 0.61 0.65989584 0.6125 0.659375 0.62583333 0.6510417 0.625 0.6510417 0.6225 0.6536458 0.61083335 0.65208334 0.60583335 0.65208334 0.60083336 0.6489583 0.58916664 0.6489583 0.5783333 0.66614586 0.51666665 0.6703125 0.51416665 0.6770833 0.51 0.68333334 0.51 0.690625 0.51916665 0.69427085 0.515 0.6927083 0.505 0.6822917 0.4925 0.6822917 0.47833332 0.68072915 0.47416666
15 0.6401042 0.43 0.6354167 0.42166665 0.6411458 0.41666666 0.64947915 0.41333333 0.6489583 0.42833334 0.65260416 0.42916667 0.65260416 0.43666667 0.6567708 0.44333333 0.6645833 0.45666668 0.63958335 0.43666667 0.6375 0.43333334
15 0.65625 0.41416666 0.65833336 0.4225 0.6614583 0.42916667 0.665625 0.43166667 0.66875 0.435 0.6880208 0.4425 0.69114584 0.43666667 0.7036458 0.39666668 0.68958336 0.3925 0.6666667 0.39083335 0.66041666 0.39583334 0.659375 0.39833334 0.65833336 0.3925 0.65416664 0.3925 0.65260416 0.39583334 0.65052086 0.395 0.6489583 0.39333335 0.646875 0.3925 0.64270836 0.39583334 0.64479166 0.4 0.6458333 0.41 0.65 0.41 0.65052086 0.4125 0.6536458 0.41416666
15 0.67291665 0.445 0.6770833 0.455 0.6744792 0.4575 0.675 0.46166667 0.67864585 0.47166666 0.684375 0.45583335 0.68541664 0.45 0.68177086 0.45 0.6802083 0.44 0.6770833 0.43916667 0.6744792 0.44
15 0.63697916 0.49583334 0.64947915 0.57666665 0.66302085 0.5275 0.66614586 0.5158333 0.66822916 0.515 0.66302085 0.5133333 0.65520835 0.5108333 0.63854164 0.495
15 0.6822917 0.5875 0.7083333 0.7416667 0.7083333 0.7558333 0.70416665 0.77 0.7057292 0.775 0.70625 0.7783333 0.7026042 0.7816667 0.70729166 0.79333335 0.70104164 0.7991667 0.6979167 0.8 0.6953125 0.785 0.6927083 0.78 0.68385416 0.77 0.67864585 0.7575 0.6567708 0.62666667 0.6588542 0.62583333 0.65989584 0.6125 0.6635417 0.61 0.66197914 0.605 0.66614586 0.60833335 0.6734375 0.6041667 0.67864585 0.59833336
15 0.71666664 0.48 0.81927085 0.6483333 0.828125 0.66333336 0.83125 0.6741667 0.83385414 0.68333334 0.8328125 0.69416666 0.8354167 0.6975 0.83385414 0.70666665 0.8385417 0.715 0.8385417 0.7191667 0.83385414 0.72333336 0.82916665 0.7133333 0.82604164 0.70916665 0.81458336 0.7108333 0.809375 0.7075 0.8041667 0.69916666 0.70104164 0.52916664 0.71510416 0.48083332
15 0.7375 0.40666667 0.81875 0.4325 0.853125 0.44583333 0.86145836 0.44916666 0.8677083 0.45583335 0.87135416 0.46166667 0.875 0.46583334 0.878125 0.46583334 0.8802083 0.4725 0.88645834 0.47166666 0.8833333 0.4875 0.8744792 0.48 0.8697917 0.48666668 0.8619792 0.49333334 0.8510417 0.49583334 0.7239583 0.45416668 0.7359375 0.4125
15 0.32708332 0.31166667 0.3265625 0.32583332 0.3546875 0.41 0.39947918 0.5441667 0.42395833 0.62416667 0.42864582 0.62916666 0.43177083 0.63416666 0.43645832 0.63166666 0.4375 0.6358333 0.44166666 0.6358333 0.44270834 0.6408333 0.44166666 0.64916664 0.4453125 0.64916664 0.45208332 0.64416665 0.4484375 0.6325 0.45052084 0.63 0.44791666 0.6225 0.45104167 0.6191667 0.45260417 0.6075 0.4421875 0.5683333 0.3890625 0.40416667 0.36041668 0.3875 0.35677084 0.37833333 0.3546875 0.37166667 0.35 0.37166667 0.35 0.36416668 0.34166667 0.3625 0.34270832 0.35333332 0.34479168 0.34666666 0.34791666 0.34583333 0.3515625 0.35166666 0.35364583 0.35 0.3578125 0.35 0.36510417 0.34166667 0.365625 0.33833334 0.35729167 0.315 0.35208333 0.3025 0.34635416 0.29916668 0.3421875 0.2975 0.34010416 0.29333332 0.3390625 0.29 0.33645833 0.2925 0.334375 0.28333333 0.33125 0.28083333 0.32395834 0.28916666 0.32447916 0.29083332 0.33072916 0.29833335 0.32760417 0.30083334 0.3296875 0.30583334 0.328125 0.31083333
