14 0.44114584 0.73833334 0.43333334 0.7125 0.4328125 0.68 0.43541667 0.66833335 0.43125 0.6591667 0.42447916 0.62416667 0.44947916 0.64166665 0.4515625 0.6358333 0.45572916 0.6125 0.4546875 0.5925 0.45625 0.5683333 0.4578125 0.56333333 0.465625 0.5258333 0.4703125 0.5491667 0.475 0.5758333 0.48125 0.6191667 0.4828125 0.63166666 0.48333332 0.6375 0.49166667 0.66 0.49270833 0.66583335 0.49635416 0.665 0.496875 0.66833335 0.49479166 0.69416666 0.49322918 0.70666665 0.46770832 0.7225
14 0.40416667 0.5125 0.39791667 0.4725 0.39166668 0.43083334 0.39114583 0.425 0.38697916 0.4125 0.38333333 0.4 0.3796875 0.39666668 0.37239584 0.38583332 0.371875 0.38083333 0.37604168 0.37333333 0.38177082 0.36833334 0.384375 0.36583334 0.3859375 0.36583334 0.38489583 0.36916667 0.38541666 0.37083334 0.38697916 0.37166667 0.38802084 0.375 0.40572917 0.3675 0.42864582 0.35166666 0.44114584 0.34416667 0.44479167 0.35833332
14 0.5828125 0.46333334 0.5630208 0.47833332 0.55677086 0.4825 0.5494792 0.4875 0.5385417 0.49666667 0.5328125 0.50083333 0.5286458 0.51 0.5234375 0.49666667 0.5140625 0.44833332 0.5109375 0.43 0.50677085 0.41333333 0.50625 0.40083334 0.5083333 0.39916667 0.5208333 0.39666668 0.5359375 0.3875 0.5864583 0.3575 0.6244792 0.33166668 0.66510415 0.305 0.69322914 0.285 0.70104164 0.2775 0.70520836 0.27833334 0.709375 0.2825 0.70989585 0.29666665 0.70989585 0.31833333 0.7192708 0.32833335 0.7296875 0.34333333 0.73229164 0.34666666 0.73125 0.3625 0.72864586 0.36666667 0.7239583 0.3675 0.721875 0.36333334 0.71302086 0.37083334 0.6953125 0.38333333 0.6375 0.42333335
14 0.53489584 0.3875 0.5328125 0.375 0.5307292 0.37333333 0.5286458 0.37 0.528125 0.36666667 0.525 0.3625 0.51927084 0.35 0.515625 0.34666666 0.5161458 0.34083334 0.52135414 0.345 0.53020835 0.34416667 0.54010415 0.3375 0.5421875 0.33666667 0.55260414 0.32416666 0.5609375 0.31333333 0.56145835 0.305 0.5609375 0.30083334 0.56354165 0.28583333 0.56458336 0.285 0.57135415 0.28916666 0.57916665 0.29666665 0.5796875 0.30333334 0.58020836 0.31583333 0.5807292 0.33333334 0.584375 0.34833333 0.5864583 0.3575
14 0.65625 0.66583335 0.62135416 0.63 0.63958335 0.59 0.6614583 0.5183333 0.6770833 0.46166667 0.6880208 0.42166665 0.69427085 0.39916667 0.70104164 0.38583332 0.70677084 0.37583333 0.71510416 0.37 0.7213542 0.36416668 0.7234375 0.3675 0.7291667 0.36666667 0.73125 0.3625 0.73229164 0.34666666 0.71979165 0.32833335 0.7104167 0.31833333 0.74322915 0.33916667 0.7671875 0.35916665 0.7729167 0.36833334 0.7703125 0.37583333 0.7604167 0.39416668 0.7515625 0.40666667 0.74895835 0.40916666 0.74375 0.4275 0.73645836 0.45416668 0.72552085 0.4975 0.7161458 0.5375 0.7046875 0.5825 0.69427085 0.6225 0.69322914 0.62666667 0.690625 0.6425 0.6875 0.64916664 0.68541664 0.65166664 0.68854165 0.6641667 0.690625 0.6775 0.69114584 0.68416667 0.6901042 0.695 0.68333334 0.6875 0.671875 0.6775 0.65989584 0.66833335
14 0.6453125 0.57 0.64270836 0.5158333 0.6421875 0.5058333 0.64479166 0.5058333 0.6489583 0.5058333 0.6614583 0.5175
14 0.73125 0.84166664 0.73125 0.80333334 0.73229164 0.75666666 0.734375 0.70916665 0.7328125 0.67333335 0.734375 0.6275 0.7348958 0.56 0.7291667 0.5516667 0.72552085 0.5391667 0.72552085 0.51666665 0.72760415 0.5 0.76145834 0.4975 0.80260414 0.505 0.8041667 0.5308333 0.79791665 0.54583335 0.79010415 0.555 0.79375 0.56083333 0.79479164 0.6816667 0.79322916 0.74916667 0.79270834 0.7783333 0.7921875 0.8441667 0.7921875 0.86 0.7963542 0.8641667 0.8 0.8666667 0.80104166 0.88 0.8052083 0.8825 0.8052083 0.88416666 0.7973958 0.8825 0.78229165 0.88 0.7661458 0.87833333 0.73541665 0.87666667 0.72239584 0.87583333 0.72239584 0.87083334 0.7239583 0.8675 0.7265625 0.85583335 0.73125 0.85083336
14 0.734375 0.6 0.721875 0.6016667 0.70416665 0.60333335 0.69947916 0.60333335 0.7078125 0.5725 0.72239584 0.51416665 0.72552085 0.515 0.72552085 0.51666665 0.725 0.5391667 0.7291667 0.5516667 0.7348958 0.56
14 0.8385417 0.59583336 0.80052084 0.5975 0.7942708 0.5975 0.79375 0.56083333 0.790625 0.555 0.79791665 0.5466667 0.8041667 0.5308333 0.803125 0.51 0.83229166 0.5083333 0.8453125 0.4975 0.85260415 0.49166667 0.8640625 0.4925 0.87083334 0.5075 0.875 0.5775 0.87708336 0.60583335 0.8744792 0.6091667 0.8546875 0.6091667 0.84375 0.5966667 0.8390625 0.5975
14 0.79479164 0.68333334 0.853125 0.69166666 0.87708336 0.6958333 0.88125 0.69416666 0.88854164 0.69416666 0.89270836 0.6925 0.89427084 0.6975 0.8953125 0.69666666 0.8979167 0.68583333 0.89947915 0.68416667 0.896875 0.6825 0.896875 0.6791667 0.90260416 0.68083334 0.90416664 0.69916666 0.90260416 0.72083336 0.9010417 0.76 0.9 0.79833335 0.89375 0.7991667 0.890625 0.7925 0.88072914 0.7775 0.85052085 0.77416664 0.8078125 0.76666665 0.79322916 0.76416665
14 0.6890625 0.6458333 0.6947917 0.65166664 0.70885414 0.66583335 0.72083336 0.67583334 0.72864586 0.6816667 0.728125 0.685 0.7182292 0.6975 0.69895834 0.74666667 0.6875 0.77666664 0.68072915 0.7675 0.6796875 0.755 0.67291665 0.7375 0.66614586 0.7325 0.6203125 0.67833334 0.61145836 0.66583335 0.6088542 0.665 0.59791666 0.65 0.5864583 0.64416665 0.58489585 0.6433333 0.5625 0.62166667 0.55833334 0.6125 0.54791665 0.6 0.5421875 0.595 0.5364583 0.5991667 0.52760416 0.5933333 0.51875 0.5883333 0.51197916 0.585 0.50677085 0.58416665 0.49479166 0.5708333 0.51770836 0.51 0.5208333 0.5025 0.5234375 0.49666667 0.5286458 0.5108333 0.5328125 0.50083333 0.5494792 0.48833334 0.553125 0.49583334 0.5572917 0.50416666 0.5578125 0.515 0.56145835 0.51666665 0.5786458 0.5341667 0.6015625 0.55916667 0.62604165 0.58166665 0.63697916 0.595 0.62135416 0.63 0.6255208 0.63416666 0.65625 0.66583335 0.6713542 0.6775 0.68333334 0.6875 0.6901042 0.6958333 0.69166666 0.68416667 0.69114584 0.6775 0.68854165 0.665 0.68541664 0.65166664 0.6875 0.64916664
14 0.6958333 0.65 0.72239584 0.6616667 0.72760415 0.6725 0.7328125 0.6741667 0.734375 0.70916665 0.7317708 0.75666666 0.72291666 0.7583333 0.72083336 0.75166667 0.71770835 0.7558333 0.70989585 0.7625 0.7046875 0.7608333 0.69114584 0.7683333 0.70520836 0.73083335 0.71875 0.6975 0.728125 0.685 0.72864586 0.6816667 0.709375 0.66583335 0.6947917 0.65166664
14 0.67604166 0.7675 0.6744792 0.74666667 0.67604166 0.74583334 0.6796875 0.755 0.6802083 0.7683333
14 0.33489582 0.885 0.32864583 0.8308333 0.32239583 0.7783333 0.32135418 0.77416664 0.32083333 0.76416665 0.33697918 0.76166666 0.33697918 0.7675 0.346875 0.77416664 0.3578125 0.7725 0.3875 0.77 0.4578125 0.76666665 0.4875 0.765 0.521875 0.76416665 0.5265625 0.74833333 0.53333336 0.7475 0.5328125 0.7575 0.5286458 0.7991667 0.528125 0.8258333 0.5296875 0.835 0.5296875 0.8383333 0.5317708 0.8383333 0.53333336 0.835 0.5375 0.83666664 0.54114586 0.84 0.5473958 0.8408333 0.5463542 0.8441667 0.54010415 0.84833336 0.5317708 0.8491667 0.53125 0.8475 0.52552086 0.85083336 0.49375 0.85583335 0.44895834 0.86 0.37447917 0.8641667 0.35520834 0.865 0.34791666 0.8591667 0.34635416 0.87416667 0.34635416 0.8825 0.34427083 0.8833333 0.3359375 0.8858333
14 0.47239584 0.8975 0.4765625 0.85833335 0.52552086 0.85083336 0.53125 0.8475 0.5317708 0.8491667 0.5338542 0.8491667 0.53020835 0.87666667 0.52760416 0.8975 0.52552086 0.9125 0.5229167 0.9166667 0.5229167 0.94 0.5260417 0.94166666 0.5317708 0.95166665 0.5317708 0.9608333 0.52916664 0.97083336 0.52239585 0.9716667 0.51145834 0.96666664 0.49270833 0.9625 0.47291666 0.96166664 0.45885417 0.9625 0.45729166 0.96416664 0.45520833 0.9625 0.45729166 0.93666667 0.465625 0.91333336 0.4703125 0.90166664
14 0.4875 0.765 0.48854166 0.75 0.49270833 0.7075 0.49375 0.7058333 0.49739584 0.6675 0.4984375 0.6616667 0.5 0.65166664 0.5046875 0.63916665 0.5046875 0.63166666 0.50208336 0.62916666 0.496875 0.62416667 0.496875 0.62 0.50208336 0.6116667 0.5130208 0.60583335 0.5203125 0.6066667 0.52447915 0.6016667 0.534375 0.6 0.5364583 0.5991667 0.5421875 0.595 0.5473958 0.6 0.55833334 0.6125 0.5619792 0.62166667 0.56614584 0.62583333 0.5609375 0.63166666 0.5609375 0.6358333 0.55625 0.6383333 0.55364585 0.67833334 0.55052084 0.70416665 0.546875 0.735 0.5390625 0.80333334 0.5359375 0.8358333 0.53333336 0.83416665 0.5317708 0.8383333 0.5296875 0.8375 0.5296875 0.83416665 0.528125 0.82666665 0.52916664 0.8 0.53229165 0.765 0.53333336 0.7575 0.53333336 0.74666667 0.5265625 0.74833333 0.521875 0.76416665
14 0.5640625 0.72 0.5541667 0.7125 0.55104166 0.70416665 0.55260414 0.68916667 0.5541667 0.67833334 0.58697915 0.645 0.59739584 0.65 0.609375 0.66583335 0.6109375 0.6666667 0.6244792 0.68833333 0.64635414 0.72583336 0.67760414 0.7841667 0.70989585 0.8475 0.72239584 0.87 0.72239584 0.87666667 0.72552085 0.87666667 0.7369792 0.9008333 0.73854166 0.9 0.74635416 0.89916664 0.7546875 0.9166667 0.75677085 0.92833334 0.753125 0.93083334 0.7427083 0.93833333 0.7114583 0.97 0.70729166 0.975 0.7036458 0.975 0.6947917 0.9875 0.6875 0.975 0.6848958 0.9583333 0.68177086 0.93583333 0.6588542 0.8925 0.64270836 0.8625 0.61875 0.81583333 0.6088542 0.7941667 0.59010416 0.75666666 0.57708335 0.7316667 0.56614584 0.7225
14 0.565625 0.51916665 0.5578125 0.4875 0.5578125 0.4825 0.58229166 0.46416667 0.6067708 0.44583333 0.60833335 0.455 0.61614585 0.4875 0.61822915 0.4975 0.62395835 0.5233333 0.6333333 0.56333333 0.6390625 0.5908333 0.6375 0.5941667 0.62604165 0.58166665 0.60520834 0.56166667
14 0.44947916 0.64166665 0.41875 0.62 0.3765625 0.59583336 0.38333333 0.56666666 0.396875 0.53833336 0.40260416 0.52 0.4046875 0.5125 0.440625 0.375 0.45885417 0.305 0.46145833 0.2975 0.46614584 0.28416666 0.46614584 0.27833334 0.46510416 0.275 0.465625 0.26 0.46302083 0.2525 0.46458334 0.245 0.4671875 0.23916666 0.47135416 0.23833333 0.47760418 0.24083333 0.528125 0.27833334 0.5317708 0.28583333 0.53333336 0.29333332 0.53229165 0.29916668 0.52760416 0.30666667 0.525 0.3075 0.521875 0.30416667 0.5203125 0.30666667 0.5140625 0.32833335 0.5109375 0.34333333 0.4953125 0.40083334 0.4890625 0.42833334 0.4875 0.43833333 0.48541668 0.4425 0.47395834 0.4925 0.465625 0.5258333 0.4578125 0.5625 0.45572916 0.5683333 0.45416668 0.5925 0.45572916 0.6125 0.4515625 0.635
