19 0.3 0.5341667 0.35104167 0.48416665 0.39791667 0.4425 0.41614583 0.425 0.44791666 0.39333335 0.45989582 0.39666668 0.4640625 0.4025 0.51354164 0.55 0.525 0.5825 0.525 0.5933333 0.51979166 0.60083336 0.36875 0.7425 0.36302084 0.7425 0.35572916 0.7316667 0.29791668 0.56333333 0.29583332 0.55833334 0.29583332 0.5475 0.296875 0.5391667
19 0.1796875 0.33 0.19739583 0.30083334 0.19895834 0.29583332 0.20260416 0.2925 0.2046875 0.29166666 0.20729166 0.29 0.21197917 0.29 0.2171875 0.29666665 0.2546875 0.35583332 0.29270834 0.42583334 0.31041667 0.45833334 0.321875 0.48416665 0.3234375 0.48833334 0.325 0.49666667 0.32447916 0.50416666 0.321875 0.5108333 0.32135418 0.5133333 0.3078125 0.52666664 0.30104166 0.53333336 0.2984375 0.5375 0.296875 0.54 0.29583332 0.54333335 0.29583332 0.55333334 0.29427084 0.5575 0.24635416 0.6375 0.23645833 0.64666665 0.23020834 0.65 0.225 0.64666665 0.21302083 0.62833333 0.128125 0.46833333 0.11770833 0.45166665 0.11666667 0.44416666 0.11666667 0.43666667 0.12135417 0.425 0.15260416 0.38333333 0.171875 0.34583333 0.17708333 0.33583334
19 0.17291667 0.6716667 0.1828125 0.6741667 0.19947916 0.6741667 0.21979167 0.67583334 0.234375 0.6791667 0.25677082 0.67833334 0.29947916 0.67583334 0.321875 0.675 0.328125 0.675 0.33229166 0.6791667 0.33541667 0.68583333 0.33802083 0.69666666 0.33802083 0.7075 0.34166667 0.7816667 0.27395833 0.865 0.24895833 0.8958333 0.18125 0.8975 0.17604166 0.8933333 0.17083333 0.8833333 0.16770834 0.86833334 0.1640625 0.7266667 0.1640625 0.68833333 0.1671875 0.67833334 0.16927083 0.6741667
19 0.384375 0.8025 0.40989584 0.8666667 0.42239583 0.8925 0.44322917 0.9325 0.45416668 0.9508333 0.465625 0.97583336 0.46822917 0.98 0.47135416 0.9916667 0.47083333 0.99916667 0.28854167 1.0 0.26979166 0.9583333 0.2515625 0.92083335 0.24739583 0.91083336 0.24791667 0.90416664 0.2484375 0.89666665 0.26979166 0.8691667 0.31822917 0.80916667 0.34166667 0.7808333 0.3515625 0.76916665 0.3546875 0.76666665 0.35989583 0.765 0.36510417 0.7658333 0.3703125 0.7725 0.37395832 0.7783333
19 0.3953125 0.7183333 0.40572917 0.74583334 0.40833333 0.76 0.40833333 0.765 0.40625 0.77166665 0.4046875 0.7758333 0.38958332 0.7875 0.38072917 0.7941667 0.3703125 0.77166665 0.36614582 0.76666665 0.36197916 0.765 0.35677084 0.7658333 0.3515625 0.77 0.34166667 0.78 0.3390625 0.73 0.33802083 0.6958333 0.334375 0.68333334 0.33125 0.6775 0.32708332 0.6741667 0.2828125 0.6766667 0.23333333 0.6791667 0.23020834 0.6691667 0.22395833 0.65416664 0.21822916 0.6383333 0.21979167 0.6383333 0.2234375 0.6458333 0.22447917 0.64666665 0.2265625 0.6483333 0.23020834 0.65 0.23489584 0.6475 0.24166666 0.64166665 0.24635416 0.6375 0.2640625 0.6075 0.27916667 0.5825 0.2953125 0.555 0.29583332 0.55833334 0.296875 0.5625 0.3015625 0.5733333 0.31145832 0.6025 0.33177084 0.6616667 0.34791666 0.70916665 0.35572916 0.7325 0.36197916 0.7416667 0.36614582 0.7425 0.36875 0.7425 0.38229167 0.7291667 0.3953125 0.7175
19 0.45052084 0.66833335 0.4515625 0.7341667 0.45052084 0.75083333 0.44895834 0.7558333 0.446875 0.76 0.44322917 0.76166666 0.43854168 0.7633333 0.40885416 0.7608333 0.40625 0.74833333 0.4015625 0.73583335 0.39479166 0.7183333 0.3953125 0.71666664 0.4453125 0.67083335 0.44947916 0.6675
19 0.321875 0.45666668 0.37864584 0.45916668 0.3640625 0.4725 0.34166667 0.49333334 0.33072916 0.50333333 0.32552084 0.50916666 0.321875 0.5125 0.32239583 0.5108333 0.32395834 0.505 0.325 0.4975 0.32447916 0.4925 0.32239583 0.485 0.31614584 0.47083333 0.31458333 0.4675 0.315625 0.465 0.3171875 0.46 0.31875 0.4575
19 0.5078125 0.755 0.5875 0.7033333 0.60833335 0.69166666 0.6234375 0.6825 0.6296875 0.6825 0.6354167 0.685 0.63958335 0.69083333 0.6432292 0.6983333 0.6791667 0.84166664 0.6880208 0.87166667 0.68854165 0.88 0.6880208 0.88916665 0.6859375 0.89416665 0.68333334 0.8975 0.625 0.9316667 0.53020835 0.99333334 0.52552086 0.99833333 0.51927084 0.99666667 0.5130208 0.99 0.50989586 0.9816667 0.50416666 0.9575 0.49114582 0.9008333 0.4765625 0.85 0.46927083 0.82 0.46458334 0.8025 0.46510416 0.79 0.46875 0.7816667 0.4796875 0.77416664
19 0.759375 0.53583336 0.81927085 0.6383333 0.83125 0.66083336 0.87291664 0.7158333 0.8828125 0.74 0.88072914 0.75 0.8755208 0.76 0.86302084 0.7783333 0.809375 0.8616667 0.7916667 0.89166665 0.78489584 0.8983333 0.78125 0.9 0.7739583 0.8975 0.69895834 0.7758333 0.6671875 0.72333336 0.659375 0.7125 0.6536458 0.69916666 0.6515625 0.68833333 0.65520835 0.6791667 0.6614583 0.6641667 0.68541664 0.62916666 0.721875 0.5708333 0.7395833 0.53833336 0.74583334 0.53333336 0.75 0.53333336
19 0.30364582 0.1275 0.40520832 0.1975 0.43541667 0.2175 0.45364583 0.22916667 0.45677084 0.2325 0.45989582 0.23916666 0.4609375 0.24583334 0.4609375 0.25416666 0.45208332 0.28916666 0.43541667 0.3475 0.42395833 0.39083335 0.415625 0.425 0.415625 0.425 0.39739582 0.44333333 0.3671875 0.42416668 0.29375 0.3725 0.25104168 0.34166667 0.24791667 0.33666667 0.24479167 0.33 0.24322917 0.325 0.24427083 0.31 0.28229168 0.1725 0.29114583 0.13666667 0.29427084 0.13083333 0.29791668 0.1275
