0 0.46666667 0.7133333 0.4734375 0.705 0.46822917 0.74833333 0.46145833 0.745 0.46197918 0.7366667 0.46614584 0.715
7 0.5864583 0.82916665 0.62135416 0.86583334 0.6322917 0.87916666 0.6380208 0.88416666 0.6432292 0.885 0.653125 0.8591667 0.65416664 0.83666664 0.62395835 0.82916665 0.6223958 0.82666665 0.6 0.82166666 0.5807292 0.82166666 0.5854167 0.82666665
7 0.73802084 0.56583333 0.73229164 0.585 0.72760415 0.59 0.7015625 0.635 0.6869792 0.66 0.690625 0.55833334 0.69895834 0.55583334 0.71302086 0.55583334 0.72760415 0.55333334 0.73645836 0.56333333
7 0.5552083 0.415 0.575 0.43583333 0.5864583 0.44583333 0.5776042 0.48416665 0.5755208 0.50333333 0.5708333 0.52666664 0.565625 0.525 0.5395833 0.5183333 0.54270834 0.48916668 0.5473958 0.46166667 0.55052084 0.44583333 0.5463542 0.4375 0.553125 0.41666666
0 0.6177083 0.2425 0.6635417 0.26666668 0.70885414 0.29666665 0.7171875 0.30666667 0.75572914 0.295 0.8130208 0.2875 0.8255208 0.2975 0.8177083 0.36083335 0.82135415 0.36833334 0.81927085 0.3875 0.81614584 0.3925 0.8125 0.44083333 0.81354165 0.46833333 0.8197917 0.51 0.82135415 0.57 0.8203125 0.60833335 0.8125 0.6125 0.81041664 0.6191667 0.8020833 0.6166667 0.7895833 0.6166667 0.75885415 0.5858333 0.746875 0.575 0.73802084 0.56583333 0.73645836 0.56333333 0.72760415 0.55333334 0.71302086 0.55583334 0.69895834 0.55583334 0.69114584 0.55833334 0.690625 0.55833334 0.69322914 0.5 0.67760414 0.5 0.6390625 0.5208333 0.60364586 0.53833336 0.5708333 0.52666664 0.5755208 0.50416666 0.5776042 0.48416665 0.5864583 0.44583333 0.59739584 0.4025 0.603125 0.39083335 0.6067708 0.3825 0.6067708 0.36666667 0.60260415 0.3225 0.5989583 0.27916667 0.5984375 0.25833333 0.6 0.23833333 0.60364586 0.23333333 0.615625 0.24083333
7 0.35989583 0.119166665 0.38489583 0.123333335 0.44895834 0.1375 0.484375 0.115 0.5640625 0.0675 0.57135415 0.07083333 0.5890625 0.07083333 0.58020836 0.135 0.57447916 0.21 0.571875 0.2125 0.56875 0.25083333 0.56666666 0.27166668 0.56458336 0.28666666 0.56666666 0.30083334 0.5859375 0.32916668 0.59947914 0.3475 0.6041667 0.355 0.6041667 0.36083335 0.60052085 0.3575 0.596875 0.3625 0.59270835 0.3625 0.5796875 0.3725 0.54375 0.35333332 0.53697914 0.35083333 0.5286458 0.35166666 0.5208333 0.35333332 0.50885415 0.35666665 0.49322918 0.3625 0.4796875 0.36916667 0.46770832 0.37583333 0.45989582 0.3825 0.434375 0.40083334 0.41822916 0.415 0.39375 0.435 0.38958332 0.43916667 0.3859375 0.4425 0.38489583 0.4375 0.37864584 0.3775 0.37552083 0.33583334 0.36927083 0.29666665 0.365625 0.24166666 0.36145833 0.18916667 0.3578125 0.123333335 0.359375 0.12083333
7 0.33958334 0.345 0.36510417 0.36666667 0.37864584 0.37833333 0.37552083 0.33666667 0.36927083 0.29666665 0.36875 0.295 0.359375 0.31 0.3484375 0.32916668 0.346875 0.3325 0.3421875 0.32583332 0.33854166 0.34333333
7 0.43229166 0.43166667 0.45885417 0.46333334 0.475 0.48416665 0.4921875 0.50666666 0.5078125 0.51 0.5140625 0.47333333 0.51927084 0.44666666 0.525 0.4175 0.52760416 0.38333333 0.53697914 0.36833334 0.54479164 0.35416666 0.5375 0.35083333 0.51875 0.35333332 0.48489583 0.36583334 0.47552082 0.37083334 0.46666667 0.37666667 0.459375 0.3825 0.4375 0.39833334 0.42239583 0.41166666 0.41770834 0.41583332 0.42916667 0.42916667
7 0.5786458 0.19333333 0.60729164 0.215 0.625 0.2275 0.62395835 0.23166667 0.62083334 0.23416667 0.61875 0.24333334 0.6177083 0.2425 0.615625 0.24083333 0.60364586 0.23333333 0.6 0.23833333 0.5984375 0.25833333 0.5989583 0.27333334 0.59270835 0.28083333 0.5807292 0.29666665 0.5697917 0.30583334 0.56666666 0.30083334 0.56458336 0.28666666 0.56666666 0.27166668 0.56875 0.25 0.571875 0.2125 0.57447916 0.21 0.57604164 0.19166666 0.578125 0.1925
7 0.45989582 0.061666667 0.45 0.07416666 0.44791666 0.0825 0.43645832 0.135 0.44947916 0.13833334 0.47864583 0.11833333 0.4953125 0.10916667 0.4671875 0.0725 0.46614584 0.06666667 0.4609375 0.0625
0 0.45416668 0.50916666 0.4625 0.5083333 0.471875 0.50166667 0.56666666 0.525 0.603125 0.53833336 0.64270836 0.51916665 0.678125 0.5 0.69322914 0.5 0.68958336 0.58916664 0.68645835 0.6725 0.68645835 0.7 0.68958336 0.7608333 0.69427085 0.8525 0.6828125 0.85833335 0.68125 0.8466667 0.66822916 0.84 0.62395835 0.82916665 0.6223958 0.82666665 0.6 0.82166666 0.5677083 0.82166666 0.5328125 0.8233333 0.48072916 0.82666665 0.46458334 0.8233333 0.46145833 0.8125 0.4640625 0.8041667 0.46875 0.7441667 0.478125 0.67333335 0.47135416 0.6566667 0.46041667 0.58916664 0.45260417 0.51166666
