6 0.1484375 0.485 0.13177083 0.485 0.125 0.485 0.123958334 0.5083333 0.1296875 0.565 0.13541667 0.59166664 0.134375 0.6275 0.1390625 0.6566667 0.140625 0.69 0.140625 0.705 0.14010416 0.73 0.14427084 0.73083335 0.14739583 0.7291667 0.23854166 0.71 0.24635416 0.7083333 0.24375 0.69083333 0.24375 0.67583334 0.23229167 0.625 0.23177083 0.60333335 0.228125 0.56583333 0.2234375 0.5441667 0.22447917 0.5258333 0.228125 0.5158333 0.22864583 0.505 0.21875 0.4975 0.1921875 0.49 0.15520833 0.4875
6 0.1734375 0.72333336 0.20833333 0.7441667 0.25052083 0.7733333 0.2734375 0.7816667 0.28020832 0.76916665 0.2828125 0.75666666 0.278125 0.75166667 0.28229168 0.73083335 0.28802082 0.72 0.29322916 0.6975 0.29427084 0.68833333 0.3046875 0.6533333 0.2875 0.6566667 0.26875 0.6566667 0.26875 0.5808333 0.25260416 0.60083336 0.25 0.5933333 0.23020834 0.52916664 0.2265625 0.52 0.22447917 0.5258333 0.2234375 0.545 0.228125 0.56583333 0.23125 0.6025 0.23229167 0.62333333 0.24322917 0.6725 0.24375 0.69166666 0.246875 0.70916665 0.23229167 0.71166664
6 0.26666668 0.295 0.1703125 0.39333335 0.18177083 0.42166665 0.196875 0.43583333 0.20833333 0.47666666 0.21875 0.49833333 0.22864583 0.505 0.228125 0.515 0.2265625 0.5208333 0.23020834 0.52916664 0.25260416 0.60083336 0.26927084 0.5808333 0.30625 0.54583335 0.31510416 0.5341667 0.33697918 0.51166666 0.34895834 0.49833333 0.34166667 0.48083332 0.3234375 0.4475 0.30677083 0.40833333 0.29791668 0.38416666 0.29010418 0.36 0.2734375 0.32583332 0.26875 0.3175 0.26614583 0.30166668 0.26979166 0.29916668
6 0.3453125 0.20666666 0.33125 0.255 0.32239583 0.255 0.29479167 0.27416667 0.26927084 0.30166668 0.26614583 0.30166668 0.26875 0.31583333 0.2890625 0.35916665 0.3125 0.40416667 0.340625 0.46416667 0.35052082 0.49 0.38385418 0.49166667 0.4015625 0.46916667 0.4484375 0.41166666 0.44947916 0.40416667 0.4421875 0.38583332 0.43020833 0.38833332 0.42864582 0.36833334 0.39791667 0.305 0.3859375 0.28166667 0.35677084 0.21916667
6 0.409375 0.13583334 0.40833333 0.15083334 0.41458333 0.18583333 0.4296875 0.275 0.4296875 0.36 0.42864582 0.3675 0.43072918 0.38833332 0.4765625 0.37666667 0.5317708 0.36583334 0.54270834 0.36166668 0.5416667 0.34166667 0.5395833 0.3325 0.5307292 0.29166666 0.53020835 0.2625 0.5296875 0.23 0.52552086 0.2175 0.5234375 0.19416666 0.5239583 0.135 0.52135414 0.1125 0.5125 0.11666667 0.42447916 0.1325 0.415625 0.13333334
6 0.43072918 0.495 0.4203125 0.4925 0.409375 0.49 0.3828125 0.49166667 0.34479168 0.48916668 0.34895834 0.4975 0.33645833 0.5125 0.31510416 0.5341667 0.30625 0.54583335 0.26927084 0.5808333 0.26875 0.6558333 0.2890625 0.6558333 0.30989584 0.6508333 0.32135418 0.6408333 0.3265625 0.63916665 0.33854166 0.6458333 0.36510417 0.65 0.40104166 0.66 0.40989584 0.665 0.421875 0.66583335 0.42552084 0.6375 0.4265625 0.58916664 0.43072918 0.525 0.43333334 0.49583334
6 0.315625 0.6475 0.30208334 0.69166666 0.28958333 0.71416664 0.28802082 0.72 0.28229168 0.73083335 0.278125 0.75166667 0.29322916 0.76666665 0.30416667 0.77666664 0.34270832 0.8025 0.38125 0.8325 0.38385418 0.8233333 0.3875 0.8025 0.40572917 0.7175 0.4171875 0.68 0.43802083 0.6275 0.44427082 0.6125 0.4453125 0.6041667 0.440625 0.5975 0.4265625 0.58916664 0.42552084 0.6383333 0.421875 0.6666667 0.41614583 0.66583335 0.40989584 0.665 0.40104166 0.66 0.3609375 0.64916664 0.33802083 0.6458333 0.3265625 0.63916665 0.32135418 0.6408333 0.31614584 0.645
6 0.44166666 0.6875 0.43854168 0.725 0.42760417 0.75083333 0.415625 0.7866667 0.4 0.84166664 0.40104166 0.8491667 0.41458333 0.85583335 0.42447916 0.8575 0.46979168 0.8825 0.49791667 0.90166664 0.5161458 0.9125 0.52447915 0.9216667 0.53802085 0.93083334 0.54270834 0.9241667 0.559375 0.8566667 0.5807292 0.7658333 0.5671875 0.75666666 0.5625 0.755 0.55677086 0.75416666 0.54270834 0.74916667 0.50572914 0.72833335 0.45833334 0.7008333 0.44895834 0.6933333 0.44479167 0.68666667
6 0.81614584 0.7125 0.8052083 0.7275 0.7838542 0.7658333 0.7369792 0.83166665 0.7026042 0.87416667 0.7036458 0.885 0.7078125 0.89416665 0.728125 0.925 0.7703125 0.9916667 0.775 0.9891667 0.8286458 0.9166667 0.86354166 0.86583334 0.8755208 0.8525 0.88177085 0.8383333 0.8645833 0.8016667 0.82395834 0.72333336
6 0.646875 0.68 0.64375 0.74 0.63958335 0.75916666 0.63645834 0.76666665 0.63072914 0.7783333 0.609375 0.845 0.61041665 0.86333334 0.62083334 0.86583334 0.7083333 0.8983333 0.7083333 0.8933333 0.703125 0.8858333 0.70208335 0.87416667 0.71458334 0.86 0.73020834 0.7816667 0.7348958 0.74916667 0.7390625 0.71416664 0.74895835 0.68416667 0.7265625 0.67833334 0.7182292 0.67 0.7114583 0.6691667 0.66979164 0.675 0.6536458 0.675
6 0.76875 0.5875 0.76770836 0.6041667 0.7651042 0.6225 0.77760416 0.7225 0.7807292 0.77 0.7890625 0.7558333 0.8098958 0.72 0.81666666 0.7125 0.82395834 0.72333336 0.8546875 0.78333336 0.865625 0.80333334 0.89166665 0.79583335 0.8921875 0.7875 0.88697916 0.76166666 0.8828125 0.7341667 0.86927086 0.6691667 0.87135416 0.5825 0.8703125 0.57166666 0.8666667 0.56166667 0.8588542 0.57666665 0.8588542 0.60333335 0.85364586 0.62333333 0.84010416 0.61833334 0.7963542 0.57666665
6 0.5546875 0.37666667 0.5619792 0.40916666 0.56614584 0.42166665 0.5755208 0.47833332 0.58229166 0.52916664 0.5833333 0.56916666 0.58489585 0.59 0.6666667 0.5733333 0.66770834 0.565 0.66979164 0.555 0.6723958 0.5233333 0.67760414 0.4825 0.67291665 0.4575 0.66875 0.41916665 0.6645833 0.35416666 0.6588542 0.34916666 0.6088542 0.35416666 0.5755208 0.37 0.5651042 0.37166667 0.5546875 0.37416667
6 0.6765625 0.35166666 0.675 0.38416666 0.678125 0.39833334 0.6796875 0.42666668 0.6796875 0.465 0.678125 0.4825 0.6723958 0.5233333 0.66979164 0.555 0.6666667 0.57416666 0.66197914 0.5775 0.659375 0.5808333 0.6744792 0.5825 0.6880208 0.5883333 0.69895834 0.59583336 0.7161458 0.6041667 0.7651042 0.62166667 0.76666665 0.6125 0.76770836 0.6041667 0.76927084 0.55 0.7640625 0.5475 0.7552083 0.53833336 0.7661458 0.51916665 0.771875 0.50333333 0.7765625 0.43333334 0.7817708 0.39 0.78229165 0.37833333 0.74791664 0.4175 0.725 0.44416666 0.709375 0.455 0.7057292 0.4475 0.69427085 0.41 0.6875 0.39083335 0.68072915 0.3575
6 0.7994792 0.185 0.78229165 0.1975 0.7453125 0.23166667 0.7239583 0.2575 0.7026042 0.265 0.6713542 0.28166667 0.6588542 0.2925 0.67083335 0.33583334 0.6802083 0.3575 0.68125 0.35916665 0.6875 0.39 0.69375 0.40833333 0.70625 0.4475 0.70989585 0.455 0.725 0.44416666 0.784375 0.37583333 0.79114586 0.37 0.8286458 0.35916665 0.840625 0.3525 0.8453125 0.34583333 0.84375 0.33916667 0.8359375 0.32 0.82447916 0.29166666 0.8140625 0.24666667 0.8078125 0.2075 0.80104166 0.18916667
6 0.7838542 0.37666667 0.78229165 0.4025 0.7786458 0.46666667 0.7796875 0.47666666 0.78333336 0.4775 0.7895833 0.45916668 0.7994792 0.435 0.8078125 0.41416666 0.809375 0.4125 0.82135415 0.36166668 0.81614584 0.3625 0.7994792 0.3675 0.79114586 0.37
6 0.78333336 0.47833332 0.7760417 0.49666667 0.77135414 0.50416666 0.7661458 0.51916665 0.7552083 0.53833336 0.76458335 0.54833335 0.7708333 0.55 0.77760416 0.56166667 0.796875 0.5783333 0.840625 0.6175 0.85364586 0.62333333 0.8588542 0.6041667 0.85833335 0.5758333 0.8703125 0.55 0.884375 0.515 0.896875 0.4775 0.91510415 0.4325 0.91614586 0.41416666 0.896875 0.38833332 0.859375 0.35083333 0.85052085 0.3425 0.84479165 0.34166667 0.8453125 0.34583333 0.840625 0.3525 0.8354167 0.35583332 0.8286458 0.36 0.82135415 0.36166668 0.809375 0.4125 0.8078125 0.41416666 0.7895833 0.45916668
6 0.89479166 0.22583333 0.8958333 0.23916666 0.8932292 0.2525 0.88645834 0.37833333 0.8619792 0.35333332 0.85052085 0.3425 0.84479165 0.34166667 0.82395834 0.28916666 0.8130208 0.24 0.8109375 0.22666667 0.83177084 0.2275 0.8921875 0.22416666
6 0.90208334 0.30833334 0.89166665 0.3825 0.89739585 0.38916665 0.915625 0.41416666 0.9145833 0.43416667 0.8984375 0.47166666 0.89375 0.48583335 0.9234375 0.49333334 0.9375 0.49166667 1.0 0.52166665 1.0 0.34916666 0.9546875 0.33416668 0.9369792 0.325 0.92395836 0.315 0.9135417 0.31 0.90520835 0.30666667
6 0.9296875 0.06666667 0.90833336 0.105 0.8744792 0.18666667 0.8609375 0.225 0.86510414 0.22666667 0.8921875 0.22416666 0.8953125 0.22666667 0.8958333 0.24 0.8932292 0.2525 0.89947915 0.25916666 0.91875 0.2775 0.978125 0.34083334 0.9848958 0.345 0.99010414 0.34 1.0 0.32166666 1.0 0.14583333 0.971875 0.1275 0.96302086 0.12 0.9380208 0.0825 0.9359375 0.071666665
6 0.6510417 0.0 0.640625 0.036666665 0.6296875 0.0575 0.61145836 0.090833336 0.6 0.11333334 0.6203125 0.13583334 0.6333333 0.145 0.7 0.21916667 0.728125 0.2525 0.734375 0.2375 0.7786458 0.111666664 0.78333336 0.09833334 0.7760417 0.08916666 0.74895835 0.06916667 0.7296875 0.054166667 0.70208335 0.0175 0.6880208 0.0
6 0.0072916667 0.265 0.0 0.28333333 0.0 0.46583334 0.046354167 0.49 0.06458333 0.4875 0.075520836 0.51916665 0.0984375 0.5516667 0.10520833 0.5416667 0.12135417 0.5108333 0.123958334 0.505 0.125 0.485 0.13177083 0.485 0.16302083 0.3975 0.15989584 0.39166668 0.15104167 0.38416666 0.11875 0.36666667 0.111979164 0.365 0.09583333 0.3475 0.0203125 0.2725 0.009895833 0.26666668
