4 0.27395833 0.39916667 0.22552083 0.27333334 0.22395833 0.26 0.22864583 0.25166667 0.25677082 0.22166666 0.26302084 0.2275 0.2671875 0.2325 0.3171875 0.36166668 0.3265625 0.37416667 0.3421875 0.37333333 0.35729167 0.38333333 0.36510417 0.39166668 0.375 0.4075 0.38385418 0.42333335 0.390625 0.44583333 0.359375 0.4625 0.35729167 0.47166666 0.35885417 0.48583335 0.3671875 0.5283333 0.3515625 0.5425 0.34583333 0.55083334 0.34010416 0.5625 0.33802083 0.5733333 0.31927082 0.5733333 0.30416667 0.56583333 0.284375 0.5441667 0.27291667 0.51166666 0.26822916 0.47833332 0.26927084 0.46 0.27395833 0.4325 0.27604166 0.41916665 0.27552083 0.41
4 0.43697917 0.24416667 0.4234375 0.39583334 0.41875 0.41416666 0.4 0.43083334 0.39010417 0.44166666 0.39166668 0.44583333 0.45729166 0.41416666 0.465625 0.40833333 0.47239584 0.37583333 0.4765625 0.35833332 0.4859375 0.2525 0.48177084 0.24166666 0.44375 0.23416667
4 0.4 0.5258333 0.46979168 0.49166667 0.47708333 0.49083334 0.48802084 0.495 0.49114582 0.50333333 0.5046875 0.51666665 0.51666665 0.5208333 0.5296875 0.5258333 0.54270834 0.52166665 0.553125 0.51416665 0.56458336 0.50333333 0.575 0.49166667 0.5796875 0.48083332 0.58697915 0.46166667 0.5890625 0.45 0.52708334 0.39083335 0.5239583 0.38333333 0.52239585 0.37083334 0.5390625 0.3225 0.5234375 0.32166666 0.5130208 0.325 0.49947917 0.33166668 0.48645833 0.34333333 0.47604167 0.36333334 0.47395834 0.3675 0.465625 0.4075 0.4546875 0.415 0.36041668 0.46166667 0.35677084 0.47083333 0.3671875 0.5283333 0.378125 0.525 0.38645834 0.52416664
4 0.46197918 0.5925 0.46927083 0.5858333 0.47395834 0.565 0.48020834 0.5466667 0.48541668 0.53833336 0.48958334 0.5308333 0.49375 0.525 0.503125 0.51666665 0.4921875 0.50416666 0.48854166 0.495 0.47604167 0.49083334 0.47135416 0.49166667 0.40052083 0.525 0.41979167 0.5366667 0.434375 0.5516667 0.44427082 0.57 0.45364583 0.58666664 0.45885417 0.5941667
4 0.4625 0.6641667 0.5552083 0.68916667 0.5651042 0.68916667 0.5708333 0.68 0.57395834 0.63666666 0.57135415 0.62666667 0.56666666 0.6191667 0.47135416 0.6 0.45729166 0.5933333 0.45 0.5825 0.4359375 0.55583334 0.42447916 0.54083335 0.42083332 0.5366667 0.40104166 0.5258333 0.384375 0.5233333 0.36875 0.52666664 0.34947917 0.5441667 0.340625 0.56083333 0.33541667 0.58166665 0.334375 0.60833335 0.34166667 0.64 0.40989584 0.6933333 0.41979167 0.695 0.42916667 0.69 0.44114584 0.67833334 0.45416668 0.66833335
4 0.5416667 0.32166666 0.55 0.32166666 0.58802086 0.35583332 0.63645834 0.4025 0.6484375 0.405 0.6625 0.39333335 0.675 0.3875 0.69114584 0.39 0.70677084 0.39833334 0.71666664 0.40666667 0.73020834 0.42833334 0.7395833 0.4575 0.7416667 0.4925 0.73854166 0.52166665 0.7317708 0.545 0.71666664 0.5725 0.70104164 0.5858333 0.68333334 0.5925 0.6625 0.5875 0.65 0.5775 0.63854164 0.55916667 0.62604165 0.5391667 0.62291664 0.52166665 0.6171875 0.48416665 0.6109375 0.46833333 0.58802086 0.44833332 0.52916664 0.3925 0.5239583 0.38583332 0.52239585 0.37166667 0.5390625 0.32333332
4 0.37708333 0.75416666 0.30364582 0.69666666 0.29947916 0.6875 0.29895833 0.6816667 0.31145832 0.63166666 0.31822917 0.6275 0.3484375 0.64666665 0.41302082 0.6958333 0.41875 0.695 0.425 0.6925 0.440625 0.68083334 0.46875 0.6775 0.48020834 0.68333334 0.4953125 0.6958333 0.50572914 0.7083333 0.51770836 0.735 0.5208333 0.7583333 0.5234375 0.785 0.51927084 0.8175 0.50885415 0.8425 0.496875 0.8591667 0.478125 0.8725 0.45833334 0.87666667 0.4390625 0.87166667 0.41979167 0.8525 0.41041666 0.8383333 0.40208334 0.81583333 0.3984375 0.795 0.39427084 0.7733333 0.38645834 0.7625
4 0.5671875 0.525 0.58125 0.54583335 0.58802086 0.56916666 0.5921875 0.5858333 0.59270835 0.6191667 0.58697915 0.6458333 0.5796875 0.665 0.57135415 0.675 0.5734375 0.63666666 0.57239586 0.62916666 0.56666666 0.6191667 0.46770832 0.5966667 0.46875 0.5808333 0.47395834 0.56416667 0.48072916 0.545 0.49010417 0.52916664 0.50364584 0.5175 0.5265625 0.525 0.5421875 0.52166665 0.5552083 0.51166666
4 0.56041664 0.6958333 0.5546875 0.7158333 0.55572915 0.8666667 0.55104166 0.87833333 0.51458335 0.8775 0.5104167 0.87166667 0.50885415 0.86 0.50572914 0.8441667 0.51927084 0.8175 0.52447915 0.7875 0.5182292 0.735 0.50416666 0.70666665 0.50104165 0.69666666 0.48854166 0.67833334 0.4859375 0.67083335 0.5598958 0.69
4 0.33229166 0.23666666 0.321875 0.20833333 0.31875 0.17833333 0.32083333 0.1475 0.32708332 0.1225 0.334375 0.10666667 0.35260418 0.085 0.36614582 0.075833336 0.37916666 0.07333333 0.39166668 0.07333333 0.40625 0.0825 0.42135417 0.096666664 0.43072918 0.11416667 0.4375 0.13333334 0.44166666 0.165 0.44010416 0.1925 0.434375 0.21916667 0.42447916 0.24083333 0.41770834 0.25333333 0.4078125 0.26083332 0.39479166 0.2675 0.38802084 0.27333334 0.38333333 0.28083333 0.3625 0.38833332 0.35572916 0.3825 0.3421875 0.37333333 0.32552084 0.3725 0.3171875 0.36166668 0.3359375 0.26083332 0.3375 0.25166667
