6 0.25729167 0.0875 0.2234375 0.1775 0.2171875 0.2075 0.18020834 0.2575 0.16770834 0.285 0.20729166 0.33083335 0.25885418 0.39083335 0.26510417 0.36916667 0.309375 0.27 0.3421875 0.20916666 0.3484375 0.19166666 0.26354167 0.093333334
6 0.042708334 0.5683333 0.043229166 0.595 0.053125 0.655 0.0609375 0.68416667 0.065625 0.74333334 0.106770836 0.72 0.14739583 0.69083333 0.22239584 0.67 0.2171875 0.63916665 0.1875 0.6041667 0.13333334 0.5775 0.114583336 0.5683333 0.125 0.54083335 0.08177083 0.5525 0.0515625 0.55833334
6 0.16197917 0.415 0.123958334 0.5425 0.114583336 0.5683333 0.13020833 0.57666665 0.18854167 0.605 0.21510416 0.63666666 0.22916667 0.6508333 0.24947916 0.6675 0.26875 0.61083335 0.30208334 0.5125 0.29114583 0.50166667 0.21458334 0.45083332 0.17864583 0.415 0.16666667 0.4025
6 0.225 0.64666665 0.23229167 0.69 0.2328125 0.77166665 0.228125 0.84166664 0.228125 0.86833334 0.34010416 0.85333335 0.34114584 0.83166665 0.33020833 0.755 0.33541667 0.6141667 0.33333334 0.60583335 0.26770833 0.61583334 0.24947916 0.6675 0.23229167 0.65416664
6 0.2984375 0.8625 0.290625 1.0 0.44895834 1.0 0.45520833 0.8591667 0.3671875 0.8591667 0.34166667 0.85 0.340625 0.85333335 0.30416667 0.85833335
6 0.590625 0.93833333 0.57708335 0.9508333 0.5421875 1.0 0.5942708 1.0 0.61302084 1.0
6 0.51666665 0.7175 0.478125 0.8575 0.459375 0.8833333 0.45416668 0.89916664 0.45104167 0.945 0.50677085 1.0 0.54322916 1.0 0.553125 0.9533333 0.56822914 0.89666665 0.5885417 0.84833336 0.5572917 0.7758333 0.5671875 0.7658333 0.5317708 0.73083335
6 0.6671875 0.93583333 0.6109375 1.0 0.73854166 1.0 0.71302086 0.93083334 0.6890625 0.9025
6 0.35364583 0.013333334 0.35572916 0.045833334 0.38489583 0.13833334 0.39322916 0.2225 0.40208334 0.245 0.45625 0.22 0.45260417 0.1225 0.46302083 0.12166667 0.48489583 0.12833333 0.4796875 0.104166664 0.46875 0.075833336 0.46354166 0.0 0.43229166 0.0 0.37447917 0.00083333335
6 0.6010417 0.11666667 0.5807292 0.12 0.51979166 0.1275 0.484375 0.1275 0.46302083 0.12166667 0.45260417 0.123333335 0.45625 0.24166666 0.46041667 0.30166668 0.46822917 0.30083334 0.5083333 0.29 0.59010416 0.28083333 0.60520834 0.28166667 0.6166667 0.27666667 0.6109375 0.22666667 0.59791666 0.17333333 0.5942708 0.16916667 0.59375 0.15916666 0.60260415 0.123333335
6 0.45260417 0.51416665 0.44322917 0.68666667 0.45364583 0.69166666 0.5078125 0.68666667 0.58177084 0.7058333 0.5963542 0.7058333 0.5942708 0.63 0.60520834 0.54083335 0.59010416 0.53833336 0.5072917 0.52666664 0.46927083 0.515
6 0.6645833 0.6333333 0.64635414 0.6691667 0.6265625 0.71666664 0.59479165 0.7375 0.5572917 0.7758333 0.590625 0.8516667 0.61510414 0.9125 0.62708336 0.9025 0.65520835 0.8625 0.6567708 0.84583336 0.6703125 0.8325 0.69166666 0.7825 0.7026042 0.7475 0.7135417 0.7125 0.6802083 0.655
6 0.60052085 0.3225 0.603125 0.48916668 0.6145833 0.49416667 0.64375 0.48 0.6635417 0.48166665 0.7026042 0.48166665 0.74375 0.49 0.75208336 0.49 0.7505208 0.475 0.74791664 0.31916666 0.7046875 0.325 0.63645834 0.32833335 0.6041667 0.31916666
6 0.60260415 0.49666667 0.62083334 0.61833334 0.62708336 0.7158333 0.6296875 0.71 0.646875 0.66833335 0.6640625 0.6333333 0.68125 0.6558333 0.70677084 0.7008333 0.7171875 0.6975 0.72239584 0.6791667 0.73125 0.6641667 0.7125 0.57 0.71302086 0.51416665 0.70989585 0.48166665 0.659375 0.48 0.64427084 0.47916666 0.61510414 0.49416667 0.603125 0.48916668
6 0.8276042 0.53333336 0.796875 0.6433333 0.77135414 0.7075 0.82395834 0.75666666 0.815625 0.7816667 0.84791666 0.8225 0.86145836 0.7966667 0.8671875 0.765 0.8880208 0.6975 0.9166667 0.65166664 0.92395836 0.62833333 0.8802083 0.58916664 0.83802086 0.54833335
6 0.73072916 0.66583335 0.72291666 0.6775 0.715625 0.7025 0.70625 0.7366667 0.6921875 0.7825 0.66979164 0.8333333 0.65625 0.8475 0.6557292 0.86083335 0.690625 0.905 0.7026042 0.9175 0.7114583 0.9275 0.7416667 0.9575 0.74635416 0.9683333 0.753125 0.9525 0.7625 0.915 0.76979166 0.8775 0.8177083 0.775 0.82395834 0.7558333 0.7703125 0.70666665 0.75885415 0.68833333 0.73541665 0.665
6 0.7114583 0.9291667 0.73802084 1.0 0.7505208 1.0 0.79895836 0.93583333 0.86875 0.88916665 0.8364583 0.8075 0.8151042 0.7816667 0.7703125 0.8775 0.759375 0.9291667 0.7526042 0.9533333 0.746875 0.9675 0.7395833 0.955
6 0.39166668 0.21583334 0.38072917 0.22666667 0.35729167 0.26 0.30364582 0.325 0.271875 0.35666665 0.2921875 0.3925 0.3 0.41083333 0.334375 0.48083332 0.34166667 0.49166667 0.35104167 0.48083332 0.36354166 0.46 0.38541666 0.42833334 0.44375 0.37166667 0.45416668 0.36 0.4578125 0.3475 0.43645832 0.30583334 0.40572917 0.24416667 0.4015625 0.2425 0.39322916 0.2225
6 0.13177083 0.0016666667 0.111979164 0.02 0.059375 0.0725 0.0 0.11 0.0 0.14583333 0.034895834 0.20083334 0.046875 0.20833333 0.0625 0.26 0.075 0.255 0.110416666 0.2175 0.1984375 0.14916667 0.19479166 0.13833334 0.15833333 0.061666667
