14 0.4828125 0.19 0.47447917 0.20333333 0.4671875 0.19 0.47395834 0.16583334 0.484375 0.1425 0.4890625 0.13416667 0.49114582 0.12416667 0.49895832 0.1125 0.5083333 0.1075 0.5052083 0.12 0.6479167 0.25083333 0.6614583 0.26666668 0.6703125 0.25083333 0.68072915 0.2575 0.6765625 0.28083333 0.65416664 0.34166667 0.64947915 0.35833332 0.64375 0.34666666 0.63645834 0.33833334 0.63177085 0.32416666 0.62291664 0.3175 0.553125 0.25666666 0.4890625 0.19583334
14 0.675 0.25 0.671875 0.19333333 0.6723958 0.16833334 0.6671875 0.155 0.6666667 0.14833333 0.6640625 0.13833334 0.66614586 0.1225 0.7234375 0.1225 0.73229164 0.12666667 0.7265625 0.13833334 0.72760415 0.1425 0.7213542 0.1625 0.73229164 0.40833333 0.7359375 0.4425 0.740625 0.45666668 0.73854166 0.4775 0.7359375 0.485 0.67395836 0.48583335 0.6744792 0.455 0.684375 0.43666667 0.6828125 0.3825 0.67760414 0.28166667 0.68072915 0.2575 0.675 0.25333333
14 0.6536458 0.6825 0.63072914 0.7008333 0.6255208 0.705 0.60729164 0.70666665 0.6078125 0.68 0.571875 0.5991667 0.50625 0.45166665 0.49635416 0.4375 0.48697916 0.43166667 0.4875 0.42333335 0.5015625 0.39916667 0.50677085 0.38583332 0.5359375 0.36416668 0.54479164 0.35833332 0.55 0.37666667 0.5515625 0.4 0.5578125 0.40833333 0.64479166 0.60083336 0.6578125 0.6333333 0.6671875 0.6383333 0.675 0.6508333 0.67552084 0.6591667 0.665625 0.67083335
14 0.64947915 0.60583335 0.66041666 0.595 0.66302085 0.5925 0.67552084 0.58666664 0.6770833 0.64916664 0.67395836 0.6483333 0.66875 0.6375 0.6578125 0.63416666 0.6479167 0.60833335
14 0.67552084 0.66333336 0.6765625 0.68833333 0.671875 0.70416665 0.66770834 0.7025 0.6703125 0.68666667 0.64270836 0.6925 0.6671875 0.67 0.67395836 0.66
14 0.50208336 0.7325 0.5171875 0.73 0.6067708 0.7033333 0.60833335 0.6791667 0.5828125 0.62166667 0.49635416 0.6425 0.49010417 0.65 0.475 0.66083336 0.465625 0.6791667 0.46822917 0.71416664 0.47083333 0.755 0.48177084 0.75416666 0.48385417 0.7475 0.4953125 0.7391667
14 0.5911458 0.71 0.5984375 0.71416664 0.6010417 0.72583336 0.57447916 0.7558333 0.5390625 0.7825 0.5416667 0.77166665 0.54791665 0.765 0.540625 0.7525 0.53333336 0.74333334 0.5317708 0.72583336 0.5734375 0.7125 0.590625 0.7083333
14 0.4765625 0.80583334 0.49947917 0.73583335 0.50364584 0.73333335 0.5265625 0.7275 0.52552086 0.7341667 0.53697914 0.7475 0.5463542 0.765 0.54114586 0.7733333 0.5385417 0.7866667 0.509375 0.87 0.4703125 1.0 0.41822916 1.0 0.44739583 0.89666665
14 0.503125 0.97833335 0.4859375 0.9558333 0.49791667 0.92833334 0.50677085 0.92833334 0.51927084 0.91333336 0.5390625 0.865 0.5989583 0.73 0.60052085 0.7275 0.60364586 0.72083336 0.6088542 0.7083333 0.625 0.70666665 0.6380208 0.6975 0.65833336 0.725 0.6625 0.7216667 0.6692708 0.73083335 0.671875 0.74 0.65833336 0.74666667 0.6390625 0.7825 0.55572915 0.96666664 0.55572915 0.97583336 0.55260414 1.0 0.51927084 1.0
14 0.4671875 0.75166667 0.46510416 0.75333333 0.45885417 0.75083333 0.44947916 0.7366667 0.44479167 0.7225 0.465625 0.68333334 0.4703125 0.75166667
14 0.43697917 0.74 0.3765625 0.8566667 0.3734375 0.89 0.35833332 0.8725 0.33333334 0.85333335 0.32447916 0.835 0.31458333 0.81666666 0.31875 0.80833334 0.32447916 0.82166666 0.33541667 0.8075 0.42864582 0.6116667 0.43489584 0.58416665 0.43489584 0.56916666 0.4375 0.56083333 0.465625 0.5933333 0.49583334 0.6275 0.49739584 0.63666666 0.49583334 0.6425 0.49114582 0.65 0.47552082 0.6591667 0.46354166 0.68333334 0.44375 0.7241667
14 0.3890625 0.5675 0.32239583 0.8125 0.31927082 0.8075 0.3140625 0.8183333 0.31875 0.8258333 0.315625 0.8433333 0.315625 0.84833336 0.29895833 0.83916664 0.27291667 0.825 0.25208333 0.81583333 0.25104168 0.80833334 0.25885418 0.80916667 0.26979166 0.79083335 0.27083334 0.7683333 0.2984375 0.67833334 0.33958334 0.53 0.340625 0.51416665 0.3375 0.51166666 0.3421875 0.49583334 0.3734375 0.52416664 0.38125 0.5341667
14 0.35833332 0.47333333 0.35208333 0.46166667 0.34583333 0.45583335 0.35104167 0.425 0.36041668 0.4275 0.42864582 0.61 0.41614583 0.6383333 0.3875 0.55833334 0.38072917 0.5325 0.36302084 0.48083332
14 0.32604167 0.33833334 0.32291666 0.3425 0.31302083 0.3425 0.31666666 0.32416666 0.32760417 0.3175 0.37395832 0.28666666 0.37864584 0.30583334 0.384375 0.325 0.403125 0.3775 0.45416668 0.50916666 0.47447917 0.565 0.46770832 0.57416666 0.46145833 0.5875 0.43802083 0.56 0.434375 0.57 0.43489584 0.5833333 0.42916667 0.61 0.36145833 0.42666668 0.35416666 0.41333333 0.328125 0.34416667
14 0.48333332 0.605 0.47135416 0.5708333 0.47395834 0.56416667 0.43489584 0.46 0.4859375 0.42916667 0.4875 0.4325 0.49427083 0.43666667 0.49010417 0.44833332 0.55572915 0.62916666 0.49739584 0.64166665 0.49791667 0.63416666 0.496875 0.62833333 0.4875 0.6166667
14 0.28333333 0.6933333 0.25885418 0.6716667 0.24583334 0.6566667 0.234375 0.6475 0.23020834 0.63666666 0.2421875 0.62083334 0.246875 0.6191667 0.27552083 0.53833336 0.3140625 0.42333335 0.328125 0.39083335 0.33020833 0.35416666 0.33645833 0.36416668 0.35364583 0.41333333 0.36041668 0.42583334 0.35 0.425 0.34583333 0.45583335 0.35260418 0.4625 0.35989583 0.47666666 0.34947917 0.50083333 0.3421875 0.495 0.33697918 0.5108333 0.340625 0.51416665 0.33854166 0.52666664 0.29375 0.66833335 0.29166666 0.68 0.29375 0.695 0.29166666 0.7
14 0.1296875 0.5341667 0.10989583 0.5441667 0.09791667 0.5466667 0.0921875 0.5625 0.09010417 0.5441667 0.0875 0.52416664 0.08958333 0.47416666 0.09166667 0.43666667 0.096875 0.4475 0.10104167 0.44916666 0.2796875 0.37333333 0.290625 0.36333334 0.30208334 0.36916667 0.2921875 0.43833333 0.30677083 0.44416666 0.30260417 0.45583335 0.27083334 0.4725 0.18697916 0.51
14 0.434375 0.2775 0.475 0.345 0.484375 0.36 0.4859375 0.355 0.4921875 0.36166668 0.48697916 0.37 0.44895834 0.4075 0.43125 0.425 0.4234375 0.41583332 0.43333334 0.40583333 0.40625 0.35416666 0.38020834 0.31083333 0.37447917 0.28666666 0.3703125 0.28916666 0.33072916 0.21666667 0.31979167 0.205 0.31041667 0.16666667 0.3140625 0.16333333 0.32552084 0.175 0.3484375 0.13583334 0.3609375 0.155 0.38125 0.18166667
14 0.44114584 0.2775 0.38385418 0.18166667 0.36302084 0.1575 0.34583333 0.13083333 0.38177082 0.0775 0.396875 0.050833333 0.4109375 0.061666667 0.421875 0.11 0.4328125 0.12833333 0.521875 0.29833335 0.53229165 0.31416667 0.54583335 0.31083333 0.5546875 0.32333332 0.53333336 0.365 0.50989586 0.38166666 0.50625 0.38583332 0.50104165 0.39916667 0.4921875 0.38916665 0.4875 0.36916667 0.49270833 0.36083335 0.4875 0.35333332 0.4765625 0.33833334
