6 0.35625 0.0016666667 0.35572916 0.094166666 0.353125 0.13833334 0.365625 0.14333333 0.45052084 0.1625 0.46510416 0.17083333 0.50625 0.048333332 0.5083333 0.023333333 0.50572914 0.014166667 0.49114582 0.0125 0.43802083 0.006666667 0.4203125 0.0 0.39322916 0.0
6 0.5161458 0.008333334 0.50677085 0.035 0.5072917 0.0475 0.4625 0.1775 0.45364583 0.19416666 0.45052084 0.2125 0.46145833 0.22416666 0.49270833 0.24833333 0.51354164 0.2625 0.5317708 0.29666665 0.54114586 0.28666666 0.5473958 0.27083334 0.56458336 0.21083333 0.5875 0.1475 0.55052084 0.15083334 0.54375 0.14666666 0.54479164 0.1275 0.5546875 0.079166666 0.55104166 0.041666668
6 0.5473958 0.0 0.55104166 0.046666667 0.5552083 0.079166666 0.54479164 0.1275 0.54322916 0.1475 0.55104166 0.15083334 0.58802086 0.14666666 0.6515625 0.16 0.65208334 0.13916667 0.6432292 0.025833333 0.64166665 0.0
6 0.6234375 0.20666666 0.6088542 0.22166666 0.5859375 0.25 0.5390625 0.28916666 0.52760416 0.29833335 0.50104165 0.31583333 0.49635416 0.32416666 0.5005208 0.33833334 0.5364583 0.42916667 0.55625 0.46583334 0.565625 0.4575 0.58802086 0.4175 0.61875 0.39916667 0.59791666 0.35083333 0.6015625 0.345 0.6265625 0.32833335 0.653125 0.3075 0.65520835 0.30166668
6 0.45 0.545 0.44583333 0.56 0.42552084 0.675 0.4 0.7608333 0.39947918 0.77 0.4109375 0.78 0.48333332 0.83166665 0.5005208 0.84166664 0.52916664 0.6791667 0.52916664 0.6691667 0.54895836 0.6358333 0.55104166 0.615 0.48177084 0.5683333
6 0.57395834 0.77166665 0.49427083 0.8975 0.54479164 0.9691667 0.5651042 1.0 0.64427084 1.0 0.68125 0.935 0.6744792 0.92 0.6166667 0.8466667 0.58125 0.77666664
6 0.54114586 0.59166664 0.5416667 0.6091667 0.5515625 0.615 0.54791665 0.6375 0.5390625 0.6533333 0.5442708 0.7675 0.57239586 0.7583333 0.596875 0.7558333 0.6020833 0.7583333 0.66614586 0.78583336 0.67083335 0.78583336 0.67291665 0.77416664 0.6791667 0.7133333 0.6770833 0.70166665 0.67864585 0.68916667 0.6067708 0.68833333 0.60625 0.6616667 0.6119792 0.6016667 0.54895836 0.58916664
6 0.61927086 0.45 0.61354166 0.46416667 0.6171875 0.53833336 0.6109375 0.60833335 0.60572916 0.66083336 0.60625 0.68916667 0.67864585 0.6875 0.6796875 0.67333335 0.67760414 0.58166665 0.6703125 0.5308333 0.66614586 0.50416666 0.66770834 0.4825 0.6640625 0.475 0.6588542 0.46916667 0.64947915 0.46083334 0.63645834 0.45833334 0.625 0.455
6 0.74322915 0.064166665 0.6458333 0.0625 0.65208334 0.13666667 0.6515625 0.15916666 0.65833336 0.19083333 0.65833336 0.20333333 0.653125 0.27166668 0.6557292 0.28 0.7171875 0.29333332 0.7359375 0.29166666 0.75364584 0.2925 0.75416666 0.27583334 0.7447917 0.145 0.74635416 0.119166665 0.74427086 0.068333335
6 0.746875 0.1325 0.7447917 0.14583333 0.75416666 0.275 0.75364584 0.29166666 0.7526042 0.32833335 0.75 0.34583333 0.75208336 0.36 0.78541666 0.36 0.79479164 0.34666666 0.7994792 0.35666665 0.8578125 0.35916665 0.8578125 0.335 0.85052085 0.285 0.8484375 0.22833334 0.8515625 0.15 0.8489583 0.14083333 0.8 0.1325 0.7572917 0.135
6 0.6713542 0.2825 0.653125 0.3075 0.6145833 0.33583334 0.60260415 0.34416667 0.59739584 0.35083333 0.61927086 0.4 0.646875 0.45833334 0.64947915 0.46083334 0.6640625 0.475 0.66875 0.48583335 0.67395836 0.48 0.6859375 0.45666668 0.69427085 0.44083333 0.75 0.39333335 0.7661458 0.38083333 0.7651042 0.37166667 0.76145834 0.35916665 0.75104165 0.36 0.7505208 0.34583333 0.75104165 0.3375 0.74010414 0.31583333 0.73333335 0.29166666 0.715625 0.2925
6 0.76145834 0.46 0.6744792 0.48 0.66875 0.485 0.6671875 0.48833334 0.66614586 0.50666666 0.6770833 0.57916665 0.67760414 0.6 0.678125 0.6175 0.6796875 0.6741667 0.6791667 0.68833333 0.6765625 0.70166665 0.6791667 0.71 0.7083333 0.70916665 0.69166666 0.63166666 0.6984375 0.62333333 0.72083336 0.61583334 0.7734375 0.5975 0.7671875 0.51416665 0.7671875 0.47416666 0.76458335 0.46416667
6 0.69166666 0.70916665 0.6609375 0.82 0.6734375 0.82916665 0.7447917 0.8625 0.80052084 0.91083336 0.80833334 0.91333336 0.8171875 0.8541667 0.81822914 0.8425 0.83697915 0.74083334 0.7786458 0.75166667 0.7416667 0.795 0.73072916 0.80083334 0.7270833 0.79083335 0.7083333 0.70916665
6 0.74375 0.87583333 0.765625 1.0 0.90833336 1.0 0.91875 0.99583334 0.9109375 0.9425 0.8755208 0.945 0.8744792 0.93666667 0.8734375 0.91583335 0.878125 0.8808333 0.875 0.825 0.86145836 0.83416665 0.8520833 0.845 0.8177083 0.8541667 0.80833334 0.91333336 0.7994792 0.9075 0.75572914 0.87333333
6 0.8744792 0.69666666 0.8744792 0.72 0.878125 0.77666664 0.8744792 0.8233333 0.878125 0.8825 0.8734375 0.915 0.87395835 0.93666667 0.8755208 0.9458333 0.91197914 0.94166666 0.98854166 0.9583333 0.9817708 0.92083335 0.9734375 0.73583335 0.9734375 0.7216667 0.9791667 0.7108333 0.9765625 0.7058333 0.934375 0.6983333 0.878125 0.6958333
6 0.78489584 0.36083335 0.7583333 0.38833332 0.74010414 0.4075 0.690625 0.44666666 0.6744792 0.47916666 0.7140625 0.47 0.76197916 0.46 0.76458335 0.465 0.7671875 0.47333333 0.7671875 0.5175 0.7703125 0.56 0.8151042 0.5133333 0.84375 0.49416667 0.8546875 0.48 0.85260415 0.47333333 0.8286458 0.43083334 0.80260414 0.3625 0.79479164 0.34666666
6 0.83177084 0.565 0.81614584 0.5675 0.78229165 0.59166664 0.78020835 0.5966667 0.7729167 0.5975 0.6979167 0.62333333 0.69166666 0.6308333 0.7104167 0.72083336 0.72760415 0.795 0.73020834 0.80083334 0.7416667 0.795 0.7786458 0.75166667 0.84583336 0.7375 0.859375 0.73333335 0.840625 0.625 0.83489585 0.57166666
6 0.81354165 0.5316667 0.80052084 0.5775 0.81614584 0.56666666 0.83177084 0.56333333 0.8354167 0.57166666 0.84010416 0.62333333 0.859375 0.73333335 0.84583336 0.7375 0.85260415 0.7441667 0.8765625 0.7633333 0.87395835 0.72 0.875 0.6958333 0.91979164 0.6975 0.94322914 0.62416667 0.925 0.6116667 0.86875 0.5858333 0.821875 0.535
6 0.99427086 0.43166667 0.8854167 0.46333334 0.88385415 0.4775 0.90729165 0.605 0.91302085 0.6066667 0.9328125 0.6166667 0.94375 0.62416667 0.91979164 0.6975 0.9302083 0.6983333 1.0 0.67833334 1.0 0.5225 0.996875 0.4375
6 0.1796875 0.0 0.2015625 0.06666667 0.228125 0.18666667 0.23333333 0.18916667 0.3265625 0.13083333 0.33489582 0.12583333 0.33020833 0.10583334 0.29114583 0.0
