20 0.0 0.3575 0.027083334 0.25416666 0.033854168 0.20166667 0.038020834 0.19333333 0.046875 0.18583333 0.060416665 0.1825 0.0796875 0.19916667 0.094791666 0.20416667 0.103125 0.20333333 0.102604166 0.1875 0.11354167 0.18666667 0.13645834 0.19166666 0.15260416 0.20333333 0.15677084 0.21333334 0.1546875 0.22833334 0.16197917 0.34833333 0.16041666 0.4075 0.15208334 0.45583335 0.13385417 0.545 0.1296875 0.5858333 0.1296875 0.6 0.1359375 0.61583334 0.14479166 0.635 0.15052083 0.6475 0.15625 0.70166665 0.15364583 0.74333334 0.14947917 0.7808333 0.13072917 0.7991667 0.0 0.79583335
20 0.234375 0.33166668 0.20104167 0.305 0.19270833 0.30583334 0.184375 0.31333333 0.1796875 0.32083333 0.16145833 0.36166668 0.1609375 0.40583333 0.15208334 0.45833334 0.13489583 0.5416667 0.19739583 0.58916664 0.2421875 0.62 0.26614583 0.63666666 0.27083334 0.6383333 0.284375 0.6408333 0.290625 0.64416665 0.296875 0.65166664 0.3046875 0.66333336 0.32916668 0.675 0.36354166 0.69666666 0.371875 0.7008333 0.4015625 0.7391667 0.421875 0.7675 0.43177083 0.77 0.43958333 0.7658333 0.44375 0.76 0.47239584 0.7083333 0.48333332 0.66833335 0.49375 0.64166665 0.5 0.6116667 0.50416666 0.5941667 0.50989586 0.5808333 0.50989586 0.56416667 0.5078125 0.55583334 0.503125 0.55083334 0.49322918 0.54083335 0.48697916 0.5375 0.48020834 0.535 0.47552082 0.52916664 0.47083333 0.52166665 0.44114584 0.49833333 0.43229166 0.495 0.41875 0.495 0.409375 0.49333334 0.35885417 0.45583335 0.30364582 0.40166667 0.271875 0.36666667 0.24947916 0.35
20 0.11354167 0.0 0.10364583 0.025 0.1 0.033333335 0.09739583 0.045 0.109375 0.06 0.1296875 0.0875 0.14583333 0.11 0.17395833 0.14166667 0.1828125 0.15166667 0.20208333 0.175 0.21145834 0.18833333 0.21875 0.23 0.2265625 0.28166667 0.23177083 0.30833334 0.26197916 0.33583334 0.29270834 0.36166668 0.3015625 0.36166668 0.32083333 0.38416666 0.33385417 0.36666667 0.36979166 0.31083333 0.38958332 0.26083332 0.4046875 0.15166667 0.40104166 0.15083334 0.3984375 0.15666667 0.39114583 0.17416666 0.35052082 0.15583333 0.32760417 0.14166667 0.3171875 0.13583334 0.3109375 0.13083333 0.30052084 0.13166666 0.278125 0.10166667 0.26302084 0.07083333 0.24427083 0.048333332 0.20833333 0.010833333
20 0.5052083 0.32 0.46979168 0.31333333 0.44947916 0.31583333 0.42239583 0.31333333 0.409375 0.31583333 0.396875 0.31666666 0.38177082 0.3125 0.39166668 0.27166668 0.3890625 0.2625 0.40833333 0.1125 0.41510418 0.07666667 0.4125 0.06 0.415625 0.050833333 0.42239583 0.046666667 0.50208336 0.08166666 0.56354165 0.093333334 0.621875 0.10666667 0.6359375 0.11083333 0.65 0.123333335 0.65833336 0.12666667 0.671875 0.13166666 0.68645835 0.13416667 0.72552085 0.1425 0.7703125 0.16166666 0.78489584 0.16916667 0.79010415 0.19 0.771875 0.28916666 0.75416666 0.365 0.6666667 0.24083333 0.6588542 0.2275 0.6484375 0.22583333 0.64270836 0.2275 0.63489586 0.23583333 0.60729164 0.29666665 0.6046875 0.29333332 0.5984375 0.29333332 0.5807292 0.29833335 0.56822914 0.2975 0.5541667 0.3075 0.53125 0.31916666
20 0.40989584 0.0 0.4125 0.021666666 0.41979167 0.0475 0.42291668 0.0475 0.475 0.07083333 0.503125 0.083333336 0.56145835 0.0925 0.63697916 0.111666664 0.6510417 0.123333335 0.671875 0.1325 0.69739586 0.13583334 0.71302086 0.14083333 0.7369792 0.14083333 0.7505208 0.145 0.76354164 0.15083334 0.77135414 0.15666667 0.775 0.15083334 0.7760417 0.07333333 0.7671875 0.0
20 0.83802086 0.09833334 0.80677086 0.064166665 0.78333336 0.038333334 0.7703125 0.025 0.7760417 0.0725 0.775 0.14916667 0.7708333 0.1575 0.76197916 0.14916667 0.7494792 0.14333333 0.73541665 0.14 0.72239584 0.1425 0.7625 0.1575 0.78541666 0.16916667 0.79010415 0.19 0.77239585 0.29 0.8588542 0.3775 0.9135417 0.41916665 0.9604167 0.44583333 0.97447914 0.44416666 1.0 0.3475 1.0 0.23083334 0.9557292 0.20166667 0.89270836 0.14833333 0.86041665 0.12083333
20 0.81041664 0.32916668 0.79479164 0.41333333 0.7916667 0.425 0.7765625 0.39583334 0.7546875 0.365 0.77239585 0.28916666
20 0.5640625 0.3875 0.6109375 0.28833333 0.6322917 0.23916666 0.64479166 0.225 0.659375 0.22833334 0.76458335 0.37833333 0.77552086 0.39416668 0.7916667 0.42416668 0.7963542 0.43583333 0.8052083 0.47333333 0.8109375 0.49083334 0.828125 0.495 0.85833335 0.5283333 0.87291664 0.5475 0.878125 0.56 0.8802083 0.5833333 0.8796875 0.60583335 0.8697917 0.64666665 0.85260415 0.67333335 0.84375 0.7158333 0.8453125 0.75166667 0.8411458 0.7633333 0.82916665 0.7683333 0.81875 0.7683333 0.79583335 0.7525 0.76979166 0.7216667 0.7651042 0.70916665 0.7416667 0.6791667 0.71770835 0.635 0.70416665 0.58916664 0.72552085 0.5258333 0.73645836 0.47666666 0.734375 0.46583334 0.73229164 0.45833334 0.73072916 0.45333335 0.72083336 0.4475 0.6411458 0.40083334 0.640625 0.3925 0.6322917 0.3875 0.56822914 0.38833332
20 0.3765625 0.375 0.36302084 0.36666667 0.346875 0.35583332 0.3609375 0.35416666 0.36770833 0.34916666 0.3765625 0.335 0.38333333 0.31583333 0.39791667 0.31666666 0.42135417 0.31583333 0.45260417 0.315 0.471875 0.315 0.5026042 0.31916666 0.50885415 0.31916666 0.515625 0.35333332 0.52135414 0.37666667 0.5385417 0.38083333 0.5484375 0.37833333 0.5677083 0.38833332 0.63072914 0.3875 0.6354167 0.3875 0.6390625 0.39083335 0.6411458 0.395 0.64166665 0.4 0.7104167 0.44166666 0.73125 0.45166665 0.73645836 0.47833332 0.725 0.52666664 0.70625 0.58416665 0.67760414 0.6433333 0.66614586 0.655 0.653125 0.6566667 0.6244792 0.6383333 0.55885416 0.5966667 0.5072917 0.5566667 0.49114582 0.53833336 0.47864583 0.5341667 0.4640625 0.51 0.39270833 0.39833334
20 0.67291665 0.7191667 0.6140625 0.6925 0.6088542 0.68416667 0.61354166 0.6308333 0.65260416 0.6566667 0.6671875 0.65416664 0.678125 0.6425 0.70416665 0.59 0.71666664 0.63166666 0.71770835 0.635 0.74114585 0.67833334 0.75364584 0.695 0.7583333 0.7008333 0.7484375 0.7225 0.6958333 0.72083336 0.68333334 0.72083336
20 0.5625 1.0 0.49427083 0.93916667 0.46979168 0.9116667 0.46666667 0.89 0.49375 0.80833334 0.5385417 0.71 0.5463542 0.70666665 0.55104166 0.705 0.5578125 0.705 0.58177084 0.7366667 0.5953125 0.7583333 0.60364586 0.78333336 0.61041665 0.8175 0.61041665 0.8433333 0.61510414 0.87333333 0.615625 0.8775 0.6223958 0.875 0.63697916 0.8675 0.6510417 0.8675 0.67083335 0.8641667 0.6979167 0.8566667 0.72552085 0.85583335 0.7494792 0.85333335 0.77135414 0.8275 0.7838542 0.81333333 0.7875 0.8125 0.7953125 0.815 0.8020833 0.81916666 0.81458336 0.8466667 0.81145835 0.8575 0.7942708 0.90833336 0.77708334 0.94916666 0.76875 0.9658333 0.75677085 1.0
