3 0.31927082 0.29916668 0.375 0.30166668 0.42447916 0.29833335 0.44427082 0.29583332 0.45260417 0.29416665 0.459375 0.28333333 0.45833334 0.26666668 0.45729166 0.20666666 0.45208332 0.15333334 0.44791666 0.1175 0.44635418 0.071666665 0.44479167 0.036666665 0.44479167 0.0125 0.44114584 0.0 0.42552084 0.0 0.42291668 0.004166667 0.41979167 0.02 0.415625 0.024166666 0.39583334 0.014166667 0.37604168 0.005 0.3625 0.00083333335 0.34010416 0.0 0.32239583 0.0033333334 0.31302083 0.0075 0.309375 0.015833333 0.309375 0.050833333 0.3140625 0.07833333 0.3109375 0.096666664 0.30989584 0.15 0.309375 0.16833334 0.30833334 0.19333333 0.30416667 0.22166666 0.30416667 0.24416667 0.30416667 0.2775 0.30572918 0.29 0.31197917 0.29666665
3 0.5104167 0.44166666 0.534375 0.47 0.5630208 0.505 0.57239586 0.5133333 0.5828125 0.49583334 0.59739584 0.46583334 0.61145836 0.42 0.6145833 0.4025 0.6119792 0.37666667 0.6322917 0.37833333 0.65729165 0.35583332 0.65989584 0.34666666 0.65989584 0.33583334 0.6546875 0.32416666 0.6223958 0.26416665 0.6145833 0.25333333 0.59947914 0.2225 0.590625 0.2075 0.58229166 0.2 0.5755208 0.20416667 0.52760416 0.2325 0.521875 0.24166666 0.509375 0.26833335 0.4921875 0.29166666 0.47083333 0.32666665 0.46875 0.33666667 0.48645833 0.38083333 0.50625 0.435
3 0.3734375 0.5516667 0.35989583 0.51416665 0.34947917 0.50416666 0.33958334 0.4975 0.33177084 0.48583335 0.31458333 0.46333334 0.31302083 0.45 0.3125 0.43666667 0.31875 0.4275 0.33854166 0.42083332 0.34479168 0.4075 0.36614582 0.38583332 0.3828125 0.3825 0.38697916 0.38166666 0.38854167 0.36916667 0.3828125 0.35 0.38125 0.33083335 0.3859375 0.32 0.39375 0.32 0.40416667 0.33083335 0.44166666 0.37083334 0.4796875 0.4125 0.50208336 0.44583333 0.521875 0.46666667 0.5364583 0.49083334 0.53802085 0.50083333 0.4671875 0.63666666 0.46041667 0.6475 0.45833334 0.6525 0.4484375 0.6525 0.44270834 0.64166665 0.3921875 0.57916665 0.3796875 0.565
3 0.44322917 0.645 0.4328125 0.67 0.4125 0.71166664 0.40729168 0.7191667 0.40052083 0.72083336 0.3921875 0.7175 0.37083334 0.695 0.34270832 0.6666667 0.309375 0.6375 0.28385416 0.6116667 0.26979166 0.5966667 0.2609375 0.5991667 0.26041666 0.58916664 0.26145834 0.5733333 0.26979166 0.5541667 0.27708334 0.55333334 0.28489584 0.55333334 0.29114583 0.54583335 0.29166666 0.5375 0.28489584 0.51666665 0.28333333 0.495 0.2921875 0.4625 0.29895833 0.44333333 0.30833334 0.43416667 0.31197917 0.43333334 0.3125 0.43833333 0.3125 0.46083334 0.3296875 0.48583335 0.3375 0.49666667 0.35833332 0.5133333 0.37708333 0.56416667 0.39947918 0.59 0.44270834 0.6433333
3 0.23854166 0.9716667 0.21458334 0.9191667 0.19322917 0.87 0.18697916 0.88 0.18072917 0.88 0.16041666 0.86333334 0.15208334 0.8466667 0.15 0.8308333 0.15520833 0.81416667 0.1734375 0.7875 0.17604166 0.77 0.225 0.6525 0.240625 0.62416667 0.24895833 0.62 0.2578125 0.62083334 0.27239582 0.63666666 0.3328125 0.72333336 0.36458334 0.76666665 0.36458334 0.7816667 0.36458334 0.7925 0.3375 0.8408333 0.30885416 0.8691667 0.28125 0.9266667 0.26354167 0.955 0.24583334 0.98 0.24270834 0.9775
3 0.28072917 0.93333334 0.28645834 0.9533333 0.296875 0.9625 0.3171875 0.9483333 0.34010416 0.93083334 0.36041668 0.9033333 0.36510417 0.88 0.37239584 0.87916666 0.38854167 0.90833336 0.40416667 0.9116667 0.4125 0.8983333 0.41145834 0.8775 0.40572917 0.80916667 0.38020834 0.84166664 0.36354166 0.86083335 0.35572916 0.86083335 0.34635416 0.8541667 0.340625 0.83916664 0.33489582 0.8466667 0.33177084 0.85 0.30885416 0.87083334 0.28125 0.9266667 0.28072917 0.93333334
3 0.17239584 0.7808333 0.171875 0.75916666 0.1640625 0.7033333 0.1875 0.68583333 0.20625 0.67833334 0.21354167 0.6625 0.215625 0.64666665 0.20260416 0.59166664 0.21354167 0.585 0.23385416 0.57916665 0.2375 0.55833334 0.25416666 0.5416667 0.26666668 0.53583336 0.27239582 0.545 0.27552083 0.5516667 0.2703125 0.5516667 0.26041666 0.5733333 0.26041666 0.59833336 0.2703125 0.59833336 0.29322916 0.62083334 0.32083333 0.705 0.3046875 0.68083334 0.27135417 0.63416666 0.25833333 0.6191667 0.25 0.6191667 0.240625 0.6225 0.22291666 0.6533333 0.20572917 0.6958333 0.1765625 0.7658333 0.17447917 0.7683333 0.17447917 0.77416664
3 0.4625 0.6458333 0.47083333 0.6558333 0.47760418 0.6558333 0.4875 0.66583335 0.49010417 0.6716667 0.4890625 0.69166666 0.471875 0.71166664 0.4421875 0.74666667 0.43125 0.75916666 0.4265625 0.77166665 0.415625 0.79583335 0.40520832 0.8075 0.378125 0.8441667 0.36354166 0.86 0.35677084 0.86083335 0.34739584 0.8525 0.33958334 0.8383333 0.36614582 0.7925 0.36510417 0.765 0.32135418 0.705 0.2984375 0.6325 0.30260417 0.63166666 0.3421875 0.6675 0.38385418 0.70916665 0.390625 0.7183333 0.3984375 0.7216667 0.40677083 0.7216667 0.41041666 0.715 0.44427082 0.64666665 0.44739583 0.65166664 0.45260417 0.655 0.45885417 0.65416664 0.4609375 0.65
3 0.15520833 0.70416665 0.08229167 0.65833336 0.05 0.635 0.0203125 0.57416666 0.019791666 0.5566667 0.0421875 0.52666664 0.11354167 0.455 0.13020833 0.43416667 0.14635417 0.43416667 0.159375 0.445 0.1625 0.47 0.1765625 0.5058333 0.18854167 0.5341667 0.1984375 0.58416665 0.20885417 0.62583333 0.21302083 0.645 0.21302083 0.66083336 0.20416667 0.6775 0.16354166 0.7008333 0.15885417 0.71
3 0.12291667 0.23083334 0.11770833 0.2125 0.11666667 0.195 0.12552084 0.18 0.15 0.16583334 0.17708333 0.13916667 0.20260416 0.12 0.2328125 0.09916667 0.24635416 0.096666664 0.2546875 0.10166667 0.290625 0.23 0.2984375 0.2625 0.303125 0.29916668 0.29895833 0.3325 0.29895833 0.36083335 0.29947916 0.37083334 0.2890625 0.37083334 0.28489584 0.355 0.2796875 0.33916667 0.2734375 0.33666667 0.26666668 0.3475 0.24427083 0.40333334 0.225 0.42416668 0.2078125 0.43083334 0.1953125 0.43083334 0.18958333 0.4275 0.178125 0.38583332 0.1703125 0.36333334 0.1640625 0.3475 0.1390625 0.29666665 0.13645834 0.26833335 0.1265625 0.24166666
