18 0.67552084 0.28666666 0.6822917 0.285 0.690625 0.2875 0.7135417 0.33583334 0.7447917 0.39083335 0.7890625 0.46916667 0.81666666 0.5233333 0.81822914 0.5316667 0.81822914 0.54333335 0.81458336 0.5575 0.79322916 0.5833333 0.78802085 0.5908333 0.77916664 0.6075 0.76354164 0.625 0.75364584 0.6358333 0.74427086 0.6533333 0.72864586 0.6741667 0.7192708 0.675 0.71302086 0.6725 0.696875 0.6425 0.6734375 0.5941667 0.6671875 0.5758333 0.66302085 0.5575 0.65729165 0.545 0.6484375 0.53333336 0.6401042 0.5208333 0.628125 0.5058333 0.59270835 0.44333333 0.58802086 0.43416667 0.6265625 0.44 0.63645834 0.42916667 0.6411458 0.42083332 0.64635414 0.325 0.6703125 0.29333332
18 0.44479167 0.115833335 0.43958333 0.1125 0.4296875 0.1125 0.4234375 0.11666667 0.41979167 0.12416667 0.37916666 0.195 0.35572916 0.24083333 0.34947917 0.2525 0.34791666 0.26833335 0.35208333 0.2825 0.36458334 0.29833335 0.39010417 0.33166668 0.41354167 0.36166668 0.43020833 0.38666666 0.453125 0.41916665 0.490625 0.47333333 0.50208336 0.48416665 0.5140625 0.47916666 0.528125 0.4575 0.54583335 0.42416668 0.51458335 0.41416666 0.50572914 0.405 0.5 0.38916665 0.5 0.3825 0.51770836 0.2225 0.50104165 0.19916667 0.490625 0.18916667 0.47916666 0.16833334 0.46510416 0.14583333 0.45052084 0.12583333
18 0.2015625 0.20666666 0.1890625 0.2125 0.1828125 0.23083334 0.15729167 0.30333334 0.12916666 0.38833332 0.10572917 0.4825 0.0984375 0.50416666 0.10104167 0.5175 0.10625 0.52666664 0.1296875 0.5391667 0.14270833 0.53583336 0.15104167 0.52166665 0.15520833 0.5233333 0.15572916 0.5416667 0.15572916 0.54833335 0.16510417 0.56166667 0.196875 0.59833336 0.20677084 0.59833336 0.21354167 0.5941667 0.22604166 0.55833334 0.26510417 0.45083332 0.28645834 0.38666666 0.3109375 0.31416667 0.30989584 0.295 0.30625 0.28666666 0.21354167 0.215
18 0.34895834 0.22666667 0.31041667 0.23833333 0.30572918 0.2475 0.30260417 0.2575 0.30520833 0.28583333 0.30677083 0.28666666 0.30989584 0.295 0.3109375 0.31416667 0.30989584 0.3175 0.33333334 0.46083334 0.3546875 0.57166666 0.3609375 0.5783333 0.3703125 0.5808333 0.459375 0.5283333 0.48072916 0.51666665 0.48541668 0.5075 0.48802084 0.49 0.47760418 0.455 0.446875 0.40916666 0.41302082 0.36083335 0.37135416 0.30666667 0.35260418 0.2825 0.34791666 0.26833335 0.34947917 0.25166667 0.36614582 0.22083333
18 0.39895833 0.56916666 0.3859375 0.595 0.38125 0.6091667 0.359375 0.64 0.32760417 0.6825 0.3015625 0.7241667 0.29114583 0.74583334 0.28958333 0.755 0.290625 0.775 0.29791668 0.78833336 0.31875 0.8258333 0.3546875 0.87916666 0.371875 0.90166664 0.38229167 0.905 0.39114583 0.9 0.41041666 0.8725 0.4671875 0.77166665 0.49010417 0.7291667 0.5083333 0.7025 0.5208333 0.68333334 0.52447915 0.66583335 0.52135414 0.6475 0.5140625 0.63166666 0.44895834 0.53583336 0.40364584 0.56083333
18 0.58020836 0.5925 0.5708333 0.5933333 0.5640625 0.595 0.525 0.6641667 0.52135414 0.6825 0.48802084 0.7316667 0.46302083 0.7783333 0.43125 0.8358333 0.43125 0.8516667 0.45885417 0.8908333 0.4828125 0.9241667 0.5203125 0.97833335 0.52708334 0.98 0.53697914 0.9766667 0.54791665 0.955 0.58177084 0.8925 0.63177085 0.80833334 0.66875 0.7441667 0.66875 0.7291667 0.66822916 0.71666664 0.6296875 0.6641667 0.60572916 0.62916666 0.5963542 0.6166667 0.58697915 0.60333335
18 0.79479164 0.6041667 0.790625 0.58666664 0.77916664 0.6075 0.75416666 0.63416666 0.7447917 0.6533333 0.72864586 0.67333335 0.71979165 0.675 0.7125 0.6725 0.6796875 0.6075 0.66822916 0.6116667 0.6609375 0.6225 0.6567708 0.64 0.6614583 0.66333336 0.6770833 0.7125 0.68072915 0.7191667 0.6869792 0.74833333 0.6890625 0.7725 0.7234375 0.9275 0.73020834 0.935 0.740625 0.93666667 0.8151042 0.8908333 0.84479165 0.87583333 0.85 0.8625 0.85260415 0.8466667 0.8098958 0.66333336 0.79895836 0.6191667
18 0.8052083 0.1725 0.7609375 0.1625 0.7494792 0.1675 0.7421875 0.17833333 0.73125 0.245 0.721875 0.31 0.7182292 0.34166667 0.7890625 0.46916667 0.81145835 0.5125 0.81666666 0.5233333 0.81822914 0.5316667 0.81822914 0.54083335 0.828125 0.5316667 0.8333333 0.5208333 0.84739584 0.435 0.87291664 0.28583333 0.8802083 0.235 0.87864584 0.21166667 0.87083334 0.1975 0.85260415 0.19083333 0.81822914 0.17833333
18 0.9213542 0.2825 0.89270836 0.28583333 0.871875 0.28916666 0.8375 0.49333334 0.8333333 0.5208333 0.8286458 0.5308333 0.81875 0.54 0.8140625 0.55833334 0.8078125 0.56583333 0.81041664 0.5966667 0.8109375 0.63 0.81614584 0.6383333 0.82239586 0.6433333 0.85520834 0.64166665 0.940625 0.6333333 0.946875 0.6225 0.9515625 0.6116667 0.94947916 0.51 0.9401042 0.36833334 0.93541664 0.30083334 0.9296875 0.28666666
18 0.32447916 0.5 0.3 0.4775 0.27552083 0.45333335 0.26510417 0.4525 0.215625 0.58916664 0.2140625 0.5933333 0.209375 0.5975 0.20208333 0.6225 0.20625 0.63916665 0.2140625 0.65166664 0.2375 0.67083335 0.28125 0.7075 0.30260417 0.7241667 0.32604167 0.68416667 0.37708333 0.61583334 0.38072917 0.61083335 0.3859375 0.5941667 0.40208334 0.56333333 0.37135416 0.5808333 0.3625 0.5783333 0.35416666 0.57166666 0.34322917 0.51416665 0.33333334 0.50666666
18 0.55 0.07666667 0.6 0.090833336 0.63385415 0.09833334 0.65989584 0.108333334 0.66875 0.12583333 0.665625 0.15 0.65625 0.19583334 0.6515625 0.21916667 0.65 0.2425 0.6489583 0.2525 0.646875 0.305 0.64427084 0.37166667 0.6411458 0.42083332 0.63645834 0.43 0.62708336 0.43916667 0.5828125 0.43333334 0.51458335 0.415 0.50677085 0.405 0.50104165 0.3925 0.5 0.38333333 0.5083333 0.30166668 0.5171875 0.22666667 0.52135414 0.1875 0.5265625 0.14416666 0.5296875 0.0975 0.5364583 0.08416667 0.54479164 0.0775
