12 0.446875 0.67583334 0.49010417 0.7525 0.48229167 0.7475 0.45625 0.71666664 0.4515625 0.72333336 0.4421875 0.7633333 0.34739584 1.0 0.31510416 1.0 0.27708334 0.92583334 0.375 0.7875 0.44166666 0.68666667
12 0.4375 0.4175 0.38854167 0.5683333 0.378125 0.59 0.37760416 0.6066667 0.33020833 0.7675 0.33333334 0.7841667 0.34166667 0.7683333 0.37447917 0.78833336 0.403125 0.745 0.41510418 0.7266667 0.38125 0.655 0.3828125 0.6425 0.4984375 0.53 0.48385417 0.5375 0.46302083 0.43416667 0.4421875 0.415
12 0.45104167 0.3525 0.46302083 0.43333334 0.48385417 0.5375 0.4984375 0.52916664 0.534375 0.49083334 0.5260417 0.45916668 0.5005208 0.40666667 0.49270833 0.38083333 0.47447917 0.34416667
12 0.546875 0.19916667 0.59270835 0.3175 0.6255208 0.40166667 0.64635414 0.43666667 0.65625 0.4675 0.6848958 0.53 0.6578125 0.56166667 0.57916665 0.625 0.575 0.62666667 0.5421875 0.515 0.5338542 0.48833334 0.5260417 0.45916668 0.5005208 0.40666667 0.4921875 0.38083333 0.47447917 0.34333333 0.45572916 0.29083332 0.48489583 0.2675 0.51770836 0.24 0.534375 0.2125
12 0.56041664 0.6716667 0.5307292 0.6958333 0.5078125 0.7191667 0.48489583 0.7416667 0.44739583 0.67583334 0.41458333 0.7275 0.38177082 0.6558333 0.3828125 0.6408333 0.49895832 0.52916664 0.53489584 0.49083334 0.571875 0.61833334 0.565625 0.6433333 0.5625 0.66583335
12 0.66822916 0.7216667 0.6380208 0.80833334 0.6010417 0.94083333 0.58385414 1.0 0.56354165 1.0 0.5307292 0.98 0.503125 0.9725 0.5265625 0.8691667 0.5375 0.8233333 0.5453125 0.775 0.56354165 0.6625 0.56614584 0.6408333 0.571875 0.6191667 0.57447916 0.62666667 0.578125 0.62583333 0.5989583 0.61 0.6 0.61 0.634375 0.6325 0.6640625 0.6983333
12 0.62604165 0.3525 0.659375 0.44416666 0.68333334 0.49166667 0.6958333 0.5133333 0.70989585 0.5516667 0.721875 0.5775 0.75677085 0.67083335 0.73333335 0.6975 0.68645835 0.7575 0.66770834 0.7216667 0.6635417 0.6958333 0.6354167 0.635 0.621875 0.5908333 0.6588542 0.56083333 0.6848958 0.53 0.65520835 0.46583334 0.64635414 0.43666667 0.6255208 0.40083334 0.6098958 0.36166668
12 0.62604165 0.6125 0.61822915 0.62166667 0.5989583 0.61 0.62135416 0.5908333 0.628125 0.6116667
12 0.6802083 0.24166666 0.7135417 0.41 0.7135417 0.42833334 0.70677084 0.43083334 0.65989584 0.445 0.62604165 0.35166666 0.6098958 0.36166668 0.5833333 0.29166666 0.66875 0.24333334
12 0.45677084 0.71666664 0.48177084 0.74666667 0.50572914 0.765 0.5442708 0.7825 0.5375 0.82 0.5109375 0.8641667 0.47864583 0.9525 0.46875 1.0 0.34791666 1.0 0.39635417 0.87916666 0.44322917 0.76166666 0.45260417 0.7216667
