14 0.31458333 0.18333334 0.27760416 0.19416666 0.27916667 0.20583333 0.26875 0.21083333 0.25364584 0.20916666 0.2515625 0.18083334 0.2421875 0.08833333 0.26354167 0.086666666 0.29635417 0.09 0.30677083 0.090833336 0.35208333 0.085 0.446875 0.071666665 0.45677084 0.07 0.45833334 0.064166665 0.47708333 0.055 0.49010417 0.06 0.4953125 0.1275 0.49583334 0.175 0.48177084 0.17833333 0.4671875 0.15916666 0.39479166 0.17 0.33854166 0.17916666
14 0.5171875 0.29 0.5140625 0.25 0.49427083 0.09166667 0.4921875 0.079166666 0.49010417 0.058333334 0.48541668 0.0425 0.48489583 0.02 0.478125 0.0033333334 0.475 0.0 0.5338542 0.0 0.5541667 0.15 0.5671875 0.26083332 0.5729167 0.28833333 0.58125 0.29666665 0.53541666 0.33833334 0.5317708 0.34166667 0.5151042 0.34833333 0.51145834 0.31916666 0.5161458 0.3
14 0.6578125 0.0 0.71197915 0.061666667 0.73125 0.10916667 0.7161458 0.1525 0.70520836 0.1475 0.6958333 0.13916667 0.6875 0.13666667 0.56666666 0.0
14 0.0703125 0.395 0.055208333 0.37416667 0.11302083 0.36666667 0.13333334 0.35 0.13802083 0.37666667 0.1328125 0.395 0.09739583 0.64416665 0.09322917 0.69083333 0.10104167 0.7 0.096875 0.725 0.07604167 0.715 0.039583333 0.7083333 0.015104166 0.7083333 0.0234375 0.695 0.039583333 0.66 0.06302083 0.44
14 0.0 0.565 0.009895833 0.56416667 0.021875 0.55583334 0.011458334 0.6791667 0.0 0.7866667
14 0.20416667 0.5725 0.14270833 0.7925 0.13072917 0.8325 0.1359375 0.8383333 0.12604167 0.855 0.11927083 0.85083336 0.10572917 0.8441667 0.07395833 0.83416665 0.05625 0.8275 0.0625 0.8041667 0.079166666 0.7941667 0.134375 0.6141667 0.15729167 0.5441667 0.159375 0.49583334 0.20416667 0.5341667 0.228125 0.55916667 0.22135417 0.57166666 0.21145834 0.5725
14 0.33177084 0.205 0.33854166 0.185 0.3703125 0.2175 0.38177082 0.23083334 0.39947918 0.255 0.39010417 0.27916667 0.38229167 0.285 0.3765625 0.285 0.2921875 0.46333334 0.28177083 0.47916666 0.27604166 0.495 0.2671875 0.52416664 0.26354167 0.54083335 0.25052083 0.55916667 0.22604166 0.51416665 0.19635417 0.49666667 0.1984375 0.48666668 0.20364584 0.47583333 0.22708334 0.4625 0.33072916 0.23583333
14 0.32760417 0.5858333 0.27760416 0.49333334 0.28854167 0.47166666 0.3046875 0.46916667 0.35260418 0.41083333 0.43385416 0.29666665 0.44010416 0.28833333 0.4421875 0.26333332 0.44947916 0.2475 0.47864583 0.3 0.49270833 0.33833334 0.49270833 0.35 0.48854166 0.3525 0.48489583 0.34083334 0.4796875 0.3425 0.38697916 0.475 0.36614582 0.51 0.35260418 0.52416664 0.3453125 0.5525 0.34270832 0.55916667 0.34166667 0.56583333
14 0.27395833 1.0 0.28854167 0.97083336 0.3375 0.7083333 0.33072916 0.6875 0.33177084 0.6766667 0.33177084 0.6675 0.3515625 0.66833335 0.38645834 0.6791667 0.4 0.68583333 0.4 0.70916665 0.39166668 0.7225 0.390625 0.73 0.38541666 0.735 0.34114584 1.0
14 0.43958333 1.0 0.4796875 0.85833335 0.484375 0.835 0.515625 0.835 0.5364583 0.84833336 0.5520833 0.8591667 0.53541666 0.89416665 0.525 0.9166667 0.50104165 1.0
14 0.63854164 0.7816667 0.6614583 0.75916666 0.7916667 0.6475 0.80572915 0.6508333 0.821875 0.6433333 0.7942708 0.53833336 0.77708334 0.5425 0.7651042 0.56416667 0.7046875 0.62083334 0.625 0.68666667 0.61510414 0.7 0.609375 0.69416666 0.590625 0.7025 0.5807292 0.715 0.5953125 0.765 0.6119792 0.8183333 0.62135416 0.81 0.63489586 0.7925
14 0.571875 0.6041667 0.58177084 0.6016667 0.58802086 0.6041667 0.61510414 0.55583334 0.709375 0.40083334 0.71979165 0.38 0.7234375 0.4 0.7182292 0.40333334 0.7270833 0.4175 0.7604167 0.45666668 0.7583333 0.46166667 0.7447917 0.46166667 0.634375 0.65 0.6265625 0.65833336 0.62083334 0.6775 0.6177083 0.68416667 0.62291664 0.685 0.615625 0.6958333 0.6041667 0.67333335
14 0.44739583 0.7216667 0.4375 0.7391667 0.43802083 0.75916666 0.43385416 0.7625 0.4 0.6933333 0.40104166 0.68583333 0.39270833 0.67333335 0.39166668 0.6641667 0.4015625 0.66333336 0.40572917 0.675 0.40989584 0.6691667 0.41875 0.65 0.52708334 0.48666668 0.53489584 0.48833334 0.53020835 0.47333333 0.54010415 0.44 0.5442708 0.43916667 0.553125 0.44833332 0.5619792 0.46666667 0.5671875 0.4825 0.5619792 0.49166667 0.5515625 0.5 0.5494792 0.50666666 0.5317708 0.51 0.5317708 0.5233333 0.54114586 0.5541667 0.54583335 0.57416666 0.47604167 0.6766667
14 0.5729167 0.6116667 0.56145835 0.62583333 0.559375 0.60333335 0.54583335 0.575 0.546875 0.5725 0.5416667 0.5491667 0.53333336 0.5233333 0.53229165 0.5108333 0.54895836 0.50666666 0.55052084 0.50083333 0.5630208 0.4925 0.5671875 0.48333332 0.6140625 0.4125 0.6614583 0.33416668 0.66822916 0.32333332 0.6713542 0.2875 0.67552084 0.28666666 0.70104164 0.33416668 0.709375 0.35583332 0.7161458 0.3675 0.70104164 0.38333333 0.5854167 0.5708333 0.58020836 0.58 0.5796875 0.59833336 0.5786458 0.6016667 0.5729167 0.6025
14 0.4703125 0.50416666 0.465625 0.5275 0.45104167 0.5366667 0.42604166 0.47 0.415625 0.43666667 0.42291668 0.42833334 0.44947916 0.42416668 0.45729166 0.42416668 0.46197918 0.4125 0.475 0.4 0.54375 0.33166668 0.5833333 0.29583332 0.5942708 0.28166667 0.603125 0.27416667 0.6078125 0.255 0.61822915 0.255 0.6515625 0.32916668 0.65729165 0.34166667 0.64479166 0.35583332 0.6265625 0.36333334 0.6145833 0.36 0.54479164 0.43166667 0.5359375 0.44333333 0.48229167 0.4925
14 0.0 0.26583335 0.031770833 0.26666668 0.047395833 0.26916668 0.20625 0.24166666 0.2203125 0.23083334 0.23489584 0.23583333 0.2453125 0.33666667 0.2390625 0.34083334 0.22708334 0.34583333 0.22395833 0.34 0.1953125 0.33416668 0.18854167 0.33166668 0.0625 0.36 0.023958333 0.36 0.019791666 0.3675 0.016145833 0.37333333 0.011979166 0.37583333 0.011458334 0.3825 0.0026041667 0.3875 0.0 0.3725
