18 0.0875 0.00083333335 0.108333334 0.021666666 0.1171875 0.029166667 0.12708333 0.031666666 0.13645834 0.025 0.14166667 0.015 0.146875 0.0
20 0.1890625 0.0 0.53489584 0.0 0.51666665 0.006666667 0.4953125 0.015833333 0.4609375 0.025 0.43177083 0.035833333 0.3796875 0.054166667 0.3296875 0.061666667 0.28854167 0.064166665 0.23125 0.050833333 0.209375 0.045 0.1953125 0.035833333 0.1890625 0.025833333 0.1890625 0.0058333334
14 0.0 0.21083333 0.080729164 0.39 0.086979166 0.40916666 0.096354164 0.41916665 0.1109375 0.43 0.11666667 0.44416666 0.058333334 0.51166666 0.053125 0.51166666 0.040104166 0.4925 0.033333335 0.46083334 0.0 0.37916666
6 0.253125 0.25416666 0.27083334 0.265 0.28489584 0.26833335 0.30364582 0.26166666 0.32239583 0.25666666 0.34270832 0.26 0.35885417 0.2625 0.36458334 0.26333332 0.36666667 0.275 0.359375 0.3275 0.35677084 0.35 0.35364583 0.38083333 0.3515625 0.4325 0.34583333 0.51 0.33697918 0.51166666 0.28854167 0.4975 0.25572917 0.49083334 0.23229167 0.4875 0.23489584 0.46166667 0.24635416 0.375 0.253125 0.3225 0.25364584 0.28833333 0.25572917 0.26
5 0.5109375 0.01 0.5598958 0.0325 0.5963542 0.0425 0.6354167 0.060833335 0.63489586 0.079166666 0.5963542 0.22833334 0.57916665 0.28333333 0.5765625 0.3175 0.5734375 0.33833334 0.56666666 0.3775 0.5630208 0.40166667 0.41666666 0.31083333 0.38958332 0.2925 0.39635417 0.27 0.42552084 0.22083333 0.4296875 0.19333333 0.45885417 0.0425 0.46197918 0.0275 0.4828125 0.02 0.5046875 0.015833333
0 0.6953125 0.125 0.66041666 0.19916667 0.6479167 0.235 0.64427084 0.24666667 0.62395835 0.2625 0.60625 0.285 0.5859375 0.315 0.5776042 0.33333334 0.5703125 0.36333334 0.58697915 0.3825 0.6046875 0.39916667 0.61927086 0.41416666 0.63958335 0.43083334 0.6734375 0.47666666 0.7 0.52 0.72291666 0.555 0.73229164 0.5733333 0.753125 0.5933333 0.76354164 0.58 0.77708334 0.5475 0.7864583 0.5133333 0.796875 0.47916666 0.8020833 0.4475 0.8119792 0.43 0.8276042 0.39416668 0.846875 0.35833332 0.85625 0.33916667 0.86354166 0.32583332 0.8588542 0.31 0.8541667 0.3 0.8385417 0.29083332 0.78333336 0.26166666 0.75572914 0.25166667 0.7213542 0.16083333 0.7083333 0.135 0.7 0.12666667
4 0.6979167 0.57166666 0.71458334 0.56166667 0.72083336 0.56 0.73541665 0.58 0.74322915 0.58666664 0.7651042 0.6875 0.77239585 0.7033333 0.78489584 0.7133333 0.796875 0.725 0.81145835 0.74833333 0.8197917 0.76166666 0.82395834 0.79583335 0.8197917 0.8408333 0.81145835 0.87 0.8020833 0.8833333 0.7895833 0.895 0.7786458 0.9033333 0.7661458 0.9066667 0.74114585 0.9 0.7260417 0.885 0.71666664 0.8616667 0.70625 0.82416666 0.7083333 0.78583336 0.71875 0.74833333 0.721875 0.72833335 0.70520836 0.6508333 0.69166666 0.6 0.6880208 0.5833333 0.6901042 0.58
7 0.48177084 0.57666665 0.49322918 0.6191667 0.509375 0.74833333 0.53020835 0.80583334 0.55052084 0.86 0.5640625 0.8933333 0.50104165 0.9216667 0.47239584 0.9375 0.4375 0.97583336 0.4125 1.0 0.3921875 0.9975 0.38177082 0.95416665 0.37552083 0.915 0.37239584 0.86333334 0.37239584 0.81916666 0.34947917 0.79583335 0.31666666 0.75166667 0.30416667 0.73833334 0.29895833 0.7133333 0.34270832 0.6925 0.37552083 0.66583335 0.39895833 0.6425 0.41354167 0.6325 0.45260417 0.61 0.4671875 0.59166664 0.47552082 0.58166665
8 0.39427084 0.545 0.44270834 0.56166667 0.50625 0.5733333 0.5395833 0.5883333 0.59010416 0.6066667 0.6020833 0.59166664 0.60625 0.56 0.6197917 0.43 0.61875 0.41333333 0.59479165 0.39333335 0.58489585 0.38333333 0.56822914 0.3825 0.5651042 0.40333334 0.50104165 0.36416668 0.4828125 0.36083335 0.44479167 0.34416667 0.42083332 0.3325 0.409375 0.33916667 0.40416667 0.37583333 0.39427084 0.45333335 0.3859375 0.51416665 0.38697916 0.5275
11 0.13020833 0.7183333 0.1828125 0.6925 0.2703125 0.6575 0.29635417 0.65416664 0.3 0.69666666 0.2984375 0.71166664 0.303125 0.77 0.31145832 0.84583336 0.31979167 0.97083336 0.2578125 0.99583334 0.15364583 1.0 0.15885417 0.93 0.1671875 0.8425 0.1671875 0.81916666 0.15364583 0.7891667 0.1375 0.73333335 0.13645834 0.7316667
19 0.0026041667 0.5966667 0.114583336 0.64916664 0.13333334 0.66583335 0.1375 0.68083334 0.13333334 0.69666666 0.07864583 0.9475 0.0671875 0.95416665 0.041666668 0.94416666 0.0 0.93
