6 0.27552083 0.755 0.26302084 0.75916666 0.23645833 0.81166667 0.24583334 0.80916667 0.2546875 0.805 0.28020832 0.805
6 0.28385416 0.805 0.25364584 0.805 0.2359375 0.81333333 0.20052083 0.8875 0.19375 0.89916664 0.1796875 0.8775 0.1875 0.9316667 0.19010417 1.0 0.30208334 1.0 0.28333333 0.91083336 0.28697917 0.8075
6 0.2859375 0.83416665 0.28385416 0.90833336 0.28854167 0.93333334 0.30729166 0.925 0.28958333 0.845
6 0.32447916 0.92 0.31458333 0.935 0.296875 0.97333336 0.30260417 1.0 0.36822918 1.0 0.371875 1.0 0.33802083 0.94416666
6 0.24427083 0.27666667 0.21822916 0.32916668 0.17552084 0.39916667 0.13541667 0.44916666 0.1453125 0.46583334 0.20833333 0.555 0.22135417 0.5758333 0.23645833 0.5441667 0.27864584 0.4675 0.31979167 0.40833333 0.32708332 0.39083335 0.259375 0.29666665
6 0.1046875 0.1025 0.036979165 0.17083333 0.021354167 0.18333334 0.0 0.19 0.0 0.34166667 0.0067708334 0.37166667 0.04375 0.33666667 0.0828125 0.30083334 0.146875 0.26916668 0.159375 0.255
6 0.5953125 0.016666668 0.51979166 0.13416667 0.525 0.15083334 0.5755208 0.2225 0.6015625 0.26916668 0.6328125 0.30166668 0.6359375 0.29333332 0.63125 0.28 0.65520835 0.26416665 0.6692708 0.21916667 0.69635415 0.20333333 0.69635415 0.1875 0.6859375 0.1725 0.65260416 0.123333335 0.6088542 0.038333334 0.603125 0.025
6 0.68958336 0.010833333 0.640625 0.09916667 0.6536458 0.12416667 0.69635415 0.1875 0.69635415 0.205 0.67552084 0.215 0.6947917 0.23166667 0.7213542 0.2025 0.73125 0.19833334 0.73645836 0.22 0.73541665 0.25583333 0.7447917 0.27166668 0.76666665 0.2275 0.7916667 0.15916666 0.78020835 0.14333333 0.7390625 0.0975 0.69635415 0.028333334 0.6927083 0.016666668
6 0.5416667 0.195 0.49479166 0.30583334 0.48229167 0.33 0.49375 0.34333333 0.540625 0.38916665 0.55364585 0.39416668 0.6078125 0.46333334 0.615625 0.44666666 0.6328125 0.38833332 0.6380208 0.35416666 0.66041666 0.31833333 0.64739585 0.315 0.6244792 0.29333332 0.59583336 0.2625 0.571875 0.22833334 0.5515625 0.20166667
6 0.73125 0.1975 0.7213542 0.20166667 0.6921875 0.235 0.63072914 0.28 0.64427084 0.31166667 0.65 0.31583333 0.6609375 0.31583333 0.64427084 0.34333333 0.646875 0.35333332 0.6578125 0.3375 0.6635417 0.34416667 0.70208335 0.44916666 0.7104167 0.47416666 0.7875 0.40666667 0.8072917 0.385 0.7942708 0.35833332 0.74635416 0.2725 0.7359375 0.25666666 0.73645836 0.21833333
6 0.58177084 0.435 0.55364585 0.45666668 0.54010415 0.47583333 0.54114586 0.48166665 0.575 0.55916667 0.58697915 0.5883333 0.646875 0.515 0.65052086 0.5108333 0.65833336 0.53333336 0.67083335 0.51916665 0.70885414 0.49666667 0.71510416 0.48166665 0.7109375 0.47333333 0.6635417 0.345 0.659375 0.3375 0.64479166 0.35333332 0.63697916 0.365 0.6333333 0.3875 0.6177083 0.4375 0.6145833 0.44916666 0.6078125 0.46333334 0.58489585 0.43583333
6 0.7703125 0.31333333 0.7973958 0.315 0.8208333 0.3025 0.834375 0.30416667 0.840625 0.47333333 0.8255208 0.475 0.8151042 0.47083333 0.75208336 0.4675 0.71510416 0.47916666 0.7109375 0.4725 0.79479164 0.39833334 0.8072917 0.385 0.7973958 0.3625 0.79010415 0.35
6 0.78333336 0.47166666 0.725 0.5208333 0.715625 0.52666664 0.6640625 0.54083335 0.6958333 0.62333333 0.703125 0.6508333 0.6958333 0.66833335 0.68333334 0.67583334 0.690625 0.71166664 0.6953125 0.7108333 0.6947917 0.68083334 0.7270833 0.6875 0.7630208 0.6591667 0.825 0.63 0.81041664 0.5708333 0.80625 0.54333335 0.7875 0.47166666
6 0.89166665 0.4575 0.8723958 0.57416666 0.8520833 0.64916664 0.84583336 0.64916664 0.84375 0.6591667 0.8666667 0.6741667 0.928125 0.7241667 0.9427083 0.7366667 0.9515625 0.7216667 0.95104164 0.7025 0.9713542 0.6041667 0.99375 0.54083335 1.0 0.52416664 0.98541665 0.5183333 0.91770834 0.47916666 0.89479166 0.46
6 0.375 0.6025 0.26458332 0.6475 0.29375 0.69166666 0.29270834 0.705 0.28020832 0.7225 0.28697917 0.74 0.29791668 0.7683333 0.29427084 0.8641667 0.296875 0.87916666 0.34739584 0.86583334 0.40833333 0.8433333 0.38645834 0.70166665 0.38333333 0.68 0.37864584 0.62083334
6 0.49583334 0.535 0.478125 0.565 0.4453125 0.6116667 0.3859375 0.6691667 0.3828125 0.67333335 0.38541666 0.69 0.43854168 0.7975 0.45104167 0.8175 0.4625 0.8041667 0.51197916 0.7341667 0.5453125 0.6925 0.5640625 0.67583334 0.56822914 0.66583335 0.5484375 0.6375 0.5265625 0.58666664 0.5015625 0.53583336 0.49791667 0.53583336
6 0.5541667 0.9216667 0.546875 0.9625 0.5375 1.0 0.690625 1.0 0.6822917 0.9916667 0.59947914 0.9525 0.56354165 0.9241667
6 0.5859375 0.5883333 0.5734375 0.61 0.54375 0.6275 0.55 0.64 0.56875 0.6666667 0.56354165 0.6775 0.5473958 0.69166666 0.58489585 0.78833336 0.6010417 0.7708333 0.61041665 0.74666667 0.6890625 0.67083335 0.69635415 0.6675 0.70208335 0.6525 0.69739586 0.63 0.68645835 0.6 0.6614583 0.535 0.65625 0.5275 0.65 0.5108333 0.5942708 0.5783333
6 0.6177083 0.75166667 0.62864584 0.91333336 0.62864584 0.935 0.6421875 0.9216667 0.6635417 0.9216667 0.7046875 0.92 0.75677085 0.9291667 0.7572917 0.8566667 0.6859375 0.85333335 0.67760414 0.84833336 0.69114584 0.75666666 0.66041666 0.75916666 0.6276042 0.74833333
6 0.8203125 0.695 0.8046875 0.6958333 0.759375 0.7 0.7453125 0.695 0.70208335 0.6825 0.6947917 0.68 0.6953125 0.7125 0.69427085 0.74 0.68854165 0.7783333 0.6770833 0.84833336 0.6859375 0.85333335 0.75989586 0.8566667 0.80625 0.86833334 0.81822914 0.8691667 0.81822914 0.7783333 0.8197917 0.7125
6 0.14270833 0.81666666 0.1296875 0.81916666 0.118229166 0.8258333 0.13541667 0.90833336 0.14427084 1.0 0.1578125 1.0 0.18854167 0.98083335 0.1875 0.93083334 0.17916666 0.87583333 0.1453125 0.81916666
6 0.21041666 0.59833336 0.209375 0.6141667 0.17916666 0.68333334 0.17291667 0.68916667 0.13125 0.75666666 0.1234375 0.77416664 0.14427084 0.8183333 0.19375 0.9008333 0.20729166 0.87166667 0.2796875 0.725 0.29375 0.70416665 0.29322916 0.6925 0.26875 0.65416664 0.21666667 0.6
