15 0.4296875 0.7325 0.37135416 0.81 0.36302084 0.81916666 0.35416666 0.83666664 0.353125 0.8433333 0.35416666 0.8516667 0.35260418 0.8566667 0.35208333 0.8616667 0.34791666 0.86333334 0.34635416 0.86583334 0.34635416 0.87083334 0.346875 0.875 0.35 0.8808333 0.35364583 0.8825 0.35625 0.87666667 0.359375 0.87583333 0.3625 0.87583333 0.36666667 0.87416667 0.37552083 0.87 0.44947916 0.77666664 0.43333334 0.74083334
15 0.45260417 0.78333336 0.43125 0.81583333 0.4140625 0.8466667 0.4125 0.8541667 0.4125 0.865 0.41041666 0.8691667 0.4109375 0.87416667 0.4046875 0.8775 0.40364584 0.87916666 0.4046875 0.8833333 0.40625 0.885 0.40677083 0.8883333 0.409375 0.8908333 0.41145834 0.89 0.41510418 0.8825 0.4171875 0.885 0.41927084 0.88166666 0.42552084 0.885 0.428125 0.88666666 0.4359375 0.88166666 0.471875 0.8275 0.45416668 0.78583336
15 0.45520833 0.6983333 0.50885415 0.6275 0.51458335 0.6225 0.5203125 0.62083334 0.52760416 0.6275 0.53125 0.625 0.5375 0.61333334 0.540625 0.6166667 0.54375 0.6225 0.54479164 0.62666667 0.5385417 0.6325 0.53802085 0.6375 0.53541666 0.64166665 0.53541666 0.65416664 0.5328125 0.66 0.47447917 0.7391667
15 0.42239583 0.6191667 0.42604166 0.615 0.43020833 0.61333334 0.43489584 0.61333334 0.43697917 0.6075 0.44010416 0.6091667 0.4421875 0.59583336 0.44739583 0.6 0.453125 0.60333335 0.45104167 0.6075 0.446875 0.6175 0.44791666 0.62333333 0.44635418 0.62583333 0.44739583 0.64416665 0.440625 0.66333336
15 0.40052083 0.6625 0.38072917 0.61833334 0.3765625 0.60333335 0.37604168 0.59166664 0.37760416 0.585 0.37708333 0.58166665 0.3765625 0.57666665 0.37708333 0.5733333 0.37239584 0.5708333 0.37291667 0.56166667 0.3765625 0.5566667 0.3796875 0.5566667 0.3828125 0.56916666 0.3859375 0.5758333 0.3875 0.5758333 0.3890625 0.5733333 0.3921875 0.5733333 0.40104166 0.5783333 0.42395833 0.62333333 0.45729166 0.7033333 0.49739584 0.79 0.51875 0.84166664 0.52135414 0.85583335 0.5203125 0.8691667 0.5208333 0.87416667 0.5229167 0.88666666 0.525 0.89416665 0.521875 0.8958333 0.5151042 0.8908333 0.5104167 0.8908333 0.5072917 0.8858333 0.49947917 0.88166666 0.49375 0.87416667 0.46927083 0.8208333 0.45364583 0.7841667 0.45260417 0.7816667 0.42916667 0.7316667 0.4015625 0.665
15 0.56354165 0.625 0.5609375 0.62333333 0.5578125 0.62583333 0.53541666 0.655 0.47708333 0.745 0.4921875 0.7783333 0.496875 0.78833336 0.56927085 0.6766667 0.57135415 0.6716667 0.5651042 0.6333333
15 0.50208336 0.88416666 0.50208336 0.88916665 0.49947917 0.8908333 0.4984375 0.89416665 0.4984375 0.89916664 0.49479166 0.9025 0.49270833 0.9058333 0.49322918 0.9116667 0.49739584 0.9166667 0.49947917 0.9191667 0.5015625 0.90833336 0.50572914 0.9091667 0.5078125 0.905 0.5130208 0.9066667 0.52135414 0.90416664 0.5484375 0.8641667 0.59375 0.78833336 0.58229166 0.72833335 0.52760416 0.8258333 0.51875 0.8408333 0.52135414 0.85583335 0.5203125 0.86833334 0.5229167 0.8875 0.52447915 0.8933333 0.521875 0.8958333 0.5161458 0.89166665 0.5104167 0.8908333 0.50625 0.885
15 0.60833335 0.68583333 0.63385415 0.6475 0.64166665 0.6383333 0.6458333 0.63666666 0.65 0.6358333 0.65208334 0.635 0.65260416 0.62916666 0.6546875 0.62666667 0.6645833 0.64 0.6645833 0.6433333 0.6609375 0.645 0.6625 0.6616667 0.65989584 0.6725 0.6197917 0.7441667
15 0.6302083 0.79833335 0.68125 0.7125 0.69635415 0.68583333 0.6723958 0.6508333 0.65989584 0.6725 0.6203125 0.7425
15 0.7083333 0.705 0.67760414 0.73083335 0.6666667 0.7375 0.659375 0.74833333 0.6578125 0.7525 0.6557292 0.7583333 0.65520835 0.7658333 0.6536458 0.7675 0.65260416 0.77166665 0.65052086 0.77416664 0.6458333 0.77666664 0.6453125 0.77916664 0.6458333 0.78583336 0.6484375 0.78583336 0.65416664 0.7816667 0.6567708 0.7866667 0.65989584 0.7825 0.66770834 0.78833336 0.68177086 0.7841667 0.7369792 0.74583334 0.728125 0.735 0.7140625 0.7125
15 0.63385415 0.52166665 0.6692708 0.43416667 0.6765625 0.41916665 0.6828125 0.41583332 0.68541664 0.4175 0.6869792 0.41416666 0.68854165 0.4125 0.68854165 0.41083333 0.6880208 0.4075 0.6875 0.4025 0.68854165 0.40083334 0.69114584 0.39916667 0.69635415 0.40166667 0.69895834 0.40333334 0.7015625 0.4075 0.7015625 0.41083333 0.69635415 0.41416666 0.69739586 0.4225 0.696875 0.425 0.6984375 0.43166667 0.69895834 0.43583333 0.69895834 0.44333333 0.6723958 0.52 0.6588542 0.56
15 0.740625 0.68 0.80833334 0.6225 0.8286458 0.60583335 0.8364583 0.60083336 0.8432292 0.60083336 0.846875 0.6016667 0.8489583 0.60333335 0.8510417 0.60333335 0.853125 0.6025 0.85572916 0.6025 0.8588542 0.5975 0.86354166 0.59583336 0.865625 0.6016667 0.8609375 0.6116667 0.86041665 0.6175 0.85729164 0.62 0.8546875 0.63416666 0.8463542 0.6475 0.76145834 0.7241667 0.7552083 0.7058333 0.740625 0.6816667
15 0.57239586 0.67333335 0.56666666 0.68916667 0.56354165 0.6975 0.5630208 0.70916665 0.56354165 0.71666664 0.565625 0.72083336 0.56354165 0.72333336 0.56458336 0.7275 0.5598958 0.7316667 0.5578125 0.73583335 0.5598958 0.7425 0.5640625 0.74583334 0.5671875 0.74083334 0.57395834 0.73333335 0.57395834 0.7291667 0.58125 0.7291667 0.58229166 0.7291667
15 0.571875 0.8258333 0.56666666 0.84 0.565625 0.84833336 0.565625 0.8591667 0.56458336 0.8625 0.56458336 0.86833334 0.5625 0.87416667 0.5619792 0.88 0.56354165 0.8833333 0.56614584 0.885 0.56822914 0.8833333 0.5703125 0.87583333 0.5755208 0.87333333 0.58125 0.8725 0.58697915 0.87 0.6140625 0.82666665 0.6098958 0.81916666 0.60260415 0.815 0.5989583 0.805 0.59375 0.7891667 0.59375 0.78833336 0.5729167 0.8233333
15 0.615625 0.56666666 0.5953125 0.61583334 0.60729164 0.6791667 0.6375 0.60083336
15 0.6166667 0.8425 0.6203125 0.8425 0.6244792 0.8408333 0.6265625 0.8375 0.6234375 0.8283333 0.6255208 0.81916666 0.62604165 0.81416667 0.62916666 0.8016667 0.62916666 0.795 0.6125 0.70666665 0.60572916 0.67333335 0.59479165 0.61333334 0.575 0.49833333 0.5671875 0.475 0.559375 0.46833333 0.5572917 0.46333334 0.5552083 0.46166667 0.5541667 0.44916666 0.5494792 0.45 0.54583335 0.45166665 0.54322916 0.45416668 0.5442708 0.46166667 0.54479164 0.46583334 0.54479164 0.47333333 0.54375 0.47916666 0.5421875 0.49 0.54375 0.50333333 0.56458336 0.6325 0.5755208 0.69416666 0.59375 0.7875 0.6 0.8075 0.60364586 0.81583333 0.61041665 0.81916666 0.61354166 0.8258333 0.6145833 0.82916665 0.615625 0.8333333 0.61510414 0.8425
15 0.6140625 0.49416667 0.60520834 0.485 0.59791666 0.48416665 0.59375 0.4875 0.5911458 0.48583335 0.58697915 0.48583335 0.5833333 0.4775 0.58229166 0.47583333 0.57916665 0.47833332 0.5765625 0.4825 0.57604164 0.48583335 0.578125 0.4925 0.58177084 0.495 0.5833333 0.50083333 0.58385414 0.505 0.58489585 0.5075 0.58489585 0.51666665 0.58697915 0.5225 0.5885417 0.52666664 0.62604165 0.5833333 0.63958335 0.6041667 0.6671875 0.6433333 0.703125 0.6958333 0.7078125 0.705 0.71666664 0.7158333 0.72864586 0.73583335 0.7416667 0.74833333 0.74791664 0.7475 0.7494792 0.75333333 0.7526042 0.75333333 0.75572914 0.75333333 0.7578125 0.7608333 0.759375 0.76666665 0.7625 0.7633333 0.7651042 0.7558333 0.76666665 0.74833333 0.7604167 0.7441667 0.76145834 0.7391667 0.75989586 0.7366667 0.7604167 0.7291667 0.76145834 0.72333336 0.7552083 0.7058333 0.73645836 0.6741667 0.66614586 0.57
15 0.6958333 0.61333334 0.7026042 0.60333335 0.70989585 0.60333335 0.71510416 0.60333335 0.7192708 0.59833336 0.721875 0.5991667 0.725 0.5941667 0.7270833 0.5875 0.73072916 0.5908333 0.7328125 0.5966667 0.73229164 0.6 0.728125 0.6041667 0.728125 0.61 0.7239583 0.61333334 0.7260417 0.625 0.725 0.63166666 0.72239584 0.6433333 0.71979165 0.64916664
15 0.3078125 0.84583336 0.29010418 0.88 0.29010418 0.89416665 0.29114583 0.9025 0.28958333 0.9058333 0.290625 0.9091667 0.28541666 0.9116667 0.284375 0.915 0.28541666 0.92 0.28645834 0.9241667 0.29166666 0.92833334 0.29479167 0.9225 0.29895833 0.9175 0.30104166 0.91583335 0.30625 0.9141667 0.3109375 0.9125 0.34583333 0.85333335 0.38802084 0.7708333 0.41979167 0.7075 0.4 0.6625 0.3515625 0.7625
