8 0.37447917 0.9058333 0.38489583 0.94166666 0.39479166 0.97583336 0.38645834 0.97583336 0.378125 0.9658333 0.37291667 0.96 0.36510417 0.93 0.37291667 0.9025
8 0.44479167 0.715 0.4671875 0.70166665 0.48385417 0.68916667 0.48802084 0.6925 0.49166667 0.6958333 0.48125 0.705 0.465625 0.72083336 0.4484375 0.735 0.4328125 0.745 0.42708334 0.7475 0.40260416 0.7633333 0.403125 0.76916665 0.40052083 0.76416665 0.38958332 0.7733333 0.36927083 0.78833336 0.35625 0.79833335 0.3515625 0.8125 0.35104167 0.8225 0.36875 0.8875 0.36302084 0.87666667 0.35625 0.8691667 0.35104167 0.8591667 0.33854166 0.8208333 0.33333334 0.8016667 0.33385417 0.79333335 0.3375 0.7841667 0.34166667 0.7775 0.34635416 0.7733333 0.3890625 0.74916667 0.40052083 0.74333334 0.43802083 0.7191667
8 0.5046875 0.68416667 0.5364583 0.6566667 0.54375 0.6591667 0.55104166 0.66583335 0.55677086 0.68083334 0.5619792 0.70166665 0.56822914 0.7291667 0.5697917 0.75166667 0.571875 0.7625 0.5734375 0.7683333 0.5776042 0.7733333 0.58177084 0.775 0.59791666 0.81 0.59947914 0.8225 0.59739584 0.83666664 0.59375 0.84583336 0.5875 0.85333335 0.57239586 0.86333334 0.54270834 0.8858333 0.521875 0.90416664 0.5046875 0.92083335 0.49270833 0.92833334 0.47083333 0.9575 0.46354166 0.9675 0.46145833 0.96416664 0.459375 0.96416664 0.45885417 0.96666664 0.459375 0.9716667 0.43958333 0.9916667 0.43125 1.0 0.40208334 1.0 0.39427084 0.9741667 0.37291667 0.9008333 0.3515625 0.82166666 0.3515625 0.81333333 0.35729167 0.7975 0.4 0.765 0.403125 0.77 0.403125 0.7633333 0.4140625 0.75666666 0.428125 0.74666667 0.44375 0.7375 0.45208332 0.7325 0.46614584 0.72 0.49270833 0.695
8 0.48125 0.9608333 0.4640625 0.9825 0.446875 1.0 0.43177083 1.0 0.459375 0.9725 0.4578125 0.965 0.459375 0.96416664 0.46197918 0.96416664 0.46354166 0.96666664 0.478125 0.9483333 0.49270833 0.92833334 0.5046875 0.92083335 0.54479164 0.885 0.5651042 0.87083334 0.56458336 0.87583333 0.5442708 0.8975 0.5052083 0.935 0.49479166 0.94916666
8 0.6796875 0.2925 0.69635415 0.28583333 0.71666664 0.27666667 0.72291666 0.2725 0.7447917 0.2475 0.75416666 0.24333334 0.7625 0.235 0.78541666 0.22 0.796875 0.27083334 0.8276042 0.40166667 0.840625 0.415 0.8375 0.42666668 0.82916665 0.43583333 0.8052083 0.4475 0.80104166 0.44 0.80052084 0.44666666 0.784375 0.44583333 0.7734375 0.45 0.7359375 0.47333333 0.7015625 0.50416666 0.675 0.52 0.6609375 0.5325 0.65625 0.53333336 0.64947915 0.5275 0.6458333 0.5225 0.6421875 0.51166666 0.63072914 0.4475 0.6203125 0.39833334 0.609375 0.35916665 0.6098958 0.34416667 0.61614585 0.33083335 0.62135416 0.32416666 0.6380208 0.31666666 0.65989584 0.30583334 0.66979164 0.29916668
8 0.5885417 0.27333334 0.6020833 0.27083334 0.6255208 0.26416665 0.64270836 0.26083332 0.6479167 0.26083332 0.6515625 0.26083332 0.66041666 0.26583335 0.6666667 0.26416665 0.6848958 0.2525 0.7182292 0.23416667 0.7291667 0.22833334 0.73229164 0.23416667 0.7390625 0.25333333 0.7317708 0.2625 0.72291666 0.2725 0.71510416 0.27833334 0.6901042 0.28833333 0.6802083 0.29166666 0.6713542 0.29833335 0.65989584 0.30583334 0.62135416 0.32416666 0.61614585 0.33166668 0.61041665 0.34416667 0.609375 0.36 0.6197917 0.39583334 0.63645834 0.48 0.6223958 0.48583335 0.61614585 0.48833334 0.61041665 0.4875 0.60520834 0.48333332 0.6 0.47583333 0.596875 0.46416667 0.5890625 0.3975 0.5755208 0.30583334 0.5755208 0.29583332 0.5776042 0.28666666 0.58385414 0.27583334
8 0.58177084 0.355 0.5854167 0.47833332 0.58697915 0.50416666 0.59010416 0.51416665 0.596875 0.52166665 0.6078125 0.5208333 0.63854164 0.52 0.63958335 0.5158333 0.64166665 0.51916665 0.64375 0.5183333 0.6421875 0.51166666 0.64166665 0.50666666 0.6380208 0.50666666 0.634375 0.505 0.628125 0.49916667 0.62395835 0.4925 0.62135416 0.48583335 0.6166667 0.4875 0.6098958 0.4875 0.60520834 0.48416665 0.59947914 0.47666666 0.596875 0.465 0.59010416 0.4075 0.58229166 0.3525
8 0.625 0.49416667 0.62395835 0.49166667 0.621875 0.48583335 0.63645834 0.48 0.6411458 0.50666666 0.6380208 0.50666666 0.634375 0.505 0.6296875 0.50083333 0.6276042 0.49916667
8 0.80104166 0.44916666 0.8046875 0.48166665 0.8015625 0.48916668 0.7963542 0.49666667 0.7260417 0.5025 0.7125 0.5058333 0.7 0.505 0.7213542 0.48666668 0.73854166 0.4725 0.7708333 0.45166665 0.784375 0.44583333 0.80104166 0.44666666
8 0.8015625 0.22833334 0.80677086 0.23083334 0.8109375 0.235 0.81614584 0.2425 0.8208333 0.29083332 0.82708335 0.37166667 0.83020836 0.40333334 0.828125 0.40333334 0.81614584 0.35333332 0.7890625 0.23416667 0.79270834 0.23166667 0.796875 0.22916667
8 0.3484375 0.855 0.32916668 0.8725 0.32604167 0.8883333 0.32552084 0.8983333 0.36145833 1.0 0.4015625 1.0 0.39375 0.97583336 0.3875 0.975 0.38020834 0.97 0.3734375 0.9608333 0.36927083 0.9458333 0.36614582 0.93 0.36875 0.91833335 0.37239584 0.90166664 0.36875 0.88666666 0.36145833 0.875 0.35625 0.87 0.353125 0.86333334
