6 0.019270834 0.42166665 0.0 0.445 0.0 0.6433333 0.0 0.655 0.049479168 0.735 0.1328125 0.6066667 0.1359375 0.5941667 0.09583333 0.54583335 0.079166666 0.5233333 0.0296875 0.42833334
6 0.2546875 0.00083333335 0.21510416 0.055833332 0.17395833 0.09916667 0.16614583 0.1225 0.20104167 0.17 0.21979167 0.17916666 0.2328125 0.19583334 0.24270834 0.225 0.25208333 0.21083333 0.2765625 0.17333333 0.346875 0.100833334 0.35364583 0.08416667 0.29895833 0.0
6 0.14427084 0.25666666 0.146875 0.31083333 0.13072917 0.38666666 0.1296875 0.42916667 0.14895834 0.43166667 0.23072916 0.42416668 0.20104167 0.32666665 0.21041666 0.32333332 0.29322916 0.27 0.29375 0.26416665 0.2796875 0.26 0.2203125 0.26666668 0.19322917 0.27666667 0.1796875 0.26166666 0.1578125 0.25333333
6 0.3359375 0.22666667 0.30572918 0.26083332 0.2796875 0.27833334 0.21354167 0.32083333 0.20052083 0.3275 0.2328125 0.42833334 0.25520834 0.49083334 0.259375 0.48916668 0.3328125 0.4175 0.35885417 0.4025 0.38229167 0.38666666 0.38958332 0.37833333 0.36770833 0.32333332 0.34166667 0.24083333
6 0.46302083 0.19166666 0.46354166 0.2125 0.465625 0.21833333 0.47552082 0.29833335 0.48177084 0.40833333 0.48489583 0.42916667 0.5296875 0.41666666 0.5541667 0.39833334 0.584375 0.41083333 0.5854167 0.38666666 0.57604164 0.315 0.57239586 0.27416667 0.57135415 0.18416667 0.5697917 0.1675 0.559375 0.16666667
6 0.66614586 0.1175 0.64739585 0.145 0.61145836 0.20333333 0.5963542 0.2375 0.59791666 0.23916666 0.60520834 0.25583333 0.6578125 0.33583334 0.6671875 0.34916666 0.696875 0.35916665 0.6984375 0.37 0.6984375 0.38083333 0.6947917 0.38666666 0.6947917 0.39416668 0.70989585 0.36583334 0.7625 0.2775 0.7625 0.2675 0.74322915 0.24583334 0.7140625 0.22333333 0.6984375 0.195 0.68333334 0.17583333 0.67552084 0.1325 0.67083335 0.11666667
6 0.7828125 0.23 0.76197916 0.28 0.73854166 0.33833334 0.72552085 0.37333333 0.74322915 0.39083335 0.7625 0.40666667 0.8151042 0.46 0.8354167 0.46416667 0.8421875 0.4775 0.83802086 0.4925 0.84583336 0.49916667 0.86822915 0.4525 0.8744792 0.4425 0.8875 0.39166668 0.89947915 0.35 0.87916666 0.33833334 0.840625 0.30583334 0.7895833 0.23916666 0.78541666 0.23416667
6 0.89166665 0.45666668 0.87135416 0.575 0.8520833 0.64666665 0.846875 0.64916664 0.84375 0.65833336 0.915625 0.7133333 0.94166666 0.73833334 0.94947916 0.7158333 0.95885414 0.6483333 0.99635416 0.5366667 0.99791664 0.52666664 0.9484375 0.49583334 0.9109375 0.47416666 0.896875 0.46333334
6 0.590625 0.33083335 0.5875 0.47333333 0.60729164 0.5316667 0.6098958 0.54833335 0.6010417 0.55833334 0.5755208 0.56416667 0.6088542 0.57416666 0.6828125 0.5883333 0.6848958 0.55916667 0.68177086 0.505 0.69427085 0.38583332 0.6979167 0.3825 0.6979167 0.3675 0.6953125 0.35916665 0.6578125 0.34583333 0.61614585 0.33333334
6 0.55572915 0.40083334 0.5109375 0.44583333 0.4296875 0.5225 0.49114582 0.6675 0.51145834 0.64416665 0.52447915 0.6225 0.54479164 0.59 0.5572917 0.57666665 0.57708335 0.5675 0.5765625 0.565 0.60260415 0.5575 0.6088542 0.55 0.6078125 0.53583336 0.5640625 0.40333334
6 0.58385414 0.585 0.54114586 0.62416667 0.5109375 0.6458333 0.49166667 0.6675 0.48854166 0.6666667 0.5140625 0.7191667 0.52916664 0.80083334 0.5375 0.86583334 0.61822915 0.8175 0.63854164 0.8041667 0.62395835 0.74083334 0.5932292 0.63416666 0.5864583 0.5825
6 0.6098958 0.5775 0.5911458 0.6175 0.5942708 0.63666666 0.60052085 0.6458333 0.65520835 0.6958333 0.6791667 0.7316667 0.7036458 0.76416665 0.70677084 0.76416665 0.71197915 0.74666667 0.73333335 0.7025 0.7416667 0.6816667 0.7630208 0.6308333 0.765625 0.62 0.75104165 0.605 0.68541664 0.5416667 0.6848958 0.56666666 0.68385416 0.58916664 0.6171875 0.5758333
6 0.8744792 0.7975 0.85833335 0.8175 0.8453125 0.835 0.79375 0.8675 0.78125 0.8808333 0.8276042 1.0 0.9536458 1.0 0.9359375 0.9691667 0.9166667 0.93083334 0.88072914 0.8233333 0.8744792 0.805
6 0.7109375 0.3675 0.6890625 0.42916667 0.68125 0.51 0.6828125 0.52916664 0.6947917 0.5316667 0.7546875 0.5825 0.7760417 0.61 0.7921875 0.62583333 0.8020833 0.5991667 0.84010416 0.48666668 0.84270835 0.47833332 0.8359375 0.465 0.8151042 0.46 0.7546875 0.39833334 0.7270833 0.375 0.71458334 0.35916665
6 0.375 0.82166666 0.27708334 0.87 0.28072917 0.8925 0.31145832 1.0 0.41614583 0.99833333 0.3953125 0.8933333 0.38489583 0.81666666
6 0.29322916 0.82916665 0.29427084 0.8441667 0.33697918 0.8408333 0.38541666 0.81666666 0.39114583 0.84833336 0.40677083 0.8491667 0.40833333 0.83416665 0.40260416 0.725 0.4 0.70916665 0.4109375 0.6825 0.42135417 0.6325 0.42083332 0.61583334 0.4046875 0.6066667 0.38541666 0.5991667 0.3078125 0.5858333 0.30677083 0.65 0.32291666 0.65166664 0.32708332 0.65833336 0.32083333 0.6975 0.31822917 0.8233333 0.3171875 0.83 0.30677083 0.8358333
6 0.30729166 0.6 0.29270834 0.6525 0.30625 0.6508333 0.30677083 0.6125
6 0.15416667 0.58916664 0.1546875 0.605 0.1453125 0.6575 0.14270833 0.6875 0.1375 0.6933333 0.10208333 0.77916664 0.09791667 0.7975 0.13229166 0.8283333 0.190625 0.8691667 0.20208333 0.87333333 0.20520833 0.86583334 0.21822916 0.80916667 0.20625 0.81083333 0.17604166 0.81916666 0.15989584 0.81416667 0.1640625 0.7941667 0.16458334 0.73 0.16979167 0.68 0.17708333 0.63416666 0.18645833 0.6383333 0.20208333 0.6525 0.25989583 0.6591667 0.2625 0.65 0.26197916 0.64416665 0.25104168 0.6375 0.23177083 0.6225 0.22864583 0.6175 0.21875 0.615 0.18020834 0.5966667 0.16145833 0.59
6 0.29270834 0.65416664 0.26302084 0.6575 0.25260416 0.65833336 0.20104167 0.6525 0.1875 0.63916665 0.17708333 0.63416666 0.16927083 0.68416667 0.16458334 0.7316667 0.1640625 0.7925 0.15989584 0.81333333 0.17708333 0.81916666 0.21041666 0.81 0.2265625 0.8075 0.28229168 0.825 0.30625 0.83666664 0.31822917 0.83 0.31822917 0.8175 0.32083333 0.6983333 0.32708332 0.6575 0.32395834 0.6525 0.3109375 0.65 0.3046875 0.6508333
6 0.2734375 0.8625 0.23125 0.8258333 0.22395833 0.8183333 0.22760417 0.80833334 0.2609375 0.8183333 0.28229168 0.82416666 0.29270834 0.83 0.29375 0.8441667 0.33125 0.84166664 0.278125 0.8691667
6 0.0010416667 0.25416666 0.0 0.40833333 0.038541667 0.43 0.083333336 0.45166665 0.091145836 0.39833334 0.103125 0.27416667 0.075 0.26666668 0.034895834 0.26416665
