6 0.39739582 0.25833333 0.40885416 0.25333333 0.415625 0.25416666 0.4640625 0.27416667 0.49479166 0.2825 0.50208336 0.28166667 0.51197916 0.27833334 0.5364583 0.2625 0.54322916 0.26 0.55 0.26 0.5520833 0.30083334 0.553125 0.34416667 0.55364585 0.3625 0.55572915 0.37083334 0.5572917 0.42583334 0.5572917 0.44416666 0.5546875 0.44583333 0.5395833 0.44583333 0.53333336 0.44166666 0.47552082 0.43666667 0.44479167 0.43333334 0.4375 0.4325 0.40052083 0.44166666 0.39010417 0.4375 0.39322916 0.35 0.3921875 0.3 0.3953125 0.275 0.39739582 0.26166666
6 0.6890625 0.43416667 0.7104167 0.49166667 0.72239584 0.55 0.734375 0.605 0.71875 0.6091667 0.6869792 0.5908333 0.66197914 0.6166667 0.63385415 0.6483333 0.61822915 0.6625 0.60572916 0.66583335 0.58697915 0.5783333 0.5671875 0.49916667 0.575 0.49333334 0.5776042 0.48916668 0.5828125 0.4875 0.62395835 0.4975 0.63125 0.50166667 0.6421875 0.5083333 0.6557292 0.4875 0.6703125 0.46416667 0.67395836 0.45 0.68072915 0.4375 0.684375 0.4375
6 0.484375 0.45916668 0.49166667 0.43916667 0.5072917 0.43833333 0.521875 0.44083333 0.55104166 0.48166665 0.56666666 0.5 0.58020836 0.5541667 0.5963542 0.62 0.5875 0.64666665 0.55 0.62083334 0.51197916 0.59583336 0.4859375 0.57416666 0.47864583 0.59833336 0.43802083 0.55833334 0.43125 0.545 0.4640625 0.49833333 0.48020834 0.46916667 0.48229167 0.46666667
6 0.4296875 0.7975 0.490625 0.83416665 0.5203125 0.85083336 0.53541666 0.86 0.54114586 0.8375 0.55 0.7825 0.5578125 0.735 0.5651042 0.69916666 0.58177084 0.6675 0.58802086 0.6475 0.5609375 0.62833333 0.52916664 0.6075 0.50364584 0.59 0.48854166 0.5758333 0.48645833 0.57416666 0.478125 0.5991667 0.4765625 0.605 0.4625 0.6716667 0.44270834 0.745 0.43489584 0.7675 0.42916667 0.79333335
6 0.26145834 0.41166666 0.29479167 0.40916666 0.29947916 0.40666667 0.30364582 0.4075 0.30729166 0.41 0.34895834 0.4125 0.3671875 0.41583332 0.37291667 0.41833332 0.375 0.43 0.371875 0.44083333 0.36354166 0.5125 0.36458334 0.5183333 0.37239584 0.5325 0.375 0.5966667 0.37760416 0.6275 0.3765625 0.6558333 0.36614582 0.6525 0.3359375 0.6525 0.27864584 0.6533333 0.25572917 0.65416664 0.25520834 0.64916664 0.25729167 0.62666667 0.27291667 0.56583333 0.27760416 0.5441667 0.265625 0.5 0.26041666 0.45583335 0.25833333 0.42 0.25885418 0.415
6 0.37916666 0.12583333 0.38333333 0.12583333 0.41145834 0.145 0.42291668 0.15666667 0.43333334 0.16666667 0.44791666 0.18 0.46302083 0.19583334 0.47708333 0.20833333 0.48125 0.21166667 0.471875 0.23916666 0.4578125 0.27083334 0.45572916 0.27083334 0.425 0.2575 0.41614583 0.25416666 0.4109375 0.25416666 0.40885416 0.25333333 0.40364584 0.25583333 0.39739582 0.25833333 0.39322916 0.29166666 0.3921875 0.2975 0.39322916 0.34916666 0.3921875 0.3775 0.390625 0.4225 0.37604168 0.40666667 0.35364583 0.38666666 0.32604167 0.33416668 0.31458333 0.34666666 0.3046875 0.34 0.3046875 0.33583334 0.31145832 0.31666666 0.33020833 0.27833334 0.34583333 0.24833333 0.35833332 0.215 0.371875 0.1525 0.37552083 0.13666667 0.37760416 0.13
6 0.22604166 0.6433333 0.24322917 0.6383333 0.25572917 0.64 0.25572917 0.6508333 0.25572917 0.6558333 0.2578125 0.65416664 0.28072917 0.6533333 0.2984375 0.6533333 0.31875 0.6525 0.346875 0.6533333 0.365625 0.6525 0.37760416 0.6558333 0.37760416 0.63916665 0.37760416 0.625 0.37708333 0.61333334 0.38020834 0.6166667 0.38020834 0.6375 0.38385418 0.6616667 0.38489583 0.71666664 0.38854167 0.7783333 0.38802084 0.7966667 0.37239584 0.80083334 0.36770833 0.7975 0.33489582 0.77 0.33020833 0.765 0.315625 0.76916665 0.29635417 0.7758333 0.29270834 0.775 0.2828125 0.79083335 0.26197916 0.815 0.25625 0.82416666 0.24427083 0.825 0.2296875 0.69083333 0.22604166 0.64666665
6 0.08229167 0.4025 0.09322917 0.38666666 0.118229166 0.35833332 0.15572916 0.305 0.16822916 0.28583333 0.18072917 0.30416667 0.20625 0.36916667 0.20989583 0.39166668 0.24322917 0.445 0.25416666 0.46 0.259375 0.46416667 0.2359375 0.515 0.21197917 0.5541667 0.1828125 0.5925 0.17604166 0.5883333 0.17083333 0.58166665 0.15364583 0.5366667 0.140625 0.515 0.123958334 0.47333333 0.10520833 0.44083333 0.08177083 0.40916666 0.08020833 0.405
6 0.024479168 0.6575 0.07395833 0.73083335 0.10729167 0.7808333 0.11302083 0.79 0.14635417 0.7108333 0.20572917 0.61083335 0.21458334 0.5858333 0.20052083 0.57 0.19479166 0.5758333 0.1828125 0.5933333 0.17552084 0.5883333 0.17083333 0.5808333 0.16145833 0.5566667 0.153125 0.53583336 0.1484375 0.5275 0.140625 0.5133333 0.13229166 0.495 0.123958334 0.48416665 0.11927083 0.47916666 0.10989583 0.50083333 0.10104167 0.5283333 0.092708334 0.5525 0.080729164 0.5775 0.063541666 0.60583335 0.042708334 0.6425 0.034895834 0.6508333 0.0234375 0.65
6 0.284375 0.40916666 0.30625 0.36666667 0.31510416 0.34666666 0.32395834 0.33583334 0.32604167 0.33333334 0.33697918 0.355 0.3421875 0.365 0.353125 0.38666666 0.36197916 0.39333335 0.3734375 0.41333333 0.39010417 0.4425 0.40520832 0.46916667 0.3984375 0.48 0.3859375 0.49666667 0.36927083 0.51666665 0.36770833 0.5233333 0.365625 0.5208333 0.36458334 0.5175 0.36354166 0.5133333 0.36979166 0.4575 0.371875 0.44416666 0.371875 0.44083333 0.375 0.43 0.37291667 0.4175 0.36979166 0.41666666 0.3671875 0.41583332 0.35729167 0.41333333 0.34427083 0.41166666 0.32604167 0.41083333 0.31197917 0.41 0.30677083 0.40916666 0.303125 0.4075 0.29947916 0.40583333 0.2953125 0.40916666 0.2890625 0.40916666 0.28541666 0.41
6 0.22447917 0.535 0.25416666 0.5775 0.26510417 0.59583336 0.27291667 0.56583333 0.27760416 0.54333335 0.2703125 0.51666665 0.265625 0.4975 0.26145834 0.46416667 0.2609375 0.46333334 0.25885418 0.465 0.246875 0.49166667 0.23697917 0.5125 0.23489584 0.51666665 0.22395833 0.5341667
6 0.62291664 0.22333333 0.65416664 0.26916668 0.6848958 0.3125 0.7078125 0.3425 0.7005208 0.35833332 0.67083335 0.405 0.646875 0.45833334 0.62395835 0.4975 0.6041667 0.49333334 0.578125 0.48833334 0.5734375 0.48583335 0.553125 0.44916666 0.5541667 0.44583333 0.5572917 0.44416666 0.55572915 0.38166666 0.55572915 0.37 0.58489585 0.31083333 0.6098958 0.24333334 0.62083334 0.225
