14 0.36197916 0.6508333 0.35729167 0.6308333 0.3328125 0.6508333 0.30572918 0.6766667 0.32239583 0.7025 0.41354167 0.89166665 0.43072918 0.93416667 0.434375 0.9316667 0.43020833 0.92333335 0.45260417 0.8975 0.48125 0.8566667 0.47760418 0.8516667 0.47083333 0.85583335 0.46666667 0.85 0.4625 0.85 0.45104167 0.82916665 0.3796875 0.68583333
14 0.471875 0.7366667 0.4984375 0.7291667 0.54010415 0.71166664 0.5453125 0.71 0.5442708 0.72583336 0.54322916 0.74083334 0.5375 0.7633333 0.534375 0.77666664 0.54479164 1.0 0.49322918 1.0 0.48385417 0.76666665 0.48645833 0.75333333 0.47291666 0.74333334
14 0.6145833 0.6175 0.60572916 0.61833334 0.6020833 0.62333333 0.59270835 0.61583334 0.53697914 0.55916667 0.5364583 0.6308333 0.54114586 0.64916664 0.5484375 0.6666667 0.56875 0.6875 0.5734375 0.70166665 0.58177084 0.72333336 0.58958334 0.72833335 0.59375 0.72333336 0.609375 0.6425 0.6145833 0.6275
14 0.634375 0.5783333 0.6234375 0.595 0.61822915 0.6141667 0.61510414 0.62416667 0.6088542 0.645 0.596875 0.70916665 0.5932292 0.7241667 0.5552083 0.9025 0.55260414 0.9175 0.55364585 0.92083335 0.5697917 0.9275 0.584375 0.9316667 0.5911458 0.9325 0.6 0.93333334 0.59947914 0.92 0.6067708 0.9125 0.6098958 0.8925 0.64635414 0.73333335 0.66614586 0.66083336 0.6692708 0.64666665 0.66770834 0.6383333 0.67395836 0.6425 0.6796875 0.6408333 0.6796875 0.6333333 0.6609375 0.605 0.6484375 0.5925 0.63854164 0.5825
14 0.61822915 0.5675 0.634375 0.5775 0.62864584 0.5858333 0.6234375 0.5941667 0.6203125 0.58416665 0.61875 0.5758333
14 0.6869792 0.6125 0.6802083 0.6075 0.6536458 0.59 0.6380208 0.57916665 0.63854164 0.5825 0.65520835 0.5991667 0.6609375 0.6041667 0.67291665 0.62333333 0.6848958 0.62333333 0.68854165 0.62083334 0.68958336 0.6175 0.68854165 0.615
14 0.6322917 0.4825 0.70104164 0.5208333 0.7114583 0.525 0.7239583 0.5175 0.7296875 0.5233333 0.73541665 0.5341667 0.73229164 0.5391667 0.73072916 0.5441667 0.7328125 0.56166667 0.7338542 0.5783333 0.73229164 0.59 0.725 0.6175 0.715625 0.64416665 0.71197915 0.6425 0.70520836 0.6383333 0.6984375 0.6308333 0.6890625 0.615 0.68541664 0.6116667 0.646875 0.585 0.61875 0.5683333 0.57395834 0.5391667 0.5375 0.5175 0.53697914 0.41833332 0.5442708 0.43083334 0.55104166 0.4325 0.55885416 0.43916667
14 0.5833333 0.32 0.5807292 0.32666665 0.5807292 0.335 0.5786458 0.34666666 0.57916665 0.3575 0.5989583 0.4625 0.659375 0.49833333 0.6322917 0.34333333 0.62916666 0.3325 0.63697916 0.3125 0.6359375 0.30833334 0.63125 0.31083333 0.6140625 0.32 0.6015625 0.33083335 0.59479165 0.33666667 0.58958334 0.33916667 0.5885417 0.32916668 0.58489585 0.31916666
14 0.4515625 0.45916668 0.4375 0.45333335 0.43125 0.455 0.42447916 0.47916666 0.46770832 0.48916668 0.47239584 0.4875 0.46614584 0.47833332 0.4578125 0.4625
14 0.475 0.355 0.4640625 0.39416668 0.4640625 0.40916666 0.4640625 0.43 0.47135416 0.445 0.47083333 0.45833334 0.48177084 0.4775 0.4828125 0.41666666 0.48333332 0.37333333
14 0.475 0.30666667 0.53489584 0.31083333 0.54583335 0.31416667 0.5463542 0.33083335 0.54322916 0.35333332 0.53697914 0.39333335 0.53697914 0.43916667 0.53697914 0.56916666 0.5364583 0.6325 0.54791665 0.6666667 0.546875 0.705 0.47135416 0.69416666 0.47135416 0.6666667 0.48333332 0.6558333 0.4828125 0.37083334 0.47604167 0.35666665 0.4703125 0.335
14 0.2859375 0.4325 0.2875 0.43833333 0.30104166 0.4525 0.46666667 0.48916668 0.47291666 0.4875 0.47083333 0.47333333 0.475 0.46916667 0.47864583 0.485 0.48072916 0.505 0.48333332 0.54 0.48333332 0.5991667 0.46614584 0.5833333 0.44427082 0.5675 0.40416667 0.56 0.38489583 0.5 0.38125 0.4975 0.3703125 0.50666666 0.36302084 0.515 0.35677084 0.5366667 0.34635416 0.5475 0.290625 0.53833336 0.28072917 0.54583335 0.27604166 0.5491667 0.26979166 0.54833335 0.2734375 0.505 0.27916667 0.43083334
14 0.40833333 0.42083332 0.39375 0.41416666 0.384375 0.41833332 0.32916668 0.42333335 0.275 0.43083334 0.284375 0.35 0.28697917 0.34833333 0.4046875 0.32583332 0.396875 0.3325 0.39114583 0.34666666 0.39375 0.35166666 0.409375 0.36583334 0.40833333 0.385 0.41041666 0.395 0.41041666 0.41083333
14 0.4265625 0.45333335 0.415625 0.45666668 0.41041666 0.4575 0.40625 0.465 0.40416667 0.46083334 0.40416667 0.4525 0.40572917 0.44083333 0.4078125 0.42916667 0.409375 0.41833332 0.41041666 0.41 0.41041666 0.3925 0.40833333 0.38416666 0.40885416 0.36833334 0.42083332 0.37416667 0.45677084 0.40416667 0.46354166 0.395 0.4640625 0.43083334 0.47083333 0.445 0.4703125 0.465 0.4671875 0.47666666 0.4625 0.4725 0.45677084 0.4625 0.44010416 0.45416668 0.43229166 0.45416668
14 0.30052084 0.30416667 0.27239582 0.29666665 0.24375 0.29416665 0.234375 0.2925 0.22760417 0.3 0.2296875 0.30666667 0.22916667 0.33833334 0.20625 0.56583333 0.2046875 0.6041667 0.196875 0.6041667 0.19114584 0.6116667 0.190625 0.62083334 0.225 0.6308333 0.24635416 0.6358333 0.265625 0.6191667 0.25989583 0.61333334 0.2609375 0.5758333 0.26979166 0.4875 0.27552083 0.43 0.284375 0.34583333 0.28333333 0.34 0.28958333 0.325 0.296875 0.32083333
14 0.2046875 0.36583334 0.19583334 0.36666667 0.19895834 0.35666665 0.20520833 0.35416666 0.21197917 0.35833332 0.22760417 0.355 0.21666667 0.45916668 0.20677084 0.45916668 0.20572917 0.38416666
14 0.53333336 0.1425 0.55 0.15166667 0.565625 0.17583333 0.58697915 0.2075 0.58802086 0.215 0.57395834 0.21916667 0.5552083 0.285 0.546875 0.315 0.5364583 0.31166667 0.49010417 0.30666667 0.4953125 0.285 0.52708334 0.1825 0.5296875 0.16416667 0.53020835 0.1475
14 0.39895833 0.12416667 0.42447916 0.13583334 0.44010416 0.1475 0.446875 0.145 0.44791666 0.13083333 0.4515625 0.13416667 0.45208332 0.1475 0.44895834 0.15833333 0.45104167 0.17 0.409375 0.31333333 0.40625 0.32416666 0.40416667 0.22083333 0.40260416 0.17 0.39375 0.145 0.39479166 0.12916666
14 0.5385417 0.07416666 0.5385417 0.083333336 0.5375 0.09166667 0.53489584 0.08833333 0.51875 0.135 0.48697916 0.24916667 0.47135416 0.3175 0.46875 0.33666667 0.46770832 0.35583332 0.4671875 0.37916666 0.46354166 0.39666668 0.45729166 0.4025 0.45260417 0.40166667 0.41979167 0.37333333 0.40885416 0.37 0.40625 0.36416668 0.39114583 0.34916666 0.39479166 0.34 0.3984375 0.3325 0.40677083 0.3225 0.45885417 0.14 0.47760418 0.06666667 0.47604167 0.051666666 0.47395834 0.031666666 0.51875 0.060833335
14 0.71770835 0.17 0.728125 0.17333333 0.73802084 0.17333333 0.7427083 0.17916666 0.90052086 0.16333333 0.91979164 0.1425 0.9390625 0.14166667 0.9484375 0.24333334 0.9427083 0.24583334 0.92760414 0.25083333 0.91770834 0.24666667 0.90989584 0.2425 0.8921875 0.2425 0.7416667 0.25666666 0.73125 0.27166668 0.7239583 0.2725 0.72083336 0.2525 0.7171875 0.185
14 0.38125 0.4975 0.3703125 0.50666666 0.36354166 0.5158333 0.35729167 0.53583336 0.3296875 0.56583333 0.23489584 0.64666665 0.21302083 0.6666667 0.196875 0.665 0.1921875 0.66833335 0.2109375 0.7183333 0.21927084 0.74333334 0.21614583 0.75333333 0.22135417 0.76416665 0.22864583 0.7658333 0.23385416 0.7608333 0.23854166 0.7416667 0.33645833 0.64666665 0.3765625 0.6141667 0.39322916 0.61583334 0.40520832 0.6141667 0.41770834 0.5991667 0.403125 0.5566667 0.38489583 0.50083333
