4 0.5296875 0.0 0.5609375 0.16166666 0.5671875 0.17083333 0.57708335 0.17916666 0.59166664 0.18666667 0.609375 0.21416667 0.6197917 0.24916667 0.621875 0.27666667 0.6171875 0.30916667 0.6109375 0.32916668 0.59791666 0.35583332 0.5921875 0.36083335 0.57708335 0.3525 0.5651042 0.32416666 0.5578125 0.32166666 0.5546875 0.32333332 0.54895836 0.35833332 0.5442708 0.37833333 0.5307292 0.37083334 0.5104167 0.35333332 0.5 0.3275 0.49166667 0.30333334 0.49114582 0.27333334 0.49479166 0.23833333 0.5109375 0.195 0.5109375 0.17666666 0.47864583 0.018333333 0.4796875 0.0075 0.4859375 0.0
2 0.68385416 0.0 0.621875 0.24666667 0.6145833 0.22666667 0.609375 0.21083333 0.5921875 0.18333334 0.57447916 0.17416666 0.5630208 0.16416667 0.55625 0.13 0.5317708 0.0
2 0.47864583 0.029166667 0.5052083 0.15916666 0.50989586 0.1775 0.5104167 0.18666667 0.5083333 0.19916667 0.496875 0.22833334 0.49322918 0.24083333 0.490625 0.26333332 0.490625 0.28083333 0.440625 0.25 0.42916667 0.23833333 0.440625 0.19 0.446875 0.19333333 0.459375 0.12416667 0.4640625 0.08916666 0.4765625 0.038333334
1 0.52135414 0.48416665 0.54114586 0.475 0.56145835 0.48916668 0.6145833 0.5283333 0.6645833 0.56416667 0.67864585 0.5758333 0.68541664 0.6025 0.6921875 0.6116667 0.70104164 0.59833336 0.73072916 0.5125 0.7453125 0.4625 0.74895835 0.44583333 0.74114585 0.43833333 0.72864586 0.4425 0.70520836 0.43583333 0.6765625 0.42333335 0.6109375 0.38083333 0.575 0.35333332 0.56666666 0.33333334 0.5630208 0.32333332 0.55625 0.32 0.553125 0.3425 0.5484375 0.36916667 0.54270834 0.385 0.534375 0.41583332 0.5265625 0.45083332 0.5203125 0.46833333 0.5161458 0.47833332
6 0.475 0.30666667 0.44427082 0.39416668 0.43020833 0.43 0.42135417 0.44166666 0.440625 0.4675 0.49270833 0.54083335 0.52708334 0.59833336 0.53125 0.6016667 0.5463542 0.57 0.5765625 0.50333333 0.54114586 0.47833332 0.52239585 0.4875 0.5140625 0.48166665 0.5265625 0.44583333 0.5364583 0.40083334 0.540625 0.38166666 0.5140625 0.36166668 0.5083333 0.3525 0.4984375 0.32583332 0.4828125 0.31 0.47916666 0.30666667
8 0.1109375 0.1925 0.2109375 0.21 0.22447917 0.21583334 0.23645833 0.225 0.240625 0.23833333 0.23697917 0.27333334 0.22916667 0.35 0.225 0.38833332 0.22395833 0.465 0.2203125 0.52916664 0.2171875 0.55833334 0.2140625 0.57166666 0.20104167 0.5783333 0.15989584 0.5675 0.14791666 0.5075 0.13020833 0.4275 0.122395836 0.39416668 0.114583336 0.39833334 0.084895834 0.4075 0.0890625 0.36 0.08802083 0.3075 0.09010417 0.285 0.09583333 0.27 0.09583333 0.22833334 0.09583333 0.21166667 0.102604166 0.2 0.1046875 0.19583334
12 0.028125 0.43583333 0.0484375 0.52666664 0.06979167 0.61583334 0.077083334 0.65833336 0.09427083 0.7083333 0.10885417 0.77916664 0.11666667 0.82166666 0.1390625 0.8025 0.16614583 0.785 0.19114584 0.7825 0.2046875 0.785 0.19895834 0.75333333 0.18697916 0.6775 0.17447917 0.64416665 0.15625 0.55833334 0.13125 0.43333334 0.121875 0.3975 0.09427083 0.40833333 0.07604167 0.41166666 0.0328125 0.43416667
3 0.36510417 0.6275 0.340625 0.715 0.33177084 0.7525 0.33177084 0.77416664 0.33229166 0.81333333 0.32395834 0.8233333 0.31302083 0.8275 0.28645834 0.8275 0.246875 0.8225 0.23072916 0.81333333 0.21041666 0.8016667 0.1921875 0.795 0.18177083 0.78583336 0.19895834 0.7875 0.20625 0.78833336 0.2015625 0.765 0.19635417 0.7266667 0.19166666 0.695 0.19375 0.67083335 0.19375 0.64666665 0.19791667 0.615 0.20104167 0.58666664 0.20677084 0.57916665 0.24583334 0.5925 0.32239583 0.61333334 0.35260418 0.62083334 0.3578125 0.62083334
13 0.36822918 0.5183333 0.45104167 0.5441667 0.49479166 0.56166667 0.50885415 0.5733333 0.4984375 0.6333333 0.45677084 0.8691667 0.45208332 0.9008333 0.44010416 0.9033333 0.35260418 0.8675 0.31875 0.84583336 0.3203125 0.8258333 0.33177084 0.8175 0.334375 0.80833334 0.33229166 0.75416666 0.36041668 0.64666665 0.36666667 0.625 0.3609375 0.61833334 0.34635416 0.615 0.35052082 0.57416666 0.3578125 0.53 0.36197916 0.52
18 0.5651042 0.5308333 0.5859375 0.54 0.596875 0.54333335 0.60364586 0.55083334 0.6067708 0.5708333 0.603125 0.59 0.5859375 0.66333336 0.5796875 0.7008333 0.55885416 0.8208333 0.55 0.855 0.53697914 0.8666667 0.5229167 0.8641667 0.46979168 0.83666664 0.4640625 0.8358333 0.509375 0.5733333 0.5072917 0.5675 0.47083333 0.5475 0.46666667 0.5475 0.46979168 0.5208333 0.46979168 0.51166666 0.5 0.555 0.528125 0.6016667 0.5328125 0.6041667 0.56354165 0.535
9 0.61354166 0.325 0.65052086 0.32833335 0.69375 0.33333334 0.721875 0.345 0.72291666 0.375 0.72760415 0.38083333 0.7416667 0.43666667 0.728125 0.44083333 0.690625 0.42833334 0.66302085 0.41333333 0.6109375 0.37916666 0.6119792 0.35916665 0.6125 0.33583334
9 0.7484375 0.46 0.76875 0.5491667 0.7671875 0.6566667 0.76666665 0.68583333 0.76666665 0.7025 0.64635414 0.70166665 0.6255208 0.7 0.61302084 0.70416665 0.5953125 0.7075 0.6046875 0.6125 0.60625 0.56166667 0.60833335 0.52416664 0.6588542 0.565 0.67760414 0.575 0.6822917 0.6 0.6927083 0.6141667 0.7026042 0.59583336 0.7338542 0.50666666 0.74583334 0.4675
7 0.9734375 0.37666667 1.0 0.32416666 1.0 0.61333334 0.9875 0.5825 0.94635415 0.52666664 0.91822916 0.47416666 0.93125 0.45583335 0.9380208 0.45 0.94635415 0.425 0.9640625 0.39916667 0.97291666 0.3875
3 0.896875 0.66 0.93125 0.615 0.9682292 0.585 0.9791667 0.5941667 0.9765625 0.67333335 0.9791667 0.69166666 0.996875 0.68833333 1.0 0.70666665 1.0 0.76166666 0.98020834 0.7783333 0.92395836 0.79083335 0.865625 0.795 0.859375 0.78 0.859375 0.75333333 0.8546875 0.7108333 0.8546875 0.68083334 0.8666667 0.6675 0.87708336 0.6675 0.88645834 0.675 0.89479166 0.67083335
1 0.2640625 0.0 0.4359375 0.0 0.47447917 0.014166667 0.47916666 0.02 0.46197918 0.094166666 0.45572916 0.14083333 0.44895834 0.17333333 0.44635418 0.19166666 0.434375 0.1775 0.42291668 0.15416667 0.41510418 0.14166667 0.353125 0.1125 0.26510417 0.079166666 0.25052083 0.08083333 0.2578125 0.045 0.2625 0.016666668 0.2625 0.005
