9 0.61302084 0.43833333 0.65260416 0.4625 0.73333335 0.5175 0.7817708 0.54583335 0.78229165 0.5466667 0.7828125 0.55333334 0.78541666 0.5516667 0.7864583 0.5491667 0.8286458 0.57666665 0.81614584 0.61333334 0.7973958 0.65416664 0.79791665 0.66333336 0.8 0.67083335 0.7916667 0.72 0.7817708 0.8125 0.7390625 0.7866667 0.7390625 0.77916664 0.7359375 0.7825 0.7005208 0.75916666 0.68645835 0.7575 0.64635414 0.7416667 0.61927086 0.7291667 0.571875 0.71166664 0.55677086 0.70416665 0.57708335 0.5933333 0.58697915 0.54083335 0.609375 0.43833333
9 0.45572916 0.25416666 0.465625 0.33833334 0.4671875 0.4725 0.46666667 0.48166665 0.47135416 0.485 0.47083333 0.4875 0.46770832 0.48833334 0.4671875 0.53583336 0.47291666 0.54583335 0.5286458 0.5391667 0.5578125 0.5325 0.5890625 0.52916664 0.609375 0.43833333 0.61302084 0.43833333 0.6333333 0.45 0.6197917 0.33666667 0.6223958 0.30833334 0.621875 0.25333333 0.61822915 0.16916667 0.559375 0.18166667 0.53489584 0.18416667 0.49010417 0.18166667 0.45 0.18666667 0.453125 0.23833333
9 0.28333333 0.09 0.2734375 0.1675 0.2640625 0.27333334 0.26510417 0.27666667 0.278125 0.2775 0.2890625 0.2825 0.31666666 0.28666666 0.34479168 0.28666666 0.37447917 0.29083332 0.38541666 0.29166666 0.39791667 0.29833335 0.41979167 0.30333334 0.4640625 0.3325 0.45625 0.25416666 0.453125 0.23833333 0.44947916 0.18666667 0.49166667 0.18083334 0.50989586 0.18166667 0.5182292 0.075 0.51770836 0.07333333 0.48333332 0.06916667 0.48177084 0.07 0.48177084 0.075 0.47760418 0.075 0.47708333 0.06916667 0.4359375 0.06916667 0.40520832 0.061666667 0.39322916 0.061666667 0.37447917 0.043333333 0.34166667 0.025833333 0.29375 0.009166666 0.29270834 0.01
9 0.18177083 0.2375 0.22708334 0.15916666 0.2484375 0.12583333 0.284375 0.07666667 0.28489584 0.075833336 0.27864584 0.12166667 0.26666668 0.245 0.2640625 0.27666667 0.26458332 0.27833334 0.27916667 0.27833334 0.29322916 0.28166667 0.31666666 0.28666666 0.3453125 0.2875 0.38177082 0.29166666 0.384375 0.29166666 0.39635417 0.2975 0.41822916 0.30333334 0.45572916 0.3275 0.396875 0.40833333 0.390625 0.41416666 0.37395832 0.4375 0.3578125 0.4525 0.33541667 0.48 0.33020833 0.4725 0.296875 0.41166666 0.26666668 0.33333334 0.26145834 0.33083335 0.25416666 0.33416668 0.21458334 0.28 0.21666667 0.27416667 0.21458334 0.27166668 0.2109375 0.27666667
9 0.140625 0.27416667 0.184375 0.285 0.20885417 0.295 0.2359375 0.31 0.25364584 0.33416668 0.25729167 0.3325 0.25989583 0.33083335 0.265625 0.3325 0.28645834 0.385 0.29947916 0.41833332 0.33489582 0.48 0.35833332 0.4525 0.35989583 0.45083332 0.36354166 0.49 0.36354166 0.54083335 0.36302084 0.5775 0.36197916 0.58 0.32604167 0.5783333 0.29479167 0.57 0.2609375 0.5683333 0.228125 0.5625 0.1765625 0.56 0.14375 0.5566667 0.13541667 0.55 0.13802083 0.50666666 0.12708333 0.4125 0.1265625 0.39666668 0.13802083 0.2875
9 0.12760417 0.5775 0.16979167 0.60333335 0.171875 0.5991667 0.17291667 0.59833336 0.17395833 0.59833336 0.17447917 0.605 0.203125 0.62416667 0.22916667 0.64166665 0.3 0.68916667 0.32760417 0.7008333 0.3515625 0.7133333 0.35833332 0.6741667 0.3609375 0.6575 0.36458334 0.65 0.37447917 0.605 0.39791667 0.51166666 0.4046875 0.48083332 0.40520832 0.46 0.396875 0.45166665 0.37239584 0.43916667 0.35989583 0.45 0.36354166 0.49083334 0.36302084 0.5683333 0.36302084 0.57916665 0.36197916 0.5808333 0.32864583 0.57916665 0.30364582 0.5733333 0.25260416 0.5675 0.22760417 0.5625 0.18125 0.56083333 0.14479166 0.5575 0.1359375 0.5516667 0.13541667 0.5425 0.12708333 0.57416666
9 0.16197917 0.83916664 0.20520833 0.865 0.22135417 0.8775 0.240625 0.8983333 0.26458332 0.9058333 0.2828125 0.9175 0.296875 0.92333335 0.3390625 0.9433333 0.3390625 0.9458333 0.34010416 0.95 0.34166667 0.95166665 0.34479168 0.9458333 0.35885417 0.9525 0.38854167 0.97 0.37916666 1.0 0.11770833 1.0 0.15885417 0.8516667
9 0.20104167 0.63416666 0.18385416 0.7133333 0.1765625 0.74 0.15677084 0.84833336 0.15833333 0.85 0.16145833 0.83916664 0.16979167 0.8433333 0.21302083 0.87 0.22135417 0.875 0.2421875 0.89 0.28854167 0.91333336 0.32708332 0.93416667 0.346875 0.945 0.36666667 0.95666665 0.378125 0.9633333 0.38333333 0.92833334 0.38802084 0.8975 0.39635417 0.8833333 0.39947918 0.87166667 0.40364584 0.8466667 0.40677083 0.83166665 0.38541666 0.7058333 0.3796875 0.67583334 0.359375 0.66833335 0.3515625 0.7133333 0.31145832 0.69416666 0.3015625 0.69083333 0.2875 0.68083334 0.203125 0.625
9 0.40677083 0.5325 0.4171875 0.5283333 0.4265625 0.5233333 0.44322917 0.5208333 0.45520833 0.51666665 0.45833334 0.5275 0.4734375 0.5466667 0.48541668 0.56916666 0.5151042 0.61333334 0.5317708 0.6483333 0.54479164 0.665 0.54895836 0.67833334 0.55572915 0.7025 0.5671875 0.7475 0.57604164 0.78833336 0.58385414 0.81916666 0.528125 0.85833335 0.49583334 0.87416667 0.4921875 0.88 0.48958334 0.88166666 0.4796875 0.88416666 0.4484375 0.91083336 0.425 0.9275 0.40677083 0.83416665 0.40677083 0.83166665 0.4015625 0.8 0.39270833 0.75 0.384375 0.69916666 0.371875 0.6333333 0.3703125 0.625 0.38072917 0.58166665 0.39166668 0.5375
9 0.690625 0.27166668 0.746875 0.2525 0.75572914 0.25083333 0.76197916 0.25166667 0.82239586 0.23916666 0.85 0.23083334 0.85729164 0.26166666 0.86354166 0.29 0.8640625 0.32083333 0.8755208 0.38916665 0.8859375 0.45833334 0.90520835 0.57 0.85729164 0.5875 0.8546875 0.5875 0.82135415 0.5991667 0.828125 0.57666665 0.7859375 0.54833335 0.78541666 0.5516667 0.7828125 0.5525 0.7828125 0.5466667 0.75416666 0.5283333 0.73229164 0.51666665 0.7182292 0.43333334 0.69375 0.29
