14 0.46510416 0.16916667 0.45625 0.155 0.45677084 0.145 0.4484375 0.1425 0.44583333 0.1325 0.459375 0.12083333 0.51666665 0.096666664 0.51927084 0.108333334 0.5078125 0.123333335 0.5520833 0.34083334 0.51666665 0.32416666 0.50104165 0.30166668 0.49010417 0.28916666 0.47916666 0.23666666
14 0.54270834 0.1575 0.5286458 0.15583333 0.51927084 0.13 0.53802085 0.1075 0.5473958 0.095 0.5765625 0.0625 0.5859375 0.0775 0.5911458 0.11083333 0.62291664 0.17833333 0.58697915 0.18333334 0.565625 0.185 0.5734375 0.23 0.5515625 0.18083334 0.5463542 0.16333333
14 0.58697915 0.35833332 0.5776042 0.23583333 0.5734375 0.2275 0.56614584 0.185 0.61822915 0.17916666 0.640625 0.18166667 0.64166665 0.195 0.62916666 0.20583333 0.64166665 0.38083333 0.63645834 0.3875 0.6171875 0.37416667
14 0.6359375 0.205 0.6984375 0.33833334 0.7125 0.34166667 0.71770835 0.35416666 0.6927083 0.37166667 0.665625 0.38833332 0.6609375 0.38 0.653125 0.37666667 0.646875 0.375 0.6401042 0.36083335 0.6296875 0.205 0.63489586 0.20083334
14 0.7395833 0.2175 0.6614583 0.1025 0.6489583 0.095 0.634375 0.083333336 0.628125 0.071666665 0.6557292 0.029166667 0.68541664 0.005 0.69166666 0.009166666 0.69947916 0.036666665 0.7234375 0.071666665 0.8171875 0.20833333 0.8229167 0.21333334 0.8307292 0.22333333 0.8442708 0.22916667 0.84947914 0.23416667 0.803125 0.29583332 0.7953125 0.3025 0.79270834 0.29083332 0.7817708 0.27916667 0.75677085 0.245
14 0.65729165 0.50416666 0.7125 0.3675 0.71770835 0.355 0.7395833 0.2875 0.7427083 0.2625 0.7427083 0.25083333 0.75625 0.25166667 0.76927084 0.2625 0.78333336 0.28166667 0.79270834 0.29083332 0.7953125 0.3025 0.8041667 0.29416665 0.80572915 0.30583334 0.80260414 0.32083333 0.79270834 0.33 0.76354164 0.3975 0.7104167 0.545 0.6984375 0.5683333 0.696875 0.59833336 0.6859375 0.625 0.6484375 0.59583336 0.63958335 0.55916667 0.6328125 0.56333333 0.6359375 0.56916666 0.6322917 0.5775 0.6265625 0.57 0.62604165 0.56416667 0.634375 0.54333335 0.64739585 0.525 0.65520835 0.5108333
14 0.6890625 0.375 0.6791667 0.41166666 0.67395836 0.42916667 0.66979164 0.42333335 0.65833336 0.41583332 0.6557292 0.40333334 0.6635417 0.4 0.66979164 0.40416667 0.66770834 0.3925 0.6666667 0.38833332 0.68645835 0.37583333
14 0.55625 0.34333333 0.51666665 0.32416666 0.56354165 0.3925 0.6203125 0.47 0.63177085 0.47916666 0.6421875 0.48833334 0.63697916 0.47333333 0.6359375 0.46333334 0.64739585 0.4225 0.6510417 0.40916666 0.65520835 0.40166667 0.6635417 0.4 0.66979164 0.40333334 0.6666667 0.38833332 0.6609375 0.38 0.64947915 0.37666667 0.63958335 0.38333333 0.63645834 0.38833332 0.6177083 0.37333333 0.58489585 0.35833332
14 0.45208332 0.35083333 0.4421875 0.35083333 0.4375 0.34 0.44479167 0.315 0.45260417 0.28333333 0.4625 0.26666668 0.47291666 0.24916667 0.4765625 0.26916668 0.4875 0.28833333 0.49427083 0.295 0.50364584 0.305 0.5703125 0.4025 0.61822915 0.46833333 0.64166665 0.5175 0.6375 0.5208333 0.6322917 0.5158333 0.62708336 0.52 0.62395835 0.5325 0.6171875 0.5466667 0.6119792 0.54833335 0.609375 0.57166666 0.60520834 0.585 0.6010417 0.5683333 0.57395834 0.5275 0.5229167 0.455 0.46822917 0.37666667 0.45520833 0.3575
14 0.43177083 0.35666665 0.4375 0.34 0.4421875 0.35166666 0.45208332 0.35083333 0.4765625 0.39 0.43072918 0.36
14 0.45052084 0.47083333 0.4046875 0.4375 0.40208334 0.43666667 0.39947918 0.44583333 0.3921875 0.44166666 0.3953125 0.40833333 0.39739582 0.33583334 0.396875 0.32416666 0.4015625 0.325 0.4015625 0.33583334 0.40729168 0.34083334 0.41302082 0.35 0.43385416 0.3625 0.47760418 0.39083335 0.58385414 0.5425 0.5911458 0.55583334 0.5864583 0.55833334 0.58177084 0.555 0.5734375 0.5416667 0.5619792 0.5391667 0.55833334 0.5325 0.5484375 0.5275 0.5026042 0.50166667
14 0.34322917 0.32916668 0.3265625 0.39166668 0.31510416 0.42666668 0.328125 0.43083334 0.3328125 0.43666667 0.36458334 0.45333335 0.38333333 0.47 0.41197917 0.49 0.46197918 0.52916664 0.5109375 0.56583333 0.525 0.5833333 0.53489584 0.58916664 0.54791665 0.5883333 0.55052084 0.5625 0.5546875 0.5308333 0.53020835 0.5175 0.47552082 0.485 0.44583333 0.4675 0.40416667 0.43583333 0.40208334 0.4375 0.4 0.44583333 0.39270833 0.44083333 0.39583334 0.40833333 0.39635417 0.37333333 0.36770833 0.3475 0.3609375 0.33583334 0.35364583 0.33083335 0.34583333 0.32916668
14 0.34635416 0.31166667 0.36145833 0.29416665 0.3671875 0.27916667 0.36979166 0.26833335 0.36822918 0.255 0.38072917 0.26083332 0.4 0.27666667 0.40416667 0.26833335 0.42760417 0.30333334 0.43125 0.315 0.42395833 0.33333334 0.40625 0.34 0.40260416 0.33583334 0.40260416 0.325 0.396875 0.325 0.396875 0.3425 0.39635417 0.35666665 0.38958332 0.3675 0.36770833 0.3475 0.36145833 0.33833334 0.35416666 0.33 0.34322917 0.3275 0.32708332 0.38916665 0.31510416 0.4275 0.32708332 0.43166667 0.33333334 0.435 0.3421875 0.44083333 0.29166666 0.5258333 0.28541666 0.5425 0.2828125 0.5466667 0.284375 0.56416667 0.27864584 0.5733333 0.271875 0.5675 0.26510417 0.56083333 0.26666668 0.5516667 0.24010417 0.5158333 0.22552083 0.49416667 0.228125 0.48583335 0.2390625 0.48333332 0.246875 0.4725 0.34114584 0.32166666
14 0.46875 0.53833336 0.465625 0.5466667 0.44479167 0.5516667 0.32760417 0.62666667 0.27604166 0.6641667 0.27291667 0.6725 0.26510417 0.68083334 0.25520834 0.63916665 0.23541667 0.57666665 0.24114583 0.57166666 0.24322917 0.5775 0.26510417 0.5758333 0.27447918 0.57166666 0.278125 0.575 0.28541666 0.56416667 0.30364582 0.55333334 0.40416667 0.48416665 0.45833334 0.5275 0.46666667 0.53333336
14 0.6223958 0.5375 0.62135416 0.555 0.625 0.565 0.628125 0.5825 0.62604165 0.58916664 0.603125 0.5925 0.58125 0.60083336 0.57239586 0.58666664 0.5677083 0.5683333 0.5619792 0.56083333 0.559375 0.56166667 0.55677086 0.5525 0.57239586 0.5425 0.5807292 0.555 0.5864583 0.55916667 0.59166664 0.555 0.6010417 0.5683333 0.60520834 0.58416665 0.6088542 0.5725 0.6125 0.5475 0.61614585 0.5466667
14 0.5755208 0.69666666 0.46770832 0.73333335 0.46458334 0.735 0.46197918 0.75 0.45989582 0.75416666 0.45625 0.75083333 0.45520833 0.7025 0.4546875 0.67333335 0.446875 0.665 0.44010416 0.6575 0.43697917 0.64416665 0.45833334 0.64416665 0.5890625 0.5991667 0.60520834 0.59166664 0.6265625 0.59 0.63125 0.5783333 0.6359375 0.57 0.63385415 0.56416667 0.6401042 0.56 0.65 0.60333335 0.66770834 0.67083335 0.6625 0.67333335 0.65833336 0.67083335 0.6390625 0.6775 0.5921875 0.69083333
14 0.59375 0.6983333 0.59375 0.7316667 0.5885417 0.75083333 0.5755208 0.7841667 0.56927085 0.79 0.56458336 0.7841667 0.56458336 0.77166665 0.46458334 0.7366667 0.49375 0.725 0.5932292 0.69166666
14 0.45416668 0.73333335 0.4203125 0.715 0.40416667 0.7075 0.38229167 0.71666664 0.3609375 0.71416664 0.35625 0.7075 0.36302084 0.68416667 0.37239584 0.6141667 0.37447917 0.5966667 0.3828125 0.5966667 0.39322916 0.6 0.3984375 0.6141667 0.43177083 0.62916666 0.4578125 0.6433333 0.43697917 0.6433333 0.44010416 0.66 0.4546875 0.6741667 0.45520833 0.7341667
14 0.76770836 0.41666666 0.7671875 0.40416667 0.7609375 0.40666667 0.76666665 0.39416668 0.778125 0.39916667 0.8229167 0.4375 0.8276042 0.445 0.8140625 0.46166667 0.8072917 0.47416666 0.73333335 0.66833335 0.721875 0.69916666 0.72239584 0.7241667 0.71458334 0.74333334 0.7104167 0.7441667 0.65052086 0.69 0.65729165 0.6716667 0.6625 0.6716667 0.6671875 0.67083335 0.66614586 0.6616667 0.6859375 0.62583333 0.69895834 0.595 0.76458335 0.425
14 0.6432292 0.67583334 0.6640625 0.7941667 0.6734375 0.81416667 0.68125 0.8308333 0.6791667 0.8566667 0.6177083 0.88666666 0.61145836 0.85583335 0.6166667 0.82916665 0.5942708 0.70166665 0.5932292 0.69
14 0.75208336 0.63416666 0.75104165 0.62416667 0.75677085 0.60833335 0.796875 0.6383333 0.81145835 0.6591667 0.8109375 0.675 0.809375 0.6816667 0.7984375 0.69 0.7135417 0.94666666 0.7171875 0.95166665 0.7140625 0.96166664 0.715625 0.97583336 0.68854165 0.9558333 0.65520835 0.9316667 0.65052086 0.925 0.65260416 0.9025 0.66510415 0.89166665 0.6791667 0.8566667 0.7026042 0.7841667 0.74583334 0.6616667 0.75208336 0.6408333
14 0.42083332 0.8258333 0.409375 0.825 0.4015625 0.8258333 0.39427084 0.8275 0.39010417 0.8258333 0.39270833 0.8025 0.41770834 0.71666664 0.41770834 0.71416664 0.4296875 0.72 0.44166666 0.75 0.46614584 0.76166666 0.5828125 0.85083336 0.5984375 0.85083336 0.61145836 0.8525 0.61145836 0.86083335 0.6171875 0.885 0.58802086 0.9558333 0.5796875 0.955 0.5796875 0.94083333 0.49895832 0.8833333 0.49739584 0.8475 0.46510416 0.86 0.43385416 0.83666664
14 0.29166666 0.9558333 0.2859375 0.9575 0.28177083 0.96 0.27552083 0.94416666 0.27291667 0.9166667 0.26458332 0.9141667 0.26354167 0.8858333 0.27083334 0.88 0.284375 0.8825 0.29791668 0.87666667 0.40520832 0.8641667 0.46666667 0.86 0.49739584 0.84833336 0.49895832 0.8858333 0.50208336 0.9241667 0.49583334 0.9291667 0.4875 0.9316667 0.48020834 0.9291667 0.46197918 0.93666667 0.34375 0.9508333
14 0.24635416 0.8975 0.20729166 0.91 0.19947916 0.91583335 0.19010417 0.9191667 0.184375 0.8641667 0.17604166 0.81 0.18125 0.80916667 0.190625 0.8175 0.20208333 0.825 0.36614582 0.7683333 0.3703125 0.7625 0.3796875 0.74583334 0.39270833 0.74 0.40104166 0.7733333 0.3921875 0.8025 0.390625 0.825 0.39375 0.8275 0.4125 0.825 0.4171875 0.845 0.4015625 0.855 0.39583334 0.855 0.38854167 0.8525 0.3703125 0.8541667 0.3171875 0.87333333 0.29791668 0.87666667 0.28489584 0.8825 0.27083334 0.87833333 0.2640625 0.8858333 0.2625 0.8933333
14 0.6458333 0.4375 0.65 0.48833334 0.65520835 0.49333334 0.65625 0.5025 0.653125 0.515 0.64166665 0.5175 0.6203125 0.47 0.64270836 0.49 0.63645834 0.4725 0.6354167 0.4625 0.64427084 0.43333334
14 0.41302082 0.0 0.36875 0.15833333 0.35885417 0.19833334 0.35729167 0.20416667 0.34114584 0.21916667 0.33802083 0.22916667 0.3640625 0.25 0.4 0.275 0.40416667 0.26666668 0.40520832 0.245 0.4078125 0.2275 0.42135417 0.17333333 0.46458334 0.0225 0.47083333 0.0
