18 0.2015625 0.15916666 0.11875 0.15416667 0.1109375 0.16 0.106770836 0.16833334 0.106770836 0.18833333 0.10104167 0.34166667 0.10520833 0.3675 0.11302083 0.37916666 0.1953125 0.38583332 0.23697917 0.32166666 0.2421875 0.31833333 0.2453125 0.31916666 0.25208333 0.3225 0.26614583 0.34666666 0.27708334 0.36416668 0.29010418 0.38833332 0.30416667 0.38833332 0.3109375 0.38583332 0.31510416 0.38 0.31927082 0.37166667 0.32239583 0.36333334 0.32239583 0.275 0.3203125 0.24083333 0.321875 0.22166666 0.325 0.19916667 0.325 0.18583333 0.3203125 0.17416666 0.315625 0.16666667 0.30885416 0.16416667 0.2421875 0.1625 0.22760417 0.16166666
18 0.41354167 0.24833333 0.39427084 0.265 0.3796875 0.27833334 0.3421875 0.31166667 0.34010416 0.32083333 0.3375 0.33333334 0.34322917 0.35166666 0.3765625 0.43166667 0.38385418 0.4275 0.39010417 0.42666668 0.409375 0.43 0.421875 0.43833333 0.45885417 0.44 0.4765625 0.44083333 0.5104167 0.40583333 0.57916665 0.3325 0.5854167 0.325 0.58697915 0.315 0.58697915 0.3025 0.58229166 0.29083332 0.5552083 0.22583333 0.5203125 0.14 0.51145834 0.13666667 0.5046875 0.13666667 0.50104165 0.14 0.44895834 0.2 0.43125 0.22583333 0.42239583 0.23833333
18 0.5609375 0.090833336 0.52708334 0.06 0.521875 0.06 0.51354164 0.06333333 0.5083333 0.07 0.47239584 0.17416666 0.50416666 0.13666667 0.51197916 0.13666667 0.5203125 0.14 0.56614584 0.25083333 0.58697915 0.3025 0.5864583 0.31583333 0.5859375 0.32583332 0.56666666 0.34666666 0.62708336 0.40166667 0.63645834 0.40166667 0.64427084 0.39666668 0.64947915 0.38666666 0.6609375 0.35333332 0.65260416 0.25333333 0.65260416 0.24 0.65729165 0.22833334 0.66302085 0.2225 0.69947916 0.2175 0.6958333 0.20666666 0.6890625 0.195 0.6703125 0.17833333 0.61822915 0.14083333 0.5885417 0.12166667 0.5708333 0.104166664
18 0.7515625 0.20333333 0.69895834 0.2175 0.6635417 0.2225 0.65729165 0.22833334 0.65260416 0.24 0.65260416 0.25416666 0.6666667 0.42583334 0.6692708 0.4325 0.6723958 0.43583333 0.71666664 0.4275 0.7651042 0.40583333 0.81875 0.38333333 0.82604164 0.3825 0.83385414 0.3875 0.83958334 0.395 0.8421875 0.40583333 0.86875 0.39916667 0.87604165 0.38666666 0.87916666 0.37666667 0.8755208 0.32666665 0.87083334 0.25666666 0.86875 0.20083334 0.8645833 0.185 0.8578125 0.17833333 0.84947914 0.17916666 0.78020835 0.195
18 0.6640625 0.43833333 0.6479167 0.44416666 0.6421875 0.45083332 0.6380208 0.46166667 0.63645834 0.47333333 0.6375 0.48583335 0.6557292 0.6408333 0.659375 0.65 0.66302085 0.65 0.67291665 0.63416666 0.696875 0.5966667 0.7203125 0.55083334 0.72864586 0.5475 0.73541665 0.55 0.7484375 0.57 0.7828125 0.62333333 0.85364586 0.5966667 0.86302084 0.5825 0.8645833 0.56083333 0.8489583 0.4525 0.8421875 0.40583333 0.83958334 0.395 0.83385414 0.3875 0.82604164 0.3825 0.81875 0.38333333 0.78541666 0.3975 0.7625 0.40666667 0.7328125 0.42 0.71666664 0.4275 0.68541664 0.43333334 0.6692708 0.43666667
18 0.6557292 0.6591667 0.6041667 0.74083334 0.60520834 0.7675 0.60729164 0.7916667 0.60572916 0.805 0.60260415 0.81166667 0.59479165 0.82 0.65625 0.9091667 0.66875 0.93 0.67760414 0.9325 0.6848958 0.9291667 0.68958336 0.9225 0.7447917 0.8275 0.7583333 0.8 0.77760416 0.7708333 0.7875 0.745 0.80052084 0.7241667 0.8119792 0.70666665 0.81614584 0.69083333 0.81614584 0.6775 0.8109375 0.66583335 0.7817708 0.6225 0.7359375 0.55 0.72864586 0.5466667 0.7203125 0.55083334 0.6979167 0.595 0.6635417 0.64916664
18 0.5484375 0.6025 0.40104166 0.61333334 0.39114583 0.62166667 0.38385418 0.635 0.3828125 0.6533333 0.384375 0.67333335 0.38958332 0.68666667 0.38802084 0.70416665 0.3859375 0.7341667 0.39010417 0.8125 0.396875 0.83 0.40833333 0.8358333 0.42447916 0.83666664 0.45416668 0.83 0.48541668 0.8258333 0.5151042 0.8208333 0.559375 0.8208333 0.5911458 0.82 0.6010417 0.81333333 0.60572916 0.8016667 0.6067708 0.7891667 0.6041667 0.73833334 0.60260415 0.68583333 0.6041667 0.635 0.60260415 0.61583334 0.5921875 0.6016667 0.57916665 0.60083336
18 0.5520833 0.44416666 0.44635418 0.44 0.42135417 0.43833333 0.409375 0.43083334 0.39114583 0.42583334 0.3828125 0.42833334 0.375 0.43333334 0.36927083 0.445 0.36302084 0.5416667 0.359375 0.62333333 0.36302084 0.63666666 0.37083334 0.64666665 0.38229167 0.6508333 0.38385418 0.6358333 0.39166668 0.62166667 0.40208334 0.61333334 0.58229166 0.6 0.5854167 0.47416666 0.58177084 0.45333335 0.571875 0.44416666
18 0.21875 0.63416666 0.3640625 0.66333336 0.37864584 0.66833335 0.38385418 0.6725 0.39010417 0.68666667 0.38333333 0.7391667 0.38125 0.755 0.37864584 0.76666665 0.36875 0.77166665 0.37395832 0.7925 0.38072917 0.81583333 0.3828125 0.8433333 0.38020834 0.8575 0.37760416 0.8641667 0.36927083 0.8675 0.32916668 0.86833334 0.22916667 0.86 0.17239584 0.85333335 0.16302083 0.8383333 0.16302083 0.825 0.16302083 0.7891667 0.16979167 0.6458333 0.17552084 0.6333333 0.18177083 0.62916666 0.19427083 0.62916666
18 0.2375 0.32083333 0.21770833 0.35166666 0.165625 0.43 0.15572916 0.45083332 0.15364583 0.46333334 0.15572916 0.47916666 0.16302083 0.4975 0.20729166 0.5758333 0.24791667 0.63916665 0.32395834 0.6533333 0.33697918 0.6566667 0.359375 0.6191667 0.3640625 0.525 0.365625 0.51166666 0.34791666 0.49083334 0.34114584 0.47833332 0.33229166 0.45583335 0.3109375 0.42916667 0.27708334 0.36416668 0.2515625 0.3225 0.2453125 0.31916666 0.2421875 0.31916666
