6 0.31770834 1.0 0.28802082 0.925 0.26458332 0.87416667 0.26927084 0.86583334 0.284375 0.8525 0.30364582 0.8375 0.3453125 0.795 0.38489583 0.74833333 0.39479166 0.73833334 0.4234375 0.8041667 0.43125 0.82916665 0.45052084 0.8691667 0.4578125 0.89166665 0.44791666 0.90166664 0.42916667 0.91333336 0.38072917 0.9583333 0.35572916 0.985 0.34791666 0.995 0.34635416 1.0
6 0.703125 1.0 0.70416665 0.9975 0.7036458 0.99333334 0.7015625 0.99083334 0.7036458 0.98583335 0.703125 0.9825 0.70208335 0.98 0.70208335 0.9766667 0.7036458 0.9725 0.7015625 0.9683333 0.7026042 0.9625 0.7005208 0.9575 0.7026042 0.9533333 0.7026042 0.9483333 0.7015625 0.9475 0.7015625 0.9458333 0.7026042 0.94166666 0.7026042 0.93833333 0.70104164 0.93666667 0.7026042 0.93333334 0.70104164 0.92333335 0.7015625 0.9141667 0.68958336 0.9125 0.67604166 0.91333336 0.66510415 0.9166667 0.6354167 0.9291667 0.61822915 0.9291667 0.61510414 0.9291667 0.5963542 0.93083334 0.584375 1.0
6 0.77135414 1.0 0.7973958 0.97583336 0.81875 0.9608333 0.8286458 0.94666666 0.81927085 0.92833334 0.8015625 0.89 0.7895833 0.86833334 0.7796875 0.84583336 0.76458335 0.8125 0.7604167 0.80583334 0.75572914 0.8075 0.74427086 0.825 0.72864586 0.8466667 0.7135417 0.8675 0.6901042 0.895 0.6713542 0.9141667 0.678125 0.9125 0.6901042 0.9125 0.7015625 0.91333336 0.7015625 0.9241667 0.70208335 0.93333334 0.70104164 0.93666667 0.7026042 0.93833333 0.7026042 0.94166666 0.7015625 0.945 0.7015625 0.9475 0.7026042 0.9483333 0.7026042 0.9533333 0.7005208 0.95666665 0.7026042 0.9633333 0.7015625 0.9683333 0.7036458 0.9716667 0.70208335 0.9766667 0.70208335 0.98083335 0.703125 0.9825 0.7036458 0.98583335 0.7015625 0.99083334 0.7036458 0.99333334 0.70416665 0.9975 0.703125 1.0
6 0.99895835 0.62666667 0.9682292 0.60833335 0.9328125 0.56916666 0.92604166 0.56416667 0.9171875 0.5925 0.91041666 0.61 0.90625 0.62333333 0.90729165 0.6383333 0.9036458 0.6616667 0.9010417 0.68416667 0.8921875 0.7325 0.93333334 0.755 0.9671875 0.7725 1.0 0.7991667
6 0.8276042 0.70166665 0.8598958 0.6875 0.87135416 0.68083334 0.8755208 0.68083334 0.8854167 0.6741667 0.8890625 0.6691667 0.89479166 0.6625 0.9046875 0.65416664 0.9015625 0.6791667 0.9010417 0.68416667 0.8921875 0.7325 0.9234375 0.74916667 0.928125 0.755 0.9296875 0.76666665 0.946875 0.79583335 0.9583333 0.8183333 0.97239584 0.8466667 0.97239584 0.85583335 0.9583333 0.8616667 0.9421875 0.8775 0.91822916 0.8925 0.903125 0.9075 0.88854164 0.9191667 0.87708336 0.92833334 0.8734375 0.93 0.85625 0.865 0.8901042 0.83 0.9036458 0.81166667 0.88958335 0.79083335 0.884375 0.7816667 0.8776042 0.7733333 0.86875 0.7625 0.8510417 0.745 0.83020836 0.7125 0.825 0.7025
6 0.8 0.72 0.80625 0.70166665 0.81875 0.69166666 0.8229167 0.69666666 0.82708335 0.7075 0.8510417 0.74583334 0.86875 0.7625 0.884375 0.7825 0.9036458 0.81166667 0.8890625 0.8308333 0.8546875 0.86583334 0.8411458 0.8808333 0.8296875 0.895 0.82395834 0.90166664 0.81927085 0.9275 0.8052083 0.8975 0.7994792 0.8858333 0.7890625 0.8666667 0.76458335 0.8125 0.7604167 0.805 0.80677086 0.8 0.80677086 0.7783333 0.80364585 0.7633333 0.80052084 0.7316667
6 0.74114585 0.8066667 0.7234375 0.8308333 0.71302086 0.85 0.7192708 0.8591667 0.7421875 0.8283333 0.75572914 0.8075 0.7604167 0.805
6 0.5911458 0.77166665 0.6067708 0.7583333 0.6359375 0.7416667 0.6432292 0.7275 0.68177086 0.6675 0.69375 0.64666665 0.69635415 0.6475 0.696875 0.68583333 0.69739586 0.77666664 0.6947917 0.7816667 0.69635415 0.81083333 0.73229164 0.80916667 0.69114584 0.8591667 0.6703125 0.89166665 0.66614586 0.9025 0.653125 0.9191667 0.61927086 0.8441667 0.59010416 0.775
6 0.6921875 0.58166665 0.7161458 0.58 0.73125 0.5758333 0.7390625 0.5708333 0.75104165 0.56916666 0.775 0.56416667 0.79114586 0.56 0.7963542 0.56083333 0.7973958 0.57166666 0.796875 0.5975 0.796875 0.6691667 0.8 0.725 0.80364585 0.76416665 0.8072917 0.7775 0.80677086 0.8 0.7395833 0.8066667 0.73229164 0.80916667 0.69635415 0.81083333 0.6947917 0.7825 0.6979167 0.77666664 0.696875 0.6741667 0.69635415 0.6475 0.6927083 0.59583336 0.6901042 0.5883333 0.6901042 0.5833333
6 0.6723958 0.44 0.69322914 0.44166666 0.6984375 0.46833333 0.734375 0.44833332 0.74322915 0.44583333 0.75989586 0.44666666 0.77552086 0.44833332 0.778125 0.45166665 0.77916664 0.46666667 0.77135414 0.52416664 0.76979166 0.56416667 0.74895835 0.56916666 0.7390625 0.5708333 0.73072916 0.57666665 0.71510416 0.58 0.6921875 0.58166665 0.690625 0.5825 0.6901042 0.58916664 0.6927083 0.595 0.69635415 0.64666665 0.69427085 0.64666665 0.67083335 0.685 0.66979164 0.6591667 0.6770833 0.57666665 0.6744792 0.48916668 0.6713542 0.4525
6 0.6359375 0.26833335 0.6390625 0.26583335 0.6588542 0.2525 0.709375 0.21166667 0.72239584 0.19833334 0.7260417 0.20083334 0.7317708 0.21416667 0.73229164 0.24 0.74427086 0.27 0.75989586 0.3225 0.77239585 0.3525 0.7786458 0.365 0.78697914 0.38083333 0.79322916 0.4025 0.75885415 0.4275 0.7317708 0.44916666 0.69895834 0.46833333 0.69322914 0.44166666 0.675 0.36166668 0.6692708 0.33 0.665625 0.32916668 0.63958335 0.29416665 0.63697916 0.285 0.6333333 0.26916668
6 0.41510418 0.7175 0.41614583 0.7191667 0.4140625 0.72083336 0.41354167 0.72833335 0.415625 0.7316667 0.41145834 0.73583335 0.4140625 0.74083334 0.41145834 0.74666667 0.41302082 0.7525 0.4109375 0.7583333 0.41302082 0.76416665 0.4109375 0.76666665 0.40989584 0.7725 0.41822916 0.7925 0.42395833 0.795 0.42916667 0.7925 0.49270833 0.7966667 0.51875 0.80333334 0.5520833 0.81333333 0.55677086 0.8125 0.55885416 0.81333333 0.5598958 0.8066667 0.55885416 0.67833334 0.55885416 0.6325 0.5390625 0.63916665 0.5307292 0.6433333 0.52135414 0.64416665 0.52239585 0.6483333 0.52239585 0.6591667 0.52447915 0.66583335 0.52447915 0.67083335 0.5265625 0.6775 0.525 0.68083334 0.52760416 0.6933333 0.5265625 0.69666666 0.51458335 0.7008333 0.5083333 0.7025 0.4796875 0.7058333 0.46145833 0.70666665 0.41979167 0.715
6 0.365625 0.55333334 0.37916666 0.55083334 0.3953125 0.55583334 0.41354167 0.5625 0.42291668 0.56333333 0.43697917 0.5683333 0.45364583 0.55583334 0.490625 0.525 0.49791667 0.52166665 0.5015625 0.5233333 0.50364584 0.5275 0.50677085 0.54833335 0.50885415 0.55833334 0.5109375 0.565 0.5109375 0.57166666 0.51354164 0.5775 0.5125 0.5808333 0.5140625 0.5858333 0.5140625 0.59166664 0.515625 0.59833336 0.515625 0.60333335 0.5171875 0.6075 0.5171875 0.6125 0.51875 0.62 0.5182292 0.62583333 0.51979166 0.63 0.51979166 0.6375 0.521875 0.64416665 0.52239585 0.64916664 0.52239585 0.6575 0.52447915 0.6666667 0.5239583 0.67 0.5265625 0.6775 0.525 0.6816667 0.52760416 0.6925 0.5265625 0.6958333 0.515625 0.7008333 0.50364584 0.7033333 0.4765625 0.7058333 0.4609375 0.70666665 0.41979167 0.715 0.4078125 0.7183333 0.38958332 0.7275 0.37864584 0.72833335 0.378125 0.7225 0.378125 0.715 0.37760416 0.70916665 0.37708333 0.7033333 0.37604168 0.7008333 0.3765625 0.6975 0.37552083 0.68833333 0.37604168 0.685 0.37447917 0.67833334 0.37552083 0.675 0.37395832 0.6675 0.37447917 0.66333336 0.3734375 0.655 0.3734375 0.64916664 0.37239584 0.64416665 0.37291667 0.63916665 0.37135416 0.63416666 0.371875 0.63 0.37135416 0.62416667 0.3703125 0.6191667 0.36927083 0.6116667 0.3703125 0.60833335 0.36875 0.6025 0.36979166 0.5966667 0.36770833 0.5925 0.36822918 0.58416665 0.36666667 0.58166665 0.36822918 0.57666665 0.36614582 0.5708333 0.3671875 0.56666666 0.365625 0.5575
6 0.0421875 0.7891667 0.049479168 0.80083334 0.052604165 0.80583334 0.057291668 0.81166667 0.061979167 0.8175 0.063541666 0.82166666 0.065625 0.82166666 0.06666667 0.8275 0.07083333 0.8283333 0.07447917 0.835 0.07760417 0.8358333 0.078125 0.84166664 0.083333336 0.84583336 0.0828125 0.8491667 0.08645833 0.8516667 0.09010417 0.8575 0.0953125 0.86 0.09583333 0.865 0.0984375 0.865 0.102604166 0.87 0.10885417 0.87833333 0.12552084 0.9008333 0.13125 0.9058333 0.1359375 0.8983333 0.15989584 0.85 0.221875 0.7441667 0.24010417 0.7125 0.23958333 0.70916665 0.23541667 0.70666665 0.2328125 0.70166665 0.2296875 0.7008333 0.22760417 0.6958333 0.22447917 0.695 0.22083333 0.68833333 0.21875 0.6875 0.215625 0.6816667 0.21197917 0.68083334 0.209375 0.67583334 0.20520833 0.67333335 0.2046875 0.67 0.2015625 0.6675 0.19895834 0.66083336 0.1953125 0.6616667 0.19322917 0.6533333 0.18802084 0.65416664 0.18697916 0.6475 0.18333334 0.64666665 0.18125 0.64 0.17708333 0.6383333 0.175 0.6325 0.17291667 0.6325 0.16927083 0.6275 0.16614583 0.62666667 0.1625 0.62083334 0.15885417 0.6191667 0.15 0.6066667 0.14635417 0.60833335 0.1390625 0.62 0.11354167 0.69166666 0.10520833 0.7175 0.1015625 0.7266667 0.065625 0.75916666 0.05 0.7725
6 0.18020834 0.4075 0.1875 0.40166667 0.24583334 0.4025 0.24947916 0.4125 0.2609375 0.405 0.278125 0.39666668 0.28854167 0.44583333 0.29270834 0.46666667 0.296875 0.47166666 0.31145832 0.46166667 0.321875 0.455 0.32916668 0.44916666 0.334375 0.495 0.33385417 0.52416664 0.32135418 0.5341667 0.29479167 0.52666664 0.253125 0.5375 0.23958333 0.53583336 0.20729166 0.57416666 0.190625 0.5783333 0.18541667 0.5125 0.18020834 0.41333333
6 0.4015625 0.39083335 0.41979167 0.38833332 0.43177083 0.38833332 0.45260417 0.38333333 0.46770832 0.38333333 0.46770832 0.40583333 0.46666667 0.4125 0.46822917 0.41583332 0.4671875 0.4225 0.46770832 0.42833334 0.46614584 0.43666667 0.4671875 0.44333333 0.46666667 0.45 0.46770832 0.45583335 0.46614584 0.46 0.46822917 0.46666667 0.46666667 0.4725 0.46770832 0.4775 0.46614584 0.47916666 0.46875 0.48666668 0.465625 0.49 0.4671875 0.49666667 0.46510416 0.50166667 0.4671875 0.5075 0.465625 0.5125 0.46666667 0.51666665 0.46510416 0.52166665 0.46666667 0.5283333 0.46510416 0.535 0.465625 0.54083335 0.46510416 0.54583335 0.45208332 0.5566667 0.43541667 0.5516667 0.4125 0.5491667 0.38802084 0.545 0.37708333 0.55083334 0.36510417 0.5541667 0.3359375 0.56333333 0.32135418 0.56416667 0.32135418 0.5341667 0.33333334 0.52416664 0.33385417 0.49416667 0.3296875 0.44833332 0.35885417 0.42833334 0.39895833 0.39583334
6 0.25364584 0.24583334 0.24322917 0.25166667 0.23489584 0.25333333 0.234375 0.25666666 0.23802084 0.2725 0.26197916 0.33666667 0.2703125 0.365 0.278125 0.39666668 0.29010418 0.455 0.29270834 0.46666667 0.296875 0.47166666 0.3296875 0.44916666 0.33072916 0.4475 0.36979166 0.41916665 0.39947918 0.39666668 0.40104166 0.3925 0.39635417 0.37916666 0.3625 0.29166666 0.3515625 0.2625 0.34114584 0.20666666 0.34166667 0.19833334 0.33802083 0.18833333 0.32604167 0.195 0.3 0.21 0.2765625 0.225 0.26614583 0.23 0.265625 0.2325 0.26302084 0.23583333 0.26354167 0.23833333 0.25833333 0.24166666 0.25625 0.24583334
6 0.21302083 0.25583333 0.22552083 0.24833333 0.23125 0.2475 0.253125 0.24583334 0.24322917 0.25166667 0.23489584 0.25333333 0.234375 0.25583333 0.23541667 0.26166666 0.23697917 0.26916668 0.23854166 0.27416667 0.24947916 0.3025 0.26145834 0.335 0.2703125 0.365 0.278125 0.39583334 0.25 0.41166666 0.24583334 0.40333334 0.246875 0.3975 0.24375 0.38166666 0.2375 0.365 0.22604166 0.33416668 0.2109375 0.25833333
6 0.2109375 0.235 0.21458334 0.23416667 0.21770833 0.23916666 0.21927084 0.23916666 0.21510416 0.25333333 0.21302083 0.25583333 0.2109375 0.25833333 0.2109375 0.2625 0.1875 0.31833333 0.16614583 0.3775 0.13697916 0.45416668 0.11145833 0.42583334 0.0859375 0.3925 0.078125 0.38166666 0.07604167 0.375 0.07239583 0.3725 0.047395833 0.3675 0.040625 0.36666667 0.046875 0.3525 0.06458333 0.32 0.0828125 0.28333333 0.094791666 0.24 0.175 0.30666667 0.1859375 0.31583333 0.19270833 0.2975 0.20833333 0.24416667
6 0.16614583 0.035 0.1796875 0.043333333 0.20625 0.0725 0.21875 0.08416667 0.246875 0.105 0.2640625 0.115833335 0.2546875 0.1425 0.225 0.2075 0.21145834 0.23333333 0.20833333 0.245 0.19270833 0.29666665 0.1859375 0.31583333 0.1328125 0.27083334 0.0890625 0.235 0.086979166 0.23166667 0.09166667 0.21166667 0.09791667 0.20583333 0.1390625 0.1175 0.15 0.09833334 0.15104167 0.0875 0.15625 0.06583333 0.16041666 0.0475 0.16354166 0.04083333
6 0.34166667 0.20416667 0.359375 0.2 0.3609375 0.20333333 0.36041668 0.20833333 0.36302084 0.21333334 0.3625 0.21916667 0.365625 0.22666667 0.36458334 0.23083334 0.3671875 0.2375 0.36614582 0.24333334 0.36875 0.24666667 0.3671875 0.2525 0.37083334 0.25666666 0.36979166 0.26166666 0.37239584 0.26583335 0.37135416 0.2725 0.37291667 0.27916667 0.3734375 0.28333333 0.37447917 0.28833333 0.37552083 0.29166666 0.37760416 0.29666665 0.37708333 0.3025 0.37916666 0.30916667 0.378125 0.31333333 0.37916666 0.31916666 0.37916666 0.32416666 0.38072917 0.32916668 0.38229167 0.3375 0.38333333 0.34 0.38333333 0.34166667 0.38489583 0.34666666 0.384375 0.34833333 0.3578125 0.28 0.3515625 0.2625 0.34114584 0.2075
6 0.44322917 1.0 0.44791666 0.9025 0.45729166 0.8908333 0.45052084 0.8691667 0.45572916 0.8183333 0.459375 0.81916666 0.47239584 0.825 0.5385417 0.8516667 0.60052085 0.8675 0.60625 0.875 0.58958334 0.97 0.58489585 1.0
