21 0.68125 0.355 0.61145836 0.28083333 0.5541667 0.2175 0.5239583 0.18916667 0.52135414 0.17583333 0.52552086 0.16 0.53229165 0.14333333 0.5421875 0.14 0.5625 0.14166667 0.5671875 0.07666667 0.575 0.013333334 0.58125 0.004166667 0.58958334 0.0 0.665625 0.048333332 0.72239584 0.09583333 0.8125 0.1775 0.8666667 0.22416666 0.86927086 0.235 0.8697917 0.24916667 0.82447916 0.36583334 0.80677086 0.32666665 0.7984375 0.31833333 0.78697914 0.32083333 0.765625 0.34 0.75208336 0.35916665 0.74427086 0.37 0.72864586 0.36666667 0.7036458 0.3675 0.6927083 0.36583334
21 0.54322916 0.49166667 0.53489584 0.4 0.53541666 0.38416666 0.5416667 0.37416667 0.6197917 0.355 0.6458333 0.355 0.6614583 0.36583334 0.675 0.3725 0.69427085 0.36833334 0.72864586 0.3675 0.74375 0.36916667 0.72760415 0.40166667 0.71770835 0.4175 0.6958333 0.43166667 0.6828125 0.43916667 0.65625 0.47083333 0.64270836 0.47666666 0.63125 0.48 0.6197917 0.47166666 0.609375 0.4725 0.58125 0.48 0.55104166 0.49166667
21 0.696875 0.6691667 0.62604165 0.725 0.60260415 0.74666667 0.59479165 0.74833333 0.5833333 0.74583334 0.578125 0.7341667 0.55364585 0.62583333 0.5385417 0.5425 0.534375 0.5133333 0.5395833 0.50083333 0.54270834 0.49166667 0.553125 0.49 0.5885417 0.47833332 0.61927086 0.47 0.6333333 0.48166665 0.65520835 0.47166666 0.68333334 0.43916667 0.71875 0.4175 0.73072916 0.3975 0.74583334 0.3675 0.7661458 0.33916667 0.7859375 0.32083333 0.79791665 0.31833333 0.80885416 0.3275 0.8229167 0.36166668 0.84479165 0.42 0.84739584 0.43666667 0.8489583 0.46916667 0.8666667 0.52166665 0.8703125 0.5308333 0.8645833 0.5516667 0.83697915 0.56416667 0.8015625 0.575 0.77447915 0.575 0.759375 0.58 0.753125 0.5833333 0.7270833 0.6383333 0.70208335 0.6716667
21 0.834375 0.38583332 0.8442708 0.39083335 0.8484375 0.405 0.84739584 0.42083332 0.8453125 0.42083332 0.83229166 0.38583332
21 0.8510417 0.45916668 0.8671875 0.47416666 0.86510414 0.4825 0.853125 0.48083332 0.8484375 0.47 0.8484375 0.4575
21 0.75572914 0.59166664 0.7682292 0.62416667 0.7807292 0.67083335 0.7828125 0.6825 0.82916665 0.7625 0.9109375 0.91333336 0.9244792 0.9425 0.92604166 0.96166664 0.91822916 0.9716667 0.89947915 0.9725 0.8723958 0.97333336 0.86354166 0.9825 0.85833335 1.0 0.7760417 1.0 0.68541664 0.8275 0.6401042 0.7475 0.6380208 0.72333336 0.640625 0.7133333 0.65520835 0.72833335 0.6713542 0.7325 0.6875 0.7241667 0.69635415 0.70416665 0.70677084 0.665 0.7260417 0.64 0.7526042 0.5833333
21 0.64166665 0.7133333 0.6557292 0.72833335 0.67083335 0.7325 0.6875 0.7241667 0.69635415 0.70416665 0.70677084 0.665 0.70208335 0.6716667 0.69635415 0.66833335 0.64166665 0.7125
21 0.52708334 0.8491667 0.5208333 0.87416667 0.50208336 0.92333335 0.48333332 0.96166664 0.45729166 1.0 0.41302082 1.0 0.39635417 0.97333336 0.38125 0.95 0.36302084 0.9175 0.34270832 0.87166667 0.33697918 0.8541667 0.33645833 0.8375 0.34791666 0.82416666 0.39427084 0.7608333 0.4328125 0.72333336 0.459375 0.6983333 0.4765625 0.6875 0.48385417 0.6825 0.4921875 0.685 0.50208336 0.6791667 0.5130208 0.6741667 0.52135414 0.6666667 0.52760416 0.6458333 0.5296875 0.6333333 0.53541666 0.6275 0.54270834 0.62583333 0.55052084 0.63 0.5552083 0.63666666 0.55677086 0.6983333 0.559375 0.7366667 0.56927085 0.7916667 0.5807292 0.8283333 0.59270835 0.84583336 0.59583336 0.8566667 0.5932292 0.85833335 0.5609375 0.86 0.55104166 0.85833335 0.5317708 0.8491667
21 0.5286458 0.88 0.540625 0.89666665 0.546875 0.90416664 0.55677086 0.91083336 0.56875 0.9141667 0.58385414 0.9091667 0.59583336 0.9075 0.6140625 0.915 0.62291664 0.92333335 0.628125 0.935 0.63125 0.94916666 0.63854164 0.9533333 0.64270836 0.9508333 0.6458333 0.94 0.64270836 0.9241667 0.640625 0.8958333 0.6432292 0.855 0.646875 0.82916665 0.6489583 0.81166667 0.64166665 0.7625 0.63958335 0.745 0.6380208 0.72333336 0.6390625 0.71416664 0.60364586 0.74666667 0.5942708 0.7475 0.5828125 0.74583334 0.57708335 0.73333335 0.55625 0.6383333 0.5552083 0.63916665 0.55625 0.69916666 0.55885416 0.7366667 0.5697917 0.7925 0.5807292 0.82916665 0.59375 0.84583336 0.5963542 0.8566667 0.59270835 0.85833335 0.56041664 0.86083335 0.55104166 0.85833335 0.5317708 0.8491667 0.52708334 0.85083336 0.5265625 0.8666667 0.52708334 0.87666667
21 0.20052083 0.5233333 0.18333334 0.52916664 0.175 0.535 0.16979167 0.5325 0.16770834 0.51916665 0.17447917 0.4925 0.1890625 0.37333333 0.19114584 0.335 0.18854167 0.30583334 0.19114584 0.28333333 0.1921875 0.2225 0.19791667 0.08166666 0.19947916 0.055 0.2046875 0.048333332 0.2125 0.04083333 0.23958333 0.048333332 0.27083334 0.055833332 0.32083333 0.068333335 0.346875 0.08166666 0.35208333 0.09166667 0.353125 0.10666667 0.34166667 0.17666666 0.33645833 0.19666667 0.32708332 0.21333334 0.325 0.22583333 0.32760417 0.24166666 0.321875 0.26 0.3171875 0.27666667 0.32239583 0.3 0.325 0.32666665 0.31614584 0.44416666 0.309375 0.54833335 0.303125 0.56583333 0.29114583 0.56916666 0.2296875 0.54583335 0.21875 0.54 0.2125 0.5275
