14 0.16875 0.74083334 0.18802084 0.73 0.21770833 0.73 0.24322917 0.73 0.24114583 0.71 0.2359375 0.69416666 0.23385416 0.675 0.22916667 0.63416666 0.22708334 0.5175 0.228125 0.44916666 0.22916667 0.40333334 0.23385416 0.37666667 0.2375 0.36916667 0.23854166 0.36166668 0.20104167 0.36583334 0.18385416 0.36583334 0.17604166 0.36166668 0.16822916 0.36083335 0.165625 0.36083335 0.16822916 0.38916665 0.1703125 0.4175 0.16979167 0.44 0.1703125 0.46416667 0.171875 0.5391667 0.17291667 0.62583333 0.1734375 0.66333336 0.171875 0.69083333 0.16666667 0.7008333 0.16614583 0.7125 0.1671875 0.72
14 0.3078125 0.71 0.32604167 0.7558333 0.340625 0.8016667 0.34427083 0.8016667 0.37291667 0.775 0.4234375 0.7316667 0.49166667 0.6725 0.51666665 0.65166664 0.52239585 0.65166664 0.53125 0.65166664 0.540625 0.6425 0.54114586 0.63916665 0.5390625 0.62416667 0.52708334 0.5933333 0.51458335 0.57166666 0.5052083 0.5575 0.5015625 0.5416667 0.5005208 0.5416667 0.5 0.5475 0.49114582 0.57 0.48645833 0.5825 0.4796875 0.5825 0.45208332 0.60833335 0.36822918 0.68 0.34166667 0.7033333 0.3328125 0.71 0.32864583 0.71166664 0.32083333 0.7108333 0.315625 0.7058333
14 0.34427083 0.8908333 0.35833332 0.9716667 0.3640625 1.0 0.38177082 1.0 0.3859375 0.9875 0.39791667 0.97583336 0.44166666 0.96166664 0.50989586 0.93 0.5546875 0.9091667 0.5677083 0.9091667 0.58229166 0.91333336 0.5854167 0.91583335 0.5921875 0.90833336 0.6010417 0.9066667 0.6 0.88666666 0.59270835 0.8383333 0.58229166 0.7891667 0.56614584 0.7975 0.56145835 0.805 0.55625 0.81583333 0.54114586 0.82416666 0.46197918 0.85833335 0.39791667 0.8825 0.39010417 0.8833333 0.37604168 0.88166666 0.36979166 0.8833333 0.35989583 0.8825 0.35416666 0.88416666 0.34947917 0.8858333
14 0.5890625 0.7025 0.59375 0.7025 0.60572916 0.71416664 0.640625 0.785 0.678125 0.87833333 0.70520836 0.9375 0.70885414 0.94416666 0.70885414 0.9691667 0.71770835 1.0 0.72291666 1.0 0.74791664 0.9675 0.77239585 0.93083334 0.775 0.9241667 0.76875 0.905 0.75989586 0.8983333 0.74635416 0.89 0.73072916 0.8475 0.6953125 0.76166666 0.6557292 0.67 0.64947915 0.665 0.6479167 0.6308333 0.64427084 0.625 0.64166665 0.62416667 0.6177083 0.6558333 0.58489585 0.69166666 0.5859375 0.69666666
14 0.80833334 0.88916665 0.8098958 0.89916664 0.8234375 0.9116667 0.846875 0.93916667 0.8609375 0.965 0.86302084 0.9775 0.8744792 0.9425 0.8776042 0.91833335 0.90416664 0.86083335 0.9557292 0.735 0.9734375 0.68916667 0.9765625 0.68416667 0.96197915 0.66 0.95520836 0.6425 0.9447917 0.615 0.93645835 0.605 0.93125 0.60833335 0.92395836 0.62333333 0.9140625 0.66333336 0.8640625 0.7816667 0.82447916 0.87083334 0.8125 0.88416666
14 0.6328125 0.51416665 0.65 0.5391667 0.66614586 0.5525 0.6713542 0.56083333 0.74583334 0.6791667 0.7796875 0.735 0.7828125 0.745 0.79114586 0.7758333 0.7942708 0.7816667 0.82239586 0.7441667 0.8421875 0.70666665 0.8453125 0.69666666 0.8453125 0.69083333 0.83125 0.68416667 0.7953125 0.62583333 0.70520836 0.47 0.70208335 0.455 0.6880208 0.43083334 0.64635414 0.4925
14 0.39322916 0.36583334 0.40416667 0.38583332 0.4203125 0.39666668 0.43125 0.3975 0.46614584 0.4475 0.5364583 0.5425 0.559375 0.57666665 0.57239586 0.60333335 0.5864583 0.62416667 0.6041667 0.5858333 0.62604165 0.54083335 0.63072914 0.5316667 0.6197917 0.50916666 0.61145836 0.50916666 0.60729164 0.5083333 0.5515625 0.43833333 0.47083333 0.33416668 0.46041667 0.31666666 0.45677084 0.29416665 0.4421875 0.27666667 0.43802083 0.27666667 0.40572917 0.33916667
14 0.24010417 0.29083332 0.25 0.3075 0.25052083 0.31416667 0.25833333 0.31833333 0.2671875 0.33 0.27239582 0.33166668 0.3 0.405 0.34739584 0.52166665 0.36302084 0.5575 0.36666667 0.5775 0.36770833 0.58416665 0.36458334 0.58916664 0.3703125 0.60083336 0.37239584 0.60083336 0.38072917 0.58666664 0.41145834 0.54833335 0.41354167 0.5475 0.41979167 0.55 0.428125 0.53583336 0.4296875 0.5308333 0.42604166 0.5233333 0.41354167 0.5183333 0.40520832 0.50333333 0.36666667 0.40333334 0.321875 0.29333332 0.31770834 0.28666666 0.3140625 0.265 0.30885416 0.24416667 0.29947916 0.2275 0.29635417 0.225 0.26614583 0.26083332 0.24427083 0.28583333
14 0.4375 0.20833333 0.4484375 0.21666667 0.45572916 0.22 0.46822917 0.21583334 0.4765625 0.21833333 0.5286458 0.26833335 0.5765625 0.31 0.61822915 0.34416667 0.628125 0.35333332 0.63125 0.37416667 0.6354167 0.38 0.6536458 0.3225 0.66979164 0.27833334 0.671875 0.27083334 0.65989584 0.27083334 0.65052086 0.2675 0.6088542 0.23166667 0.5520833 0.18166667 0.49479166 0.13416667 0.48645833 0.11833333 0.47864583 0.10583334 0.4734375 0.100833334 0.46979168 0.100833334 0.46145833 0.12 0.44375 0.17583333 0.4375 0.2025
14 0.7005208 0.30583334 0.7046875 0.3125 0.7078125 0.32666665 0.71666664 0.33 0.73229164 0.34333333 0.7390625 0.3525 0.78125 0.41833332 0.8171875 0.48416665 0.8453125 0.5366667 0.84791666 0.55 0.84791666 0.56333333 0.85 0.57416666 0.85364586 0.5725 0.8755208 0.5366667 0.89166665 0.5125 0.9010417 0.49583334 0.90260416 0.48833334 0.89947915 0.48583335 0.8953125 0.48583335 0.87135416 0.455 0.8255208 0.37666667 0.77708334 0.28916666 0.76979166 0.26333332 0.7625 0.24916667 0.75 0.2275 0.7473958 0.22666667 0.709375 0.28666666 0.70104164 0.30416667
14 0.7515625 0.23 0.7552083 0.22916667 0.78489584 0.24833333 0.83177084 0.29083332 0.91041666 0.36666667 0.9223958 0.37583333 0.92864585 0.39916667 0.93385416 0.4 0.95520836 0.33833334 0.96458334 0.3275 0.9713542 0.32666665 0.96770835 0.31166667 0.95625 0.29666665 0.8703125 0.21916667 0.8098958 0.16333333 0.8 0.14416666 0.79895836 0.13833334 0.80104166 0.13166666 0.79375 0.13416667 0.76875 0.19 0.75104165 0.2225 0.7494792 0.22583333 0.75104165 0.22833334
14 0.045833334 0.5975 0.077083334 0.62916666 0.08958333 0.63916665 0.09791667 0.63916665 0.102604166 0.62666667 0.096354164 0.57166666 0.1078125 0.49666667 0.1265625 0.35083333 0.13125 0.3125 0.13697916 0.28666666 0.13489583 0.28416666 0.1296875 0.28416666 0.1203125 0.28833333 0.096875 0.2725 0.08385417 0.2625 0.08020833 0.24166666 0.08020833 0.235 0.07447917 0.23833333 0.06822917 0.25666666 0.067708336 0.28583333 0.067708336 0.3325 0.065104164 0.34 0.054166667 0.4475 0.040104166 0.55 0.039583333 0.57916665 0.039583333 0.5858333
