14 0.446875 0.68416667 0.46354166 0.6875 0.5046875 0.69666666 0.5015625 0.77416664 0.50208336 0.81416667 0.50677085 0.82666665 0.50885415 0.8375 0.5078125 0.8491667 0.50208336 0.845 0.49479166 0.8433333 0.49791667 0.8183333 0.496875 0.765 0.48802084 0.77166665 0.44427082 0.7733333 0.4453125 0.68666667
14 0.35729167 0.5725 0.43645832 0.5883333 0.49010417 0.59166664 0.5125 0.5925 0.5296875 0.58666664 0.54895836 0.59 0.5416667 0.64166665 0.5385417 0.6766667 0.5359375 0.7158333 0.51979166 0.71166664 0.5125 0.6983333 0.4984375 0.69416666 0.446875 0.685 0.40260416 0.67 0.38541666 0.665 0.3421875 0.66083336 0.32395834 0.6558333 0.3203125 0.6616667 0.30885416 0.6675 0.30572918 0.6533333 0.30520833 0.6433333 0.309375 0.62583333 0.31041667 0.6075 0.31614584 0.5775 0.31979167 0.56333333 0.33177084 0.55833334 0.334375 0.56333333 0.3390625 0.56916666 0.35364583 0.57
14 0.45052084 0.5541667 0.478125 0.565 0.49583334 0.5725 0.503125 0.575 0.503125 0.59166664 0.44947916 0.58916664 0.45 0.55916667
14 0.2734375 0.5108333 0.25625 0.5833333 0.2453125 0.60833335 0.23958333 0.62333333 0.23645833 0.65416664 0.24739583 0.6533333 0.265625 0.6625 0.28489584 0.6741667 0.3046875 0.68083334 0.3078125 0.665 0.30572918 0.65416664 0.30520833 0.6433333 0.309375 0.62666667 0.31041667 0.6066667 0.315625 0.57916665 0.31927082 0.5625 0.32916668 0.5125 0.31927082 0.5075 0.29791668 0.515 0.2921875 0.5158333 0.27395833 0.51
14 0.2921875 0.3875 0.31145832 0.39333335 0.32447916 0.40666667 0.35208333 0.42 0.43333334 0.4525 0.496875 0.47916666 0.5072917 0.475 0.5307292 0.47083333 0.534375 0.47333333 0.53020835 0.5233333 0.5265625 0.5466667 0.521875 0.56 0.5203125 0.58166665 0.5130208 0.59166664 0.50364584 0.5925 0.5026042 0.5758333 0.46822917 0.56 0.44947916 0.5541667 0.39895833 0.5341667 0.35833332 0.5233333 0.328125 0.5125 0.31927082 0.5075 0.29166666 0.51666665 0.27291667 0.50916666 0.28229168 0.46416667 0.28854167 0.40083334 0.290625 0.38666666
14 0.45625 0.45666668 0.48125 0.46 0.4953125 0.46166667 0.5005208 0.4625 0.5046875 0.47583333 0.496875 0.47916666 0.45208332 0.46 0.45208332 0.4575
14 0.3078125 0.35083333 0.3125 0.31916666 0.31614584 0.31 0.325 0.30833334 0.346875 0.32083333 0.3734375 0.335 0.3828125 0.3375 0.3796875 0.34583333 0.37395832 0.35 0.36770833 0.36416668 0.36302084 0.37333333 0.353125 0.42083332 0.32447916 0.40666667 0.31145832 0.39333335 0.29791668 0.38833332 0.30677083 0.3525
14 0.37291667 0.21 0.42552084 0.20333333 0.44166666 0.2025 0.44479167 0.22666667 0.44114584 0.26 0.4375 0.27083334 0.44010416 0.34916666 0.44114584 0.45583335 0.3828125 0.4325 0.38229167 0.335 0.38229167 0.28416666 0.38385418 0.27416667 0.378125 0.24583334 0.371875 0.23916666 0.37135416 0.21
14 0.4421875 0.35 0.45833334 0.33 0.47760418 0.31083333 0.48177084 0.31 0.49583334 0.31583333 0.5083333 0.33166668 0.5364583 0.39333335 0.57135415 0.46583334 0.5541667 0.505 0.5359375 0.5083333 0.5317708 0.51 0.534375 0.47333333 0.53020835 0.47083333 0.5078125 0.475 0.5046875 0.47583333 0.5005208 0.4625 0.48489583 0.42833334 0.46197918 0.38 0.46145833 0.36916667 0.440625 0.35583332 0.440625 0.3525
14 0.575 0.64166665 0.6067708 0.76916665 0.6166667 0.79833335 0.61145836 0.82666665 0.615625 0.8441667 0.63854164 0.8475 0.6515625 0.84 0.665625 0.82416666 0.67864585 0.8175 0.68541664 0.81083333 0.68125 0.7841667 0.6645833 0.75666666 0.634375 0.6225 0.615625 0.545 0.6145833 0.51666665 0.61302084 0.48916668 0.60729164 0.45916668 0.5942708 0.47083333 0.5734375 0.49083334 0.55364585 0.50416666 0.53541666 0.5083333 0.53541666 0.5225 0.53802085 0.54 0.55260414 0.5475 0.559375 0.57416666 0.5703125 0.62 0.57395834 0.6333333
14 0.64739585 0.5883333 0.703125 0.6575 0.728125 0.68333334 0.7296875 0.7083333 0.740625 0.69666666 0.7640625 0.6525 0.7739583 0.6325 0.77916664 0.61333334 0.7739583 0.6041667 0.76666665 0.62083334 0.74791664 0.6041667 0.70729166 0.55916667 0.6692708 0.5125 0.6421875 0.48166665 0.6359375 0.47416666 0.62916666 0.44666666 0.5984375 0.40916666 0.57135415 0.46583334 0.5541667 0.50416666 0.575 0.48916668 0.60729164 0.45833334 0.61302084 0.48916668 0.615625 0.5466667 0.64479166 0.58666664
14 0.5385417 0.37833333 0.58177084 0.4425 0.5984375 0.40916666 0.62864584 0.44666666 0.6359375 0.47416666 0.6734375 0.5175 0.6848958 0.495 0.6901042 0.48333332 0.68125 0.46333334 0.66041666 0.4525 0.5786458 0.31583333 0.54322916 0.25583333 0.5390625 0.23916666 0.53489584 0.21833333 0.5 0.27083334 0.48958334 0.29 0.4921875 0.31333333 0.49635416 0.31583333 0.5083333 0.33166668 0.5359375 0.37416667
14 0.5234375 0.16166666 0.5911458 0.21666667 0.65052086 0.25916666 0.6671875 0.27583334 0.6770833 0.27416667 0.68333334 0.275 0.653125 0.36666667 0.64947915 0.385 0.64375 0.38083333 0.64270836 0.36166668 0.61041665 0.335 0.5630208 0.28916666 0.54322916 0.25666666 0.5385417 0.23583333 0.53489584 0.21833333 0.51666665 0.245 0.48333332 0.22083333 0.46354166 0.22583333 0.446875 0.2125 0.46510416 0.15 0.47864583 0.11333334 0.48802084 0.10916667 0.49479166 0.12416667 0.5072917 0.145 0.5203125 0.15916666
14 0.33802083 0.8675 0.39895833 0.8691667 0.48697916 0.8625 0.49479166 0.8575 0.51145834 0.8516667 0.50208336 0.845 0.49479166 0.8433333 0.49791667 0.81916666 0.49635416 0.765 0.48854166 0.77166665 0.36354166 0.77666664 0.31822917 0.7775 0.30625 0.77666664 0.30677083 0.7675 0.2890625 0.77 0.28958333 0.7941667 0.3 0.8466667 0.30520833 0.88916665 0.31302083 0.8833333 0.31875 0.87583333 0.31822917 0.86833334 0.33541667 0.8666667
