14 0.465625 0.9508333 0.48020834 0.9066667 0.48958334 0.89166665 0.49322918 0.885 0.4796875 0.8575 0.49479166 0.8591667 0.50677085 0.8591667 0.52239585 0.88 0.5364583 0.88416666 0.53802085 0.9125 0.5833333 0.92 0.6010417 0.9316667 0.64375 0.96166664 0.65833336 0.97 0.6713542 0.9558333 0.6765625 0.9633333 0.66770834 1.0 0.628125 1.0 0.55833334 1.0 0.48177084 0.94 0.47447917 0.94083333 0.471875 0.9533333
14 0.115625 0.8233333 0.14427084 0.8358333 0.246875 0.9716667 0.26197916 1.0 0.31875 1.0 0.34479168 0.96416664 0.32708332 0.945 0.31041667 0.9375 0.30729166 0.93666667 0.29270834 0.9216667 0.2203125 0.81583333 0.18958333 0.7775 0.18333334 0.77166665 0.18333334 0.7416667 0.171875 0.73 0.13072917 0.78833336 0.114583336 0.81583333
14 0.14375 0.63416666 0.21666667 0.6616667 0.2296875 0.6666667 0.23333333 0.6725 0.240625 0.69 0.25208333 0.69666666 0.253125 0.7025 0.25364584 0.7133333 0.253125 0.7375 0.25104168 0.7525 0.24895833 0.7675 0.24635416 0.77666664 0.22760417 0.75916666 0.22604166 0.75416666 0.22395833 0.74666667 0.21875 0.74666667 0.1765625 0.7325 0.1734375 0.73 0.16927083 0.73 0.111979164 0.7108333 0.122395836 0.68 0.14166667 0.635
14 0.14895834 0.61833334 0.225 0.66333336 0.23072916 0.665 0.23385416 0.6716667 0.24010417 0.68916667 0.25677082 0.69916666 0.25989583 0.6975 0.28645834 0.595 0.26927084 0.5775 0.26614583 0.5783333 0.25416666 0.58666664 0.25104168 0.5875 0.23020834 0.5733333 0.18229167 0.54833335 0.17447917 0.55083334 0.16145833 0.57916665 0.1484375 0.6125
14 0.041666668 0.7008333 0.028125 0.70416665 0.024479168 0.70416665 0.023958333 0.69 0.033854168 0.605 0.036979165 0.58 0.0453125 0.58416665 0.051041666 0.59 0.050520834 0.5925 0.0703125 0.61083335 0.07864583 0.6125 0.043229166 0.6983333
14 0.03125 0.57 0.044270832 0.575 0.049479168 0.575 0.05625 0.5733333 0.077083334 0.5808333 0.08958333 0.5875 0.12135417 0.51 0.11145833 0.51 0.08385417 0.49583334 0.07864583 0.4925 0.072916664 0.46916667 0.071875 0.4725 0.060416665 0.46666667 0.0484375 0.49666667 0.038541667 0.5341667 0.03125 0.56166667
14 0.13645834 0.4475 0.12760417 0.46916667 0.13333334 0.485 0.13020833 0.49 0.12447917 0.5025 0.1203125 0.515 0.0671875 0.6408333 0.039583333 0.70666665 0.023958333 0.74083334 0.0125 0.74916667 0.0 0.7658333 0.0 0.7875 0.0067708334 0.78833336 0.0265625 0.79583335 0.065625 0.83166665 0.069270834 0.83666664 0.075 0.8258333 0.0765625 0.81666666 0.08645833 0.7783333 0.08802083 0.7658333 0.09166667 0.75916666 0.098958336 0.7366667 0.11666667 0.69416666 0.14166667 0.6358333 0.1453125 0.6275 0.1484375 0.6166667 0.14791666 0.6125 0.1671875 0.56416667 0.17395833 0.5516667 0.18489583 0.54583335 0.20104167 0.5225 0.20677084 0.49916667 0.178125 0.47833332 0.140625 0.4475 0.1390625 0.445
14 0.13541667 0.25916666 0.14114584 0.27333334 0.14479166 0.2775 0.1515625 0.27916667 0.15572916 0.28 0.20885417 0.4725 0.22395833 0.5208333 0.22760417 0.5491667 0.22447917 0.55916667 0.22708334 0.57166666 0.24010417 0.565 0.2640625 0.5475 0.27604166 0.5416667 0.29791668 0.52166665 0.29010418 0.5075 0.28177083 0.50666666 0.2765625 0.5025 0.2046875 0.25333333 0.20364584 0.23166667 0.2 0.22583333 0.18697916 0.225 0.17864583 0.23083334 0.17604166 0.23333333 0.13645834 0.25583333
14 0.2390625 0.14916667 0.24270834 0.17083333 0.25416666 0.1925 0.25572917 0.19416666 0.26927084 0.29333332 0.29114583 0.44833332 0.29583332 0.45916668 0.28802082 0.465 0.2796875 0.45416668 0.28072917 0.46166667 0.28333333 0.46833333 0.2921875 0.47583333 0.31927082 0.47583333 0.35677084 0.47416666 0.35989583 0.46833333 0.35052082 0.46 0.34895834 0.44 0.34114584 0.425 0.3109375 0.2 0.30833334 0.17 0.31197917 0.15583333 0.31354168 0.14166667 0.3125 0.12583333 0.28958333 0.13333334 0.2609375 0.1475 0.23802084 0.14833333
14 0.478125 0.19583334 0.47239584 0.20416667 0.46927083 0.23583333 0.45885417 0.27 0.39583334 0.46666667 0.39114583 0.4775 0.38020834 0.47666666 0.38489583 0.49083334 0.41041666 0.5308333 0.41614583 0.5466667 0.42395833 0.55083334 0.43020833 0.5516667 0.43802083 0.5566667 0.43854168 0.545 0.43697917 0.53833336 0.44010416 0.52916664 0.446875 0.50083333 0.45052084 0.48083332 0.453125 0.47666666 0.4921875 0.35333332 0.5208333 0.25916666 0.521875 0.2525 0.5229167 0.23833333 0.51979166 0.23916666 0.5104167 0.255 0.5083333 0.255 0.49947917 0.2425 0.49479166 0.22583333 0.47916666 0.19666667
14 0.57447916 0.22083333 0.5671875 0.2325 0.56145835 0.23916666 0.5104167 0.37 0.47083333 0.45666668 0.46666667 0.46416667 0.4671875 0.47333333 0.4609375 0.47583333 0.4578125 0.47333333 0.45260417 0.4775 0.45260417 0.4825 0.4859375 0.54333335 0.4890625 0.55083334 0.49895832 0.5391667 0.5026042 0.5325 0.51145834 0.5133333 0.52708334 0.48333332 0.6109375 0.25333333 0.61510414 0.24333334 0.596875 0.23 0.58697915 0.22833334
14 0.5807292 0.65833336 0.5619792 0.6775 0.5578125 0.68333334 0.55260414 0.69 0.5286458 0.69666666 0.5463542 0.735 0.5625 0.7775 0.5640625 0.7708333 0.57916665 0.66583335
14 0.6578125 0.565 0.65416664 0.5775 0.65208334 0.5825 0.6458333 0.6041667 0.6401042 0.61833334 0.60364586 0.865 0.60052085 0.8833333 0.6098958 0.90166664 0.5833333 0.9166667 0.5755208 0.9191667 0.54114586 0.9125 0.5364583 0.90833336 0.540625 0.8775 0.5541667 0.865 0.5520833 0.8466667 0.5541667 0.8333333 0.5651042 0.7708333 0.58489585 0.62583333 0.590625 0.6 0.590625 0.5783333 0.58697915 0.56333333 0.58177084 0.565 0.5854167 0.54083335 0.5911458 0.5366667 0.65208334 0.55333334
14 0.6546875 0.5833333 0.671875 0.56583333 0.684375 0.5541667 0.6880208 0.5466667 0.69114584 0.54 0.690625 0.5341667 0.69322914 0.5258333 0.70104164 0.5175 0.70989585 0.53833336 0.72552085 0.5908333 0.7260417 0.6016667 0.7369792 0.58666664 0.73802084 0.60083336 0.73541665 0.6091667 0.721875 0.61083335 0.6255208 0.71416664 0.63958335 0.6166667 0.64947915 0.595
14 0.5473958 0.56333333 0.62864584 0.43833333 0.63697916 0.4275 0.6432292 0.42583334 0.646875 0.40916666 0.6692708 0.42916667 0.67604166 0.4325 0.68541664 0.46833333 0.6666667 0.49166667 0.6296875 0.5475 0.5921875 0.5366667 0.584375 0.5416667 0.5807292 0.565 0.5859375 0.565 0.59010416 0.58 0.5885417 0.59833336 0.5875 0.61 0.5796875 0.625 0.53802085 0.69166666 0.5286458 0.695 0.5265625 0.70666665 0.51458335 0.6975 0.496875 0.6666667 0.490625 0.6566667 0.50625 0.62416667 0.53697914 0.5825
14 0.55677086 0.40333334 0.56822914 0.41916665 0.584375 0.4375 0.5921875 0.44166666 0.596875 0.43916667 0.6041667 0.45416668 0.6 0.45916668 0.5890625 0.46666667 0.58385414 0.475 0.571875 0.49166667 0.5265625 0.59166664 0.50104165 0.635 0.49010417 0.6575 0.49322918 0.67 0.4859375 0.67833334 0.4859375 0.705 0.48333332 0.72583336 0.475 0.735 0.42552084 0.6483333 0.4328125 0.64666665 0.43854168 0.6475 0.44791666 0.6333333 0.46354166 0.6116667 0.48125 0.56166667 0.4875 0.55083334
14 0.30052084 0.56583333 0.31979167 0.585 0.43802083 0.8 0.43645832 0.80916667 0.45260417 0.7891667 0.46458334 0.775 0.471875 0.7608333 0.48177084 0.76 0.48958334 0.755 0.47447917 0.735 0.42760417 0.6533333 0.41458333 0.6325 0.3484375 0.51 0.32864583 0.49416667 0.33125 0.5083333 0.31927082 0.5283333 0.31354168 0.54333335
14 0.34114584 1.0 0.4296875 0.925 0.43697917 0.90833336 0.44427082 0.9066667 0.44791666 0.8983333 0.44583333 0.9225 0.46458334 0.965 0.47135416 0.9683333 0.48541668 0.9716667 0.48020834 0.99583334 0.46458334 1.0 0.34427083 1.0
