14 0.40364584 0.6358333 0.40729168 0.6483333 0.37395832 0.675 0.34166667 0.6975 0.3390625 0.69 0.3375 0.68833333 0.34114584 0.6825 0.353125 0.6691667 0.35885417 0.66333336 0.390625 0.6433333
14 0.31510416 0.57166666 0.29947916 0.525 0.28645834 0.48166665 0.26979166 0.43 0.25625 0.39333335 0.25364584 0.3875 0.25208333 0.38666666 0.2484375 0.385 0.23958333 0.38 0.23385416 0.36833334 0.234375 0.36666667 0.24947916 0.355 0.2703125 0.34 0.28645834 0.3275 0.29947916 0.31833333 0.303125 0.31666666 0.30416667 0.31916666 0.3046875 0.325 0.30416667 0.33166668 0.30052084 0.3375 0.30260417 0.34166667 0.30416667 0.35333332 0.30520833 0.36833334 0.31145832 0.38333333 0.32395834 0.42083332 0.33125 0.4475 0.3375 0.46833333 0.35364583 0.5133333 0.3671875 0.55583334 0.36927083 0.56166667 0.3515625 0.57166666 0.33854166 0.58 0.33489582 0.5833333 0.33177084 0.58416665 0.33020833 0.5833333 0.3234375 0.5725 0.3171875 0.57166666
14 0.48229167 0.39083335 0.4484375 0.37583333 0.428125 0.36666667 0.4140625 0.36 0.38177082 0.345 0.36875 0.34166667 0.35677084 0.3375 0.35364583 0.33583334 0.35104167 0.34916666 0.34791666 0.34916666 0.3359375 0.34416667 0.33333334 0.34083334 0.3375 0.29666665 0.34583333 0.24666667 0.35104167 0.23 0.35416666 0.22416666 0.35625 0.22583333 0.36822918 0.2375 0.3765625 0.2475 0.38020834 0.2525 0.3828125 0.25666666 0.39479166 0.26166666 0.41041666 0.27 0.42291668 0.27416667 0.453125 0.2875 0.46041667 0.29083332 0.5005208 0.3075 0.52135414 0.31583333 0.55104166 0.32583332 0.5552083 0.3275 0.56458336 0.32083333 0.56614584 0.31666666 0.5697917 0.315 0.5708333 0.31833333 0.578125 0.31916666 0.58020836 0.3175 0.58020836 0.32083333 0.57604164 0.33416668 0.57604164 0.34166667 0.57447916 0.3525 0.5697917 0.38083333 0.5619792 0.40333334 0.5578125 0.42333335 0.5541667 0.43916667 0.5520833 0.43833333 0.5494792 0.43166667 0.54583335 0.42583334 0.53333336 0.41416666 0.5307292 0.41 0.528125 0.4125 0.52447915 0.41166666 0.50416666 0.40083334
14 0.40572917 0.5416667 0.396875 0.49916667 0.384375 0.44666666 0.37864584 0.42 0.37552083 0.40833333 0.375 0.4025 0.36666667 0.38833332 0.36458334 0.37916666 0.36145833 0.37416667 0.3625 0.36083335 0.36354166 0.3525 0.36510417 0.34666666 0.3671875 0.34666666 0.36875 0.35166666 0.3703125 0.3525 0.37135416 0.35666665 0.3734375 0.35666665 0.37552083 0.36166668 0.37916666 0.36333334 0.38333333 0.36666667 0.38489583 0.365 0.40572917 0.3625 0.41510418 0.36166668 0.42864582 0.3675 0.42760417 0.37666667 0.42916667 0.3775 0.428125 0.3825 0.43333334 0.4025 0.43802083 0.42333335 0.446875 0.465 0.45364583 0.49833333 0.45677084 0.51416665
14 0.5385417 0.455 0.5328125 0.445 0.53125 0.44083333 0.53489584 0.44083333 0.53489584 0.435 0.53333336 0.42666668 0.5296875 0.42 0.52916664 0.41166666 0.5307292 0.41 0.5328125 0.41416666 0.54583335 0.42583334 0.5494792 0.43166667 0.55104166 0.4375 0.5416667 0.45166665
14 0.57395834 0.35833332 0.5828125 0.36333334 0.59166664 0.365 0.59479165 0.36833334 0.59479165 0.37166667 0.5807292 0.3925 0.5677083 0.41416666 0.5572917 0.42916667 0.55677086 0.42833334 0.5625 0.40333334 0.5697917 0.38083333 0.5729167 0.3625
14 0.45677084 0.28916666 0.44375 0.26583335 0.42604166 0.235 0.41875 0.22333333 0.415625 0.21833333 0.4125 0.21833333 0.40989584 0.21333334 0.4 0.21333334 0.39114583 0.2 0.3890625 0.19583334 0.38697916 0.18666667 0.425 0.12166667 0.4328125 0.10666667 0.43541667 0.10666667 0.4484375 0.12416667 0.45260417 0.14083333 0.45520833 0.16 0.45833334 0.165 0.45989582 0.16916667 0.45989582 0.1725 0.4640625 0.17666666 0.4796875 0.2 0.5052083 0.24333334 0.5286458 0.28083333 0.5416667 0.30416667 0.55052084 0.32 0.5552083 0.32666665 0.5338542 0.32 0.52135414 0.31583333 0.49635416 0.305
14 0.60364586 0.5283333 0.5828125 0.5316667 0.575 0.45 0.5703125 0.41166666 0.5854167 0.40583333 0.59270835 0.4075 0.61354166 0.41416666 0.6255208 0.415 0.65729165 0.40666667 0.70677084 0.39333335 0.7359375 0.385 0.75572914 0.37833333 0.7661458 0.37583333 0.7807292 0.37333333 0.78541666 0.37 0.79322916 0.3625 0.7942708 0.35833332 0.7994792 0.36083335 0.8041667 0.36333334 0.80833334 0.37333333 0.80833334 0.37583333 0.80625 0.37833333 0.809375 0.37916666 0.81666666 0.39416668 0.8197917 0.4 0.8234375 0.41833332 0.8276042 0.4475 0.8286458 0.46833333 0.81458336 0.47333333 0.79895836 0.46416667 0.7963542 0.46166667 0.7864583 0.46416667 0.75677085 0.4725 0.73125 0.47833332 0.7114583 0.485 0.67864585 0.495 0.6489583 0.50166667 0.6265625 0.5083333 0.6223958 0.51 0.61302084 0.51166666 0.609375 0.51166666 0.60572916 0.5225
14 0.703125 0.39416668 0.6947917 0.36333334 0.68854165 0.34333333 0.6822917 0.32916668 0.67604166 0.31916666 0.6671875 0.30333334 0.6645833 0.29 0.6625 0.28 0.67604166 0.2675 0.69739586 0.24916667 0.71979165 0.23333333 0.72447914 0.22916667 0.7296875 0.2375 0.7338542 0.24833333 0.73645836 0.25666666 0.734375 0.26416665 0.7317708 0.275 0.7348958 0.28666666 0.74375 0.3125 0.7526042 0.34416667 0.75989586 0.37083334 0.76145834 0.37666667
14 0.7416667 0.5233333 0.7348958 0.49916667 0.7291667 0.48 0.74895835 0.475 0.76979166 0.46916667 0.7875 0.46416667 0.79322916 0.48166665 0.80572915 0.5275 0.80885416 0.53833336 0.81927085 0.5566667 0.8234375 0.56083333 0.82447916 0.565 0.8229167 0.57 0.8234375 0.5733333 0.8255208 0.58166665 0.8255208 0.5858333 0.82447916 0.59 0.7994792 0.6075 0.7963542 0.60833335 0.77447915 0.63916665 0.7708333 0.64 0.75989586 0.6166667 0.75885415 0.5966667 0.75885415 0.59 0.75416666 0.5725 0.75364584 0.56583333 0.7473958 0.54583335 0.74427086 0.5325
14 0.609375 0.6625 0.61614585 0.6041667 0.6244792 0.53583336 0.62708336 0.5125 0.6265625 0.50916666 0.6484375 0.5025 0.6625 0.49916667 0.6927083 0.50666666 0.696875 0.5083333 0.696875 0.51 0.69166666 0.5108333 0.690625 0.5175 0.68645835 0.53 0.6828125 0.5375 0.68072915 0.55833334 0.67760414 0.5925 0.6734375 0.6333333 0.66770834 0.6933333 0.659375 0.77916664 0.65625 0.81333333 0.6546875 0.8175 0.65520835 0.8225 0.65625 0.835 0.6557292 0.8383333 0.65833336 0.845 0.6578125 0.85083336 0.653125 0.86 0.64635414 0.8666667 0.6020833 0.8566667 0.5807292 0.8466667 0.5833333 0.8308333 0.5854167 0.8225 0.5942708 0.8075 0.59791666 0.77166665 0.6046875 0.7191667 0.6078125 0.68 0.61145836 0.68 0.61302084 0.6725 0.6125 0.67 0.609375 0.6675
14 0.3046875 0.87583333 0.28229168 0.8516667 0.275 0.8408333 0.28385416 0.8233333 0.3203125 0.79833335 0.325 0.7916667 0.36875 0.7441667 0.4109375 0.69916666 0.43333334 0.6775 0.44479167 0.67 0.44479167 0.6625 0.44947916 0.64916664 0.45416668 0.6358333 0.46041667 0.6425 0.4625 0.65166664 0.48072916 0.6816667 0.49375 0.70166665 0.503125 0.7183333 0.5072917 0.73 0.50625 0.73333335 0.50416666 0.7366667 0.50104165 0.7391667 0.4984375 0.73833334 0.49583334 0.7341667 0.49479166 0.7341667 0.48697916 0.7391667 0.48125 0.745 0.4640625 0.76 0.43229166 0.7925 0.396875 0.82916665 0.34791666 0.875 0.32395834 0.8983333 0.32135418 0.90166664 0.31875 0.90416664 0.31822917 0.9066667 0.31875 0.9125 0.31770834 0.9141667 0.31458333 0.9116667 0.31197917 0.90833336 0.31145832 0.9025 0.31927082 0.89 0.30989584 0.88
14 0.434375 0.65833336 0.42916667 0.6408333 0.42604166 0.62416667 0.45677084 0.60833335 0.47604167 0.5966667 0.48072916 0.61833334 0.48177084 0.62583333 0.48333332 0.63166666 0.48489583 0.63416666 0.4859375 0.63916665 0.5005208 0.6625 0.5005208 0.6775 0.5 0.685 0.48229167 0.6825 0.46302083 0.6525 0.4625 0.6508333 0.46041667 0.64166665 0.45364583 0.6358333 0.44427082 0.6625 0.44479167 0.67 0.43802083 0.6741667
14 0.50572914 0.7183333 0.51927084 0.68833333 0.53229165 0.6616667 0.5395833 0.6475 0.54583335 0.64 0.5473958 0.635 0.5484375 0.61583334 0.55 0.60083336 0.55104166 0.5991667 0.5572917 0.5966667 0.56041664 0.595 0.5619792 0.5975 0.5651042 0.61583334 0.5708333 0.62416667 0.58125 0.63666666 0.6010417 0.6591667 0.609375 0.66833335 0.6125 0.67083335 0.61302084 0.6725 0.6109375 0.6791667 0.6078125 0.6791667 0.6015625 0.68083334 0.59479165 0.685 0.5911458 0.6875 0.5875 0.69666666 0.58385414 0.6983333 0.57395834 0.72083336 0.5520833 0.76666665 0.52760416 0.8175 0.5151042 0.8408333 0.49791667 0.8775 0.490625 0.8925 0.4890625 0.9 0.48645833 0.90833336 0.48385417 0.91833335 0.48177084 0.9291667 0.47760418 0.93583333 0.47604167 0.94166666 0.46927083 0.93916667 0.46354166 0.9216667 0.45729166 0.8983333 0.4546875 0.89 0.44895834 0.8775 0.446875 0.87583333 0.44583333 0.87916666 0.44375 0.87916666 0.44322917 0.8875 0.43958333 0.89416665 0.43854168 0.88666666 0.43645832 0.8833333 0.4359375 0.8666667 0.43541667 0.86 0.44166666 0.84583336 0.45989582 0.81 0.478125 0.775 0.49479166 0.7425 0.49739584 0.7375 0.4984375 0.7391667 0.5015625 0.7391667 0.5046875 0.7366667 0.50677085 0.7325 0.5072917 0.7291667 0.5046875 0.7216667
14 0.5234375 0.68083334 0.51458335 0.6475 0.5015625 0.5975 0.4984375 0.58416665 0.52135414 0.57 0.53020835 0.56166667 0.534375 0.565 0.54114586 0.5825 0.55104166 0.5808333 0.5541667 0.5775 0.5375 0.52 0.52760416 0.485 0.5239583 0.47833332 0.5171875 0.48166665 0.50989586 0.48416665 0.47708333 0.5025 0.4703125 0.47416666 0.4625 0.44666666 0.46197918 0.43833333 0.46145833 0.42916667 0.45520833 0.43083334 0.44791666 0.43333334 0.44635418 0.42416668 0.45729166 0.41333333 0.47447917 0.3975 0.48177084 0.39083335 0.51666665 0.40833333 0.52239585 0.43416667 0.5385417 0.5025 0.55677086 0.5758333 0.5630208 0.59833336 0.5677083 0.6191667 0.5651042 0.61583334 0.5619792 0.5975 0.56041664 0.5941667 0.55104166 0.5991667 0.5494792 0.6 0.5473958 0.635 0.5453125 0.64 0.5395833 0.6475
14 0.5453125 0.30916667 0.53125 0.255 0.5182292 0.2075 0.51145834 0.18833333 0.50885415 0.18 0.5 0.16 0.49583334 0.15333334 0.48958334 0.125 0.56041664 0.0825 0.56354165 0.095 0.56614584 0.108333334 0.56666666 0.1125 0.5651042 0.115 0.5651042 0.13833334 0.56458336 0.14166667 0.5755208 0.18666667 0.5921875 0.25083333 0.60833335 0.31166667 0.6244792 0.37083334 0.6328125 0.39166668 0.63645834 0.41166666 0.6255208 0.415 0.6140625 0.41416666 0.6020833 0.41 0.5854167 0.405 0.5729167 0.41 0.5729167 0.40583333 0.5953125 0.37166667 0.59479165 0.36833334 0.5911458 0.36416668 0.5828125 0.3625 0.57395834 0.35833332 0.5765625 0.34083334 0.5765625 0.33416668 0.5807292 0.32 0.58020836 0.31666666 0.578125 0.31833333 0.5708333 0.3175 0.5703125 0.315 0.56614584 0.31583333 0.56458336 0.32083333 0.5552083 0.32666665 0.54583335 0.31083333
14 0.33385417 0.68916667 0.33072916 0.67083335 0.32916668 0.6641667 0.31875 0.6358333 0.31614584 0.62 0.3078125 0.5975 0.30677083 0.575 0.31770834 0.57166666 0.3234375 0.5725 0.33020833 0.58416665 0.33177084 0.585 0.33489582 0.5833333 0.34010416 0.57916665 0.37135416 0.56083333 0.43489584 0.52666664 0.4625 0.51166666 0.50989586 0.48416665 0.5171875 0.4825 0.5239583 0.47916666 0.52760416 0.485 0.5416667 0.53583336 0.55364585 0.5775 0.55104166 0.58 0.54114586 0.5825 0.534375 0.565 0.53020835 0.56166667 0.5208333 0.57 0.49427083 0.58666664 0.44947916 0.6116667 0.4046875 0.63416666 0.39791667 0.6383333 0.35885417 0.6625 0.34114584 0.6825 0.3359375 0.69083333
