15 0.50416666 0.5083333 0.49583334 0.57166666 0.48802084 0.6566667 0.48020834 0.7425 0.47604167 0.7725 0.47395834 0.785 0.4703125 0.79083335 0.4640625 0.7925 0.46302083 0.80583334 0.45625 0.80833334 0.45 0.805 0.45 0.79833335 0.4515625 0.7916667 0.4484375 0.78333336 0.446875 0.77416664 0.44635418 0.7633333 0.44791666 0.74833333 0.4546875 0.6666667 0.46770832 0.5233333 0.47291666 0.46666667 0.47552082 0.45583335 0.48072916 0.44666666 0.48802084 0.44166666 0.48802084 0.4325 0.48802084 0.4225 0.50104165 0.4225 0.49895832 0.43583333 0.5015625 0.44666666 0.50572914 0.45583335 0.50677085 0.46333334 0.50677085 0.47583333
15 0.37135416 0.5475 0.29270834 0.5341667 0.2875 0.5366667 0.28541666 0.54 0.28177083 0.5475 0.27916667 0.5441667 0.2765625 0.54833335 0.26927084 0.54333335 0.26666668 0.54833335 0.26666668 0.5575 0.26875 0.56666666 0.27604166 0.5625 0.27708334 0.56583333 0.27916667 0.56583333 0.2796875 0.5725 0.2828125 0.58 0.290625 0.585 0.32708332 0.5941667 0.42447916 0.61 0.459375 0.6141667 0.4640625 0.5625
15 0.58177084 0.53833336 0.6125 0.5725 0.6197917 0.5833333 0.621875 0.595 0.621875 0.6025 0.62916666 0.6191667 0.628125 0.62583333 0.6244792 0.63 0.61927086 0.6191667 0.61510414 0.62083334 0.6098958 0.62083334 0.59947914 0.6175 0.56927085 0.58916664 0.56927085 0.58416665 0.50364584 0.51416665 0.5046875 0.5025 0.51458335 0.51 0.56666666 0.5325
15 0.6484375 0.5966667 0.6421875 0.59583336 0.6380208 0.595 0.63072914 0.5883333 0.6203125 0.57916665 0.5828125 0.5391667 0.65989584 0.5675 0.65989584 0.57416666 0.6578125 0.5833333 0.66197914 0.59 0.659375 0.59583336 0.6645833 0.60333335 0.6625 0.6075 0.65989584 0.61083335 0.65416664 0.60083336 0.65052086 0.60083336
15 0.5625 0.47666666 0.7182292 0.54083335 0.7234375 0.5441667 0.7260417 0.5516667 0.72864586 0.55916667 0.7317708 0.56333333 0.7390625 0.56583333 0.7416667 0.5758333 0.73854166 0.5825 0.7328125 0.5833333 0.72864586 0.58 0.7239583 0.58416665 0.71510416 0.5875 0.67864585 0.57666665 0.659375 0.5675 0.5677083 0.5341667 0.5151042 0.51 0.5046875 0.5025 0.50677085 0.47333333 0.5083333 0.46083334 0.5125 0.45833334 0.51927084 0.45833334
15 0.50104165 0.43833333 0.5161458 0.4575 0.51197916 0.45916668 0.5083333 0.46083334 0.50677085 0.47333333 0.50677085 0.4625 0.50572914 0.45583335 0.5015625 0.44583333 0.5 0.43916667
15 0.47083333 0.405 0.45729166 0.38916665 0.453125 0.3875 0.4484375 0.3875 0.44322917 0.3875 0.43854168 0.38583332 0.4359375 0.3875 0.43125 0.37916666 0.42864582 0.3825 0.42552084 0.38583332 0.42395833 0.39416668 0.42760417 0.39666668 0.43125 0.3975 0.42916667 0.40166667 0.43125 0.40666667 0.43385416 0.41 0.43385416 0.41583332 0.43645832 0.425 0.47239584 0.47166666 0.47291666 0.46583334 0.47552082 0.455 0.48020834 0.44666666 0.4875 0.4425 0.48854166 0.425
15 0.53697914 0.39333335 0.5125 0.36333334 0.5046875 0.3575 0.4984375 0.35916665 0.49427083 0.35916665 0.48541668 0.3525 0.48072916 0.355 0.48020834 0.36083335 0.48645833 0.3675 0.48385417 0.37333333 0.4859375 0.37666667 0.48697916 0.3825 0.49010417 0.39666668 0.496875 0.41083333 0.53802085 0.46666667 0.61302084 0.4975 0.59583336 0.47583333 0.58697915 0.47166666 0.5807292 0.47166666 0.5734375 0.4775 0.56822914 0.4675 0.575 0.46333334 0.575 0.45666668 0.5786458 0.45333335
15 0.64375 0.43583333 0.5963542 0.47583333 0.58697915 0.47166666 0.5807292 0.47166666 0.5734375 0.47833332 0.56822914 0.4675 0.575 0.46416667 0.57447916 0.45666668 0.5796875 0.45333335 0.58020836 0.44333333 0.58229166 0.43416667 0.5859375 0.4275 0.6536458 0.365 0.74114585 0.28833333 0.76145834 0.27416667 0.7682292 0.27333334 0.77447915 0.2775 0.77708334 0.275 0.78229165 0.27916667 0.784375 0.27666667 0.78489584 0.26833335 0.78802085 0.27 0.79114586 0.27583334 0.79270834 0.28333333 0.79114586 0.28583333 0.78489584 0.2875 0.78333336 0.2925 0.7807292 0.29583332 0.77916664 0.30416667 0.77447915 0.315 0.7630208 0.33 0.6796875 0.4025
15 0.66822916 0.43916667 0.7083333 0.47166666 0.71510416 0.47333333 0.71875 0.47416666 0.7213542 0.47083333 0.72552085 0.47083333 0.72864586 0.46833333 0.734375 0.4775 0.7369792 0.47333333 0.7395833 0.465 0.74010414 0.45916668 0.7317708 0.46 0.73072916 0.4525 0.7291667 0.44916666 0.7291667 0.44083333 0.72447914 0.43083334 0.6859375 0.39666668 0.653125 0.4275
15 0.55104166 0.26666668 0.653125 0.365 0.62083334 0.39583334 0.5307292 0.30583334 0.5260417 0.29333332 0.52552086 0.28583333 0.5229167 0.28333333 0.521875 0.275 0.515625 0.26916668 0.5171875 0.26333332 0.51875 0.26 0.521875 0.2575 0.52552086 0.25916666 0.5265625 0.265 0.52916664 0.26333332 0.5328125 0.2625 0.5375 0.26166666 0.5421875 0.26083332 0.54583335 0.2625
15 0.59166664 0.22666667 0.578125 0.2225 0.57239586 0.22333333 0.5671875 0.22666667 0.5625 0.2325 0.55885416 0.23166667 0.55677086 0.23583333 0.54895836 0.23083334 0.54583335 0.24 0.5484375 0.24333334 0.5552083 0.245 0.5546875 0.2525 0.55833334 0.255 0.56041664 0.25166667 0.5609375 0.25833333 0.56354165 0.26416665 0.5677083 0.2675 0.5729167 0.27166668 0.60572916 0.28333333 0.7083333 0.3175 0.7416667 0.2875 0.7505208 0.28166667 0.74010414 0.27666667 0.7203125 0.265 0.6421875 0.23666666 0.62291664 0.2325 0.6125 0.225 0.61041665 0.23166667
15 0.77916664 0.31333333 0.784375 0.31666666 0.7875 0.31916666 0.7864583 0.32333332 0.78229165 0.33166668 0.7765625 0.32333332 0.77239585 0.32916668 0.7671875 0.335 0.7604167 0.3325 0.76354164 0.32916668 0.77447915 0.315 0.778125 0.3075
15 0.70677084 0.6016667 0.865625 0.6975 0.87395835 0.69666666 0.88177085 0.6925 0.890625 0.69416666 0.8984375 0.6958333 0.9010417 0.6825 0.89427084 0.6791667 0.88958335 0.6716667 0.8880208 0.6575 0.8755208 0.6475 0.8296875 0.62 0.7390625 0.565 0.7416667 0.5758333 0.73854166 0.5825 0.7328125 0.5833333 0.72864586 0.58 0.7234375 0.58416665 0.71510416 0.5875 0.678125 0.5758333 0.6625 0.56916666 0.6640625 0.5733333 0.68125 0.58916664
15 0.8286458 0.7191667 0.8432292 0.85083336 0.846875 0.86 0.8515625 0.86583334 0.8567708 0.86833334 0.85520834 0.88416666 0.86614585 0.8883333 0.86822915 0.8808333 0.86875 0.875 0.86927086 0.8641667 0.8734375 0.86083335 0.8755208 0.855 0.8734375 0.8283333 0.8640625 0.7425 0.859375 0.6933333 0.82395834 0.6716667
15 0.82447916 0.515 0.81927085 0.52 0.81666666 0.52666664 0.81458336 0.53583336 0.8177083 0.6125 0.85364586 0.635 0.8463542 0.5316667 0.84375 0.5208333 0.8390625 0.51666665 0.8375 0.51416665 0.8375 0.50916666 0.834375 0.5075 0.8385417 0.5 0.83697915 0.49583334 0.8328125 0.49333334 0.82604164 0.4925 0.8229167 0.49666667 0.82708335 0.5075 0.825 0.50916666
15 0.49583334 0.5725 0.49947917 0.57416666 0.50208336 0.5808333 0.50625 0.585 0.51666665 0.58666664 0.51666665 0.5941667 0.5151042 0.6016667 0.5104167 0.6091667 0.5072917 0.6 0.50416666 0.60333335 0.5005208 0.60583335 0.49895832 0.61083335 0.49166667 0.6166667
