14 0.1890625 0.31333333 0.12083333 0.56166667 0.1234375 0.57666665 0.1234375 0.6125 0.075 0.57416666 0.060416665 0.5625 0.055729166 0.55 0.065104164 0.5341667 0.090625 0.46833333 0.14583333 0.2675 0.14791666 0.23166667 0.16041666 0.21583334 0.19739583 0.2875 0.19739583 0.2975
14 0.20520833 0.5833333 0.1921875 0.61583334 0.16510417 0.8775 0.16822916 0.89 0.18072917 0.9116667 0.16979167 0.9191667 0.1578125 0.91333336 0.0875 0.92083335 0.10208333 0.8908333 0.106770836 0.87833333 0.13229166 0.62833333 0.13541667 0.60083336 0.12916666 0.58 0.14791666 0.56916666 0.2015625 0.5675 0.20625 0.58
14 0.19114584 0.31583333 0.20052083 0.35916665 0.20833333 0.61333334 0.19895834 0.63166666 0.19583334 0.64166665 0.24947916 0.6433333 0.26197916 0.6508333 0.26666668 0.6508333 0.2625 0.59833336 0.259375 0.5108333 0.2578125 0.42166665 0.25885418 0.35166666 0.26354167 0.3175 0.2609375 0.29416665 0.2 0.3
14 0.22447917 0.29 0.22604166 0.1225 0.21979167 0.079166666 0.22291666 0.06 0.253125 0.08916666 0.26666668 0.096666664 0.27552083 0.071666665 0.28177083 0.10583334 0.284375 0.38166666 0.284375 0.4 0.29114583 0.43416667 0.278125 0.43666667 0.259375 0.43666667 0.25729167 0.35583332 0.26354167 0.32083333 0.26197916 0.2925 0.22395833 0.2975
14 0.3421875 0.029166667 0.3453125 0.036666665 0.3375 0.065 0.33697918 0.07666667 0.34270832 0.32 0.34166667 0.33583334 0.34635416 0.34916666 0.34947917 0.375 0.35416666 0.39333335 0.34010416 0.37083334 0.3296875 0.37083334 0.31875 0.37166667 0.29479167 0.37833333 0.2890625 0.39916667 0.28125 0.38333333 0.28125 0.36833334 0.28697917 0.36166668 0.29166666 0.34666666 0.29010418 0.32916668 0.28333333 0.225 0.28229168 0.111666664 0.28072917 0.07 0.28229168 0.04083333 0.3 0.045833334 0.3125 0.038333334 0.34322917 0.026666667
14 0.32291666 0.48416665 0.315625 0.50416666 0.3328125 0.6958333 0.34010416 0.7633333 0.353125 0.80833334 0.35572916 0.82666665 0.353125 0.8358333 0.33958334 0.8358333 0.29739583 0.8516667 0.28489584 0.85333335 0.28177083 0.8491667 0.28125 0.81083333 0.2875 0.7875 0.28802082 0.76416665 0.26822916 0.6041667 0.25885418 0.5158333 0.26041666 0.49333334 0.321875 0.47833332
14 0.36822918 0.23333333 0.36197916 0.25583333 0.36510417 0.27083334 0.37135416 0.29083332 0.37395832 0.2975 0.36197916 0.52166665 0.36197916 0.54 0.34947917 0.595 0.359375 0.6025 0.37083334 0.5941667 0.4140625 0.5991667 0.42239583 0.5975 0.42083332 0.58166665 0.4171875 0.5783333 0.4140625 0.56333333 0.41614583 0.54333335 0.42447916 0.31083333 0.42552084 0.285 0.43385416 0.27666667 0.4359375 0.26 0.4359375 0.25333333 0.41302082 0.24083333 0.38072917 0.2325
14 0.5328125 0.7825 0.515625 0.81333333 0.5083333 0.82916665 0.45364583 1.0 0.390625 1.0 0.45416668 0.81666666 0.471875 0.7658333 0.4640625 0.7416667 0.46979168 0.7366667 0.47447917 0.7316667 0.48802084 0.73333335 0.5265625 0.7658333 0.53541666 0.78
14 0.55625 0.7225 0.55885416 0.75 0.5598958 0.7575 0.51770836 1.0 0.5734375 1.0 0.6109375 0.7925 0.6109375 0.7775 0.6177083 0.7683333 0.62291664 0.765 0.6125 0.74333334 0.5953125 0.7266667 0.5854167 0.72 0.57395834 0.7241667
14 0.57239586 0.6825 0.5807292 0.6958333 0.59583336 0.6958333 0.6078125 0.70416665 0.7328125 0.8575 0.740625 0.885 0.7526042 0.9 0.7604167 0.87583333 0.7708333 0.84833336 0.77916664 0.825 0.79010415 0.80833334 0.79375 0.80333334 0.778125 0.78833336 0.76979166 0.7925 0.7552083 0.77416664 0.6333333 0.63166666 0.6302083 0.62083334 0.6244792 0.60083336 0.61145836 0.5883333 0.60572916 0.595 0.57239586 0.6675
14 0.46666667 0.49083334 0.48854166 0.49583334 0.49479166 0.4975 0.50677085 0.48583335 0.52135414 0.485 0.60572916 0.4275 0.6401042 0.40666667 0.66770834 0.37416667 0.671875 0.38916665 0.671875 0.43416667 0.6744792 0.455 0.68177086 0.4525 0.6869792 0.43833333 0.6828125 0.45666668 0.634375 0.5 0.5203125 0.5708333 0.5052083 0.5783333 0.49270833 0.605 0.48489583 0.605 0.48802084 0.5858333 0.48541668 0.57166666 0.46822917 0.4975
14 0.96666664 0.26416665 0.94895834 0.32916668 0.8510417 0.5233333 0.82604164 0.55 0.8911458 0.61583334 0.896875 0.6141667 0.8911458 0.5941667 0.9692708 0.445 0.996875 0.385 1.0 0.3025 0.96979165 0.27
14 0.8442708 0.06333333 0.8463542 0.10666667 0.8453125 0.125 0.884375 0.3325 0.89166665 0.35916665 0.89635414 0.37333333 0.9067708 0.38666666 0.90833336 0.405 0.8390625 0.44416666 0.83385414 0.42333335 0.834375 0.395 0.8375 0.37333333 0.79114586 0.13166666 0.7765625 0.111666664 0.7786458 0.093333334 0.840625 0.064166665
14 0.7260417 0.016666668 0.7234375 0.0325 0.7239583 0.046666667 0.7265625 0.06916667 0.7026042 0.31583333 0.69322914 0.34916666 0.68645835 0.37083334 0.6822917 0.38666666 0.70416665 0.395 0.7515625 0.40583333 0.759375 0.38833332 0.7583333 0.37166667 0.75572914 0.355 0.771875 0.15916666 0.77552086 0.115833335 0.7786458 0.093333334 0.784375 0.08166666 0.79322916 0.061666667 0.7953125 0.048333332 0.79479164 0.03 0.77447915 0.0225 0.74322915 0.015 0.73229164 0.014166667
14 0.671875 0.28083333 0.66510415 0.29833335 0.6614583 0.29666665 0.6734375 0.33833334 0.6828125 0.35916665 0.6848958 0.37 0.678125 0.37083334 0.67291665 0.35916665 0.65989584 0.37083334 0.5072917 0.48 0.49739584 0.49416667 0.49270833 0.49083334 0.49010417 0.46416667 0.47447917 0.38 0.478125 0.37333333 0.4921875 0.39166668 0.5015625 0.38916665 0.6578125 0.27666667 0.6635417 0.27833334
14 0.45520833 0.19166666 0.4640625 0.3075 0.471875 0.31166667 0.47916666 0.28916666 0.6328125 0.26 0.6489583 0.26166666 0.65729165 0.27 0.66197914 0.27416667 0.6723958 0.27833334 0.67604166 0.27083334 0.6770833 0.19166666 0.67604166 0.15583333 0.6557292 0.16666667 0.63645834 0.1775 0.6265625 0.18166667 0.49010417 0.20083334 0.46979168 0.2025 0.465625 0.2 0.4640625 0.18833333 0.459375 0.18666667
14 0.41666666 0.0875 0.41875 0.205 0.42552084 0.21333334 0.43489584 0.20083334 0.45833334 0.18833333 0.47291666 0.18416667 0.6145833 0.1625 0.6322917 0.1775 0.640625 0.175 0.64166665 0.16666667 0.6265625 0.075833336 0.621875 0.06666667 0.6145833 0.075833336 0.45364583 0.10166667 0.43177083 0.1025 0.425 0.086666666
14 0.063541666 0.40666667 0.0 0.5808333 0.0 0.4025 0.025520833 0.3225 0.038020834 0.30583334 0.056770835 0.34 0.06458333 0.35083333 0.098958336 0.36916667 0.09739583 0.38583332
