18 0.41614583 0.64416665 0.48177084 0.67333335 0.5921875 0.7133333 0.60260415 0.7191667 0.60572916 0.7241667 0.609375 0.73333335 0.6109375 0.7416667 0.5833333 0.92 0.578125 0.9275 0.5703125 0.935 0.5651042 0.93583333 0.55052084 0.92833334 0.45989582 0.8958333 0.4078125 0.875 0.37291667 0.8616667 0.36875 0.8525 0.36614582 0.83916664 0.37552083 0.7841667 0.3890625 0.7033333 0.39635417 0.6591667 0.39947918 0.6525 0.40729168 0.64666665 0.4109375 0.6458333
18 0.29479167 0.6016667 0.33697918 0.5566667 0.37291667 0.52166665 0.38125 0.52166665 0.3875 0.525 0.39114583 0.5283333 0.3984375 0.5466667 0.43802083 0.65416664 0.4171875 0.645 0.40729168 0.64666665 0.39895833 0.6533333 0.39635417 0.6575 0.3796875 0.7608333 0.37552083 0.785 0.3203125 0.83 0.27447918 0.8666667 0.2640625 0.87583333 0.2546875 0.8725 0.24791667 0.86833334 0.20625 0.70416665 0.20260416 0.685 0.20364584 0.6766667 0.20625 0.66583335 0.20989583 0.65833336 0.24270834 0.6408333 0.25520834 0.63666666 0.26354167 0.6358333 0.26614583 0.6425 0.2703125 0.64 0.28489584 0.62666667 0.28697917 0.62166667 0.28958333 0.6116667
18 0.12291667 0.33083335 0.15729167 0.26333332 0.20260416 0.18 0.209375 0.175 0.21614583 0.17333333 0.22135417 0.17916666 0.25208333 0.22 0.25052083 0.23416667 0.24947916 0.24916667 0.253125 0.32916668 0.26041666 0.41833332 0.265625 0.43166667 0.27291667 0.43916667 0.27916667 0.44166666 0.29166666 0.44 0.3640625 0.42833334 0.31979167 0.50666666 0.290625 0.55333334 0.2828125 0.5541667 0.278125 0.5541667 0.27239582 0.55 0.26770833 0.5441667 0.25885418 0.5308333 0.24166666 0.50916666 0.20364584 0.45166665 0.19270833 0.4375 0.18802084 0.4325 0.175 0.40916666 0.16510417 0.39583334 0.13854167 0.37166667 0.1234375 0.3525 0.121875 0.34333333
18 0.28229168 0.2075 0.35833332 0.20666666 0.3765625 0.20833333 0.38802084 0.20916666 0.3921875 0.2025 0.39895833 0.19833334 0.41875 0.19833334 0.4296875 0.19416666 0.44114584 0.18916667 0.44635418 0.18916667 0.45208332 0.18916667 0.45989582 0.19333333 0.4640625 0.2 0.46770832 0.20833333 0.46041667 0.21083333 0.42708334 0.21833333 0.41927084 0.22333333 0.415625 0.23166667 0.41145834 0.2425 0.41197917 0.25416666 0.41875 0.30083334 0.42760417 0.33666667 0.4296875 0.35083333 0.428125 0.3775 0.43020833 0.40916666 0.42708334 0.41 0.41666666 0.41083333 0.40833333 0.41583332 0.39791667 0.42 0.36510417 0.42666668 0.3296875 0.43333334 0.2796875 0.4425 0.2734375 0.44 0.26614583 0.4325 0.26041666 0.41833332 0.253125 0.3275 0.24947916 0.25 0.25052083 0.23083334 0.25208333 0.21916667 0.25885418 0.21166667 0.26458332 0.2075
18 0.46979168 0.20916666 0.5296875 0.19333333 0.5359375 0.19416666 0.54479164 0.20333333 0.54895836 0.21083333 0.5515625 0.2425 0.55885416 0.28833333 0.5677083 0.35916665 0.58020836 0.45166665 0.5864583 0.51 0.584375 0.52166665 0.58125 0.5308333 0.57447916 0.5375 0.5697917 0.5416667 0.525 0.5525 0.46041667 0.57 0.45416668 0.56583333 0.44791666 0.55833334 0.44583333 0.5525 0.44322917 0.525 0.43489584 0.4475 0.43020833 0.40833333 0.428125 0.3775 0.4296875 0.35 0.42708334 0.3375 0.41875 0.3 0.41197917 0.25416666 0.41145834 0.24333334 0.4171875 0.22833334 0.41927084 0.22416666 0.42708334 0.21833333 0.45416668 0.2125 0.46666667 0.20916666
18 0.440625 0.5158333 0.42447916 0.47416666 0.42447916 0.46666667 0.42552084 0.4575 0.42760417 0.44916666 0.43072918 0.44333333 0.434375 0.44166666 0.4421875 0.52
18 0.56458336 0.32666665 0.5911458 0.305 0.6119792 0.37083334 0.6088542 0.38083333 0.60572916 0.3925 0.6078125 0.40166667 0.621875 0.465 0.63385415 0.52666664 0.62395835 0.5341667 0.5416667 0.6041667 0.50208336 0.6375 0.49427083 0.6433333 0.48854166 0.6408333 0.48229167 0.6375 0.47864583 0.6333333 0.47395834 0.6191667 0.46770832 0.6016667 0.45729166 0.56666666 0.46145833 0.5708333 0.50989586 0.55583334 0.5572917 0.545 0.5697917 0.5416667 0.58177084 0.5316667 0.58489585 0.52 0.5864583 0.50916666 0.5807292 0.4525 0.5630208 0.32666665
18 0.6177083 0.36916667 0.7125 0.315 0.71979165 0.31083333 0.72552085 0.31416667 0.73229164 0.32083333 0.73541665 0.3275 0.7453125 0.37166667 0.75989586 0.43083334 0.7708333 0.48333332 0.7796875 0.5183333 0.796875 0.5991667 0.80052084 0.615 0.80052084 0.625 0.7953125 0.64166665 0.7890625 0.6458333 0.77916664 0.6508333 0.76354164 0.66 0.69635415 0.6983333 0.68125 0.705 0.67552084 0.70166665 0.66979164 0.69666666 0.66614586 0.69083333 0.6635417 0.68 0.65625 0.6425 0.6458333 0.5933333 0.63385415 0.52666664 0.62291664 0.46833333 0.60625 0.39333335 0.6078125 0.38333333 0.6119792 0.3725
18 0.5807292 0.22916667 0.590625 0.22083333 0.60052085 0.21416667 0.60625 0.21333334 0.6109375 0.21333334 0.62916666 0.2125 0.6296875 0.20833333 0.628125 0.2025 0.6328125 0.19166666 0.6489583 0.16833334 0.66979164 0.14083333 0.6770833 0.14083333 0.68541664 0.14666666 0.68958336 0.15583333 0.69895834 0.18166667 0.7239583 0.24333334 0.74114585 0.2875 0.7630208 0.34583333 0.790625 0.41333333 0.790625 0.42583334 0.7885417 0.43583333 0.7859375 0.44166666 0.7661458 0.46083334 0.75989586 0.43166667 0.7515625 0.3975 0.74322915 0.3625 0.7369792 0.3325 0.73541665 0.3275 0.7328125 0.32083333 0.7260417 0.31416667 0.7203125 0.31083333 0.6546875 0.3475 0.6125 0.37166667 0.6119792 0.37 0.5890625 0.2975 0.57604164 0.255 0.575 0.25 0.5755208 0.2425 0.578125 0.235
18 0.76979166 0.47 0.8286458 0.43083334 0.85260415 0.41666666 0.86302084 0.41666666 0.8697917 0.4225 0.8755208 0.43083334 0.87916666 0.44583333 0.8890625 0.49083334 0.8979167 0.53583336 0.90833336 0.565 0.9145833 0.585 0.9203125 0.60583335 0.94166666 0.69666666 0.94427085 0.71 0.9447917 0.72 0.9421875 0.735 0.9369792 0.7441667 0.8828125 0.77416664 0.8333333 0.80083334 0.8229167 0.80083334 0.815625 0.7975 0.8098958 0.79 0.8072917 0.7825 0.79791665 0.7416667 0.7796875 0.6508333 0.79479164 0.6425 0.80052084 0.62666667 0.80104166 0.61583334 0.796875 0.6016667 0.7796875 0.51666665 0.7682292 0.47083333
18 0.20729166 0.7058333 0.234375 0.81333333 0.24739583 0.8675 0.25416666 0.87166667 0.26302084 0.87583333 0.27760416 0.865 0.37552083 0.785 0.36666667 0.83916664 0.36875 0.8516667 0.37239584 0.8616667 0.378125 0.86333334 0.4078125 0.875 0.40364584 0.9066667 0.3984375 0.9458333 0.39270833 0.95416665 0.38541666 0.96 0.375 0.95916665 0.2609375 0.9216667 0.19427083 0.8975 0.18802084 0.8925 0.18333334 0.8858333 0.17916666 0.8725 0.17864583 0.8625 0.20052083 0.74083334
