14 0.15572916 0.37333333 0.15885417 0.36333334 0.16510417 0.3575 0.1625 0.3475 0.1171875 0.35583332 0.10104167 0.35916665 0.090625 0.365 0.083333336 0.36583334 0.090625 0.37833333 0.0953125 0.39666668 0.098958336 0.39333335 0.106770836 0.47833332 0.12916666 0.66083336 0.12708333 0.6741667 0.11927083 0.68833333 0.12135417 0.7291667 0.14583333 0.7241667 0.19791667 0.71 0.2 0.7008333 0.19947916 0.68083334 0.1828125 0.6383333 0.1828125 0.62083334 0.17916666 0.6 0.17760417 0.595 0.1703125 0.5683333 0.1765625 0.56666666 0.16510417 0.47
14 0.20052083 0.62833333 0.190625 0.61 0.18645833 0.60333335 0.17916666 0.5991667 0.17083333 0.56916666 0.1828125 0.5683333 0.1953125 0.5675 0.22135417 0.5575 0.21979167 0.5858333 0.20833333 0.60583335 0.20729166 0.61 0.2015625 0.6141667
14 0.2015625 0.64166665 0.2015625 0.615 0.20729166 0.61083335 0.20833333 0.60583335 0.22083333 0.58666664 0.22135417 0.55833334 0.23333333 0.46416667 0.240625 0.38666666 0.25 0.3125 0.23854166 0.29666665 0.23958333 0.28 0.27604166 0.29166666 0.31041667 0.29916668 0.31770834 0.30583334 0.31354168 0.31166667 0.3125 0.315 0.30520833 0.31666666 0.30104166 0.34 0.29635417 0.37 0.2875 0.44583333 0.27291667 0.5825 0.27760416 0.595 0.27395833 0.60333335 0.28020832 0.62583333 0.27604166 0.655 0.2171875 0.64916664
14 0.27916667 0.6433333 0.34583333 0.76916665 0.35833332 0.7808333 0.37135416 0.7916667 0.365625 0.7975 0.35885417 0.7975 0.35677084 0.80916667 0.31614584 0.8625 0.31041667 0.85083336 0.3140625 0.8425 0.28229168 0.77666664 0.2140625 0.64666665 0.21875 0.65166664 0.27708334 0.6558333 0.27708334 0.645
14 0.5296875 0.85833335 0.45833334 0.8275 0.44895834 0.83 0.4328125 0.82416666 0.42447916 0.81583333 0.440625 0.7475 0.44895834 0.72833335 0.45572916 0.7133333 0.4578125 0.71416664 0.4671875 0.7216667 0.4671875 0.73333335 0.5578125 0.7816667 0.5854167 0.795 0.58958334 0.80333334 0.5932292 0.805 0.6088542 0.80583334 0.6390625 0.81916666 0.65052086 0.8225 0.6588542 0.81916666 0.66822916 0.8283333 0.66041666 0.8475 0.6489583 0.87416667 0.6432292 0.895 0.634375 0.9141667 0.62604165 0.9266667 0.6234375 0.9166667 0.6265625 0.90833336 0.57395834 0.87833333 0.5552083 0.87083334
14 0.3328125 0.7425 0.36770833 0.7325 0.40833333 0.72583336 0.4046875 0.69916666 0.4015625 0.68916667 0.39739582 0.69166666 0.3875 0.68333334 0.384375 0.6691667 0.39010417 0.6333333 0.37083334 0.40916666 0.37760416 0.36416668 0.33020833 0.37666667 0.31197917 0.3825 0.30416667 0.39 0.30833334 0.4075 0.31354168 0.39833334 0.33385417 0.65833336 0.3390625 0.67 0.33541667 0.68333334 0.33333334 0.7025 0.32916668 0.7108333
14 0.40677083 0.68 0.4 0.69 0.39739582 0.69083333 0.3875 0.68416667 0.384375 0.66833335 0.39375 0.6275 0.40885416 0.57416666 0.42135417 0.57666665 0.44010416 0.5941667 0.44010416 0.60083336 0.465625 0.6166667 0.575 0.68 0.60052085 0.68583333 0.6203125 0.69166666 0.63125 0.7 0.6109375 0.7583333 0.60520834 0.795 0.60729164 0.80333334 0.59166664 0.80333334 0.58697915 0.79583335 0.5796875 0.7891667 0.57239586 0.7725 0.4140625 0.6825
14 0.76458335 1.0 0.8546875 0.9216667 0.8666667 0.9091667 0.8776042 0.9 0.87916666 0.8883333 0.8828125 0.8908333 0.8989583 0.94 0.91041666 0.98 0.88854164 1.0
14 0.6880208 0.6408333 0.70416665 0.6566667 0.77552086 0.8358333 0.79010415 0.875 0.7916667 0.9066667 0.79791665 0.9291667 0.8619792 0.87583333 0.8541667 0.8516667 0.83125 0.8325 0.76458335 0.65166664 0.75677085 0.6641667 0.7578125 0.6716667 0.75364584 0.6825 0.7526042 0.69 0.73854166 0.6666667 0.7161458 0.62833333 0.709375 0.6191667 0.696875 0.6308333 0.690625 0.6358333
14 0.7036458 0.605 0.709375 0.6191667 0.7161458 0.62833333 0.7447917 0.675 0.7515625 0.68833333 0.7526042 0.6825 0.75625 0.6741667 0.7583333 0.67 0.75625 0.6625 0.76354164 0.6525 0.77447915 0.6308333 0.8229167 0.55833334 0.8880208 0.455 0.9057292 0.44833332 0.91979164 0.42583334 0.8703125 0.34083334 0.85260415 0.36416668 0.8541667 0.39416668 0.8354167 0.41333333 0.7729167 0.5125 0.7265625 0.5858333 0.7203125 0.595 0.7078125 0.5975
14 0.6609375 0.5441667 0.6203125 0.52666664 0.6145833 0.5541667 0.61041665 0.55916667 0.60520834 0.55333334 0.6125 0.5225 0.60052085 0.5158333 0.59947914 0.5075 0.615625 0.515 0.6078125 0.46666667 0.60729164 0.42583334 0.6197917 0.42666668 0.6489583 0.45666668 0.69166666 0.46833333 0.77916664 0.50416666 0.734375 0.5725
14 0.68333334 0.6375 0.6557292 0.69416666 0.64166665 0.7316667 0.63385415 0.725 0.63385415 0.7025 0.63125 0.7 0.6171875 0.69 0.5005208 0.5733333 0.48072916 0.555 0.4734375 0.55833334 0.46510416 0.55833334 0.4546875 0.5466667 0.4625 0.5208333 0.47083333 0.495 0.4796875 0.47833332 0.48489583 0.46916667 0.49166667 0.45833334 0.5015625 0.45083332 0.50364584 0.45833334 0.50677085 0.47583333 0.5395833 0.5075 0.6578125 0.625 0.66875 0.62583333 0.67395836 0.62416667 0.68333334 0.6333333
14 1.0 0.5625 0.8755208 0.68333334 0.8588542 0.6933333 0.8484375 0.72 0.840625 0.7325 0.8333333 0.7391667 0.83020836 0.7025 0.8171875 0.6616667 0.80625 0.635 0.8286458 0.62833333 0.83177084 0.62833333 0.9640625 0.5083333 0.99010414 0.46833333 1.0 0.47166666
14 0.90208334 0.37916666 1.0 0.3475 1.0 0.435 0.88072914 0.4675 0.8880208 0.455 0.90625 0.44833332 0.91979164 0.425 0.89427084 0.38166666
14 0.853125 0.38333333 0.84010416 0.3925 0.82708335 0.38916665 0.8098958 0.3975 0.81458336 0.44583333 0.834375 0.41333333 0.8541667 0.39333335 0.853125 0.38333333
14 0.83125 0.355 0.77552086 0.39666668 0.7453125 0.43083334 0.73125 0.43916667 0.7046875 0.32666665 0.7203125 0.3175 0.7447917 0.31583333 0.759375 0.3075 0.88385415 0.23083334 0.90416664 0.22 0.9166667 0.195 0.9348958 0.19083333 0.94739586 0.23083334 0.95885414 0.295 0.9484375 0.30416667 0.9369792 0.305 0.92760414 0.29833335 0.84479165 0.3475
14 0.9671875 0.32916668 0.9661458 0.3475 0.96458334 0.35833332 0.959375 0.36 0.9526042 0.34833333 0.9453125 0.32916668 0.9421875 0.30583334 0.9484375 0.305 0.95989585 0.295 0.94635415 0.225 0.9380208 0.19583334 0.9322917 0.0575 0.92864585 0.039166667 0.91510415 0.0375 0.92552084 0.020833334 0.97291666 0.0 1.0 0.0 1.0 0.33166668
14 0.7057292 0.34833333 0.6875 0.36083335 0.67760414 0.365 0.67395836 0.3475 0.6744792 0.30583334 0.6765625 0.30333334 0.6171875 0.04083333 0.60520834 0.029166667 0.6020833 0.006666667 0.6067708 0.00083333335 0.61302084 0.0 0.67604166 0.0 0.67291665 0.029166667 0.73072916 0.285 0.74322915 0.3025 0.7427083 0.3175 0.72083336 0.31583333 0.7046875 0.32666665 0.70989585 0.3475
14 0.20729166 0.48083332 0.17135416 0.47416666 0.16614583 0.46416667 0.17708333 0.455 0.16510417 0.20416667 0.15833333 0.14 0.15677084 0.12166667 0.1625 0.115 0.20260416 0.145 0.20677084 0.145 0.2109375 0.1225 0.2171875 0.1225 0.22239584 0.1675 0.23229167 0.34166667 0.23645833 0.425 0.23229167 0.47666666 0.23020834 0.485
14 0.43333334 0.0 0.3984375 0.01 0.39479166 0.0325 0.40885416 0.06333333 0.4484375 0.30583334 0.44947916 0.32333332 0.45416668 0.32916668 0.45416668 0.335 0.44479167 0.34583333 0.4453125 0.35583332 0.45052084 0.37583333 0.47135416 0.36666667 0.4859375 0.3625 0.49895832 0.35166666 0.5234375 0.34416667 0.51875 0.32333332 0.5125 0.31 0.503125 0.295 0.50104165 0.28166667 0.47447917 0.13 0.45729166 0.035 0.46197918 0.019166667 0.465625 0.0075 0.4640625 0.0
14 0.44322917 0.27416667 0.4171875 0.285 0.40729168 0.285 0.3984375 0.28166667 0.39166668 0.28833333 0.40625 0.34166667 0.41614583 0.37583333 0.42291668 0.39666668 0.43072918 0.3925 0.43020833 0.37 0.43802083 0.3675 0.44427082 0.36333334 0.446875 0.36416668 0.4453125 0.355 0.44375 0.34583333 0.45364583 0.33583334 0.45416668 0.33083335 0.45 0.32416666 0.44791666 0.305
14 0.49635416 0.245 0.58958334 0.1925 0.58802086 0.17583333 0.60625 0.16833334 0.6171875 0.24333334 0.61510414 0.27 0.51875 0.32333332 0.509375 0.3025 0.503125 0.295 0.4953125 0.24583334
14 0.34010416 0.91083336 0.34739584 0.88666666 0.35416666 0.84166664 0.35885417 0.7991667 0.36822918 0.79833335 0.37864584 0.8066667 0.37760416 0.81416667 0.5229167 0.87333333 0.5598958 0.88916665 0.5729167 0.8775 0.5729167 0.8883333 0.571875 0.9266667 0.5619792 0.9608333 0.55677086 0.9775 0.553125 0.985 0.54114586 0.9725 0.41614583 0.92333335 0.38541666 0.91333336 0.378125 0.9125 0.36614582 0.915 0.3515625 0.91333336
14 0.004166667 0.6558333 0.0 0.6483333 0.003125 0.6375 0.021354167 0.63166666 0.049479168 0.62416667 0.06875 0.62416667 0.0796875 0.63 0.08177083 0.6383333 0.06875 0.67083335 0.061979167 0.7816667 0.045833334 0.9483333 0.053645834 0.9633333 0.05625 0.98083335 0.052083332 0.9875 0.033333335 0.98833334 0.0 1.0 0.0 0.74 0.0052083335 0.6775 0.0052083335 0.66833335
