3 0.1234375 0.46916667 0.116145834 0.49666667 0.1171875 0.5058333 0.125 0.51916665 0.13020833 0.5341667 0.118229166 0.5391667 0.0984375 0.555 0.07760417 0.5908333 0.058333334 0.63666666 0.0609375 0.6525 0.065104164 0.65833336 0.10104167 0.68666667 0.12604167 0.70166665 0.1421875 0.72 0.16458334 0.735 0.17708333 0.74666667 0.190625 0.7608333 0.21302083 0.77916664 0.22395833 0.7808333 0.23229167 0.76666665 0.26354167 0.6875 0.25989583 0.6566667 0.25625 0.62416667 0.25104168 0.59166664 0.23854166 0.55583334 0.228125 0.5316667 0.20364584 0.5183333 0.165625 0.49333334 0.14895834 0.49 0.12916666 0.48416665 0.12552084 0.48166665 0.12447917 0.46666667
8 0.25104168 0.56916666 0.25364584 0.5808333 0.25260416 0.5975 0.2515625 0.59583336 0.25052083 0.58916664 0.24479167 0.5725
3 0.42135417 0.61 0.4046875 0.5975 0.38854167 0.5908333 0.37864584 0.575 0.37291667 0.5883333 0.36302084 0.5933333 0.34010416 0.60083336 0.32447916 0.6041667 0.3140625 0.6 0.31145832 0.5975 0.30729166 0.5991667 0.30364582 0.605 0.29947916 0.6175 0.290625 0.62416667 0.2828125 0.6308333 0.26822916 0.63666666 0.26354167 0.635 0.25625 0.6275 0.25885418 0.64666665 0.26354167 0.6875 0.23854166 0.75083333 0.2609375 0.75333333 0.27760416 0.7658333 0.30052084 0.7808333 0.3640625 0.81333333 0.38177082 0.8208333 0.38854167 0.7825 0.3921875 0.73833334 0.39166668 0.7125 0.3921875 0.69 0.3921875 0.6725 0.39739582 0.6791667 0.40104166 0.685 0.4046875 0.68416667 0.41145834 0.67833334 0.42552084 0.6525 0.42864582 0.6408333 0.42708334 0.62416667 0.42447916 0.615
8 0.28958333 0.26 0.2765625 0.26333332 0.253125 0.2725 0.25 0.27666667 0.20885417 0.29583332 0.20208333 0.30666667 0.19895834 0.31583333 0.20104167 0.33666667 0.21302083 0.39333335 0.21927084 0.41583332 0.23177083 0.45 0.2359375 0.48416665 0.2421875 0.50416666 0.24791667 0.52 0.2484375 0.55 0.25052083 0.5675 0.25364584 0.58166665 0.25260416 0.6 0.25729167 0.62833333 0.26302084 0.63416666 0.26822916 0.63666666 0.2828125 0.63166666 0.29322916 0.6225 0.29947916 0.6175 0.30364582 0.605 0.30729166 0.6 0.3109375 0.59833336 0.3140625 0.60083336 0.325 0.6041667 0.3390625 0.6016667 0.36354166 0.5933333 0.37291667 0.5883333 0.38020834 0.57166666 0.38072917 0.56 0.37708333 0.535 0.3640625 0.47166666 0.35729167 0.44 0.3328125 0.45 0.32291666 0.44416666 0.3171875 0.43666667 0.303125 0.34583333 0.29114583 0.27083334
8 0.49635416 0.15666667 0.49166667 0.15666667 0.46041667 0.175 0.42760417 0.18583333 0.41197917 0.19583334 0.36145833 0.2125 0.31927082 0.22583333 0.29739583 0.23166667 0.29114583 0.245 0.28958333 0.25916666 0.290625 0.27166668 0.3171875 0.43583333 0.32239583 0.44333333 0.33333334 0.45 0.37395832 0.43333334 0.40104166 0.41916665 0.41614583 0.40833333 0.43697917 0.4 0.434375 0.39333335 0.43645832 0.37833333 0.44322917 0.3625 0.45729166 0.33916667 0.48072916 0.30583334 0.496875 0.28333333 0.51770836 0.25416666 0.51875 0.24166666 0.515625 0.2025 0.51145834 0.16916667 0.5083333 0.1625 0.5005208 0.15666667
3 0.5416667 0.23416667 0.5364583 0.23333333 0.5338542 0.23583333 0.5203125 0.2525 0.515625 0.25833333 0.4828125 0.30333334 0.45625 0.34 0.44375 0.36083335 0.43697917 0.37583333 0.434375 0.39333335 0.4390625 0.40333334 0.465625 0.435 0.49166667 0.47333333 0.51927084 0.5225 0.5260417 0.525 0.534375 0.5475 0.54583335 0.5525 0.5677083 0.5375 0.6145833 0.4875 0.6234375 0.47 0.65729165 0.35916665 0.65520835 0.3525 0.64635414 0.355 0.57708335 0.2875 0.56458336 0.26916668 0.55 0.2375
3 0.5208333 0.5225 0.5140625 0.54 0.5052083 0.5566667 0.50208336 0.5675 0.49791667 0.5925 0.49427083 0.6175 0.48072916 0.615 0.47291666 0.61583334 0.46302083 0.62916666 0.46145833 0.64166665 0.47083333 0.65166664 0.48958334 0.6691667 0.51354164 0.68916667 0.52135414 0.685 0.52760416 0.68666667 0.5307292 0.6983333 0.53333336 0.71 0.54270834 0.725 0.57135415 0.7558333 0.5890625 0.7775 0.5984375 0.78 0.60260415 0.75916666 0.6125 0.69666666 0.61927086 0.65833336 0.6302083 0.53833336 0.6328125 0.5175 0.6166667 0.51916665 0.59166664 0.5125 0.56666666 0.53833336 0.54583335 0.5525 0.534375 0.54833335 0.5260417 0.52416664
3 0.75416666 0.6325 0.734375 0.65166664 0.7 0.7083333 0.6927083 0.85583335 0.7015625 0.87416667 0.72291666 0.8808333 0.74114585 0.88 0.7708333 0.87916666 0.790625 0.8725 0.8098958 0.86083335 0.8510417 0.8425 0.85052085 0.8666667 0.86875 0.87 0.87291664 0.84833336 0.87604165 0.8225 0.88645834 0.7966667 0.8890625 0.7658333 0.8932292 0.74333334 0.8890625 0.72083336 0.88645834 0.70916665 0.8875 0.70166665 0.9 0.6816667 0.9 0.67083335 0.89739585 0.6616667 0.8911458 0.6533333 0.8822917 0.64916664 0.87083334 0.6483333 0.85520834 0.6483333 0.8015625 0.6566667 0.78229165 0.6475 0.75572914 0.63416666
8 0.69114584 0.42 0.68125 0.4275 0.62708336 0.5175 0.6333333 0.5175 0.62916666 0.54333335 0.61875 0.66 0.6 0.7725 0.61614585 0.80333334 0.62395835 0.81416667 0.6333333 0.81583333 0.64270836 0.8075 0.7 0.70916665 0.7338542 0.6525 0.75416666 0.6325 0.7708333 0.6066667 0.7838542 0.5858333 0.7859375 0.575 0.7838542 0.5566667 0.7447917 0.49333334 0.7171875 0.44916666 0.7036458 0.42166665
8 0.25833333 0.7558333 0.25729167 0.7825 0.25625 0.8183333 0.25416666 0.8858333 0.25520834 0.89916664 0.26041666 0.9091667 0.26614583 0.9166667 0.27291667 0.92 0.3125 0.92583334 0.34270832 0.92333335 0.3515625 0.925 0.36510417 0.92833334 0.396875 0.9291667 0.44270834 0.93416667 0.46875 0.93416667 0.47239584 0.9316667 0.478125 0.92583334 0.48125 0.9175 0.48177084 0.8591667 0.4828125 0.7975 0.48541668 0.7391667 0.48177084 0.73 0.47395834 0.7183333 0.41979167 0.71416664 0.39166668 0.7133333 0.39166668 0.7425 0.38854167 0.78333336 0.38177082 0.82166666 0.37552083 0.8183333 0.35677084 0.81 0.30104166 0.7816667 0.259375 0.75333333
