4 0.3640625 0.40166667 0.33958334 0.40666667 0.325 0.4175 0.30885416 0.43583333 0.2953125 0.47666666 0.29375 0.50666666 0.296875 0.54583335 0.30572918 0.56416667 0.31875 0.58416665 0.33020833 0.59166664 0.3421875 0.605 0.35208333 0.6558333 0.35833332 0.7083333 0.36822918 0.7733333 0.37395832 0.7775 0.38697916 0.77416664 0.4140625 0.7583333 0.4171875 0.7416667 0.4 0.6375 0.39479166 0.5908333 0.39947918 0.565 0.40989584 0.53833336 0.4171875 0.52166665 0.41822916 0.48 0.41197917 0.45166665 0.3953125 0.42083332 0.37447917 0.40583333
15 0.7171875 0.33166668 0.7494792 0.35416666 0.8140625 0.395 0.8609375 0.42583334 0.8875 0.44916666 0.903125 0.45583335 0.91614586 0.45833334 0.9213542 0.45333335 0.9270833 0.45833334 0.9296875 0.45416668 0.93541664 0.4625 0.94114584 0.4575 0.94166666 0.45333335 0.9322917 0.44583333 0.93125 0.43916667 0.92760414 0.43833333 0.925 0.42083332 0.915625 0.40916666 0.821875 0.34083334 0.7739583 0.31083333 0.7427083 0.295 0.7270833 0.29 0.72291666 0.28916666 0.71302086 0.29416665 0.70729166 0.29333332 0.70208335 0.29166666 0.6958333 0.29416665 0.6958333 0.30333334 0.7036458 0.305 0.70416665 0.31333333 0.7083333 0.31416667 0.7109375 0.3275
2 0.6041667 0.61083335 0.5864583 0.6616667 0.5630208 0.7291667 0.5359375 0.8025 0.5239583 0.8383333 0.5640625 0.87083334 0.64375 0.93666667 0.6869792 0.9741667 0.7057292 0.99916667 0.7453125 1.0 0.75416666 0.98583335 0.76666665 0.955 0.7817708 0.9241667 0.79114586 0.8983333 0.803125 0.8625 0.8208333 0.8125 0.8307292 0.7866667 0.7739583 0.74666667 0.7182292 0.6983333 0.6791667 0.6641667 0.6255208 0.62666667 0.60729164 0.61
1 0.84375 0.825 0.90052086 0.7991667 0.96197915 0.76916665 0.9869792 0.75 0.99895835 0.74083334 0.996875 0.5733333 0.9583333 0.60333335 0.9125 0.6333333 0.8822917 0.65 0.83489585 0.6675 0.80572915 0.68416667 0.78125 0.68416667 0.76979166 0.69416666 0.78229165 0.75166667 0.828125 0.78583336 0.80260414 0.8575 0.8140625 0.86083335 0.82604164 0.84583336
11 0.65416664 0.60333335 0.7135417 0.52166665 0.76145834 0.46083334 0.80260414 0.4125 0.821875 0.4525 0.8541667 0.52416664 0.8776042 0.58 0.89739585 0.62416667 0.86927086 0.6533333 0.8385417 0.66583335 0.8072917 0.6825 0.7807292 0.68333334 0.76875 0.6958333 0.778125 0.73583335 0.7708333 0.74333334 0.72083336 0.7008333 0.67395836 0.6591667 0.63645834 0.635 0.646875 0.61333334
16 0.27708334 0.60833335 0.26770833 0.6175 0.26354167 0.62583333 0.26197916 0.63166666 0.26354167 0.64 0.26666668 0.6591667 0.271875 0.6875 0.27447918 0.7033333 0.28333333 0.7108333 0.30052084 0.72 0.3109375 0.735 0.321875 0.755 0.35052082 0.785 0.38125 0.825 0.39947918 0.83666664 0.42395833 0.8516667 0.45364583 0.8691667 0.46197918 0.8616667 0.49166667 0.7966667 0.53333336 0.705 0.5515625 0.65416664 0.4640625 0.575 0.43125 0.5375 0.415625 0.525 0.39947918 0.56583333 0.39479166 0.5908333 0.4 0.6375 0.415625 0.73 0.4171875 0.7416667 0.4140625 0.7583333 0.3875 0.7733333 0.37395832 0.7775 0.36822918 0.7733333 0.35885417 0.71166664 0.35208333 0.6558333 0.3421875 0.605 0.33020833 0.59166664 0.31875 0.58416665 0.30520833 0.56416667 0.296875 0.54583335 0.29166666 0.55916667 0.2875 0.5825 0.2828125 0.6016667
20 0.525 0.20333333 0.55052084 0.21916667 0.5776042 0.24833333 0.596875 0.26083332 0.61875 0.27583334 0.64166665 0.29 0.653125 0.31 0.6567708 0.32916668 0.6515625 0.3575 0.6328125 0.42333335 0.6234375 0.46083334 0.6109375 0.48416665 0.615625 0.53 0.6177083 0.5466667 0.6166667 0.56916666 0.6140625 0.60083336 0.6119792 0.61333334 0.6041667 0.61 0.59270835 0.6458333 0.57395834 0.6958333 0.56041664 0.73583335 0.54270834 0.785 0.525 0.83416665 0.50208336 0.8283333 0.48177084 0.82 0.50625 0.76416665 0.53541666 0.69916666 0.5515625 0.65416664 0.51354164 0.6191667 0.4640625 0.575 0.475 0.5375 0.475 0.465 0.4796875 0.37416667 0.48125 0.35583332 0.4875 0.32 0.5015625 0.25416666 0.5109375 0.21666667
10 0.5885417 0.2375 0.6020833 0.24166666 0.60833335 0.24916667 0.61302084 0.2625 0.615625 0.27166668 0.61614585 0.27333334 0.5776042 0.2475 0.57604164 0.24583334 0.5864583 0.24083333
10 0.6489583 0.37666667 0.6546875 0.40583333 0.65625 0.4175 0.65833336 0.43 0.65625 0.44 0.65 0.45333335 0.64479166 0.46 0.6333333 0.46583334 0.61822915 0.47083333 0.62291664 0.46 0.6328125 0.42333335 0.64479166 0.38 0.64739585 0.37083334 0.6484375 0.37583333
10 0.45989582 0.31416667 0.45208332 0.31916666 0.43541667 0.32416666 0.41822916 0.32916668 0.41197917 0.33916667 0.40729168 0.35 0.40677083 0.36666667 0.4109375 0.38 0.42395833 0.39333335 0.43333334 0.39333335 0.44166666 0.39416668 0.44427082 0.40666667 0.44114584 0.42333335 0.43489584 0.44833332 0.434375 0.47333333 0.43541667 0.51416665 0.43541667 0.525 0.44166666 0.5391667 0.4484375 0.5475 0.4625 0.54333335 0.47291666 0.53833336 0.475 0.5366667 0.475 0.47 0.4765625 0.42416668 0.47916666 0.37666667 0.48125 0.355 0.49114582 0.30166668 0.490625 0.29833335 0.4859375 0.29666665 0.4796875 0.29833335 0.4703125 0.3075
1 0.13333334 0.37 0.15208334 0.39833334 0.165625 0.42833334 0.178125 0.44916666 0.18854167 0.46416667 0.19947916 0.47666666 0.19947916 0.48666668 0.19270833 0.5125 0.20364584 0.51166666 0.2234375 0.47583333 0.275 0.40916666 0.31510416 0.35666665 0.328125 0.34916666 0.35052082 0.3375 0.35208333 0.33916667 0.35989583 0.32833335 0.34322917 0.305 0.30677083 0.24916667 0.29635417 0.2275 0.29947916 0.22083333 0.31354168 0.23083334 0.315625 0.22833334 0.30989584 0.22083333 0.30520833 0.215 0.29739583 0.21166667 0.2953125 0.2125 0.28854167 0.22583333 0.26770833 0.25166667 0.25260416 0.27 0.24010417 0.28333333 0.2140625 0.3125 0.18385416 0.34333333 0.1734375 0.35083333 0.14322917 0.35916665 0.1359375 0.36666667
