20 0.4265625 0.8616667 0.44739583 0.84833336 0.46927083 0.81916666 0.49375 0.77916664 0.503125 0.7675 0.5208333 0.77 0.5453125 0.78 0.5619792 0.79583335 0.58489585 0.8075 0.609375 0.80833334 0.63697916 0.7941667 0.69947916 0.77 0.70520836 0.76916665 0.7161458 0.7575 0.71666664 0.7375 0.709375 0.6816667 0.6984375 0.62833333 0.68958336 0.58 0.68958336 0.55333334 0.665625 0.5775 0.65520835 0.5783333 0.6458333 0.5566667 0.63958335 0.5366667 0.6234375 0.5466667 0.6145833 0.6625 0.609375 0.6716667 0.6020833 0.6775 0.559375 0.6725 0.50885415 0.6525 0.4875 0.6525 0.45885417 0.6483333 0.42604166 0.63916665 0.41510418 0.61833334 0.40989584 0.6116667 0.39270833 0.6125 0.35729167 0.62333333 0.33072916 0.635 0.32447916 0.6483333 0.32552084 0.6716667 0.36197916 0.86333334 0.36770833 0.87333333 0.38229167 0.875 0.39583334 0.87
20 0.87864584 0.68083334 0.84166664 0.7558333 0.809375 0.8233333 0.8 0.8233333 0.7828125 0.81083333 0.73333335 0.755 0.71510416 0.72833335 0.7083333 0.6791667 0.7015625 0.6433333 0.7291667 0.5975 0.7682292 0.6483333 0.7807292 0.6475 0.79270834 0.62583333 0.8125 0.555 0.8119792 0.47666666 0.8151042 0.45 0.834375 0.4475 0.86145836 0.43833333 0.90260416 0.4325 0.9401042 0.4225 0.9583333 0.42166665 0.9682292 0.41083333 0.9739583 0.385 0.98072916 0.40083334 0.99010414 0.4175 1.0 0.42416668 0.9765625 0.48 0.94895834 0.53 0.9291667 0.575 0.91510415 0.6141667
20 1.0 0.35083333 0.96770835 0.27666667 0.925 0.21166667 0.91510415 0.20166667 0.89739585 0.20166667 0.8833333 0.21083333 0.7864583 0.2925 0.73541665 0.3725 0.68125 0.4725 0.6723958 0.49083334 0.671875 0.50416666 0.675 0.515 0.68854165 0.53833336 0.7171875 0.58416665 0.73541665 0.6041667 0.76875 0.64916664 0.7807292 0.6475 0.79270834 0.62583333 0.8130208 0.555 0.8125 0.4775 0.8151042 0.44916666 0.834375 0.44666666 0.86145836 0.4375 0.90520835 0.43083334 0.9390625 0.4225 0.95729166 0.42083332 0.9682292 0.41083333 0.9734375 0.38416666 0.98072916 0.40083334 0.99010414 0.41666666 1.0 0.42416668
20 1.0 0.27916667 0.98229164 0.25416666 0.97552085 0.2525 0.9682292 0.2525 0.9614583 0.2675 0.96770835 0.27583334 1.0 0.35166666
20 0.740625 0.31416667 0.75364584 0.34333333 0.7875 0.29166666 0.84739584 0.24166666 0.88177085 0.21166667 0.8979167 0.20083334 0.915625 0.2025 0.92604166 0.21416667 0.9458333 0.24333334 0.9791667 0.18833333 0.990625 0.16583334 1.0 0.1425 1.0 0.09833334 0.94114584 0.065 0.8723958 0.0225 0.8671875 0.028333334 0.8671875 0.045833334 0.8619792 0.058333334 0.83697915 0.12083333 0.759375 0.275
20 0.47864583 0.0475 0.525 0.0058333334 0.5307292 0.0 0.5828125 0.0 0.58802086 0.013333334 0.59375 0.019166667 0.6088542 0.04083333 0.6234375 0.055 0.6328125 0.06 0.66614586 0.12166667 0.6880208 0.1775 0.68958336 0.18666667 0.6927083 0.19666667 0.70520836 0.2175 0.71197915 0.23083334 0.7161458 0.24333334 0.7328125 0.29583332 0.7427083 0.32 0.75364584 0.34333333 0.7338542 0.37583333 0.6890625 0.45833334 0.6802083 0.47333333 0.67291665 0.49083334 0.671875 0.505 0.675 0.51416665 0.6953125 0.5491667 0.68958336 0.55333334 0.6671875 0.5758333 0.6645833 0.5775 0.65520835 0.5783333 0.64635414 0.55833334 0.6390625 0.5366667 0.62395835 0.48583335 0.62135416 0.44083333 0.6177083 0.42583334 0.61145836 0.41833332 0.6046875 0.41833332 0.59375 0.37083334 0.5833333 0.32 0.57395834 0.285 0.5453125 0.2125 0.53489584 0.2 0.5208333 0.19333333 0.50989586 0.1775 0.4734375 0.105 0.46614584 0.08083333 0.46614584 0.065 0.47239584 0.055
20 0.74791664 0.10583334 0.634375 0.06 0.6234375 0.054166667 0.60833335 0.04083333 0.5932292 0.018333333 0.5875 0.0125 0.5833333 0.0 0.815625 0.0 0.8052083 0.0775 0.80260414 0.095 0.79114586 0.11333334 0.77708334 0.115833335
20 0.0 0.63916665 0.122395836 0.595 0.16875 0.5783333 0.21875 0.56416667 0.25208333 0.55583334 0.25208333 0.56666666 0.2578125 0.5758333 0.26979166 0.57666665 0.2890625 0.575 0.29375 0.63916665 0.30104166 0.68416667 0.31197917 0.72 0.30520833 0.73833334 0.25989583 0.77916664 0.215625 0.8075 0.14895834 0.83166665 0.048958335 0.8775 0.0 0.91333336
20 0.31458333 0.33416668 0.27604166 0.33083335 0.26666668 0.3375 0.2625 0.34416667 0.25520834 0.52916664 0.25208333 0.55583334 0.25260416 0.56666666 0.2578125 0.575 0.26979166 0.5775 0.30260417 0.5733333 0.3625 0.55916667 0.37708333 0.5566667 0.39375 0.56 0.41145834 0.6116667 0.4265625 0.6408333 0.459375 0.64916664 0.49322918 0.6533333 0.509375 0.65166664 0.54791665 0.6666667 0.559375 0.6725 0.5885417 0.67583334 0.6015625 0.6775 0.6098958 0.67083335 0.6140625 0.6625 0.61875 0.6075 0.62395835 0.5391667 0.6234375 0.48666668 0.62083334 0.43916667 0.6166667 0.425 0.6109375 0.41833332 0.60364586 0.41916665 0.5463542 0.40833333 0.5125 0.40916666 0.49270833 0.41583332 0.478125 0.41583332 0.4390625 0.39 0.38645834 0.35333332 0.33958334 0.34
20 0.09791667 0.0 0.1265625 0.07666667 0.1765625 0.23416667 0.22708334 0.3675 0.25104168 0.43583333 0.2578125 0.4525 0.2625 0.345 0.26875 0.33416668 0.278125 0.33166668 0.31666666 0.33416668 0.3734375 0.34833333 0.38385418 0.35083333 0.38854167 0.34416667 0.39270833 0.325 0.38854167 0.30083334 0.35729167 0.21916667 0.33854166 0.18916667 0.3171875 0.1475 0.27447918 0.0
20 0.66770834 1.0 0.62916666 0.9875 0.6119792 0.9775 0.60729164 0.9741667 0.60572916 0.9575 0.63125 0.81416667 0.63697916 0.7966667 0.6979167 0.7708333 0.70885414 0.7708333 0.7369792 0.785 0.7572917 0.79583335 0.77552086 0.805 0.7890625 0.81666666 0.80104166 0.8233333 0.81875 0.8225 0.8921875 0.835 0.9557292 0.8575 1.0 0.87333333 1.0 0.9475 0.98645836 1.0
