15 0.6458333 0.50166667 0.64739585 0.46666667 0.65208334 0.4575 0.65729165 0.45 0.6588542 0.44 0.659375 0.43166667 0.66614586 0.42916667 0.66822916 0.4425 0.675 0.45916668 0.6791667 0.4875 0.6770833 0.56416667 0.66302085 0.7733333 0.6588542 0.7891667 0.6510417 0.7975 0.64947915 0.8041667 0.65052086 0.8175 0.6401042 0.815 0.64166665 0.8025 0.6390625 0.80083334 0.63697916 0.78833336 0.63125 0.77916664 0.6302083 0.7575
15 0.6557292 0.36666667 0.67552084 0.35583332 0.6869792 0.35166666 0.696875 0.355 0.69947916 0.36 0.70989585 0.35583332 0.71197915 0.3725 0.7046875 0.3775 0.7015625 0.38416666 0.69947916 0.39416668 0.6770833 0.4075 0.50625 0.5083333 0.49739584 0.50416666 0.49375 0.5 0.48697916 0.50166667 0.48385417 0.48916668 0.48645833 0.48166665 0.49010417 0.4775 0.49166667 0.465 0.50572914 0.45416668
15 0.58125 0.31083333 0.60364586 0.29 0.6125 0.28333333 0.6203125 0.29083332 0.62604165 0.2925 0.628125 0.28416666 0.6322917 0.28583333 0.63854164 0.29833335 0.63177085 0.305 0.628125 0.31416667 0.6265625 0.3225 0.61614585 0.33833334 0.47916666 0.47666666 0.46145833 0.43166667
15 0.5416667 0.6825 0.55052084 0.7075 0.5546875 0.73083335 0.5520833 0.74583334 0.5515625 0.7583333 0.55364585 0.76916665 0.54479164 0.77166665 0.54114586 0.7525 0.5375 0.7525 0.5296875 0.745 0.515625 0.71666664 0.44166666 0.4725 0.43645832 0.45166665 0.43958333 0.44333333 0.44010416 0.42833334 0.43333334 0.42416668 0.4359375 0.415 0.44322917 0.40833333 0.44479167 0.42 0.4515625 0.42583334 0.45885417 0.42833334 0.46354166 0.43583333 0.48854166 0.50333333
15 0.42395833 0.38 0.41979167 0.36333334 0.41510418 0.36166668 0.41041666 0.36 0.40677083 0.3475 0.4046875 0.3375 0.39947918 0.33833334 0.4 0.3525 0.39739582 0.36083335 0.396875 0.37416667 0.39375 0.38583332 0.403125 0.44333333 0.4453125 0.645 0.45885417 0.69083333 0.465625 0.7 0.47083333 0.7025 0.47291666 0.70916665 0.47604167 0.7158333 0.48229167 0.7183333 0.48333332 0.71 0.48385417 0.69416666 0.48385417 0.6875 0.4859375 0.67 0.48020834 0.64166665 0.43645832 0.45083332 0.4328125 0.42583334
15 0.30729166 0.495 0.29895833 0.47916666 0.29739583 0.46166667 0.29739583 0.4525 0.29479167 0.4425 0.29114583 0.43416667 0.296875 0.4275 0.30260417 0.43833333 0.30625 0.44 0.31302083 0.44083333 0.32083333 0.44416666 0.33177084 0.4575 0.43802083 0.64 0.45052084 0.6625 0.45729166 0.68833333 0.45520833 0.70416665 0.45833334 0.71 0.46354166 0.72083336 0.45885417 0.72833335 0.453125 0.7225 0.446875 0.72 0.44270834 0.7158333 0.43177083 0.7125 0.40364584 0.6641667
15 0.34375 0.26 0.34166667 0.23833333 0.340625 0.2225 0.34583333 0.2125 0.34947917 0.20333333 0.34739584 0.1875 0.35416666 0.18416667 0.36354166 0.18833333 0.359375 0.195 0.36458334 0.20333333 0.37239584 0.22333333 0.37760416 0.265 0.39583334 0.4 0.41458333 0.5175 0.415625 0.54 0.4125 0.55 0.41041666 0.56333333 0.41302082 0.57666665 0.40052083 0.56916666 0.40104166 0.5575 0.39375 0.55583334 0.38697916 0.54583335 0.3828125 0.52166665
15 0.43177083 0.23083334 0.45104167 0.21583334 0.47239584 0.20666666 0.48333332 0.21 0.48697916 0.2125 0.496875 0.205 0.50208336 0.21916667 0.49322918 0.22916667 0.48958334 0.23416667 0.48854166 0.245 0.47291666 0.26 0.43333334 0.28916666 0.38645834 0.32416666 0.37864584 0.26666668
15 0.30989584 0.3175 0.29791668 0.32583332 0.29270834 0.335 0.290625 0.34833333 0.28854167 0.355 0.2796875 0.35833332 0.28125 0.37833333 0.28697917 0.37666667 0.290625 0.3725 0.3 0.3725 0.30677083 0.37416667 0.3203125 0.36666667 0.35625 0.3425 0.34791666 0.28833333
15 0.234375 0.30666667 0.221875 0.31166667 0.21458334 0.31083333 0.21041666 0.30416667 0.20520833 0.2975 0.19375 0.305 0.19114584 0.28666666 0.19739583 0.2825 0.20572917 0.28 0.20729166 0.26916668 0.21770833 0.25833333 0.25416666 0.23916666 0.34739584 0.19666667 0.34947917 0.205 0.34010416 0.22166666 0.34322917 0.25416666
15 0.39114583 0.175 0.39947918 0.17416666 0.4078125 0.18416667 0.42291668 0.18416667 0.4171875 0.20166667 0.41041666 0.20416667 0.40729168 0.21583334 0.40104166 0.2225 0.375 0.23833333 0.37291667 0.22083333 0.36041668 0.19583334 0.36354166 0.18833333
15 0.036458332 0.8233333 0.027083334 0.7966667 0.026041666 0.7808333 0.03125 0.765 0.0296875 0.7583333 0.0296875 0.75083333 0.0265625 0.74083334 0.035416666 0.7325 0.038541667 0.74666667 0.044791665 0.7525 0.054166667 0.7558333 0.059895832 0.7608333 0.1484375 1.0 0.10208333 1.0
