14 0.15677084 0.44416666 0.10885417 0.5875 0.094791666 0.6166667 0.09427083 0.6275 0.15520833 0.6716667 0.1609375 0.6725 0.16614583 0.65833336 0.16302083 0.6358333 0.17604166 0.5933333 0.2 0.5075 0.2 0.5075 0.2 0.5058333 0.18854167 0.48833334 0.16510417 0.44916666 0.16302083 0.44666666 0.15729167 0.44083333
14 0.19114584 0.33333334 0.20104167 0.30083334 0.20208333 0.29333332 0.2046875 0.29333332 0.2078125 0.305 0.22552083 0.3175 0.25104168 0.3375 0.26614583 0.34666666 0.2625 0.35416666 0.259375 0.35416666 0.246875 0.3725 0.23802084 0.4 0.228125 0.42666668 0.21979167 0.41083333 0.20989583 0.39333335 0.20729166 0.3775 0.19375 0.33916667 0.1921875 0.33583334
14 0.2265625 0.7216667 0.25677082 0.73 0.27552083 0.7341667 0.290625 0.7416667 0.29635417 0.745 0.3078125 0.6816667 0.3328125 0.5441667 0.3546875 0.44083333 0.35729167 0.42833334 0.3484375 0.40083334 0.3421875 0.38333333 0.32604167 0.3775 0.30885416 0.3775 0.303125 0.37916666 0.29427084 0.37416667 0.2984375 0.40583333 0.29583332 0.43666667 0.28333333 0.495 0.2796875 0.5175 0.27916667 0.52 0.27708334 0.5325 0.27447918 0.54833335 0.26822916 0.57916665 0.26145834 0.6141667 0.24947916 0.68083334 0.23489584 0.70916665 0.23072916 0.7133333
14 0.32760417 0.5733333 0.33645833 0.5883333 0.334375 0.595 0.32760417 0.6075 0.31979167 0.61833334 0.31979167 0.61833334 0.32708332 0.57916665
14 0.26875 0.22166666 0.26770833 0.2575 0.278125 0.31666666 0.2828125 0.34 0.29635417 0.3375 0.2953125 0.32166666 0.3140625 0.31666666 0.33958334 0.30833334 0.36197916 0.28916666 0.38177082 0.26666668 0.39010417 0.29 0.39010417 0.29333332 0.41822916 0.29 0.47708333 0.27666667 0.48229167 0.2725 0.4921875 0.27666667 0.50208336 0.27666667 0.5072917 0.28333333 0.5125 0.28416666 0.5130208 0.275 0.5104167 0.21833333 0.5072917 0.19166666 0.5026042 0.16 0.49427083 0.165 0.49010417 0.165 0.48229167 0.17833333 0.478125 0.18583333 0.4328125 0.19666667 0.38177082 0.21166667 0.3046875 0.22833334 0.29739583 0.23 0.29322916 0.225 0.28333333 0.22416666 0.275 0.22166666
14 0.34583333 0.21833333 0.34583333 0.20583333 0.340625 0.1775 0.33645833 0.17333333 0.33489582 0.155 0.334375 0.14333333 0.34583333 0.13916667 0.39427084 0.13416667 0.40416667 0.13333334 0.40729168 0.1575 0.40260416 0.19 0.4 0.205 0.39895833 0.20583333 0.38697916 0.21 0.37395832 0.21333334 0.3546875 0.21666667 0.3453125 0.21916667
14 0.4125 0.20166667 0.41197917 0.19416666 0.40885416 0.18416667 0.40625 0.16416667 0.4125 0.16166666 0.4265625 0.16 0.459375 0.14916667 0.471875 0.14416666 0.47916666 0.1375 0.4828125 0.15583333 0.48333332 0.16833334 0.4828125 0.1775 0.478125 0.18583333 0.46927083 0.1875 0.43541667 0.19583334 0.43020833 0.1975 0.41614583 0.20083334
14 0.40364584 0.2925 0.40208334 0.35916665 0.39583334 0.34416667 0.39322916 0.33333334 0.39427084 0.31666666 0.39010417 0.29416665 0.3921875 0.29416665 0.40260416 0.29166666
14 0.38645834 0.5025 0.3671875 0.50416666 0.34583333 0.51 0.34114584 0.5083333 0.34635416 0.48083332 0.35833332 0.42833334 0.3765625 0.47666666 0.38385418 0.495
14 0.4421875 0.67 0.44427082 0.66583335 0.47083333 0.6483333 0.5078125 0.615 0.50208336 0.6016667 0.49895832 0.5941667 0.49270833 0.59 0.48489583 0.5825 0.47083333 0.5441667 0.44010416 0.465 0.41666666 0.4 0.40208334 0.35833332 0.3953125 0.345 0.39270833 0.33416668 0.39427084 0.31583333 0.39010417 0.29333332 0.38958332 0.29083332 0.38177082 0.26666668 0.3625 0.28833333 0.3375 0.31083333 0.31510416 0.32833335 0.3140625 0.33666667 0.32083333 0.35416666 0.32864583 0.36 0.33697918 0.36416668 0.3390625 0.3775 0.3421875 0.38416666 0.35729167 0.42583334 0.37604168 0.47333333 0.3875 0.50333333 0.41770834 0.57666665 0.428125 0.6 0.43333334 0.62083334 0.43385416 0.6308333 0.43229166 0.65 0.43229166 0.6533333 0.4359375 0.65833336 0.43958333 0.66583335
14 0.44114584 0.41666666 0.45 0.48916668 0.45572916 0.50416666 0.46666667 0.5325 0.47395834 0.5308333 0.48697916 0.525 0.49479166 0.51416665 0.471875 0.4725 0.44895834 0.42916667 0.44270834 0.41666666
14 0.41822916 0.40083334 0.42135417 0.39 0.4328125 0.37 0.44895834 0.33416668 0.4671875 0.3025 0.47239584 0.30916667 0.47239584 0.3125 0.46979168 0.315 0.47239584 0.325 0.50416666 0.38583332 0.52135414 0.41583332 0.5234375 0.42083332 0.5265625 0.42333335 0.5963542 0.5541667 0.6067708 0.5725 0.60572916 0.5758333 0.59791666 0.58166665 0.5963542 0.6041667 0.5875 0.63916665 0.5786458 0.6625 0.57395834 0.6566667 0.5703125 0.65166664 0.565625 0.6433333 0.55260414 0.6041667 0.54583335 0.5908333 0.50104165 0.5233333 0.4953125 0.5133333 0.484375 0.495 0.46354166 0.45666668 0.44739583 0.42583334 0.44270834 0.41666666 0.440625 0.41583332 0.43229166 0.41083333 0.42135417 0.40666667 0.41875 0.405 0.41770834 0.4025
14 0.42708334 0.28833333 0.4328125 0.33916667 0.43489584 0.36333334 0.43489584 0.36416668 0.44583333 0.34 0.44895834 0.33416668 0.46458334 0.30583334 0.46666667 0.3025 0.4671875 0.30166668 0.47239584 0.30916667 0.47239584 0.3125 0.4703125 0.315 0.471875 0.32416666 0.4859375 0.35 0.48958334 0.3575 0.48541668 0.29916668 0.48177084 0.27333334 0.4765625 0.2775 0.44427082 0.28416666
14 0.50625 0.34166667 0.49166667 0.35333332 0.4921875 0.35833332 0.51458335 0.39083335 0.5208333 0.4125 0.5104167 0.3675 0.50677085 0.34333333
14 0.4984375 0.30583334 0.50416666 0.30583334 0.521875 0.31416667 0.5307292 0.31083333 0.58020836 0.28583333 0.665625 0.24333334 0.69427085 0.2275 0.7057292 0.20666666 0.715625 0.20333333 0.72239584 0.20333333 0.7291667 0.215 0.74427086 0.285 0.74895835 0.31166667 0.7421875 0.3175 0.728125 0.32333332 0.71302086 0.31583333 0.68958336 0.32583332 0.60625 0.36416668 0.56145835 0.38583332 0.5453125 0.39583334 0.5328125 0.41 0.52552086 0.4225 0.5234375 0.42083332 0.5203125 0.4075 0.50989586 0.36583334 0.50625 0.33833334 0.50104165 0.31666666 0.49895832 0.30833334
14 0.5703125 0.38666666 0.59166664 0.4675 0.6119792 0.5375 0.6359375 0.61583334 0.63645834 0.62416667 0.6078125 0.6458333 0.5921875 0.6666667 0.5854167 0.6741667 0.5833333 0.6741667 0.5807292 0.6666667 0.58125 0.6558333 0.58802086 0.64 0.596875 0.6025 0.5989583 0.5808333 0.60625 0.57666665 0.6078125 0.5733333 0.5765625 0.515 0.54895836 0.46416667 0.52708334 0.42333335 0.5260417 0.42333335 0.5317708 0.41166666 0.5453125 0.395 0.56666666 0.38333333 0.5703125 0.3825
14 0.63385415 0.35166666 0.65989584 0.38666666 0.675 0.4075 0.6828125 0.41333333 0.6859375 0.4325 0.6859375 0.44083333 0.6901042 0.44083333 0.70729166 0.40416667 0.72864586 0.36083335 0.73229164 0.35166666 0.73020834 0.34833333 0.7171875 0.34083334 0.703125 0.32166666 0.67760414 0.3325 0.6421875 0.34833333
14 0.5833333 0.28166667 0.5494792 0.24166666 0.5421875 0.23666666 0.53802085 0.23666666 0.52916664 0.24 0.51875 0.23083334 0.51145834 0.22166666 0.5390625 0.155 0.55260414 0.12833333 0.55833334 0.12833333 0.56875 0.13833334 0.57395834 0.16166666 0.6041667 0.20166667 0.6458333 0.25083333 0.64739585 0.25166667 0.62135416 0.26416665 0.58802086 0.28166667
14 0.1171875 0.39666668 0.13333334 0.42 0.16354166 0.44666666 0.215625 0.5308333 0.26145834 0.6091667 0.27447918 0.5466667 0.27916667 0.5183333 0.23385416 0.43666667 0.20989583 0.39416668 0.20729166 0.37833333 0.20052083 0.35833332 0.19270833 0.33833334 0.17864583 0.31333333 0.165625 0.32833335 0.12916666 0.37833333 0.12083333 0.39
