17 0.9078125 0.2925 0.9135417 0.2975 0.9203125 0.30083334 0.925 0.29833335 1.0 0.24333334 1.0 0.0 0.99114585 0.0 0.9609375 0.07666667 0.915625 0.24583334 0.9114583 0.26333332 0.90989584 0.27833334 0.9078125 0.29083332
17 0.765625 0.195 0.7604167 0.25416666 0.75989586 0.30333334 0.7609375 0.34083334 0.75989586 0.365 0.75416666 0.38583332 0.75208336 0.4025 0.7526042 0.42666668 0.7546875 0.44083333 0.75989586 0.45 0.7729167 0.45583335 0.79583335 0.46 0.8109375 0.46166667 0.82708335 0.45583335 0.83489585 0.45333335 0.84375 0.45583335 0.859375 0.46333334 0.87083334 0.46666667 0.88385415 0.4675 0.89427084 0.4625 0.90052086 0.4525 0.89947915 0.375 0.8989583 0.3325 0.8989583 0.32 0.903125 0.30666667 0.90729165 0.29083332 0.9114583 0.26583335 0.9135417 0.25333333 0.9078125 0.26833335 0.8989583 0.275 0.8875 0.27666667 0.88385415 0.27333334 0.7890625 0.215 0.7739583 0.205 0.7703125 0.2 0.76666665 0.19333333
17 0.76927084 0.14083333 0.746875 0.1425 0.7083333 0.15 0.6927083 0.15583333 0.67291665 0.16083333 0.6645833 0.1625 0.6609375 0.16916667 0.65833336 0.1825 0.65625 0.19 0.6588542 0.22083333 0.6692708 0.29 0.67395836 0.3075 0.67395836 0.31916666 0.6744792 0.3425 0.675 0.36583334 0.6744792 0.38083333 0.6713542 0.43416667 0.6703125 0.47166666 0.67395836 0.47833332 0.6796875 0.48583335 0.68854165 0.48583335 0.75416666 0.48583335 0.8078125 0.47666666 0.81145835 0.46916667 0.8151042 0.46083334 0.8119792 0.4625 0.7765625 0.45666668 0.7604167 0.45083332 0.75416666 0.44083333 0.7526042 0.425 0.7526042 0.40333334 0.75416666 0.385 0.7604167 0.36416668 0.7609375 0.33583334 0.75989586 0.3125 0.75989586 0.27416667 0.7604167 0.25 0.76458335 0.20916666 0.7651042 0.19333333 0.76666665 0.19333333 0.76354164 0.16916667 0.7651042 0.16333333
17 0.70625 0.4875 0.7083333 0.49833333 0.71458334 0.50666666 0.73854166 0.54 0.7630208 0.57416666 0.790625 0.61083335 0.8078125 0.6375 0.81614584 0.65166664 0.8203125 0.65416664 0.82916665 0.64666665 0.84166664 0.6458333 0.85364586 0.6458333 0.86927086 0.6433333 0.88697916 0.6483333 0.9 0.6483333 0.9046875 0.6383333 0.925 0.6 0.94114584 0.5625 0.94427085 0.5491667 0.94427085 0.53333336 0.93958336 0.5175 0.92552084 0.50333333 0.9114583 0.48916668 0.89947915 0.475 0.89427084 0.46333334 0.884375 0.46666667 0.87604165 0.46833333 0.865625 0.46583334 0.8421875 0.455 0.8354167 0.45333335 0.81458336 0.46166667 0.8078125 0.47666666 0.75572914 0.48583335
17 0.6223958 0.53 0.6265625 0.5275 0.6265625 0.53333336 0.6296875 0.53333336 0.62864584 0.52916664 0.6354167 0.5258333 0.675 0.5125 0.7114583 0.50333333 0.74010414 0.5416667 0.79114586 0.6116667 0.809375 0.63916665 0.8098958 0.655 0.809375 0.67333335 0.80885416 0.68583333 0.8 0.68333334 0.79270834 0.6875 0.7838542 0.7008333 0.77552086 0.71666664 0.7708333 0.7241667 0.7625 0.7175 0.7552083 0.7175 0.7494792 0.7183333 0.7484375 0.7191667 0.746875 0.7275 0.740625 0.73333335 0.69895834 0.74916667 0.68177086 0.7608333 0.67552084 0.7625 0.659375 0.6975 0.6453125 0.6308333 0.6265625 0.54833335
17 0.7359375 0.7366667 0.7369792 0.745 0.73854166 0.7608333 0.7395833 0.775 0.7369792 0.78583336 0.7328125 0.795 0.72864586 0.8 0.71875 0.8041667 0.70989585 0.80833334 0.7026042 0.80833334 0.69947916 0.80333334 0.6984375 0.7975 0.69427085 0.79833335 0.6859375 0.80333334 0.6765625 0.7633333 0.68125 0.76 0.69322914 0.75333333 0.7 0.74916667 0.7359375 0.735
17 0.90260416 0.87833333 0.915625 0.9033333 0.9203125 0.9166667 0.9213542 0.93 0.9203125 0.93833333 0.915625 0.9458333 0.90625 0.95666665 0.89479166 0.9683333 0.88697916 0.975 0.86875 1.0 0.77552086 1.0 0.76197916 0.965 0.7552083 0.93833333 0.75104165 0.925 0.7505208 0.9075 0.7526042 0.8933333 0.75416666 0.885 0.7546875 0.87333333 0.74583334 0.87083334 0.73854166 0.87083334 0.73333335 0.87416667 0.725 0.87916666 0.7203125 0.88 0.7140625 0.87333333 0.70989585 0.86583334 0.70729166 0.855 0.70677084 0.8408333 0.7083333 0.8283333 0.715625 0.815 0.72083336 0.8041667 0.728125 0.80083334 0.73333335 0.795 0.7369792 0.78583336 0.7395833 0.775 0.7416667 0.76916665 0.75364584 0.75166667 0.76927084 0.725 0.77135414 0.7225 0.78541666 0.6975 0.79270834 0.6875 0.8 0.68333334 0.80885416 0.68583333 0.82135415 0.7075 0.84010416 0.745 0.8541667 0.7708333 0.8671875 0.7991667 0.88697916 0.83916664 0.8953125 0.85833335
17 0.57916665 0.52916664 0.5953125 0.5183333 0.60364586 0.5125 0.61145836 0.51166666 0.6177083 0.5183333 0.62135416 0.5275 0.6244792 0.5391667 0.6614583 0.705 0.6828125 0.7891667 0.68958336 0.81916666 0.690625 0.82916665 0.68541664 0.8466667 0.6828125 0.85 0.671875 0.8575 0.6276042 0.8725 0.59375 0.88 0.584375 0.8833333 0.55677086 0.8858333 0.5515625 0.8808333 0.54583335 0.87333333 0.54270834 0.86583334 0.5416667 0.8425 0.540625 0.82166666 0.54322916 0.81583333 0.54583335 0.80916667 0.54270834 0.79333335 0.5375 0.78333336 0.53020835 0.7758333 0.52239585 0.75666666 0.51458335 0.7325 0.50885415 0.7216667 0.50364584 0.7083333 0.49947917 0.69 0.496875 0.6716667 0.49375 0.65833336 0.48541668 0.61833334 0.48645833 0.6091667 0.490625 0.6 0.49791667 0.595 0.50885415 0.5825 0.51927084 0.5808333 0.5359375 0.56416667 0.56458336 0.5391667
17 0.5875 0.88416666 0.58177084 0.89 0.57395834 0.8958333 0.56927085 0.89916664 0.56614584 0.9 0.56354165 0.8983333 0.559375 0.89666665 0.5541667 0.8933333 0.55260414 0.88916665 0.55052084 0.88416666 0.55052084 0.8808333 0.55677086 0.885 0.5859375 0.8833333 0.58802086 0.8825
17 0.51666665 0.74 0.5229167 0.76916665 0.5338542 0.8175 0.5416667 0.84833336 0.540625 0.82166666 0.54583335 0.80916667 0.54322916 0.79333335 0.53802085 0.7841667 0.5296875 0.775 0.51666665 0.74
17 0.42916667 0.88916665 0.42291668 0.90166664 0.4203125 0.9116667 0.4171875 0.9316667 0.415625 0.9483333 0.421875 0.96 0.4359375 0.9825 0.446875 1.0 0.6333333 1.0 0.6328125 0.99083334 0.6322917 0.9816667 0.6296875 0.9766667 0.62395835 0.9691667 0.62083334 0.9691667 0.6197917 0.9608333 0.60833335 0.9425 0.58229166 0.9025 0.57708335 0.895 0.56927085 0.9 0.56666666 0.9 0.5541667 0.8925 0.55052084 0.8833333 0.5515625 0.88 0.5442708 0.8691667 0.54270834 0.86583334 0.5416667 0.8475 0.53020835 0.80333334 0.5260417 0.795 0.5208333 0.7875 0.5161458 0.7816667 0.5125 0.7775 0.5078125 0.7758333 0.5078125 0.78333336 0.50625 0.79583335 0.50416666 0.8016667 0.5005208 0.80583334 0.49166667 0.81166667 0.47239584 0.81583333 0.46354166 0.82916665 0.45885417 0.8375 0.45260417 0.84583336 0.44739583 0.85333335 0.4390625 0.87083334 0.43333334 0.88166666
17 0.54895836 0.0 0.5520833 0.021666666 0.5515625 0.051666666 0.55052084 0.0775 0.5515625 0.1025 0.55 0.14333333 0.5520833 0.18 0.5515625 0.21 0.55260414 0.22083333 0.559375 0.23166667 0.5651042 0.23666666 0.6125 0.23583333 0.64166665 0.2325 0.66041666 0.23166667 0.65625 0.19 0.6588542 0.18166667 0.66197914 0.1675 0.66510415 0.1625 0.6859375 0.15833333 0.69635415 0.155 0.7036458 0.15166667 0.7026042 0.14166667 0.7 0.10916667 0.69322914 0.059166666 0.6901042 0.039166667 0.6901042 0.025833333 0.69114584 0.0
17 0.63489586 0.235 0.64270836 0.2475 0.6489583 0.26 0.6567708 0.285 0.66510415 0.31583333 0.66875 0.33666667 0.671875 0.36333334 0.675 0.3725 0.675 0.35416666 0.6744792 0.315 0.6744792 0.3075 0.66875 0.28916666 0.66041666 0.23166667 0.6479167 0.2325 0.63854164 0.2325 0.63489586 0.23333333
17 0.6703125 0.475 0.66822916 0.4875 0.66510415 0.49083334 0.659375 0.4975 0.65416664 0.50416666 0.6510417 0.51166666 0.64947915 0.51666665 0.6489583 0.5208333 0.62916666 0.5275 0.6296875 0.5325 0.6276042 0.53333336 0.62604165 0.5275 0.6223958 0.53 0.6177083 0.51916665 0.6119792 0.5108333 0.60520834 0.5125 0.6234375 0.49916667 0.6401042 0.4825 0.653125 0.46916667 0.6640625 0.4575 0.67083335 0.45 0.66979164 0.47083333
17 0.58489585 0.2525 0.5953125 0.24583334 0.60260415 0.24416667 0.6166667 0.23666666 0.634375 0.23416667 0.64635414 0.25416666 0.65208334 0.27 0.6640625 0.315 0.66875 0.335 0.671875 0.36416668 0.6744792 0.37166667 0.67291665 0.41083333 0.6703125 0.45 0.6557292 0.46583334 0.62395835 0.4975 0.6046875 0.5108333 0.59270835 0.5158333 0.584375 0.51916665 0.5708333 0.5325 0.5609375 0.5416667 0.5317708 0.5675 0.5203125 0.5808333 0.50885415 0.58166665 0.50364584 0.58 0.4984375 0.5708333 0.490625 0.5466667 0.47135416 0.4925 0.44427082 0.405 0.44166666 0.3925 0.44114584 0.38166666 0.44270834 0.37 0.44635418 0.36333334 0.45260417 0.35666665 0.4671875 0.34916666 0.48177084 0.33833334 0.49270833 0.32833335 0.5015625 0.3225 0.50885415 0.32 0.51979166 0.31333333 0.5317708 0.30083334 0.54895836 0.285 0.5796875 0.25833333
17 0.51197916 0.051666666 0.5239583 0.051666666 0.528125 0.0575 0.5364583 0.07 0.55104166 0.08916666 0.5515625 0.11083333 0.55 0.14416666 0.5515625 0.17833333 0.55104166 0.20916666 0.553125 0.22166666 0.5572917 0.22833334 0.56458336 0.23583333 0.6177083 0.235 0.615625 0.23666666 0.60364586 0.24416667 0.59583336 0.24583334 0.5875 0.25083333 0.584375 0.25333333 0.5796875 0.25916666 0.54479164 0.28833333 0.53020835 0.30333334 0.5203125 0.31416667 0.5072917 0.32083333 0.5 0.32333332 0.48958334 0.33083335 0.47864583 0.34083334 0.46875 0.34916666 0.46770832 0.34416667 0.46822917 0.33 0.4671875 0.29666665 0.46666667 0.27416667 0.465625 0.25166667 0.46510416 0.23833333 0.47708333 0.23666666 0.49947917 0.23583333 0.51145834 0.23416667 0.5161458 0.22833334 0.5229167 0.22083333 0.52552086 0.21166667 0.52760416 0.1975 0.52760416 0.1675 0.5265625 0.12416667 0.525 0.09583333 0.5229167 0.07 0.52135414 0.06 0.51770836 0.055833332
17 0.38125 0.0 0.378125 0.014166667 0.37447917 0.054166667 0.37083334 0.11666667 0.3703125 0.14083333 0.36979166 0.18083334 0.36979166 0.19916667 0.36979166 0.21833333 0.37395832 0.22583333 0.378125 0.23333333 0.3890625 0.2375 0.409375 0.2375 0.43541667 0.24 0.45364583 0.23666666 0.46770832 0.2375 0.5109375 0.235 0.5229167 0.22166666 0.5265625 0.205 0.52760416 0.19 0.528125 0.15416667 0.52447915 0.08583333 0.521875 0.061666667 0.50989586 0.050833333 0.51354164 0.04 0.51979166 0.023333333 0.5296875 0.0
17 0.35989583 0.15 0.36145833 0.1425 0.365625 0.135 0.37083334 0.13 0.3703125 0.15416667 0.36979166 0.20916666 0.37083334 0.21833333 0.37760416 0.2325 0.38697916 0.2375 0.39427084 0.2375 0.41979167 0.23916666 0.4359375 0.24 0.453125 0.2375 0.46458334 0.2375 0.46614584 0.285 0.46875 0.3475 0.46302083 0.35083333 0.45520833 0.35583332 0.44791666 0.36166668 0.44322917 0.37 0.44114584 0.38 0.44166666 0.3925 0.44895834 0.42166665 0.45885417 0.45166665 0.4515625 0.44916666 0.42135417 0.43333334 0.3921875 0.415 0.36770833 0.40416667 0.3609375 0.40166667 0.35260418 0.39583334 0.3484375 0.38666666 0.340625 0.3775 0.33541667 0.37416667 0.3375 0.34416667 0.34322917 0.30083334 0.35364583 0.215 0.35572916 0.1875 0.35833332 0.17083333 0.359375 0.1575
17 0.23854166 0.335 0.25520834 0.34333333 0.27864584 0.35416666 0.29375 0.36416668 0.29895833 0.36416668 0.30572918 0.35833332 0.31302083 0.34833333 0.3171875 0.33583334 0.3265625 0.2925 0.340625 0.22833334 0.35520834 0.16083333 0.353125 0.14166667 0.34583333 0.12916666 0.33229166 0.119166665 0.31770834 0.111666664 0.28333333 0.096666664 0.24010417 0.07833333 0.23125 0.07416666 0.22083333 0.0775 0.21302083 0.079166666 0.2015625 0.075833336 0.19583334 0.06916667 0.2015625 0.055833332 0.1984375 0.044166666 0.19479166 0.035833333 0.18802084 0.03 0.18333334 0.025833333 0.17552084 0.025833333 0.16875 0.028333334 0.1609375 0.0325 0.15625 0.043333333 0.14895834 0.059166666 0.125 0.12583333 0.106770836 0.175 0.09791667 0.21083333 0.09791667 0.22666667 0.1015625 0.24083333 0.10729167 0.25083333 0.12760417 0.26166666 0.146875 0.275 0.17447917 0.2925 0.19635417 0.30833334 0.22864583 0.32916668
17 0.12291667 0.35583332 0.1109375 0.37833333 0.10572917 0.39083335 0.103125 0.40166667 0.10364583 0.41333333 0.10520833 0.43416667 0.114583336 0.44166666 0.13854167 0.4625 0.175 0.49916667 0.18697916 0.51 0.20364584 0.52 0.20885417 0.5366667 0.21927084 0.55333334 0.24375 0.5808333 0.2546875 0.59166664 0.27291667 0.595 0.28072917 0.5933333 0.28958333 0.58 0.29635417 0.5683333 0.30520833 0.5283333 0.3171875 0.45416668 0.32239583 0.41416666 0.32552084 0.40083334 0.334375 0.39333335 0.340625 0.39333335 0.353125 0.39583334 0.34791666 0.38583332 0.3359375 0.375 0.32864583 0.36583334 0.3109375 0.35166666 0.30520833 0.35833332 0.2984375 0.365 0.2921875 0.36416668 0.28125 0.35583332 0.21875 0.32416666 0.1828125 0.29916668 0.15885417 0.28416666 0.14947917 0.29666665 0.13854167 0.325 0.12864584 0.34583333
17 0.0 0.6575 0.010416667 0.6716667 0.03125 0.6975 0.0640625 0.73583335 0.072916664 0.74916667 0.0796875 0.75333333 0.088541664 0.74916667 0.09583333 0.7441667 0.11145833 0.72333336 0.13177083 0.6875 0.13541667 0.6691667 0.1484375 0.6375 0.16666667 0.60083336 0.17916666 0.5725 0.1796875 0.55916667 0.1765625 0.54 0.17239584 0.5325 0.16041666 0.5208333 0.14947917 0.5075 0.13645834 0.49166667 0.12708333 0.47916666 0.11770833 0.47083333 0.10572917 0.46166667 0.1 0.45666668 0.0921875 0.4575 0.08802083 0.46166667 0.08541667 0.46416667 0.07395833 0.45583335 0.07083333 0.44083333 0.06666667 0.44083333 0.05625 0.45 0.046875 0.44583333 0.0421875 0.43666667 0.036979165 0.4225 0.024479168 0.40916666 0.016145833 0.405 0.0 0.3675
17 0.45364583 0.8183333 0.46770832 0.81583333 0.47864583 0.81333333 0.49479166 0.80916667 0.50364584 0.8025 0.50677085 0.7925 0.5078125 0.7758333 0.5046875 0.74916667 0.4984375 0.6983333 0.49427083 0.665 0.48541668 0.61583334 0.48125 0.5925 0.47604167 0.58 0.46927083 0.5725 0.46354166 0.5675 0.45364583 0.57166666 0.40416667 0.5883333 0.34322917 0.61583334 0.30364582 0.6358333 0.2921875 0.6408333 0.27395833 0.6483333 0.27135417 0.6558333 0.26979166 0.6725 0.27083334 0.6766667 0.29270834 0.675 0.33333334 0.66833335 0.34270832 0.67 0.35 0.68083334 0.35364583 0.68916667 0.35364583 0.72 0.35625 0.8425 0.36354166 0.8383333 0.37135416 0.8383333 0.37916666 0.84166664 0.38958332 0.84 0.42447916 0.8283333 0.44270834 0.82166666
17 0.14479166 0.7733333 0.14375 0.75916666 0.15 0.74 0.159375 0.7216667 0.17135416 0.7025 0.184375 0.6825 0.22864583 0.68083334 0.26614583 0.68 0.29739583 0.6741667 0.3328125 0.66833335 0.34270832 0.6691667 0.35364583 0.6875 0.35572916 0.85083336 0.35625 0.8925 0.35364583 0.9033333 0.34635416 0.91333336 0.34322917 0.91833335 0.33229166 0.91833335 0.31822917 0.9166667 0.27708334 0.915 0.2453125 0.9125 0.19270833 0.9066667 0.1796875 0.9 0.16822916 0.89916664 0.153125 0.9008333 0.14635417 0.8958333 0.14322917 0.885 0.14375 0.875 0.14947917 0.8641667 0.1609375 0.8516667 0.17239584 0.8425 0.17552084 0.8333333 0.17135416 0.82166666 0.16354166 0.8041667 0.15572916 0.79333335 0.14947917 0.7825
17 0.35885417 0.85333335 0.36666667 0.86 0.36927083 0.8666667 0.371875 0.8858333 0.37552083 0.9216667 0.37760416 0.94166666 0.38020834 0.9683333 0.3828125 1.0 0.171875 1.0 0.17083333 0.9658333 0.17135416 0.9325 0.17135416 0.9166667 0.17239584 0.9075 0.17395833 0.90166664 0.1796875 0.9 0.19166666 0.9058333 0.28072917 0.9141667 0.31614584 0.9175 0.3328125 0.91833335 0.34427083 0.9175 0.35364583 0.9025 0.35625 0.8933333 0.35625 0.85333335
17 0.29114583 0.6116667 0.3046875 0.6275 0.3109375 0.6308333 0.31875 0.62916666 0.39427084 0.5925 0.4171875 0.58416665 0.4484375 0.5725 0.46302083 0.5675 0.47239584 0.575 0.47760418 0.5833333 0.48125 0.5933333 0.48541668 0.61583334 0.49010417 0.6025 0.4953125 0.59833336 0.50885415 0.5825 0.50416666 0.5808333 0.49895832 0.5708333 0.459375 0.45166665 0.43697917 0.44166666 0.4046875 0.42333335 0.3671875 0.4025 0.35833332 0.4 0.3515625 0.39666668 0.33541667 0.39333335 0.3265625 0.40083334 0.32239583 0.41166666 0.31927082 0.435 0.3078125 0.515 0.29635417 0.5683333 0.2921875 0.5775 0.29010418 0.5908333 0.28802082 0.59833336 0.28802082 0.6091667
17 0.99114585 0.0 0.971875 0.04916667 0.9609375 0.07666667 0.94947916 0.115 0.93958336 0.155 0.9166667 0.24166666 0.909375 0.26416665 0.9057292 0.26916668 0.896875 0.27583334 0.8890625 0.27583334 0.83802086 0.24583334 0.78020835 0.21 0.7703125 0.2 0.7661458 0.19083333 0.7640625 0.17166667 0.76458335 0.16166666 0.77135414 0.13333334 0.80260414 0.0
