13 0.46822917 0.6725 0.44114584 0.69916666 0.43645832 0.69666666 0.43645832 0.705 0.40572917 0.735 0.39895833 0.7341667 0.3921875 0.72833335 0.39114583 0.7241667 0.47864583 0.65416664 0.48854166 0.6475 0.5338542 0.61083335 0.52135414 0.62166667 0.48229167 0.66
13 0.58125 0.56583333 0.57916665 0.55833334 0.57135415 0.5775 0.5338542 0.61083335 0.5364583 0.61083335 0.57395834 0.5825 0.58177084 0.57666665 0.5828125 0.57
13 0.5796875 0.5566667 0.57916665 0.5416667 0.5630208 0.50083333 0.55677086 0.48333332 0.5677083 0.525 0.57916665 0.55833334
13 0.34427083 0.6025 0.3296875 0.56416667 0.3265625 0.5525 0.32760417 0.5375 0.33020833 0.5316667 0.3421875 0.5725 0.359375 0.6358333 0.36614582 0.6591667 0.35260418 0.62 0.34583333 0.605
13 0.47447917 0.39166668 0.49479166 0.37 0.5015625 0.36583334 0.50625 0.3675 0.5109375 0.37083334 0.503125 0.37666667 0.47291666 0.39833334 0.46041667 0.4075 0.44427082 0.41916665 0.46354166 0.40333334
13 0.78020835 0.75083333 0.75625 0.76916665 0.7453125 0.7775 0.7359375 0.775 0.7296875 0.765 0.69739586 0.64916664 0.684375 0.595 0.6822917 0.58416665 0.68645835 0.5725 0.6890625 0.56583333 0.7515625 0.52916664 0.80052084 0.495 0.846875 0.46166667 0.8625 0.4525 0.87135416 0.44666666 0.88072914 0.45083332 0.88645834 0.46 0.89375 0.49166667 0.90416664 0.5325 0.9234375 0.60583335 0.93177086 0.6333333 0.93072915 0.6483333 0.92291665 0.6625 0.903125 0.6725 0.8625 0.69666666 0.81822914 0.7241667 0.79895836 0.74
13 0.6921875 0.6641667 0.6880208 0.655 0.68854165 0.6408333 0.6921875 0.62833333 0.69739586 0.64916664 0.7104167 0.69416666 0.7036458 0.6825 0.6958333 0.67
13 0.76927084 0.795 0.7552083 0.77 0.78020835 0.75166667 0.79895836 0.74 0.81822914 0.7241667 0.83125 0.71666664 0.8 0.76666665 0.78125 0.79583335 0.77447915 0.8
13 0.9223958 0.5675 0.9166667 0.55333334 0.90625 0.54083335 0.91770834 0.58416665 0.92291665 0.575
13 0.75989586 0.515 0.80104166 0.45333335 0.8265625 0.4175 0.83125 0.4125 0.8375 0.41416666 0.8453125 0.4275 0.8588542 0.45416668 0.846875 0.46083334 0.796875 0.49666667 0.7515625 0.52916664
13 0.62083334 0.39916667 0.6140625 0.38083333 0.6255208 0.29 0.6375 0.19583334 0.65208334 0.09833334 0.6567708 0.06916667 0.6625 0.058333334 0.6744792 0.06 0.7494792 0.08916666 0.790625 0.10583334 0.796875 0.1125 0.7973958 0.12166667 0.7682292 0.3175 0.7494792 0.42 0.7453125 0.43333334 0.74114585 0.44 0.7270833 0.44 0.63645834 0.40583333
13 0.478125 0.655 0.3890625 0.72583336 0.384375 0.72583336 0.328125 0.5233333 0.32916668 0.50916666 0.3359375 0.49583334 0.34479168 0.49166667 0.403125 0.44833332 0.50364584 0.37666667 0.51197916 0.37 0.51875 0.37166667 0.5265625 0.385 0.55104166 0.46333334 0.5677083 0.52416664 0.57916665 0.55833334 0.57135415 0.57666665 0.55 0.5975 0.48854166 0.6475
