11 0.36354166 0.2675 0.36875 0.26916668 0.37604168 0.27583334 0.38177082 0.28583333 0.3828125 0.2925 0.38229167 0.30083334 0.37760416 0.29333332 0.36770833 0.27666667 0.36197916 0.26833335
11 0.24166666 0.29916668 0.2515625 0.295 0.2640625 0.2925 0.26770833 0.2925 0.25677082 0.31583333 0.2453125 0.3425 0.24166666 0.36166668 0.23802084 0.3775 0.23645833 0.34916666 0.23489584 0.32583332 0.2359375 0.3175 0.24010417 0.30583334 0.24114583 0.3025
10 0.24583334 0.49083334 0.24166666 0.45416668 0.24114583 0.43166667 0.24166666 0.4225 0.24791667 0.42916667 0.26927084 0.44916666 0.28125 0.46 0.29322916 0.47 0.3046875 0.47666666 0.328125 0.5 0.36614582 0.535 0.38177082 0.54833335 0.38125 0.5625 0.37916666 0.5733333 0.37083334 0.60083336 0.36614582 0.61083335 0.35885417 0.6175 0.35260418 0.6191667 0.34583333 0.6141667 0.33958334 0.6075 0.33125 0.595 0.32552084 0.58916664 0.3203125 0.5875 0.3171875 0.59 0.31302083 0.59833336 0.30989584 0.60583335 0.30572918 0.60833335 0.28854167 0.61083335 0.2484375 0.6125 0.240625 0.6041667 0.23645833 0.5941667 0.2359375 0.5825 0.23802084 0.57 0.240625 0.565 0.240625 0.55 0.24166666 0.53583336 0.24322917 0.5258333 0.246875 0.5175 0.24895833 0.515 0.24791667 0.505
10 0.24270834 0.655 0.24010417 0.645 0.23958333 0.63416666 0.240625 0.62333333 0.24270834 0.61333334 0.24375 0.6075 0.2484375 0.6116667 0.2640625 0.6116667 0.28802082 0.61083335 0.30625 0.60833335 0.30989584 0.60583335 0.3171875 0.58916664 0.3203125 0.5875 0.32552084 0.58916664 0.33125 0.595 0.33802083 0.605 0.33958334 0.6075 0.34583333 0.6141667 0.35260418 0.6191667 0.35885417 0.6175 0.36614582 0.61083335 0.37083334 0.60083336 0.37864584 0.5758333 0.37864584 0.6166667 0.37864584 0.6691667 0.37708333 0.68583333 0.3734375 0.695 0.3734375 0.7075 0.37447917 0.7158333 0.37604168 0.7266667 0.3796875 0.74666667 0.38020834 0.75333333 0.38072917 0.7875 0.37864584 0.8175 0.3765625 0.8516667 0.37239584 0.86333334 0.36979166 0.8691667 0.36510417 0.87416667 0.3625 0.87666667 0.35677084 0.8775 0.35104167 0.875 0.340625 0.86583334 0.32552084 0.85333335 0.30208334 0.83666664 0.28072917 0.81916666 0.25052083 0.7941667 0.234375 0.77916664 0.22760417 0.76916665 0.22916667 0.7575 0.234375 0.73333335 0.2375 0.7033333 0.240625 0.69 0.2421875 0.6791667 0.24322917 0.66333336 0.24322917 0.6566667
11 0.6234375 0.0 0.63645834 0.018333333 0.6453125 0.028333334 0.6515625 0.0325 0.65729165 0.0
11 0.62291664 0.22416666 0.6041667 0.2375 0.5864583 0.25666666 0.5734375 0.275 0.5651042 0.29083332 0.55833334 0.30416667 0.5552083 0.31083333 0.54791665 0.31833333 0.5375 0.3225 0.5328125 0.32083333 0.5265625 0.31666666 0.51875 0.31083333 0.5125 0.30916667 0.503125 0.31 0.48489583 0.32 0.49010417 0.34333333 0.5140625 0.43 0.5203125 0.455 0.5317708 0.5258333 0.55104166 0.605 0.5541667 0.6166667 0.57395834 0.57666665 0.5921875 0.54333335 0.5921875 0.5308333 0.5932292 0.5158333 0.58229166 0.515 0.5598958 0.5125 0.5541667 0.5075 0.54479164 0.49083334 0.54010415 0.47833332 0.55 0.46666667 0.5651042 0.45666668 0.5755208 0.4525 0.59010416 0.45083332 0.5932292 0.45 0.5963542 0.44583333 0.59947914 0.44083333 0.60260415 0.43416667 0.60364586 0.425 0.6046875 0.405 0.60729164 0.385 0.61302084 0.36833334 0.61875 0.35416666 0.63385415 0.32 0.6380208 0.31083333 0.64270836 0.3175 0.63958335 0.29583332 0.63697916 0.2725 0.6328125 0.255 0.6255208 0.22916667 0.6244792 0.22416666
11 0.6640625 0.73833334 0.64375 0.69916666 0.628125 0.6616667 0.615625 0.6333333 0.6067708 0.60833335 0.5989583 0.58666664 0.5921875 0.56333333 0.5911458 0.5525 0.5921875 0.5425 0.5921875 0.5308333 0.5932292 0.5158333 0.58229166 0.515 0.565625 0.5133333 0.5598958 0.5125 0.5541667 0.5075 0.54479164 0.49083334 0.54010415 0.47833332 0.55 0.46666667 0.5651042 0.45666668 0.5755208 0.4525 0.59010416 0.45083332 0.5932292 0.45 0.596875 0.445 0.59947914 0.44083333 0.60260415 0.43416667 0.60364586 0.425 0.6046875 0.405 0.60729164 0.385 0.6125 0.36916667 0.61875 0.35333332 0.628125 0.3325 0.6380208 0.31083333 0.6484375 0.32583332 0.66302085 0.34333333 0.675 0.36333334 0.68333334 0.3825 0.68645835 0.40083334 0.6880208 0.40916666 0.69114584 0.41916665 0.6958333 0.42666668 0.70104164 0.43166667 0.70989585 0.43666667 0.71875 0.44166666 0.73020834 0.455 0.75104165 0.4825 0.76666665 0.50666666 0.7817708 0.52916664 0.8 0.56 0.79895836 0.56583333 0.7885417 0.58 0.765625 0.60833335 0.7526042 0.62833333 0.71979165 0.665 0.678125 0.7191667
10 0.7005208 0.38916665 0.6947917 0.38333333 0.6869792 0.38166666 0.68333334 0.3825 0.6875 0.405 0.6880208 0.40916666 0.69114584 0.42 0.6958333 0.42666668 0.70104164 0.43166667 0.7114583 0.4375 0.71875 0.44166666 0.72291666 0.44666666 0.7125 0.42083332 0.70416665 0.395 0.7015625 0.39
10 0.7760417 0.49833333 0.7682292 0.495 0.7625 0.495 0.75989586 0.49583334 0.7708333 0.5125 0.78125 0.5283333 0.7838542 0.5325 0.784375 0.52416664 0.7828125 0.515 0.78020835 0.505 0.77760416 0.50083333
10 0.66770834 0.7808333 0.68385416 0.74833333 0.6984375 0.71416664 0.70416665 0.7 0.71302086 0.67333335 0.6927083 0.7 0.6734375 0.725 0.6640625 0.73833334 0.65052086 0.71166664 0.64375 0.69916666 0.6333333 0.6741667 0.62864584 0.6616667 0.62135416 0.6458333 0.615625 0.63416666 0.60729164 0.61 0.60052085 0.5908333 0.5984375 0.585 0.5921875 0.56333333 0.5911458 0.5525 0.5921875 0.54333335 0.58489585 0.5566667 0.571875 0.5808333 0.55052084 0.62333333 0.5442708 0.6383333 0.54322916 0.65 0.54479164 0.6641667 0.54791665 0.6716667 0.5598958 0.685 0.5671875 0.69416666 0.58020836 0.7108333 0.596875 0.735 0.6177083 0.76166666 0.63645834 0.785 0.6479167 0.79333335 0.65416664 0.795 0.66041666 0.79333335 0.66302085 0.78833336
11 0.31302083 0.20166667 0.26822916 0.29083332 0.2453125 0.3425 0.24166666 0.36166668 0.23333333 0.4 0.23229167 0.41166666 0.24791667 0.42916667 0.27916667 0.45833334 0.29322916 0.47 0.3046875 0.47666666 0.34375 0.51416665 0.38489583 0.5516667 0.39583334 0.5625 0.39947918 0.56333333 0.4109375 0.5708333 0.41822916 0.5566667 0.428125 0.5308333 0.43645832 0.50416666 0.446875 0.4675 0.4546875 0.4425 0.46458334 0.41083333 0.48125 0.355 0.46927083 0.34833333 0.45364583 0.34 0.42864582 0.32583332 0.41770834 0.32166666 0.40364584 0.32166666 0.3921875 0.315 0.38645834 0.3075 0.37552083 0.28916666 0.36770833 0.27666667 0.36145833 0.2675 0.3546875 0.25583333 0.34375 0.2425 0.33645833 0.23083334 0.31822917 0.20666666 0.31458333 0.2025
