19 0.31666666 0.30666667 0.39947918 0.3975 0.42239583 0.425 0.42395833 0.44 0.40364584 0.4875 0.39895833 0.4875 0.40104166 0.49333334 0.36770833 0.56666666 0.32291666 0.67 0.31145832 0.6791667 0.30625 0.67583334 0.26614583 0.62166667 0.20729166 0.55916667 0.20416667 0.55333334 0.20364584 0.53833336 0.20416667 0.5366667 0.24583334 0.50916666 0.278125 0.4875 0.28489584 0.47083333 0.28177083 0.4525 0.265625 0.38833332 0.28020832 0.36 0.28645834 0.36 0.28645834 0.35833332 0.28333333 0.3525 0.30104166 0.31083333 0.31145832 0.30666667
19 0.4703125 0.34333333 0.50989586 0.41416666 0.55572915 0.49916667 0.55572915 0.52 0.55572915 0.525 0.5328125 0.5566667 0.5286458 0.5525 0.52552086 0.55333334 0.5286458 0.56166667 0.47760418 0.6333333 0.42708334 0.7033333 0.41666666 0.7058333 0.40989584 0.7008333 0.40729168 0.69666666 0.36875 0.615 0.35625 0.5933333 0.40052083 0.49333334 0.39895833 0.48833334 0.40364584 0.48666668 0.42447916 0.44 0.421875 0.425 0.4109375 0.41 0.42864582 0.38333333 0.43333334 0.38333333 0.434375 0.37583333 0.45885417 0.33916667 0.46458334 0.34
19 0.51145834 0.20666666 0.5578125 0.2625 0.6109375 0.32333332 0.615625 0.33166668 0.61822915 0.34166667 0.6171875 0.34833333 0.575 0.44 0.5520833 0.49083334 0.48541668 0.36916667 0.46979168 0.3425 0.4640625 0.33916667 0.459375 0.33916667 0.43489584 0.375 0.4328125 0.38333333 0.42864582 0.3825 0.4109375 0.41 0.40885416 0.4075 0.415625 0.39166668 0.41875 0.39416668 0.42135417 0.3925 0.42135417 0.38833332 0.41822916 0.385 0.46041667 0.2975 0.48333332 0.24083333 0.49895832 0.20916666 0.5046875 0.20583333
19 0.7875 0.60333335 0.8520833 0.64916664 0.9057292 0.6741667 0.90833336 0.69083333 0.8859375 0.7825 0.86145836 0.89 0.85833335 0.8933333 0.85572916 0.89416665 0.8588542 0.9025 0.8515625 0.9433333 0.84583336 0.955 0.8375 0.95916665 0.8125 0.9458333 0.715625 0.88416666 0.7125 0.87583333 0.71197915 0.86333334 0.72291666 0.81916666 0.7270833 0.81583333 0.72447914 0.81 0.7453125 0.7266667 0.75677085 0.67583334 0.7739583 0.6091667 0.77916664 0.60333335
19 0.72291666 0.6016667 0.75572914 0.615 0.7708333 0.6191667 0.7473958 0.71666664 0.67552084 0.74833333 0.67291665 0.74666667 0.6713542 0.74833333 0.67083335 0.7525 0.63854164 0.76666665 0.64479166 0.755 0.6421875 0.74916667 0.6421875 0.74666667 0.64479166 0.74583334 0.64739585 0.75 0.66614586 0.71 0.6671875 0.6983333 0.6645833 0.68916667 0.659375 0.68083334 0.6078125 0.62166667 0.5963542 0.5625 0.5989583 0.54833335 0.60625 0.5391667 0.6333333 0.525 0.6510417 0.5566667 0.65625 0.56416667 0.66510415 0.5625 0.66875 0.56083333 0.7234375 0.4975 0.72239584 0.5075 0.715625 0.5833333 0.71666664 0.5933333
19 0.5598958 0.5683333 0.6067708 0.62083334 0.6588542 0.68083334 0.665625 0.69 0.6666667 0.695 0.6666667 0.7083333 0.64739585 0.75 0.64479166 0.74583334 0.6421875 0.74583334 0.64270836 0.74916667 0.64479166 0.7558333 0.6375 0.7683333 0.6302083 0.7866667 0.6109375 0.8233333 0.578125 0.9075 0.56822914 0.93333334 0.559375 0.93583333 0.54375 0.925 0.45208332 0.82 0.446875 0.8075 0.4484375 0.7866667 0.521875 0.61833334 0.5234375 0.61833334 0.5296875 0.6191667 0.52552086 0.6091667 0.54583335 0.56916666 0.55052084 0.56666666
19 0.75625 0.375 0.87395835 0.42083332 0.87604165 0.42916667 0.87864584 0.42833334 0.87916666 0.4225 0.90989584 0.43333334 0.9171875 0.44916666 0.9171875 0.46083334 0.90625 0.56166667 0.89427084 0.6525 0.88645834 0.66083336 0.87395835 0.65833336 0.8541667 0.65 0.790625 0.60583335 0.78802085 0.60333335 0.7796875 0.60333335 0.7739583 0.6091667 0.77135414 0.6191667 0.76979166 0.61833334 0.75885415 0.61583334 0.7234375 0.6016667 0.71666664 0.5933333 0.71510416 0.5825 0.72447914 0.49416667 0.7671875 0.4475 0.771875 0.435 0.771875 0.4275 0.76979166 0.41916665 0.7526042 0.38083333 0.746875 0.38166666 0.74895835 0.375
19 0.66822916 0.2 0.7265625 0.32833335 0.7484375 0.375 0.746875 0.38166666 0.753125 0.38083333 0.76979166 0.41916665 0.771875 0.42916667 0.771875 0.43416667 0.7671875 0.4475 0.7239583 0.495 0.7239583 0.4975 0.690625 0.53583336 0.66822916 0.56083333 0.66197914 0.56333333 0.6557292 0.56416667 0.64427084 0.545 0.6333333 0.52416664 0.6322917 0.52 0.6328125 0.5175 0.634375 0.5133333 0.6333333 0.51 0.628125 0.5125 0.5989583 0.4475 0.5854167 0.41833332 0.6171875 0.3475 0.61822915 0.34083334 0.61614585 0.33083335 0.61145836 0.32416666 0.58020836 0.28833333 0.58489585 0.28166667 0.61822915 0.24583334 0.653125 0.2 0.65833336 0.19583334 0.665625 0.19666667
19 0.37239584 0.70416665 0.3234375 0.8666667 0.31979167 0.8808333 0.3140625 0.8908333 0.30572918 0.895 0.2984375 0.8908333 0.18072917 0.8016667 0.18020834 0.795 0.17916666 0.795 0.17604166 0.8 0.146875 0.7775 0.14166667 0.76416665 0.1421875 0.7525 0.18958333 0.60083336 0.19947916 0.56916666 0.20729166 0.56 0.20989583 0.56083333 0.23802084 0.59166664 0.2640625 0.61833334 0.30572918 0.67583334 0.3109375 0.6791667 0.32291666 0.67 0.33177084 0.65 0.36822918 0.6791667 0.37395832 0.69
19 0.08802083 0.28416666 0.19479166 0.21416667 0.209375 0.20666666 0.2203125 0.21083333 0.23229167 0.25916666 0.23020834 0.26416665 0.2296875 0.26666668 0.23541667 0.2675 0.28177083 0.45166665 0.28489584 0.47 0.27760416 0.4875 0.15833333 0.5683333 0.15 0.56416667 0.103125 0.38166666 0.096354164 0.35916665 0.0984375 0.355 0.0984375 0.35083333 0.09427083 0.35083333 0.08385417 0.30666667 0.08541667 0.29416665
