8 0.07395833 0.37 0.09322917 0.36416668 0.10572917 0.35916665 0.12447917 0.34833333 0.1625 0.32666665 0.20104167 0.30083334 0.20885417 0.29583332 0.21510416 0.29666665 0.22135417 0.30166668 0.22552083 0.31 0.23020834 0.33666667 0.24010417 0.38166666 0.25052083 0.4425 0.25625 0.48 0.25520834 0.49416667 0.2515625 0.50333333 0.246875 0.5083333 0.2359375 0.5125 0.21197917 0.52166665 0.19791667 0.5283333 0.17395833 0.5391667 0.15677084 0.5441667 0.14427084 0.55 0.1375 0.55916667 0.1046875 0.5783333 0.079166666 0.59583336 0.07395833 0.5975 0.06458333 0.5941667 0.058854166 0.5833333 0.050520834 0.5491667 0.044791665 0.53 0.038541667 0.50916666 0.033333335 0.4875 0.030208332 0.45833334 0.027604166 0.42083332 0.032291666 0.39833334 0.034895834 0.3925 0.051041666 0.38166666 0.06822917 0.3725 0.071354166 0.37666667
8 0.11875 0.2775 0.12447917 0.32916668 0.13072917 0.32916668 0.13541667 0.34166667 0.10625 0.35916665 0.0828125 0.36666667
8 0.265625 0.25833333 0.27604166 0.29416665 0.28697917 0.32 0.3046875 0.37166667 0.3140625 0.39166668 0.33020833 0.4275 0.34010416 0.44916666 0.3421875 0.46083334 0.340625 0.4675 0.325 0.49 0.31822917 0.49416667 0.303125 0.50416666 0.29375 0.5125 0.28125 0.5208333 0.278125 0.52416664 0.2640625 0.5425 0.24895833 0.56416667 0.24375 0.56916666 0.23489584 0.56916666 0.22708334 0.56333333 0.2234375 0.5575 0.21197917 0.52166665 0.2359375 0.5133333 0.24635416 0.50916666 0.25104168 0.50333333 0.25572917 0.4925 0.25625 0.48 0.240625 0.38083333 0.23072916 0.34 0.22604166 0.31166667 0.22135417 0.30166668 0.21510416 0.29583332 0.20833333 0.29583332 0.1859375 0.31083333 0.16145833 0.3275 0.13541667 0.34166667 0.13020833 0.32833335 0.14270833 0.32083333 0.15416667 0.31583333 0.16197917 0.3125 0.16614583 0.30333334 0.17708333 0.29833335 0.20104167 0.28916666 0.2140625 0.28 0.23489584 0.27416667
8 0.10520833 0.13666667 0.146875 0.119166665 0.153125 0.12 0.171875 0.10916667 0.19270833 0.105 0.21145834 0.094166666 0.234375 0.07666667 0.24635416 0.0725 0.25625 0.07416666 0.2625 0.08083333 0.26666668 0.1025 0.28020832 0.1625 0.2921875 0.21666667 0.2921875 0.225 0.29010418 0.235 0.28697917 0.245 0.28177083 0.25083333 0.265625 0.25916666 0.23489584 0.27416667 0.21458334 0.28 0.20052083 0.29 0.17864583 0.2975 0.16614583 0.30333334 0.16145833 0.3125 0.14322917 0.32 0.13072917 0.32916668 0.125 0.32833335 0.11875 0.275 0.10729167 0.1675
8 0.2921875 0.195 0.31822917 0.19583334 0.39739582 0.19333333 0.40260416 0.195 0.40833333 0.20666666 0.41041666 0.215 0.41041666 0.235 0.39427084 0.22166666 0.38854167 0.22083333 0.38177082 0.22166666 0.3765625 0.22416666 0.37083334 0.23666666 0.34114584 0.3025 0.31614584 0.36166668 0.31510416 0.37 0.315625 0.3825 0.31927082 0.39166668 0.325 0.4 0.3578125 0.43 0.35625 0.44666666 0.34270832 0.46083334 0.340625 0.45 0.3171875 0.3975 0.3046875 0.37166667 0.29010418 0.32916668 0.28385416 0.31333333 0.2765625 0.29583332 0.26614583 0.25916666 0.28229168 0.25083333 0.2875 0.245 0.2921875 0.22666667 0.29166666 0.21416667 0.28802082 0.19833334
8 0.41197917 0.23833333 0.434375 0.26083332 0.4359375 0.2625 0.4453125 0.26916668 0.4546875 0.28083333 0.47447917 0.3025 0.4828125 0.31583333 0.48958334 0.32666665 0.49479166 0.33083335 0.5005208 0.33416668 0.50885415 0.33416668 0.5182292 0.34083334 0.5364583 0.35333332 0.55572915 0.36833334 0.5625 0.37833333 0.56614584 0.39 0.565625 0.4 0.5619792 0.40833333 0.5473958 0.44583333 0.5338542 0.48166665 0.5208333 0.5225 0.5125 0.5466667 0.50625 0.5541667 0.4984375 0.55833334 0.49375 0.5575 0.4890625 0.555 0.4796875 0.545 0.47083333 0.53 0.46041667 0.5133333 0.428125 0.47333333 0.4015625 0.43416667 0.38125 0.4 0.35729167 0.44333333 0.35833332 0.43083334 0.32760417 0.40166667 0.321875 0.39666668 0.31770834 0.38916665 0.315625 0.38166666 0.31510416 0.36916667 0.31666666 0.36 0.34635416 0.29083332 0.37708333 0.22333333 0.38854167 0.22 0.39375 0.22083333 0.4109375 0.235
8 0.17916666 0.5491667 0.20729166 0.52416664 0.21197917 0.5225 0.2234375 0.55833334 0.22760417 0.56416667 0.23541667 0.56916666 0.24322917 0.56916666 0.24895833 0.565 0.26302084 0.545 0.27552083 0.52666664 0.28125 0.5208333 0.29375 0.5125 0.30364582 0.50416666 0.32239583 0.4925 0.31354168 0.50333333 0.2875 0.54333335 0.27447918 0.56666666 0.26614583 0.57916665 0.26354167 0.5908333 0.26302084 0.5991667 0.26302084 0.605 0.2703125 0.62 0.24791667 0.62166667 0.23854166 0.62416667 0.23072916 0.62666667 0.22291666 0.62 0.21666667 0.6125 0.2078125 0.59833336 0.2078125 0.58916664 0.20520833 0.5758333 0.20260416 0.565 0.196875 0.56083333 0.17239584 0.55833334
8 0.15364583 0.55583334 0.1546875 0.54583335 0.17291667 0.54 0.20416667 0.5258333 0.17916666 0.5491667 0.171875 0.55833334 0.15364583 0.55916667
8 0.16354166 0.7216667 0.22291666 0.69 0.29427084 0.6533333 0.34427083 0.625 0.35729167 0.6191667 0.365625 0.6225 0.37395832 0.6275 0.3765625 0.6375 0.3828125 0.6925 0.38489583 0.70666665 0.3875 0.7175 0.38802084 0.73333335 0.3890625 0.7375 0.3890625 0.7558333 0.3921875 0.7625 0.3984375 0.76916665 0.40416667 0.7808333 0.40677083 0.795 0.4046875 0.80583334 0.3984375 0.81666666 0.36614582 0.8308333 0.33177084 0.84833336 0.30729166 0.86583334 0.25208333 0.905 0.20364584 0.93583333 0.1953125 0.93333334 0.19114584 0.9316667 0.18802084 0.9241667 0.18489583 0.9075 0.16458334 0.81083333 0.15104167 0.75166667 0.1546875 0.73333335
8 0.12760417 0.9291667 0.12135417 0.91833335 0.12083333 0.91 0.1484375 0.7658333 0.15104167 0.7525 0.18802084 0.9241667 0.190625 0.9316667 0.2046875 0.93666667 0.26875 0.89416665 0.259375 0.9483333 0.25520834 0.96166664 0.24895833 0.9716667 0.24270834 0.9716667 0.15885417 0.9375 0.14322917 0.93416667
8 0.27083334 0.62083334 0.28385416 0.6225 0.29114583 0.6275 0.29635417 0.63666666 0.29947916 0.65 0.20833333 0.6975 0.16302083 0.72083336 0.15520833 0.7325 0.16614583 0.65166664 0.17291667 0.6041667 0.17916666 0.5925 0.19375 0.5883333 0.2078125 0.6 0.21197917 0.60583335 0.21614583 0.6116667 0.22239584 0.6191667 0.23072916 0.62583333 0.24739583 0.62083334
8 0.41979167 0.6325 0.40989584 0.64666665 0.40104166 0.6625 0.38333333 0.6933333 0.37708333 0.64 0.3734375 0.6275 0.36510417 0.6225 0.3578125 0.6191667 0.3421875 0.62666667 0.3 0.65 0.29635417 0.63666666 0.29114583 0.6275 0.284375 0.6225 0.2703125 0.62083334 0.26302084 0.605 0.2640625 0.59166664 0.26666668 0.57916665 0.28958333 0.54083335 0.3125 0.505 0.3234375 0.49083334 0.340625 0.4675 0.34322917 0.46083334 0.35625 0.44666666 0.35833332 0.4425 0.38125 0.4 0.39947918 0.43083334 0.4296875 0.475 0.46041667 0.51416665 0.478125 0.54333335 0.48177084 0.5475 0.47760418 0.55833334 0.46927083 0.5758333 0.4640625 0.5833333 0.45833334 0.58666664 0.45260417 0.58916664 0.44427082 0.5975
8 0.4234375 0.64416665 0.4125 0.64416665 0.44375 0.5991667 0.44114584 0.6075
8 0.39479166 0.7008333 0.41510418 0.6666667 0.4234375 0.645 0.44166666 0.605 0.44375 0.59833336 0.45260417 0.58916664 0.46510416 0.5825 0.46927083 0.5775 0.48125 0.5475 0.48854166 0.555 0.49791667 0.5575 0.5052083 0.555 0.51197916 0.5466667 0.5208333 0.5208333 0.5338542 0.48166665 0.55052084 0.505 0.5625 0.52166665 0.56875 0.535 0.57604164 0.54 0.5854167 0.54333335 0.59375 0.545 0.6020833 0.55083334 0.60625 0.55833334 0.6078125 0.5683333 0.60260415 0.58 0.575 0.63916665 0.54322916 0.725 0.5239583 0.7808333 0.5109375 0.8125 0.503125 0.8308333 0.49635416 0.83916664 0.49010417 0.8425 0.48072916 0.8425 0.478125 0.84 0.44010416 0.8 0.42083332 0.7783333 0.3921875 0.74583334 0.38854167 0.7375 0.38802084 0.73083335 0.38802084 0.71666664
8 0.50677085 0.84583336 0.51875 0.8433333 0.534375 0.83916664 0.55833334 0.8258333 0.58020836 0.815 0.584375 0.82166666 0.5921875 0.82666665 0.67760414 0.885 0.69166666 0.95666665 0.6921875 0.9683333 0.6890625 0.9816667 0.68333334 0.9891667 0.65520835 1.0 0.46875 1.0 0.45416668 0.9175 0.45104167 0.8933333 0.45260417 0.87833333 0.459375 0.8666667 0.47083333 0.8616667 0.50104165 0.8475 0.50416666 0.85083336
8 0.5598958 0.5075 0.59479165 0.5133333 0.6140625 0.515 0.6510417 0.51666665 0.63645834 0.56333333 0.615625 0.6383333 0.59791666 0.69416666 0.59270835 0.7158333 0.5885417 0.74 0.5786458 0.78833336 0.5776042 0.8016667 0.578125 0.80833334 0.57447916 0.80833334 0.51197916 0.81083333 0.52447915 0.7808333 0.5442708 0.72333336 0.57447916 0.6408333 0.60260415 0.57916665 0.60833335 0.5683333 0.6067708 0.5575 0.60260415 0.55083334 0.5942708 0.545 0.58020836 0.5416667 0.575 0.5391667 0.56927085 0.535 0.5630208 0.52166665 0.553125 0.50916666
8 0.65260416 0.5108333 0.6588542 0.50166667 0.665625 0.5 0.6703125 0.5025 0.68125 0.5108333 0.6875 0.5183333 0.7 0.54083335 0.71197915 0.54583335 0.72291666 0.55 0.7390625 0.56166667 0.76145834 0.57916665 0.7630208 0.5883333 0.7640625 0.5966667 0.76197916 0.6091667 0.7526042 0.6375 0.7427083 0.66333336 0.7395833 0.6725 0.7348958 0.6983333 0.72552085 0.7291667 0.7192708 0.7583333 0.7036458 0.81166667 0.70104164 0.82166666 0.6958333 0.8466667 0.6947917 0.8566667 0.69739586 0.87333333 0.6958333 0.8825 0.69322914 0.8875 0.68854165 0.8908333 0.67760414 0.885 0.66822916 0.87916666 0.61302084 0.8408333 0.58385414 0.8208333 0.58020836 0.815 0.578125 0.8075 0.5776042 0.8016667 0.5786458 0.78583336 0.58958334 0.7366667 0.59270835 0.7158333 0.5984375 0.6925 0.6166667 0.635 0.63645834 0.5625 0.6510417 0.5158333
8 0.69114584 0.5175 0.6921875 0.52166665 0.69375 0.5208333 0.6947917 0.5158333 0.7265625 0.51916665 0.7348958 0.52166665 0.740625 0.5283333 0.7447917 0.53833336 0.7453125 0.5416667 0.74427086 0.56583333 0.7234375 0.5491667 0.7005208 0.5416667 0.6869792 0.5183333
8 0.74791664 0.68 0.7682292 0.70416665 0.77552086 0.71166664 0.78697914 0.7191667 0.79479164 0.72833335 0.8151042 0.75333333 0.82604164 0.7625 0.8546875 0.77916664 0.8723958 0.79333335 0.89375 0.81666666 0.896875 0.8258333 0.9 0.8375 0.896875 0.8516667 0.88697916 0.875 0.88125 0.8875 0.875 0.9091667 0.8677083 0.94083333 0.8489583 1.0 0.83177084 1.0 0.82447916 0.9925 0.80885416 0.9766667 0.78697914 0.96 0.765625 0.93416667 0.73645836 0.9075 0.69739586 0.87166667 0.6947917 0.8566667 0.6958333 0.84583336 0.70416665 0.80916667 0.72083336 0.75416666 0.725 0.73083335 0.7348958 0.6983333 0.740625 0.67
8 0.74427086 0.45166665 0.8015625 0.42 0.8286458 0.405 0.840625 0.39583334 0.8515625 0.38333333 0.871875 0.36666667 0.8989583 0.34833333 0.91614586 0.4175 0.94427085 0.5475 0.9369792 0.55333334 0.9244792 0.55916667 0.9140625 0.56083333 0.8984375 0.55916667 0.8723958 0.5758333 0.83020836 0.61 0.7828125 0.645 0.77708334 0.6425 0.77135414 0.6383333 0.76770836 0.6325 0.76197916 0.61 0.7640625 0.5966667 0.76197916 0.58 0.7546875 0.57416666 0.7484375 0.545 0.7359375 0.49666667 0.7328125 0.4825 0.73333335 0.46666667 0.7369792 0.45583335
8 0.0 0.54083335 0.047916666 0.54833335 0.050520834 0.5491667 0.058333334 0.58416665 0.0640625 0.5941667 0.072916664 0.59833336 0.079166666 0.5966667 0.10208333 0.58 0.13802083 0.55916667 0.17864583 0.55833334 0.196875 0.56 0.20208333 0.56583333 0.20625 0.57916665 0.20729166 0.59 0.20729166 0.6 0.19322917 0.5883333 0.18541667 0.59 0.17916666 0.5925 0.17239584 0.6041667 0.15625 0.7266667 0.1484375 0.7633333 0.14010416 0.76416665 0.09010417 0.76166666 0.0578125 0.7633333 0.019270834 0.7683333 0.0 0.7708333
