2 0.3953125 0.5391667 0.4578125 0.49166667 0.4828125 0.4725 0.53020835 0.4375 0.54322916 0.42916667 0.53489584 0.46416667 0.54270834 0.49333334 0.5520833 0.4975 0.55572915 0.49583334 0.5796875 0.47833332 0.63385415 0.66333336 0.6489583 0.71166664 0.64739585 0.7191667 0.6479167 0.7191667 0.65 0.7191667 0.65833336 0.755 0.6614583 0.7658333 0.59791666 0.8175 0.5078125 0.8883333 0.49895832 0.8958333 0.484375 0.84833336 0.48489583 0.8408333 0.48177084 0.8408333 0.43177083 0.66083336 0.39947918 0.5516667
10 0.38125 0.53833336 0.37552083 0.55333334 0.3796875 0.62583333 0.38645834 0.6575 0.39375 0.68083334 0.38958332 0.68916667 0.37604168 0.69083333 0.36770833 0.6958333 0.35885417 0.7291667 0.3609375 0.74083334 0.36666667 0.75083333 0.37760416 0.755 0.41302082 0.7625 0.43125 0.7758333 0.43802083 0.77666664 0.44739583 0.7733333 0.465625 0.7866667 0.4640625 0.7775 0.42552084 0.64 0.3953125 0.5391667 0.40260416 0.53333336 0.39010417 0.53
12 0.29375 0.62416667 0.33229166 0.6375 0.38541666 0.6533333 0.39322916 0.68083334 0.38958332 0.68833333 0.37760416 0.69 0.36770833 0.6958333 0.35885417 0.7291667 0.3609375 0.7425 0.36666667 0.75083333 0.41458333 0.7633333 0.43177083 0.7758333 0.43958333 0.77666664 0.446875 0.7733333 0.46614584 0.7875 0.48229167 0.84 0.48489583 0.8408333 0.484375 0.84833336 0.490625 0.8691667 0.47760418 0.8675 0.39166668 0.835 0.38125 0.83166665 0.33333334 0.82166666 0.27395833 0.81083333 0.26614583 0.80833334 0.27083334 0.765 0.27864584 0.72333336 0.28385416 0.68916667 0.28645834 0.6766667 0.28541666 0.6666667 0.28854167 0.6591667 0.28854167 0.65166664 0.29114583 0.64416665 0.29010418 0.63666666 0.29322916 0.62916666
19 0.15208334 0.44083333 0.21302083 0.45166665 0.27239582 0.455 0.28229168 0.47 0.28229168 0.48333332 0.27395833 0.6775 0.26875 0.6816667 0.26927084 0.68416667 0.271875 0.68666667 0.2703125 0.7375 0.25989583 0.75 0.25052083 0.75 0.1453125 0.735 0.1375 0.7291667 0.13177083 0.715 0.13333334 0.67083335 0.13854167 0.665 0.13489583 0.66083336 0.14166667 0.49833333 0.14322917 0.45166665 0.14739583 0.4425
16 0.3734375 0.14166667 0.44322917 0.2225 0.48072916 0.26583335 0.48697916 0.27666667 0.46458334 0.34833333 0.44427082 0.37 0.45 0.38166666 0.50208336 0.41833332 0.50677085 0.42 0.50677085 0.41166666 0.5083333 0.385 0.52239585 0.345 0.53333336 0.36833334 0.54114586 0.38333333 0.54479164 0.40166667 0.54375 0.425 0.540625 0.42916667 0.45833334 0.49 0.4125 0.525 0.34947917 0.4575 0.32760417 0.42083332 0.30052084 0.3975 0.29114583 0.32583332 0.31354168 0.29916668 0.32447916 0.25583333 0.3671875 0.14666666
18 0.63125 0.43916667 0.6333333 0.44916666 0.63072914 0.46916667 0.60520834 0.47583333 0.5911458 0.50166667 0.5859375 0.49916667 0.5796875 0.47833332 0.58229166 0.47333333 0.621875 0.445
11 0.6432292 0.44 0.70104164 0.42583334 0.7192708 0.42 0.7416667 0.4225 0.74010414 0.45 0.7328125 0.5108333 0.7234375 0.5416667 0.72083336 0.5566667 0.7270833 0.575 0.7375 0.59166664 0.75572914 0.6116667 0.76875 0.6358333 0.76927084 0.63666666 0.7359375 0.64666665 0.68125 0.66083336 0.65989584 0.6716667 0.6411458 0.685 0.62864584 0.6458333 0.5859375 0.5 0.5911458 0.50166667 0.60520834 0.47583333 0.63072914 0.46916667 0.63385415 0.45 0.6322917 0.4425
0 0.68177086 0.0225 0.7609375 0.079166666 0.8255208 0.11666667 0.88072914 0.13833334 0.8796875 0.15166667 0.8489583 0.2025 0.83020836 0.2425 0.81041664 0.34416667 0.7973958 0.405 0.790625 0.44583333 0.7807292 0.47083333 0.7765625 0.47083333 0.7416667 0.4375 0.7421875 0.42166665 0.7260417 0.42083332 0.70104164 0.39083335 0.69166666 0.38916665 0.67760414 0.38583332 0.66979164 0.3625 0.66197914 0.35166666 0.65833336 0.3425 0.634375 0.32 0.6380208 0.31583333 0.64739585 0.28416666 0.6635417 0.19916667 0.66770834 0.16916667 0.6692708 0.09583333 0.675 0.045 0.67291665 0.04 0.67604166 0.025833333 0.678125 0.021666666
21 0.5182292 0.05 0.5796875 0.0475 0.65260416 0.04083333 0.65989584 0.044166666 0.665625 0.060833335 0.66875 0.090833336 0.66822916 0.17083333 0.6489583 0.2775 0.6390625 0.31333333 0.63385415 0.32 0.65833336 0.34166667 0.6614583 0.35083333 0.66875 0.36083335 0.678125 0.38916665 0.678125 0.41833332 0.6723958 0.42916667 0.65 0.4325 0.63125 0.44 0.6255208 0.44333333 0.58177084 0.47333333 0.57916665 0.4775 0.5520833 0.4975 0.54270834 0.49333334 0.534375 0.46333334 0.54375 0.4275 0.54479164 0.42583334 0.54583335 0.40333334 0.5416667 0.385 0.5239583 0.34833333 0.51875 0.32333332 0.509375 0.23416667 0.50625 0.2 0.503125 0.125 0.50208336 0.06666667 0.509375 0.055833332
19 0.50677085 0.2175 0.48697916 0.275 0.48802084 0.2775 0.471875 0.32833335 0.46510416 0.35 0.44427082 0.37083334 0.45052084 0.38166666 0.453125 0.38416666 0.50104165 0.41833332 0.5072917 0.42083332 0.50885415 0.38583332 0.5229167 0.345 0.51875 0.3225 0.5078125 0.21666667
18 0.46614584 0.23916666 0.4875 0.2125 0.49583334 0.21166667 0.5052083 0.215 0.50572914 0.21916667 0.48645833 0.27583334 0.48072916 0.265 0.4625 0.245
20 0.68177086 0.75083333 0.70416665 0.77 0.7203125 0.77916664 0.75104165 0.77416664 0.8359375 0.7733333 0.84479165 0.78 0.8520833 0.80333334 0.85 0.88 0.8677083 1.0 0.69947916 1.0 0.6609375 0.985 0.5703125 0.97 0.48645833 0.96166664 0.47708333 0.9533333 0.475 0.9425 0.47708333 0.8691667 0.478125 0.86833334 0.49114582 0.87 0.49947917 0.895 0.53020835 0.87083334 0.60833335 0.81 0.6614583 0.7658333 0.6557292 0.74333334 0.6692708 0.74666667
