12 0.39010417 0.22666667 0.4484375 0.30083334 0.41458333 0.3875 0.37291667 0.45666668 0.34427083 0.5208333 0.29895833 0.595 0.22447917 0.5025 0.25729167 0.53333336 0.27604166 0.495 0.31302083 0.37166667 0.346875 0.27416667 0.38125 0.2175
12 0.5364583 0.105 0.4828125 0.22416666 0.46510416 0.2525 0.44479167 0.29583332 0.4484375 0.30333334 0.41614583 0.385 0.39635417 0.415 0.409375 0.42833334 0.45520833 0.46666667 0.47760418 0.48083332 0.5 0.40416667 0.5182292 0.36833334 0.540625 0.32833335 0.55625 0.2875 0.6020833 0.19333333 0.56145835 0.1275 0.54479164 0.11083333
12 0.50572914 0.88166666 0.48541668 0.91333336 0.43541667 1.0 0.58802086 1.0 0.55572915 0.9483333 0.5375 0.9075 0.5161458 0.87833333
12 0.36927083 0.47833332 0.47447917 0.6408333 0.5359375 0.72333336 0.5375 0.7316667 0.49375 0.8175 0.4703125 0.86 0.43802083 0.8125 0.38958332 0.74666667 0.31927082 0.66083336 0.28958333 0.6125 0.30052084 0.58916664 0.34739584 0.51416665 0.36197916 0.48083332
12 0.6979167 0.975 0.69114584 1.0 0.5890625 1.0 0.55625 0.9483333 0.5375 0.9091667 0.5171875 0.87833333 0.50416666 0.8808333 0.49583334 0.8958333 0.471875 0.85833335 0.49270833 0.8175 0.53697914 0.73083335 0.5677083 0.7733333 0.603125 0.8375 0.6197917 0.86083335 0.634375 0.87416667 0.6588542 0.9166667 0.6692708 0.9291667 0.6828125 0.9433333 0.690625 0.95916665
12 0.46145833 0.4975 0.47447917 0.47916666 0.478125 0.4825 0.48177084 0.46666667 0.50625 0.43916667 0.59791666 0.33166668 0.64947915 0.27666667 0.66197914 0.31166667 0.678125 0.34083334 0.7109375 0.41916665 0.6947917 0.43583333 0.65989584 0.37833333 0.63854164 0.34583333 0.6302083 0.35916665 0.6109375 0.38833332 0.578125 0.45333335 0.5078125 0.56583333 0.49739584 0.58 0.4671875 0.5158333
12 0.4703125 0.62416667 0.4984375 0.57916665 0.53697914 0.5183333 0.58020836 0.45166665 0.6109375 0.38833332 0.63854164 0.34666666 0.6958333 0.43916667 0.70416665 0.4575 0.65416664 0.50166667 0.6203125 0.52916664 0.5239583 0.5883333 0.54375 0.6575 0.55260414 0.715 0.54270834 0.74083334 0.53802085 0.7341667 0.5359375 0.7216667 0.47083333 0.635
12 0.6276042 0.67 0.55052084 0.72583336 0.55260414 0.715 0.54270834 0.6558333 0.5239583 0.5883333 0.5963542 0.5441667 0.63489586 0.51666665 0.70520836 0.45916668 0.7046875 0.45666668 0.73125 0.44 0.7447917 0.48 0.76145834 0.53583336 0.771875 0.5783333 0.7661458 0.59833336 0.7505208 0.625 0.7036458 0.63916665 0.6411458 0.6666667
12 0.77239585 0.46833333 0.72552085 0.38083333 0.6770833 0.30166668 0.65208334 0.255 0.7171875 0.155 0.7739583 0.2425 0.80885416 0.305 0.8354167 0.35583332 0.85260415 0.39 0.8765625 0.43166667 0.8177083 0.5125 0.80364585 0.52916664
12 0.30729166 0.13 0.28854167 0.16916667 0.203125 0.36833334 0.1671875 0.43583333 0.25833333 0.5341667 0.27447918 0.49666667 0.28333333 0.46666667 0.30729166 0.38666666 0.325 0.34 0.34739584 0.27416667 0.3875 0.20416667 0.3640625 0.1925 0.34322917 0.16916667 0.3234375 0.14583333
