6 0.15052083 0.2475 0.134375 0.2975 0.12291667 0.33333334 0.11354167 0.3575 0.10208333 0.38416666 0.08958333 0.40916666 0.08177083 0.43333334 0.10989583 0.45166665 0.13802083 0.46833333 0.15052083 0.48166665 0.17552084 0.5083333 0.18125 0.5108333 0.184375 0.49916667 0.18645833 0.48833334 0.18489583 0.48416665 0.18697916 0.48416665 0.18802084 0.48083332 0.20625 0.41666666 0.21197917 0.4025 0.2265625 0.3675 0.24270834 0.32666665 0.25 0.31083333 0.25416666 0.305 0.2578125 0.29583332 0.25833333 0.28583333 0.23125 0.26416665 0.23072916 0.26583335 0.2125 0.30916667 0.18020834 0.27083334 0.15208334 0.24083333
6 0.19791667 0.46833333 0.2234375 0.48083332 0.23020834 0.48166665 0.2390625 0.4825 0.24375 0.495 0.25104168 0.50916666 0.2828125 0.5541667 0.29010418 0.56166667 0.2921875 0.5441667 0.30520833 0.49666667 0.315625 0.43916667 0.32291666 0.385 0.30260417 0.37166667 0.2765625 0.34333333 0.253125 0.31916666 0.2484375 0.31416667 0.2421875 0.32666665 0.22708334 0.36583334 0.21197917 0.40166667 0.20572917 0.4175 0.19270833 0.465
6 0.328125 0.33833334 0.32708332 0.35083333 0.321875 0.39083335 0.315625 0.43833333 0.30520833 0.49666667 0.2921875 0.5441667 0.28958333 0.5683333 0.2921875 0.57166666 0.3265625 0.58916664 0.36145833 0.6041667 0.4015625 0.62166667 0.4046875 0.6166667 0.4078125 0.5883333 0.4125 0.54333335 0.415625 0.51 0.42239583 0.43166667 0.42552084 0.42916667 0.4421875 0.3975 0.44583333 0.37333333 0.41666666 0.36 0.3828125 0.34166667 0.33229166 0.32083333
6 0.34635416 0.275 0.3625 0.33333334 0.38333333 0.34166667 0.41666666 0.36 0.44583333 0.37333333 0.4421875 0.3975 0.43854168 0.40416667 0.44322917 0.4 0.46979168 0.3775 0.48541668 0.3725 0.5182292 0.35666665 0.525 0.355 0.5359375 0.34666666 0.53333336 0.34083334 0.51979166 0.28416666 0.50989586 0.24666667 0.49114582 0.18833333 0.49114582 0.17666666 0.47916666 0.1775 0.47291666 0.185 0.44739583 0.21 0.425 0.2275 0.40729168 0.24 0.38177082 0.255 0.3625 0.26583335 0.35520834 0.26666668
6 0.428125 0.51 0.42395833 0.5341667 0.40989584 0.565 0.4078125 0.5875 0.4046875 0.6166667 0.4015625 0.62083334 0.3890625 0.61583334 0.37239584 0.67 0.3890625 0.68083334 0.39270833 0.68 0.39947918 0.685 0.47083333 0.72583336 0.51197916 0.755 0.5260417 0.7633333 0.54479164 0.67583334 0.5494792 0.6616667 0.5619792 0.60333335 0.5640625 0.595 0.5572917 0.5875 0.54583335 0.57916665 0.5416667 0.58 0.49791667 0.56166667 0.47447917 0.55 0.46927083 0.5525 0.46614584 0.54583335 0.44479167 0.53 0.43385416 0.52 0.4296875 0.5133333
6 0.31979167 0.67333335 0.33333334 0.6825 0.34427083 0.6933333 0.3515625 0.6825 0.353125 0.6741667 0.36770833 0.6066667 0.32395834 0.5875 0.34479168 0.6225 0.346875 0.6333333 0.33385417 0.6508333 0.31666666 0.6675
6 0.3140625 0.6691667 0.30104166 0.68 0.290625 0.6933333 0.26510417 0.715 0.2578125 0.73333335 0.2421875 0.76916665 0.2265625 0.78583336 0.2234375 0.78833336 0.19791667 0.7225 0.18333334 0.69416666 0.16302083 0.63916665 0.178125 0.62 0.18125 0.6191667 0.21302083 0.5833333 0.22604166 0.57166666 0.23541667 0.54833335 0.25885418 0.52 0.2828125 0.5541667 0.29010418 0.56083333 0.28958333 0.5675 0.29114583 0.5708333 0.30260417 0.57666665 0.32447916 0.5875 0.34479168 0.6225 0.346875 0.6333333 0.33333334 0.65166664 0.31614584 0.6675
6 0.59010416 0.49583334 0.58020836 0.49583334 0.57395834 0.5158333 0.5640625 0.57166666 0.5625 0.5925 0.5640625 0.595 0.5598958 0.6125 0.55677086 0.67083335 0.5671875 0.6716667 0.6177083 0.68666667 0.6265625 0.68833333 0.6302083 0.69666666 0.67395836 0.73083335 0.67552084 0.7291667 0.6770833 0.7325 0.69322914 0.74 0.6953125 0.7341667 0.70520836 0.66583335 0.71302086 0.62416667 0.72239584 0.5783333 0.7234375 0.56583333 0.7161458 0.55916667 0.70885414 0.575 0.7057292 0.58916664 0.69114584 0.64 0.67864585 0.68916667 0.6723958 0.7083333 0.6567708 0.69666666 0.6276042 0.6641667 0.61510414 0.6525 0.5864583 0.6225 0.575 0.605 0.58229166 0.58166665 0.59375 0.56083333 0.60364586 0.53583336 0.6109375 0.51 0.59739584 0.5025 0.59270835 0.49833333
6 0.6322917 0.44083333 0.6265625 0.46416667 0.6166667 0.4925 0.61041665 0.51166666 0.60364586 0.53583336 0.59375 0.56083333 0.58229166 0.58166665 0.575 0.605 0.5864583 0.6225 0.6109375 0.6483333 0.61510414 0.6525 0.62708336 0.6641667 0.6567708 0.69666666 0.6723958 0.7083333 0.6791667 0.6875 0.69166666 0.6383333 0.7057292 0.58916664 0.70885414 0.575 0.7161458 0.55833334 0.73072916 0.5208333 0.7359375 0.5075 0.740625 0.49583334 0.7421875 0.48416665 0.73333335 0.48416665 0.7015625 0.445 0.66302085 0.40333334 0.65 0.38583332 0.6401042 0.41166666
6 0.15260416 0.023333333 0.122395836 0.085 0.088541664 0.1725 0.090625 0.17833333 0.10104167 0.19 0.10520833 0.19333333 0.15260416 0.24166666 0.18125 0.27166668 0.20260416 0.29666665 0.2125 0.30916667 0.23125 0.26416665 0.23697917 0.2575 0.23802084 0.24166666 0.25416666 0.1825 0.26145834 0.15833333 0.26302084 0.13916667 0.25677082 0.13583334 0.22760417 0.12 0.2140625 0.11416667 0.2109375 0.09583333 0.20364584 0.0875 0.17760417 0.053333335 0.1625 0.031666666 0.15416667 0.0225
