20 0.8130208 0.9175 0.8046875 0.9 0.79010415 0.8641667 0.7682292 0.7725 0.7572917 0.71166664 0.7552083 0.70666665 0.740625 0.7033333 0.73072916 0.6716667 0.70989585 0.6816667 0.68125 0.69666666 0.66979164 0.7058333 0.64375 0.715 0.61302084 0.6983333 0.60052085 0.6975 0.61041665 0.7558333 0.63177085 0.8275 0.6515625 0.88166666 0.6588542 0.91333336 0.6791667 1.0 0.7078125 0.9891667 0.7447917 0.97583336 0.7890625 0.9583333 0.80885416 0.9425 0.8109375 0.93
20 0.9192708 0.28083333 0.90625 0.255 0.8697917 0.17916666 0.8489583 0.115 0.8453125 0.1075 0.8177083 0.123333335 0.7494792 0.205 0.6984375 0.28083333 0.640625 0.35083333 0.6322917 0.35416666 0.61614585 0.355 0.59166664 0.37916666 0.578125 0.3975 0.60052085 0.43333334 0.6375 0.49 0.659375 0.5316667 0.66875 0.5525 0.67604166 0.57 0.67760414 0.5833333 0.67604166 0.5975 0.68958336 0.5733333 0.7083333 0.5416667 0.7203125 0.5158333 0.7291667 0.5083333 0.7390625 0.5083333 0.7453125 0.495 0.7640625 0.46666667 0.78020835 0.45416668 0.79322916 0.445 0.89166665 0.335 0.91302085 0.3075 0.91979164 0.295 0.9192708 0.28833333
20 0.56927085 0.7241667 0.5572917 0.72083336 0.55 0.7125 0.54895836 0.69916666 0.55260414 0.68333334 0.54895836 0.6691667 0.50416666 0.61333334 0.48802084 0.58166665 0.50677085 0.5441667 0.5338542 0.51166666 0.546875 0.50083333 0.54895836 0.48333332 0.5442708 0.46083334 0.5083333 0.38833332 0.49739584 0.37 0.4953125 0.36333334 0.49739584 0.34583333 0.4953125 0.33166668 0.5026042 0.32083333 0.509375 0.30416667 0.51666665 0.29666665 0.51875 0.30333334 0.559375 0.3675 0.58125 0.40083334 0.6244792 0.47 0.64739585 0.5075 0.66770834 0.55 0.678125 0.575 0.6770833 0.5925 0.675 0.60083336 0.64635414 0.6408333 0.615625 0.6691667 0.61145836 0.6716667 0.59739584 0.69416666 0.58697915 0.7058333 0.58177084 0.7125 0.5765625 0.72
20 0.4640625 0.31083333 0.45989582 0.305 0.453125 0.30083334 0.4453125 0.3 0.4390625 0.30166668 0.4234375 0.31916666 0.38125 0.37833333 0.36927083 0.41 0.35416666 0.45416668 0.34427083 0.475 0.32864583 0.5225 0.29635417 0.6125 0.24895833 0.68666667 0.22447917 0.7391667 0.21979167 0.7583333 0.2203125 0.7725 0.22239584 0.7841667 0.22916667 0.8041667 0.2453125 0.83 0.25260416 0.84 0.2625 0.845 0.271875 0.83416665 0.2765625 0.83916664 0.28125 0.8591667 0.2828125 0.8775 0.28645834 0.8833333 0.29166666 0.8883333 0.29635417 0.89 0.303125 0.87833333 0.30729166 0.87 0.3515625 0.83 0.38489583 0.77916664 0.43072918 0.68416667 0.48020834 0.5883333 0.49375 0.56916666 0.50677085 0.545 0.53489584 0.5108333 0.5473958 0.49916667 0.5494792 0.4825 0.5442708 0.46166667 0.53333336 0.43833333 0.475 0.32666665
20 0.40104166 1.0 0.3625 0.97083336 0.35364583 0.9633333 0.34895834 0.9508333 0.34583333 0.935 0.35260418 0.9141667 0.37708333 0.81083333 0.3828125 0.7825 0.38958332 0.7675 0.41875 0.71 0.47760418 0.595 0.47916666 0.58916664 0.4875 0.57916665 0.49114582 0.5858333 0.503125 0.61 0.50677085 0.6175 0.54791665 0.6675 0.540625 0.76166666 0.5161458 0.91 0.496875 1.0
20 0.5875 0.0 0.57239586 0.025 0.5494792 0.054166667 0.509375 0.08166666 0.47916666 0.06583333 0.4625 0.06583333 0.4484375 0.07083333 0.44010416 0.08083333 0.42864582 0.09 0.4203125 0.096666664 0.39583334 0.108333334 0.39427084 0.1125 0.38958332 0.123333335 0.38385418 0.14 0.38020834 0.15666667 0.38489583 0.18166667 0.40208334 0.24333334 0.42135417 0.3225 0.44010416 0.3 0.4515625 0.3 0.4609375 0.30416667 0.4765625 0.33 0.49427083 0.365 0.49739584 0.34333333 0.4953125 0.33416668 0.5052083 0.315 0.5104167 0.30333334 0.515625 0.29666665 0.53020835 0.26833335 0.5338542 0.2625 0.54375 0.25416666 0.5828125 0.23 0.5963542 0.22333333 0.6635417 0.13666667 0.678125 0.12416667 0.6791667 0.09833334 0.6734375 0.08166666 0.65625 0.04083333 0.653125 0.024166666 0.64166665 0.0
20 0.39010417 0.20166667 0.33697918 0.29583332 0.31666666 0.3325 0.3171875 0.34583333 0.31770834 0.35583332 0.32135418 0.36583334 0.35052082 0.39833334 0.36666667 0.4175 0.38177082 0.3775 0.421875 0.32166666 0.4015625 0.23916666 0.39270833 0.20833333
20 0.35625 0.445 0.34739584 0.41916665 0.33072916 0.38333333 0.32552084 0.37083334 0.34270832 0.39 0.36354166 0.41416666 0.36666667 0.41833332 0.35729167 0.4475
20 0.31666666 0.34833333 0.3078125 0.32333332 0.3015625 0.2925 0.29427084 0.2725 0.27864584 0.22666667 0.26197916 0.18166667 0.27864584 0.18166667 0.30729166 0.17333333 0.3296875 0.1625 0.33958334 0.1625 0.34791666 0.1625 0.35260418 0.165 0.3578125 0.1825 0.36822918 0.19916667 0.37552083 0.20583333 0.38333333 0.21083333 0.38489583 0.21166667 0.33802083 0.295 0.31770834 0.33083335 0.31770834 0.34
20 0.38802084 0.01 0.38125 0.0016666667 0.375 0.0 0.36979166 0.0 0.35260418 0.0058333334 0.34375 0.010833333 0.35572916 0.033333335 0.36875 0.045 0.38125 0.05666667 0.39270833 0.08 0.39947918 0.07666667 0.40104166 0.0725 0.396875 0.045 0.39114583 0.023333333 0.39010417 0.0175
20 0.55364585 0.015 0.546875 0.0058333334 0.5046875 0.0 0.47760418 0.00083333335 0.46614584 0.009166666 0.45885417 0.025 0.453125 0.053333335 0.44791666 0.07 0.41822916 0.086666666 0.40572917 0.075833336 0.40052083 0.075833336 0.39583334 0.07833333 0.3921875 0.08 0.38125 0.0575 0.35572916 0.033333335 0.3390625 0.00083333335 0.33854166 0.0 0.18854167 0.0 0.18697916 0.0 0.18697916 0.020833334 0.19010417 0.04916667 0.19114584 0.0975 0.19739583 0.165 0.21041666 0.18083334 0.2171875 0.185 0.26458332 0.1825 0.27760416 0.18166667 0.3125 0.17083333 0.33072916 0.1625 0.35104167 0.16333333 0.353125 0.16583334 0.3578125 0.1825 0.36927083 0.2 0.384375 0.2125 0.39010417 0.2025 0.3828125 0.17333333 0.3796875 0.15583333 0.384375 0.1375 0.39635417 0.1075 0.4046875 0.10333333 0.4203125 0.096666664 0.4421875 0.079166666 0.44791666 0.0725 0.45364583 0.07 0.4640625 0.065 0.4796875 0.06666667 0.50989586 0.08166666 0.55 0.053333335 0.55885416 0.041666668 0.55677086 0.026666667 0.5546875 0.0225
20 0.96197915 0.6558333 0.9557292 0.64166665 0.9109375 0.59833336 0.85520834 0.56083333 0.7578125 0.51 0.74114585 0.5083333 0.7296875 0.5058333 0.7192708 0.5175 0.709375 0.5366667 0.70208335 0.5516667 0.6765625 0.5966667 0.6479167 0.6408333 0.61145836 0.6725 0.6010417 0.6875 0.596875 0.69666666 0.6125 0.6983333 0.64479166 0.71416664 0.67291665 0.70416665 0.6828125 0.695 0.70885414 0.68333334 0.73072916 0.67 0.7369792 0.69166666 0.740625 0.70166665 0.7572917 0.7083333 0.7661458 0.7216667 0.79583335 0.76666665 0.8171875 0.78583336 0.8390625 0.805 0.903125 0.845 0.9125 0.8441667 0.915625 0.8425 0.93333334 0.7675 0.9369792 0.75166667 0.95989585 0.6741667 0.96197915 0.6666667
