21 0.096354164 0.61 0.20833333 0.5283333 0.22708334 0.51166666 0.234375 0.52166665 0.23125 0.5683333 0.2390625 0.6 0.23958333 0.6825 0.2609375 0.7391667 0.17916666 0.8041667 0.14166667 0.8325 0.12083333 0.8375 0.084895834 0.86583334 0.079166666 0.87 0.0453125 0.9125 0.0 0.93333334 0.0 0.66333336
21 0.07239583 0.57666665 0.09583333 0.61 0.004166667 0.66083336 0.05625 0.5758333 0.06875 0.5758333
21 0.84739584 0.52 0.89739585 0.5783333 0.90989584 0.59166664 0.9125 0.6125 0.91041666 0.6191667 0.8598958 0.715 0.84739584 0.7425 0.8234375 0.8041667 0.81041664 0.80833334 0.78333336 0.76916665 0.77135414 0.7325 0.75104165 0.6958333 0.72239584 0.6483333 0.72083336 0.6425 0.7317708 0.6325 0.746875 0.5708333 0.7671875 0.48416665 0.8255208 0.50666666 0.8421875 0.515
21 0.64947915 0.59 0.64947915 0.63 0.6635417 0.63416666 0.6734375 0.63166666 0.69739586 0.6125 0.69114584 0.5833333 0.67291665 0.58666664
21 0.8119792 0.2925 0.83958334 0.28916666 0.8578125 0.30083334 0.86145836 0.32166666 0.8463542 0.37166667 0.84166664 0.45166665 0.85260415 0.50916666 0.840625 0.5133333 0.828125 0.50916666 0.81145835 0.4675 0.79895836 0.45666668 0.76979166 0.46 0.796875 0.35 0.8078125 0.29333332
21 0.6822917 0.1025 0.7786458 0.12916666 0.8286458 0.1575 0.8328125 0.17166667 0.8078125 0.29583332 0.7973958 0.345 0.7651042 0.4825 0.765625 0.48666668 0.74427086 0.58166665 0.73072916 0.635 0.7203125 0.64166665 0.7078125 0.635 0.69739586 0.61333334 0.690625 0.5825 0.65 0.59 0.6010417 0.5875 0.59583336 0.56916666 0.61354166 0.38083333 0.65260416 0.18 0.67291665 0.108333334
21 0.6515625 0.15583333 0.61041665 0.26166666 0.5911458 0.32416666 0.5875 0.35333332 0.59010416 0.37416667 0.6119792 0.39166668 0.6145833 0.38083333 0.65208334 0.17916666 0.65989584 0.1525
21 0.34583333 0.1975 0.428125 0.3875 0.45 0.4475 0.4640625 0.46083334 0.49947917 0.50416666 0.5234375 0.5491667 0.5203125 0.5683333 0.47708333 0.62833333 0.44010416 0.68666667 0.4359375 0.68666667 0.4 0.5875 0.40052083 0.56416667 0.39322916 0.54833335 0.36822918 0.5341667 0.32708332 0.46833333 0.26458332 0.37166667 0.2515625 0.3625 0.24166666 0.34583333 0.23489584 0.33916667 0.2359375 0.32416666 0.26875 0.27916667 0.27708334 0.27166668 0.29895833 0.25916666 0.32135418 0.195 0.33489582 0.18583333 0.34010416 0.19
21 0.3953125 0.5941667 0.37916666 0.68416667 0.35572916 0.69916666 0.34479168 0.70166665 0.34270832 0.7216667 0.3578125 0.7683333 0.35520834 0.8283333 0.3609375 0.89666665 0.35416666 0.9116667 0.34583333 0.91333336 0.33958334 0.9116667 0.3265625 0.89 0.30416667 0.88166666 0.2671875 0.88916665 0.24010417 0.865 0.23541667 0.8425 0.23854166 0.8258333 0.26822916 0.7675 0.25989583 0.74 0.26041666 0.7391667 0.240625 0.68416667 0.2390625 0.6741667 0.23958333 0.6025 0.23125 0.56666666 0.240625 0.49333334 0.25208333 0.47916666 0.30104166 0.49916667 0.36822918 0.53583336 0.39375 0.5475 0.40104166 0.56583333
21 0.440625 0.69666666 0.4484375 0.7325 0.44375 0.75416666 0.35625 0.8175 0.35833332 0.7708333 0.34270832 0.7216667 0.34479168 0.7025 0.35625 0.69916666 0.3796875 0.68416667 0.4 0.57 0.4 0.5875 0.4359375 0.68666667
21 0.24479167 0.3675 0.25572917 0.36583334 0.2640625 0.37083334 0.33229166 0.4775 0.36875 0.5366667 0.29791668 0.49833333 0.25364584 0.48083332 0.21927084 0.47583333 0.21875 0.38583332 0.23229167 0.39583334 0.2390625 0.37916666
21 0.184375 0.8025 0.22291666 0.8125 0.23802084 0.82916665 0.23541667 0.8433333 0.24010417 0.865 0.26666668 0.8875 0.23958333 0.94 0.22916667 0.97583336 0.2125 1.0 0.13854167 1.0 0.12760417 0.97333336 0.116145834 0.935 0.07760417 0.8833333 0.0796875 0.87166667 0.1203125 0.8375 0.13854167 0.83416665 0.1828125 0.8025
