16 0.3375 0.44083333 0.41354167 0.52166665 0.44166666 0.55 0.45989582 0.5683333 0.53125 0.635 0.5546875 0.655 0.54479164 0.6825 0.5104167 0.76666665 0.49427083 0.80333334 0.46510416 0.87166667 0.43385416 0.8491667 0.3984375 0.825 0.36875 0.79833335 0.34791666 0.7725 0.32552084 0.74916667 0.3125 0.72333336 0.3 0.7158333 0.28229168 0.70666665 0.26666668 0.62916666 0.271875 0.61833334 0.28072917 0.6091667 0.2875 0.59833336 0.2890625 0.58416665 0.29114583 0.5675 0.303125 0.52166665 0.31979167 0.47166666 0.33125 0.44666666
4 0.43020833 0.235 0.49739584 0.14916667 0.50572914 0.13833334 0.5130208 0.14 0.5161458 0.14416666 0.53229165 0.18166667 0.5338542 0.1925 0.5307292 0.20083334 0.51875 0.21583334 0.47395834 0.27166668 0.45052084 0.3025 0.44583333 0.31583333 0.44427082 0.325 0.44322917 0.345 0.44010416 0.36666667 0.43385416 0.38833332 0.42447916 0.40666667 0.41197917 0.4225 0.3953125 0.43166667 0.38072917 0.43583333 0.36666667 0.43166667 0.35520834 0.42416668 0.34270832 0.40833333 0.33333334 0.385 0.3296875 0.36666667 0.328125 0.34666666 0.33125 0.30583334 0.3390625 0.2825 0.3515625 0.25916666 0.36354166 0.24416667 0.384375 0.23416667 0.40260416 0.23583333 0.41458333 0.2425
20 0.6276042 0.21666667 0.65520835 0.25916666 0.6947917 0.32166666 0.721875 0.35583332 0.72864586 0.37083334 0.73125 0.3875 0.73020834 0.39916667 0.721875 0.4175 0.67291665 0.49833333 0.66614586 0.505 0.65833336 0.5083333 0.6515625 0.5175 0.6489583 0.53583336 0.6489583 0.56416667 0.64375 0.5975 0.6354167 0.625 0.609375 0.60583335 0.5677083 0.71666664 0.5265625 0.8283333 0.49427083 0.80333334 0.54791665 0.675 0.5546875 0.655 0.5239583 0.6275 0.47447917 0.58166665 0.5005208 0.525 0.5125 0.48833334 0.5260417 0.4325 0.5390625 0.37666667 0.55260414 0.33416668 0.58229166 0.2675 0.6067708 0.21833333 0.6166667 0.21083333
10 0.45572916 0.3125 0.471875 0.3125 0.49375 0.31833333 0.50416666 0.31416667 0.51927084 0.30833334 0.52708334 0.30916667 0.5317708 0.31916666 0.53802085 0.32 0.54895836 0.31166667 0.5677083 0.30083334 0.5520833 0.335 0.5395833 0.375 0.5265625 0.43166667 0.51354164 0.485 0.5 0.52666664 0.49635416 0.53583336 0.48333332 0.535 0.45104167 0.535 0.4453125 0.5275 0.44010416 0.51666665 0.43802083 0.505 0.44322917 0.4825 0.4453125 0.46833333 0.4484375 0.4425 0.45416668 0.42333335 0.46354166 0.40416667 0.46614584 0.395 0.465625 0.38333333 0.46197918 0.37916666 0.45416668 0.37916666 0.44635418 0.36916667 0.44114584 0.36166668 0.44322917 0.345 0.44479167 0.3225 0.44739583 0.3175
10 0.6703125 0.50666666 0.66770834 0.5183333 0.66041666 0.5308333 0.6536458 0.535 0.6484375 0.53583336 0.65208334 0.515 0.659375 0.50666666 0.66614586 0.5058333 0.6703125 0.50083333
2 0.6458333 0.63166666 0.74583334 0.7191667 0.778125 0.7475 0.81145835 0.77416664 0.83125 0.7866667 0.8265625 0.8016667 0.80260414 0.87083334 0.7828125 0.9241667 0.7604167 0.96666664 0.74583334 1.0 0.7109375 1.0 0.70104164 0.9875 0.6770833 0.9608333 0.6255208 0.915 0.55833334 0.85833335 0.5260417 0.83166665 0.60625 0.61583334 0.6098958 0.6066667 0.640625 0.62916666
1 0.86510414 0.66083336 0.9088542 0.6308333 0.9713542 0.59583336 1.0 0.5725 1.0 0.7425 0.98229164 0.75083333 0.9609375 0.76166666 0.8755208 0.8075 0.8359375 0.83166665 0.8140625 0.8575 0.80833334 0.85583335 0.8276042 0.7991667 0.83125 0.7866667 0.8140625 0.77666664 0.7828125 0.75166667 0.7739583 0.69083333 0.7786458 0.68333334 0.7921875 0.6816667 0.8020833 0.6825 0.82239586 0.675
11 0.80260414 0.41083333 0.89635414 0.62416667 0.85260415 0.6641667 0.80364585 0.6825 0.78020835 0.68416667 0.77447915 0.69083333 0.7796875 0.7341667 0.771875 0.7416667 0.7083333 0.68583333 0.64375 0.62916666 0.6401042 0.62833333 0.64635414 0.61583334 0.7036458 0.53583336 0.790625 0.42083332
15 0.70416665 0.3075 0.6953125 0.30333334 0.6979167 0.29583332 0.70208335 0.295 0.70520836 0.29833335 0.70677084 0.29416665 0.71197915 0.2975 0.71666664 0.2925 0.725 0.28916666 0.7359375 0.29 0.7885417 0.31916666 0.9125 0.40666667 0.9223958 0.4175 0.92760414 0.4275 0.92864585 0.43666667 0.9322917 0.44166666 0.9390625 0.4525 0.9369792 0.46166667 0.92760414 0.45166665 0.9234375 0.45666668 0.9140625 0.45833334 0.90260416 0.45583335 0.8833333 0.44583333 0.7885417 0.37916666 0.71979165 0.335 0.7125 0.3275 0.709375 0.31333333
1 0.1609375 0.215 0.1796875 0.22166666 0.2 0.22666667 0.21927084 0.22666667 0.2390625 0.22416666 0.23854166 0.22083333 0.23072916 0.2075 0.23385416 0.20583333 0.24791667 0.22166666 0.25416666 0.24666667 0.25625 0.28333333 0.2578125 0.45666668 0.25989583 0.475 0.26510417 0.48583335 0.26822916 0.50916666 0.26875 0.51916665 0.26510417 0.5183333 0.22604166 0.5183333 0.19479166 0.5183333 0.17760417 0.5208333 0.17552084 0.53 0.17135416 0.5341667 0.16614583 0.53333336 0.16510417 0.5275 0.16770834 0.51 0.16822916 0.475 0.16666667 0.32916668 0.16770834 0.2575 0.16822916 0.235 0.16197917 0.22083333
