14 0.3828125 0.79583335 0.39479166 0.81666666 0.453125 0.75 0.45520833 0.74583334 0.45260417 0.73083335 0.44479167 0.7125 0.43125 0.7083333 0.41927084 0.6766667 0.4015625 0.6483333 0.33020833 0.505 0.31875 0.48416665 0.31510416 0.47166666 0.31302083 0.45333335 0.30833334 0.4375 0.30208334 0.43166667 0.29947916 0.42666668 0.29791668 0.42333335 0.28697917 0.445 0.2796875 0.4625 0.27552083 0.47333333 0.24479167 0.4875 0.24635416 0.505 0.25104168 0.5175 0.265625 0.525 0.2859375 0.56666666 0.33333334 0.6675 0.340625 0.6825 0.36666667 0.74 0.37604168 0.75916666 0.3796875 0.78 0.38229167 0.795
14 0.37604168 0.58 0.39739582 0.515 0.409375 0.48916668 0.40833333 0.47916666 0.409375 0.47166666 0.45416668 0.5225 0.41927084 0.62333333 0.40885416 0.6591667 0.40104166 0.6483333 0.37239584 0.58916664 0.37447917 0.5825
14 0.465625 0.535 0.46822917 0.60583335 0.46875 0.62 0.4703125 0.62666667 0.46614584 0.6325 0.475 0.63916665 0.48125 0.64166665 0.48697916 0.65 0.49479166 0.6475 0.50208336 0.64416665 0.50625 0.6475 0.5182292 0.6425 0.52916664 0.6383333 0.53541666 0.6333333 0.53020835 0.62666667 0.5265625 0.605 0.5229167 0.61333334 0.52135414 0.60583335 0.5015625 0.5783333 0.49322918 0.56666666 0.46510416 0.535
14 0.41614583 0.3625 0.46354166 0.4175 0.50885415 0.47083333 0.5421875 0.51166666 0.5520833 0.5208333 0.5541667 0.5275 0.5520833 0.53333336 0.5442708 0.52916664 0.53541666 0.5233333 0.5328125 0.5391667 0.5286458 0.5683333 0.52760416 0.5883333 0.5265625 0.605 0.5229167 0.61333334 0.5208333 0.605 0.49375 0.5675 0.465625 0.535 0.45416668 0.5225 0.40625 0.46833333 0.36770833 0.4225 0.35520834 0.4075 0.35 0.41 0.34947917 0.415 0.33854166 0.41166666 0.340625 0.395 0.353125 0.34083334 0.36458334 0.3025 0.3703125 0.29333332 0.3765625 0.31083333 0.38072917 0.325 0.38802084 0.3325 0.41302082 0.35916665
14 0.26927084 0.26333332 0.31614584 0.2625 0.3828125 0.25916666 0.4171875 0.25833333 0.42083332 0.25833333 0.4234375 0.25416666 0.428125 0.25416666 0.43697917 0.24166666 0.45833334 0.24166666 0.45833334 0.26 0.45364583 0.25916666 0.4484375 0.27916667 0.4515625 0.29583332 0.45520833 0.35583332 0.45520833 0.36 0.44375 0.36166668 0.4390625 0.35916665 0.41875 0.345 0.40729168 0.34333333 0.4015625 0.34666666 0.38072917 0.32583332 0.3703125 0.29416665 0.36510417 0.30083334 0.353125 0.34166667 0.35052082 0.35083333 0.31614584 0.3525 0.30416667 0.35166666 0.25520834 0.35333332 0.24479167 0.35166666 0.22760417 0.36916667 0.22083333 0.36916667 0.22135417 0.31916666 0.221875 0.24416667 0.22916667 0.24416667 0.22864583 0.2525 0.24739583 0.26 0.26822916 0.26333332
14 0.46666667 0.2575 0.5026042 0.25583333 0.50885415 0.25583333 0.5083333 0.26666668 0.5078125 0.28 0.509375 0.285 0.5171875 0.48166665 0.45833334 0.41166666 0.45520833 0.35916665 0.45208332 0.30333334 0.45104167 0.29416665 0.44791666 0.27916667 0.45364583 0.25916666 0.4578125 0.26 0.46458334 0.2575
14 0.68072915 0.39166668 0.7375 0.42 0.7036458 0.5 0.665625 0.48166665 0.66197914 0.48 0.6536458 0.4725 0.6359375 0.465 0.62708336 0.47416666 0.62083334 0.47333333 0.615625 0.47 0.6119792 0.465 0.60729164 0.46 0.61354166 0.44333333 0.62135416 0.40666667 0.62708336 0.36333334 0.6276042 0.3475 0.6484375 0.3575 0.65416664 0.36666667 0.66510415 0.38166666 0.67760414 0.38916665
14 0.69895834 0.5075 0.66197914 0.585 0.65 0.61083335 0.6432292 0.62333333 0.6375 0.635 0.63958335 0.6575 0.6432292 0.66 0.64427084 0.67333335 0.6489583 0.6625 0.6515625 0.65166664 0.6588542 0.6625 0.6609375 0.67333335 0.66770834 0.68083334 0.67083335 0.7 0.68177086 0.71416664 0.68385416 0.7033333 0.6869792 0.69666666 0.69375 0.6675 0.74010414 0.5683333 0.76458335 0.5183333 0.7890625 0.46666667 0.79895836 0.4475 0.8015625 0.44166666 0.815625 0.43166667 0.81927085 0.43416667 0.8208333 0.42583334 0.80260414 0.41 0.78541666 0.38833332 0.77916664 0.38 0.77552086 0.375 0.7739583 0.36666667 0.76979166 0.34833333 0.7552083 0.35666665 0.7546875 0.38 0.7526042 0.39083335 0.74427086 0.40333334 0.7375 0.42 0.7036458 0.5 0.69947916 0.505
14 0.7630208 0.52666664 0.8041667 0.545 0.8130208 0.55083334 0.81666666 0.55833334 0.8229167 0.57166666 0.840625 0.58166665 0.8598958 0.50083333 0.865625 0.47083333 0.84739584 0.45916668 0.8276042 0.45833334 0.81875 0.46416667 0.815625 0.45833334 0.7973958 0.45 0.7609375 0.5258333
14 0.3375 0.68 0.325 0.7175 0.321875 0.73 0.3171875 0.735 0.309375 0.74833333 0.30052084 0.7558333 0.29947916 0.7658333 0.3109375 0.77666664 0.3359375 0.80333334 0.365625 0.825 0.36822918 0.8175 0.37291667 0.7991667 0.37083334 0.77416664 0.375 0.7583333 0.3390625 0.6791667
