18 0.76979166 0.5158333 0.7661458 0.5108333 0.7583333 0.48333332 0.74635416 0.45 0.7348958 0.41833332 0.72447914 0.40916666 0.715625 0.40833333 0.7083333 0.41333333 0.696875 0.47416666 0.6791667 0.55583334 0.6666667 0.61333334 0.66041666 0.6425 0.66510415 0.6525 0.665625 0.63416666 0.6692708 0.62166667 0.67552084 0.6141667 0.6791667 0.6116667 0.70208335 0.6141667 0.75989586 0.62 0.7942708 0.62333333 0.79895836 0.6275 0.80625 0.64 0.8072917 0.6475 0.80833334 0.6591667 0.8072917 0.6925 0.79895836 0.7341667 0.80833334 0.7266667 0.82916665 0.6958333 0.83697915 0.685 0.8421875 0.6691667 0.84166664 0.6566667 0.8333333 0.6383333 0.81927085 0.605 0.80625 0.5825 0.78125 0.53833336 0.77239585 0.52166665
18 0.7963542 0.3175 0.70208335 0.3575 0.69739586 0.365 0.7057292 0.37 0.70885414 0.37583333 0.7114583 0.38333333 0.71197915 0.39666668 0.7078125 0.41333333 0.71458334 0.40833333 0.7239583 0.40916666 0.73072916 0.41416666 0.73541665 0.41833332 0.74635416 0.45 0.75989586 0.4875 0.765625 0.5108333 0.76979166 0.515 0.7739583 0.5258333 0.79479164 0.5625 0.81666666 0.6 0.8234375 0.61333334 0.83697915 0.64666665 0.8421875 0.6566667 0.8421875 0.66583335 0.86302084 0.6591667 0.8671875 0.6533333 0.87135416 0.64416665 0.8723958 0.6325 0.87135416 0.62166667 0.8578125 0.525 0.84010416 0.39 0.83125 0.335 0.82447916 0.32083333 0.8151042 0.31333333 0.8072917 0.31333333
18 0.56822914 0.37833333 0.5630208 0.41666666 0.559375 0.43916667 0.5484375 0.47083333 0.53125 0.5475 0.5864583 0.535 0.60364586 0.535 0.609375 0.53833336 0.6166667 0.55083334 0.6177083 0.61083335 0.6171875 0.62666667 0.61614585 0.63666666 0.61145836 0.63916665 0.6145833 0.65833336 0.61875 0.6741667 0.625 0.69083333 0.6276042 0.70166665 0.6390625 0.7008333 0.6479167 0.69166666 0.6515625 0.6825 0.66041666 0.6408333 0.6921875 0.495 0.70989585 0.40416667 0.71197915 0.39583334 0.7114583 0.3825 0.70729166 0.37416667 0.70625 0.37 0.66875 0.35166666 0.6109375 0.32166666 0.58697915 0.31416667 0.5786458 0.32416666 0.57395834 0.33583334
18 0.4890625 0.70166665 0.49791667 0.7783333 0.5104167 0.85333335 0.5161458 0.89416665 0.5260417 0.9066667 0.5296875 0.9066667 0.5651042 0.8933333 0.6453125 0.86333334 0.6479167 0.86083335 0.6515625 0.8525 0.6546875 0.8425 0.6546875 0.8375 0.64947915 0.805 0.64270836 0.7658333 0.6276042 0.7 0.6244792 0.68833333 0.6166667 0.6666667 0.61145836 0.64 0.6166667 0.63666666 0.6177083 0.61833334 0.6166667 0.55 0.6098958 0.53833336 0.60364586 0.535 0.5859375 0.535 0.5109375 0.55083334 0.5104167 0.5808333 0.51354164 0.62666667 0.5125 0.63666666 0.509375 0.6483333 0.50416666 0.6558333 0.49947917 0.66 0.484375 0.66083336
18 0.41145834 0.59833336 0.39427084 0.6116667 0.3828125 0.62166667 0.36302084 0.635 0.33802083 0.63916665 0.30104166 0.65416664 0.30104166 0.67583334 0.30052084 0.7391667 0.30260417 0.8308333 0.3 0.83916664 0.29427084 0.84833336 0.27604166 0.8491667 0.2828125 0.87416667 0.2875 0.8833333 0.290625 0.8875 0.3 0.8933333 0.30625 0.89166665 0.3953125 0.8441667 0.45 0.81333333 0.45677084 0.81416667 0.4796875 0.8025 0.48541668 0.7916667 0.48854166 0.77916664 0.4890625 0.765 0.46822917 0.6691667 0.45364583 0.5991667 0.4453125 0.585 0.43697917 0.58 0.42291668 0.5908333
18 0.4359375 0.435 0.3859375 0.43833333 0.36822918 0.44083333 0.36197916 0.43916667 0.3203125 0.44166666 0.30729166 0.44333333 0.30677083 0.44833332 0.290625 0.48416665 0.2890625 0.48916668 0.2953125 0.49666667 0.30104166 0.5083333 0.30104166 0.6533333 0.328125 0.6433333 0.3390625 0.63916665 0.36354166 0.635 0.40104166 0.6066667 0.43697917 0.58 0.4453125 0.5858333 0.45364583 0.5991667 0.4546875 0.60583335 0.46666667 0.6591667 0.4859375 0.66083336 0.5 0.66 0.5083333 0.64916664 0.5125 0.6375 0.5140625 0.625 0.5104167 0.57916665 0.51145834 0.535 0.50989586 0.45583335 0.50572914 0.44416666 0.50104165 0.43583333 0.49375 0.43083334 0.46510416 0.43333334 0.45104167 0.435
18 0.15260416 0.54333335 0.15520833 0.6475 0.15729167 0.67333335 0.15729167 0.7375 0.16041666 0.76416665 0.16197917 0.8275 0.1640625 0.83666664 0.1734375 0.85 0.246875 0.84833336 0.28385416 0.8491667 0.29427084 0.84833336 0.30052084 0.8375 0.30260417 0.8308333 0.30104166 0.7825 0.30052084 0.73 0.30104166 0.6741667 0.30104166 0.6433333 0.30104166 0.5075 0.29791668 0.5 0.29322916 0.49333334 0.28802082 0.49 0.1984375 0.49166667 0.1640625 0.495 0.15520833 0.50666666 0.1515625 0.515
18 0.13802083 0.37 0.0359375 0.35916665 0.026041666 0.37083334 0.023958333 0.3775 0.020833334 0.4475 0.017708333 0.5775 0.027604166 0.5941667 0.032291666 0.59583336 0.100520834 0.59583336 0.13177083 0.5941667 0.13697916 0.59166664 0.15364583 0.59166664 0.1515625 0.51416665 0.15677084 0.50416666 0.16458334 0.49416667 0.16770834 0.495 0.24322917 0.49083334 0.25625 0.49083334 0.26041666 0.40083334 0.25208333 0.38166666 0.24791667 0.37833333 0.17395833 0.37416667 0.15052083 0.37
18 0.25520834 0.18666667 0.23645833 0.2225 0.20885417 0.27833334 0.18958333 0.31416667 0.17395833 0.3475 0.175 0.35833332 0.1765625 0.3675 0.18125 0.37416667 0.25052083 0.37916666 0.25208333 0.38333333 0.25989583 0.39916667 0.25729167 0.47083333 0.27135417 0.48916668 0.28802082 0.49 0.29166666 0.48333332 0.30625 0.45 0.3109375 0.435 0.31979167 0.41083333 0.33333334 0.395 0.3453125 0.37 0.34895834 0.36 0.39375 0.28333333 0.4125 0.25166667 0.41302082 0.235 0.4109375 0.22416666 0.3828125 0.18166667 0.34114584 0.123333335 0.32083333 0.09833334 0.3046875 0.1 0.27604166 0.14666666
18 0.5390625 0.09833334 0.52760416 0.12166667 0.49427083 0.17833333 0.46875 0.22083333 0.46822917 0.235 0.47135416 0.25083333 0.503125 0.29833335 0.52239585 0.325 0.56666666 0.39 0.5729167 0.34333333 0.57395834 0.335 0.5786458 0.32166666 0.58802086 0.31333333 0.61145836 0.32166666 0.6859375 0.36 0.69739586 0.33833334 0.7046875 0.32083333 0.70625 0.3075 0.70416665 0.295 0.70104164 0.285 0.63854164 0.19166666 0.6234375 0.17 0.61145836 0.15083334 0.60052085 0.13583334 0.5708333 0.086666666 0.5598958 0.0775 0.55 0.079166666
18 0.46302083 0.18666667 0.44583333 0.18833333 0.3953125 0.2 0.4109375 0.22416666 0.41302082 0.23083334 0.4125 0.25 0.39791667 0.27583334 0.35 0.35666665 0.34635416 0.36666667 0.35260418 0.425 0.35833332 0.43416667 0.3625 0.43916667 0.36822918 0.44 0.41614583 0.42833334 0.54895836 0.38666666 0.5619792 0.3825 0.4765625 0.25833333 0.47083333 0.25083333 0.46770832 0.235 0.46875 0.22083333 0.49270833 0.18166667
18 0.66510415 0.655 0.6645833 0.7025 0.665625 0.73833334 0.6609375 0.77 0.65416664 0.8516667 0.64947915 0.9291667 0.65208334 0.94 0.66041666 0.9525 0.7005208 0.96416664 0.7739583 0.975 0.78541666 0.9675 0.7895833 0.9583333 0.7916667 0.9433333 0.79270834 0.9291667 0.7973958 0.7916667 0.79791665 0.74 0.80677086 0.6958333 0.80833334 0.65 0.80572915 0.63916665 0.7973958 0.62666667 0.79375 0.62333333 0.69895834 0.6141667 0.6791667 0.6116667 0.67291665 0.6175 0.66822916 0.62416667 0.665625 0.635
