2 0.34947917 0.835 0.34114584 0.83916664 0.325 0.75916666 0.31979167 0.7275 0.309375 0.69 0.30677083 0.675 0.30520833 0.6616667 0.28854167 0.5858333 0.28541666 0.56916666 0.28697917 0.56666666 0.29895833 0.5625 0.31510416 0.645 0.32916668 0.72083336 0.34583333 0.8125
2 0.48854166 0.5525 0.5182292 0.5525 0.53697914 0.5566667 0.5390625 0.55833334 0.5416667 0.5675 0.54375 0.58916664 0.54583335 0.68833333 0.5473958 0.80583334 0.55104166 0.91833335 0.50572914 0.91583335 0.47291666 0.9141667 0.4234375 0.92083335 0.38854167 0.92333335 0.3734375 0.9275 0.37083334 0.86083335 0.37291667 0.85833335 0.41979167 0.84 0.47760418 0.81583333 0.51197916 0.80083334 0.5307292 0.79083335 0.5229167 0.74583334 0.509375 0.67 0.49583334 0.5975 0.4890625 0.555
2 0.47604167 0.4725 0.48385417 0.4675 0.51354164 0.4525 0.515625 0.4525 0.53333336 0.5375 0.5375 0.5566667 0.51979166 0.5525 0.51770836 0.5525 0.48854166 0.5516667
2 0.7473958 0.615 0.734375 0.59 0.7291667 0.57916665 0.7213542 0.5566667 0.7026042 0.51916665 0.675 0.4425 0.65833336 0.40416667 0.64427084 0.3725 0.7161458 0.29166666 0.815625 0.17916666 0.82395834 0.17 0.859375 0.25 0.8979167 0.32333332 0.925 0.4 0.9213542 0.40333334 0.83802086 0.50416666 0.75625 0.6041667
2 0.546875 0.735 0.56927085 0.72333336 0.5697917 0.7216667 0.55885416 0.67 0.55104166 0.62916666 0.54479164 0.5966667 0.5442708 0.59833336 0.54479164 0.6383333 0.5463542 0.7008333 0.546875 0.735
2 0.6765625 0.4475 0.67604166 0.5108333 0.6713542 0.6358333 0.67604166 0.6625 0.68072915 0.68916667 0.69114584 0.7 0.71770835 0.70416665 0.81614584 0.70916665 0.8307292 0.70916665 0.8442708 0.7108333 0.8432292 0.68416667 0.8442708 0.5733333 0.84739584 0.49333334 0.82135415 0.525 0.7895833 0.56333333 0.76666665 0.59166664 0.75572914 0.605 0.7473958 0.61583334 0.734375 0.5908333 0.72864586 0.5783333 0.7213542 0.5566667 0.70677084 0.5283333 0.7026042 0.52 0.6859375 0.4725 0.6770833 0.44916666
2 0.6765625 0.6691667 0.6276042 0.66583335 0.6166667 0.6641667 0.6203125 0.54583335 0.62291664 0.48833334 0.628125 0.37 0.62916666 0.28583333 0.6322917 0.28416666 0.65729165 0.28666666 0.6890625 0.28833333 0.71510416 0.29 0.7171875 0.29 0.6901042 0.32083333 0.65052086 0.365 0.64375 0.3725 0.659375 0.40833333 0.675 0.44333333 0.6765625 0.4475 0.67604166 0.47916666 0.67604166 0.51416665 0.6734375 0.57916665 0.6713542 0.6358333 0.67604166 0.665
2 0.84375 0.68333334 0.87864584 0.675 0.928125 0.6616667 0.92083335 0.6225 0.9125 0.5566667 0.9078125 0.51166666 0.90260416 0.42583334 0.8776042 0.45666668 0.84791666 0.49333334 0.8453125 0.5566667 0.8442708 0.61333334 0.84375 0.6816667
2 0.88072914 0.29 0.89479166 0.28916666 0.8953125 0.31833333 0.884375 0.2975
2 0.35572916 0.865 0.44791666 0.8275 0.5130208 0.8 0.5307292 0.79083335 0.49270833 0.58166665 0.4703125 0.435 0.46927083 0.43333334 0.440625 0.43666667 0.365625 0.4675 0.29166666 0.49666667 0.29010418 0.49916667 0.29583332 0.54 0.315625 0.64666665 0.3296875 0.7216667 0.34427083 0.80333334
