15 0.6510417 0.4875 0.6567708 0.5025 0.6635417 0.5083333 0.66614586 0.5133333 0.66822916 0.5158333 0.67291665 0.5283333 0.6802083 0.5233333 0.6796875 0.5158333 0.678125 0.5075 0.6791667 0.49916667 0.68177086 0.49083334 0.678125 0.46916667 0.60260415 0.2325 0.5963542 0.21416667 0.59166664 0.21083333 0.58489585 0.20583333 0.58020836 0.20333333 0.5765625 0.1925 0.57135415 0.19333333 0.5697917 0.19833334 0.57239586 0.20666666 0.5708333 0.21 0.571875 0.22 0.571875 0.23916666 0.5796875 0.27166668
15 0.3796875 0.0975 0.3828125 0.13916667 0.39375 0.15416667 0.5052083 0.29333332 0.521875 0.3175 0.5307292 0.32666665 0.53489584 0.32916668 0.540625 0.32916668 0.54270834 0.32916668 0.54375 0.33333334 0.54479164 0.33416668 0.5484375 0.33083335 0.55260414 0.3375 0.56041664 0.3325 0.55572915 0.32166666 0.5541667 0.31583333 0.55260414 0.31 0.553125 0.30083334 0.54895836 0.28916666 0.5317708 0.26333332 0.42708334 0.13166666 0.40416667 0.10333333 0.39375 0.096666664 0.38802084 0.09583333 0.384375 0.09916667
15 0.3609375 0.25833333 0.3640625 0.27416667 0.3703125 0.29 0.37447917 0.29333332 0.37604168 0.30083334 0.3796875 0.31166667 0.38125 0.315 0.38645834 0.30916667 0.38541666 0.2975 0.38645834 0.29083332 0.390625 0.285 0.39270833 0.26666668 0.38802084 0.19916667 0.38020834 0.10583334 0.371875 0.0 0.340625 0.0
15 0.12760417 0.031666666 0.12760417 0.015833333 0.13541667 0.02 0.13854167 0.014166667 0.14166667 0.016666668 0.14791666 0.009166666 0.15572916 0.006666667 0.34322917 0.025833333 0.34635416 0.075833336 0.16302083 0.0575 0.15052083 0.054166667 0.14114584 0.043333333 0.13645834 0.038333334 0.13385417 0.035
15 0.38177082 0.56916666 0.3828125 0.61083335 0.38125 0.62666667 0.37708333 0.6358333 0.3765625 0.645 0.3734375 0.6458333 0.37552083 0.66083336 0.3640625 0.6566667 0.36510417 0.6425 0.35885417 0.6383333 0.35364583 0.62583333 0.35 0.6016667 0.34791666 0.54083335 0.3375 0.295 0.340625 0.28583333 0.34583333 0.28166667 0.34479168 0.27416667 0.340625 0.27 0.34166667 0.265 0.34791666 0.26083332 0.3546875 0.26166666 0.35416666 0.26916668 0.35833332 0.275 0.365625 0.28166667 0.36927083 0.30083334
15 0.3046875 0.25666666 0.30989584 0.25 0.3125 0.24166666 0.31145832 0.23 0.32291666 0.22916667 0.32291666 0.24416667 0.33072916 0.25083333 0.3359375 0.26083332 0.33697918 0.28083333 0.34895834 0.5925 0.340625 0.5991667 0.33958334 0.60583335 0.3390625 0.61 0.3359375 0.62416667 0.3265625 0.62083334 0.3296875 0.60583335 0.32447916 0.6025 0.3203125 0.59583336 0.31614584 0.58666664 0.31197917 0.49666667 0.303125 0.2625
15 0.275 0.3475 0.28125 0.3425 0.2890625 0.34083334 0.29114583 0.335 0.2953125 0.325 0.30260417 0.33 0.30208334 0.34 0.30260417 0.35166666 0.30260417 0.365 0.29739583 0.3875 0.23489584 0.5466667 0.19479166 0.6458333 0.18697916 0.66083336 0.18020834 0.66333336 0.17708333 0.6666667 0.17083333 0.67 0.16510417 0.67833334 0.15520833 0.66583335 0.1640625 0.6616667 0.1625 0.65416664 0.16197917 0.64 0.16875 0.6191667
15 0.19427083 0.82666665 0.1859375 0.8225 0.18177083 0.81416667 0.17552084 0.7975 0.171875 0.7966667 0.16614583 0.795 0.1703125 0.775 0.17760417 0.7808333 0.18229167 0.775 0.184375 0.7816667 0.190625 0.775 0.2 0.775 0.33958334 0.8666667 0.3875 0.8983333 0.39166668 0.91 0.39479166 0.915 0.39947918 0.9175 0.40520832 0.925 0.40364584 0.935 0.39895833 0.93916667 0.39427084 0.935 0.39010417 0.93666667 0.38020834 0.945 0.3671875 0.94 0.346875 0.92833334
15 0.1515625 0.7316667 0.18489583 0.7133333 0.19375 0.715 0.19791667 0.72583336 0.20364584 0.7225 0.209375 0.71666664 0.21354167 0.73 0.21145834 0.735 0.20572917 0.74 0.20208333 0.74333334 0.1984375 0.7583333 0.1890625 0.76416665 0.171875 0.77416664 0.0 0.8675 0.0 0.81333333
15 0.66875 0.53 0.69635415 0.5133333 0.7026042 0.5125 0.70729166 0.52 0.7109375 0.5158333 0.7171875 0.51166666 0.721875 0.51666665 0.72291666 0.5283333 0.7182292 0.53333336 0.7161458 0.5375 0.71458334 0.5491667 0.7109375 0.55583334 0.69427085 0.56916666 0.5328125 0.6775 0.521875 0.6825 0.51770836 0.6766667 0.5151042 0.6725 0.5109375 0.6725 0.5078125 0.6791667 0.50364584 0.6766667 0.49791667 0.6591667 0.503125 0.6566667 0.50677085 0.6575 0.50885415 0.6533333 0.51197916 0.64666665 0.5130208 0.6375 0.5260417 0.62916666
