4 0.4703125 0.97083336 0.46354166 0.985 0.45520833 0.995 0.453125 1.0 0.5921875 1.0 0.59583336 0.98333335 0.596875 0.9608333 0.59375 0.93583333 0.5864583 0.90833336 0.57708335 0.88916665 0.56458336 0.875 0.55364585 0.8691667 0.540625 0.8641667 0.5390625 0.8808333 0.53489584 0.8975 0.5286458 0.915 0.51875 0.9316667 0.50885415 0.94416666 0.4953125 0.9533333 0.484375 0.95666665 0.47291666 0.9558333 0.47239584 0.9658333
4 0.0890625 0.7441667 0.0890625 0.76 0.0921875 0.7841667 0.0984375 0.8016667 0.1109375 0.8225 0.1234375 0.83666664 0.13958333 0.8441667 0.15885417 0.8466667 0.17708333 0.84166664 0.19166666 0.8275 0.20572917 0.81 0.2140625 0.7966667 0.21979167 0.7925 0.22864583 0.78833336 0.25677082 0.7916667 0.284375 0.7941667 0.27864584 0.7816667 0.27447918 0.77166665 0.26927084 0.75333333 0.2671875 0.73833334 0.26666668 0.7241667 0.26666668 0.7133333 0.24270834 0.70916665 0.22708334 0.7075 0.221875 0.70166665 0.21354167 0.68666667 0.19947916 0.6591667 0.184375 0.6458333 0.16979167 0.6375 0.15104167 0.63666666 0.1328125 0.64416665 0.11666667 0.6591667 0.10520833 0.67583334 0.09739583 0.6958333 0.09166667 0.72 0.088541664 0.73333335
4 0.290625 0.80333334 0.29270834 0.8275 0.29895833 0.85333335 0.309375 0.87333333 0.32239583 0.89 0.33854166 0.8975 0.346875 0.89916664 0.36197916 0.9 0.37604168 0.8925 0.39322916 0.875 0.39739582 0.8691667 0.40364584 0.8591667 0.40989584 0.845 0.41510418 0.82166666 0.41614583 0.79333335 0.4109375 0.7583333 0.40364584 0.7375 0.3953125 0.7241667 0.39270833 0.74833333 0.38541666 0.775 0.3765625 0.7925 0.36197916 0.81083333 0.34635416 0.82166666 0.33020833 0.8233333 0.315625 0.8225 0.29791668 0.81083333
4 0.30364582 0.62666667 0.29114583 0.6408333 0.278125 0.66333336 0.27135417 0.68333334 0.26770833 0.705 0.26666668 0.715 0.26770833 0.74083334 0.2703125 0.7558333 0.275 0.7725 0.28489584 0.7941667 0.2921875 0.805 0.29947916 0.8125 0.315625 0.8225 0.32864583 0.82416666 0.34010416 0.8225 0.35052082 0.82 0.36302084 0.81 0.3765625 0.79333335 0.38541666 0.7758333 0.39270833 0.75 0.3953125 0.7225 0.39479166 0.7033333 0.39635417 0.69416666 0.40104166 0.6791667 0.42447916 0.64916664 0.45677084 0.605 0.46510416 0.59583336 0.4765625 0.5808333 0.47916666 0.5725 0.48020834 0.5683333 0.47083333 0.545 0.45625 0.51916665 0.44947916 0.51666665 0.4421875 0.5233333 0.42552084 0.5441667 0.4015625 0.5783333 0.37604168 0.61083335 0.365625 0.6225 0.35052082 0.6225 0.33489582 0.6166667 0.31875 0.6191667 0.31145832 0.6225
4 0.43958333 0.74333334 0.4234375 0.7525 0.40989584 0.75333333 0.40364584 0.73833334 0.3953125 0.7241667 0.39479166 0.70166665 0.39895833 0.68583333 0.40208334 0.6775 0.44427082 0.6225 0.46510416 0.59583336 0.46354166 0.61083335 0.46145833 0.6675 0.459375 0.7225 0.44947916 0.73583335
4 0.3140625 0.5441667 0.31875 0.61833334 0.3359375 0.6166667 0.35104167 0.6225 0.36458334 0.62166667 0.36770833 0.62 0.36302084 0.53333336 0.359375 0.525 0.35416666 0.5225 0.33958334 0.5225 0.31979167 0.525 0.31458333 0.5341667
4 0.1921875 0.57 0.18697916 0.5908333 0.184375 0.6166667 0.18645833 0.64 0.18802084 0.65 0.19947916 0.65833336 0.21354167 0.68666667 0.22135417 0.7 0.22708334 0.7083333 0.26614583 0.7133333 0.27083334 0.68666667 0.27864584 0.66333336 0.290625 0.6408333 0.30364582 0.62583333 0.31145832 0.6225 0.31041667 0.5975 0.30572918 0.57666665 0.29791668 0.55583334 0.29375 0.5441667 0.29375 0.5316667 0.30677083 0.4725 0.32552084 0.3775 0.31927082 0.36416668 0.28489584 0.35 0.27864584 0.35833332 0.27291667 0.3825 0.2515625 0.4825 0.24375 0.51166666 0.23177083 0.5208333 0.21458334 0.5325 0.19791667 0.55583334
4 0.37395832 0.39916667 0.37760416 0.45083332 0.38229167 0.50916666 0.38489583 0.54 0.38333333 0.5566667 0.3796875 0.57166666 0.36614582 0.5966667 0.36770833 0.62 0.378125 0.60833335 0.40260416 0.57666665 0.42552084 0.5441667 0.4328125 0.535 0.43072918 0.50416666 0.42395833 0.41166666 0.421875 0.415 0.415625 0.41666666 0.41145834 0.415 0.3765625 0.38833332 0.37395832 0.39416668
4 0.44010416 0.7708333 0.42916667 0.7866667 0.41979167 0.80833334 0.41666666 0.825 0.41354167 0.8441667 0.41458333 0.86333334 0.41458333 0.875 0.41770834 0.8925 0.42447916 0.9116667 0.43229166 0.92833334 0.4421875 0.94 0.45104167 0.9475 0.459375 0.9533333 0.47291666 0.9558333 0.484375 0.95666665 0.49583334 0.9533333 0.50989586 0.9433333 0.51875 0.9316667 0.5286458 0.9141667 0.53489584 0.8958333 0.5390625 0.8808333 0.540625 0.8625 0.54010415 0.8375 0.5364583 0.81583333 0.5296875 0.79333335 0.5151042 0.77 0.51145834 0.76166666 0.509375 0.7558333 0.5078125 0.7425 0.50989586 0.69 0.51354164 0.6225 0.5140625 0.58666664 0.5109375 0.5783333 0.5046875 0.57416666 0.49635416 0.5733333 0.4796875 0.5708333 0.47708333 0.5808333 0.46510416 0.5966667 0.46302083 0.6325 0.459375 0.7275 0.4578125 0.7425 0.45416668 0.75333333 0.44583333 0.765
4 0.590625 0.79833335 0.57604164 0.76416665 0.5651042 0.7391667 0.559375 0.73083335 0.5520833 0.72583336 0.54791665 0.72583336 0.5390625 0.725 0.52447915 0.7191667 0.50989586 0.70666665 0.5125 0.63666666 0.51458335 0.58916664 0.51145834 0.5783333 0.50364584 0.57416666 0.4953125 0.5725 0.49947917 0.56083333 0.509375 0.54583335 0.51875 0.5391667 0.53125 0.5308333 0.54479164 0.5275 0.55625 0.52916664 0.5734375 0.5375 0.58697915 0.55333334 0.5942708 0.565 0.60260415 0.58416665 0.6078125 0.61083335 0.6078125 0.63416666 0.60625 0.65166664 0.60260415 0.66583335 0.6020833 0.6791667 0.60364586 0.69 0.61614585 0.7216667 0.6359375 0.7683333 0.6546875 0.81333333 0.6578125 0.8208333 0.65833336 0.8308333 0.65520835 0.84 0.6489583 0.84583336 0.62708336 0.87 0.6197917 0.8675 0.6145833 0.85583335 0.6041667 0.83166665
4 0.23229167 0.2075 0.22447917 0.225 0.22083333 0.24083333 0.21927084 0.25916666 0.21875 0.2775 0.21979167 0.29166666 0.225 0.31416667 0.23697917 0.33916667 0.25208333 0.35583332 0.265625 0.36333334 0.2765625 0.36666667 0.27864584 0.35833332 0.28489584 0.35 0.30520833 0.35833332 0.30729166 0.35583332 0.31458333 0.35166666 0.325 0.35083333 0.32864583 0.35083333 0.35052082 0.3675 0.37760416 0.38916665 0.40885416 0.41333333 0.41302082 0.41666666 0.4171875 0.41666666 0.421875 0.415 0.42395833 0.41166666 0.43854168 0.365 0.43854168 0.355 0.43645832 0.34833333 0.42447916 0.33916667 0.375 0.3 0.35104167 0.28166667 0.34635416 0.27083334 0.34322917 0.26333332 0.33958334 0.2325 0.3265625 0.2 0.30885416 0.18 0.290625 0.17083333 0.26875 0.17083333 0.25260416 0.18166667 0.23802084 0.19666667
4 0.3296875 0.9775 0.3265625 0.9891667 0.32083333 1.0 0.45260417 1.0 0.45625 0.98083335 0.4578125 0.9683333 0.4578125 0.9525 0.45052084 0.9475 0.44010416 0.93833333 0.43229166 0.92833334 0.42395833 0.91083336 0.41770834 0.89166665 0.41458333 0.875 0.41458333 0.8625 0.40260416 0.86 0.39791667 0.86833334 0.38645834 0.8825 0.37239584 0.89416665 0.3609375 0.9 0.3453125 0.89916664 0.33958334 0.9116667 0.33645833 0.92583334 0.3328125 0.9425 0.33177084 0.9675
