2 0.25625 0.85583335 0.34739584 0.6066667 0.39114583 0.64416665 0.4546875 0.7058333 0.5541667 0.8 0.55104166 0.80916667 0.48645833 1.0 0.4109375 1.0 0.37760416 0.9683333 0.30416667 0.8983333
2 0.54895836 0.92083335 0.509375 0.93333334 0.54010415 0.8425 0.54375 0.8725
2 0.51927084 0.6408333 0.53333336 0.78 0.4171875 0.67 0.49322918 0.6475
2 0.28229168 0.70666665 0.31302083 0.7 0.28802082 0.7683333 0.28489584 0.7316667
2 0.5104167 0.59833336 0.53229165 0.56 0.6109375 0.39833334 0.6635417 0.2975 0.6770833 0.31333333 0.7270833 0.37833333 0.66041666 0.4775 0.6119792 0.54 0.69166666 0.6775 0.6536458 0.7475 0.6458333 0.7658333 0.5755208 0.6791667 0.52708334 0.62083334
2 0.7296875 0.375 0.7760417 0.30833334 0.80364585 0.27833334 0.8515625 0.38166666 0.90416664 0.48 0.8984375 0.4975 0.865625 0.53333336 0.8354167 0.57916665 0.8 0.6308333 0.7765625 0.66583335 0.7239583 0.73 0.69166666 0.67833334 0.6119792 0.54 0.66041666 0.47833332
2 0.8640625 0.5933333 0.86041665 0.5966667 0.8125 0.61333334 0.865625 0.5341667 0.88489586 0.5133333 0.8880208 0.55833334 0.89270836 0.5875
2 0.56666666 0.1575 0.72291666 0.235 0.7994792 0.26916668 0.7984375 0.285 0.7739583 0.31083333 0.72760415 0.37833333 0.66302085 0.29583332 0.6067708 0.40666667 0.5776042 0.46666667 0.51666665 0.44166666
2 0.7895833 0.21166667 0.8203125 0.27833334 0.8307292 0.3025 0.8520833 0.38083333 0.80364585 0.28 0.79895836 0.2825 0.8 0.27 0.75208336 0.2475
2 0.85364586 0.21333334 0.87083334 0.36916667 0.8744792 0.42416668 0.85260415 0.3825 0.83125 0.30333334 0.7994792 0.23166667
2 0.30520833 0.89916664 0.37864584 0.9691667 0.328125 0.98 0.32239583 0.9791667 0.30885416 0.98083335
