8 0.32395834 0.9325 0.37395832 0.96 0.36666667 0.97083336 0.35625 0.9741667 0.35 0.9716667 0.33854166 0.9558333 0.32916668 0.9425
8 0.478125 0.70916665 0.49114582 0.7158333 0.49583334 0.72 0.49739584 0.73083335 0.4921875 0.7366667 0.48385417 0.74833333 0.471875 0.7683333 0.45520833 0.7866667 0.4609375 0.75666666 0.46614584 0.7375 0.47552082 0.7183333
8 0.40104166 0.60083336 0.40520832 0.5975 0.41302082 0.5975 0.4171875 0.5991667 0.42395833 0.61333334 0.42916667 0.62666667 0.4078125 0.60583335
8 0.34166667 0.66833335 0.35885417 0.5975 0.36510417 0.58666664 0.37395832 0.5833333 0.38125 0.585 0.40625 0.605 0.4296875 0.62666667 0.43645832 0.6325 0.44375 0.63666666 0.45364583 0.64 0.46875 0.64916664 0.48229167 0.66 0.48697916 0.67083335 0.48854166 0.6816667 0.48385417 0.69416666 0.47760418 0.71 0.475 0.72 0.465625 0.74 0.46041667 0.75916666 0.4484375 0.81416667 0.4296875 0.8875 0.42447916 0.9033333 0.421875 0.9033333 0.42291668 0.9066667 0.42239583 0.91 0.41666666 0.93 0.409375 0.95666665 0.40208334 0.9683333 0.39375 0.97083336 0.371875 0.95916665 0.32447916 0.9325 0.29947916 0.9141667 0.28645834 0.9008333 0.28385416 0.88916665 0.28333333 0.87833333 0.29635417 0.8275 0.30052084 0.8258333 0.29895833 0.8208333 0.31354168 0.7733333 0.3296875 0.71666664 0.340625 0.6725
8 0.72239584 0.5308333 0.74427086 0.5425 0.7895833 0.57 0.8421875 0.5883333 0.84947914 0.5925 0.8515625 0.6 0.8421875 0.60583335 0.84010416 0.61 0.83958334 0.62333333 0.83489585 0.65833336 0.834375 0.6983333 0.8286458 0.74666667 0.8276042 0.76666665 0.8276042 0.815 0.8265625 0.8475 0.82604164 0.8641667 0.81927085 0.87583333 0.8130208 0.87833333 0.75625 0.86333334 0.72760415 0.8625 0.7125 0.8625 0.70416665 0.85833335 0.7005208 0.8491667 0.6979167 0.83916664 0.7114583 0.6925 0.71510416 0.6 0.71770835 0.59833336 0.71875 0.5925 0.7140625 0.59 0.715625 0.54 0.71666664 0.535
8 0.68645835 0.68833333 0.69895834 0.66583335 0.71302086 0.64916664 0.7114583 0.68916667 0.70677084 0.74333334 0.7057292 0.73833334 0.70208335 0.7275 0.69895834 0.7266667 0.69166666 0.7266667 0.68854165 0.7266667 0.684375 0.70916665 0.68385416 0.70166665 0.68385416 0.6958333
8 0.84583336 0.80333334 0.8385417 0.7725 0.8328125 0.7575 0.828125 0.7558333 0.82708335 0.77 0.8276042 0.815 0.8265625 0.8275 0.84010416 0.8175 0.8453125 0.81166667
8 0.7291667 0.8858333 0.72239584 0.8616667 0.7572917 0.86333334 0.76875 0.86583334 0.753125 0.88166666 0.73802084 0.8925
8 0.47552082 0.24833333 0.50885415 0.20833333 0.51145834 0.20833333 0.5125 0.205 0.5598958 0.15166667 0.6255208 0.06583333 0.6322917 0.060833335 0.6401042 0.06 0.64739585 0.0625 0.65520835 0.090833336 0.6609375 0.12 0.6640625 0.12666667 0.67552084 0.14083333 0.6927083 0.16916667 0.70989585 0.2025 0.7109375 0.2125 0.70885414 0.225 0.703125 0.235 0.69895834 0.2425 0.6848958 0.2575 0.6645833 0.28083333 0.64375 0.30666667 0.6234375 0.32833335 0.6010417 0.36333334 0.5953125 0.375 0.59375 0.37416667 0.5921875 0.37333333 0.5921875 0.3775 0.59270835 0.38083333 0.58697915 0.38916665 0.56041664 0.425 0.5520833 0.42833334 0.54322916 0.42583334 0.53489584 0.4075 0.4984375 0.33416668 0.49114582 0.31666666 0.48645833 0.30666667 0.48333332 0.30083334 0.47395834 0.27833334 0.47291666 0.26916668 0.4734375 0.26 0.4734375 0.255
8 0.6567708 0.09833334 0.66197914 0.100833334 0.665625 0.104166664 0.6671875 0.11083333 0.67083335 0.12666667 0.6723958 0.13666667 0.6640625 0.12666667 0.6609375 0.119166665
8 0.46666667 0.18833333 0.49322918 0.17666666 0.5203125 0.1625 0.56822914 0.14 0.559375 0.15166667 0.5239583 0.19166666 0.5125 0.20416667 0.51145834 0.20833333 0.5083333 0.20833333 0.47604167 0.24833333 0.4734375 0.255 0.46822917 0.2475 0.46354166 0.23666666 0.4625 0.22833334 0.4609375 0.2125 0.46197918 0.2 0.4640625 0.19333333
8 0.48489583 0.36333334 0.48072916 0.32416666 0.48125 0.3075 0.48125 0.29666665 0.48333332 0.30166668 0.4859375 0.30583334 0.4984375 0.33416668 0.5234375 0.38416666 0.503125 0.39416668 0.49739584 0.39333335 0.49010417 0.38666666 0.48697916 0.37833333
8 0.6171875 0.3375 0.6223958 0.33666667 0.63072914 0.33166668 0.64427084 0.32666665 0.64635414 0.325 0.64635414 0.32333332 0.6479167 0.3225 0.65208334 0.30416667 0.65520835 0.2925 0.64375 0.30666667 0.6234375 0.32833335
8 0.26666668 0.82416666 0.29739583 0.7725 0.303125 0.77416664 0.30104166 0.7683333 0.3265625 0.72833335 0.3109375 0.78333336 0.29895833 0.82166666 0.3 0.8258333 0.29635417 0.82666665 0.28333333 0.87833333 0.27708334 0.87 0.26614583 0.85 0.26510417 0.8375 0.26510417 0.8283333
