11 0.24479167 0.89416665 0.275 0.87416667 0.28072917 0.9508333 0.2859375 0.9525 0.390625 0.91083336 0.37916666 0.8358333 0.37552083 0.825 0.3796875 0.815 0.38229167 0.81083333 0.38697916 0.815 0.3875 0.8066667 0.39583334 0.8016667 0.40572917 0.80083334 0.41302082 0.80083334 0.42604166 0.83 0.4359375 0.8475 0.45729166 0.9058333 0.48229167 0.96 0.49270833 1.0 0.26979166 1.0 0.24791667 0.9075
9 0.15208334 0.56333333 0.25885418 0.5133333 0.29479167 0.495 0.34010416 0.46916667 0.3421875 0.47166666 0.34375 0.4675 0.37552083 0.44666666 0.3921875 0.5275 0.39791667 0.5725 0.40833333 0.61833334 0.43177083 0.72583336 0.39479166 0.74583334 0.3921875 0.7425 0.390625 0.7475 0.35885417 0.76416665 0.24635416 0.81916666 0.2046875 0.84166664 0.18697916 0.75416666 0.17708333 0.7075 0.16770834 0.6483333 0.15 0.56416667
5 0.46302083 0.6166667 0.45104167 0.6166667 0.4109375 0.6308333 0.41302082 0.63916665 0.42083332 0.6383333 0.4265625 0.6375 0.42239583 0.6475 0.41822916 0.6616667 0.42552084 0.6933333 0.43125 0.72583336 0.3953125 0.74666667 0.39427084 0.7733333 0.396875 0.80083334 0.41197917 0.80083334 0.425 0.8275 0.43645832 0.84833336 0.440625 0.8616667 0.48697916 0.87416667 0.50989586 0.8833333 0.565625 0.90833336 0.5729167 0.9058333 0.57447916 0.905 0.578125 0.89666665 0.59010416 0.78833336 0.61041665 0.65416664 0.6125 0.63916665 0.56354165 0.63
9 0.0 0.13083333 0.032291666 0.1275 0.050520834 0.12583333 0.058854166 0.1575 0.06875 0.20583333 0.053645834 0.23416667 0.0 0.30416667
9 0.06822917 0.3275 0.059895832 0.38083333 0.046875 0.42666668 0.0359375 0.475 0.030729167 0.48583335 0.034375 0.51666665 0.0 0.5308333 0.0 0.37 0.009375 0.38583332 0.019270834 0.39166668 0.025520833 0.38666666
4 0.0 0.30416667 0.0 0.36916667 0.008333334 0.385 0.01875 0.3925 0.0296875 0.3825 0.08229167 0.30583334 0.10885417 0.27416667 0.118229166 0.27 0.14166667 0.27416667 0.16666667 0.26916668 0.18802084 0.245 0.20260416 0.2075 0.20625 0.17416666 0.20416667 0.14416666 0.19479166 0.111666664 0.1765625 0.08083333 0.14791666 0.061666667 0.13020833 0.058333334 0.10625 0.068333335 0.09322917 0.08 0.07864583 0.10333333 0.072916664 0.123333335 0.06979167 0.14083333 0.06822917 0.17083333 0.069270834 0.20583333 0.053125 0.23583333
8 0.634375 0.22 0.5640625 0.29 0.53020835 0.31416667 0.52135414 0.32333332 0.51927084 0.345 0.5317708 0.38333333 0.54479164 0.4125 0.5677083 0.48416665 0.5729167 0.50166667 0.5833333 0.5058333 0.59166664 0.50166667 0.61145836 0.48416665 0.69739586 0.4025 0.7135417 0.38833332 0.7291667 0.37666667 0.7484375 0.35666665 0.7578125 0.34333333 0.7609375 0.3275 0.7375 0.25833333 0.7036458 0.1725 0.69947916 0.1675 0.690625 0.16666667 0.66614586 0.19 0.64739585 0.20916666
13 0.68177086 0.44333333 0.8255208 0.29166666 0.83802086 0.28416666 0.8510417 0.28666666 0.9145833 0.45416668 0.91510415 0.475 0.87604165 0.51 0.7447917 0.64166665 0.73645836 0.62583333 0.67552084 0.4625
14 0.75885415 0.20416667 0.76979166 0.19416666 0.7963542 0.195 0.9390625 0.075833336 0.9526042 0.04916667 0.965625 0.036666665 0.978125 0.07083333 0.9848958 0.123333335 0.9770833 0.15333334 0.97291666 0.155 0.9692708 0.15416667 0.9109375 0.19416666 0.7963542 0.27083334 0.80104166 0.2975 0.7921875 0.30416667 0.7729167 0.24166666 0.7625 0.21416667
6 0.28125 0.95 0.2703125 0.8066667 0.3625 0.76416665 0.37864584 0.83666664 0.390625 0.91083336 0.31354168 0.94166666 0.284375 0.9525
