15 0.3984375 0.5108333 0.44427082 0.47916666 0.49010417 0.4425 0.53020835 0.47083333 0.5078125 0.4875 0.41510418 0.55916667 0.38697916 0.5783333 0.37447917 0.5775 0.37083334 0.5725 0.36666667 0.57416666 0.359375 0.57416666 0.35416666 0.5683333 0.35729167 0.56 0.36666667 0.55583334 0.3671875 0.54583335 0.378125 0.52916664 0.39322916 0.5175
15 0.5307292 0.4075 0.5630208 0.38583332 0.571875 0.3875 0.5765625 0.39166668 0.58125 0.3925 0.5833333 0.39416668 0.5864583 0.38333333 0.59010416 0.38666666 0.59479165 0.3975 0.59010416 0.39833334 0.5864583 0.40166667 0.5854167 0.40833333 0.58177084 0.41083333 0.5807292 0.4225 0.57604164 0.43 0.56822914 0.43666667 0.5296875 0.40916666
15 0.4546875 0.38 0.45833334 0.38583332 0.4625 0.38333333 0.46510416 0.385 0.47239584 0.3775 0.47916666 0.3775 0.490625 0.38333333 0.53020835 0.40916666 0.575 0.44166666 0.6546875 0.50333333 0.67291665 0.51916665 0.6796875 0.52916664 0.68177086 0.53833336 0.6822917 0.54583335 0.6869792 0.5525 0.68645835 0.5566667 0.69375 0.56333333 0.6927083 0.5733333 0.6828125 0.56416667 0.6802083 0.56666666 0.67864585 0.56583333 0.67604166 0.5675 0.66875 0.5708333 0.65989584 0.57 0.6328125 0.55083334 0.61354166 0.53833336 0.55364585 0.49 0.5296875 0.47 0.4890625 0.44166666 0.47135416 0.42833334 0.46458334 0.41916665 0.46145833 0.41 0.4609375 0.40083334 0.45677084 0.40166667 0.45520833 0.39916667 0.45572916 0.39583334 0.45729166 0.39416668 0.44895834 0.39166668 0.4484375 0.39 0.44947916 0.38333333 0.45052084 0.38 0.45208332 0.3775
15 0.44427082 0.39916667 0.45 0.39333335 0.45729166 0.39416668 0.45572916 0.39666668 0.45520833 0.4 0.45677084 0.40166667 0.4609375 0.40083334 0.4609375 0.41 0.46458334 0.41833332 0.47135416 0.42833334 0.4734375 0.4325 0.475 0.455 0.44322917 0.48 0.440625 0.41916665 0.4421875 0.405 0.44375 0.4
15 0.453125 0.36833334 0.45729166 0.36833334 0.46145833 0.37166667 0.46041667 0.37833333 0.45833334 0.385 0.4546875 0.38 0.45260417 0.3775 0.45052084 0.37916666 0.45104167 0.37416667
15 0.4734375 0.2975 0.48177084 0.295 0.48177084 0.3 0.48177084 0.30666667 0.484375 0.30833334 0.48541668 0.31166667 0.490625 0.31083333 0.4953125 0.31333333 0.49791667 0.31833333 0.51197916 0.36 0.52760416 0.4075 0.49114582 0.38333333 0.48125 0.3775 0.47083333 0.34 0.46979168 0.33083335 0.47447917 0.32166666 0.47291666 0.3175 0.47447917 0.31166667 0.4703125 0.30333334
15 0.5140625 0.4825 0.5296875 0.535 0.55833334 0.5083333 0.55104166 0.4875 0.53020835 0.47
15 0.48541668 0.5925 0.49322918 0.59 0.49375 0.5825 0.4984375 0.5825 0.49791667 0.57666665 0.50104165 0.5625 0.50885415 0.55333334 0.5307292 0.5341667 0.55833334 0.5075 0.56666666 0.5 0.6041667 0.5308333 0.55260414 0.57666665 0.525 0.6025 0.5171875 0.60583335 0.51354164 0.60583335 0.50989586 0.6066667 0.50677085 0.60333335 0.503125 0.6 0.5015625 0.6025 0.49791667 0.60333335 0.496875 0.6016667 0.49635416 0.59833336 0.49270833 0.6 0.4890625 0.60583335 0.48697916 0.6025 0.48489583 0.5991667 0.48489583 0.5966667
15 0.5203125 0.33666667 0.521875 0.3375 0.5265625 0.34666666 0.52916664 0.3425 0.5317708 0.34416667 0.5328125 0.3475 0.53333336 0.35 0.53229165 0.35166666 0.54322916 0.35416666 0.54895836 0.36 0.56145835 0.385 0.5619792 0.38666666 0.53020835 0.40833333 0.52916664 0.41 0.52239585 0.39166668 0.5203125 0.38 0.51979166 0.37333333 0.5203125 0.365 0.521875 0.36083335 0.5203125 0.35666665 0.52135414 0.3525 0.51666665 0.34333333 0.5161458 0.34166667 0.51875 0.3375
15 0.5796875 0.42583334 0.59270835 0.45583335 0.56822914 0.43666667 0.57604164 0.43
15 0.57395834 0.55916667 0.578125 0.57416666 0.57916665 0.57916665 0.5875 0.6116667 0.58802086 0.62083334 0.5864583 0.6275 0.5828125 0.63416666 0.58385414 0.6358333 0.58385414 0.64 0.5890625 0.6483333 0.5890625 0.6525 0.5864583 0.655 0.584375 0.6558333 0.5833333 0.6591667 0.5807292 0.65833336 0.5776042 0.655 0.57604164 0.6508333 0.57604164 0.64666665 0.57447916 0.64916664 0.571875 0.6458333 0.5708333 0.64166665 0.5651042 0.64166665 0.56041664 0.635 0.5541667 0.61833334 0.54375 0.585 0.5734375 0.55833334
15 0.590625 0.5425 0.603125 0.575 0.6088542 0.58666664 0.6119792 0.5975 0.61927086 0.61583334 0.6296875 0.6333333 0.63489586 0.64 0.6380208 0.6433333 0.64166665 0.645 0.64375 0.6433333 0.64479166 0.6425 0.6484375 0.64166665 0.64739585 0.64416665 0.6489583 0.6483333 0.65 0.65 0.6515625 0.64916664 0.65416664 0.64666665 0.66041666 0.6566667 0.66197914 0.6525 0.6635417 0.6458333 0.66041666 0.6408333 0.6578125 0.63916665 0.659375 0.63666666 0.65833336 0.6333333 0.6546875 0.63166666 0.6567708 0.6275 0.6567708 0.615 0.653125 0.6016667 0.6354167 0.55333334 0.62083334 0.5425 0.6119792 0.5366667 0.6041667 0.5308333
15 0.60520834 0.46333334 0.653125 0.41916665 0.67760414 0.40083334 0.68385416 0.39916667 0.6875 0.39833334 0.6927083 0.4 0.6958333 0.39916667 0.6979167 0.39916667 0.7 0.40083334 0.70520836 0.3925 0.70885414 0.395 0.71197915 0.40083334 0.7125 0.40416667 0.7057292 0.41 0.7036458 0.41083333 0.7036458 0.41583332 0.7015625 0.41666666 0.70104164 0.42333335 0.70104164 0.42583334 0.69947916 0.43 0.6979167 0.43916667 0.69114584 0.4475 0.6692708 0.46833333 0.6432292 0.495 0.6046875 0.46416667
15 0.59583336 0.42083332 0.6010417 0.42916667 0.6015625 0.43083334 0.60364586 0.42833334 0.60625 0.43 0.6109375 0.42583334 0.615625 0.425 0.6223958 0.425 0.6380208 0.43333334 0.60520834 0.46333334 0.6041667 0.46416667 0.6015625 0.45416668 0.6015625 0.44833332 0.6 0.4475 0.59791666 0.445 0.5963542 0.4425 0.59583336 0.44083333 0.590625 0.43666667 0.58958334 0.435 0.58958334 0.43166667 0.5921875 0.425 0.59479165 0.42083332
15 0.6765625 0.4625 0.7109375 0.48666668 0.70625 0.5 0.70104164 0.50916666 0.69635415 0.53 0.6947917 0.5325 0.6869792 0.5275 0.66041666 0.5075 0.64375 0.495 0.6666667 0.47166666
15 0.5854167 0.26666668 0.5911458 0.27583334 0.5932292 0.27333334 0.59479165 0.27416667 0.59583336 0.27833334 0.6020833 0.27166668 0.60572916 0.27083334 0.6125 0.27333334 0.63125 0.28833333 0.64270836 0.3025 0.64479166 0.2975 0.64635414 0.2975 0.65625 0.31083333 0.67083335 0.32416666 0.68385416 0.33833334 0.69166666 0.34583333 0.7036458 0.35666665 0.72760415 0.3825 0.740625 0.395 0.7395833 0.3975 0.7395833 0.39833334 0.7630208 0.42333335 0.77552086 0.43916667 0.78229165 0.45166665 0.78333336 0.45916668 0.7828125 0.46666667 0.7859375 0.47 0.78541666 0.4725 0.78489584 0.47666666 0.7916667 0.48333332 0.79114586 0.48666668 0.7895833 0.4875 0.7864583 0.4925 0.78489584 0.4925 0.78125 0.48333332 0.7765625 0.48583335 0.7734375 0.48333332 0.76979166 0.48333332 0.75989586 0.48333332 0.7552083 0.47916666 0.7505208 0.47416666 0.7494792 0.46666667 0.7473958 0.4625 0.74895835 0.45833334 0.74895835 0.45333335 0.7546875 0.44833332 0.75416666 0.44333333 0.74635416 0.43333334 0.7421875 0.43083334 0.74114585 0.43583333 0.74114585 0.44416666 0.74010414 0.44583333 0.7369792 0.445 0.7359375 0.45 0.7317708 0.4475 0.72864586 0.44916666 0.725 0.4475 0.70104164 0.42166665 0.70208335 0.41666666 0.703125 0.41666666 0.7036458 0.41083333 0.7057292 0.41 0.7125 0.40416667 0.71197915 0.4 0.70885414 0.395 0.7046875 0.3925 0.7005208 0.40083334 0.6984375 0.39833334 0.6958333 0.39916667 0.6927083 0.4 0.6880208 0.39833334 0.6828125 0.39916667 0.6791667 0.4 0.6567708 0.37666667 0.62864584 0.35333332 0.6255208 0.35083333 0.625 0.34666666 0.61510414 0.3375 0.6010417 0.3225 0.59270835 0.31083333 0.59010416 0.30333334 0.5911458 0.29333332 0.5885417 0.29416665 0.5864583 0.2925 0.5859375 0.29 0.5864583 0.28666666 0.58697915 0.28416666 0.58020836 0.27666667 0.5807292 0.27333334
15 0.7416667 0.5083333 0.8 0.5516667 0.80677086 0.56 0.8098958 0.5675 0.809375 0.57416666 0.8130208 0.57916665 0.8203125 0.58 0.82135415 0.5858333 0.82135415 0.58916664 0.8208333 0.5925 0.8208333 0.5975 0.8171875 0.595 0.8119792 0.59166664 0.81041664 0.5941667 0.80625 0.5941667 0.8 0.5975 0.7921875 0.59833336 0.7765625 0.59166664 0.7515625 0.575 0.72552085 0.55583334 0.74010414 0.5083333
15 0.7505208 0.47416666 0.74791664 0.48916668 0.7390625 0.51166666 0.725 0.55583334 0.70208335 0.63416666 0.66302085 0.7708333 0.6588542 0.7808333 0.6510417 0.7825 0.6484375 0.78833336 0.6458333 0.78833336 0.6421875 0.79833335 0.6380208 0.795 0.6354167 0.7891667 0.6328125 0.7891667 0.6333333 0.7841667 0.63854164 0.7783333 0.63697916 0.7733333 0.63385415 0.7675 0.63385415 0.75333333 0.6380208 0.73083335 0.66041666 0.655 0.6635417 0.64416665 0.6848958 0.56583333 0.6921875 0.5725 0.69375 0.56166667 0.6869792 0.5566667 0.6947917 0.53333336 0.69635415 0.52916664 0.70104164 0.5075 0.70677084 0.49916667 0.7109375 0.485 0.721875 0.45583335 0.7265625 0.44916666 0.7291667 0.44916666 0.73125 0.44666666 0.7359375 0.45083332 0.73645836 0.44583333 0.7395833 0.44583333 0.74114585 0.44333333 0.740625 0.43666667 0.7421875 0.43083334 0.74635416 0.43333334 0.7546875 0.44333333 0.7546875 0.44833332 0.74895835 0.4525 0.74895835 0.45833334 0.74791664 0.4625 0.74895835 0.46583334
15 0.47239584 0.75416666 0.46614584 0.75 0.4625 0.73833334 0.46041667 0.7291667 0.446875 0.5341667 0.478125 0.5108333 0.484375 0.6066667 0.4921875 0.7241667 0.49114582 0.74083334 0.4875 0.74916667 0.48385417 0.7558333 0.48333332 0.76166666 0.48645833 0.7758333 0.4796875 0.77916664 0.47760418 0.7658333 0.47447917 0.7633333
15 0.4671875 0.23166667 0.4703125 0.23333333 0.47291666 0.22666667 0.4765625 0.2275 0.48020834 0.21666667 0.48489583 0.22166666 0.48697916 0.22166666 0.4875 0.225 0.49010417 0.22833334 0.48802084 0.23 0.48385417 0.23333333 0.4828125 0.23583333 0.4828125 0.24 0.48229167 0.24333334 0.48489583 0.24916667 0.4859375 0.25833333 0.48541668 0.26666668 0.484375 0.26583335 0.46197918 0.325 0.39635417 0.51166666 0.39322916 0.51666665 0.37864584 0.5283333 0.37291667 0.5375 0.3671875 0.54583335 0.36614582 0.55583334 0.36354166 0.5575 0.35729167 0.56 0.3546875 0.5683333 0.359375 0.57416666 0.36197916 0.575 0.36145833 0.5833333 0.3546875 0.5825 0.35208333 0.5775 0.35260418 0.56916666 0.35416666 0.56333333 0.35364583 0.55833334 0.35520834 0.55333334 0.35208333 0.5375 0.35677084 0.52 0.3890625 0.42583334 0.42864582 0.315 0.45729166 0.24083333 0.46302083 0.23333333
