14 0.38229167 0.60083336 0.35364583 0.53833336 0.34791666 0.52416664 0.33697918 0.54833335 0.3328125 0.56333333 0.2 0.7241667 0.18072917 0.72083336 0.17395833 0.72583336 0.19791667 0.76916665 0.21302083 0.80333334 0.21666667 0.81 0.22864583 0.80583334 0.225 0.79583335 0.35572916 0.635 0.36614582 0.625 0.37864584 0.635 0.3890625 0.6275
14 0.38229167 0.55083334 0.36354166 0.55583334 0.36770833 0.5683333 0.371875 0.57416666 0.38333333 0.56083333
14 0.30885416 0.56333333 0.334375 0.55916667 0.33125 0.56333333 0.31458333 0.585 0.30989584 0.57916665
14 0.25520834 0.54 0.309375 0.5325 0.32760417 0.5325 0.32604167 0.52666664 0.3203125 0.5208333 0.31979167 0.5 0.265625 0.5083333 0.25885418 0.52416664 0.25572917 0.5316667
14 0.35572916 0.80916667 0.334375 0.66333336 0.36510417 0.62416667 0.37760416 0.635 0.38333333 0.6333333 0.35104167 0.685 0.34322917 0.7 0.35625 0.7008333 0.365625 0.6975 0.40885416 0.795 0.41822916 0.8475 0.42708334 0.875 0.43177083 0.87833333 0.4328125 0.8958333 0.38177082 0.9191667 0.359375 0.9216667 0.35885417 0.9 0.36666667 0.87916666 0.36197916 0.83666664
14 0.39947918 0.60833335 0.39010417 0.62416667 0.38020834 0.63666666 0.34322917 0.7 0.35885417 0.7025 0.365625 0.6983333 0.409375 0.795 0.4671875 0.9091667 0.47552082 0.9558333 0.48645833 0.9625 0.49479166 0.9533333 0.515625 0.90833336 0.5260417 0.87583333 0.5260417 0.8625 0.51666665 0.85583335 0.50572914 0.85083336 0.4921875 0.82416666 0.4546875 0.7475 0.40572917 0.65 0.39895833 0.615
14 0.3734375 0.48083332 0.396875 0.45833334 0.41875 0.44083333 0.42395833 0.44 0.42135417 0.45916668 0.42395833 0.4675 0.46354166 0.5175 0.5390625 0.6308333 0.56822914 0.6591667 0.5703125 0.6675 0.5598958 0.6775 0.53020835 0.6958333 0.5234375 0.7 0.52447915 0.705 0.515625 0.705 0.50572914 0.6925 0.42708334 0.585 0.38229167 0.52416664 0.36979166 0.5108333 0.36614582 0.4975
14 0.63125 0.67 0.5625 0.6925 0.51145834 0.7075 0.46927083 0.7225 0.46145833 0.7275 0.45 0.7275 0.45208332 0.7441667 0.48125 0.8025 0.53802085 0.785 0.66614586 0.7441667 0.6723958 0.7375 0.6770833 0.7425 0.68125 0.7325 0.6848958 0.7108333 0.6791667 0.6766667 0.6723958 0.6575 0.65989584 0.66833335 0.65260416 0.6641667
14 0.64166665 0.6375 0.6390625 0.6666667 0.6276042 0.6691667 0.61041665 0.66 0.60572916 0.6641667 0.6046875 0.6716667 0.59583336 0.6791667 0.59166664 0.6616667 0.584375 0.6508333 0.53125 0.5525 0.48020834 0.4675 0.4703125 0.44416666 0.46302083 0.42583334 0.48229167 0.44 0.50989586 0.46083334 0.5 0.47083333 0.5046875 0.48166665 0.5109375 0.48083332 0.521875 0.47 0.5307292 0.44083333 0.59010416 0.54583335 0.62916666 0.62583333 0.6333333 0.63166666
14 0.7104167 0.70916665 0.69322914 0.6975 0.690625 0.6875 0.68072915 0.67833334 0.6723958 0.6575 0.66770834 0.66333336 0.63645834 0.62166667 0.6145833 0.59583336 0.56822914 0.50666666 0.546875 0.4675 0.5520833 0.46916667 0.5578125 0.4725 0.57708335 0.4475 0.61822915 0.50416666 0.71666664 0.625 0.72447914 0.6375 0.72864586 0.64916664 0.73229164 0.6525 0.7447917 0.6375 0.7390625 0.64666665 0.7369792 0.6558333 0.72760415 0.6666667 0.7161458 0.6766667 0.7203125 0.6766667 0.71770835 0.69
14 0.62604165 0.30916667 0.65 0.28916666 0.68958336 0.26916668 0.6958333 0.295 0.69322914 0.30916667 0.6880208 0.32666665 0.6958333 0.3275 0.76666665 0.5733333 0.77708334 0.57916665 0.78125 0.59 0.7661458 0.6066667 0.73802084 0.62416667 0.72291666 0.6333333 0.715625 0.62333333 0.7203125 0.6041667 0.7015625 0.5391667 0.6713542 0.43666667 0.6484375 0.35666665 0.64270836 0.33833334 0.63125 0.3325
14 0.71770835 0.2725 0.72864586 0.26666668 0.7369792 0.27916667 0.8541667 0.49416667 0.859375 0.505 0.8666667 0.52 0.8598958 0.545 0.8489583 0.57166666 0.840625 0.5625 0.828125 0.5541667 0.8197917 0.5525 0.71770835 0.35833332 0.69947916 0.3225 0.6958333 0.32583332 0.6880208 0.32583332 0.6984375 0.30916667 0.715625 0.2825
14 0.17916666 0.44 0.16510417 0.4225 0.14635417 0.4225 0.146875 0.5425 0.16614583 0.5425 0.1953125 0.51916665 0.27708334 0.5058333 0.32135418 0.5 0.34791666 0.505 0.36458334 0.51 0.3671875 0.505 0.36614582 0.495 0.3625 0.41333333 0.3625 0.39583334 0.36875 0.385 0.35677084 0.3825 0.34635416 0.385 0.33229166 0.40083334 0.23958333 0.42666668 0.18958333 0.43916667
14 0.46354166 0.32166666 0.48177084 0.3225 0.4859375 0.33916667 0.5052083 0.34666666 0.5229167 0.37666667 0.46770832 0.335
14 0.5296875 0.23916666 0.49739584 0.28916666 0.4828125 0.32416666 0.48541668 0.33916667 0.5052083 0.345 0.5234375 0.37666667 0.5453125 0.38083333 0.55260414 0.37333333 0.55677086 0.38083333 0.54583335 0.40416667 0.5755208 0.44833332 0.5796875 0.45 0.65520835 0.5516667 0.6625 0.5566667 0.6848958 0.49 0.684375 0.47833332 0.68125 0.47583333 0.67291665 0.47333333 0.6625 0.46833333 0.653125 0.45666668 0.58125 0.34166667 0.5463542 0.2925 0.5421875 0.27333334 0.5416667 0.25833333
14 0.646875 0.1725 0.6322917 0.18583333 0.6328125 0.2 0.60729164 0.22333333 0.5442708 0.2775 0.546875 0.29333332 0.578125 0.33833334 0.6546875 0.26833335 0.66770834 0.26833335 0.6744792 0.26583335 0.6765625 0.2475 0.6692708 0.255 0.6640625 0.245 0.6479167 0.18666667
14 0.37447917 0.24083333 0.3359375 0.33916667 0.34791666 0.35166666 0.36875 0.35166666 0.40104166 0.37583333 0.47760418 0.435 0.5104167 0.46166667 0.5 0.47083333 0.50416666 0.48166665 0.5104167 0.4825 0.52239585 0.47083333 0.5307292 0.44083333 0.5515625 0.39166668 0.55677086 0.38083333 0.553125 0.37416667 0.5453125 0.3825 0.5203125 0.37416667 0.46145833 0.32916668 0.39270833 0.2725 0.3859375 0.25083333
14 0.25625 0.21 0.30677083 0.17833333 0.3125 0.1775 0.31458333 0.19583334 0.31197917 0.21583334 0.31041667 0.2325 0.31354168 0.40416667 0.2625 0.42 0.26041666 0.24333334 0.2546875 0.23166667 0.24791667 0.22166666 0.25260416 0.215
14 0.027604166 0.58166665 0.0515625 0.58666664 0.23229167 0.5366667 0.2375 0.5125 0.24270834 0.5158333 0.24427083 0.59833336 0.25677082 0.59833336 0.25833333 0.60583335 0.24583334 0.61833334 0.23229167 0.62416667 0.221875 0.625 0.0625 0.67083335 0.058333334 0.6641667 0.058854166 0.6825 0.059375 0.6958333 0.053125 0.69666666 0.045833334 0.6716667 0.030208332 0.5941667
