20 0.43802083 1.0 0.43489584 1.0 0.396875 0.955 0.39375 0.9425 0.40416667 0.8983333 0.41822916 0.86 0.44427082 0.81416667 0.47291666 0.74833333 0.534375 0.64 0.56145835 0.5883333 0.5921875 0.54583335 0.609375 0.5183333 0.62135416 0.51166666 0.6354167 0.52416664 0.69427085 0.62916666 0.7182292 0.6725 0.71979165 0.68666667 0.71875 0.69916666 0.709375 0.71416664 0.65052086 0.7916667 0.615625 0.8525 0.5833333 0.905 0.5625 0.94 0.54114586 1.0
20 0.56875 1.0 0.578125 0.96416664 0.5854167 0.93416667 0.59270835 0.9025 0.5942708 0.8875 0.5630208 0.93916667 0.540625 1.0
20 0.17760417 0.5208333 0.1671875 0.5225 0.15572916 0.5316667 0.1515625 0.5466667 0.15 0.5783333 0.14583333 0.6333333 0.15104167 0.63666666 0.1453125 0.6508333 0.14114584 0.6666667 0.14114584 0.67833334 0.14375 0.69 0.14635417 0.695 0.159375 0.70416665 0.24270834 0.765 0.26041666 0.7758333 0.34270832 0.78583336 0.37604168 0.79583335 0.3859375 0.8016667 0.39322916 0.815 0.4015625 0.84166664 0.41770834 0.86 0.44427082 0.815 0.4734375 0.7475 0.5234375 0.6591667 0.525 0.6558333 0.52760416 0.65166664 0.51875 0.6475 0.4671875 0.625 0.4359375 0.6075 0.39010417 0.5808333 0.36979166 0.5733333 0.33072916 0.55333334 0.2765625 0.53583336 0.2421875 0.53 0.21041666 0.52666664
20 0.55625 0.5 0.60260415 0.5283333 0.56041664 0.59 0.52708334 0.65166664 0.48958334 0.635 0.49739584 0.605 0.50885415 0.5833333 0.53541666 0.55833334 0.54479164 0.5425 0.5494792 0.51166666 0.5541667 0.50666666
20 0.44010416 0.29666665 0.46979168 0.30083334 0.5046875 0.32083333 0.52708334 0.33333334 0.5546875 0.36583334 0.5833333 0.4 0.5911458 0.4525 0.5854167 0.455 0.58229166 0.45166665 0.56041664 0.4225 0.56458336 0.44333333 0.5651042 0.46083334 0.5619792 0.48083332 0.55625 0.50166667 0.553125 0.5075 0.5494792 0.51166666 0.54479164 0.5425 0.53541666 0.55916667 0.509375 0.5833333 0.49739584 0.60583335 0.48958334 0.635 0.46822917 0.625 0.440625 0.6091667 0.4203125 0.59833336 0.40052083 0.5875 0.38958332 0.58 0.36770833 0.5725 0.384375 0.52166665 0.40729168 0.47083333 0.4140625 0.4625 0.4171875 0.46333334 0.42395833 0.47166666 0.42604166 0.46416667 0.4265625 0.40666667
20 0.425 0.4425 0.41979167 0.46666667 0.42395833 0.47083333 0.42604166 0.46416667 0.42604166 0.4425
20 0.31041667 0.44583333 0.30572918 0.4925 0.30520833 0.5133333 0.3046875 0.545 0.33177084 0.5541667 0.3671875 0.5725 0.384375 0.52166665 0.40677083 0.47083333 0.4140625 0.46166667 0.41927084 0.465 0.42604166 0.44 0.4265625 0.40416667 0.43229166 0.36166668 0.4390625 0.29666665 0.45416668 0.29916668 0.45833334 0.22583333 0.46458334 0.20583333 0.4796875 0.17666666 0.48854166 0.10166667 0.49322918 0.04916667 0.49114582 0.038333334 0.48072916 0.024166666 0.4703125 0.021666666 0.44322917 0.018333333 0.37447917 0.0125 0.34895834 0.01 0.33958334 0.014166667 0.3328125 0.02 0.32916668 0.0275 0.3265625 0.035833333 0.33125 0.0825 0.33541667 0.13333334 0.3359375 0.16916667 0.32916668 0.19166666 0.32552084 0.21083333 0.31927082 0.25166667 0.31822917 0.27833334 0.32135418 0.305 0.3203125 0.32166666 0.3140625 0.3475 0.31145832 0.36833334
20 0.0484375 0.39 0.07604167 0.37416667 0.15260416 0.35 0.19166666 0.3525 0.2171875 0.35833332 0.23958333 0.355 0.32083333 0.30583334 0.31979167 0.32333332 0.31458333 0.3475 0.31197917 0.36083335 0.3109375 0.38 0.3109375 0.43833333 0.30572918 0.4975 0.3046875 0.5466667 0.27552083 0.5341667 0.24375 0.52916664 0.20625 0.52666664 0.16875 0.52166665 0.15572916 0.5316667 0.15104167 0.54833335 0.14739583 0.60333335 0.12708333 0.6166667 0.11145833 0.62416667 0.09739583 0.62 0.0875 0.60083336 0.072916664 0.55833334 0.06458333 0.5183333 0.053125 0.48 0.034895834 0.43583333 0.0375 0.41083333
20 0.6609375 0.565 0.709375 0.5925 0.7369792 0.615 0.7546875 0.6408333 0.7578125 0.6616667 0.75625 0.69166666 0.7505208 0.71666664 0.73541665 0.73833334 0.72447914 0.7625 0.7171875 0.80583334 0.70989585 0.84 0.7026042 0.84583336 0.690625 0.8491667 0.68177086 0.8375 0.67864585 0.825 0.6744792 0.8041667 0.66822916 0.80083334 0.6614583 0.8 0.6489583 0.79333335 0.6734375 0.7625 0.7 0.7266667 0.71875 0.7 0.71979165 0.68833333 0.71770835 0.6716667 0.6765625 0.5966667 0.6578125 0.5625
20 0.515625 0.16666667 0.4921875 0.15416667 0.48333332 0.14166667 0.47916666 0.17666666 0.46979168 0.19416666 0.46354166 0.20916666 0.4578125 0.22833334 0.45364583 0.29916668 0.46927083 0.30166668 0.5072917 0.3225 0.528125 0.3325 0.58385414 0.40083334 0.596875 0.38916665 0.55104166 0.3 0.5494792 0.27583334 0.5708333 0.24083333 0.55677086 0.21666667 0.53125 0.18
20 0.6567708 0.12833333 0.64947915 0.1275 0.64427084 0.13 0.5942708 0.2075 0.57135415 0.24083333 0.5494792 0.275 0.55052084 0.29833335 0.60625 0.40916666 0.6296875 0.45583335 0.6489583 0.48166665 0.6578125 0.49666667 0.6671875 0.52166665 0.68958336 0.5575 0.71770835 0.5858333 0.7484375 0.61083335 0.77135414 0.6533333 0.796875 0.7008333 0.80885416 0.705 0.81458336 0.69916666 0.8197917 0.6741667 0.8385417 0.65 0.86927086 0.615 0.89479166 0.56666666 0.89635414 0.5491667 0.8901042 0.5375 0.86927086 0.51916665 0.85572916 0.5058333 0.8375 0.47 0.81145835 0.43333334 0.80260414 0.41333333 0.76666665 0.36 0.75104165 0.345 0.7447917 0.33166668 0.7421875 0.3125 0.6869792 0.19916667
20 0.29010418 0.0 0.28020832 0.01 0.27864584 0.018333333 0.27760416 0.026666667 0.27708334 0.033333335 0.27864584 0.039166667 0.30833334 0.11333334 0.3359375 0.16416667 0.33541667 0.13333334 0.3265625 0.035833333 0.32864583 0.028333334 0.33177084 0.020833334 0.34010416 0.013333334 0.34895834 0.01 0.44895834 0.02 0.4421875 0.0
20 0.7572917 0.0 0.740625 0.018333333 0.725 0.0425 0.72239584 0.0525 0.7359375 0.16166666 0.74635416 0.23083334 0.7671875 0.30166668 0.771875 0.31666666 0.775 0.335 0.784375 0.37083334 0.7984375 0.39583334 0.83697915 0.44916666 0.88697916 0.51666665 0.9114583 0.5491667 0.9234375 0.55333334 0.93541664 0.54583335 0.9458333 0.5258333 0.95989585 0.49916667 0.97760415 0.47333333 0.98645836 0.43666667 0.98854166 0.42833334 0.9953125 0.41666666 0.99583334 0.40583333 0.9947917 0.38833332 0.978125 0.36166668 0.9515625 0.32583332 0.9359375 0.305 0.9213542 0.29666665 0.89375 0.27666667 0.87864584 0.27166668 0.8541667 0.21833333 0.84791666 0.2 0.84270835 0.17416666 0.8328125 0.13916667 0.82447916 0.125 0.79479164 0.041666668 0.77552086 0.0016666667 0.7708333 0.0
20 0.38020834 1.0 0.3953125 0.9791667 0.40364584 0.96166664 0.434375 1.0
