14 0.0953125 0.33666667 0.103125 0.3375 0.1171875 0.34166667 0.1265625 0.36333334 0.13489583 0.36333334 0.14791666 0.37833333 0.14479166 0.3875 0.14635417 0.39916667 0.14739583 0.44833332 0.14635417 0.46916667 0.125 0.45333335 0.109375 0.45583335 0.090625 0.45583335 0.071875 0.44666666 0.072916664 0.44166666 0.079166666 0.41083333 0.091145836 0.34916666
14 0.20989583 0.4075 0.2921875 0.45666668 0.31927082 0.45333335 0.3265625 0.46083334 0.33072916 0.46416667 0.33229166 0.46833333 0.32864583 0.47833332 0.31458333 0.5208333 0.31458333 0.5441667 0.31458333 0.565 0.3109375 0.56916666 0.2984375 0.56666666 0.28333333 0.54833335 0.27708334 0.5366667 0.26822916 0.5341667 0.26197916 0.5316667 0.20729166 0.50333333 0.2078125 0.45583335 0.20833333 0.41583332 0.2078125 0.40583333
14 0.31666666 0.5625 0.3578125 0.5058333 0.4109375 0.4325 0.41770834 0.42166665 0.43177083 0.37416667 0.44479167 0.35416666 0.446875 0.355 0.45572916 0.37916666 0.4734375 0.41583332 0.49427083 0.4525 0.48697916 0.46333334 0.48072916 0.47 0.47239584 0.4675 0.4546875 0.49 0.40833333 0.555 0.35572916 0.6325 0.3296875 0.6641667 0.33177084 0.675 0.32916668 0.68916667 0.32395834 0.6933333 0.31875 0.685 0.30729166 0.67 0.29375 0.6325 0.28177083 0.5991667 0.290625 0.5925 0.2984375 0.59 0.3109375 0.57
14 0.41197917 0.5808333 0.45572916 0.66333336 0.43072918 0.74 0.38020834 0.6483333 0.375 0.6425 0.3671875 0.63916665 0.35520834 0.6333333 0.39895833 0.56916666 0.41145834 0.55083334 0.4109375 0.5725
14 0.4828125 0.555 0.49270833 0.56 0.52239585 0.5825 0.53229165 0.59166664 0.55364585 0.6075 0.54583335 0.62916666 0.53333336 0.64916664 0.51927084 0.6625 0.51354164 0.68416667 0.46822917 0.82916665 0.4453125 0.9 0.4421875 0.9225 0.44375 0.93583333 0.440625 0.9458333 0.43645832 0.9575 0.41302082 0.94 0.3875 0.915 0.37083334 0.8958333 0.37552083 0.87916666 0.38333333 0.87083334 0.39166668 0.86583334 0.40052083 0.8383333 0.43072918 0.74083334 0.45833334 0.6558333 0.46770832 0.62583333 0.4796875 0.59583336 0.4765625 0.5725 0.47864583 0.565
14 0.5 0.7375 0.5182292 0.7675 0.5260417 0.77666664 0.54010415 0.7891667 0.5421875 0.785 0.54895836 0.7925 0.55 0.79833335 0.5421875 0.81083333 0.521875 0.8433333 0.50208336 0.87166667 0.49583334 0.8775 0.49427083 0.87083334 0.49479166 0.8616667 0.48958334 0.8433333 0.47291666 0.81416667 0.4984375 0.7325
14 0.2171875 0.755 0.2328125 0.75416666 0.24166666 0.7608333 0.25520834 0.76916665 0.2609375 0.76916665 0.378125 0.7841667 0.41458333 0.7916667 0.41354167 0.79583335 0.39114583 0.86583334 0.38385418 0.87 0.37604168 0.87833333 0.34947917 0.87583333 0.26197916 0.8641667 0.25260416 0.86583334 0.24010417 0.87166667 0.23020834 0.87666667 0.2109375 0.87833333 0.21458334 0.78833336
14 0.47552082 0.485 0.4609375 0.48166665 0.47239584 0.46666667 0.47395834 0.47166666
14 0.5 0.42166665 0.5338542 0.41 0.5453125 0.40583333 0.57708335 0.425 0.5708333 0.4425 0.56875 0.46333334 0.571875 0.47416666 0.5875 0.5675 0.57916665 0.56666666 0.5671875 0.56083333 0.56614584 0.5675 0.5729167 0.615 0.5765625 0.6483333 0.57447916 0.67333335 0.5734375 0.6816667 0.58125 0.6816667 0.6010417 0.6575 0.609375 0.7058333 0.61354166 0.73833334 0.61822915 0.7416667 0.62395835 0.74583334 0.62604165 0.7558333 0.6255208 0.7783333 0.5833333 0.79833335 0.5572917 0.81083333 0.55260414 0.7866667 0.55260414 0.78 0.55052084 0.7608333 0.5385417 0.6408333 0.5463542 0.63 0.55364585 0.6075 0.5328125 0.59166664 0.5208333 0.49333334 0.51770836 0.4825 0.5125 0.47583333 0.5015625 0.44916666
14 0.59947914 0.5683333 0.6875 0.535 0.7473958 0.51 0.76666665 0.48916668 0.7786458 0.48 0.78697914 0.48166665 0.7885417 0.49083334 0.7885417 0.50333333 0.78333336 0.5283333 0.77916664 0.54583335 0.78125 0.565 0.78541666 0.56416667 0.7963542 0.555 0.79114586 0.56666666 0.784375 0.5775 0.7708333 0.5875 0.73229164 0.605 0.65208334 0.6358333 0.609375 0.6508333 0.6015625 0.6575 0.58125 0.6816667 0.5734375 0.6825 0.57447916 0.675 0.5765625 0.6475 0.5703125 0.5975 0.56614584 0.5683333 0.5671875 0.56083333 0.5796875 0.56666666 0.58697915 0.5675 0.59479165 0.57
14 0.6703125 0.6325 0.678125 0.6591667 0.68385416 0.69 0.6822917 0.69666666 0.67291665 0.7 0.6401042 0.7133333 0.61302084 0.7216667 0.61041665 0.7083333 0.6010417 0.6575 0.61041665 0.65 0.6380208 0.6408333 0.67083335 0.62916666
14 0.6296875 0.43916667 0.6322917 0.44333333 0.63489586 0.4575 0.65 0.5491667 0.6010417 0.5675 0.59375 0.5283333 0.57604164 0.43 0.5765625 0.42583334 0.596875 0.4375 0.603125 0.445 0.6119792 0.45916668 0.61927086 0.46166667 0.63125 0.46583334 0.6265625 0.45333335 0.6265625 0.44416666
14 0.6458333 0.47666666 0.66197914 0.47583333 0.6875 0.47583333 0.6921875 0.47166666 0.69114584 0.4625 0.6890625 0.45 0.6921875 0.44833332 0.6958333 0.45666668 0.7203125 0.5208333 0.6645833 0.5441667 0.66041666 0.53583336 0.65520835 0.51916665 0.64947915 0.50916666 0.6421875 0.49583334 0.6421875 0.48583335 0.64427084 0.47916666
14 0.465625 0.26416665 0.52239585 0.305 0.56875 0.33083335 0.6020833 0.35083333 0.6088542 0.35083333 0.6276042 0.345 0.6302083 0.34916666 0.6328125 0.35333332 0.6375 0.35583332 0.64479166 0.3625 0.64479166 0.37166667 0.6380208 0.41 0.6296875 0.43916667 0.6265625 0.445 0.6265625 0.45416668 0.63125 0.46666667 0.621875 0.4625 0.6119792 0.45916668 0.60364586 0.44583333 0.5963542 0.4375 0.5442708 0.40583333 0.46197918 0.35916665 0.44270834 0.35083333 0.43125 0.34333333 0.41979167 0.34 0.4078125 0.33416668 0.40677083 0.33166668 0.40729168 0.32333332 0.4125 0.31833333 0.41770834 0.3125 0.42135417 0.30083334 0.4375 0.23916666 0.44010416 0.2325 0.44583333 0.2425 0.45520833 0.255
14 0.4 0.1575 0.421875 0.15416667 0.453125 0.1475 0.4734375 0.1425 0.47447917 0.15083334 0.4734375 0.16166666 0.4703125 0.1675 0.46822917 0.18833333 0.4671875 0.265 0.45729166 0.2575 0.4546875 0.25333333 0.44635418 0.24333334 0.440625 0.23166667 0.44322917 0.20666666 0.44010416 0.20416667 0.43645832 0.20833333 0.43177083 0.22 0.4234375 0.2225 0.41197917 0.2225 0.40989584 0.1975 0.409375 0.18416667 0.4109375 0.17916666 0.4109375 0.17333333 0.39947918 0.17
14 0.240625 0.2275 0.27604166 0.22583333 0.33958334 0.22166666 0.41145834 0.2225 0.42395833 0.22333333 0.43125 0.22 0.4359375 0.20916666 0.44010416 0.205 0.44322917 0.20583333 0.440625 0.2325 0.43802083 0.23833333 0.43333334 0.2525 0.42447916 0.29083332 0.42083332 0.3025 0.41770834 0.3125 0.409375 0.32083333 0.40364584 0.32 0.36197916 0.32 0.31354168 0.3225 0.25625 0.32166666 0.24010417 0.32 0.23333333 0.325 0.22291666 0.33583334 0.2140625 0.33416668 0.2125 0.32833335 0.209375 0.3175 0.20833333 0.29333332 0.2078125 0.265 0.20885417 0.25083333 0.209375 0.23 0.21145834 0.21166667 0.22395833 0.20916666 0.23125 0.21666667 0.23645833 0.2225
14 0.2421875 0.050833333 0.28229168 0.04916667 0.3109375 0.043333333 0.30833334 0.058333334 0.30208334 0.068333335 0.29791668 0.0825 0.29739583 0.1 0.2984375 0.14 0.296875 0.22333333 0.2421875 0.22666667 0.24166666 0.20666666 0.240625 0.115 0.24114583 0.0725 0.2390625 0.064166665 0.23958333 0.055
14 0.29427084 0.32916668 0.29479167 0.34583333 0.29791668 0.3675 0.30208334 0.3875 0.3046875 0.405 0.30260417 0.41 0.29635417 0.41083333 0.28489584 0.41166666 0.26041666 0.41333333 0.24166666 0.41083333 0.23229167 0.405 0.23020834 0.39666668 0.23125 0.38916665 0.23333333 0.375 0.2375 0.36666667 0.23802084 0.35916665 0.2390625 0.32083333 0.25572917 0.32166666 0.29479167 0.3225
14 0.4125 0.425 0.4125 0.33583334 0.42083332 0.34 0.43072918 0.34333333 0.4421875 0.35 0.465625 0.36166668 0.465625 0.4 0.45520833 0.3775 0.44739583 0.35583332 0.44479167 0.355 0.43125 0.375 0.41822916 0.42083332 0.41197917 0.43
14 0.74114585 0.60583335 0.7734375 0.71166664 0.7817708 0.7341667 0.7895833 0.75166667 0.7921875 0.7583333 0.7921875 0.7875 0.784375 0.7783333 0.77552086 0.7708333 0.7682292 0.7725 0.7578125 0.7783333 0.7447917 0.7825 0.7416667 0.8 0.7369792 0.8025 0.73125 0.80083334 0.72760415 0.7758333 0.72552085 0.76166666 0.7203125 0.745 0.68541664 0.6225 0.7182292 0.61 0.73125 0.605 0.740625 0.6016667
14 0.15 0.37333333 0.16510417 0.38166666 0.18541667 0.39666668 0.19947916 0.40583333 0.20364584 0.3875 0.2078125 0.38916665 0.21302083 0.39666668 0.2078125 0.4025 0.20885417 0.41583332 0.20729166 0.52666664 0.2046875 0.68833333 0.2046875 0.7241667 0.20729166 0.72583336 0.209375 0.7275 0.21354167 0.7241667 0.2140625 0.7291667 0.2078125 0.7475 0.2015625 0.74583334 0.15833333 0.7266667 0.13385417 0.7191667 0.140625 0.7083333 0.1421875 0.69083333 0.14427084 0.6066667 0.146875 0.44916666 0.14583333 0.4 0.1453125 0.38666666
