15 0.47916666 0.72583336 0.47291666 0.795 0.4703125 0.84583336 0.4703125 0.8516667 0.47395834 0.8591667 0.47708333 0.86083335 0.47708333 0.86083335 0.47708333 0.86333334 0.47760418 0.8675 0.478125 0.8691667 0.47604167 0.87333333 0.475 0.88 0.4765625 0.8825 0.478125 0.8833333 0.484375 0.8858333 0.48541668 0.885 0.48645833 0.87083334 0.4875 0.87166667 0.4890625 0.87166667 0.49010417 0.86833334 0.49010417 0.8641667 0.48958334 0.8641667 0.49166667 0.86333334 0.49375 0.86083335 0.496875 0.8566667 0.49947917 0.8525 0.503125 0.83 0.5046875 0.8025 0.509375 0.76416665 0.51197916 0.73583335 0.49895832 0.7316667 0.48177084 0.7266667
15 0.49010417 0.6191667 0.48645833 0.6575 0.48489583 0.67333335 0.4984375 0.6766667 0.5171875 0.6825 0.51875 0.6666667 0.5203125 0.65 0.5072917 0.635 0.49322918 0.62083334
15 0.49739584 0.56 0.49895832 0.5416667 0.5015625 0.52416664 0.503125 0.51666665 0.5052083 0.5125 0.50885415 0.50916666 0.51145834 0.5083333 0.5130208 0.5075 0.51354164 0.50333333 0.5151042 0.50166667 0.51666665 0.5025 0.51666665 0.5 0.51458335 0.495 0.5265625 0.50416666 0.52708334 0.5058333 0.5265625 0.50916666 0.5265625 0.51416665 0.5296875 0.5175 0.53125 0.52 0.53125 0.525 0.5317708 0.535 0.53125 0.54833335 0.52708334 0.59 0.5151042 0.57916665 0.49739584 0.56
15 0.40520832 0.5308333 0.44375 0.57166666 0.484375 0.6125 0.49010417 0.6175 0.49375 0.62083334 0.5104167 0.6383333 0.52239585 0.6525 0.5463542 0.67833334 0.5546875 0.68666667 0.5572917 0.69 0.55885416 0.69166666 0.5598958 0.6925 0.565625 0.69416666 0.57604164 0.6975 0.58229166 0.6983333 0.5833333 0.6983333 0.58489585 0.7 0.58697915 0.70166665 0.5885417 0.7 0.59010416 0.7033333 0.5911458 0.705 0.59479165 0.71 0.60052085 0.69916666 0.60052085 0.69666666 0.59583336 0.6925 0.59270835 0.69166666 0.5932292 0.68833333 0.59270835 0.68666667 0.5911458 0.68583333 0.590625 0.6775 0.59010416 0.6675 0.5833333 0.6533333 0.546875 0.61083335 0.52447915 0.5875 0.49375 0.5575 0.45625 0.52 0.42291668 0.48916668 0.41614583 0.48583335 0.41302082 0.48583335 0.40677083 0.48583335 0.40416667 0.4875 0.40208334 0.48916668 0.40104166 0.4875 0.4 0.4875 0.39791667 0.4875 0.39479166 0.47583333 0.39427084 0.47583333 0.38802084 0.48416665 0.38697916 0.485 0.39010417 0.49083334 0.39270833 0.495 0.39166668 0.49916667 0.3921875 0.50166667 0.39427084 0.50166667 0.3953125 0.50166667 0.3953125 0.505 0.3953125 0.5125 0.39635417 0.51916665 0.4 0.5258333
15 0.45052084 0.5783333 0.4484375 0.5858333 0.4484375 0.5975 0.44895834 0.60333335 0.4515625 0.60833335 0.453125 0.61083335 0.45364583 0.6125 0.45208332 0.615 0.45208332 0.61833334 0.45364583 0.62 0.45052084 0.62416667 0.44791666 0.62583333 0.4484375 0.63 0.45104167 0.63416666 0.45520833 0.6375 0.45885417 0.63916665 0.45989582 0.6383333 0.4609375 0.62916666 0.4609375 0.62583333 0.4625 0.62583333 0.4640625 0.62583333 0.46510416 0.62416667 0.46510416 0.6225 0.465625 0.6191667 0.46770832 0.6191667 0.4734375 0.6141667 0.47760418 0.6091667 0.478125 0.60583335 0.46822917 0.59583336 0.45208332 0.58
15 0.47916666 0.47 0.46510416 0.5208333 0.4640625 0.5275 0.48385417 0.5475 0.49322918 0.5566667 0.4984375 0.53583336 0.50364584 0.5133333 0.509375 0.49166667 0.48958334 0.47666666
15 0.43541667 0.43666667 0.4171875 0.48583335 0.42291668 0.48916668 0.4328125 0.4975 0.44583333 0.51 0.46354166 0.45916668 0.44270834 0.44333333 0.43645832 0.43916667
15 0.403125 0.52916664 0.3984375 0.5416667 0.39791667 0.54333335 0.39791667 0.5475 0.39739582 0.5541667 0.39739582 0.55916667 0.39791667 0.56083333 0.39947918 0.56333333 0.39947918 0.5675 0.39739582 0.5725 0.4015625 0.5758333 0.40416667 0.5758333 0.4046875 0.57666665 0.4046875 0.58 0.40052083 0.58916664 0.39791667 0.59 0.39583334 0.5925 0.396875 0.5925 0.39270833 0.605 0.39479166 0.6075 0.396875 0.60833335 0.4 0.6091667 0.40104166 0.605 0.40208334 0.5966667 0.40572917 0.5991667 0.40729168 0.5975 0.40833333 0.59583336 0.40833333 0.59166664 0.41197917 0.5908333 0.415625 0.5883333 0.41875 0.585 0.42708334 0.565 0.4296875 0.5575 0.4140625 0.54083335 0.4046875 0.5308333
15 0.20885417 0.35 0.23489584 0.38833332 0.28958333 0.46166667 0.33177084 0.51916665 0.36458334 0.5675 0.37604168 0.5808333 0.38072917 0.58166665 0.38385418 0.57916665 0.38645834 0.57666665 0.38802084 0.57666665 0.38802084 0.58 0.3890625 0.58166665 0.39166668 0.58 0.39270833 0.5908333 0.39583334 0.5908333 0.39791667 0.58916664 0.40052083 0.58916664 0.4046875 0.58 0.4046875 0.57666665 0.403125 0.5758333 0.40052083 0.5758333 0.39739582 0.57166666 0.39895833 0.5675 0.39895833 0.56416667 0.396875 0.55916667 0.39739582 0.5475 0.39739582 0.545 0.39375 0.5391667 0.36302084 0.495 0.31770834 0.43 0.24322917 0.33 0.22864583 0.3125 0.225 0.31 0.2203125 0.31 0.21822916 0.3125 0.21770833 0.31166667 0.21614583 0.30916667 0.2140625 0.30916667 0.21197917 0.31 0.20729166 0.30083334 0.20416667 0.30166668 0.203125 0.30333334 0.20260416 0.30916667 0.19947916 0.31 0.19895834 0.31333333 0.19895834 0.31666666 0.203125 0.31916666 0.20572917 0.32083333 0.20572917 0.32583332 0.20625 0.3275 0.2078125 0.32916668 0.20677084 0.33333334 0.20677084 0.33916667 0.20677084 0.34333333 0.20729166 0.34666666
15 0.23854166 0.395 0.20677084 0.50166667 0.2 0.5258333 0.19947916 0.5308333 0.19895834 0.535 0.19947916 0.5441667 0.20104167 0.5475 0.203125 0.55083334 0.203125 0.5525 0.20208333 0.5541667 0.203125 0.55833334 0.203125 0.55916667 0.2015625 0.56916666 0.19947916 0.5758333 0.203125 0.57666665 0.20989583 0.5775 0.2125 0.5775 0.2125 0.5733333 0.2109375 0.56583333 0.21197917 0.56416667 0.21354167 0.56416667 0.21458334 0.5625 0.21458334 0.55916667 0.2171875 0.55833334 0.22135417 0.5575 0.225 0.55333334 0.22708334 0.5525 0.240625 0.5158333 0.265625 0.43166667 0.26614583 0.43 0.25364584 0.41333333 0.2390625 0.39416668
15 0.25416666 0.34416667 0.2640625 0.30916667 0.28072917 0.25083333 0.28489584 0.2375 0.28802082 0.23333333 0.29114583 0.22916667 0.29322916 0.2275 0.296875 0.22666667 0.29947916 0.22666667 0.3 0.22333333 0.3 0.22166666 0.30104166 0.22166666 0.30208334 0.22083333 0.303125 0.21666667 0.303125 0.2125 0.3046875 0.20833333 0.30625 0.2075 0.3078125 0.20666666 0.30989584 0.21 0.31458333 0.21583334 0.315625 0.2175 0.31458333 0.21916667 0.31197917 0.22333333 0.30989584 0.2275 0.31041667 0.22916667 0.3109375 0.23166667 0.31041667 0.23416667 0.31041667 0.23583333 0.3125 0.23916666 0.3140625 0.2425 0.31354168 0.24833333 0.3140625 0.25916666 0.31041667 0.27333334 0.28333333 0.3725 0.28125 0.38 0.27083334 0.36666667 0.25572917 0.34583333
15 0.33177084 0.52 0.29270834 0.5725 0.24270834 0.64 0.2328125 0.6558333 0.23072916 0.6641667 0.23072916 0.6716667 0.23125 0.6791667 0.23020834 0.6816667 0.2296875 0.685 0.2296875 0.6875 0.22604166 0.69166666 0.22291666 0.695 0.22395833 0.7 0.22604166 0.7025 0.228125 0.7025 0.23333333 0.695 0.23541667 0.6958333 0.2375 0.69666666 0.2390625 0.695 0.23854166 0.69166666 0.24166666 0.69083333 0.2453125 0.69166666 0.24791667 0.6933333 0.25 0.6933333 0.25833333 0.68666667 0.28333333 0.6566667 0.353125 0.56333333 0.35729167 0.5575 0.3515625 0.54833335 0.34375 0.5366667 0.33385417 0.5225
15 0.35885417 0.4875 0.37239584 0.46916667 0.38958332 0.45083332 0.39427084 0.4475 0.39739582 0.44666666 0.40104166 0.44666666 0.40625 0.44666666 0.40833333 0.44916666 0.409375 0.44583333 0.41041666 0.445 0.4140625 0.44833332 0.41822916 0.44 0.41927084 0.43833333 0.42291668 0.4425 0.42447916 0.44666666 0.42447916 0.44833332 0.42135417 0.45 0.41822916 0.45416668 0.41875 0.45666668 0.41822916 0.45833334 0.41770834 0.46 0.415625 0.46083334 0.41510418 0.465 0.41510418 0.47583333 0.4140625 0.47916666 0.41197917 0.485 0.40989584 0.48583335 0.40729168 0.48583335 0.40260416 0.48833334 0.39895833 0.48666668 0.39791667 0.48666668 0.3953125 0.4775 0.3953125 0.47583333 0.39375 0.47583333 0.38697916 0.485 0.39270833 0.495 0.39166668 0.49916667 0.3921875 0.50166667 0.3953125 0.50166667 0.39583334 0.50666666 0.3953125 0.51 0.384375 0.525 0.3671875 0.5
15 0.35729167 0.36166668 0.35677084 0.36916667 0.35833332 0.37416667 0.36458334 0.38583332 0.39114583 0.40666667 0.43333334 0.43583333 0.4359375 0.43666667 0.43697917 0.44 0.4640625 0.45916668 0.4796875 0.47083333 0.4921875 0.47833332 0.51145834 0.49333334 0.5182292 0.49666667 0.52760416 0.505 0.55052084 0.5225 0.5552083 0.52666664 0.5619792 0.5283333 0.5671875 0.5225 0.5697917 0.5258333 0.571875 0.525 0.5734375 0.525 0.578125 0.5275 0.58177084 0.52916664 0.584375 0.5258333 0.58489585 0.5133333 0.58489585 0.51166666 0.58020836 0.51166666 0.578125 0.51166666 0.5776042 0.50666666 0.57604164 0.5058333 0.575 0.5058333 0.57447916 0.495 0.57395834 0.48916668 0.5677083 0.48 0.5260417 0.4475 0.47760418 0.41166666 0.43333334 0.38083333 0.37604168 0.33833334 0.36875 0.33833334 0.36510417 0.33833334 0.3625 0.34333333 0.3625 0.34166667 0.3609375 0.34166667 0.35989583 0.34166667 0.35729167 0.34083334 0.35729167 0.33583334 0.3546875 0.335 0.35208333 0.335 0.3484375 0.3425 0.346875 0.345 0.346875 0.35166666 0.35104167 0.35416666 0.353125 0.35416666 0.35364583 0.35666665 0.35416666 0.36
15 0.45 0.39083335 0.48645833 0.28333333 0.49166667 0.2725 0.49479166 0.26833335 0.49791667 0.26666668 0.5026042 0.26666668 0.50625 0.265 0.50572914 0.26166666 0.509375 0.2625 0.5104167 0.25166667 0.51197916 0.24916667 0.515625 0.25 0.5203125 0.25666666 0.51875 0.26 0.51666665 0.26666668 0.51875 0.26916668 0.5182292 0.2725 0.5171875 0.27666667 0.5151042 0.27666667 0.5161458 0.28333333 0.5171875 0.28833333 0.5171875 0.29583332 0.515625 0.30416667 0.50416666 0.34083334 0.4796875 0.41333333 0.4640625 0.40166667 0.45 0.39166668
15 0.4921875 0.42166665 0.509375 0.35833332 0.52916664 0.29333332 0.5328125 0.2875 0.53541666 0.28333333 0.5385417 0.2825 0.54114586 0.2825 0.54375 0.28333333 0.5442708 0.28166667 0.54479164 0.27916667 0.5473958 0.27916667 0.54895836 0.27833334 0.55 0.26916668 0.55104166 0.2675 0.553125 0.2675 0.5541667 0.27 0.55625 0.27 0.5578125 0.27416667 0.5578125 0.275 0.55572915 0.28 0.55364585 0.28416666 0.55625 0.28583333 0.5572917 0.28916666 0.55677086 0.29166666 0.55625 0.29333332 0.5552083 0.29416665 0.5541667 0.29416665 0.55677086 0.3 0.55677086 0.305 0.5572917 0.31333333 0.55572915 0.3225 0.52135414 0.44333333 0.5130208 0.43666667 0.4953125 0.42416668
15 0.55833334 0.6225 0.565625 0.5308333 0.56614584 0.52416664 0.5677083 0.5225 0.5697917 0.5258333 0.5734375 0.525 0.57395834 0.525 0.58177084 0.52916664 0.584375 0.5258333 0.584375 0.5258333 0.58489585 0.5133333 0.58489585 0.5125 0.584375 0.51166666 0.578125 0.51166666 0.5776042 0.5058333 0.5776042 0.5058333 0.575 0.5058333 0.57447916 0.4975 0.5755208 0.4975 0.5776042 0.49666667 0.57916665 0.49583334 0.5796875 0.4925 0.58020836 0.49 0.58125 0.49 0.58125 0.47916666 0.58125 0.4775 0.5828125 0.475 0.5875 0.47583333 0.5885417 0.47666666 0.5885417 0.48 0.5885417 0.4875 0.5885417 0.49 0.58958334 0.49083334 0.59010416 0.49083334 0.590625 0.49583334 0.5890625 0.4975 0.59010416 0.49916667 0.59479165 0.5075 0.596875 0.5125 0.596875 0.5341667 0.5911458 0.6191667 0.5885417 0.6475 0.5890625 0.6625 0.5890625 0.6641667 0.5833333 0.6525 0.57447916 0.6425 0.55885416 0.625
15 0.54895836 0.745 0.54375 0.8125 0.54270834 0.83416665 0.54270834 0.84583336 0.54375 0.8541667 0.5463542 0.86 0.55104166 0.8616667 0.55 0.8666667 0.55052084 0.87083334 0.5515625 0.87333333 0.5473958 0.8833333 0.5520833 0.8875 0.55572915 0.88666666 0.5572917 0.87416667 0.56041664 0.87416667 0.5625 0.87416667 0.56354165 0.8725 0.5640625 0.87083334 0.5640625 0.8675 0.5630208 0.865 0.5671875 0.86083335 0.57135415 0.8541667 0.57447916 0.83916664 0.5776042 0.8 0.58020836 0.7625 0.58177084 0.75 0.57447916 0.75 0.56614584 0.74833333 0.553125 0.74583334
15 0.37083334 0.67333335 0.3625 0.6741667 0.36197916 0.6691667 0.36145833 0.6666667 0.36302084 0.6625 0.36614582 0.6566667 0.37135416 0.6616667 0.37291667 0.6591667 0.37395832 0.6575 0.3765625 0.6575 0.37708333 0.66 0.38072917 0.6533333 0.3859375 0.64916664 0.39166668 0.6475 0.40989584 0.65166664 0.440625 0.6616667 0.48645833 0.6741667 0.55 0.69083333 0.5651042 0.69416666 0.571875 0.6958333 0.58489585 0.7008333 0.59010416 0.70416665 0.59270835 0.7083333 0.59583336 0.7158333 0.5963542 0.72 0.5963542 0.72333336 0.59791666 0.7216667 0.5984375 0.7191667 0.59947914 0.7191667 0.6010417 0.72 0.603125 0.72333336 0.603125 0.7275 0.60833335 0.73 0.6088542 0.7316667 0.6088542 0.7341667 0.6109375 0.73583335 0.6109375 0.73833334 0.6098958 0.74083334 0.609375 0.7441667 0.60729164 0.7441667 0.60625 0.74333334 0.6041667 0.7416667 0.6010417 0.73833334 0.60052085 0.7425 0.59947914 0.7441667 0.5963542 0.7425 0.5953125 0.74083334 0.5953125 0.73833334 0.5942708 0.73833334 0.5932292 0.74 0.58958334 0.7441667 0.58802086 0.74666667 0.58177084 0.75 0.57447916 0.75 0.54479164 0.7441667 0.5083333 0.7341667 0.4921875 0.7291667 0.4484375 0.7158333 0.38697916 0.6958333 0.38177082 0.6925 0.378125 0.68666667 0.37552083 0.68 0.37395832 0.6775 0.37239584 0.6775 0.371875 0.67583334 0.37135416 0.6741667
