20 0.108333334 0.39833334 0.09166667 0.45583335 0.08177083 0.50333333 0.075 0.5733333 0.086979166 0.6383333 0.06979167 0.6666667 0.042708334 0.7241667 0.0 0.83666664 0.0015625 0.97 0.057291668 1.0 0.08645833 0.9975 0.13697916 0.89166665 0.19270833 0.75083333 0.2046875 0.7083333 0.23854166 0.52666664 0.253125 0.45666668 0.22604166 0.45583335 0.18229167 0.43 0.15052083 0.4025 0.115625 0.38833332
20 0.321875 0.6533333 0.284375 0.69416666 0.24583334 0.7391667 0.2234375 0.7708333 0.24583334 0.82166666 0.27395833 0.89 0.31354168 0.9916667 0.48489583 0.99833333 0.47447917 0.9558333 0.44166666 0.915 0.41770834 0.87416667 0.41041666 0.8283333 0.425 0.7975 0.384375 0.69416666 0.35260418 0.6475 0.34010416 0.6383333
20 0.49375 0.6591667 0.540625 0.7391667 0.5942708 0.8308333 0.6109375 0.85083336 0.6421875 0.9025 0.69635415 0.9891667 0.51927084 1.0 0.475 0.9575 0.44322917 0.915 0.41822916 0.87416667 0.409375 0.82666665 0.42447916 0.7975 0.4453125 0.78583336 0.4625 0.72833335 0.490625 0.65833336
20 0.421875 0.31083333 0.49270833 0.37333333 0.571875 0.48833334 0.6375 0.57416666 0.68541664 0.6458333 0.69739586 0.6825 0.6296875 0.8308333 0.6166667 0.8575 0.59375 0.8308333 0.4921875 0.65416664 0.47239584 0.7025 0.44739583 0.6225 0.38125 0.5416667 0.31822917 0.45416668 0.34635416 0.3975 0.37864584 0.34833333 0.40208334 0.31833333 0.41302082 0.315
20 0.33489582 0.36916667 0.28958333 0.46583334 0.26458332 0.5341667 0.24583334 0.5833333 0.24583334 0.6125 0.26458332 0.62333333 0.29166666 0.59833336 0.30625 0.58916664 0.378125 0.58416665 0.41354167 0.58416665 0.3921875 0.555 0.31770834 0.45416668 0.34322917 0.40333334 0.36302084 0.37 0.33802083 0.36583334
20 0.69739586 0.635 0.72552085 0.7425 0.7484375 0.8283333 0.7505208 0.8616667 0.7338542 0.8808333 0.68333334 0.9175 0.66197914 0.9316667 0.61614585 0.86 0.62864584 0.8325 0.6979167 0.68333334 0.6859375 0.645 0.6947917 0.6383333
20 0.52916664 0.0058333334 0.5130208 0.015833333 0.53020835 0.09 0.5552083 0.1675 0.5796875 0.24416667 0.5864583 0.29666665 0.59166664 0.36083335 0.59791666 0.4375 0.6166667 0.50083333 0.61822915 0.54083335 0.6390625 0.56916666 0.65625 0.55833334 0.675 0.5225 0.70677084 0.5025 0.72552085 0.47083333 0.7338542 0.41083333 0.7265625 0.32166666 0.728125 0.25833333 0.71510416 0.18416667 0.7026042 0.10333333 0.69375 0.04 0.67864585 0.0 0.540625 0.0 0.534375 0.0033333334
20 0.7239583 0.22916667 0.75364584 0.215 0.7765625 0.2 0.80833334 0.18916667 0.82708335 0.1875 0.8411458 0.21333334 0.84791666 0.25583333 0.86302084 0.32916668 0.8666667 0.37583333 0.8625 0.4125 0.8119792 0.43583333 0.72760415 0.465 0.7338542 0.4125 0.7270833 0.32083333 0.72864586 0.255 0.72552085 0.23416667
20 0.58229166 0.30416667 0.5442708 0.30166668 0.51770836 0.30833334 0.47864583 0.31666666 0.47916666 0.36 0.48854166 0.36833334 0.5005208 0.3825 0.5453125 0.44916666 0.6020833 0.5283333 0.6119792 0.48916668 0.596875 0.43583333 0.5854167 0.30416667
20 0.52708334 0.13166666 0.49583334 0.16166666 0.45625 0.20166667 0.42864582 0.225 0.43385416 0.26416665 0.47239584 0.30083334 0.49479166 0.31333333 0.521875 0.29333332 0.55833334 0.27166668 0.58125 0.26 0.5786458 0.24416667 0.5453125 0.13583334 0.54010415 0.1225
20 0.696875 0.0025 0.72447914 0.06583333 0.7395833 0.10166667 0.7473958 0.15083334 0.75104165 0.19333333 0.7416667 0.20416667 0.72291666 0.2275 0.70885414 0.14 0.69322914 0.038333334 0.67864585 0.0 0.696875 0.0
20 0.22083333 0.009166666 0.23177083 0.0675 0.24635416 0.20583333 0.24635416 0.25833333 0.24583334 0.28833333 0.26041666 0.35166666 0.27291667 0.39916667 0.22447917 0.41083333 0.17552084 0.41416666 0.15416667 0.40333334 0.116145834 0.38916665 0.108333334 0.3975 0.09583333 0.39416668 0.09375 0.26666668 0.09375 0.1775 0.07604167 0.12416667 0.050520834 0.020833334 0.045833334 0.0 0.22083333 0.0
