14 0.19479166 0.06583333 0.20885417 0.07666667 0.21927084 0.1075 0.37916666 0.21416667 0.39375 0.22083333 0.40104166 0.23666666 0.39583334 0.25416666 0.38072917 0.305 0.38489583 0.31166667 0.37864584 0.32083333 0.375 0.32166666 0.37239584 0.32166666 0.36197916 0.30083334 0.20520833 0.19083333 0.20104167 0.19 0.18229167 0.18583333 0.17239584 0.18333334 0.16354166 0.17333333 0.17083333 0.15583333 0.18854167 0.08083333
14 0.290625 0.51 0.28125 0.56083333 0.27447918 0.58166665 0.2703125 0.5858333 0.2359375 0.8433333 0.23697917 0.8541667 0.24583334 0.8641667 0.23697917 0.87 0.221875 0.8641667 0.1671875 0.8475 0.16770834 0.8408333 0.18125 0.8283333 0.18385416 0.82416666 0.2171875 0.56333333 0.21979167 0.55916667 0.21302083 0.50916666 0.21666667 0.48333332 0.28645834 0.5025
14 0.39479166 0.5966667 0.40520832 0.6141667 0.41197917 0.66 0.43072918 0.8 0.4484375 0.8983333 0.4625 0.94166666 0.4609375 0.9675 0.45364583 0.9633333 0.44322917 0.95916665 0.3984375 0.965 0.3890625 0.975 0.3875 0.9525 0.39114583 0.9291667 0.35729167 0.6641667 0.340625 0.6166667 0.3671875 0.62 0.38697916 0.615 0.39114583 0.6075 0.3875 0.6025
14 0.6510417 0.5875 0.6479167 0.59833336 0.63958335 0.60083336 0.6322917 0.6125 0.63125 0.62 0.584375 0.7966667 0.5796875 0.82166666 0.56927085 0.8616667 0.56666666 0.8725 0.56666666 0.9 0.55572915 0.91583335 0.54791665 0.9141667 0.49635416 0.87666667 0.49114582 0.86333334 0.49947917 0.84583336 0.5109375 0.83416665 0.565625 0.62666667 0.58385414 0.565 0.58697915 0.56 0.578125 0.54583335 0.5796875 0.535 0.646875 0.5833333
14 0.365625 0.36583334 0.3828125 0.39166668 0.39010417 0.4125 0.5239583 0.5566667 0.5572917 0.565 0.5677083 0.5758333 0.5364583 0.66333336 0.528125 0.67583334 0.5130208 0.66583335 0.50572914 0.6375 0.4234375 0.5541667 0.35677084 0.47833332 0.3359375 0.47583333 0.33020833 0.4675 0.3234375 0.45916668 0.33802083 0.42416668 0.3453125 0.40333334 0.3546875 0.36083335
14 0.6265625 0.38 0.6432292 0.3975 0.6645833 0.43583333 0.79270834 0.57666665 0.8052083 0.5875 0.81041664 0.58416665 0.8125 0.6191667 0.8119792 0.63666666 0.79375 0.69416666 0.7786458 0.6816667 0.771875 0.665 0.7682292 0.65166664 0.6333333 0.5125 0.61510414 0.49583334 0.6015625 0.49833333 0.5859375 0.4825 0.5921875 0.475 0.625 0.38666666
14 0.471875 0.0775 0.4796875 0.12083333 0.48333332 0.1375 0.49166667 0.32416666 0.49427083 0.3825 0.4890625 0.41916665 0.4875 0.44 0.49010417 0.46166667 0.5515625 0.45166665 0.5625 0.45416668 0.565625 0.42666668 0.56458336 0.42166665 0.55625 0.41083333 0.5520833 0.38083333 0.55052084 0.36083335 0.5421875 0.15916666 0.54010415 0.12833333 0.54010415 0.1125 0.54375 0.096666664 0.5484375 0.08916666 0.54895836 0.07083333 0.5463542 0.059166666 0.5104167 0.060833335 0.4734375 0.0625
14 0.6484375 0.06583333 0.66979164 0.10583334 0.74895835 0.27916667 0.7739583 0.32916668 0.78802085 0.33916667 0.7859375 0.34666666 0.74010414 0.38666666 0.7203125 0.4025 0.7171875 0.37166667 0.71770835 0.36083335 0.62604165 0.16 0.60364586 0.12416667 0.59947914 0.111666664 0.61614585 0.10666667 0.64166665 0.09916667 0.65208334 0.093333334 0.64479166 0.06916667
14 0.9171875 0.12833333 0.9145833 0.13333334 0.91041666 0.15333334 0.90729165 0.15416667 0.9109375 0.36333334 0.9114583 0.42666668 0.9145833 0.44 0.9145833 0.44666666 0.91875 0.4675 0.91875 0.4875 0.9067708 0.495 0.89739585 0.49166667 0.8859375 0.49166667 0.8520833 0.4925 0.84947914 0.47833332 0.846875 0.46166667 0.85364586 0.4325 0.85364586 0.42583334 0.84947914 0.17 0.85260415 0.16083333 0.840625 0.13166666 0.84270835 0.12416667 0.86614585 0.123333335 0.9 0.1225 0.91875 0.12166667
14 0.9375 0.5933333 0.92760414 0.6166667 0.89739585 0.81416667 0.8859375 0.90166664 0.88125 0.92083335 0.8765625 0.92333335 0.87135416 0.93916667 0.86145836 0.93583333 0.8645833 0.91333336 0.86145836 0.9116667 0.81145835 0.9141667 0.81458336 0.9025 0.82447916 0.87 0.84375 0.76416665 0.865625 0.62583333 0.86822915 0.6141667 0.8677083 0.5941667 0.8640625 0.5725 0.8677083 0.5725 0.87291664 0.58166665 0.88489586 0.5908333 0.9015625 0.5908333 0.9140625 0.5875 0.91979164 0.5825 0.92604166 0.56916666 0.928125 0.5725 0.93645835 0.58916664
14 0.2125 0.3575 0.20520833 0.38583332 0.19270833 0.39666668 0.14270833 0.6508333 0.13489583 0.68666667 0.13854167 0.7108333 0.1296875 0.7291667 0.061458334 0.7 0.053645834 0.695 0.058854166 0.675 0.06666667 0.6575 0.071875 0.64416665 0.080729164 0.6358333 0.1328125 0.37083334 0.13177083 0.36083335 0.13020833 0.33916667 0.13645834 0.31416667 0.19322917 0.345
