2 0.7104167 0.865 0.6614583 0.9508333 0.63385415 1.0 0.63697916 0.98333335 0.6609375 0.8666667 0.68333334 0.75666666 0.68177086 0.7475 0.6859375 0.7275 0.64270836 0.70666665 0.59166664 0.6725 0.5859375 0.66833335 0.62395835 0.60333335 0.63958335 0.58 0.64166665 0.58 0.6411458 0.575 0.6640625 0.5341667 0.69947916 0.59166664 0.7604167 0.6816667 0.7895833 0.7275 0.75677085 0.7875 0.721875 0.84583336
2 0.24739583 1.0 0.23958333 0.9816667 0.21927084 0.94666666 0.19166666 0.89916664 0.1921875 0.89416665 0.19010417 0.895 0.1625 0.8525 0.19791667 0.80333334 0.23958333 0.74666667 0.28072917 0.6825 0.2984375 0.6591667 0.32447916 0.7033333 0.32291666 0.71 0.3265625 0.70916665 0.34375 0.7416667 0.36197916 0.7725 0.4015625 0.8408333 0.434375 0.89916664 0.4578125 0.9433333 0.440625 0.9725 0.43854168 0.97083336 0.43697917 0.9725 0.43854168 0.975 0.43020833 0.98583335 0.421875 1.0
2 0.052083332 0.53333336 0.05 0.5308333 0.021354167 0.57666665 0.036979165 0.60083336 0.0625 0.6383333 0.07760417 0.6575 0.098958336 0.68 0.10885417 0.69666666 0.123958334 0.7275 0.1421875 0.755 0.15520833 0.77166665 0.18125 0.72833335 0.1796875 0.7225 0.18385416 0.7241667 0.2140625 0.6716667 0.24635416 0.62083334 0.28489584 0.56 0.31875 0.5025 0.3234375 0.49333334 0.30260417 0.46083334 0.28020832 0.42833334 0.25885418 0.395 0.23541667 0.35916665 0.19791667 0.30166668 0.18697916 0.32166666 0.18541667 0.3225 0.15625 0.37 0.13229166 0.4075 0.116145834 0.435 0.09375 0.4725 0.0796875 0.49 0.052604165 0.52666664 0.053125 0.5325
2 0.38385418 0.51 0.38489583 0.5025 0.3875 0.50083333 0.38541666 0.4975 0.390625 0.43833333 0.45260417 0.45083332 0.50989586 0.46416667 0.5619792 0.47583333 0.55833334 0.5341667 0.55572915 0.535 0.5546875 0.5375 0.55833334 0.54 0.553125 0.61083335 0.55 0.6483333 0.53541666 0.6425 0.528125 0.675 0.5046875 0.76416665 0.48541668 0.8408333 0.43645832 0.8325 0.39270833 0.825 0.36354166 0.775 0.37239584 0.67 0.3796875 0.57 0.38385418 0.51916665
2 0.33854166 0.495 0.31822917 0.585 0.3078125 0.63916665 0.30208334 0.66583335 0.325 0.7033333 0.32291666 0.70916665 0.3265625 0.70916665 0.34635416 0.74583334 0.36354166 0.77416664 0.3734375 0.6508333 0.38385418 0.51916665 0.38385418 0.51166666 0.35364583 0.49916667
2 0.440625 0.9 0.44427082 0.8858333 0.44166666 0.8825 0.4421875 0.8808333 0.44583333 0.88166666 0.45364583 0.8358333 0.4296875 0.8308333 0.39270833 0.825 0.43333334 0.8975 0.4390625 0.90833336
2 0.5984375 0.63916665 0.5984375 0.63166666 0.6010417 0.62833333 0.59739584 0.62583333 0.58697915 0.51916665 0.5776042 0.4275 0.56927085 0.33833334 0.5677083 0.31416667 0.6223958 0.30083334 0.68177086 0.28833333 0.73854166 0.27416667 0.74322915 0.335 0.75104165 0.40833333 0.75625 0.485 0.76145834 0.51916665 0.7671875 0.56166667 0.7682292 0.5833333 0.76666665 0.6275 0.7546875 0.64 0.7359375 0.6458333 0.6979167 0.58916664 0.6640625 0.5341667 0.6411458 0.575 0.6421875 0.58 0.63958335 0.58 0.62135416 0.60833335 0.5989583 0.64666665
2 0.42395833 0.4075 0.39114583 0.40333334 0.39427084 0.345 0.39739582 0.3425 0.39479166 0.34 0.3984375 0.27583334 0.40260416 0.21083333 0.40520832 0.19583334 0.40677083 0.16416667 0.40885416 0.111666664 0.4125 0.064166665 0.41302082 0.039166667 0.43020833 0.041666668 0.45677084 0.045833334 0.47291666 0.050833333 0.4921875 0.055833332 0.49947917 0.053333335 0.5385417 0.0575 0.5546875 0.0575 0.57447916 0.068333335 0.57916665 0.07083333 0.58125 0.10583334 0.5807292 0.12416667 0.57708335 0.19333333 0.57135415 0.26166666 0.5703125 0.28583333 0.56927085 0.31416667 0.56822914 0.31416667 0.56927085 0.33416668 0.5671875 0.3675 0.5651042 0.37 0.5671875 0.37333333 0.5630208 0.43 0.49427083 0.41583332 0.43854168 0.41
2 0.72083336 0.004166667 0.71197915 0.02 0.70208335 0.0375 0.68333334 0.015 0.67291665 0.0016666667 0.671875 0.0 0.7234375 0.0
2 0.65520835 0.89416665 0.63645834 0.9866667 0.6333333 1.0 0.45625 1.0 0.45 0.99666667 0.46197918 0.9375 0.46614584 0.935 0.46354166 0.93083334 0.48802084 0.8308333 0.5208333 0.7 0.5286458 0.6741667 0.53541666 0.6425 0.58229166 0.6666667 0.640625 0.7058333 0.68645835 0.7266667 0.68177086 0.74666667 0.6828125 0.75666666 0.65989584 0.87166667
