2 0.28385416 0.1375 0.2578125 0.16166666 0.2375 0.17833333 0.225 0.18666667 0.2484375 0.24916667 0.278125 0.225 0.28177083 0.17916666
2 0.425 0.009166666 0.3953125 0.035833333 0.39375 0.043333333 0.39010417 0.041666668 0.34010416 0.08833333 0.29739583 0.12666667 0.37239584 0.14166667 0.39166668 0.1475 0.415625 0.1525 0.44739583 0.16 0.4625 0.16583334 0.46302083 0.17 0.46145833 0.195 0.45729166 0.24833333 0.45572916 0.275 0.46145833 0.29 0.48020834 0.27416667 0.48072916 0.26833335 0.484375 0.27083334 0.5140625 0.24416667 0.5140625 0.24083333 0.48958334 0.17583333 0.4421875 0.053333335
2 0.61614585 0.2825 0.57239586 0.2475 0.51458335 0.2075 0.49739584 0.19583334 0.51458335 0.24 0.5140625 0.24333334 0.48489583 0.27083334 0.48072916 0.26833335 0.48072916 0.27333334 0.46145833 0.29 0.48489583 0.355 0.49791667 0.38666666 0.4953125 0.39416668 0.5 0.39333335 0.51354164 0.42916667 0.51927084 0.445 0.50677085 0.45666668 0.53697914 0.48 0.55260414 0.49416667 0.58020836 0.40583333 0.6010417 0.33416668 0.5989583 0.32916668 0.603125 0.325
2 0.44947916 0.505 0.43958333 0.5158333 0.44114584 0.48333332 0.43854168 0.47916666 0.4421875 0.47666666 0.44375 0.4375 0.44635418 0.38916665 0.45 0.34 0.4546875 0.27583334 0.45625 0.27666667 0.46770832 0.30666667 0.48489583 0.35416666 0.49739584 0.38666666 0.49583334 0.39416668 0.5 0.39416668 0.51927084 0.445 0.49114582 0.47 0.46666667 0.49083334
2 0.29479167 0.12666667 0.28541666 0.125 0.28489584 0.14083333 0.27395833 0.27333334 0.26770833 0.36 0.259375 0.445 0.26354167 0.45083332 0.25885418 0.4525 0.2546875 0.505 0.25729167 0.5058333 0.33333334 0.51916665 0.4109375 0.5316667 0.43802083 0.53583336 0.44114584 0.48416665 0.43802083 0.47916666 0.4421875 0.47666666 0.4453125 0.40333334 0.45364583 0.29083332 0.45625 0.26333332 0.4578125 0.24083333 0.46197918 0.1925 0.4625 0.16583334 0.44583333 0.16 0.40729168 0.15 0.38541666 0.14583333 0.34114584 0.13583334
2 0.225 0.22416666 0.196875 0.26916668 0.153125 0.32583332 0.10104167 0.405 0.092708334 0.41833332 0.115625 0.46166667 0.119791664 0.45916668 0.11770833 0.465 0.19427083 0.5966667 0.25104168 0.6875 0.25677082 0.6975 0.26302084 0.68916667 0.24010417 0.6 0.22291666 0.5391667 0.22135417 0.5316667 0.25364584 0.5075 0.25416666 0.50333333 0.25833333 0.4525 0.2640625 0.45083332 0.25885418 0.44416666 0.26510417 0.375 0.26979166 0.32583332 0.25729167 0.28916666 0.25260416 0.2775 0.2484375 0.2625
2 0.24479167 0.25333333 0.240625 0.24916667 0.2484375 0.2625 0.246875 0.25333333
2 0.3421875 0.52916664 0.3453125 0.5325 0.34427083 0.5366667 0.36197916 0.58416665 0.36354166 0.58666664 0.40520832 0.55 0.42239583 0.5341667 0.33854166 0.52
2 0.30052084 0.8325 0.290625 0.795 0.2671875 0.70166665 0.26197916 0.68416667 0.23541667 0.5833333 0.22083333 0.5316667 0.25572917 0.5058333 0.30520833 0.515 0.33854166 0.51916665 0.33958334 0.52416664 0.3109375 0.6066667 0.3109375 0.61 0.3390625 0.6333333 0.34166667 0.6325 0.34375 0.6383333 0.43125 0.71166664 0.47239584 0.75 0.47447917 0.7633333 0.45520833 0.7816667 0.40260416 0.8225 0.36614582 0.84833336 0.32708332 0.87833333 0.31458333 0.88666666 0.30208334 0.8383333 0.30416667 0.8325
2 0.5921875 0.53333336 0.553125 0.495 0.534375 0.47833332 0.50625 0.4575 0.45364583 0.50083333 0.4390625 0.5158333 0.43802083 0.53583336 0.42135417 0.535 0.36458334 0.58666664 0.3609375 0.58416665 0.34427083 0.53833336 0.3453125 0.5325 0.34322917 0.5308333 0.33958334 0.525 0.3109375 0.6066667 0.3109375 0.61 0.3390625 0.63416666 0.34166667 0.6325 0.34427083 0.6383333 0.3828125 0.6716667 0.41822916 0.70166665 0.4734375 0.75 0.50572914 0.7775 0.515625 0.78833336 0.5239583 0.765 0.5307292 0.74333334 0.53489584 0.7266667 0.55364585 0.67833334 0.5755208 0.6225 0.5890625 0.5733333 0.6 0.5425
2 0.7109375 0.046666667 0.6927083 0.025833333 0.66875 0.0 0.7328125 0.0
2 0.27760416 0.22583333 0.2515625 0.24916667 0.246875 0.2525 0.25260416 0.27833334 0.25833333 0.2925 0.26979166 0.32416666
