16 0.17916666 0.56083333 0.21614583 0.535 0.32447916 0.47916666 0.35572916 0.4725 0.3671875 0.5733333 0.36666667 0.57666665 0.36458334 0.5808333 0.36822918 0.585 0.38385418 0.7316667 0.39947918 0.8433333 0.4 0.87583333 0.325 0.8958333 0.28645834 0.90166664 0.2609375 0.9166667 0.246875 0.89666665 0.23177083 0.86 0.228125 0.8225 0.21979167 0.7658333 0.21354167 0.73333335 0.1953125 0.6325 0.19010417 0.6066667 0.18072917 0.5758333
20 0.59166664 0.53 0.63072914 0.50666666 0.66979164 0.45166665 0.690625 0.4475 0.684375 0.42916667 0.7239583 0.38 0.7338542 0.38 0.74322915 0.38666666 0.7760417 0.4525 0.8255208 0.51416665 0.8328125 0.5416667 0.82447916 0.56 0.7890625 0.6091667 0.7390625 0.66833335 0.6734375 0.72333336 0.6276042 0.7783333 0.56354165 0.8691667 0.5364583 0.9 0.521875 0.89166665 0.459375 0.77166665 0.51145834 0.6575 0.58020836 0.5325
12 0.56875 0.5 0.5875 0.5208333 0.5796875 0.5316667 0.5015625 0.67583334 0.44583333 0.8 0.43177083 0.825 0.425 0.81583333 0.3890625 0.7608333 0.375 0.6558333 0.41458333 0.5775 0.41614583 0.5825 0.40572917 0.62166667 0.41041666 0.6508333 0.41822916 0.66 0.42291668 0.66083336 0.47239584 0.59583336 0.48489583 0.58416665 0.49427083 0.57 0.5619792 0.50166667
10 0.5104167 0.285 0.5520833 0.37666667 0.58177084 0.48 0.571875 0.49416667 0.5619792 0.50333333 0.50364584 0.56 0.49375 0.56916666 0.48385417 0.585 0.46927083 0.5991667 0.43020833 0.65166664 0.421875 0.66083336 0.41822916 0.6591667 0.4109375 0.6508333 0.40520832 0.6225 0.41666666 0.5833333 0.41458333 0.5775 0.41041666 0.58416665 0.3921875 0.57666665 0.37604168 0.5625 0.36458334 0.54833335 0.35520834 0.47166666 0.384375 0.44083333 0.39270833 0.425 0.4078125 0.42166665 0.41666666 0.40416667 0.4296875 0.42166665 0.43802083 0.42333335 0.45 0.43833333 0.45833334 0.425 0.45104167 0.40916666 0.45052084 0.39583334 0.440625 0.36666667 0.4484375 0.35666665 0.46458334 0.37916666 0.47864583 0.38 0.49010417 0.38833332 0.49427083 0.38083333 0.48541668 0.36666667 0.48489583 0.35083333 0.47291666 0.3225 0.49583334 0.28666666 0.50208336 0.285
2 0.271875 0.315 0.33854166 0.25416666 0.40104166 0.37 0.415625 0.40333334 0.40833333 0.42083332 0.39322916 0.42416668 0.38385418 0.44083333 0.38229167 0.445 0.35260418 0.47333333 0.32447916 0.47916666 0.26458332 0.5083333 0.225 0.5308333 0.178125 0.38666666 0.20729166 0.365 0.21145834 0.36583334 0.21197917 0.36166668
15 0.32239583 0.15333334 0.33072916 0.16333333 0.42447916 0.3375 0.44322917 0.37333333 0.45052084 0.39583334 0.45104167 0.40833333 0.45833334 0.42583334 0.45 0.43916667 0.43854168 0.42333335 0.43072918 0.42333335 0.41510418 0.4025 0.40052083 0.36916667 0.37552083 0.3225 0.3390625 0.255 0.30260417 0.18833333 0.2984375 0.1625 0.29635417 0.15583333 0.29114583 0.15333334 0.296875 0.14333333 0.30364582 0.13666667 0.30885416 0.15083334 0.3171875 0.15166667
15 0.35833332 0.12 0.41822916 0.23083334 0.475 0.3275 0.484375 0.35 0.4859375 0.36583334 0.49427083 0.3825 0.48958334 0.38833332 0.48020834 0.38083333 0.46510416 0.38 0.41510418 0.3 0.35677084 0.19583334 0.32916668 0.13833334 0.33020833 0.12166667 0.32708332 0.11666667 0.3265625 0.1075 0.32239583 0.0975 0.33177084 0.094166666 0.334375 0.105 0.33697918 0.1075 0.35260418 0.111666664
2 0.4171875 0.305 0.43177083 0.35083333 0.43125 0.35083333 0.4046875 0.30083334 0.3671875 0.23166667 0.37291667 0.22666667 0.37395832 0.22666667 0.4140625 0.29916668
0 0.48385417 0.0 0.65260416 0.0 0.69635415 0.030833334 0.6921875 0.04083333 0.64166665 0.11416667 0.6421875 0.12083333 0.6354167 0.135 0.61145836 0.22333333 0.58958334 0.3075 0.5776042 0.33 0.51927084 0.26 0.5109375 0.24166666 0.50572914 0.23833333 0.440625 0.18833333 0.409375 0.1675 0.40989584 0.165 0.42135417 0.1475 0.47239584 0.038333334
11 0.6234375 0.20916666 0.6947917 0.21916667 0.68854165 0.245 0.671875 0.30083334 0.6578125 0.3325 0.65520835 0.355 0.6666667 0.39 0.68177086 0.42 0.690625 0.44833332 0.66875 0.45166665 0.6166667 0.45083332 0.5911458 0.44666666 0.57395834 0.45083332 0.5515625 0.3775 0.5109375 0.28583333 0.503125 0.28416666 0.4953125 0.28666666 0.47708333 0.315 0.48229167 0.22166666 0.50677085 0.23916666 0.5109375 0.24166666 0.51927084 0.26083332 0.5755208 0.3275 0.5776042 0.33 0.59010416 0.3075 0.5963542 0.2825 0.615625 0.2075
19 0.14270833 0.5566667 0.18385416 0.5858333 0.18958333 0.60333335 0.21979167 0.7658333 0.22708334 0.8208333 0.22447917 0.83416665 0.21875 0.835 0.21875 0.83666664 0.221875 0.8425 0.2109375 0.8925 0.20052083 0.89916664 0.1921875 0.8975 0.1296875 0.8616667 0.084895834 0.84166664 0.078125 0.82666665 0.0765625 0.815 0.0875 0.77166665 0.0921875 0.7708333 0.0890625 0.76416665 0.121875 0.61083335 0.12916666 0.57166666 0.1296875 0.56333333 0.1359375 0.5575
