3 0.26354167 0.50333333 0.23958333 0.50166667 0.22864583 0.5025 0.221875 0.5058333 0.21614583 0.5158333 0.215625 0.56666666 0.21614583 0.5941667 0.22239584 0.63666666 0.22395833 0.6591667 0.215625 0.66583335 0.20833333 0.6666667 0.2015625 0.6716667 0.19947916 0.68083334 0.19947916 0.68916667 0.2296875 0.72 0.25677082 0.7475 0.2578125 0.74333334 0.25625 0.7316667 0.26041666 0.6675 0.2625 0.5833333 0.2671875 0.53583336 0.265625 0.50916666
3 0.21875 0.71 0.21927084 0.76666665 0.22239584 0.79083335 0.234375 0.79583335 0.26302084 0.79583335 0.31197917 0.795 0.3765625 0.8025 0.3890625 0.805 0.39739582 0.8016667 0.40364584 0.79833335 0.4078125 0.78333336 0.40677083 0.7583333 0.36875 0.76916665 0.31458333 0.7808333 0.30104166 0.78333336 0.26979166 0.7841667 0.26302084 0.7775 0.2578125 0.755 0.2578125 0.7475 0.25572917 0.74916667 0.23697917 0.7291667
3 0.28697917 0.46166667 0.28125 0.42 0.29114583 0.40333334 0.38072917 0.30916667 0.40208334 0.2925 0.44479167 0.31166667 0.45 0.3225 0.44583333 0.34833333 0.421875 0.44166666 0.403125 0.51916665 0.40208334 0.5108333 0.40052083 0.4825 0.39895833 0.45833334 0.3953125 0.44916666 0.38697916 0.4425 0.3796875 0.445 0.37395832 0.44916666 0.37083334 0.4725 0.365625 0.4775 0.35572916 0.4775 0.33541667 0.46166667 0.303125 0.46083334
3 0.42291668 0.6483333 0.46510416 0.6725 0.48072916 0.68083334 0.4921875 0.6725 0.49583334 0.6616667 0.5140625 0.5466667 0.51875 0.50416666 0.5208333 0.47916666 0.5203125 0.46166667 0.5109375 0.44916666 0.503125 0.445 0.48125 0.44333333 0.471875 0.45 0.44895834 0.435 0.43072918 0.4125 0.41979167 0.4525 0.40260416 0.525 0.40729168 0.53 0.41302082 0.5441667 0.4125 0.57166666 0.41197917 0.58666664 0.4171875 0.62333333 0.41979167 0.6458333
3 0.40572917 0.52916664 0.403125 0.52666664 0.40729168 0.5566667 0.41197917 0.58416665 0.41197917 0.57 0.41302082 0.545 0.40729168 0.5316667
3 0.728125 0.34916666 0.66510415 0.36166668 0.62708336 0.37 0.57395834 0.385 0.5630208 0.3875 0.55625 0.40333334 0.5552083 0.41583332 0.57447916 0.58166665 0.58125 0.62 0.58802086 0.63166666 0.6078125 0.6375 0.6546875 0.61 0.7171875 0.57 0.73802084 0.56416667 0.7583333 0.55333334 0.7630208 0.535 0.75572914 0.51666665 0.74635416 0.48833334 0.73020834 0.48916668 0.73020834 0.46 0.7338542 0.41666666 0.7359375 0.39 0.7359375 0.37333333 0.73541665 0.35166666
3 0.57708335 0.38 0.58385414 0.355 0.6 0.34 0.596875 0.3275 0.5932292 0.31833333 0.5864583 0.30333334 0.5833333 0.28583333 0.58958334 0.27 0.5953125 0.26666668 0.67291665 0.28583333 0.71875 0.30166668 0.7473958 0.31083333 0.753125 0.31333333 0.75885415 0.33333334 0.7578125 0.35583332 0.7375 0.35583332 0.7359375 0.35166666 0.7265625 0.34666666 0.67395836 0.35833332 0.6140625 0.37166667 0.5796875 0.38166666
3 0.5598958 0.47416666 0.54270834 0.49083334 0.54010415 0.50083333 0.54583335 0.51916665 0.5578125 0.54 0.56822914 0.54 0.5619792 0.48
3 0.59791666 0.63666666 0.596875 0.6458333 0.6020833 0.67 0.6041667 0.67833334 0.625 0.6625 0.6489583 0.645 0.66302085 0.625 0.67395836 0.6275 0.7125 0.6041667 0.725 0.5991667 0.72083336 0.57166666 0.71770835 0.5708333 0.6848958 0.5925 0.6609375 0.6075 0.6536458 0.6116667 0.63125 0.625 0.6067708 0.63916665 0.60260415 0.6375
3 0.771875 0.5758333 0.7729167 0.6016667 0.76927084 0.6141667 0.759375 0.62 0.75 0.62 0.73020834 0.62 0.72552085 0.6016667 0.7239583 0.5925 0.7203125 0.57 0.7390625 0.565 0.759375 0.5541667 0.76354164 0.5366667 0.75364584 0.50916666 0.74791664 0.48833334 0.74583334 0.48583335 0.73125 0.4875 0.73020834 0.45833334 0.73541665 0.41916665 0.7369792 0.39083335 0.73645836 0.3575 0.7604167 0.35583332 0.77135414 0.35416666 0.7807292 0.36 0.78333336 0.37666667 0.78333336 0.39333335 0.78541666 0.40666667 0.8015625 0.4225 0.8046875 0.42833334 0.80885416 0.44083333 0.8177083 0.45416668 0.82239586 0.4725 0.82239586 0.4875 0.83802086 0.5025 0.84270835 0.5108333 0.84375 0.52166665 0.8364583 0.53583336 0.79479164 0.56166667 0.775 0.5708333
3 0.26510417 0.4675 0.26354167 0.48833334 0.26614583 0.50666666 0.26770833 0.535 0.26302084 0.59 0.26145834 0.6716667 0.2578125 0.7316667 0.259375 0.7583333 0.26354167 0.7775 0.2703125 0.78333336 0.30260417 0.7816667 0.37604168 0.7658333 0.4125 0.75666666 0.421875 0.75166667 0.42708334 0.7391667 0.42552084 0.715 0.4171875 0.62583333 0.4046875 0.54083335 0.40052083 0.5075 0.4 0.49583334 0.39791667 0.46166667 0.39583334 0.45 0.3875 0.445 0.38125 0.445 0.375 0.45083332 0.37395832 0.46166667 0.37135416 0.475 0.365625 0.47916666 0.35729167 0.47833332 0.3375 0.46416667 0.3078125 0.46166667 0.278125 0.4625
