15 0.32447916 0.40333334 0.3234375 0.3925 0.32604167 0.3925 0.32916668 0.39083335 0.33177084 0.39083335 0.33229166 0.3975 0.33177084 0.40333334 0.3328125 0.40833333 0.33385417 0.4125 0.33229166 0.41583332 0.33697918 0.42333335 0.3375 0.43583333 0.33541667 0.46 0.3171875 0.55833334 0.284375 0.5416667 0.30833334 0.42833334 0.31354168 0.41916665 0.31927082 0.415 0.32083333 0.4125 0.3203125 0.40666667 0.32239583 0.40416667
15 0.24895833 0.735 0.25364584 0.7083333 0.27447918 0.5908333 0.30572918 0.6075 0.28229168 0.73 0.2765625 0.75083333 0.27239582 0.75916666 0.26510417 0.76166666 0.26145834 0.7658333 0.26197916 0.7683333 0.25885418 0.7725 0.25885418 0.7841667 0.2546875 0.7866667 0.24947916 0.7841667 0.24739583 0.7816667 0.253125 0.76916665 0.25104168 0.76666665 0.25260416 0.76166666 0.2546875 0.76 0.24947916 0.74916667 0.2484375 0.7416667 0.24895833 0.7366667
15 0.33854166 0.49333334 0.3390625 0.48666668 0.3421875 0.47833332 0.35052082 0.46416667 0.4109375 0.4 0.41302082 0.39916667 0.43541667 0.43833333 0.42760417 0.44416666 0.36302084 0.5133333 0.35625 0.51666665 0.34895834 0.5158333 0.34583333 0.51416665 0.34166667 0.51416665 0.340625 0.5158333 0.33958334 0.5233333 0.33541667 0.5225 0.3328125 0.52166665 0.33020833 0.51416665 0.32864583 0.50916666 0.328125 0.5075 0.33697918 0.50416666 0.33489582 0.49916667 0.3359375 0.49666667 0.33697918 0.49583334
15 0.44166666 0.3675 0.5104167 0.28833333 0.5161458 0.28916666 0.5208333 0.29 0.5234375 0.28666666 0.528125 0.29 0.53229165 0.27916667 0.534375 0.2825 0.5390625 0.29 0.53229165 0.2975 0.53229165 0.3025 0.5286458 0.30416667 0.5317708 0.3125 0.53020835 0.32416666 0.52239585 0.3375 0.46145833 0.4075 0.44010416 0.36833334
15 0.396875 0.34583333 0.39947918 0.34166667 0.39947918 0.34083334 0.40208334 0.3375 0.4046875 0.33416668 0.40729168 0.335 0.40833333 0.34083334 0.40833333 0.3475 0.4109375 0.3475 0.41302082 0.3525 0.41666666 0.34916666 0.421875 0.34833333 0.4265625 0.35 0.440625 0.36916667 0.46197918 0.4075 0.46302083 0.40666667 0.49375 0.45583335 0.5578125 0.55916667 0.5708333 0.5808333 0.57447916 0.595 0.5734375 0.605 0.5734375 0.61083335 0.57447916 0.61333334 0.5796875 0.61833334 0.5796875 0.62333333 0.5755208 0.63166666 0.5729167 0.63166666 0.56822914 0.62666667 0.5671875 0.62333333 0.56354165 0.62083334 0.55885416 0.6225 0.55 0.61833334 0.53802085 0.6 0.515625 0.565 0.47708333 0.50416666 0.43541667 0.43833333 0.41302082 0.39916667 0.41145834 0.39916667 0.40416667 0.38416666 0.40260416 0.37416667 0.403125 0.36833334 0.40364584 0.365 0.4015625 0.36 0.40104166 0.35333332 0.3984375 0.35
15 0.57447916 0.5725 0.5786458 0.5825 0.5796875 0.58166665 0.5828125 0.58416665 0.5854167 0.5808333 0.59270835 0.58 0.5963542 0.58166665 0.6067708 0.58916664 0.67083335 0.66833335 0.6546875 0.68666667 0.646875 0.7008333 0.64375 0.70166665 0.60364586 0.6508333 0.5807292 0.6225 0.58020836 0.61833334 0.57708335 0.615 0.5755208 0.6041667 0.57604164 0.5975 0.57395834 0.5908333 0.57447916 0.5875 0.57135415 0.5833333 0.5703125 0.58 0.5697917 0.5775 0.5703125 0.57416666 0.571875 0.5725
15 0.7 0.705 0.75 0.7658333 0.75885415 0.77916664 0.759375 0.78833336 0.75989586 0.8 0.76197916 0.805 0.76979166 0.80916667 0.76770836 0.81666666 0.7640625 0.82166666 0.75989586 0.8208333 0.75885415 0.8125 0.7546875 0.81416667 0.753125 0.81083333 0.7453125 0.815 0.73802084 0.81083333 0.7213542 0.79333335 0.671875 0.73333335 0.69739586 0.7058333
15 0.64479166 0.705 0.64739585 0.7 0.6546875 0.68666667 0.67083335 0.66833335 0.7171875 0.615 0.77447915 0.555 0.79791665 0.5316667 0.80885416 0.525 0.8140625 0.5225 0.81822914 0.52166665 0.82447916 0.5258333 0.82604164 0.52 0.828125 0.52 0.83020836 0.5175 0.83385414 0.50916666 0.8385417 0.51416665 0.83958334 0.5175 0.8375 0.5208333 0.8328125 0.52666664 0.83385414 0.53333336 0.8333333 0.53583336 0.8307292 0.535 0.83125 0.5416667 0.82916665 0.55583334 0.8255208 0.565 0.81822914 0.57416666 0.7994792 0.5966667 0.79114586 0.60333335 0.76354164 0.63 0.69739586 0.7058333 0.671875 0.73333335 0.66510415 0.74 0.6567708 0.74083334 0.65 0.7375 0.6479167 0.7425 0.64479166 0.74 0.63958335 0.74583334 0.63645834 0.74583334 0.634375 0.74083334 0.6411458 0.7325 0.6401042 0.7266667 0.6401042 0.7216667 0.64375 0.72083336 0.64375 0.70916665
15 0.74791664 0.45333335 0.7515625 0.44916666 0.75625 0.4475 0.7572917 0.44666666 0.759375 0.45833334 0.76145834 0.46083334 0.7630208 0.465 0.76979166 0.46666667 0.7760417 0.47416666 0.77916664 0.48333332 0.79114586 0.53833336 0.78020835 0.5491667 0.7630208 0.56666666 0.7473958 0.4925 0.7473958 0.48333332 0.7484375 0.47666666 0.75104165 0.4725 0.753125 0.47083333 0.7515625 0.46666667 0.75364584 0.46333334 0.7484375 0.455
15 0.8046875 0.5925 0.8203125 0.6691667 0.81145835 0.6666667 0.8041667 0.6666667 0.79583335 0.66833335 0.79010415 0.66833335 0.78697914 0.6691667 0.775 0.61833334 0.7916667 0.6025 0.79895836 0.5975 0.8041667 0.5908333
15 0.83020836 0.72 0.8432292 0.79333335 0.84375 0.80083334 0.84166664 0.81166667 0.83802086 0.815 0.83958334 0.82 0.83802086 0.8233333 0.84166664 0.83416665 0.8375 0.8358333 0.834375 0.8375 0.83125 0.8358333 0.8286458 0.83166665 0.83020836 0.82416666 0.82447916 0.8175 0.8171875 0.81166667 0.8125 0.8 0.7963542 0.72
15 0.7625 0.6825 0.7661458 0.67583334 0.7739583 0.6716667 0.7875 0.6691667 0.79010415 0.66833335 0.79583335 0.66833335 0.803125 0.6666667 0.81145835 0.66583335 0.8197917 0.6691667 0.8208333 0.66833335 0.91510415 0.655 0.95625 0.65166664 0.96302086 0.65416664 0.97239584 0.6675 0.9760417 0.66833335 0.97760415 0.675 0.98541665 0.68 0.9838542 0.68583333 0.9770833 0.68583333 0.9765625 0.68333334 0.97447914 0.68833333 0.97239584 0.695 0.95989585 0.7008333 0.94322914 0.705 0.9010417 0.71 0.83020836 0.7191667 0.79583335 0.72 0.77447915 0.72 0.7708333 0.7175 0.76875 0.71416664 0.76666665 0.70916665 0.765625 0.705 0.7609375 0.705 0.75989586 0.70166665 0.7526042 0.705 0.75 0.7025 0.75 0.69166666 0.7494792 0.68666667 0.75364584 0.68666667 0.7578125 0.68833333 0.75989586 0.68666667
15 0.16666667 0.49083334 0.17291667 0.48583335 0.1796875 0.485 0.18645833 0.4875 0.22864583 0.51 0.28385416 0.5416667 0.36458334 0.5825 0.37239584 0.5908333 0.37447917 0.59833336 0.37552083 0.60833335 0.37760416 0.6075 0.37864584 0.615 0.38802084 0.6116667 0.3890625 0.61833334 0.3890625 0.62416667 0.38697916 0.6308333 0.38125 0.62583333 0.37760416 0.625 0.37552083 0.63 0.371875 0.6275 0.36822918 0.6308333 0.36197916 0.6325 0.35416666 0.63166666 0.3140625 0.6125 0.271875 0.58916664 0.16979167 0.52916664 0.165625 0.51666665 0.16510417 0.5083333 0.159375 0.50416666 0.15625 0.49583334 0.15572916 0.48583335 0.159375 0.48166665 0.16197917 0.48833334
