15 0.3828125 0.51666665 0.37708333 0.52166665 0.378125 0.5275 0.378125 0.5341667 0.37552083 0.535 0.37552083 0.5391667 0.37083334 0.5441667 0.36770833 0.55083334 0.36510417 0.56083333 0.36302084 0.61083335 0.36041668 0.7658333 0.36041668 0.87416667 0.3625 0.8825 0.36458334 0.8883333 0.3671875 0.8925 0.37135416 0.8983333 0.37239584 0.90166664 0.37447917 0.9141667 0.37864584 0.9141667 0.3828125 0.9125 0.38020834 0.9 0.38177082 0.8933333 0.38802084 0.8883333 0.39114583 0.87916666 0.39270833 0.8616667 0.39322916 0.7675 0.39427084 0.6958333 0.39583334 0.6141667 0.39583334 0.5525 0.39166668 0.5416667 0.38958332 0.5391667 0.38958332 0.535 0.38645834 0.5308333 0.3875 0.52
15 0.4296875 0.50166667 0.42916667 0.5125 0.42760417 0.52916664 0.41927084 0.6041667 0.409375 0.70916665 0.40572917 0.74583334 0.40625 0.7583333 0.4078125 0.7683333 0.41354167 0.77416664 0.41354167 0.7816667 0.4140625 0.78583336 0.41197917 0.79583335 0.41770834 0.7966667 0.4203125 0.79333335 0.42135417 0.78333336 0.42604166 0.7816667 0.42864582 0.77416664 0.43541667 0.7633333 0.44166666 0.7025 0.4578125 0.5425 0.46822917 0.46 0.46822917 0.45416668 0.46770832 0.44916666 0.46354166 0.43666667 0.46354166 0.4275 0.46145833 0.42166665 0.4640625 0.41 0.45729166 0.4075 0.45364583 0.42 0.45052084 0.42166665 0.45 0.4275 0.44479167 0.43416667 0.44010416 0.43833333 0.4359375 0.45583335
15 0.68385416 0.9125 0.59583336 0.8933333 0.5828125 0.8933333 0.5786458 0.89666665 0.57604164 0.9033333 0.57135415 0.9066667 0.5708333 0.90833336 0.56458336 0.9058333 0.5630208 0.91 0.5630208 0.92 0.56458336 0.9266667 0.5671875 0.9266667 0.5708333 0.92333335 0.5755208 0.925 0.5755208 0.9316667 0.57708335 0.9375 0.58697915 0.9433333 0.659375 0.9575 0.775 0.985 0.7817708 0.985 0.7875 0.9816667 0.7875 0.9741667 0.7921875 0.97333336 0.79270834 0.9691667 0.8 0.97333336 0.8020833 0.9683333 0.8020833 0.955 0.79375 0.9558333 0.7921875 0.9508333 0.78802085 0.95 0.78541666 0.94166666 0.78229165 0.93833333 0.721875 0.92
15 0.72291666 0.5625 0.6822917 0.5475 0.67395836 0.5491667 0.6692708 0.5566667 0.66510415 0.55916667 0.65989584 0.5541667 0.65729165 0.55583334 0.65416664 0.565 0.6557292 0.57416666 0.6567708 0.5783333 0.6640625 0.57416666 0.66614586 0.5783333 0.66822916 0.58666664 0.67760414 0.595 0.7494792 0.62833333 0.85572916 0.68583333 0.86145836 0.68583333 0.86614585 0.68333334 0.86927086 0.68 0.87291664 0.68 0.8765625 0.6791667 0.8833333 0.6791667 0.88489586 0.67333335 0.88385415 0.6625 0.87916666 0.66 0.8734375 0.66 0.8723958 0.65166664 0.86614585 0.63916665 0.8333333 0.6225 0.7447917 0.5733333
15 0.75 0.26583335 0.76927084 0.29916668 0.8020833 0.35166666 0.84739584 0.4175 0.8901042 0.475 0.89947915 0.48666668 0.9036458 0.4875 0.91197914 0.48916668 0.91822916 0.4925 0.9244792 0.49583334 0.92864585 0.49333334 0.9302083 0.48333332 0.9234375 0.48 0.9223958 0.475 0.9234375 0.46083334 0.9213542 0.45416668 0.87864584 0.39416668 0.7963542 0.27083334 0.76770836 0.2275 0.7609375 0.22916667 0.759375 0.2325 0.75416666 0.23083334 0.75208336 0.22416666 0.75208336 0.2175 0.74635416 0.21916667 0.7421875 0.2275 0.74791664 0.2375 0.746875 0.24166666 0.7494792 0.24916667 0.74791664 0.25666666
15 0.6010417 0.09916667 0.6296875 0.17333333 0.6713542 0.28416666 0.68177086 0.30666667 0.6890625 0.30916667 0.6947917 0.31083333 0.69739586 0.31583333 0.7005208 0.31666666 0.70625 0.3275 0.70989585 0.31916666 0.7046875 0.31166667 0.70416665 0.30333334 0.7026042 0.2975 0.7036458 0.285 0.703125 0.27833334 0.684375 0.21333334 0.6380208 0.08916666 0.61041665 0.019166667 0.60520834 0.0125 0.59375 0.010833333 0.5911458 0.0025 0.5875 0.0025 0.5854167 0.0 0.5776042 0.0 0.5828125 0.011666667 0.58177084 0.015833333 0.5833333 0.020833334 0.5807292 0.031666666 0.58177084 0.043333333 0.59166664 0.0725
15 0.62395835 0.01 0.64270836 0.08 0.64739585 0.090833336 0.65208334 0.093333334 0.65833336 0.095 0.6609375 0.1025 0.66197914 0.11083333 0.66979164 0.1075 0.66822916 0.095 0.66979164 0.090833336 0.66875 0.085 0.67083335 0.071666665 0.67083335 0.06 0.6557292 0.0 0.6223958 0.0
15 0.6734375 0.08916666 0.68177086 0.15916666 0.6848958 0.1725 0.6875 0.17666666 0.69322914 0.18416667 0.69427085 0.18916667 0.696875 0.2025 0.70729166 0.19916667 0.70520836 0.18416667 0.70677084 0.18166667 0.70677084 0.17583333 0.71197915 0.16583334 0.71302086 0.16 0.6953125 0.0 0.6625 0.0 0.67083335 0.06 0.67083335 0.068333335
15 0.32864583 0.006666667 0.35104167 0.079166666 0.36197916 0.10666667 0.3640625 0.10916667 0.3671875 0.11083333 0.37135416 0.111666664 0.37447917 0.111666664 0.37604168 0.115833335 0.37760416 0.115833335 0.378125 0.1275 0.3828125 0.1275 0.39010417 0.1225 0.390625 0.11833333 0.38541666 0.1075 0.3859375 0.104166664 0.38489583 0.09833334 0.3875 0.086666666 0.38697916 0.07833333 0.36354166 0.0 0.3265625 0.0
15 0.24895833 0.59 0.2421875 0.59 0.23385416 0.5941667 0.23489584 0.59833336 0.23802084 0.60333335 0.2359375 0.61083335 0.234375 0.6116667 0.23020834 0.615 0.22708334 0.62583333 0.22708334 0.64 0.22708334 0.68416667 0.23020834 0.8183333 0.23385416 0.9325 0.23541667 0.95166665 0.23854166 0.95916665 0.24010417 0.9633333 0.24583334 0.965 0.24583334 0.9716667 0.2453125 0.9816667 0.24739583 0.9825 0.25572917 0.9816667 0.25677082 0.9775 0.25520834 0.9675 0.259375 0.96416664 0.25885418 0.9558333 0.26510417 0.9458333 0.26614583 0.94083333 0.26614583 0.93083334 0.26666668 0.9025 0.2640625 0.8466667 0.25989583 0.765 0.25885418 0.65 0.2578125 0.62416667 0.25677082 0.61833334 0.25052083 0.6116667 0.24895833 0.60083336
