21 0.49791667 0.27333334 0.5104167 0.21333334 0.51666665 0.18416667 0.521875 0.17666666 0.5317708 0.1725 0.5598958 0.18833333 0.59375 0.205 0.63489586 0.2325 0.66197914 0.2475 0.684375 0.26416665 0.72239584 0.2825 0.7447917 0.29083332 0.77760416 0.31416667 0.80260414 0.33083335 0.8177083 0.33916667 0.82135415 0.3525 0.8125 0.37333333 0.80052084 0.39166668 0.7796875 0.3925 0.7447917 0.38083333 0.6927083 0.37 0.63958335 0.36166668 0.63125 0.36 0.6265625 0.35083333 0.61145836 0.35083333 0.56354165 0.35083333 0.51927084 0.345 0.525 0.32916668 0.53333336 0.30666667 0.52916664 0.285 0.5140625 0.275 0.5052083 0.27416667
21 0.47760418 0.4625 0.47552082 0.455 0.471875 0.40333334 0.475 0.35416666 0.48072916 0.3475 0.49010417 0.34166667 0.5317708 0.34666666 0.58229166 0.35166666 0.6234375 0.35083333 0.62916666 0.36166668 0.58802086 0.355 0.5729167 0.3575 0.56666666 0.375 0.5619792 0.46416667 0.5625 0.50166667 0.56458336 0.575 0.56614584 0.6 0.57135415 0.6191667 0.58229166 0.62333333 0.5911458 0.65166664 0.58229166 0.64166665 0.56875 0.63916665 0.5484375 0.64916664 0.49739584 0.6408333 0.49427083 0.615 0.484375 0.55833334 0.478125 0.52416664 0.4765625 0.48
21 0.8734375 0.3925 0.79583335 0.3925 0.7807292 0.3925 0.75104165 0.38416666 0.70208335 0.3725 0.63125 0.36 0.62708336 0.3625 0.5989583 0.35583332 0.58958334 0.35416666 0.57395834 0.35666665 0.56666666 0.375 0.5619792 0.47 0.56458336 0.55083334 0.56927085 0.54 0.5875 0.52666664 0.67083335 0.45583335 0.69635415 0.43833333 0.70520836 0.43833333 0.715625 0.44333333 0.73125 0.5025 0.7369792 0.5283333 0.74583334 0.5975 0.75104165 0.62166667 0.7817708 0.61833334 0.83229166 0.62583333 0.8546875 0.62666667 0.86302084 0.62333333 0.8703125 0.60583335 0.8734375 0.5075 0.865625 0.48 0.8609375 0.4675 0.8567708 0.45 0.8625 0.43833333 0.8734375 0.42583334 0.878125 0.40083334
21 0.25052083 0.75 0.24322917 0.7275 0.23802084 0.7033333 0.23697917 0.68916667 0.24375 0.6791667 0.29375 0.6591667 0.3125 0.6558333 0.3234375 0.65166664 0.34739584 0.64916664 0.3953125 0.6508333 0.41458333 0.64666665 0.4203125 0.64 0.4671875 0.63916665 0.5239583 0.645 0.5494792 0.6508333 0.49635416 0.6825 0.43958333 0.73083335 0.43333334 0.74833333 0.4375 0.76666665 0.45572916 0.82416666 0.48072916 0.8933333 0.45989582 0.89166665 0.415625 0.87833333 0.38125 0.8625 0.34583333 0.8258333 0.33229166 0.81333333 0.32135418 0.79833335 0.31822917 0.77666664 0.303125 0.775 0.29114583 0.77 0.27083334 0.7991667 0.25833333 0.7816667 0.240625 0.75416666 0.24427083 0.7416667
21 0.47916666 1.0 0.45364583 0.99333334 0.43125 0.99583334 0.41770834 0.985 0.42135417 0.965 0.43125 0.9625 0.4484375 0.96416664 0.45104167 0.9558333 0.4359375 0.9291667 0.43072918 0.88416666 0.45729166 0.89166665 0.47916666 0.8933333 0.48645833 0.9225 0.5078125 0.95 0.52760416 0.96666664 0.53541666 0.9816667 0.53802085 1.0
21 0.6901042 1.0 0.678125 0.96666664 0.65625 0.93583333 0.63958335 0.9225 0.6296875 0.8983333 0.62083334 0.8625 0.60625 0.83416665 0.60729164 0.82166666 0.60572916 0.7916667 0.5984375 0.72833335 0.5859375 0.6475 0.5828125 0.6433333 0.57239586 0.63916665 0.5442708 0.655 0.49166667 0.685 0.43802083 0.7316667 0.434375 0.7475 0.43645832 0.7658333 0.48229167 0.9 0.48645833 0.9225 0.5078125 0.9508333 0.53020835 0.9691667 0.53489584 0.9816667 0.5390625 1.0
21 0.61510414 0.8283333 0.64166665 0.83166665 0.65520835 0.835 0.6609375 0.8775 0.65729165 0.92583334 0.67291665 0.92583334 0.68333334 0.91 0.68333334 0.88166666 0.690625 0.87083334 0.6890625 0.8883333 0.684375 0.935 0.6770833 0.96666664 0.65520835 0.93333334 0.63958335 0.9225 0.62916666 0.8983333 0.6223958 0.8666667 0.60625 0.83416665
21 0.56875 0.58166665 0.5864583 0.635 0.59739584 0.6716667 0.60833335 0.6925 0.62083334 0.6975 0.634375 0.685 0.6432292 0.68916667 0.6536458 0.7108333 0.65520835 0.7241667 0.65416664 0.75166667 0.64947915 0.78833336 0.65052086 0.81583333 0.65520835 0.8325 0.65989584 0.87833333 0.65833336 0.92583334 0.67395836 0.92583334 0.68333334 0.91 0.68333334 0.88 0.69166666 0.87083334 0.709375 0.8525 0.72760415 0.87 0.7390625 0.87583333 0.75677085 0.86583334 0.77135414 0.8466667 0.77916664 0.8208333 0.778125 0.80583334 0.7583333 0.7866667 0.7338542 0.75 0.7375 0.72583336 0.75416666 0.67833334 0.7552083 0.665 0.753125 0.63916665 0.74895835 0.615 0.74375 0.57916665 0.7359375 0.5258333 0.71666664 0.44416666 0.7046875 0.43916667 0.696875 0.4375 0.66302085 0.46333334 0.5729167 0.53833336 0.5697917 0.54 0.5651042 0.5541667 0.565625 0.5725
21 0.6265625 0.8283333 0.65520835 0.83416665 0.65052086 0.8175 0.6489583 0.78833336 0.65416664 0.75 0.65520835 0.72583336 0.653125 0.71 0.64375 0.69 0.63489586 0.685 0.62135416 0.6975 0.6078125 0.6933333 0.59739584 0.67083335 0.59270835 0.6525 0.5875 0.65416664 0.5932292 0.695 0.6010417 0.75166667 0.60572916 0.7916667 0.6078125 0.82166666 0.60625 0.8333333 0.6140625 0.8275
21 0.56875 0.61083335 0.575 0.61833334 0.5786458 0.62166667 0.58177084 0.62166667 0.56666666 0.575 0.565625 0.5883333 0.56614584 0.6 0.56822914 0.6066667
21 0.3078125 0.6475 0.29010418 0.63416666 0.27083334 0.6175 0.26197916 0.605 0.259375 0.59 0.26510417 0.5733333 0.33229166 0.41 0.34947917 0.37416667 0.365625 0.32916668 0.38333333 0.285 0.40625 0.225 0.40885416 0.20833333 0.40572917 0.205 0.40885416 0.1975 0.41614583 0.19333333 0.428125 0.205 0.4375 0.22 0.45364583 0.23083334 0.4609375 0.23583333 0.4671875 0.24833333 0.47552082 0.27166668 0.4828125 0.2775 0.5078125 0.275 0.5203125 0.27916667 0.5286458 0.28583333 0.5338542 0.29916668 0.53333336 0.31 0.5182292 0.34583333 0.48958334 0.3425 0.48072916 0.34583333 0.4765625 0.35333332 0.471875 0.4025 0.47447917 0.455 0.43333334 0.5441667 0.42447916 0.565 0.42291668 0.57916665 0.4109375 0.6475 0.390625 0.64916664 0.37135416 0.64916664 0.33125 0.6508333 0.315625 0.655
