2 0.14010416 0.8383333 0.13125 0.82166666 0.12552084 0.8066667 0.11666667 0.7866667 0.11354167 0.76666665 0.118229166 0.7583333 0.12604167 0.7416667 0.15625 0.6925 0.1859375 0.64916664 0.20677084 0.62 0.25364584 0.5525 0.2625 0.5391667 0.26458332 0.54083335 0.26510417 0.535 0.29427084 0.495 0.30729166 0.5175 0.31197917 0.5258333 0.284375 0.5775 0.225 0.6925 0.19583334 0.74833333 0.18541667 0.77 0.17552084 0.785 0.23854166 0.86083335 0.2796875 0.9091667 0.23541667 0.9725 0.2265625 0.98583335 0.1859375 0.9141667 0.146875 0.84833336
2 0.19479166 0.9316667 0.20416667 0.9766667 0.2109375 0.99916667 0.24270834 0.9825 0.24427083 0.9766667 0.24635416 0.98 0.2984375 0.9508333 0.31041667 0.9458333 0.2796875 0.9091667 0.24791667 0.9533333 0.2328125 0.97583336 0.2265625 0.98583335 0.19895834 0.9375 0.19479166 0.93
2 0.34791666 0.9225 0.38177082 0.9025 0.42552084 0.8808333 0.43489584 0.87583333 0.43177083 0.86 0.41770834 0.78 0.3984375 0.8183333 0.39322916 0.855 0.38177082 0.8525 0.35572916 0.9033333 0.34739584 0.9216667
2 0.38385418 0.8491667 0.38125 0.8525 0.39375 0.855 0.3984375 0.8183333
2 0.42447916 0.57916665 0.43177083 0.57916665 0.43177083 0.59
2 0.44895834 0.6116667 0.45052084 0.56 0.453125 0.49833333 0.4546875 0.48583335 0.45520833 0.48416665 0.45833334 0.4125 0.45989582 0.38583332 0.496875 0.38833332 0.5484375 0.39416668 0.5864583 0.3975 0.66041666 0.40666667 0.6609375 0.41083333 0.6635417 0.4075 0.69635415 0.41083333 0.696875 0.41333333 0.6953125 0.46333334 0.69322914 0.5 0.67395836 0.45416668 0.65833336 0.47333333 0.58385414 0.5566667 0.5546875 0.59166664 0.53802085 0.61083335 0.51458335 0.62916666 0.509375 0.6333333 0.5083333 0.6375 0.50572914 0.63666666 0.48072916 0.66083336 0.47708333 0.6666667 0.48020834 0.6741667 0.47135416 0.6741667 0.48125 0.65416664 0.44895834 0.6125
2 0.6 0.8641667 0.5729167 0.8908333 0.559375 0.86 0.50885415 0.7391667 0.47760418 0.6666667 0.4796875 0.66083336 0.5052083 0.63666666 0.5083333 0.6375 0.509375 0.6333333 0.53802085 0.61083335 0.5755208 0.56666666 0.6567708 0.475 0.6744792 0.45333335 0.71302086 0.545 0.71979165 0.5708333 0.74583334 0.625 0.6713542 0.585 0.66822916 0.59 0.6567708 0.6275 0.621875 0.77416664 0.6010417 0.865
2 0.58229166 0.93083334 0.5953125 0.8883333 0.59739584 0.8883333 0.596875 0.88416666 0.60052085 0.8641667 0.6359375 0.715 0.6578125 0.62416667 0.66822916 0.59 0.6713542 0.585 0.74635416 0.62583333 0.7739583 0.64166665 0.79583335 0.655 0.82447916 0.66833335 0.82604164 0.6741667 0.8229167 0.68833333 0.8109375 0.73083335 0.79114586 0.815 0.7671875 0.92 0.75625 0.965 0.75364584 0.965 0.753125 0.9675 0.7552083 0.97083336 0.7494792 1.0 0.7114583 1.0 0.6671875 0.9741667 0.6119792 0.94916666 0.5828125 0.93333334
2 0.1953125 0.49083334 0.18020834 0.6075 0.16979167 0.67333335 0.24427083 0.56583333 0.2625 0.5391667 0.265625 0.54083335 0.26458332 0.53583336 0.27552083 0.5183333 0.2375 0.50333333 0.23541667 0.5075 0.23489584 0.5025 0.196875 0.48916668 0.19583334 0.48916668
2 0.17604166 0.785 0.23125 0.8516667 0.27291667 0.90166664 0.31666666 0.9533333 0.32760417 0.96416664 0.33958334 0.93666667 0.35520834 0.90416664 0.38802084 0.84 0.40677083 0.8016667 0.44010416 0.73583335 0.45625 0.705 0.45625 0.7 0.4578125 0.7008333 0.48125 0.65416664 0.48125 0.6533333 0.43489584 0.5941667 0.4046875 0.555 0.34947917 0.48166665 0.34270832 0.4725 0.31614584 0.5175 0.31770834 0.52166665 0.31770834 0.525 0.3140625 0.5233333 0.2953125 0.5566667 0.265625 0.6141667 0.2484375 0.64916664 0.209375 0.7216667 0.1859375 0.7683333 0.17708333 0.78333336
