4 0.13333334 0.5825 0.134375 0.5966667 0.1375 0.6125 0.14114584 0.625 0.1484375 0.6425 0.1578125 0.65833336 0.1703125 0.66833335 0.18125 0.67583334 0.1921875 0.6791667 0.20208333 0.6766667 0.19114584 0.6741667 0.17447917 0.66333336 0.1609375 0.6433333 0.15364583 0.62666667 0.14791666 0.60833335 0.1421875 0.5908333 0.13333334 0.58
4 0.215625 0.40916666 0.2375 0.3275 0.2421875 0.31666666 0.246875 0.31333333 0.25729167 0.31833333 0.278125 0.33333334 0.2828125 0.34083334 0.28385416 0.34916666 0.253125 0.46416667 0.24583334 0.49416667 0.2375 0.485 0.2234375 0.47416666 0.20572917 0.47 0.196875 0.47083333 0.20364584 0.45583335 0.21510416 0.41166666
4 0.5078125 0.7275 0.5494792 0.66333336 0.565625 0.6383333 0.57447916 0.62333333 0.5776042 0.61083335 0.5776042 0.6016667 0.5765625 0.57166666 0.578125 0.55333334 0.58177084 0.53583336 0.5875 0.5175 0.59583336 0.5058333 0.5984375 0.50083333 0.6078125 0.49666667 0.6171875 0.49166667 0.6244792 0.48583335 0.6302083 0.47916666 0.63489586 0.47416666 0.646875 0.47416666 0.6557292 0.47666666 0.66822916 0.48333332 0.6791667 0.4925 0.68958336 0.5058333 0.6984375 0.525 0.70416665 0.5441667 0.70677084 0.5708333 0.70677084 0.59166664 0.70416665 0.6091667 0.69635415 0.635 0.6901042 0.6483333 0.68125 0.66083336 0.67291665 0.67 0.6666667 0.6741667 0.6578125 0.67833334 0.64635414 0.6816667 0.6390625 0.6816667 0.6296875 0.68083334 0.61927086 0.68 0.61041665 0.6825 0.60364586 0.69166666 0.5619792 0.7558333 0.54375 0.78333336 0.53541666 0.79583335 0.53125 0.79833335 0.52552086 0.7975 0.5026042 0.76 0.49895832 0.755 0.49895832 0.74833333 0.5 0.7416667 0.503125 0.735
4 0.56875 0.29333332 0.5833333 0.29 0.6020833 0.2925 0.6171875 0.30166668 0.6302083 0.31333333 0.640625 0.32833335 0.6489583 0.3475 0.6536458 0.365 0.65625 0.38666666 0.65520835 0.41583332 0.6510417 0.43833333 0.6432292 0.45916668 0.634375 0.47416666 0.6265625 0.48416665 0.6140625 0.49333334 0.603125 0.49916667 0.59583336 0.50166667 0.5854167 0.505 0.5755208 0.5125 0.56458336 0.54083335 0.5453125 0.59166664 0.53333336 0.625 0.51979166 0.6566667 0.51197916 0.6616667 0.48072916 0.63 0.47760418 0.62166667 0.47760418 0.6141667 0.48229167 0.60083336 0.50572914 0.5366667 0.52447915 0.4925 0.53125 0.46583334 0.53229165 0.45166665 0.528125 0.435 0.5239583 0.41416666 0.5229167 0.3825 0.528125 0.35333332 0.53489584 0.33416668 0.5473958 0.31416667 0.5578125 0.30166668 0.565625 0.29666665
4 0.5203125 0.35416666 0.509375 0.37166667 0.5026042 0.3875 0.4984375 0.405 0.49583334 0.41916665 0.4953125 0.43583333 0.4953125 0.45416668 0.49791667 0.46666667 0.5026042 0.48416665 0.50885415 0.4975 0.5161458 0.51166666 0.52552086 0.48833334 0.53125 0.46666667 0.53229165 0.45166665 0.52552086 0.42416668 0.5239583 0.41166666 0.5234375 0.3875 0.5234375 0.38 0.528125 0.35166666 0.53125 0.34333333 0.52447915 0.34916666
4 0.56875 0.535 0.57395834 0.53583336 0.58229166 0.53333336 0.58802086 0.5175 0.59166664 0.51166666 0.59791666 0.50083333 0.5921875 0.5025 0.5859375 0.505 0.5807292 0.5083333 0.57604164 0.51166666 0.5677083 0.53333336
4 0.46145833 0.79 0.425 0.87166667 0.4125 0.9 0.40885416 0.9125 0.40833333 0.92333335 0.41510418 0.93416667 0.4359375 0.95666665 0.44375 0.9608333 0.44947916 0.9558333 0.47864583 0.8908333 0.50208336 0.83916664 0.50677085 0.8283333 0.5130208 0.8208333 0.51927084 0.81666666 0.5328125 0.81583333 0.55 0.80833334 0.5677083 0.79 0.5796875 0.77 0.5854167 0.75083333 0.5885417 0.73333335 0.5890625 0.715 0.5651042 0.75 0.546875 0.7783333 0.53489584 0.7966667 0.53020835 0.7991667 0.52552086 0.7966667 0.49947917 0.7558333 0.4984375 0.75416666 0.49947917 0.7441667 0.503125 0.7341667 0.5598958 0.6475 0.56666666 0.63666666 0.5630208 0.63166666 0.55572915 0.62333333 0.5442708 0.6166667 0.53802085 0.6141667 0.5286458 0.635 0.5208333 0.6558333 0.51197916 0.6616667 0.48385417 0.6333333 0.47708333 0.645 0.46927083 0.6641667 0.4640625 0.68 0.4609375 0.7025 0.46041667 0.715 0.4625 0.735 0.46614584 0.7525 0.46770832 0.76416665 0.46510416 0.78
4 0.65989584 0.385 0.70989585 0.38 0.72447914 0.37833333 0.73229164 0.37916666 0.7369792 0.38666666 0.7390625 0.4025 0.74010414 0.43666667 0.73854166 0.45 0.7338542 0.4575 0.6380208 0.46833333 0.64166665 0.46083334 0.6510417 0.43916667 0.65520835 0.41666666 0.65625 0.3875
4 0.7395833 0.56083333 0.78020835 0.54083335 0.8020833 0.52916664 0.81614584 0.52166665 0.82708335 0.51666665 0.8333333 0.5125 0.83958334 0.5158333 0.8442708 0.5258333 0.8515625 0.56416667 0.85364586 0.57666665 0.85052085 0.5875 0.8442708 0.5933333 0.7895833 0.62166667 0.75625 0.6375 0.7473958 0.6433333 0.74114585 0.65416664 0.7375 0.66583335 0.7338542 0.6816667 0.728125 0.69416666 0.721875 0.70916665 0.7135417 0.72 0.7015625 0.7316667 0.6848958 0.73833334 0.6734375 0.74083334 0.66041666 0.7375 0.6453125 0.7266667 0.63645834 0.7183333 0.62604165 0.7033333 0.61822915 0.6875 0.615625 0.6816667 0.62291664 0.68 0.6375 0.6816667 0.6515625 0.68083334 0.66510415 0.675 0.67291665 0.6691667 0.6828125 0.65833336 0.690625 0.64666665 0.696875 0.6333333 0.70104164 0.62 0.7046875 0.6066667 0.70677084 0.58916664 0.70677084 0.5758333 0.7057292 0.5625 0.7036458 0.545 0.709375 0.5475 0.715625 0.5541667 0.7203125 0.55916667 0.72864586 0.56166667 0.7328125 0.56083333
4 0.05625 0.46333334 0.13229166 0.49833333 0.14583333 0.50416666 0.1546875 0.50416666 0.1625 0.49666667 0.171875 0.48666668 0.18385416 0.47666666 0.19375 0.47166666 0.20572917 0.47 0.22291666 0.47416666 0.23645833 0.48416665 0.24739583 0.49666667 0.25729167 0.5133333 0.26458332 0.5375 0.26927084 0.5575 0.26979166 0.585 0.26770833 0.6025 0.26197916 0.625 0.25572917 0.6425 0.2453125 0.6566667 0.23854166 0.66333336 0.22395833 0.6741667 0.21354167 0.6766667 0.2015625 0.67583334 0.190625 0.67333335 0.17447917 0.66333336 0.1609375 0.6425 0.15416667 0.62666667 0.14791666 0.6075 0.1421875 0.5908333 0.13333334 0.57916665 0.115625 0.57166666 0.047395833 0.54083335 0.0390625 0.53583336 0.034375 0.52916664 0.035416666 0.50916666 0.041145835 0.47833332 0.043229166 0.46583334 0.049479168 0.46
