10 0.196875 0.315 0.20260416 0.315 0.2109375 0.3175 0.2171875 0.32666665 0.22135417 0.34083334 0.22552083 0.36166668 0.23072916 0.37666667 0.234375 0.38916665 0.240625 0.41583332 0.25052083 0.45166665 0.25260416 0.45333335 0.259375 0.445 0.26666668 0.44 0.27760416 0.44333333 0.28854167 0.45416668 0.29427084 0.4675 0.29322916 0.47833332 0.28958333 0.4875 0.28177083 0.49833333 0.26927084 0.515 0.2578125 0.5308333 0.25364584 0.54333335 0.24895833 0.5575 0.24166666 0.565 0.2359375 0.56666666 0.22395833 0.565 0.16979167 0.54833335 0.15416667 0.5441667 0.14947917 0.5566667 0.14375 0.6066667 0.14114584 0.6675 0.13125 0.66083336 0.1171875 0.64666665 0.1109375 0.6333333 0.106770836 0.62416667 0.09583333 0.6091667 0.08385417 0.5933333 0.067708336 0.5758333 0.06458333 0.56416667 0.065625 0.54583335 0.0765625 0.5258333 0.1125 0.45583335 0.12760417 0.43416667 0.1359375 0.42333335 0.14479166 0.415 0.14739583 0.40416667 0.15833333 0.385 0.19010417 0.325
4 0.23645833 0.24 0.24739583 0.23083334 0.26354167 0.22416666 0.278125 0.22416666 0.29114583 0.22833334 0.3109375 0.24666667 0.31927082 0.2625 0.32604167 0.28 0.33020833 0.29833335 0.33385417 0.31166667 0.33958334 0.32333332 0.41458333 0.37 0.43333334 0.4025 0.42708334 0.4325 0.42291668 0.44583333 0.41770834 0.45166665 0.41041666 0.45166665 0.35625 0.4175 0.3296875 0.4 0.3234375 0.39583334 0.31354168 0.3975 0.30677083 0.4025 0.296875 0.41166666 0.29010418 0.4175 0.27708334 0.42166665 0.26197916 0.42 0.24427083 0.41166666 0.23854166 0.40583333 0.23385416 0.3875 0.225 0.36083335 0.22135417 0.34083334 0.21770833 0.3275 0.2109375 0.31583333 0.21197917 0.29833335 0.21770833 0.275 0.22552083 0.25416666
20 0.3234375 0.21916667 0.38177082 0.0975 0.40520832 0.046666667 0.41145834 0.045 0.41666666 0.045833334 0.43333334 0.07083333 0.45833334 0.125 0.47916666 0.16666667 0.5385417 0.2475 0.5921875 0.315 0.6432292 0.39333335 0.66770834 0.4375 0.6770833 0.45666668 0.6848958 0.47 0.6869792 0.48083332 0.6859375 0.49916667 0.678125 0.5125 0.63645834 0.56333333 0.59739584 0.6075 0.57604164 0.6333333 0.56927085 0.63916665 0.55572915 0.63416666 0.54479164 0.62 0.54114586 0.60083336 0.515625 0.54083335 0.50625 0.5083333 0.50416666 0.4875 0.50625 0.4725 0.50416666 0.46083334 0.49375 0.44833332 0.47864583 0.4425 0.47083333 0.44333333 0.45572916 0.43333334 0.44375 0.41916665 0.43333334 0.4025 0.41354167 0.36666667 0.39114583 0.33916667 0.35729167 0.29166666 0.32291666 0.23333333
1 0.6125 0.22333333 0.6276042 0.28666666 0.659375 0.40083334 0.66979164 0.44166666 0.64427084 0.395 0.5921875 0.315 0.5541667 0.26666668 0.56041664 0.26 0.57239586 0.25333333 0.58229166 0.24583334 0.60260415 0.22416666 0.6109375 0.21166667 0.6166667 0.2175
2 0.596875 0.61 0.6609375 0.73083335 0.6578125 0.7975 0.6645833 0.79583335 0.6515625 0.81333333 0.5864583 0.9008333 0.5453125 0.9575 0.45 0.77666664 0.3953125 0.6716667 0.39635417 0.6566667 0.41927084 0.625 0.50572914 0.5058333 0.50885415 0.51916665 0.515625 0.5416667 0.534375 0.5858333 0.540625 0.5975 0.54479164 0.62 0.55572915 0.63416666 0.5697917 0.63916665 0.5786458 0.6308333 0.59479165 0.61
11 0.6765625 0.54833335 0.71666664 0.5375 0.7328125 0.5308333 0.75885415 0.52 0.8442708 0.5725 0.86822915 0.75333333 0.86145836 0.7558333 0.77708334 0.7725 0.65833336 0.7966667 0.6609375 0.73083335 0.66614586 0.7133333 0.6692708 0.69666666 0.66822916 0.6666667 0.66770834 0.635 0.65260416 0.61583334 0.64375 0.6016667 0.628125 0.57166666 0.63958335 0.56083333
15 0.6953125 0.46833333 0.68645835 0.46583334 0.6890625 0.4575 0.6953125 0.4575 0.6984375 0.455 0.7015625 0.45666668 0.7114583 0.44916666 0.7234375 0.44916666 0.7265625 0.45083332 0.72447914 0.46666667 0.7359375 0.47416666 0.75 0.47083333 0.76666665 0.47416666 0.80572915 0.48916668 0.91197914 0.555 0.9203125 0.56666666 0.9223958 0.5783333 0.9270833 0.5825 0.9270833 0.5883333 0.9359375 0.5941667 0.9328125 0.6025 0.925 0.5966667 0.9203125 0.6 0.9192708 0.595 0.9140625 0.6025 0.903125 0.6025 0.8859375 0.59583336 0.8442708 0.57166666 0.7546875 0.5175 0.7296875 0.505 0.7114583 0.495 0.7078125 0.4925 0.7026042 0.48416665 0.69947916 0.47416666
1 0.75677085 0.28666666 0.76875 0.29333332 0.7765625 0.30166668 0.7890625 0.3125 0.8119792 0.3275 0.8171875 0.33333334 0.8307292 0.34 0.91197914 0.39083335 0.93177086 0.40333334 0.9421875 0.40583333 0.95625 0.4 0.96666664 0.39583334 0.9640625 0.41 0.94895834 0.46916667 0.9421875 0.4975 0.9421875 0.50666666 0.9447917 0.5625 0.93958336 0.5675 0.92760414 0.56333333 0.9125 0.555 0.83385414 0.5058333 0.8052083 0.48916668 0.765625 0.47416666 0.75 0.47166666 0.73541665 0.475 0.72447914 0.46583334 0.7265625 0.4525 0.746875 0.36333334 0.75208336 0.34 0.75416666 0.30083334
5 0.6119792 0.12666667 0.6322917 0.12083333 0.6692708 0.1075 0.6828125 0.10666667 0.7505208 0.086666666 0.76145834 0.068333335 0.7817708 0.05666667 0.82447916 0.031666666 0.82916665 0.0375 0.8359375 0.0825 0.84583336 0.15583333 0.8484375 0.1975 0.85260415 0.22916667 0.859375 0.2575 0.87395835 0.32166666 0.86302084 0.32583332 0.8140625 0.32833335 0.79010415 0.3125 0.775 0.3 0.76979166 0.29333332 0.75625 0.2875 0.75364584 0.30416667 0.75208336 0.34166667 0.7473958 0.35 0.71979165 0.36666667 0.6958333 0.38083333 0.68177086 0.38916665 0.67083335 0.40666667 0.66197914 0.41 0.6515625 0.37333333 0.65052086 0.3575 0.6401042 0.29833335 0.61041665 0.1325
16 0.15416667 0.5441667 0.22395833 0.565 0.2859375 0.5733333 0.3640625 0.59583336 0.39947918 0.6066667 0.39375 0.68666667 0.390625 0.76416665 0.38385418 0.8466667 0.38125 0.8691667 0.37083334 0.8675 0.3109375 0.85083336 0.2515625 0.83416665 0.23177083 0.83 0.2109375 0.8183333 0.2015625 0.81416667 0.19375 0.8175 0.1734375 0.82 0.16666667 0.8125 0.13697916 0.7675 0.1359375 0.76 0.1390625 0.74916667 0.14583333 0.7291667 0.14635417 0.7175 0.14322917 0.6933333 0.14114584 0.67333335 0.14375 0.605 0.14739583 0.56916666 0.14947917 0.5566667
