5 0.2671875 0.44416666 0.28385416 0.45166665 0.31666666 0.47083333 0.36770833 0.49583334 0.37083334 0.48833334 0.37864584 0.41833332 0.38489583 0.35916665 0.38802084 0.29916668 0.390625 0.27833334 0.39322916 0.27416667 0.40729168 0.20833333 0.39895833 0.2 0.390625 0.20333333 0.36979166 0.21416667 0.36302084 0.21 0.34791666 0.20833333 0.34322917 0.20416667 0.34114584 0.20833333 0.3078125 0.27166668 0.27291667 0.3375 0.2484375 0.38583332 0.2375 0.405 0.21666667 0.43833333 0.2421875 0.44333333 0.2578125 0.44416666
2 0.35416666 0.11416667 0.3578125 0.21 0.3625 0.21 0.36979166 0.21333334 0.38958332 0.20416667 0.39895833 0.2 0.40729168 0.20833333 0.39322916 0.27333334 0.390625 0.27916667 0.38802084 0.29916668 0.38645834 0.33166668 0.38541666 0.355 0.38072917 0.39833334 0.39270833 0.39916667 0.39375 0.39333335 0.396875 0.39833334 0.40729168 0.39833334 0.46927083 0.31166667 0.49791667 0.37333333 0.50416666 0.39083335 0.6020833 0.38583332 0.5984375 0.24083333 0.59375 0.095 0.5833333 0.09916667 0.534375 0.100833334 0.440625 0.108333334 0.36822918 0.11333334
12 0.38125 0.4425 0.39791667 0.47666666 0.40572917 0.48916668 0.4453125 0.55583334 0.45572916 0.5733333 0.4703125 0.60583335 0.54375 0.7366667 0.63072914 0.62666667 0.6203125 0.61 0.609375 0.5875 0.60364586 0.5775 0.59791666 0.565 0.5875 0.54833335 0.5765625 0.5283333 0.565625 0.51 0.5578125 0.49916667 0.5390625 0.46583334 0.5125 0.41083333 0.50364584 0.39 0.49791667 0.37333333 0.46927083 0.31083333 0.43177083 0.36333334 0.40677083 0.39833334
19 0.5765625 0.395 0.61822915 0.4825 0.61927086 0.4925 0.6171875 0.50416666 0.60572916 0.5183333 0.58489585 0.54333335 0.57604164 0.52666664 0.565625 0.51 0.559375 0.50166667 0.5578125 0.5 0.5390625 0.46583334 0.51197916 0.41 0.50364584 0.39083335 0.5385417 0.38916665 0.5734375 0.38666666
14 0.3890625 0.4625 0.35208333 0.52166665 0.38229167 0.5725 0.42083332 0.6425 0.4640625 0.72 0.5015625 0.7841667 0.50885415 0.7891667 0.5130208 0.78583336 0.5151042 0.78 0.5494792 0.7425 0.553125 0.73583335 0.55260414 0.725 0.54375 0.7366667 0.515625 0.68666667 0.46927083 0.6041667 0.45572916 0.57416666 0.40520832 0.4875 0.39791667 0.47666666 0.39114583 0.46166667
16 0.3359375 0.49833333 0.296875 0.5683333 0.27395833 0.6075 0.2671875 0.62916666 0.26145834 0.64 0.2390625 0.65833336 0.24583334 0.7275 0.25625 0.74083334 0.2703125 0.75166667 0.27760416 0.765 0.28697917 0.7891667 0.30364582 0.81583333 0.3296875 0.86083335 0.33645833 0.8775 0.39947918 0.98083335 0.4109375 0.9658333 0.40625 0.92083335 0.41041666 0.9175 0.43020833 0.9291667 0.43854168 0.92333335 0.478125 0.865 0.52239585 0.7841667 0.51458335 0.77916664 0.5130208 0.78583336 0.50885415 0.79 0.5015625 0.7841667 0.46927083 0.72833335 0.42447916 0.6483333 0.38177082 0.5708333 0.35052082 0.51916665
1 0.41145834 0.9716667 0.41614583 1.0 0.4671875 1.0 0.59947914 1.0 0.6010417 1.0 0.603125 0.98 0.60520834 0.9775 0.609375 0.97583336 0.61145836 0.9841667 0.6119792 0.9625 0.609375 0.93833333 0.603125 0.9316667 0.5598958 0.92333335 0.50572914 0.91833335 0.45416668 0.9141667 0.44635418 0.91583335 0.43645832 0.925 0.43072918 0.9291667 0.40989584 0.9166667 0.40625 0.92083335 0.4109375 0.9658333
5 0.68645835 0.81333333 0.66041666 0.875 0.6635417 0.88166666 0.70625 0.915 0.721875 0.93 0.7338542 0.93583333 0.76927084 0.975 0.78333336 1.0 0.8015625 1.0 0.88645834 1.0 0.90052086 0.95 0.9166667 0.9125 0.9578125 0.83666664 0.92864585 0.815 0.8776042 0.7683333 0.85625 0.75166667 0.8421875 0.7291667 0.7984375 0.7375 0.78802085 0.73833334 0.78125 0.7425 0.7338542 0.7583333 0.70520836 0.7683333
0 0.64270836 0.6075 0.6479167 0.6375 0.64947915 0.6666667 0.65052086 0.7008333 0.6510417 0.74333334 0.65208334 0.7733333 0.65833336 0.77416664 0.6645833 0.7816667 0.675 0.7783333 0.71197915 0.7658333 0.775 0.745 0.7817708 0.7425 0.78802085 0.7391667 0.79791665 0.7375 0.84791666 0.72833335 0.8723958 0.725 0.878125 0.72083336 0.8520833 0.6383333 0.82916665 0.5475 0.81458336 0.4875 0.80260414 0.42 0.7994792 0.40416667 0.7921875 0.40416667 0.79114586 0.415 0.7817708 0.4425 0.778125 0.45333335 0.7703125 0.48083332 0.76458335 0.48416665 0.75885415 0.49083334 0.7484375 0.50666666 0.7473958 0.5108333 0.7161458 0.4975 0.6421875 0.47416666 0.62135416 0.48166665 0.6322917 0.55583334
15 0.77708334 0.32333332 0.796875 0.40416667 0.79895836 0.40416667 0.80625 0.44 0.8140625 0.485 0.8286458 0.5466667 0.8442708 0.6066667 0.853125 0.64166665 0.8578125 0.6425 0.85625 0.63 0.8578125 0.625 0.8588542 0.6191667 0.86510414 0.6075 0.86510414 0.595 0.86041665 0.56666666 0.83802086 0.43166667 0.81614584 0.33166668 0.8015625 0.28083333 0.79010415 0.26916668 0.7890625 0.2625 0.78541666 0.2625 0.784375 0.2525 0.77916664 0.2525 0.77552086 0.2575 0.77916664 0.2675 0.77708334 0.27083334 0.778125 0.27833334 0.775 0.28666666 0.77447915 0.29666665
4 0.9609375 0.0 0.884375 0.0 0.9135417 0.034166668 0.9557292 0.08166666 0.9734375 0.08083333 0.99427086 0.043333333 1.0 0.035 1.0 0.013333334 0.98541665 0.0
21 0.24114583 0.016666668 0.23489584 0.015833333 0.22864583 0.016666668 0.21875 0.034166668 0.20052083 0.08 0.16979167 0.1475 0.15572916 0.18 0.13333334 0.2225 0.1234375 0.24583334 0.11354167 0.28083333 0.096875 0.32416666 0.088541664 0.34666666 0.07760417 0.37166667 0.065625 0.38666666 0.060416665 0.39666668 0.0609375 0.41 0.0640625 0.41833332 0.07447917 0.43 0.08020833 0.43 0.08645833 0.42666668 0.1 0.4575 0.114583336 0.49 0.13645834 0.52916664 0.1453125 0.53333336 0.15052083 0.53333336 0.16666667 0.5175 0.19270833 0.4775 0.2375 0.40583333 0.2828125 0.31833333 0.340625 0.21 0.34895834 0.19 0.35 0.18333334 0.34791666 0.1725 0.34270832 0.16083333 0.3078125 0.10666667 0.26979166 0.053333335 0.24270834 0.0175
