6 0.2765625 0.285 0.27916667 0.33166668 0.29010418 0.45 0.2921875 0.46166667 0.31614584 0.4525 0.33541667 0.44583333 0.40104166 0.435 0.44166666 0.4275 0.43645832 0.35666665 0.42552084 0.27583334 0.41822916 0.25083333 0.403125 0.25333333 0.34791666 0.28666666 0.33385417 0.29666665 0.31041667 0.285 0.2890625 0.28 0.28020832 0.28
6 0.43125 0.075833336 0.4296875 0.12 0.4328125 0.15333334 0.40625 0.225 0.40416667 0.24083333 0.41041666 0.245 0.43489584 0.2625 0.46770832 0.28333333 0.4859375 0.29 0.5046875 0.30083334 0.5125 0.25333333 0.5239583 0.1575 0.528125 0.12583333 0.54322916 0.093333334 0.54583335 0.06916667 0.49791667 0.048333332 0.43645832 0.025833333 0.4328125 0.0375
6 0.609375 0.18333334 0.51666665 0.21833333 0.5130208 0.24833333 0.50989586 0.26666668 0.5182292 0.34416667 0.5286458 0.385 0.5317708 0.39833334 0.5307292 0.4375 0.53489584 0.46666667 0.5953125 0.43666667 0.640625 0.42916667 0.6390625 0.4075 0.63645834 0.40083334 0.6265625 0.33666667 0.6166667 0.27416667 0.61354166 0.20083334 0.6119792 0.19
6 0.678125 0.1825 0.65989584 0.19833334 0.6302083 0.23833333 0.61614585 0.25333333 0.61614585 0.27416667 0.6276042 0.34666666 0.63697916 0.4025 0.63958335 0.40916666 0.640625 0.42833334 0.68177086 0.3875 0.740625 0.33583334 0.7036458 0.24166666
6 0.59270835 0.44333333 0.6046875 0.47 0.63958335 0.42916667 0.5953125 0.43583333 0.590625 0.43916667
6 0.61302084 0.46333334 0.6244792 0.51916665 0.625 0.54 0.6421875 0.59833336 0.6401042 0.5133333 0.6432292 0.45333335 0.61510414 0.46166667
6 0.6432292 0.42833334 0.64270836 0.45833334 0.63958335 0.5133333 0.6421875 0.6 0.64427084 0.61 0.6567708 0.615 0.7234375 0.60083336 0.778125 0.62 0.79583335 0.61833334 0.79270834 0.53 0.7890625 0.45166665 0.77760416 0.44666666 0.7739583 0.4425 0.7739583 0.43666667 0.73541665 0.445 0.6921875 0.45916668 0.65625 0.4275 0.64739585 0.42666668
6 0.72447914 0.43083334 0.67604166 0.44583333 0.69322914 0.46 0.7270833 0.4475
6 0.6401042 0.6125 0.63489586 0.6741667 0.634375 0.6933333 0.6375 0.69916666 0.709375 0.68916667 0.74791664 0.6791667 0.7416667 0.6408333 0.7375 0.62083334 0.73229164 0.60333335 0.7234375 0.6 0.6567708 0.615 0.64479166 0.61 0.64166665 0.59833336
6 0.39583334 0.61583334 0.40364584 0.63416666 0.43385416 0.6791667 0.4734375 0.745 0.5015625 0.8 0.5625 0.69166666 0.575 0.665 0.55885416 0.6458333 0.5296875 0.62416667 0.5 0.5825 0.49375 0.575 0.48229167 0.5391667 0.46822917 0.495 0.4625 0.50083333 0.43229166 0.55 0.42291668 0.5733333 0.39739582 0.6091667
6 0.4875 0.49416667 0.5552083 0.48833334 0.56927085 0.48416665 0.57135415 0.49833333 0.5703125 0.5175 0.5671875 0.52666664 0.5671875 0.57166666 0.56666666 0.6025 0.56666666 0.6166667 0.5729167 0.66333336 0.55885416 0.64666665 0.5296875 0.625 0.50104165 0.58416665 0.49375 0.575 0.46822917 0.49666667
6 0.5578125 0.7191667 0.578125 0.72 0.5786458 0.7025 0.57395834 0.66833335 0.5630208 0.69083333 0.54583335 0.72083336
6 0.14479166 0.47916666 0.14427084 0.56 0.1515625 0.62416667 0.15260416 0.6458333 0.16458334 0.6458333 0.2171875 0.62 0.24791667 0.60833335 0.2703125 0.625 0.2875 0.62166667 0.28854167 0.6075 0.275 0.5058333 0.2734375 0.47 0.2734375 0.44666666 0.2625 0.445 0.24635416 0.45583335 0.21197917 0.46916667 0.15989584 0.4725 0.14635417 0.4725
