15 0.27291667 0.37416667 0.26614583 0.37333333 0.26666668 0.38916665 0.26197916 0.39583334 0.25572917 0.40833333 0.25260416 0.45083332 0.24375 0.72333336 0.246875 0.7375 0.25416666 0.74916667 0.253125 0.7558333 0.25416666 0.7583333 0.25208333 0.7708333 0.25677082 0.7733333 0.26510417 0.77 0.26197916 0.7625 0.26614583 0.7558333 0.26302084 0.7525 0.27291667 0.7425 0.27604166 0.72083336 0.28489584 0.4775 0.28489584 0.41416666 0.27760416 0.39916667 0.27760416 0.39333335 0.2734375 0.38833332
15 0.3609375 0.5025 0.353125 0.50166667 0.35416666 0.5158333 0.35052082 0.5175 0.35104167 0.5225 0.3421875 0.5316667 0.33541667 0.575 0.32708332 0.74583334 0.325 0.855 0.3265625 0.8675 0.33489582 0.88166666 0.33489582 0.8875 0.33333334 0.8975 0.34114584 0.89916664 0.34375 0.885 0.34583333 0.8775 0.35260418 0.86583334 0.35729167 0.8333333 0.3625 0.71416664 0.36927083 0.57416666 0.36927083 0.5375 0.36458334 0.5275 0.36302084 0.51666665 0.36041668 0.5158333
15 0.42916667 0.38833332 0.42291668 0.3825 0.41979167 0.39416668 0.4171875 0.3975 0.41614583 0.40166667 0.40520832 0.41 0.4 0.435 0.36822918 0.7 0.365625 0.7291667 0.36770833 0.7425 0.37291667 0.74916667 0.3703125 0.75416666 0.37447917 0.75666666 0.3703125 0.7675 0.37708333 0.77166665 0.38072917 0.7733333 0.38229167 0.75916666 0.38697916 0.7583333 0.38697916 0.75083333 0.39479166 0.7391667 0.39895833 0.725 0.41510418 0.57 0.42916667 0.45583335 0.43385416 0.425 0.42916667 0.41 0.43125 0.40583333 0.42864582 0.39916667
15 0.48072916 0.7941667 0.4484375 0.7891667 0.44479167 0.8016667 0.43854168 0.80333334 0.43385416 0.795 0.428125 0.8041667 0.42864582 0.81916666 0.43541667 0.8175 0.43645832 0.8258333 0.440625 0.8258333 0.446875 0.8383333 0.45625 0.84 0.54270834 0.855 0.65260416 0.86833334 0.65729165 0.8641667 0.65989584 0.8575 0.6645833 0.85583335 0.6666667 0.8541667 0.67395836 0.85583335 0.6734375 0.8325 0.6666667 0.8375 0.6625 0.8333333 0.6578125 0.82166666 0.6421875 0.815 0.49166667 0.7975
15 0.69375 0.80916667 0.6890625 0.8041667 0.6859375 0.7966667 0.68385416 0.7966667 0.67864585 0.78333336 0.6635417 0.7708333 0.5494792 0.72333336 0.49270833 0.6925 0.48645833 0.69083333 0.478125 0.6958333 0.47291666 0.6983333 0.46354166 0.69 0.46041667 0.70916665 0.46875 0.71 0.46927083 0.71416664 0.47239584 0.7158333 0.4734375 0.72583336 0.48020834 0.7341667 0.53229165 0.7675 0.61875 0.805 0.64166665 0.81416667 0.65833336 0.82166666 0.675 0.82416666 0.68072915 0.82166666 0.68177086 0.8183333 0.68385416 0.81666666 0.69114584 0.82166666
15 0.63645834 0.4525 0.62604165 0.45666668 0.62916666 0.46916667 0.62604165 0.46916667 0.6276042 0.48 0.625 0.48916668 0.62395835 0.49916667 0.6302083 0.53833336 0.66770834 0.69166666 0.69166666 0.7866667 0.6979167 0.8041667 0.7078125 0.81083333 0.7083333 0.81666666 0.7109375 0.8183333 0.7161458 0.8275 0.72291666 0.8208333 0.71875 0.815 0.72083336 0.8075 0.72291666 0.795 0.72291666 0.7808333 0.70729166 0.72083336 0.66875 0.55916667 0.65260416 0.48333332 0.64635414 0.47333333 0.640625 0.4725 0.6375 0.46583334
15 0.43958333 0.17083333 0.43020833 0.18083334 0.43697917 0.19083333 0.434375 0.195 0.43645832 0.19833334 0.43125 0.20666666 0.43177083 0.225 0.5182292 0.44083333 0.540625 0.49166667 0.55104166 0.49583334 0.55572915 0.5058333 0.5640625 0.50416666 0.5625 0.49166667 0.5625 0.48166665 0.56354165 0.47416666 0.56354165 0.46166667 0.52916664 0.37166667 0.4796875 0.24583334 0.45885417 0.1975 0.453125 0.19166666 0.44739583 0.19083333 0.44583333 0.18666667 0.44322917 0.185 0.44166666 0.175
15 0.4921875 0.0475 0.48541668 0.0 0.45260417 0.0 0.46927083 0.12583333 0.4796875 0.18916667 0.496875 0.28833333 0.5005208 0.30083334 0.5046875 0.3075 0.51145834 0.31333333 0.5125 0.31833333 0.5151042 0.31833333 0.5171875 0.33333334 0.52552086 0.33 0.52239585 0.31666666 0.52447915 0.31083333 0.5229167 0.305 0.5265625 0.29666665 0.528125 0.28166667 0.4984375 0.09583333
15 0.5182292 0.018333333 0.50572914 0.026666667 0.509375 0.033333335 0.5072917 0.038333334 0.50885415 0.043333333 0.5052083 0.05 0.5015625 0.0625 0.503125 0.08083333 0.5307292 0.29333332 0.540625 0.37416667 0.54375 0.39 0.5484375 0.395 0.55260414 0.39583334 0.55260414 0.40166667 0.5552083 0.40333334 0.55625 0.41833332 0.56354165 0.41833332 0.56927085 0.41333333 0.56614584 0.40416667 0.56666666 0.39666668 0.565625 0.39333335 0.5708333 0.38416666 0.5708333 0.36333334 0.54895836 0.18333334 0.53229165 0.055 0.528125 0.043333333 0.5234375 0.04083333 0.52239585 0.0325 0.51875 0.029166667
15 0.20989583 0.14416666 0.2046875 0.14166667 0.19947916 0.1425 0.2015625 0.155 0.1984375 0.1625 0.19322917 0.1675 0.18854167 0.18333334 0.1921875 0.395 0.1953125 0.5125 0.20625 0.52666664 0.209375 0.53333336 0.2046875 0.54333335 0.215625 0.5491667 0.215625 0.53333336 0.21822916 0.52666664 0.22708334 0.5133333 0.22760417 0.50166667 0.22083333 0.18916667 0.215625 0.1725 0.21197917 0.16666667 0.20989583 0.15666667
