15 0.3875 0.46166667 0.3625 0.4775 0.33802083 0.49333334 0.33645833 0.495 0.32083333 0.53833336 0.31822917 0.55 0.31979167 0.56416667 0.32083333 0.5675 0.3203125 0.5733333 0.31979167 0.5758333 0.31458333 0.58416665 0.31614584 0.58666664 0.3203125 0.59583336 0.32395834 0.5941667 0.32552084 0.5908333 0.32708332 0.5825 0.33177084 0.58416665 0.33385417 0.58166665 0.33333334 0.5758333 0.33854166 0.575 0.34635416 0.56666666
15 0.34322917 0.2875 0.33697918 0.28416666 0.33229166 0.28416666 0.3328125 0.29666665 0.33020833 0.29833335 0.32864583 0.30333334 0.32239583 0.3075 0.31666666 0.3125 0.29583332 0.3875 0.275 0.47333333 0.31510416 0.45083332 0.34322917 0.33666667 0.3453125 0.325 0.34114584 0.30833334 0.3421875 0.30333334 0.3421875 0.29833335
15 0.35989583 0.4225 0.25989583 0.48333332 0.24791667 0.49083334 0.24375 0.50083333 0.24375 0.50333333 0.24114583 0.50333333 0.2390625 0.5083333 0.23177083 0.5058333 0.23072916 0.51416665 0.23177083 0.52 0.23333333 0.5275 0.23541667 0.5316667 0.2421875 0.52166665 0.24375 0.52666664 0.24739583 0.525 0.253125 0.5316667 0.2578125 0.5341667 0.25885418 0.53333336 0.26458332 0.53333336 0.3109375 0.51 0.39947918 0.45333335 0.4578125 0.4175 0.46354166 0.41 0.465625 0.405 0.46510416 0.39583334 0.46770832 0.39 0.46927083 0.38833332 0.475 0.3925 0.47447917 0.3875 0.47447917 0.37416667 0.47083333 0.37 0.46666667 0.37583333 0.46614584 0.37666667 0.4625 0.3725 0.45885417 0.375 0.45416668 0.37 0.44427082 0.37083334
15 0.4421875 0.2525 0.44322917 0.26416665 0.44114584 0.2625 0.4390625 0.26416665 0.43854168 0.26583335 0.428125 0.26833335 0.41875 0.285 0.36354166 0.42083332 0.41510418 0.38833332 0.43958333 0.32916668 0.44947916 0.30166668 0.44895834 0.29 0.44791666 0.27916667 0.45104167 0.2775 0.45104167 0.27416667 0.45052084 0.27 0.45677084 0.26166666 0.45052084 0.255
15 0.38020834 0.5475 0.37291667 0.555 0.37864584 0.56416667 0.37395832 0.56916666 0.37447917 0.5758333 0.3765625 0.57666665 0.37291667 0.58916664 0.37447917 0.6016667 0.37552083 0.6091667 0.39270833 0.60083336 0.4046875 0.5925 0.4015625 0.5808333 0.39635417 0.5708333 0.38802084 0.5675 0.38697916 0.56083333 0.38333333 0.56083333 0.38125 0.55333334
15 0.490625 0.36416668 0.48645833 0.36 0.48125 0.35916665 0.4796875 0.36166668 0.48020834 0.37 0.4796875 0.3725 0.4765625 0.37333333 0.475 0.37666667 0.475 0.39333335 0.46927083 0.38916665 0.4671875 0.39 0.46510416 0.39583334 0.465625 0.40583333 0.46354166 0.41083333 0.44947916 0.565 0.4828125 0.54583335 0.4953125 0.405 0.49583334 0.395 0.49270833 0.38833332 0.48854166 0.3825 0.48958334 0.37666667 0.48697916 0.375
15 0.58125 0.50416666 0.5765625 0.5083333 0.575 0.5125 0.571875 0.5058333 0.5671875 0.50916666 0.5630208 0.5058333 0.5578125 0.50416666 0.54583335 0.5083333 0.4796875 0.5475 0.4046875 0.59166664 0.3921875 0.60083336 0.37604168 0.61 0.36354166 0.6175 0.35833332 0.625 0.35729167 0.635 0.35364583 0.63416666 0.3515625 0.64 0.3515625 0.6425 0.34166667 0.64166665 0.34375 0.65416664 0.34739584 0.66083336 0.35416666 0.6533333 0.35625 0.6566667 0.35885417 0.6558333 0.36145833 0.66 0.36770833 0.665 0.3796875 0.6641667 0.47916666 0.6066667 0.56927085 0.5491667 0.57395834 0.54 0.575 0.5283333 0.5776042 0.525 0.57708335 0.52166665 0.5854167 0.5175 0.58385414 0.5075
15 0.5296875 0.58416665 0.525 0.60583335 0.51979166 0.61333334 0.5151042 0.61583334 0.51354164 0.61583334 0.5130208 0.62083334 0.50989586 0.62333333 0.509375 0.63666666 0.503125 0.63666666 0.5005208 0.63166666 0.503125 0.6225 0.50208336 0.61583334 0.5026042 0.6116667 0.496875 0.605 0.49583334 0.59583336 0.5317708 0.5733333
15 0.44427082 0.62666667 0.43958333 0.7191667 0.43958333 0.72833335 0.440625 0.73583335 0.44583333 0.74333334 0.44583333 0.75083333 0.44739583 0.7525 0.446875 0.7658333 0.44895834 0.7675 0.45416668 0.7675 0.4578125 0.7658333 0.45520833 0.75416666 0.45885417 0.75083333 0.459375 0.745 0.4625 0.7441667 0.46822917 0.7366667 0.46979168 0.725 0.478125 0.6066667
15 0.38697916 0.66 0.40625 0.745 0.43854168 0.8975 0.44791666 0.9075 0.45104167 0.91333336 0.4546875 0.9125 0.45677084 0.92833334 0.46458334 0.92083335 0.46458334 0.91333336 0.4609375 0.9091667 0.46145833 0.90166664 0.46458334 0.895 0.46822917 0.8808333 0.46197918 0.845 0.41770834 0.64166665
15 0.56614584 0.27166668 0.5598958 0.28333333 0.55104166 0.3175 0.50572914 0.5316667 0.54375 0.51 0.5890625 0.29583332 0.5864583 0.28416666 0.584375 0.27833334 0.5859375 0.27166668 0.58385414 0.2675 0.5859375 0.25666666 0.58229166 0.25333333 0.57708335 0.2525 0.57708335 0.26416665 0.5734375 0.265 0.57239586 0.27083334
15 0.64427084 0.535 0.61041665 0.51416665 0.603125 0.5133333 0.59791666 0.51666665 0.59375 0.515 0.590625 0.51916665 0.58489585 0.5125 0.5854167 0.5183333 0.5796875 0.5208333 0.58177084 0.525 0.5864583 0.5275 0.58802086 0.53333336 0.590625 0.5375 0.5932292 0.5491667 0.60364586 0.56333333 0.70208335 0.6325 0.70625 0.5758333
15 0.58229166 0.6075 0.5786458 0.6125 0.575 0.6191667 0.57135415 0.6141667 0.56875 0.6175 0.56927085 0.62083334 0.56041664 0.62083334 0.5598958 0.62833333 0.56041664 0.63166666 0.5697917 0.63 0.5703125 0.635 0.57395834 0.635 0.57708335 0.64666665 0.58958334 0.65833336 0.6244792 0.6775 0.696875 0.7083333 0.70104164 0.65416664 0.596875 0.6066667
15 0.7375 0.5941667 0.7348958 0.6458333 0.734375 0.6475 0.76770836 0.6666667 0.7796875 0.6725 0.78802085 0.6725 0.79479164 0.66833335 0.79791665 0.665 0.7984375 0.67 0.803125 0.66833335 0.8109375 0.665 0.8109375 0.6566667 0.8052083 0.65833336 0.80364585 0.65 0.80104166 0.64916664 0.79479164 0.6333333 0.76979166 0.6141667
15 0.7338542 0.6675 0.73020834 0.7225 0.7604167 0.7325 0.76927084 0.7316667 0.77552086 0.7266667 0.77760416 0.725 0.7786458 0.7275 0.78125 0.7275 0.7828125 0.725 0.78333336 0.72083336 0.7885417 0.72083336 0.79010415 0.7225 0.7921875 0.7225 0.79322916 0.7183333 0.7916667 0.71166664 0.7838542 0.7108333 0.78333336 0.70666665 0.77916664 0.7058333 0.7765625 0.6958333 0.7708333 0.68666667 0.75677085 0.6775
15 0.73802084 0.49916667 0.73541665 0.49333334 0.73229164 0.49083334 0.7338542 0.48583335 0.7328125 0.48166665 0.73020834 0.48083332 0.73125 0.47666666 0.7317708 0.47 0.7296875 0.47083333 0.728125 0.465 0.725 0.46583334 0.7234375 0.47083333 0.72083336 0.47083333 0.721875 0.475 0.7234375 0.47916666 0.7203125 0.48166665 0.7192708 0.48416665 0.721875 0.49 0.7161458 0.49583334 0.7114583 0.5058333 0.7078125 0.54833335 0.6947917 0.74583334 0.69322914 0.80833334 0.69322914 0.8275 0.6947917 0.8408333 0.69635415 0.84833336 0.7005208 0.85333335 0.6984375 0.86 0.69947916 0.865 0.69947916 0.87 0.6984375 0.88 0.7083333 0.88166666 0.7083333 0.86833334 0.71197915 0.8666667 0.7135417 0.86083335 0.71197915 0.85833335 0.71979165 0.85 0.7234375 0.84 0.728125 0.76666665 0.73541665 0.62416667 0.74114585 0.5275 0.74010414 0.5075
15 0.259375 0.5341667 0.2421875 0.6 0.2390625 0.61583334 0.24010417 0.6275 0.24375 0.635 0.24375 0.64 0.24375 0.6433333 0.23854166 0.65166664 0.24427083 0.66083336 0.2484375 0.6591667 0.25 0.6483333 0.25364584 0.6475 0.25625 0.6408333 0.2625 0.6375 0.26666668 0.6333333 0.27083334 0.62333333 0.29895833 0.51666665 0.27447918 0.5283333 0.26510417 0.53333336
