17 0.49739584 0.8616667 0.53125 0.8591667 0.54479164 0.8591667 0.56145835 0.8525 0.575 0.85333335 0.55677086 0.8825 0.55572915 0.9175 0.5651042 0.9316667 0.5765625 0.9225 0.58020836 0.9241667 0.59270835 0.97 0.603125 1.0 0.446875 1.0 0.44947916 0.9091667 0.4546875 0.8958333 0.47447917 0.87333333 0.490625 0.8675 0.49479166 0.87
17 0.41145834 0.7325 0.4265625 0.755 0.43489584 0.77166665 0.4421875 0.79583335 0.45208332 0.80583334 0.45833334 0.79833335 0.4640625 0.7991667 0.509375 0.82416666 0.546875 0.855 0.5463542 0.8575 0.49791667 0.8616667 0.49427083 0.87 0.49166667 0.8666667 0.4765625 0.8725 0.4546875 0.895 0.44947916 0.9091667 0.44739583 1.0 0.40364584 1.0 0.37447917 0.97 0.36510417 0.9433333 0.35 0.9275 0.33489582 0.93333334 0.328125 0.9275 0.32291666 0.90416664 0.3234375 0.9008333 0.3421875 0.8425 0.35052082 0.8308333 0.35625 0.81166667 0.37135416 0.7866667 0.38489583 0.74916667 0.39427084 0.735 0.40052083 0.7325
17 0.709375 0.63416666 0.74635416 0.66583335 0.78229165 0.6825 0.8229167 0.6983333 0.8296875 0.71 0.83385414 0.7325 0.8333333 0.7391667 0.8109375 0.8575 0.80572915 0.8833333 0.7953125 0.91583335 0.78697914 0.92833334 0.7765625 0.9316667 0.753125 0.9141667 0.7057292 0.81416667 0.68541664 0.7708333 0.66875 0.7425 0.65416664 0.74083334 0.646875 0.74666667 0.5953125 0.82166666 0.590625 0.815 0.5854167 0.80083334 0.5859375 0.795 0.61145836 0.69416666 0.61927086 0.6625 0.6276042 0.66083336 0.6390625 0.65416664 0.6479167 0.6358333 0.6479167 0.5966667 0.6536458 0.59583336 0.6744792 0.61 0.6744792 0.615 0.6765625 0.61583334 0.6791667 0.6125 0.69322914 0.62333333
17 0.9135417 0.47083333 0.93072915 0.50916666 0.9557292 0.5883333 0.98125 0.655 0.9796875 0.675 0.9770833 0.685 0.92395836 0.71666664 0.87708336 0.71 0.87291664 0.7175 0.8734375 0.76 0.86510414 0.77166665 0.85729164 0.7708333 0.8546875 0.7683333 0.83958334 0.7316667 0.825 0.6975 0.82708335 0.69083333 0.84010416 0.60333335 0.84739584 0.5466667 0.8744792 0.55333334 0.8854167 0.545 0.89270836 0.53 0.9010417 0.46416667 0.91041666 0.46333334
17 0.6380208 0.46166667 0.66614586 0.45916668 0.6890625 0.4525 0.73802084 0.45166665 0.8052083 0.46333334 0.8151042 0.46666667 0.81822914 0.47333333 0.8203125 0.46916667 0.83229166 0.46916667 0.8432292 0.47333333 0.8546875 0.50333333 0.8463542 0.55333334 0.8276042 0.68833333 0.825 0.6983333 0.80833334 0.6925 0.759375 0.6716667 0.74427086 0.6641667 0.7078125 0.6325 0.6796875 0.6125 0.6765625 0.6166667 0.6744792 0.6166667 0.67552084 0.61 0.65416664 0.595 0.64739585 0.595 0.64479166 0.55833334 0.6578125 0.5316667 0.65625 0.5125 0.6484375 0.505 0.6380208 0.50166667 0.628125 0.48416665 0.6276042 0.47416666 0.63489586 0.46333334
17 0.5338542 0.42666668 0.55260414 0.425 0.55885416 0.4325 0.58802086 0.43083334 0.6125 0.42666668 0.6177083 0.42916667 0.63072914 0.45166665 0.63489586 0.4625 0.6276042 0.475 0.62864584 0.485 0.6375 0.5025 0.64166665 0.5025 0.6453125 0.5708333 0.6479167 0.6016667 0.6484375 0.6358333 0.63854164 0.655 0.6234375 0.6616667 0.61302084 0.6616667 0.603125 0.6533333 0.5796875 0.6533333 0.5697917 0.6591667 0.4953125 0.6716667 0.46197918 0.6775 0.45260417 0.66833335 0.44427082 0.65166664 0.44270834 0.615 0.5005208 0.5966667 0.51354164 0.5908333 0.5151042 0.58416665 0.51770836 0.5833333 0.51770836 0.5908333 0.54479164 0.5783333 0.55260414 0.56583333 0.5546875 0.55916667 0.55260414 0.5325
17 0.334375 0.5491667 0.3828125 0.4675 0.42916667 0.39666668 0.43229166 0.38 0.43229166 0.37333333 0.47135416 0.35083333 0.47604167 0.3525 0.47760418 0.34583333 0.50364584 0.33416668 0.50989586 0.33833334 0.51875 0.34583333 0.5328125 0.42416668 0.546875 0.49833333 0.55260414 0.5341667 0.5546875 0.56 0.54583335 0.5775 0.5182292 0.59 0.5182292 0.5825 0.51458335 0.58416665 0.51354164 0.59 0.4359375 0.6175 0.39479166 0.6308333 0.37395832 0.6141667 0.36614582 0.60333335 0.33697918 0.5625
17 0.20208333 0.42 0.21458334 0.40333334 0.21875 0.40416667 0.21875 0.3975 0.2484375 0.35 0.26145834 0.3375 0.27552083 0.3225 0.28489584 0.29583332 0.30260417 0.28333333 0.30885416 0.26583335 0.31041667 0.255 0.32083333 0.23166667 0.33072916 0.22916667 0.33958334 0.23166667 0.3609375 0.27333334 0.3765625 0.28833333 0.4140625 0.345 0.43229166 0.36916667 0.43229166 0.37416667 0.43229166 0.38 0.4296875 0.395 0.40260416 0.4375 0.36354166 0.49916667 0.31770834 0.5775 0.31614584 0.57916665 0.31302083 0.5783333 0.31354168 0.58666664 0.30052084 0.605 0.29010418 0.6016667 0.28333333 0.5975 0.23177083 0.51166666 0.2 0.44916666 0.19947916 0.43333334
17 0.0015625 0.29416665 0.053125 0.28583333 0.13020833 0.28166667 0.14166667 0.29416665 0.14479166 0.30666667 0.14895834 0.35583332 0.146875 0.38583332 0.13645834 0.44416666 0.134375 0.46666667 0.1375 0.48083332 0.15416667 0.48666668 0.16354166 0.5375 0.15989584 0.545 0.1609375 0.5491667 0.16510417 0.5516667 0.165625 0.5733333 0.15729167 0.59583336 0.072916664 0.6191667 0.0036458333 0.4875 0.0010416667 0.48083332 0.0052083335 0.46 0.0 0.34416667
17 0.1640625 0.030833334 0.21041666 0.11666667 0.215625 0.13083333 0.22864583 0.15666667 0.23541667 0.195 0.23645833 0.2275 0.23229167 0.2375 0.2265625 0.24166666 0.2203125 0.24 0.203125 0.22666667 0.19947916 0.22833334 0.2 0.29166666 0.18385416 0.35666665 0.15364583 0.425 0.14114584 0.425 0.14010416 0.425 0.14739583 0.38833332 0.14895834 0.35416666 0.1453125 0.305 0.14114584 0.29333332 0.1296875 0.28166667 0.046875 0.28583333 0.0359375 0.2875 0.0328125 0.27916667 0.034375 0.2675 0.0453125 0.24666667 0.051041666 0.24583334 0.050520834 0.24 0.09375 0.15916666 0.111979164 0.108333334 0.14895834 0.033333335 0.15260416 0.031666666
17 0.69947916 0.26833335 0.76666665 0.27583334 0.86927086 0.2925 0.8723958 0.29833335 0.87395835 0.29916668 0.87604165 0.2925 0.90729165 0.29833335 0.9140625 0.3075 0.91875 0.32166666 0.9010417 0.46833333 0.8921875 0.5316667 0.8854167 0.545 0.8734375 0.55333334 0.8484375 0.54583335 0.8546875 0.50333333 0.84375 0.47416666 0.834375 0.46916667 0.8208333 0.46916667 0.81875 0.47333333 0.815625 0.46583334 0.8072917 0.46333334 0.740625 0.45166665 0.6875 0.45166665 0.678125 0.45583335 0.6828125 0.33666667 0.6859375 0.28416666 0.69427085 0.27
17 0.51770836 0.0 0.53125 0.020833334 0.5421875 0.060833335 0.55052084 0.0725 0.55625 0.07 0.56666666 0.0825 0.625 0.16166666 0.625 0.165 0.628125 0.16833334 0.6302083 0.16833334 0.64635414 0.18666667 0.64739585 0.21583334 0.58177084 0.3325 0.55677086 0.37333333 0.5442708 0.37 0.52760416 0.35166666 0.52708334 0.34166667 0.521875 0.34416667 0.421875 0.19083333 0.39947918 0.15083334 0.4 0.13 0.42552084 0.09833334 0.44947916 0.05 0.484375 0.0
17 0.5578125 0.88166666 0.59166664 0.8275 0.6458333 0.7475 0.653125 0.74083334 0.66822916 0.7425 0.6848958 0.7708333 0.7359375 0.87833333 0.7640625 0.93833333 0.7640625 0.9475 0.771875 0.94666666 0.7828125 0.98083335 0.7828125 0.9975 0.60364586 1.0 0.59479165 0.97583336 0.58020836 0.9241667 0.57604164 0.9225 0.565625 0.9316667 0.55885416 0.9225 0.55572915 0.915 0.55625 0.89
