3 0.40208334 0.4775 0.34947917 0.4875 0.29479167 0.50166667 0.25052083 0.5158333 0.24375 0.5175 0.24895833 0.545 0.25989583 0.56666666 0.275 0.59166664 0.28020832 0.60833335 0.26197916 0.6116667 0.25625 0.615 0.26041666 0.645 0.27239582 0.64416665 0.2890625 0.6383333 0.29895833 0.6475 0.30833334 0.66 0.325 0.6616667 0.3359375 0.66833335 0.36041668 0.6666667 0.37552083 0.685 0.38333333 0.6816667 0.390625 0.66833335 0.39010417 0.6191667 0.3921875 0.54833335 0.39322916 0.5341667 0.40989584 0.52916664 0.41666666 0.5225 0.41666666 0.50333333 0.40833333 0.48666668
3 0.2546875 0.5125 0.25833333 0.48666668 0.25885418 0.45 0.26302084 0.38666666 0.26979166 0.35916665 0.28177083 0.34083334 0.2859375 0.32583332 0.2984375 0.30333334 0.30364582 0.29833335 0.31145832 0.3025 0.3234375 0.31083333 0.33541667 0.315 0.36666667 0.3325 0.40052083 0.35333332 0.42447916 0.36416668 0.446875 0.38083333 0.4546875 0.39 0.45885417 0.4025 0.44583333 0.46333334 0.44166666 0.47583333 0.41145834 0.49083334 0.4078125 0.485 0.40208334 0.47583333 0.37916666 0.48083332 0.34375 0.4875 0.3015625 0.49916667 0.27395833 0.50666666
3 0.1453125 0.65 0.14010416 0.62666667 0.14375 0.5991667 0.13541667 0.5875 0.12135417 0.5825 0.108333334 0.56 0.1015625 0.545 0.09375 0.53333336 0.0765625 0.5375 0.067708336 0.5366667 0.054166667 0.5275 0.055729166 0.51416665 0.07083333 0.49 0.0765625 0.47666666 0.088541664 0.47416666 0.10625 0.46416667 0.10572917 0.4475 0.10885417 0.42083332 0.11770833 0.39333335 0.1296875 0.355 0.1484375 0.375 0.19791667 0.43666667 0.22552083 0.4825 0.23802084 0.5083333 0.23541667 0.5233333 0.2171875 0.56916666 0.19791667 0.575 0.18489583 0.575 0.18854167 0.5858333 0.18697916 0.6016667 0.16822916 0.63416666 0.1546875 0.6525 0.14895834 0.6525
3 0.10625 0.4125 0.078125 0.395 0.0671875 0.38416666 0.06614583 0.36583334 0.071354166 0.34333333 0.0890625 0.3125 0.10729167 0.25666666 0.14010416 0.19666667 0.14947917 0.1875 0.15729167 0.1875 0.2203125 0.24666667 0.25208333 0.29166666 0.26510417 0.31666666 0.27291667 0.34583333 0.271875 0.35333332 0.26770833 0.36083335 0.26458332 0.37166667 0.25416666 0.36333334 0.2484375 0.365 0.24583334 0.40333334 0.246875 0.42666668 0.2453125 0.4575 0.23489584 0.48333332 0.23125 0.49083334 0.21354167 0.46 0.19635417 0.43166667 0.15989584 0.38666666 0.1296875 0.35333332 0.12760417 0.35416666 0.11354167 0.39916667
3 0.5140625 0.9558333 0.46510416 0.8833333 0.42291668 0.815 0.421875 0.80083334 0.42552084 0.7775 0.45677084 0.7391667 0.5161458 0.67583334 0.5265625 0.6716667 0.5364583 0.65416664 0.5463542 0.635 0.5552083 0.6308333 0.5677083 0.6308333 0.575 0.63666666 0.5828125 0.6591667 0.58697915 0.68 0.5776042 0.69666666 0.58802086 0.7033333 0.61510414 0.7191667 0.63489586 0.7375 0.6453125 0.74666667 0.6458333 0.7608333 0.59270835 0.85583335 0.55 0.92833334 0.53489584 0.9525 0.528125 0.9583333 0.52135414 0.95916665
3 0.53333336 0.655 0.5265625 0.65166664 0.525 0.64666665 0.534375 0.6458333 0.5385417 0.64 0.540625 0.56333333 0.54114586 0.5233333 0.5453125 0.48333332 0.55677086 0.45916668 0.5703125 0.44166666 0.6010417 0.42166665 0.61822915 0.42 0.65 0.43083334 0.69322914 0.4675 0.7 0.47416666 0.703125 0.48833334 0.69947916 0.5058333 0.6848958 0.55083334 0.66979164 0.5925 0.6546875 0.6225 0.653125 0.64166665 0.6510417 0.66 0.6333333 0.7275 0.63177085 0.7325 0.61302084 0.7158333 0.57916665 0.69666666 0.5885417 0.6791667 0.58125 0.65166664 0.57604164 0.63666666 0.56927085 0.63 0.55572915 0.63 0.5453125 0.63416666 0.53489584 0.65416664
3 0.453125 0.385 0.45208332 0.37166667 0.45260417 0.325 0.45052084 0.27333334 0.45416668 0.25916666 0.45625 0.28416666 0.45989582 0.30583334 0.48854166 0.2825 0.5 0.26666668 0.5125 0.25833333 0.525 0.2375 0.55052084 0.24166666 0.59583336 0.2575 0.6041667 0.32 0.61145836 0.37833333 0.61510414 0.41916665 0.5989583 0.42083332 0.5786458 0.43416667 0.56458336 0.42666668 0.5609375 0.4225 0.5546875 0.44333333 0.54791665 0.45583335 0.52552086 0.47833332 0.5072917 0.4925 0.4890625 0.50416666 0.48229167 0.48083332 0.45989582 0.40666667 0.45833334 0.39833334 0.45625 0.39083335
3 0.47447917 0.65833336 0.47291666 0.63416666 0.4734375 0.6066667 0.465625 0.6 0.45208332 0.605 0.4296875 0.58416665 0.421875 0.56916666 0.4109375 0.56416667 0.39739582 0.55833334 0.3921875 0.55 0.39427084 0.5341667 0.41145834 0.53 0.4171875 0.525 0.4171875 0.5025 0.41197917 0.49166667 0.4421875 0.47583333 0.45833334 0.4075 0.47916666 0.47166666 0.4875 0.505 0.49010417 0.505 0.51979166 0.485 0.5484375 0.45916668 0.55677086 0.44166666 0.5619792 0.425 0.578125 0.43416667 0.565625 0.44166666 0.5520833 0.46166667 0.5442708 0.485 0.5395833 0.54333335 0.5390625 0.6075 0.5026042 0.66583335 0.49375 0.67833334 0.48333332 0.6766667 0.47864583 0.66583335
3 0.38229167 0.3 0.31666666 0.28916666 0.3 0.28666666 0.296875 0.27333334 0.29635417 0.2425 0.30729166 0.16 0.31927082 0.06666667 0.3171875 0.0125 0.32239583 0.0 0.37395832 0.0 0.39166668 0.005 0.41354167 0.025 0.42083332 0.029166667 0.42552084 0.025833333 0.43229166 0.008333334 0.4375 0.0058333334 0.44635418 0.005 0.45260417 0.013333334 0.44895834 0.058333334 0.45052084 0.11083333 0.4515625 0.16666667 0.44947916 0.23166667 0.45052084 0.26333332 0.45 0.27583334 0.44947916 0.28833333 0.44791666 0.295 0.4390625 0.3025 0.43125 0.305
3 0.31302083 0.9116667 0.27604166 0.92333335 0.26354167 0.92833334 0.2546875 0.9175 0.25052083 0.90416664 0.25052083 0.6575 0.25260416 0.62333333 0.25572917 0.615 0.26041666 0.645 0.27239582 0.6458333 0.2875 0.6408333 0.29895833 0.6483333 0.309375 0.66083336 0.3265625 0.6625 0.33645833 0.67 0.35208333 0.66833335 0.3609375 0.6691667 0.36927083 0.68 0.37552083 0.68666667 0.384375 0.685 0.39166668 0.66833335 0.39114583 0.62333333 0.39375 0.6191667 0.403125 0.62583333 0.40833333 0.635 0.40520832 0.72333336 0.39791667 0.80833334 0.384375 0.91083336 0.37708333 0.9241667 0.36302084 0.9241667 0.35416666 0.9058333 0.3484375 0.88 0.33802083 0.8808333 0.33177084 0.9 0.32135418 0.9125
