1 0.0 0.5258333 0.0578125 0.5425 0.055208333 0.55833334 0.052604165 0.58 0.094791666 0.58666664 0.16822916 0.61083335 0.18020834 0.6141667 0.18125 0.63166666 0.1828125 0.63666666 0.17760417 0.66833335 0.16614583 0.7391667 0.15572916 0.73 0.088541664 0.7075 0.0 0.68083334
8 0.0 0.19333333 0.036979165 0.18583333 0.0625 0.17416666 0.06666667 0.20166667 0.065625 0.21666667 0.069270834 0.21916667 0.075 0.26333332 0.08229167 0.32666665 0.09010417 0.3675 0.1046875 0.36333334 0.10989583 0.38 0.1046875 0.3875 0.058854166 0.405 0.040104166 0.4125 0.0 0.43
9 0.031770833 0.0 0.07604167 0.0 0.0671875 0.2025 0.058333334 0.1475 0.041666668 0.043333333 0.044270832 0.041666668 0.0453125 0.038333334 0.040104166 0.035
9 0.09739583 0.22416666 0.06979167 0.21916667 0.08229167 0.32583332 0.09010417 0.3675 0.1046875 0.3625 0.103125 0.3425 0.098958336 0.33666667 0.09583333 0.31666666 0.09010417 0.26833335 0.09166667 0.2625 0.09791667 0.25583333 0.096354164 0.23583333
7 0.24322917 0.62666667 0.2046875 0.6175 0.1796875 0.6141667 0.096354164 0.5875 0.052604165 0.57916665 0.058333334 0.5391667 0.08125 0.46416667 0.09583333 0.40666667 0.10208333 0.38916665 0.10625 0.38583332 0.109375 0.38 0.10520833 0.3625 0.096354164 0.23583333 0.10104167 0.19833334 0.1046875 0.19916667 0.119791664 0.20583333 0.1421875 0.21666667 0.15520833 0.2225 0.18125 0.24166666 0.19166666 0.24916667 0.19947916 0.25166667 0.2171875 0.24916667 0.2234375 0.24833333 0.23802084 0.25333333 0.24739583 0.25833333 0.25677082 0.26083332 0.28229168 0.265 0.29739583 0.26583335 0.31041667 0.2675 0.3109375 0.27333334 0.30989584 0.29333332 0.30520833 0.30833334 0.28645834 0.405 0.2765625 0.43083334 0.27291667 0.44416666 0.27760416 0.4875 0.27552083 0.5275 0.275 0.5625 0.27708334 0.5883333 0.2765625 0.6066667 0.27135417 0.63 0.26875 0.6333333 0.2625 0.6333333 0.25572917 0.6325
2 0.35 0.0 0.3375 0.13333334 0.32708332 0.2575 0.32552084 0.28166667 0.3109375 0.2775 0.31041667 0.2675 0.29166666 0.26583335 0.25677082 0.26083332 0.240625 0.25416666 0.2234375 0.24833333 0.20885417 0.25 0.19895834 0.25083333 0.19114584 0.24833333 0.15572916 0.2225 0.1015625 0.1975 0.09791667 0.22416666 0.092708334 0.22333333 0.06875 0.21916667 0.065625 0.21666667 0.067708336 0.19 0.07604167 0.0
4 0.75677085 0.85333335 0.74375 0.8283333 0.7348958 0.8125 0.70625 0.8041667 0.68541664 0.8025 0.6703125 0.8175 0.6536458 0.84166664 0.6479167 0.85333335 0.64479166 0.87166667 0.6421875 0.8983333 0.64427084 0.9216667 0.646875 0.94666666 0.659375 0.9741667 0.6770833 0.9916667 0.69739586 0.99916667 0.71875 0.9925 0.74010414 0.9741667 0.7552083 0.9483333 0.76197916 0.93666667 0.7817708 0.9316667 0.8588542 0.93333334 0.8677083 0.92583334 0.86822915 0.8958333 0.8677083 0.8591667 0.8510417 0.85583335 0.7661458 0.85833335
3 0.99895835 0.47916666 0.8921875 0.46166667 0.8828125 0.46166667 0.87708336 0.4725 0.8744792 0.485 0.86041665 0.6475 0.853125 0.7675 0.85260415 0.7808333 0.85572916 0.79 0.88385415 0.79583335 0.9828125 0.815 0.99635416 0.8066667 1.0 0.77916664
12 0.60625 0.5708333 0.73333335 0.56333333 0.7484375 0.55583334 0.7859375 0.55583334 0.8119792 0.54583335 0.8354167 0.54583335 0.8364583 0.55583334 0.840625 0.56583333 0.83802086 0.5708333 0.8432292 0.5833333 0.84010416 0.5908333 0.84479165 0.5991667 0.8453125 0.605 0.8453125 0.61583334 0.84791666 0.62583333 0.846875 0.63666666 0.85052085 0.6408333 0.8489583 0.6483333 0.85052085 0.66083336 0.8484375 0.6641667 0.85052085 0.675 0.846875 0.68 0.85 0.68916667 0.8453125 0.6958333 0.7895833 0.6975 0.7328125 0.705 0.71875 0.7108333 0.68333334 0.7033333 0.628125 0.71416664 0.6088542 0.72083336 0.6098958 0.6933333 0.61041665 0.66833335 0.6078125 0.6191667 0.6046875 0.5783333
3 0.63645834 0.30916667 0.6625 0.30083334 0.6791667 0.30416667 0.6869792 0.32083333 0.690625 0.28583333 0.69739586 0.26166666 0.74895835 0.2075 0.75625 0.2025 0.76979166 0.2675 0.78489584 0.34333333 0.8072917 0.44 0.796875 0.4475 0.76770836 0.455 0.7427083 0.4575 0.73020834 0.48916668 0.69947916 0.5125 0.68125 0.5308333 0.6723958 0.52416664 0.6640625 0.4925 0.64635414 0.43083334 0.63125 0.335 0.6328125 0.325
19 0.2234375 1.0 0.21875 0.9825 0.21875 0.97 0.32447916 0.83666664 0.3328125 0.84 0.33072916 0.82916665 0.35364583 0.7991667 0.36302084 0.79833335 0.3734375 0.80583334 0.44739583 0.955 0.44739583 0.9625 0.440625 0.9816667 0.42708334 1.0
