3 0.2765625 0.6558333 0.24583334 0.6766667 0.209375 0.7183333 0.1921875 0.7475 0.18177083 0.7558333 0.1890625 0.7866667 0.2 0.8333333 0.20989583 0.8433333 0.2109375 0.87 0.2296875 0.90833336 0.23697917 0.945 0.2484375 0.95916665 0.2625 0.9475 0.27916667 0.9325 0.29322916 0.92833334 0.30416667 0.90416664 0.321875 0.86083335 0.3359375 0.8233333 0.31145832 0.7825 0.290625 0.7475 0.2765625 0.7266667 0.27916667 0.655
3 0.29375 0.9325 0.29583332 0.94916666 0.31041667 0.9625 0.33072916 0.9575 0.34114584 0.9533333 0.34739584 0.95166665 0.34947917 0.95416665 0.35 0.97333336 0.35104167 0.9841667 0.36197916 1.0 0.43177083 1.0 0.43854168 0.98333335 0.46770832 0.925 0.509375 0.85083336 0.5161458 0.835 0.515625 0.82416666 0.51354164 0.8175 0.4671875 0.77 0.46510416 0.78583336 0.453125 0.81666666 0.43645832 0.86583334 0.43072918 0.87833333 0.42708334 0.9025 0.42708334 0.9066667 0.41822916 0.9058333 0.40729168 0.8775 0.40572917 0.87 0.3796875 0.88 0.3765625 0.8833333 0.36822918 0.87833333 0.36614582 0.87833333 0.33697918 0.82666665 0.33541667 0.8283333 0.30520833 0.9058333 0.29427084 0.92833334
3 0.365625 0.66083336 0.3953125 0.6375 0.43541667 0.61583334 0.47708333 0.5683333 0.4953125 0.5466667 0.50625 0.5525 0.50625 0.565 0.4984375 0.59166664 0.5 0.6 0.52552086 0.6225 0.55 0.68083334 0.56145835 0.70916665 0.5609375 0.7291667 0.559375 0.7391667 0.52760416 0.7683333 0.49375 0.795 0.46875 0.7683333 0.47708333 0.69666666 0.46822917 0.68666667 0.45520833 0.68083334 0.4078125 0.6791667 0.3890625 0.6675 0.378125 0.6641667
3 0.29479167 0.63666666 0.30208334 0.56916666 0.3390625 0.5416667 0.39895833 0.52 0.41979167 0.49916667 0.42864582 0.51166666 0.428125 0.54583335 0.41510418 0.56166667 0.415625 0.57416666 0.425 0.5808333 0.44166666 0.5858333 0.45 0.5975 0.4359375 0.6116667 0.43333334 0.6125 0.39583334 0.6358333 0.36458334 0.66 0.36302084 0.6625 0.34166667 0.65416664 0.32916668 0.6483333 0.32864583 0.64166665 0.32447916 0.63166666 0.31822917 0.63166666 0.30052084 0.6408333 0.296875 0.64166665 0.29270834 0.64166665
3 0.30208334 0.6408333 0.31458333 0.63416666 0.31875 0.6325 0.32395834 0.63166666 0.328125 0.6425 0.32864583 0.6483333 0.31354168 0.6425 0.30208334 0.6425
3 1.0 0.24333334 0.95208335 0.2225 0.9401042 0.20916666 0.9427083 0.14833333 0.93177086 0.13166666 0.92604166 0.13166666 0.878125 0.2675 0.86145836 0.33666667 0.89375 0.36166668 0.9192708 0.40416667 0.92760414 0.44 0.9359375 0.455 0.9604167 0.46666667 0.97447914 0.45 0.9734375 0.41416666 0.971875 0.38416666 0.9869792 0.375 1.0 0.32333332
3 0.77916664 0.29083332 0.7572917 0.28333333 0.74635416 0.28 0.7338542 0.28166667 0.725 0.2975 0.725 0.34833333 0.7416667 0.35666665 0.7421875 0.36666667 0.7057292 0.43 0.69322914 0.45 0.69114584 0.46 0.69375 0.47166666 0.70729166 0.4825 0.7807292 0.5341667 0.8463542 0.57666665 0.8598958 0.57666665 0.86927086 0.57166666 0.8901042 0.495 0.9057292 0.42666668 0.90729165 0.40166667 0.90625 0.38666666 0.90625 0.38416666 0.89479166 0.36333334 0.86145836 0.33833334 0.8598958 0.33833334 0.86354166 0.3225 0.8046875 0.29833335
3 0.7296875 0.3525 0.71302086 0.36583334 0.7083333 0.37416667 0.7078125 0.3875 0.7125 0.41 0.71302086 0.41583332 0.73541665 0.37666667 0.74114585 0.36666667 0.74010414 0.35833332
3 0.7375 0.5075 0.7515625 0.5708333 0.7546875 0.58 0.7630208 0.58916664 0.7703125 0.58916664 0.8171875 0.55916667 0.78333336 0.5375 0.740625 0.5083333 0.7375 0.50666666
3 0.8901042 0.50083333 0.9244792 0.485 0.93177086 0.47333333 0.93177086 0.4525 0.92552084 0.43166667 0.91875 0.40333334 0.9067708 0.38333333 0.9078125 0.40416667 0.9057292 0.4275 0.8932292 0.48333332
3 0.8546875 0.3175 0.85364586 0.29666665 0.8697917 0.2975 0.86510414 0.31916666 0.8645833 0.32166666 0.85729164 0.31916666
3 0.36770833 0.8775 0.30208334 0.7633333 0.278125 0.72833335 0.28125 0.65416664 0.2875 0.645 0.30208334 0.6433333 0.3140625 0.6433333 0.35989583 0.6616667 0.38645834 0.66833335 0.40885416 0.6816667 0.43645832 0.6825 0.45572916 0.68333334 0.46927083 0.68916667 0.4765625 0.69666666 0.47083333 0.74916667 0.46458334 0.7816667 0.440625 0.85083336 0.4296875 0.88166666 0.42604166 0.90416664 0.41822916 0.905 0.40833333 0.87416667 0.40677083 0.8666667 0.39375 0.87166667 0.3765625 0.88
