6 0.15260416 0.34166667 0.17916666 0.345 0.16822916 0.35166666 0.15364583 0.3775
6 0.1828125 0.345 0.22083333 0.35333332 0.24166666 0.35666665 0.25625 0.35666665 0.25729167 0.3625 0.25520834 0.38583332 0.24479167 0.4325 0.2375 0.465 0.2390625 0.4775 0.24114583 0.49333334 0.24479167 0.505 0.246875 0.5133333 0.24739583 0.5275 0.25208333 0.55583334 0.25260416 0.55916667 0.246875 0.5808333 0.215625 0.5833333 0.18072917 0.5825 0.14895834 0.5808333 0.1484375 0.575 0.16302083 0.55916667 0.18229167 0.54 0.19427083 0.5283333 0.21510416 0.51916665 0.22552083 0.51166666 0.22395833 0.505 0.20729166 0.45333335 0.19791667 0.42416668 0.18125 0.34416667
6 0.26614583 0.19666667 0.30989584 0.1425 0.353125 0.096666664 0.35989583 0.111666664 0.37395832 0.16916667 0.37708333 0.18166667 0.39166668 0.21416667 0.41927084 0.275 0.42916667 0.3025 0.42708334 0.31083333 0.39166668 0.34583333 0.33802083 0.40333334 0.32864583 0.37916666 0.32447916 0.35916665 0.31770834 0.32833335 0.31354168 0.29166666 0.29427084 0.26166666 0.26927084 0.21166667 0.26510417 0.2
6 0.36979166 0.14166667 0.37864584 0.1375 0.3984375 0.1275 0.41354167 0.11083333 0.41822916 0.123333335 0.42083332 0.14 0.41927084 0.15166667 0.42291668 0.17583333 0.42395833 0.1975 0.43697917 0.24583334 0.44166666 0.2725 0.45520833 0.3125 0.4578125 0.32083333 0.45833334 0.3275 0.44635418 0.33083335 0.43854168 0.3375 0.428125 0.3475 0.4109375 0.37 0.39479166 0.38333333 0.36770833 0.4025 0.35833332 0.38166666 0.40364584 0.33333334 0.42708334 0.31 0.42864582 0.3025 0.41927084 0.27583334 0.3765625 0.18 0.36770833 0.14333333
6 0.45520833 0.35 0.465625 0.34333333 0.49166667 0.34083334 0.503125 0.33916667 0.51666665 0.32666665 0.55625 0.32083333 0.5755208 0.29666665 0.5854167 0.2925 0.5989583 0.33666667 0.6166667 0.4025 0.6296875 0.4575 0.6223958 0.46583334 0.609375 0.46833333 0.55833334 0.4775 0.54583335 0.47833332 0.53333336 0.47583333 0.51458335 0.49583334 0.4953125 0.51916665 0.48645833 0.52416664 0.47708333 0.4775 0.46354166 0.3825
6 0.44479167 0.50083333 0.45572916 0.5 0.46197918 0.505 0.4859375 0.52 0.48645833 0.52416664 0.4890625 0.5225 0.51770836 0.5375 0.5307292 0.54833335 0.553125 0.55 0.578125 0.55333334 0.5885417 0.56 0.57708335 0.62666667 0.56875 0.67333335 0.5572917 0.73583335 0.54322916 0.7291667 0.53541666 0.72 0.5161458 0.70916665 0.46666667 0.6775 0.45052084 0.67333335 0.440625 0.67583334 0.425 0.67583334 0.41041666 0.66833335 0.42135417 0.6116667 0.43645832 0.5341667
6 0.52239585 0.54083335 0.5296875 0.5341667 0.5390625 0.5308333 0.54583335 0.55 0.53125 0.54833335
6 0.571875 0.6625 0.578125 0.69666666 0.5755208 0.7008333 0.5625 0.7058333 0.5708333 0.6616667
6 0.43020833 0.7416667 0.43697917 0.73833334 0.43854168 0.7341667 0.4265625 0.67583334 0.44114584 0.675 0.45052084 0.6725 0.46666667 0.6775 0.5151042 0.70916665 0.484375 0.73 0.44739583 0.76166666 0.4359375 0.765
6 0.4125 0.5925 0.41666666 0.5908333 0.42552084 0.58916664 0.41927084 0.62333333 0.41302082 0.59583336
6 0.296875 0.5441667 0.33125 0.5258333 0.36458334 0.5133333 0.39114583 0.50333333 0.40052083 0.49833333 0.40364584 0.50666666 0.40625 0.5283333 0.40885416 0.5808333 0.41197917 0.5941667 0.41927084 0.6225 0.41041666 0.66833335 0.42447916 0.675 0.4265625 0.67583334 0.4328125 0.70666665 0.43854168 0.7341667 0.43697917 0.73833334 0.42135417 0.745 0.38385418 0.76 0.37083334 0.7625 0.33177084 0.7816667 0.32864583 0.76916665 0.32708332 0.76416665 0.32864583 0.75416666 0.32291666 0.68833333 0.32083333 0.66083336 0.31458333 0.63416666 0.3078125 0.6066667 0.29739583 0.56333333 0.29583332 0.5516667
6 0.28489584 0.6225 0.30989584 0.61583334 0.32135418 0.6616667 0.32239583 0.68 0.328125 0.74583334 0.32864583 0.75416666 0.32708332 0.76416665 0.33177084 0.7825 0.3703125 0.7625 0.38385418 0.75916666 0.40052083 0.7525 0.403125 0.7725 0.4109375 0.80583334 0.4125 0.82 0.41145834 0.83916664 0.38489583 0.84166664 0.3578125 0.8425 0.34427083 0.83666664 0.33854166 0.8358333 0.32291666 0.83916664 0.3109375 0.8491667 0.30625 0.8375 0.303125 0.755 0.29947916 0.68583333 0.2890625 0.6566667 0.2859375 0.6475 0.2828125 0.62833333 0.2828125 0.625
6 0.08020833 0.44 0.09375 0.4325 0.12916666 0.4175 0.15625 0.37333333 0.165625 0.35666665 0.16822916 0.3525 0.18125 0.34416667 0.19479166 0.40916666 0.19791667 0.42416668 0.22395833 0.505 0.22552083 0.51166666 0.21510416 0.51916665 0.19479166 0.5283333 0.171875 0.55083334 0.14166667 0.5825 0.1375 0.5908333 0.12552084 0.59833336 0.121875 0.59166664 0.10625 0.52916664 0.090625 0.48333332 0.080729164 0.44666666
