2 0.1953125 0.9325 0.19895834 0.955 0.20572917 0.9816667 0.21145834 1.0 0.23229167 0.9891667 0.2421875 0.9825 0.24322917 0.9775 0.24427083 0.9766667 0.24635416 0.98 0.2640625 0.9691667 0.30729166 0.945 0.28697917 0.91833335 0.27916667 0.91 0.24270834 0.96166664 0.22708334 0.98583335 0.2171875 0.9683333 0.19583334 0.93083334
2 0.16927083 0.6741667 0.17291667 0.6475 0.18125 0.5991667 0.18802084 0.5516667 0.19479166 0.50166667 0.19583334 0.48916668 0.234375 0.50166667 0.23489584 0.50666666 0.2359375 0.50666666 0.2375 0.50333333 0.27708334 0.51916665 0.26614583 0.53583336 0.265625 0.54083335 0.26458332 0.5425 0.26145834 0.54083335 0.2265625 0.5925 0.19791667 0.63416666 0.16927083 0.67583334
2 0.32447916 0.9633333 0.31666666 0.9558333 0.3078125 0.94416666 0.29791668 0.93333334 0.28645834 0.91833335 0.25625 0.8825 0.24270834 0.865 0.21822916 0.835 0.18802084 0.7975 0.17552084 0.7825 0.17760417 0.77666664 0.1875 0.76166666 0.20885417 0.7216667 0.24375 0.65833336 0.25260416 0.64166665 0.2734375 0.6 0.31197917 0.5283333 0.315625 0.5233333 0.31822917 0.525 0.31979167 0.52416664 0.31979167 0.52166665 0.31822917 0.5183333 0.33333334 0.49083334 0.34427083 0.4725 0.35989583 0.49333334 0.39270833 0.5366667 0.44427082 0.6066667 0.47708333 0.65 0.4796875 0.655 0.48020834 0.65833336 0.4734375 0.6725 0.45833334 0.70416665 0.45677084 0.7033333 0.45572916 0.705 0.45520833 0.71 0.45052084 0.7183333 0.43854168 0.7416667 0.41041666 0.795 0.38229167 0.85 0.36666667 0.87916666 0.34947917 0.915 0.33177084 0.95166665
2 0.38229167 0.8525 0.39166668 0.855 0.39375 0.8541667 0.3984375 0.81916666 0.3890625 0.8375 0.38125 0.8516667
2 0.346875 0.92333335 0.359375 0.915 0.3734375 0.9075 0.38385418 0.90166664 0.40052083 0.8925 0.421875 0.88166666 0.434375 0.87583333 0.4296875 0.8491667 0.41770834 0.7825 0.3984375 0.81916666 0.39375 0.8541667 0.39166668 0.8541667 0.38177082 0.8516667 0.36510417 0.88166666 0.3453125 0.9241667
2 0.59375 0.2975 0.60729164 0.36916667 0.6171875 0.42666668 0.62291664 0.45916668 0.63385415 0.5233333 0.64166665 0.57166666 0.6432292 0.57916665 0.6765625 0.56416667 0.6770833 0.56083333 0.6791667 0.5625 0.69322914 0.5566667 0.725 0.5416667 0.77916664 0.515 0.8 0.5025 0.8125 0.49333334 0.8453125 0.47666666 0.85260415 0.47416666 0.8567708 0.47166666 0.8619792 0.465 0.8640625 0.46083334 0.8640625 0.44416666 0.8619792 0.41916665 0.8578125 0.38833332 0.8520833 0.3625 0.8510417 0.35083333 0.8484375 0.31583333 0.8421875 0.27166668 0.834375 0.215 0.83229166 0.19083333 0.821875 0.19416666 0.7953125 0.20583333 0.74375 0.2275 0.70989585 0.2425 0.6744792 0.25833333 0.63125 0.2775 0.63072914 0.2825 0.6296875 0.2825 0.6265625 0.28 0.603125 0.29 0.596875 0.29333332
2 0.60572916 0.2875 0.5911458 0.28833333 0.5911458 0.33333334 0.5911458 0.34916666 0.6020833 0.34083334 0.59375 0.2975 0.596875 0.29333332 0.60729164 0.28833333
2 0.6015625 0.34166667 0.5911458 0.34833333 0.5833333 0.35416666 0.58125 0.35916665 0.58125 0.3625 0.58697915 0.38083333 0.60052085 0.42583334 0.6125 0.46416667 0.62395835 0.50333333 0.6333333 0.53333336 0.63697916 0.545 0.6354167 0.535 0.62864584 0.495 0.61875 0.4375 0.6088542 0.37833333 0.60260415 0.34416667 0.6020833 0.34
2 0.5911458 0.39666668 0.59166664 0.44833332 0.5921875 0.49583334 0.5942708 0.5525 0.59583336 0.5708333 0.61302084 0.5725 0.64166665 0.57166666 0.63697916 0.545 0.63177085 0.52916664 0.6197917 0.49 0.60572916 0.4425 0.59166664 0.39583334
2 0.64635414 0.5783333 0.65520835 0.6075 0.659375 0.62083334 0.6901042 0.5975 0.68958336 0.59166664 0.69114584 0.59166664 0.69375 0.595 0.7192708 0.5725 0.7484375 0.545 0.77447915 0.5233333 0.7890625 0.51 0.77916664 0.515 0.7583333 0.525 0.71875 0.545 0.690625 0.55833334 0.6796875 0.56333333 0.67760414 0.56 0.67604166 0.565 0.64635414 0.5775
2 0.725 0.5675 0.74427086 0.5675 0.7572917 0.56666666 0.79375 0.56666666 0.79479164 0.56416667 0.7963542 0.565 0.7963542 0.5675 0.8286458 0.565 0.83385414 0.5625 0.83020836 0.5275 0.828125 0.48583335 0.8125 0.49416667 0.8 0.50333333 0.7890625 0.51 0.7729167 0.525 0.7526042 0.5416667 0.728125 0.56416667
2 0.75625 0.22166666 0.77552086 0.20666666 0.7796875 0.20333333 0.7828125 0.20083334 0.7885417 0.195 0.7921875 0.2075 0.75989586 0.22083333 0.75625 0.2225
2 0.11302083 0.76916665 0.123958334 0.75333333 0.12552084 0.74333334 0.1421875 0.71666664 0.178125 0.6625 0.2140625 0.6116667 0.2484375 0.56083333 0.26197916 0.54083335 0.2640625 0.5416667 0.265625 0.5416667 0.26614583 0.5366667 0.29375 0.49583334 0.29479167 0.49583334 0.303125 0.5108333 0.3125 0.5275 0.27291667 0.6 0.24739583 0.65166664 0.22239584 0.6958333 0.20208333 0.735 0.18697916 0.76166666 0.175 0.7816667 0.19114584 0.80083334 0.20833333 0.8225 0.22864583 0.8475 0.25416666 0.8808333 0.27916667 0.91 0.26666668 0.9275 0.25052083 0.9508333 0.23125 0.9791667 0.2265625 0.9866667 0.21770833 0.9691667 0.19635417 0.9316667 0.17291667 0.8933333 0.15052083 0.85583335 0.13541667 0.8308333 0.11770833 0.7866667 0.11302083 0.77166665
