3 0.5385417 0.6641667 0.51979166 0.66083336 0.46614584 0.6666667 0.44947916 0.6666667 0.4390625 0.6525 0.44322917 0.6375 0.44947916 0.6191667 0.44739583 0.5975 0.44583333 0.5683333 0.44947916 0.5525 0.45052084 0.5275 0.45520833 0.50916666 0.453125 0.4775 0.4546875 0.465 0.471875 0.46 0.4765625 0.48083332 0.48229167 0.4875 0.49947917 0.45666668 0.51354164 0.42916667 0.5260417 0.4225 0.5286458 0.42666668 0.53802085 0.4775 0.56354165 0.6225 0.5703125 0.66333336 0.57135415 0.6775 0.5630208 0.68583333 0.55364585 0.67583334 0.5520833 0.6666667
3 0.5989583 0.54083335 0.6145833 0.5466667 0.6359375 0.56 0.6515625 0.56666666 0.6692708 0.57916665 0.6958333 0.5975 0.7270833 0.615 0.7552083 0.625 0.76354164 0.61833334 0.77708334 0.5441667 0.7942708 0.42666668 0.79375 0.4 0.7859375 0.3875 0.7583333 0.3775 0.74322915 0.37666667 0.7203125 0.37083334 0.709375 0.36333334 0.6848958 0.3625 0.66302085 0.3425 0.6484375 0.3325 0.634375 0.33333334 0.6244792 0.35166666 0.6197917 0.38083333 0.6125 0.4275 0.6166667 0.48833334 0.61614585 0.50083333 0.60260415 0.5058333 0.5953125 0.51166666 0.5932292 0.5208333 0.5932292 0.5316667
3 0.34322917 0.68083334 0.38697916 0.5466667 0.4125 0.4625 0.38958332 0.44166666 0.35572916 0.41166666 0.32239583 0.38083333 0.30625 0.36666667 0.30520833 0.36166668 0.2953125 0.37083334 0.29322916 0.40083334 0.29739583 0.41916665 0.29791668 0.43666667 0.28645834 0.45 0.27447918 0.465 0.271875 0.48833334 0.26875 0.50666666 0.25520834 0.5075 0.23958333 0.50666666 0.23020834 0.5108333 0.22916667 0.5225 0.2359375 0.5366667 0.2609375 0.5683333 0.28541666 0.5925 0.32395834 0.64166665 0.32760417 0.65833336 0.33177084 0.67083335 0.34010416 0.685
3 0.26614583 0.575 0.25104168 0.5908333 0.2453125 0.60333335 0.24635416 0.6166667 0.26145834 0.65416664 0.28385416 0.6983333 0.29427084 0.69916666 0.30520833 0.69916666 0.309375 0.7058333 0.3 0.7241667 0.29322916 0.74 0.2921875 0.75666666 0.29583332 0.775 0.3046875 0.7775 0.36927083 0.74583334 0.44114584 0.6975 0.46822917 0.675 0.47239584 0.66833335 0.44947916 0.6691667 0.44270834 0.6591667 0.4375 0.65166664 0.44895834 0.6191667 0.44427082 0.56416667 0.44583333 0.56 0.43489584 0.52 0.41666666 0.46583334 0.4140625 0.46333334 0.38854167 0.5475 0.35416666 0.64916664 0.34322917 0.68333334 0.33958334 0.68666667 0.33072916 0.67333335 0.3234375 0.6425 0.28072917 0.5908333
3 0.114583336 0.60833335 0.10885417 0.64416665 0.10520833 0.6825 0.10572917 0.7608333 0.11302083 0.8541667 0.11770833 0.8958333 0.1234375 0.90833336 0.14895834 0.91 0.21927084 0.8933333 0.253125 0.88416666 0.26927084 0.87666667 0.27552083 0.8641667 0.27135417 0.8383333 0.26458332 0.7608333 0.259375 0.73 0.24479167 0.68583333 0.24947916 0.655 0.23541667 0.605 0.2265625 0.59833336 0.20572917 0.5925 0.18385416 0.59583336 0.14895834 0.63916665 0.14166667 0.6433333 0.13385417 0.6175 0.12447917 0.605
3 0.1015625 0.62166667 0.079166666 0.60583335 0.0296875 0.5575 0.016666668 0.55583334 0.0052083335 0.54 0.003125 0.5283333 0.03125 0.44416666 0.055208333 0.40333334 0.0984375 0.36083335 0.110416666 0.35583332 0.16875 0.41833332 0.19479166 0.45833334 0.21666667 0.48916668 0.22135417 0.495 0.21458334 0.52 0.19791667 0.5133333 0.19010417 0.5133333 0.18645833 0.5225 0.1921875 0.545 0.19583334 0.5683333 0.19791667 0.5925 0.18385416 0.595 0.159375 0.625 0.15 0.63416666 0.14166667 0.64166665 0.13489583 0.6141667 0.12291667 0.6025 0.11354167 0.6075 0.110416666 0.62333333 0.10885417 0.62833333
3 0.47916666 0.27083334 0.46197918 0.25166667 0.42760417 0.22333333 0.43072918 0.18 0.4328125 0.13416667 0.43958333 0.071666665 0.43958333 0.04083333 0.44270834 0.016666668 0.45520833 0.00083333335 0.49427083 0.009166666 0.5130208 0.046666667 0.5541667 0.15833333 0.5651042 0.1875 0.5677083 0.19 0.56458336 0.21 0.5546875 0.22083333 0.55677086 0.2325 0.56875 0.24916667 0.5697917 0.2625 0.5572917 0.25833333 0.5265625 0.26666668 0.5052083 0.27333334 0.49010417 0.27416667
3 0.428125 0.185 0.40625 0.185 0.38385418 0.18833333 0.37604168 0.19166666 0.37708333 0.20416667 0.38645834 0.25916666 0.40052083 0.29666665 0.40364584 0.3075 0.39635417 0.30833334 0.38854167 0.30333334 0.38229167 0.31083333 0.3765625 0.345 0.375 0.35 0.37916666 0.36833334 0.3828125 0.37416667 0.39375 0.385 0.41197917 0.385 0.41666666 0.38 0.421875 0.37916666 0.43489584 0.38833332 0.45625 0.39583334 0.48125 0.40666667 0.51458335 0.41416666 0.5385417 0.41833332 0.5494792 0.415 0.5546875 0.40666667 0.55833334 0.39416668 0.55625 0.29583332 0.55625 0.26083332 0.515625 0.27166668 0.49270833 0.275 0.48333332 0.27333334 0.478125 0.2725 0.45885417 0.2525 0.4265625 0.22416666
3 0.7 0.31333333 0.68385416 0.28833333 0.6635417 0.27583334 0.6567708 0.26833335 0.64947915 0.2425 0.6411458 0.23583333 0.62864584 0.24083333 0.6078125 0.21166667 0.60052085 0.2 0.59166664 0.20916666 0.59583336 0.165 0.60729164 0.1375 0.609375 0.1075 0.65052086 0.023333333 0.659375 0.0058333334 0.6723958 0.0058333334 0.69166666 0.036666665 0.7109375 0.071666665 0.715625 0.090833336 0.71510416 0.123333335 0.7328125 0.11333334 0.74375 0.115 0.75885415 0.123333335 0.77135414 0.14416666 0.7661458 0.17166667 0.7338542 0.26833335 0.71510416 0.32 0.7104167 0.32083333
3 0.58177084 0.98833334 0.5296875 0.9175 0.49895832 0.87 0.484375 0.8516667 0.48229167 0.8375 0.48645833 0.8258333 0.50416666 0.79583335 0.55260414 0.72 0.5734375 0.7058333 0.59270835 0.66833335 0.609375 0.6425 0.61822915 0.6408333 0.6276042 0.6458333 0.6359375 0.6791667 0.6401042 0.6875 0.6588542 0.72 0.6609375 0.7275 0.659375 0.7575 0.6635417 0.76916665 0.6734375 0.76 0.68854165 0.75666666 0.70416665 0.7658333 0.7114583 0.78 0.7046875 0.7991667 0.6848958 0.8233333 0.65625 0.88416666 0.621875 0.94416666 0.5942708 0.99083334 0.58489585 0.99333334
