18 0.26822916 0.42083332 0.25677082 0.40333334 0.253125 0.3975 0.2296875 0.37916666 0.22291666 0.37666667 0.21302083 0.38583332 0.203125 0.42583334 0.16666667 0.605 0.1515625 0.69916666 0.15885417 0.72583336 0.228125 0.75166667 0.28020832 0.7725 0.290625 0.7633333 0.29427084 0.75333333 0.30625 0.67833334 0.31614584 0.60833335 0.32916668 0.5075 0.33645833 0.44916666 0.33645833 0.4375 0.3328125 0.42916667 0.32708332 0.41916665 0.2796875 0.41 0.27395833 0.4125 0.2703125 0.42333335
18 0.42552084 0.68333334 0.38489583 0.6775 0.37239584 0.6725 0.346875 0.67 0.3296875 0.67 0.30885416 0.6616667 0.29427084 0.75333333 0.29114583 0.76166666 0.28125 0.77166665 0.25208333 0.76166666 0.24427083 0.8641667 0.25260416 0.8833333 0.3203125 0.8908333 0.346875 0.8908333 0.38385418 0.9025 0.453125 0.9141667 0.46041667 0.9075 0.46666667 0.8975 0.46875 0.87 0.41354167 0.84 0.40416667 0.8308333 0.39739582 0.8125 0.39791667 0.79833335 0.42395833 0.6875
18 0.44895834 0.5858333 0.43333334 0.6533333 0.42447916 0.68416667 0.39791667 0.79833335 0.396875 0.81333333 0.4015625 0.82416666 0.40416667 0.83166665 0.41614583 0.8408333 0.4671875 0.86833334 0.49114582 0.8808333 0.5052083 0.8883333 0.5161458 0.89 0.52552086 0.88416666 0.53125 0.875 0.5375 0.85 0.5515625 0.7866667 0.55625 0.7608333 0.5765625 0.6716667 0.59010416 0.6075 0.5046875 0.61583334 0.49739584 0.61083335 0.49010417 0.5966667 0.48854166 0.53 0.46927083 0.5783333 0.45885417 0.585
18 0.34114584 0.47916666 0.3375 0.51 0.33333334 0.6433333 0.334375 0.6591667 0.33697918 0.6691667 0.3734375 0.6716667 0.38385418 0.6766667 0.425 0.68333334 0.43125 0.6616667 0.44583333 0.59833336 0.44895834 0.585 0.41666666 0.55583334 0.3703125 0.5083333 0.35 0.48333332 0.34739584 0.46916667 0.34635416 0.45333335 0.359375 0.42583334 0.37552083 0.385 0.39947918 0.33666667 0.34895834 0.33666667 0.34166667 0.34333333 0.33645833 0.36083335 0.3375 0.41333333 0.34166667 0.45
18 0.40833333 0.10583334 0.40104166 0.1075 0.39427084 0.11333334 0.3515625 0.16583334 0.2984375 0.22833334 0.28072917 0.2475 0.24375 0.28833333 0.23854166 0.305 0.240625 0.32833335 0.27135417 0.3925 0.2796875 0.41 0.32708332 0.41833332 0.3359375 0.43666667 0.33645833 0.45 0.3328125 0.47333333 0.34166667 0.465 0.34114584 0.45083332 0.3375 0.40833333 0.3359375 0.36083335 0.34166667 0.34416667 0.34895834 0.33666667 0.4 0.33666667 0.42083332 0.2925 0.42239583 0.275 0.43385416 0.24666667 0.44791666 0.20083334 0.45520833 0.19 0.42395833 0.1175 0.415625 0.1075
18 0.50885415 0.22166666 0.4765625 0.1925 0.46614584 0.1875 0.45625 0.19 0.4484375 0.2 0.43385416 0.2475 0.42239583 0.27666667 0.42135417 0.29083332 0.37916666 0.3775 0.34635416 0.45416668 0.34791666 0.47083333 0.35052082 0.48416665 0.3765625 0.51416665 0.43125 0.57 0.44947916 0.5858333 0.459375 0.5858333 0.46927083 0.5783333 0.490625 0.5233333 0.5328125 0.415 0.5395833 0.38833332 0.55260414 0.36083335 0.56927085 0.32 0.57239586 0.29833335 0.56666666 0.28166667
18 0.54583335 0.14083333 0.5182292 0.1375 0.5015625 0.1375 0.46197918 0.12833333 0.4546875 0.1275 0.44270834 0.14 0.44166666 0.145 0.44166666 0.15583333 0.45520833 0.18916667 0.4671875 0.18666667 0.47864583 0.19333333 0.50885415 0.22166666 0.56666666 0.28166667 0.571875 0.29583332 0.5703125 0.31916666 0.55052084 0.365 0.5786458 0.37333333 0.60520834 0.37833333 0.58229166 0.28583333 0.57135415 0.24666667 0.5630208 0.20333333 0.55364585 0.18 0.5473958 0.14916667 0.55 0.14083333
18 0.6088542 0.395 0.58802086 0.3875 0.5416667 0.38333333 0.5395833 0.38916665 0.53333336 0.41333333 0.5151042 0.46083334 0.48854166 0.5308333 0.490625 0.5966667 0.49739584 0.61 0.50364584 0.6166667 0.5989583 0.60583335 0.64635414 0.595 0.64947915 0.5475 0.6510417 0.5316667 0.6546875 0.5175 0.6625 0.43583333 0.640625 0.44916666 0.6302083 0.4475 0.62083334 0.44083333 0.6166667 0.43083334
18 0.7369792 0.65416664 0.72239584 0.64416665 0.6791667 0.61833334 0.65520835 0.6125 0.64635414 0.59583336 0.5911458 0.6066667 0.5890625 0.61 0.57708335 0.66833335 0.55572915 0.7625 0.55260414 0.7816667 0.578125 0.7966667 0.6145833 0.81583333 0.628125 0.825 0.6536458 0.84166664 0.68333334 0.8616667 0.6921875 0.8616667 0.7015625 0.855 0.7036458 0.8466667 0.70989585 0.815 0.71510416 0.795 0.7296875 0.7291667 0.7447917 0.6791667 0.74322915 0.6666667
18 0.8197917 0.455 0.80052084 0.44583333 0.7953125 0.4475 0.79322916 0.4675 0.790625 0.48666668 0.78489584 0.5283333 0.7817708 0.61583334 0.77552086 0.63 0.76979166 0.635 0.7578125 0.635 0.74010414 0.7341667 0.7359375 0.7633333 0.740625 0.78 0.7453125 0.7866667 0.86145836 0.8325 0.8744792 0.81916666 0.8828125 0.74916667 0.8833333 0.73583335 0.88177085 0.7058333 0.88697916 0.67583334 0.89947915 0.64416665 0.9125 0.595 0.9244792 0.5208333 0.9166667 0.49833333 0.8802083 0.48166665 0.8734375 0.47916666 0.8666667 0.495 0.85729164 0.49833333 0.85 0.49666667 0.8333333 0.47416666 0.82447916 0.46416667
18 0.6890625 0.26166666 0.6791667 0.27166668 0.6765625 0.27833334 0.66770834 0.38916665 0.66302085 0.43583333 0.6546875 0.51916665 0.65052086 0.535 0.64635414 0.5933333 0.6557292 0.61333334 0.6692708 0.61583334 0.68541664 0.62083334 0.7604167 0.635 0.7708333 0.635 0.77708334 0.62916666 0.78229165 0.6166667 0.78229165 0.5991667 0.78489584 0.5258333 0.79375 0.46416667 0.79479164 0.4475 0.796875 0.44583333 0.79895836 0.42916667 0.72291666 0.3475 0.709375 0.32833335 0.6958333 0.30833334 0.6947917 0.28583333 0.7026042 0.2675
18 0.6614583 0.061666667 0.60833335 0.090833336 0.56927085 0.1125 0.55885416 0.119166665 0.553125 0.1275 0.5494792 0.14 0.546875 0.14916667 0.553125 0.17833333 0.56354165 0.2025 0.571875 0.25083333 0.5859375 0.30083334 0.60520834 0.37833333 0.6088542 0.395 0.6171875 0.43166667 0.62135416 0.44 0.63177085 0.4475 0.6411458 0.44916666 0.6625 0.43583333 0.6640625 0.42583334 0.66770834 0.38916665 0.6765625 0.27666667 0.68072915 0.27 0.68958336 0.26083332 0.7026042 0.2675 0.7125 0.245 0.6927083 0.1575 0.68645835 0.14 0.6765625 0.07083333
18 0.7760417 0.12583333 0.76354164 0.13 0.7338542 0.19416666 0.71197915 0.245 0.6953125 0.28416666 0.6958333 0.30916667 0.70625 0.32333332 0.725 0.35083333 0.803125 0.43333334 0.81875 0.4525 0.82395834 0.46416667 0.85052085 0.49833333 0.8619792 0.49833333 0.8671875 0.49416667 0.878125 0.4675 0.90520835 0.40833333 0.92395836 0.36666667 0.9375 0.345 0.9369792 0.33 0.9348958 0.32083333 0.9296875 0.315 0.8989583 0.2825 0.809375 0.16833334 0.7828125 0.13
18 0.19010417 0.14833333 0.1234375 0.2875 0.08229167 0.37166667 0.0609375 0.41166666 0.061979167 0.42583334 0.0671875 0.44083333 0.09583333 0.46833333 0.1140625 0.49 0.153125 0.5366667 0.165625 0.55083334 0.17760417 0.55 0.20364584 0.4225 0.21302083 0.38666666 0.22291666 0.3775 0.22916667 0.37916666 0.25416666 0.39833334 0.26458332 0.37833333 0.24947916 0.34583333 0.24010417 0.32666665 0.23802084 0.30416667 0.24270834 0.29 0.28489584 0.245 0.2125 0.15583333 0.20729166 0.15
