18 0.30416667 0.065 0.35364583 0.14583333 0.38072917 0.20083334 0.38645834 0.2125 0.38541666 0.23333333 0.38072917 0.245 0.3359375 0.29916668 0.3125 0.33416668 0.30416667 0.3475 0.28541666 0.35416666 0.25677082 0.36083335 0.21979167 0.3675 0.20833333 0.37083334 0.20416667 0.375 0.2 0.39666668 0.19270833 0.39 0.14947917 0.3025 0.14427084 0.28 0.14427084 0.265 0.15052083 0.25333333 0.203125 0.18583333 0.2421875 0.135 0.26614583 0.111666664 0.27447918 0.08833333 0.2828125 0.075 0.296875 0.061666667
18 0.65 0.14083333 0.69947916 0.09916667 0.73020834 0.07416666 0.7369792 0.071666665 0.74635416 0.06666667 0.75885415 0.07416666 0.7630208 0.093333334 0.77447915 0.12666667 0.79583335 0.20083334 0.8276042 0.31333333 0.8390625 0.35166666 0.8390625 0.37333333 0.83802086 0.3825 0.83229166 0.3875 0.8234375 0.39333335 0.8072917 0.40416667 0.7916667 0.415 0.765625 0.435 0.7494792 0.44583333 0.73020834 0.45666668 0.72239584 0.45666668 0.715625 0.44166666 0.70416665 0.4025 0.6984375 0.38583332 0.69739586 0.3675 0.6859375 0.3425 0.6484375 0.23 0.64166665 0.1975 0.6375 0.1775 0.63645834 0.15916666 0.63854164 0.14833333
18 0.6020833 0.43666667 0.62604165 0.42 0.6609375 0.39333335 0.6953125 0.36916667 0.68177086 0.33166668 0.6625 0.27 0.6453125 0.20833333 0.6375 0.1775 0.63645834 0.16416667 0.62916666 0.16666667 0.6020833 0.18833333 0.5729167 0.20833333 0.5625 0.22416666 0.55104166 0.2675 0.54114586 0.31166667 0.5260417 0.38 0.5171875 0.42166665 0.509375 0.44166666 0.5083333 0.4525 0.51354164 0.4675 0.5239583 0.4875 0.5364583 0.495 0.5625 0.44166666 0.5708333 0.4225 0.5828125 0.41916665 0.5989583 0.42916667 0.6010417 0.44
18 0.7973958 0.5416667 0.85625 0.5708333 0.8984375 0.595 0.9057292 0.6041667 0.9057292 0.62666667 0.9015625 0.665 0.8921875 0.72083336 0.8744792 0.76166666 0.8802083 0.81 0.87604165 0.865 0.8666667 0.91833335 0.8619792 0.9375 0.8515625 0.935 0.83229166 0.92333335 0.8078125 0.91083336 0.78541666 0.9091667 0.75364584 0.88916665 0.74322915 0.88 0.74010414 0.85583335 0.74010414 0.83166665 0.7671875 0.665 0.771875 0.6408333 0.77760416 0.6116667 0.78229165 0.56583333 0.7838542 0.5566667
18 0.56927085 0.5758333 0.628125 0.5783333 0.68541664 0.5875 0.7265625 0.5875 0.76927084 0.595 0.7760417 0.61333334 0.7708333 0.64 0.7640625 0.685 0.75572914 0.7366667 0.7484375 0.7816667 0.74322915 0.81333333 0.7421875 0.8183333 0.7317708 0.8175 0.6614583 0.80583334 0.5864583 0.7875 0.55625 0.7783333 0.5484375 0.7733333 0.546875 0.7658333 0.54479164 0.755 0.54375 0.7441667 0.553125 0.70916665 0.55885416 0.69416666 0.5630208 0.68333334 0.55833334 0.68083334 0.5572917 0.67583334 0.5552083 0.6675 0.5546875 0.60833335 0.5546875 0.59583336 0.55572915 0.5883333 0.5640625 0.5758333
18 0.31875 0.6575 0.4078125 0.68583333 0.45416668 0.7075 0.47760418 0.7133333 0.4921875 0.7216667 0.49583334 0.7216667 0.50208336 0.7291667 0.5072917 0.73833334 0.50885415 0.74833333 0.5072917 0.76666665 0.5046875 0.785 0.50416666 0.8016667 0.5005208 0.8283333 0.4953125 0.8566667 0.49166667 0.88666666 0.484375 0.91083336 0.48489583 0.9225 0.48229167 0.93083334 0.47604167 0.9375 0.47239584 0.94083333 0.465625 0.945 0.43697917 0.93 0.3796875 0.9033333 0.34791666 0.8925 0.33645833 0.8883333 0.31927082 0.8808333 0.29635417 0.875 0.28489584 0.8725 0.28020832 0.8675 0.27395833 0.8591667 0.271875 0.8425 0.275 0.82 0.28854167 0.72833335 0.2890625 0.69416666 0.29427084 0.6666667 0.29895833 0.6575 0.3015625 0.65416664 0.30416667 0.6525 0.31041667 0.6525
18 0.096875 0.3875 0.10625 0.38583332 0.128125 0.38833332 0.16041666 0.39583334 0.19791667 0.405 0.2 0.40833333 0.21875 0.525 0.2234375 0.55333334 0.21927084 0.55916667 0.2109375 0.6475 0.203125 0.7183333 0.19791667 0.74666667 0.190625 0.7575 0.18229167 0.7625 0.13020833 0.7475 0.07864583 0.7375 0.061979167 0.7341667 0.055208333 0.7266667 0.052083332 0.72083336 0.048958335 0.7083333 0.055208333 0.6775 0.067708336 0.5975 0.079166666 0.54833335 0.084375 0.51 0.083333336 0.495 0.083333336 0.48166665 0.0859375 0.4525 0.0859375 0.43666667 0.0859375 0.41333333 0.0875 0.39833334 0.09010417 0.39333335
18 0.22447917 0.6141667 0.25208333 0.67083335 0.27291667 0.70916665 0.28020832 0.72583336 0.2828125 0.73833334 0.28333333 0.75083333 0.28020832 0.75666666 0.27291667 0.7658333 0.24791667 0.7941667 0.22135417 0.83 0.19270833 0.8641667 0.18489583 0.875 0.178125 0.875 0.16927083 0.8691667 0.15729167 0.8541667 0.14583333 0.82666665 0.1390625 0.79833335 0.13645834 0.7825 0.12760417 0.77 0.11875 0.76166666 0.104166664 0.74333334 0.11666667 0.745 0.13333334 0.74833333 0.15260416 0.75416666 0.1828125 0.7625 0.1890625 0.75916666 0.19270833 0.75416666 0.1984375 0.7475 0.1984375 0.7375 0.20104167 0.72833335 0.20729166 0.6816667 0.21510416 0.6016667 0.215625 0.5975 0.22083333 0.605
18 0.07239583 0.57416666 0.06822917 0.5941667 0.0625 0.62583333 0.058854166 0.6533333 0.05625 0.6508333 0.052083332 0.6408333 0.047916666 0.6333333 0.047916666 0.62083334 0.047916666 0.6116667 0.050520834 0.6041667 0.0546875 0.5966667 0.058854166 0.58916664 0.06822917 0.57916665
18 0.34427083 0.495 0.375 0.42333335 0.38229167 0.405 0.38697916 0.39333335 0.38854167 0.39 0.39114583 0.38583332 0.39322916 0.38416666 0.4 0.38333333 0.403125 0.38166666 0.409375 0.38166666 0.41197917 0.38333333 0.43489584 0.40666667 0.46041667 0.4325 0.48645833 0.45666668 0.4875 0.46416667 0.50208336 0.4825 0.5052083 0.49166667 0.5078125 0.50083333 0.5078125 0.51166666 0.50416666 0.52416664 0.4796875 0.5833333 0.45989582 0.6225 0.4421875 0.6591667 0.43229166 0.685 0.4296875 0.6933333 0.42395833 0.6933333 0.3390625 0.66333336 0.32291666 0.6591667 0.31510416 0.6558333 0.30989584 0.65166664 0.30260417 0.65166664 0.29895833 0.6566667 0.29427084 0.665 0.29114583 0.6775 0.28802082 0.67583334 0.28333333 0.6625 0.28385416 0.6458333 0.29583332 0.6175 0.32447916 0.55083334 0.33958334 0.5108333 0.34427083 0.49916667
18 0.33333334 0.32666665 0.378125 0.30833334 0.39479166 0.3025 0.38177082 0.35333332 0.37760416 0.365 0.37604168 0.37583333 0.378125 0.38333333 0.3859375 0.39166668 0.384375 0.39583334 0.37552083 0.4225 0.35677084 0.4675 0.34427083 0.49666667 0.33229166 0.5283333 0.32447916 0.55 0.32135418 0.5575 0.31822917 0.55833334 0.29791668 0.56666666 0.271875 0.57916665 0.24895833 0.5908333 0.24166666 0.5908333 0.2328125 0.585 0.22604166 0.57 0.22239584 0.5541667 0.22239584 0.54833335 0.20677084 0.4525 0.19895834 0.40416667 0.19947916 0.39416668 0.20364584 0.3775 0.20833333 0.37 0.2203125 0.36833334 0.24427083 0.36416668 0.27083334 0.35666665 0.290625 0.3525 0.30520833 0.3475 0.30989584 0.34083334 0.31979167 0.33333334 0.3265625 0.33083335
18 0.6880208 0.48916668 0.734375 0.46 0.7583333 0.44333333 0.78020835 0.4275 0.7885417 0.42416668 0.7921875 0.42416668 0.8 0.42916667 0.81927085 0.5125 0.83229166 0.55833334 0.80885416 0.5466667 0.7973958 0.54083335 0.7885417 0.5491667 0.78333336 0.55583334 0.7817708 0.5708333 0.7786458 0.6041667 0.77708334 0.6125 0.77552086 0.6125 0.76875 0.595 0.7546875 0.5925 0.7296875 0.5875 0.7140625 0.5875 0.69166666 0.5875 0.690625 0.5808333 0.678125 0.54583335 0.67083335 0.5175 0.67083335 0.5125 0.67291665 0.5 0.67604166 0.49583334
18 0.6765625 0.54833335 0.6458333 0.50416666 0.6322917 0.48833334 0.6203125 0.46916667 0.6010417 0.43833333 0.5989583 0.43 0.5963542 0.42666668 0.58385414 0.41916665 0.57916665 0.42 0.5729167 0.42166665 0.5697917 0.42583334 0.559375 0.4475 0.5494792 0.46833333 0.54010415 0.4875 0.53489584 0.49583334 0.5317708 0.49916667 0.52135414 0.5108333 0.503125 0.54333335 0.4953125 0.55583334 0.49427083 0.56333333 0.49427083 0.5733333 0.49375 0.58 0.49895832 0.5908333 0.51875 0.62083334 0.5421875 0.655 0.5541667 0.67083335 0.5546875 0.6691667 0.5541667 0.65416664 0.5541667 0.6066667 0.5546875 0.59166664 0.5578125 0.58416665 0.5609375 0.5808333 0.5651042 0.575 0.59947914 0.5775 0.6322917 0.57916665 0.66197914 0.5833333 0.68125 0.58666664 0.690625 0.58666664 0.68958336 0.5825 0.6848958 0.565 0.6802083 0.5516667
18 0.6401042 0.8075 0.6333333 0.85 0.62864584 0.88 0.6197917 0.9241667 0.6145833 0.9458333 0.61145836 0.95166665 0.60572916 0.955 0.5953125 0.9558333 0.5442708 0.9316667 0.52135414 0.91583335 0.49739584 0.89666665 0.48958334 0.89 0.49583334 0.8566667 0.50364584 0.81 0.5052083 0.7783333 0.50885415 0.75 0.5072917 0.7391667 0.50104165 0.7275 0.49739584 0.7241667 0.4703125 0.71166664 0.44427082 0.7033333 0.4328125 0.6975 0.434375 0.68583333 0.43645832 0.6741667 0.4390625 0.6625 0.45104167 0.65416664 0.45677084 0.65416664 0.5296875 0.69 0.55260414 0.69916666 0.5546875 0.69916666 0.55572915 0.7 0.55572915 0.70166665 0.55104166 0.7133333 0.54375 0.74333334 0.5463542 0.765 0.55 0.775 0.5651042 0.7808333 0.590625 0.7866667 0.62864584 0.7966667 0.6411458 0.80083334
18 0.45989582 0.068333335 0.51770836 0.10333333 0.5651042 0.12666667 0.57239586 0.135 0.5765625 0.15416667 0.5765625 0.1675 0.5734375 0.18416667 0.56822914 0.2075 0.5578125 0.24333334 0.5338542 0.34916666 0.51875 0.42 0.5104167 0.44 0.5052083 0.4525 0.5 0.45583335 0.4875 0.4575 0.4671875 0.44 0.41145834 0.38166666 0.40104166 0.38166666 0.39270833 0.385 0.38645834 0.39333335 0.37760416 0.38 0.37864584 0.36416668 0.3875 0.32916668 0.415625 0.22 0.43020833 0.1575 0.4390625 0.115 0.44427082 0.086666666
