20 0.45052084 0.77916664 0.478125 0.80583334 0.51927084 0.86083335 0.5359375 0.88666666 0.56666666 0.92833334 0.5796875 0.94166666 0.5953125 0.9583333 0.61510414 0.97833335 0.6255208 0.9791667 0.6296875 0.9775 0.6328125 0.9633333 0.6635417 0.8775 0.7026042 0.7808333 0.7026042 0.77 0.69947916 0.7575 0.646875 0.70416665 0.6177083 0.6691667 0.590625 0.64416665 0.5697917 0.64416665 0.55625 0.6533333 0.54895836 0.65833336 0.51197916 0.6691667 0.50104165 0.6741667 0.47291666 0.69916666 0.44583333 0.7266667 0.43541667 0.7266667 0.42552084 0.7183333 0.41770834 0.7008333 0.39895833 0.6275 0.36927083 0.51 0.346875 0.54833335 0.33125 0.5758333 0.31614584 0.58916664 0.30625 0.605 0.30364582 0.61333334 0.30364582 0.62416667 0.30572918 0.6408333 0.30885416 0.64666665 0.31614584 0.6558333 0.334375 0.6825 0.38333333 0.7366667 0.40989584 0.7583333 0.4296875 0.76916665
20 0.27604166 0.7583333 0.33229166 0.6791667 0.33385417 0.6825 0.378125 0.73083335 0.3828125 0.7366667 0.40989584 0.7583333 0.45052084 0.7783333 0.475 0.80333334 0.396875 0.9141667 0.38541666 0.9325 0.37708333 0.94416666 0.37291667 0.95166665 0.36458334 0.9525 0.35885417 0.945 0.35677084 0.9275 0.34895834 0.9116667 0.31458333 0.85833335 0.27864584 0.79333335 0.275 0.7808333 0.27447918 0.76666665
20 0.7984375 0.55833334 0.7421875 0.5566667 0.73802084 0.55583334 0.73125 0.57 0.70989585 0.5825 0.6703125 0.60583335 0.6145833 0.63166666 0.5911458 0.64416665 0.6166667 0.66833335 0.646875 0.705 0.69947916 0.7575 0.7005208 0.75916666 0.70520836 0.7608333 0.7104167 0.7683333 0.71302086 0.795 0.7375 0.79583335 0.7515625 0.79083335 0.76666665 0.7875 0.8197917 0.7825 0.86614585 0.7808333 0.88645834 0.7783333 0.8911458 0.7683333 0.89375 0.755 0.8901042 0.72833335 0.88958335 0.7108333 0.8958333 0.68583333 0.9015625 0.6666667 0.90416664 0.6383333 0.90416664 0.58166665 0.89947915 0.57 0.8890625 0.56083333 0.87864584 0.56083333 0.84947914 0.56 0.82395834 0.5566667
20 0.35260418 0.50416666 0.35625 0.5075 0.3640625 0.5183333 0.34947917 0.5441667 0.346875 0.53 0.34791666 0.51916665
20 0.37916666 0.45916668 0.375 0.45916668 0.37239584 0.4625 0.36770833 0.47666666 0.36614582 0.48416665 0.3671875 0.5125 0.36927083 0.51 0.396875 0.6175 0.41822916 0.7008333 0.42552084 0.7191667 0.4359375 0.7275 0.44635418 0.7266667 0.47395834 0.6975 0.50104165 0.675 0.5151042 0.6675 0.54895836 0.6575 0.5703125 0.6433333 0.59166664 0.6433333 0.6458333 0.6175 0.6734375 0.60333335 0.73125 0.57 0.73802084 0.5566667 0.73802084 0.54583335 0.71510416 0.45833334 0.6953125 0.34583333 0.69322914 0.33833334 0.690625 0.33583334 0.6822917 0.33583334 0.61510414 0.37333333 0.60520834 0.37833333 0.60052085 0.38583332 0.5932292 0.38666666 0.59010416 0.38833332 0.5364583 0.43 0.4890625 0.4525 0.46822917 0.46083334 0.4640625 0.46083334 0.45833334 0.46 0.453125 0.45666668 0.45052084 0.4525 0.45104167 0.465 0.44791666 0.48583335 0.42447916 0.45 0.41458333 0.4475
20 0.42864582 0.44666666 0.43177083 0.445 0.43697917 0.44416666 0.440625 0.44416666 0.44427082 0.44583333 0.44739583 0.44916666 0.45052084 0.4525 0.45104167 0.46416667 0.44739583 0.48583335 0.42916667 0.45666668 0.42447916 0.45
20 0.53489584 0.37166667 0.528125 0.37166667 0.5229167 0.3775 0.5104167 0.40083334 0.4828125 0.455 0.50572914 0.44416666 0.5375 0.42833334 0.56354165 0.4075 0.5421875 0.37333333
20 0.17083333 0.08166666 0.18020834 0.043333333 0.19322917 0.014166667 0.19583334 0.011666667 0.20729166 0.013333334 0.21458334 0.021666666 0.21927084 0.033333335 0.22239584 0.059166666 0.22604166 0.07 0.23385416 0.08166666 0.24895833 0.10166667 0.25520834 0.11083333 0.31458333 0.17083333 0.37135416 0.23083334 0.3984375 0.26083332 0.409375 0.26833335 0.42447916 0.27583334 0.44322917 0.29333332 0.45989582 0.30833334 0.46614584 0.31416667 0.46875 0.32416666 0.46927083 0.3375 0.46614584 0.35583332 0.46041667 0.3725 0.45625 0.39416668 0.44791666 0.42583334 0.44114584 0.44416666 0.4375 0.445 0.43177083 0.445 0.425 0.45 0.41510418 0.4475 0.38020834 0.45833334 0.375 0.45833334 0.37239584 0.4625 0.3671875 0.4775 0.36614582 0.48333332 0.3671875 0.5133333 0.3640625 0.5183333 0.35572916 0.50666666 0.35208333 0.5025 0.30885416 0.4525 0.228125 0.3525 0.17447917 0.28333333 0.15520833 0.265 0.12447917 0.215 0.118229166 0.19833334 0.1171875 0.1725 0.13020833 0.12916666 0.17083333 0.085
20 0.23697917 0.0 0.234375 0.0025 0.23125 0.010833333 0.22916667 0.028333334 0.23072916 0.04083333 0.2328125 0.04916667 0.23697917 0.055 0.2703125 0.075 0.2890625 0.115833335 0.31614584 0.17333333 0.353125 0.21166667 0.38802084 0.24916667 0.39947918 0.26166666 0.409375 0.26916668 0.41458333 0.27083334 0.42916667 0.1425 0.42916667 0.115833335 0.43541667 0.09166667 0.41041666 0.0
20 0.44791666 0.0875 0.4375 0.086666666 0.43489584 0.093333334 0.42864582 0.11666667 0.42916667 0.14333333 0.41458333 0.27166668 0.4234375 0.275 0.42916667 0.28 0.44583333 0.295 0.4625 0.31083333 0.46666667 0.315 0.46875 0.325 0.46927083 0.33666667 0.46614584 0.35583332 0.46041667 0.37166667 0.45625 0.395 0.4484375 0.42333335 0.440625 0.445 0.44427082 0.44583333 0.44739583 0.44916666 0.4515625 0.45416668 0.45364583 0.45666668 0.45729166 0.45833334 0.46197918 0.46 0.46822917 0.46083334 0.4828125 0.455 0.52239585 0.3775 0.528125 0.37083334 0.53541666 0.37166667 0.5421875 0.37333333 0.546875 0.38 0.5651042 0.27 0.57135415 0.20333333 0.5885417 0.14666666 0.59270835 0.13666667 0.59270835 0.12666667 0.5463542 0.100833334 0.51145834 0.0875 0.4703125 0.086666666
20 0.57916665 0.0 0.57916665 0.018333333 0.5786458 0.039166667 0.5776042 0.045 0.57395834 0.051666666 0.5708333 0.0525 0.5651042 0.054166667 0.56145835 0.055833332 0.5463542 0.08166666 0.5395833 0.09833334 0.5453125 0.1 0.59270835 0.12583333 0.59270835 0.13583334 0.5885417 0.1475 0.57135415 0.2025 0.5651042 0.27083334 0.5473958 0.37583333 0.5630208 0.38333333 0.59010416 0.3875 0.60052085 0.38666666 0.60572916 0.37833333 0.609375 0.37416667 0.615625 0.33166668 0.625 0.25833333 0.6421875 0.19416666 0.65052086 0.18 0.6609375 0.1775 0.6692708 0.17416666 0.6744792 0.16916667 0.678125 0.1575 0.6796875 0.14333333 0.6890625 0.1225 0.6958333 0.0975 0.69427085 0.07333333 0.690625 0.06333333 0.6890625 0.05666667 0.6890625 0.050833333 0.69375 0.04083333 0.7114583 0.025 0.7161458 0.024166666 0.73125 0.038333334 0.7140625 0.0
20 0.75104165 1.0 0.7484375 0.9866667 0.74322915 0.9658333 0.7375 0.93333334 0.72864586 0.9 0.71666664 0.8308333 0.7104167 0.7683333 0.7046875 0.76 0.69947916 0.75916666 0.703125 0.7708333 0.7026042 0.7808333 0.7 0.7866667 0.6625 0.88 0.6328125 0.96416664 0.62916666 0.9775 0.62604165 0.9791667 0.615625 0.97833335 0.5911458 0.95416665 0.57916665 0.94166666 0.5807292 0.9525 0.58697915 0.9683333 0.60572916 0.99916667
