14 0.28802082 0.54833335 0.2671875 0.51416665 0.24479167 0.49833333 0.23645833 0.48416665 0.26770833 0.43916667 0.27447918 0.47833332 0.2875 0.535
9 0.35833332 0.5541667 0.29583332 0.5808333 0.28958333 0.555 0.28645834 0.52916664 0.26614583 0.43333334 0.2640625 0.39333335 0.26302084 0.31416667 0.26458332 0.22833334 0.27239582 0.20416667 0.27864584 0.2075 0.29114583 0.2 0.29739583 0.18166667 0.3125 0.17166667 0.3234375 0.15083334 0.35989583 0.123333335 0.37447917 0.17666666 0.37135416 0.19083333 0.37708333 0.19083333 0.40260416 0.28083333 0.42552084 0.34666666 0.46927083 0.48583335 0.42916667 0.505 0.36197916 0.55
14 0.41041666 0.6458333 0.36354166 0.54833335 0.35677084 0.5566667 0.30260417 0.5775 0.38489583 0.7275 0.38333333 0.74916667 0.38854167 0.75083333 0.41927084 0.72 0.44947916 0.68833333 0.43697917 0.6675 0.42135417 0.6558333
5 0.47291666 0.6983333 0.45885417 0.6625 0.41770834 0.57166666 0.3953125 0.52916664 0.4109375 0.51666665 0.43854168 0.5 0.46822917 0.48666668 0.4671875 0.47333333 0.421875 0.34083334 0.48177084 0.26 0.49583334 0.29 0.565625 0.44916666 0.6166667 0.5233333 0.6041667 0.54333335 0.55572915 0.5991667 0.53697914 0.6308333 0.521875 0.66333336 0.48333332 0.7225
8 0.5796875 0.72833335 0.55833334 0.72833335 0.5463542 0.7291667 0.52760416 0.7191667 0.49375 0.71166664 0.48541668 0.7216667 0.4796875 0.7216667 0.47395834 0.7425 0.46666667 0.8666667 0.45572916 0.9608333 0.4609375 0.9658333 0.45520833 0.9691667 0.45260417 1.0 0.58125 1.0 0.5833333 1.0 0.5864583 0.98333335 0.5942708 0.87916666 0.5942708 0.825 0.5963542 0.8025 0.6046875 0.7783333 0.6078125 0.7475 0.59947914 0.7325 0.59166664 0.7291667
11 0.69375 0.5933333 0.68645835 0.59833336 0.67604166 0.61 0.65989584 0.62583333 0.6479167 0.62916666 0.6109375 0.6375 0.60729164 0.6325 0.60364586 0.545 0.6177083 0.5233333 0.6010417 0.50083333 0.59791666 0.455 0.60833335 0.45083332 0.61875 0.48416665 0.628125 0.49166667 0.6390625 0.49083334 0.6625 0.47416666 0.69895834 0.44833332 0.73541665 0.4175 0.74427086 0.405 0.7473958 0.38833332 0.7942708 0.39083335 0.8041667 0.40083334 0.8078125 0.43416667 0.81041664 0.46583334 0.81041664 0.50416666 0.80833334 0.5416667 0.80364585 0.60083336 0.7984375 0.6225 0.79322916 0.6333333 0.75885415 0.6308333 0.715625 0.61083335 0.70104164 0.5975
13 0.5890625 0.44166666 0.58385414 0.3775 0.6078125 0.45083332 0.6046875 0.45333335 0.5984375 0.45666668 0.59270835 0.45166665
4 0.7651042 0.6875 0.7786458 0.77416664 0.778125 0.79333335 0.7760417 0.8075 0.76927084 0.82416666 0.7604167 0.8491667 0.75625 0.87916666 0.7583333 0.9058333 0.765625 0.93666667 0.77447915 0.9533333 0.7916667 0.97333336 0.8109375 0.9791667 0.834375 0.97583336 0.8489583 0.96416664 0.86145836 0.94666666 0.871875 0.9166667 0.8755208 0.8975 0.875 0.88 0.875 0.8575 0.8666667 0.82666665 0.8520833 0.8066667 0.840625 0.795 0.8296875 0.7841667 0.82604164 0.7783333 0.8229167 0.7608333 0.80677086 0.6358333 0.8015625 0.62 0.796875 0.62833333 0.79270834 0.6333333 0.7703125 0.63166666 0.76354164 0.635 0.75989586 0.6458333 0.75989586 0.65416664
7 0.8203125 0.44 0.87916666 0.38916665 0.9109375 0.3675 0.96197915 0.32166666 0.9734375 0.325 0.96875 0.36166668 0.975 0.3875 1.0 0.46 1.0 0.6425 1.0 0.65166664 0.9869792 0.655 0.9734375 0.6775 0.9140625 0.77 0.90625 0.7575 0.8953125 0.735 0.8880208 0.7058333 0.87604165 0.66333336 0.86354166 0.6358333 0.83385414 0.5775 0.8177083 0.54083335 0.809375 0.53 0.8109375 0.49083334 0.809375 0.455
13 0.62916666 0.10916667 0.57135415 0.123333335 0.565625 0.13166666 0.565625 0.14833333 0.56614584 0.1625 0.5796875 0.155 0.6125 0.13416667 0.6244792 0.125 0.63697916 0.1125 0.64427084 0.10916667 0.6557292 0.111666664 0.6625 0.11666667 0.6770833 0.17166667 0.68385416 0.2125 0.6953125 0.23583333 0.71302086 0.27583334 0.72760415 0.33 0.7125 0.12666667 0.7083333 0.1 0.7005208 0.0925 0.69114584 0.09166667 0.64479166 0.105
18 0.5546875 0.1725 0.603125 0.13916667 0.6390625 0.11333334 0.6489583 0.10916667 0.66302085 0.11666667 0.671875 0.15333334 0.684375 0.21583334 0.69895834 0.24583334 0.7135417 0.2775 0.7369792 0.3575 0.74635416 0.3925 0.7447917 0.40666667 0.7338542 0.41916665 0.7135417 0.4375 0.66302085 0.47333333 0.640625 0.48916668 0.63072914 0.49166667 0.6255208 0.49166667 0.6166667 0.48166665 0.6078125 0.45083332 0.5828125 0.37416667 0.5630208 0.30416667 0.5494792 0.25666666 0.54010415 0.23083334 0.534375 0.21583334 0.5359375 0.19416666 0.5442708 0.18083334
6 0.7546875 0.13583334 0.7828125 0.1075 0.81041664 0.086666666 0.82447916 0.08416667 0.8265625 0.104166664 0.83385414 0.155 0.82916665 0.19833334 0.82916665 0.22 0.8375 0.25166667 0.7265625 0.31333333 0.7182292 0.2125 0.71666664 0.14416666 0.73802084 0.13833334
2 0.034895834 0.62083334 0.221875 0.5783333 0.22604166 0.5966667 0.24739583 0.8025 0.2625 0.9508333 0.2453125 0.95666665 0.1671875 0.97083336 0.11927083 0.99833333 0.0703125 1.0 0.0625 0.89 0.049479168 0.73 0.040104166 0.645 0.033854168 0.62916666
