2 0.6166667 0.98583335 0.63125 0.98083335 0.6927083 0.9766667 0.81666666 0.97583336 0.8453125 0.97333336 0.846875 0.97333336 0.84739584 0.9608333 0.846875 0.90166664 0.8463542 0.83666664 0.8484375 0.80583334 0.85052085 0.74833333 0.84791666 0.69916666 0.79479164 0.70166665 0.7171875 0.71 0.7057292 0.71 0.6802083 0.70666665 0.65729165 0.7083333 0.6276042 0.7158333 0.615625 0.7183333 0.61510414 0.7625 0.6119792 0.84583336 0.6125 0.87083334 0.6140625 0.9225 0.615625 0.98083335
2 0.7390625 0.7058333 0.7171875 0.6525 0.73333335 0.6375 0.765625 0.6 0.8119792 0.545 0.87916666 0.46416667 0.9078125 0.4325 0.9088542 0.4325 0.9479167 0.52 0.9614583 0.56166667 0.9994792 0.64416665 0.9994792 0.6666667 0.959375 0.715 0.9125 0.77166665 0.90625 0.775 0.85052085 0.84 0.84739584 0.8425 0.8463542 0.835 0.8489583 0.80583334 0.84947914 0.7825 0.85052085 0.74833333 0.8484375 0.7008333 0.8484375 0.69916666 0.84791666 0.6983333 0.7953125 0.7008333 0.74010414 0.7075
2 0.7942708 0.565 0.7994792 0.5525 0.80625 0.5316667 0.809375 0.5133333 0.81666666 0.51916665 0.8265625 0.52666664 0.8140625 0.5416667 0.7963542 0.56333333
2 0.84739584 0.87916666 0.90416664 0.9375 0.9171875 0.95166665 0.96875 0.80583334 1.0 0.72833335 1.0 0.69916666 0.984375 0.68583333 0.9838542 0.68583333 0.93854165 0.74083334 0.9125 0.7725 0.9067708 0.77666664 0.86614585 0.8225 0.85052085 0.8408333 0.8463542 0.8433333
2 0.09166667 1.0 0.051041666 0.895 0.034375 0.845 0.07760417 0.8041667 0.09791667 0.7758333 0.2234375 0.6458333 0.24166666 0.6275 0.3046875 0.7675 0.34375 0.865 0.30833334 0.89916664 0.234375 0.975 0.21302083 1.0
2 0.25989583 0.6675 0.24791667 0.5783333 0.23541667 0.4875 0.234375 0.47583333 0.26979166 0.46416667 0.35052082 0.44 0.40260416 0.4225 0.42083332 0.4175 0.4484375 0.40916666 0.4734375 0.40166667 0.49427083 0.5575 0.5083333 0.6791667 0.50677085 0.6825 0.49114582 0.68916667 0.42291668 0.7108333 0.29791668 0.75083333 0.296875 0.75083333 0.27708334 0.705
2 0.1203125 0.0 0.123958334 0.05666667 0.12447917 0.12583333 0.12604167 0.27833334 0.13385417 0.2775 0.14583333 0.27833334 0.18177083 0.2825 0.20416667 0.28416666 0.21458334 0.2825 0.21875 0.27833334 0.23177083 0.27833334 0.2625 0.28083333 0.29427084 0.27416667 0.31041667 0.26833335 0.31302083 0.2675 0.31302083 0.25166667 0.31510416 0.24666667 0.31510416 0.215 0.3140625 0.18916667 0.31197917 0.1525 0.31197917 0.055833332 0.31041667 0.0
2 0.37864584 0.0 0.38854167 0.034166668 0.4015625 0.10666667 0.42291668 0.245 0.43072918 0.27583334 0.47552082 0.25416666 0.54114586 0.225 0.5807292 0.21083333 0.5963542 0.2025 0.5875 0.19083333 0.5755208 0.17916666 0.5833333 0.145 0.5729167 0.108333334 0.57395834 0.105 0.5833333 0.09833334 0.56354165 0.0
2 0.7885417 0.35916665 0.721875 0.3075 0.6276042 0.2275 0.5984375 0.20166667 0.58697915 0.19 0.5755208 0.17916666 0.58385414 0.1425 0.6046875 0.07333333 0.6296875 0.0 0.7421875 0.0 0.76875 0.021666666 0.8484375 0.07833333 0.86927086 0.0925 0.87083334 0.095 0.8546875 0.14666666 0.81666666 0.26583335
2 0.83177084 0.21916667 0.85260415 0.20166667 0.8640625 0.1925 0.8588542 0.16916667 0.85364586 0.14916667 0.8375 0.20083334
2 0.6078125 0.21166667 0.625 0.28 0.65052086 0.36583334 0.65 0.36583334 0.6921875 0.3325 0.721875 0.30916667 0.72239584 0.30833334 0.69375 0.28416666 0.6671875 0.26166666 0.63489586 0.23416667 0.6109375 0.2125 0.6078125 0.21
2 0.82708335 0.0625 0.815625 0.025 0.8098958 0.0 0.7427083 0.0 0.75416666 0.008333334 0.7703125 0.0225 0.7994792 0.043333333 0.8229167 0.06
2 0.60052085 0.085 0.5833333 0.0975 0.58385414 0.09833334 0.57447916 0.105 0.57395834 0.10583334 0.5729167 0.1075 0.5729167 0.108333334 0.5833333 0.14333333 0.5953125 0.105 0.60052085 0.08583333
2 0.37760416 1.0 0.365625 0.94666666 0.40729168 0.9316667 0.47083333 0.91333336 0.51197916 0.895 0.54479164 0.8858333 0.5854167 0.88166666 0.5921875 0.8833333 0.6046875 0.8825 0.609375 0.9191667 0.6125 0.9658333 0.6171875 1.0
