14 0.29739583 0.44833332 0.30572918 0.45666668 0.30833334 0.475 0.31666666 0.48333332 0.38333333 0.5516667 0.38125 0.56416667 0.36458334 0.63416666 0.30520833 0.56916666 0.28229168 0.55 0.27760416 0.5475 0.2671875 0.5475 0.25833333 0.54083335 0.29010418 0.45916668
10 0.35989583 0.63166666 0.32447916 0.65416664 0.296875 0.6725 0.29322916 0.68083334 0.30052084 0.73083335 0.3046875 0.73333335 0.30208334 0.7366667 0.31458333 0.79833335 0.325 0.84 0.3265625 0.85 0.32291666 0.8616667 0.3296875 0.905 0.33177084 0.95666665 0.3328125 0.9716667 0.33489582 0.9825 0.33802083 0.99083334 0.34739584 0.99666667 0.35625 0.9941667 0.36875 0.9825 0.37239584 0.97 0.371875 0.9533333 0.3765625 0.94666666 0.38177082 0.9458333 0.39270833 0.9575 0.4109375 0.97 0.434375 0.97333336 0.45677084 0.9791667 0.46770832 0.9675 0.47291666 0.955 0.47135416 0.9216667 0.46822917 0.8983333 0.4625 0.8425 0.45677084 0.8275 0.45833334 0.81083333 0.45572916 0.7425 0.45104167 0.7391667 0.4375 0.7266667 0.42864582 0.6983333 0.40416667 0.675 0.36145833 0.64916664 0.3640625 0.63416666
14 0.46666667 0.70916665 0.45625 0.7416667 0.43802083 0.7275 0.42864582 0.6975 0.40520832 0.675 0.4609375 0.705
2 0.45989582 0.7325 0.475 0.7525 0.5442708 0.8466667 0.55 0.84583336 0.54895836 0.8516667 0.57447916 0.88666666 0.63645834 0.7658333 0.684375 0.6816667 0.6880208 0.6641667 0.6640625 0.635 0.66041666 0.6375 0.66041666 0.63166666 0.64947915 0.61583334 0.6380208 0.67333335 0.62916666 0.71416664 0.6088542 0.7991667 0.5776042 0.7758333 0.47604167 0.71416664 0.46666667 0.7083333
15 0.8822917 0.58666664 0.8234375 0.5833333 0.73541665 0.5833333 0.6979167 0.58 0.6927083 0.575 0.6901042 0.5683333 0.684375 0.5683333 0.6828125 0.56166667 0.67395836 0.56583333 0.6734375 0.5541667 0.6770833 0.54583335 0.6828125 0.5491667 0.68645835 0.5475 0.6901042 0.54 0.69895834 0.53333336 0.78020835 0.53 0.8098958 0.5466667 0.8484375 0.56416667 0.8666667 0.57416666
11 0.69635415 0.5316667 0.6802083 0.5325 0.66979164 0.535 0.6609375 0.54 0.6635417 0.5425 0.66302085 0.5475 0.6671875 0.55916667 0.67291665 0.5775 0.68958336 0.6041667 0.6921875 0.60833335 0.6880208 0.6625 0.68385416 0.6816667 0.678125 0.69666666 0.675 0.71166664 0.671875 0.7416667 0.66770834 0.7758333 0.67604166 0.77 0.69166666 0.77 0.8234375 0.77916664 0.8265625 0.7725 0.8286458 0.7783333 0.87708336 0.7816667 0.875 0.7341667 0.8734375 0.685 0.8734375 0.64666665 0.871875 0.5858333 0.8234375 0.5833333 0.73802084 0.5833333 0.6979167 0.5808333 0.6927083 0.575 0.6901042 0.5683333 0.684375 0.5683333 0.6828125 0.56166667 0.67395836 0.56583333 0.6734375 0.5541667 0.6770833 0.54583335 0.6828125 0.5491667 0.68645835 0.5466667 0.6901042 0.54083335 0.69895834 0.5325
15 0.89947915 0.53833336 0.9046875 0.5858333 0.9114583 0.5825 0.9145833 0.5783333 0.9171875 0.5775 0.9203125 0.57416666 0.92760414 0.57666665 0.9302083 0.575 0.9296875 0.5683333 0.92760414 0.565 0.9244792 0.55916667 0.9223958 0.55833334 0.91875 0.55833334 0.91614586 0.555 0.9125 0.5466667 0.90520835 0.54083335
1 0.8932292 0.49166667 0.8984375 0.51416665 0.89947915 0.53833336 0.9057292 0.59166664 0.8911458 0.5933333 0.88072914 0.5858333 0.8666667 0.57416666 0.8484375 0.56333333 0.8119792 0.5475 0.78020835 0.53 0.7552083 0.5175 0.73125 0.51 0.6947917 0.49583334 0.6822917 0.50416666 0.6765625 0.505 0.6635417 0.4975 0.6713542 0.44583333 0.6822917 0.37416667 0.6848958 0.31416667 0.6927083 0.315 0.70208335 0.32 0.7135417 0.3325 0.7291667 0.33666667 0.7453125 0.34833333 0.7682292 0.3625 0.8151042 0.38666666 0.87135416 0.42083332 0.91510415 0.41083333 0.89375 0.485
4 0.5130208 0.30083334 0.49947917 0.3025 0.48489583 0.31 0.47083333 0.3225 0.46145833 0.33833334 0.45520833 0.3525 0.44947916 0.3775 0.446875 0.395 0.446875 0.41083333 0.45104167 0.4075 0.4625 0.40666667 0.49010417 0.43 0.50416666 0.435 0.53229165 0.4475 0.58229166 0.47166666 0.59166664 0.47916666 0.578125 0.45666668 0.5755208 0.44416666 0.575 0.43166667 0.57708335 0.40666667 0.57604164 0.38916665 0.57239586 0.3625 0.56458336 0.34666666 0.55677086 0.33166668 0.5453125 0.31583333 0.5260417 0.30416667
1 0.5697917 0.1125 0.5473958 0.1325 0.453125 0.18333334 0.40677083 0.20833333 0.38645834 0.21166667 0.384375 0.2025 0.37708333 0.2125 0.39166668 0.25166667 0.39791667 0.27166668 0.39947918 0.2925 0.40625 0.32166666 0.4078125 0.34 0.396875 0.3225 0.3984375 0.34 0.41041666 0.35833332 0.43072918 0.34833333 0.44114584 0.34583333 0.465625 0.33166668 0.4703125 0.3225 0.48541668 0.31 0.49947917 0.3025 0.5125 0.30083334 0.5239583 0.30333334 0.55625 0.28833333 0.56875 0.28583333 0.59479165 0.285 0.60052085 0.28083333 0.590625 0.24166666 0.58177084 0.20583333 0.57447916 0.17666666 0.56927085 0.15 0.5703125 0.12833333 0.575 0.11083333
4 0.60260415 0.14916667 0.5765625 0.1825 0.5833333 0.2125 0.5885417 0.23083334 0.621875 0.29916668 0.6333333 0.32083333 0.6375 0.33833334 0.63645834 0.35666665 0.6354167 0.36333334 0.6333333 0.38 0.6333333 0.395 0.634375 0.40583333 0.63645834 0.42166665 0.64270836 0.44333333 0.6510417 0.45833334 0.6640625 0.475 0.6666667 0.47666666 0.68177086 0.37333333 0.6848958 0.31333333 0.6921875 0.315 0.7026042 0.32 0.7140625 0.3325 0.72864586 0.33666667 0.74427086 0.34833333 0.73854166 0.3075 0.73020834 0.29833335 0.7171875 0.28833333 0.7015625 0.285 0.6848958 0.28416666 0.67760414 0.27833334 0.6744792 0.27583334 0.64166665 0.20916666 0.61041665 0.14916667 0.60520834 0.14833333
5 0.7296875 0.24666667 0.73854166 0.30916667 0.74427086 0.34833333 0.7895833 0.3725 0.81666666 0.3875 0.87083334 0.42083332 0.91510415 0.41083333 0.89375 0.48583335 0.8932292 0.49166667 0.90260416 0.49166667 0.9479167 0.48333332 0.96666664 0.475 0.98072916 0.48083332 0.99791664 0.47583333 0.98333335 0.39666668 0.975 0.30416667 0.96510416 0.2075 0.9661458 0.17416666 0.9515625 0.17833333 0.94166666 0.1825 0.89739585 0.19916667 0.87604165 0.21583334 0.8442708 0.23416667 0.79375 0.23916666 0.75364584 0.2475 0.7348958 0.2475
16 0.36145833 0.65 0.415625 0.68083334 0.47291666 0.71166664 0.54010415 0.75333333 0.5776042 0.7758333 0.6088542 0.7991667 0.634375 0.69083333 0.6640625 0.54333335 0.63385415 0.5158333 0.60729164 0.49166667 0.60364586 0.49666667 0.60260415 0.48833334 0.58385414 0.47333333 0.5338542 0.44833332 0.50416666 0.435 0.49114582 0.43083334 0.46197918 0.40666667 0.45208332 0.40833333 0.41302082 0.42416668 0.41145834 0.42583334 0.409375 0.43833333 0.40885416 0.44416666 0.40833333 0.47583333 0.3984375 0.50166667 0.39166668 0.5208333 0.378125 0.57666665 0.36197916 0.6475
