18 0.7104167 0.445 0.7083333 0.5883333 0.70989585 0.6 0.71458334 0.60833335 0.72239584 0.6166667 0.81041664 0.6191667 0.8911458 0.62416667 0.9125 0.625 0.9213542 0.62083334 0.9265625 0.6141667 0.93125 0.60333335 0.93125 0.59 0.93125 0.56916666 0.9265625 0.42 0.92083335 0.4075 0.90989584 0.39666668 0.896875 0.39666668 0.8119792 0.40166667 0.7734375 0.47 0.7671875 0.46916667 0.75989586 0.465 0.7171875 0.39916667 0.7114583 0.40583333
18 0.6515625 0.25166667 0.6125 0.31416667 0.61302084 0.335 0.61354166 0.38833332 0.6125 0.43333334 0.6109375 0.47166666 0.6125 0.47333333 0.6171875 0.47916666 0.69375 0.48583335 0.70989585 0.4875 0.70989585 0.47666666 0.7104167 0.43666667 0.7114583 0.405 0.71666664 0.4 0.67604166 0.33166668 0.671875 0.32166666 0.67291665 0.30333334 0.6901042 0.27916667 0.6713542 0.24916667 0.659375 0.24833333
18 0.540625 0.5025 0.53697914 0.6333333 0.5453125 0.6433333 0.5546875 0.65166664 0.55885416 0.6675 0.559375 0.67583334 0.5578125 0.68416667 0.55 0.7025 0.565625 0.7025 0.57604164 0.70166665 0.584375 0.69666666 0.6010417 0.6975 0.60833335 0.7008333 0.62135416 0.7025 0.628125 0.705 0.64947915 0.7075 0.70677084 0.7175 0.7375 0.7183333 0.74583334 0.7133333 0.753125 0.69416666 0.75677085 0.6533333 0.75885415 0.6175 0.72291666 0.6166667 0.71510416 0.60833335 0.70989585 0.5991667 0.7083333 0.58916664 0.70989585 0.4875 0.61145836 0.47916666 0.55885416 0.47416666 0.5515625 0.4775 0.5416667 0.49083334
18 0.4703125 0.31583333 0.4703125 0.40333334 0.47239584 0.5783333 0.47864583 0.58166665 0.5072917 0.60583335 0.5203125 0.61583334 0.5338542 0.6308333 0.53697914 0.635 0.5385417 0.5825 0.54114586 0.49 0.5494792 0.48 0.5515625 0.4775 0.559375 0.47333333 0.5734375 0.47583333 0.6109375 0.48 0.6109375 0.46666667 0.61302084 0.39833334 0.61354166 0.36 0.61354166 0.3325 0.6098958 0.29666665 0.6020833 0.28666666 0.53229165 0.28416666 0.48125 0.28416666 0.4734375 0.295 0.4703125 0.30333334
18 0.48854166 0.13083333 0.47916666 0.17916666 0.47395834 0.205 0.45208332 0.33666667 0.44322917 0.40166667 0.44583333 0.4125 0.45052084 0.42166665 0.4703125 0.43 0.4703125 0.3475 0.4703125 0.30416667 0.47291666 0.295 0.48177084 0.2825 0.6046875 0.28666666 0.6223958 0.13833334 0.6177083 0.123333335 0.6109375 0.115 0.5640625 0.10666667 0.5578125 0.111666664 0.5546875 0.123333335 0.5473958 0.1125 0.53333336 0.09166667 0.5130208 0.075833336 0.5052083 0.07833333 0.49791667 0.08583333
18 0.1984375 0.2525 0.22395833 0.40166667 0.23125 0.44 0.2390625 0.43666667 0.25833333 0.42333335 0.27135417 0.4125 0.28645834 0.39083335 0.32760417 0.34833333 0.33333334 0.3475 0.34427083 0.35416666 0.35520834 0.3825 0.37760416 0.4425 0.37135416 0.41 0.36302084 0.3675 0.34947917 0.28 0.33177084 0.17166667 0.3234375 0.155 0.31510416 0.15 0.20625 0.195 0.19791667 0.20416667 0.19375 0.2225 0.1953125 0.23416667
18 0.18541667 0.47416666 0.153125 0.50333333 0.15 0.5133333 0.15052083 0.5316667 0.196875 0.6508333 0.21197917 0.69416666 0.21822916 0.7008333 0.228125 0.7025 0.23020834 0.6983333 0.29791668 0.6375 0.30989584 0.62833333 0.31197917 0.6225 0.33958334 0.5708333 0.38645834 0.48416665 0.39114583 0.48 0.38958332 0.475 0.3765625 0.44 0.34427083 0.35333332 0.3328125 0.3475 0.32760417 0.34833333 0.32447916 0.35166666 0.28697917 0.39 0.27135417 0.4125 0.25520834 0.42583334 0.22864583 0.4425 0.20208333 0.4625
18 0.3359375 0.68 0.36979166 0.72083336 0.39947918 0.7583333 0.43489584 0.7975 0.46510416 0.8308333 0.47760418 0.8441667 0.4890625 0.8408333 0.49375 0.83666664 0.5473958 0.7083333 0.55052084 0.70166665 0.55833334 0.6825 0.559375 0.67583334 0.5572917 0.6625 0.5546875 0.65166664 0.55260414 0.6508333 0.5208333 0.6166667 0.49114582 0.5925 0.4703125 0.5758333 0.44114584 0.5525 0.44114584 0.5416667 0.43541667 0.53 0.4203125 0.5025 0.40416667 0.47833332 0.39791667 0.47666666 0.38697916 0.48166665 0.36979166 0.5158333 0.32447916 0.59833336 0.3109375 0.625 0.3109375 0.6433333 0.31510416 0.65416664 0.31927082 0.65833336
18 0.5963542 0.91583335 0.66197914 0.9008333 0.69375 0.8908333 0.69895834 0.88 0.7026042 0.87 0.6828125 0.7133333 0.6296875 0.705 0.62083334 0.7025 0.61302084 0.70166665 0.60572916 0.7 0.6020833 0.6983333 0.58489585 0.6958333 0.5755208 0.70166665 0.55052084 0.7025 0.49322918 0.8375 0.48958334 0.8408333 0.47760418 0.8441667 0.4734375 0.84 0.48333332 0.92833334 0.48697916 0.935 0.4953125 0.94416666 0.51875 0.93666667 0.55625 0.925 0.58125 0.92
18 0.76875 0.14416666 0.7453125 0.19083333 0.72552085 0.2225 0.709375 0.255 0.6927083 0.27583334 0.67291665 0.305 0.671875 0.32 0.6744792 0.32916668 0.71666664 0.39916667 0.7583333 0.46333334 0.7671875 0.47 0.7739583 0.46916667 0.82708335 0.3725 0.87395835 0.2925 0.90260416 0.24333334 0.90416664 0.23333333 0.90416664 0.21833333 0.90052086 0.20916666 0.8229167 0.094166666 0.8171875 0.08833333 0.8098958 0.08583333 0.7973958 0.093333334 0.77760416 0.12916666
