14 0.5651042 0.6475 0.5776042 0.67833334 0.58125 0.70166665 0.584375 0.7058333 0.6020833 0.6725 0.61041665 0.68416667 0.61354166 0.6825 0.6166667 0.68833333 0.60729164 0.7 0.5776042 0.7416667 0.56458336 0.75416666 0.5578125 0.765 0.5546875 0.75666666 0.5552083 0.74083334 0.5239583 0.695 0.5416667 0.6716667 0.55104166 0.665 0.5598958 0.6458333
14 0.44375 0.68083334 0.48020834 0.62916666 0.48333332 0.62333333 0.48854166 0.62 0.490625 0.6 0.5 0.5758333 0.50625 0.5675 0.50989586 0.56166667 0.5161458 0.5625 0.53229165 0.5883333 0.53802085 0.595 0.5416667 0.6 0.54895836 0.61 0.55260414 0.6175 0.55364585 0.6191667 0.5572917 0.62083334 0.5578125 0.625 0.56145835 0.63 0.5625 0.635 0.56614584 0.6375 0.565625 0.64666665 0.56041664 0.64666665 0.5520833 0.665 0.54114586 0.6716667 0.52135414 0.69916666 0.44114584 0.80583334 0.40833333 0.8566667 0.40572917 0.87583333 0.39947918 0.89416665 0.39375 0.8975 0.34739584 0.8325 0.33802083 0.82166666 0.35208333 0.7925 0.37135416 0.79083335 0.396875 0.74916667 0.39739582 0.7475 0.42291668 0.74666667 0.440625 0.74666667 0.44322917 0.7425 0.4484375 0.7191667 0.43802083 0.715 0.44166666 0.6925
14 0.334375 0.64666665 0.36614582 0.6125 0.38333333 0.61583334 0.38333333 0.7025 0.34375 0.7425 0.3390625 0.7216667 0.33385417 0.6525
14 0.21875 0.7575 0.23072916 0.74083334 0.25625 0.7366667 0.27864584 0.7133333 0.28333333 0.75916666 0.2765625 0.7866667 0.28229168 0.80583334 0.27760416 0.8183333 0.27604166 0.83916664 0.26302084 0.85333335 0.25885418 0.85333335 0.25833333 0.8475 0.25416666 0.8433333 0.25364584 0.8408333 0.25052083 0.8375 0.25 0.8325 0.246875 0.8283333 0.246875 0.8233333 0.24322917 0.82166666 0.24270834 0.815 0.23958333 0.8125 0.240625 0.8066667 0.23697917 0.8025 0.23697917 0.7991667 0.23229167 0.79583335 0.23333333 0.79083335 0.2296875 0.7891667 0.22916667 0.77916664 0.22552083 0.78 0.225 0.7733333 0.22083333 0.76916665 0.21979167 0.76416665 0.2171875 0.7625
14 0.29270834 0.8 0.33541667 0.7875 0.359375 0.7866667 0.35260418 0.76666665 0.34322917 0.74 0.3390625 0.725 0.3328125 0.64166665 0.3125 0.46166667 0.31197917 0.45166665 0.31979167 0.4325 0.31302083 0.41666666 0.2890625 0.4175 0.26510417 0.4325 0.24583334 0.455 0.24635416 0.465 0.24947916 0.46083334 0.2515625 0.48333332 0.2640625 0.5725 0.27760416 0.7025 0.278125 0.7133333 0.28333333 0.76 0.2765625 0.7866667 0.2828125 0.8066667
14 0.20520833 0.53333336 0.1890625 0.5808333 0.18333334 0.58416665 0.17447917 0.59583336 0.16979167 0.61583334 0.16927083 0.62166667 0.19322917 0.6383333 0.22395833 0.6591667 0.2390625 0.6675 0.24739583 0.645 0.24427083 0.6191667 0.26197916 0.55916667 0.26041666 0.5566667 0.20677084 0.5325
14 0.16614583 0.40666667 0.17916666 0.42083332 0.19895834 0.42833334 0.25052083 0.45 0.24583334 0.45583335 0.24635416 0.465 0.24947916 0.46166667 0.2515625 0.48166665 0.2625 0.5575 0.26041666 0.5566667 0.20572917 0.5325 0.171875 0.51666665 0.153125 0.5258333 0.13385417 0.5258333 0.13072917 0.51916665 0.13333334 0.51416665 0.13229166 0.5083333 0.134375 0.505 0.13385417 0.49833333 0.13541667 0.4925 0.13541667 0.4875 0.13645834 0.48333332 0.13541667 0.47833332 0.1375 0.47333333 0.13802083 0.4575 0.13854167 0.45416668 0.1375 0.44833332 0.1390625 0.44166666 0.13958333 0.425 0.14375 0.4225 0.14479166 0.41083333 0.15104167 0.4025
14 0.27552083 0.28416666 0.32239583 0.32666665 0.32395834 0.33 0.31614584 0.39416668 0.3109375 0.41666666 0.290625 0.4175 0.265625 0.4325 0.25 0.45 0.2328125 0.4425 0.25885418 0.3625 0.27447918 0.31666666 0.27395833 0.28583333
14 0.359375 0.21666667 0.38333333 0.2125 0.40729168 0.2125 0.41041666 0.21333334 0.41302082 0.2125 0.41614583 0.21333334 0.4171875 0.21 0.42083332 0.21333334 0.42760417 0.20583333 0.43020833 0.24166666 0.421875 0.26666668 0.42083332 0.35583332 0.396875 0.34833333 0.38541666 0.34916666 0.37864584 0.3525 0.38177082 0.32833335 0.39375 0.30166668 0.39375 0.29583332 0.371875 0.29 0.3671875 0.28833333 0.36302084 0.25166667 0.3578125 0.23583333 0.35885417 0.21833333
14 0.31927082 0.285 0.32760417 0.28416666 0.36822918 0.28916666 0.39375 0.29583332 0.39427084 0.30166668 0.38177082 0.3275 0.37916666 0.3525 0.371875 0.35333332 0.375 0.37416667 0.378125 0.38083333 0.36770833 0.44 0.3578125 0.50166667 0.34010416 0.49166667 0.31510416 0.48083332 0.31197917 0.45166665 0.31979167 0.4325 0.31302083 0.41666666 0.31666666 0.3925 0.32447916 0.33 0.32239583 0.31 0.31927082 0.30833334
14 0.34583333 0.5925 0.33697918 0.64416665 0.33385417 0.64916664 0.3265625 0.5808333 0.34166667 0.585
14 0.37083334 0.49416667 0.378125 0.50166667 0.38229167 0.505 0.38177082 0.5441667 0.38125 0.56166667 0.38020834 0.56583333 0.38020834 0.5725 0.38020834 0.57666665 0.38125 0.5858333 0.38177082 0.59166664 0.38229167 0.59833336 0.3828125 0.615 0.365625 0.6116667 0.34479168 0.59 0.3421875 0.58416665 0.3265625 0.5808333 0.31458333 0.48166665 0.31614584 0.48083332 0.34322917 0.49416667 0.35729167 0.50166667 0.36614582 0.49666667
14 0.36927083 0.7175 0.34375 0.7416667 0.359375 0.7866667 0.35208333 0.7875 0.353125 0.7925 0.37083334 0.79083335 0.39739582 0.7475 0.3796875 0.74083334 0.37083334 0.7316667 0.3734375 0.72583336
14 0.4421875 0.5875 0.4421875 0.6875 0.43854168 0.715 0.44791666 0.72 0.44322917 0.74333334 0.440625 0.74666667 0.4296875 0.74666667 0.396875 0.74666667 0.3796875 0.74083334 0.37083334 0.73083335 0.3734375 0.72583336 0.36927083 0.7175 0.38333333 0.7025 0.38333333 0.61333334 0.38177082 0.56166667 0.38229167 0.48583335 0.38072917 0.40916666 0.38125 0.38583332 0.37760416 0.37916666 0.375 0.37416667 0.37239584 0.355 0.3796875 0.3525 0.38645834 0.34916666 0.396875 0.34833333 0.42083332 0.355 0.43802083 0.35916665 0.44166666 0.36166668 0.4421875 0.36833334 0.43958333 0.37166667 0.43958333 0.44916666 0.44010416 0.5341667
14 0.36822918 0.4375 0.38125 0.42416668 0.38229167 0.47583333 0.37239584 0.45416668 0.3671875 0.46333334 0.36458334 0.46
14 0.37239584 0.46 0.37135416 0.49416667 0.37864584 0.50166667 0.38177082 0.50416666 0.38229167 0.47583333 0.37239584 0.45583335
14 0.37395832 0.40583333 0.371875 0.43333334 0.38177082 0.42333335 0.38072917 0.40166667 0.38125 0.385 0.378125 0.38
14 0.43020833 0.335 0.44114584 0.33583334 0.46875 0.3375 0.46770832 0.34 0.44322917 0.36333334 0.44010416 0.36 0.43802083 0.35833332 0.428125 0.35666665
14 0.559375 0.24916667 0.56354165 0.265 0.5651042 0.275 0.5796875 0.32333332 0.5828125 0.33333334 0.58802086 0.33583334 0.590625 0.34833333 0.584375 0.35 0.55833334 0.35583332 0.5229167 0.38583332 0.5140625 0.355 0.51145834 0.33833334 0.50572914 0.31916666 0.49791667 0.33083335 0.48177084 0.34833333 0.4671875 0.36583334 0.45260417 0.3825 0.44270834 0.39416668 0.45208332 0.4175 0.47135416 0.42083332 0.47552082 0.43583333 0.43958333 0.47 0.43958333 0.3725 0.4421875 0.3675 0.44270834 0.36333334 0.46822917 0.33916667 0.52708334 0.28083333 0.5385417 0.26 0.53697914 0.23916666 0.54270834 0.24666667 0.5494792 0.24166666 0.55364585 0.23666666 0.5625 0.23416667 0.56354165 0.2375 0.5630208 0.245
14 0.44270834 0.5725 0.48020834 0.62833333 0.47864583 0.63166666 0.4421875 0.68333334 0.4421875 0.62583333 0.4421875 0.57166666
14 0.47708333 0.44166666 0.4890625 0.46916667 0.4890625 0.5183333 0.46666667 0.48833334 0.46354166 0.45666668 0.45885417 0.45166665 0.47604167 0.43583333
14 0.45572916 0.45916668 0.44010416 0.49916667 0.43958333 0.46916667 0.45625 0.45416668
14 0.49114582 0.52 0.51458335 0.56166667 0.5109375 0.56166667 0.5005208 0.5758333 0.49114582 0.5991667 0.48958334 0.6091667 0.4890625 0.62 0.48333332 0.62333333 0.48020834 0.62916666 0.44166666 0.5708333 0.44010416 0.5316667 0.43958333 0.49916667 0.45520833 0.46 0.45625 0.45416668 0.45885417 0.45166665 0.46354166 0.45666668 0.46666667 0.48833334 0.48802084 0.5175
14 0.50989586 0.54583335 0.5140625 0.54 0.5208333 0.53833336 0.5473958 0.60583335 0.534375 0.59166664 0.51666665 0.5625 0.5151042 0.5625 0.5078125 0.5491667
14 0.55677086 0.46666667 0.5953125 0.5575 0.6177083 0.6075 0.63072914 0.62916666 0.63177085 0.6358333 0.62708336 0.64416665 0.625 0.6408333 0.6244792 0.6375 0.62291664 0.63666666 0.60052085 0.6725 0.59739584 0.68 0.584375 0.7058333 0.58125 0.70166665 0.578125 0.67833334 0.5651042 0.6483333 0.56666666 0.6375 0.5625 0.635 0.5619792 0.6308333 0.5578125 0.625 0.5578125 0.62 0.5541667 0.62 0.5484375 0.6091667 0.54322916 0.6016667 0.5473958 0.605 0.54114586 0.5908333 0.5208333 0.5391667 0.51927084 0.5391667 0.4890625 0.4725 0.48958334 0.47 0.47760418 0.4425 0.47135416 0.42 0.45260417 0.41833332 0.44270834 0.39416668 0.4734375 0.35916665 0.5 0.32833335 0.50572914 0.31916666 0.5109375 0.33666667 0.5140625 0.35583332 0.5239583 0.38833332
14 0.56875 0.47166666 0.609375 0.40583333 0.6640625 0.31833333 0.6635417 0.295 0.67291665 0.28 0.68125 0.275 0.6859375 0.2875 0.72083336 0.34 0.7375 0.3575 0.728125 0.3725 0.71302086 0.38583332 0.68854165 0.40916666 0.603125 0.54583335 0.59583336 0.5575 0.56354165 0.4825
14 0.7078125 0.39916667 0.7239583 0.4 0.734375 0.41583332 0.7265625 0.42583334 0.70208335 0.455 0.69322914 0.465 0.69166666 0.4675 0.6958333 0.4725 0.70520836 0.48 0.7057292 0.485 0.69947916 0.48916668 0.65625 0.46083334 0.6901042 0.4075 0.70104164 0.39666668
14 0.5755208 0.28416666 0.61927086 0.32416666 0.64427084 0.34916666 0.6125 0.40083334 0.6046875 0.41333333 0.55 0.36333334 0.55885416 0.35583332 0.5864583 0.34833333 0.5911458 0.34833333 0.58802086 0.33583334 0.58229166 0.33333334 0.565625 0.2775
14 0.63489586 0.6433333 0.65260416 0.68583333 0.66979164 0.7291667 0.6703125 0.73833334 0.66770834 0.7425 0.6635417 0.7375 0.584375 0.84166664 0.53020835 0.905 0.5109375 0.91833335 0.5151042 0.9425 0.50572914 0.9625 0.50208336 0.9683333 0.49895832 0.9658333 0.4984375 0.95916665 0.49479166 0.96 0.49375 0.9533333 0.49010417 0.95166665 0.48854166 0.945 0.4859375 0.94416666 0.48541668 0.9375 0.48333332 0.935 0.48333332 0.93083334 0.48020834 0.9266667 0.478125 0.9216667 0.4765625 0.915 0.4734375 0.9091667 0.47291666 0.90416664 0.4703125 0.9 0.46875 0.885 0.46614584 0.87666667 0.4640625 0.875 0.4609375 0.86083335 0.48697916 0.8491667 0.49375 0.84166664 0.5463542 0.7841667 0.56458336 0.75416666 0.57708335 0.7425 0.61614585 0.68916667 0.6302083 0.67333335 0.6244792 0.65166664 0.6302083 0.64416665
