18 0.5375 0.41833332 0.5208333 0.43 0.509375 0.43083334 0.5015625 0.43333334 0.48125 0.4375 0.4234375 0.45666668 0.384375 0.47 0.378125 0.4875 0.37760416 0.49083334 0.38177082 0.5175 0.41197917 0.5225 0.48489583 0.49666667 0.49739584 0.49333334 0.515625 0.49083334 0.52135414 0.49083334 0.52447915 0.49083334 0.5338542 0.50333333 0.5395833 0.5525 0.54791665 0.62916666 0.54895836 0.63 0.60729164 0.6066667 0.61354166 0.6 0.6171875 0.58916664 0.61510414 0.57166666 0.5921875 0.43166667 0.5885417 0.4125 0.58489585 0.405 0.5729167 0.39833334 0.5671875 0.39916667 0.55052084 0.4075
18 0.36822918 0.5175 0.30416667 0.51166666 0.29895833 0.51166666 0.2953125 0.5133333 0.28854167 0.5208333 0.284375 0.5308333 0.28385416 0.53333336 0.28125 0.5933333 0.27916667 0.6666667 0.28020832 0.7158333 0.28333333 0.7225 0.28645834 0.7275 0.2921875 0.7325 0.29791668 0.7325 0.3078125 0.7325 0.3140625 0.7316667 0.32552084 0.7316667 0.378125 0.73333335 0.384375 0.73333335 0.39010417 0.7341667 0.396875 0.74 0.40260416 0.74083334 0.40729168 0.7416667 0.41197917 0.74083334 0.41979167 0.73583335 0.409375 0.665 0.3953125 0.5625 0.3953125 0.5441667 0.39947918 0.5325 0.4046875 0.5258333 0.41197917 0.5225 0.38125 0.5175
18 0.8671875 0.6191667 0.84270835 0.62 0.82604164 0.61833334 0.775 0.61333334 0.74010414 0.6091667 0.7359375 0.61 0.728125 0.615 0.7239583 0.62166667 0.71979165 0.63666666 0.7192708 0.6425 0.71770835 0.68416667 0.71458334 0.7925 0.715625 0.8016667 0.7171875 0.80916667 0.72447914 0.8183333 0.7291667 0.82166666 0.7390625 0.82416666 0.7864583 0.8275 0.79583335 0.8275 0.8015625 0.825 0.80364585 0.82 0.81145835 0.82166666 0.83125 0.83166665 0.86041665 0.8358333 0.90416664 0.84 0.90989584 0.84 0.9171875 0.8308333 0.921875 0.82166666 0.9223958 0.7675 0.921875 0.6925 0.9223958 0.64666665 0.9213542 0.63416666 0.91614586 0.625 0.9114583 0.62 0.90416664 0.62083334
18 0.78229165 0.8325 0.7828125 0.87666667 0.78333336 0.91 0.7859375 0.9225 0.79114586 0.93 0.7994792 0.93083334 0.81666666 0.92833334 0.86822915 0.9241667 0.88072914 0.92 0.90625 0.9166667 0.9135417 0.91333336 0.91979164 0.9025 0.92083335 0.8908333 0.91875 0.8275 0.9125 0.835 0.909375 0.84 0.9010417 0.83916664 0.83020836 0.83166665 0.8125 0.82166666 0.803125 0.82 0.80104166 0.825 0.7963542 0.8275 0.78125 0.8275
18 0.8619792 0.585 0.83385414 0.59 0.78489584 0.5966667 0.7796875 0.605 0.77552086 0.61333334 0.81145835 0.6175 0.84166664 0.6191667 0.88489586 0.62 0.9067708 0.62 0.90520835 0.59833336 0.90208334 0.59 0.896875 0.5833333 0.8921875 0.58 0.8828125 0.58166665
18 0.8890625 0.21 0.86875 0.205 0.859375 0.205 0.84270835 0.2 0.81927085 0.19583334 0.79270834 0.1925 0.77552086 0.1875 0.75989586 0.1775 0.73541665 0.17166667 0.73072916 0.1725 0.721875 0.1825 0.71875 0.19833334 0.70885414 0.27166668 0.6979167 0.35083333 0.6958333 0.36583334 0.69895834 0.3825 0.7057292 0.39 0.70989585 0.39166668 0.7447917 0.40083334 0.8078125 0.41666666 0.87916666 0.43333334 0.8880208 0.43166667 0.8953125 0.42166665 0.90052086 0.40833333 0.90520835 0.36083335 0.9135417 0.27833334 0.9203125 0.24083333 0.9192708 0.23166667 0.9135417 0.2175 0.9088542 0.21083333 0.8958333 0.20916666
18 0.8364583 0.11 0.80364585 0.14916667 0.7729167 0.18666667 0.7786458 0.18833333 0.7916667 0.1925 0.8197917 0.19583334 0.84270835 0.2 0.85572916 0.20416667 0.8578125 0.14583333 0.859375 0.13083333 0.8588542 0.12666667 0.85572916 0.11666667 0.8515625 0.11 0.84739584 0.1075
18 0.646875 0.085 0.66614586 0.1325 0.70208335 0.21916667 0.709375 0.235 0.7109375 0.23666666 0.71302086 0.2375 0.7213542 0.18166667 0.73072916 0.1725 0.73541665 0.17166667 0.75416666 0.17583333 0.7583333 0.17666666 0.7734375 0.18666667 0.81458336 0.13583334 0.84375 0.10166667 0.87135416 0.0725 0.87708336 0.06 0.878125 0.041666668 0.875 0.029166667 0.8625 0.0 0.8072917 0.0 0.6953125 0.0 0.65 0.04916667 0.64635414 0.059166666 0.6453125 0.068333335
18 0.6458333 0.1275 0.646875 0.1875 0.64739585 0.3175 0.65 0.3225 0.65416664 0.33083335 0.659375 0.33583334 0.66510415 0.33666667 0.7 0.33416668 0.7135417 0.2375 0.7109375 0.23666666 0.709375 0.23416667 0.690625 0.19166666 0.65625 0.108333334 0.6536458 0.111666664 0.65 0.1175 0.6479167 0.12083333
18 0.51875 0.49 0.5052083 0.4925 0.49791667 0.49333334 0.46510416 0.50416666 0.41666666 0.5208333 0.40416667 0.5258333 0.39895833 0.5341667 0.3953125 0.545 0.3953125 0.56416667 0.4203125 0.73833334 0.425 0.77166665 0.42552084 0.79083335 0.43072918 0.83 0.434375 0.85 0.44166666 0.85833335 0.453125 0.85833335 0.47864583 0.85083336 0.5572917 0.8183333 0.56354165 0.80833334 0.5677083 0.7975 0.5625 0.76666665 0.55364585 0.70666665 0.553125 0.675 0.54322916 0.5858333 0.534375 0.50333333 0.5239583 0.49083334
