6 0.046875 0.66083336 0.14375 0.74833333 0.15520833 0.7216667 0.17864583 0.6508333 0.19166666 0.6141667 0.19739583 0.58166665 0.2015625 0.5683333 0.21458334 0.55916667 0.23020834 0.5491667 0.215625 0.5308333 0.15520833 0.46166667 0.13958333 0.44333333 0.12604167 0.46333334 0.125 0.47416666 0.106770836 0.52916664 0.088541664 0.5683333 0.069270834 0.6091667 0.054166667 0.6375 0.044791665 0.655
6 0.088541664 0.7075 0.09166667 0.7191667 0.0953125 0.74 0.09583333 0.7583333 0.09583333 0.77916664 0.09947917 0.79083335 0.104166664 0.8491667 0.11145833 0.8475 0.14635417 0.8275 0.17552084 0.81 0.246875 0.7866667 0.25833333 0.7825 0.26927084 0.77416664 0.26354167 0.7558333 0.21770833 0.7175 0.1765625 0.69 0.18385416 0.6691667 0.20729166 0.635 0.21458334 0.615 0.18489583 0.6325 0.17291667 0.66833335 0.15625 0.7175 0.14375 0.74916667 0.09739583 0.70666665 0.08802083 0.6983333 0.088541664 0.7033333
6 0.25520834 0.48333332 0.28333333 0.515 0.303125 0.53833336 0.32864583 0.5575 0.346875 0.57666665 0.35208333 0.5875 0.34583333 0.60583335 0.3265625 0.64 0.30677083 0.6791667 0.29375 0.7191667 0.2859375 0.7525 0.27864584 0.7733333 0.26302084 0.7558333 0.2296875 0.7275 0.21770833 0.7175 0.18645833 0.69666666 0.17604166 0.69 0.18333334 0.6691667 0.2078125 0.635 0.21770833 0.60583335 0.23697917 0.5425 0.24322917 0.51166666 0.2453125 0.50166667 0.253125 0.48416665
6 0.3046875 0.7225 0.3640625 0.7841667 0.39479166 0.825 0.41145834 0.84166664 0.44166666 0.7725 0.45052084 0.74583334 0.4640625 0.7175 0.4703125 0.71 0.46041667 0.6925 0.45572916 0.69 0.4453125 0.6791667 0.41979167 0.66583335 0.40572917 0.6533333 0.37708333 0.5975 0.36302084 0.5708333 0.34791666 0.55333334 0.3421875 0.57166666 0.346875 0.57666665 0.3515625 0.5875 0.34583333 0.60583335 0.32604167 0.6408333 0.30677083 0.67833334 0.2953125 0.71416664 0.30104166 0.7191667
6 0.22291666 0.48666668 0.26145834 0.41166666 0.26979166 0.39583334 0.28697917 0.35583332 0.3015625 0.37166667 0.31354168 0.41 0.32552084 0.45 0.33229166 0.47416666 0.34010416 0.48416665 0.37083334 0.505 0.38177082 0.51166666 0.3859375 0.5208333 0.38020834 0.53833336 0.36510417 0.57416666 0.36302084 0.5708333 0.34791666 0.55333334 0.3421875 0.57166666 0.328125 0.5575 0.30364582 0.53833336 0.27083334 0.5 0.25520834 0.48333332 0.253125 0.48416665 0.2453125 0.50166667 0.2421875 0.5175 0.23125 0.5058333 0.2265625 0.49666667 0.22135417 0.48916668
6 0.31927082 0.33833334 0.34895834 0.29916668 0.36302084 0.33083335 0.38489583 0.39 0.42395833 0.43083334 0.44739583 0.45333335 0.45677084 0.4675 0.42604166 0.525 0.39791667 0.57 0.37916666 0.6 0.36510417 0.57416666 0.3796875 0.5391667 0.3859375 0.52166665 0.38177082 0.51166666 0.3703125 0.505 0.34010416 0.48416665 0.33229166 0.47416666 0.325 0.4475 0.3125 0.40666667 0.32135418 0.40083334 0.315625 0.3525 0.31458333 0.34583333 0.3171875 0.34166667
6 0.50885415 0.3975 0.5026042 0.46416667 0.49479166 0.5391667 0.490625 0.57416666 0.50625 0.58 0.5171875 0.58 0.57135415 0.5925 0.59791666 0.60083336 0.6359375 0.6175 0.64739585 0.6175 0.6510417 0.5725 0.653125 0.5183333 0.64947915 0.49583334 0.6510417 0.47916666 0.6546875 0.45333335 0.6567708 0.445 0.61041665 0.43333334 0.5765625 0.42833334 0.5697917 0.43666667 0.55364585 0.445 0.54270834 0.44083333 0.5421875 0.4075 0.5338542 0.40333334 0.5317708 0.39916667 0.52552086 0.39583334 0.509375 0.39333335
6 0.5541667 0.26666668 0.5473958 0.30333334 0.5453125 0.34 0.5416667 0.3575 0.54114586 0.365 0.54270834 0.36916667 0.5421875 0.4075 0.54322916 0.44083333 0.553125 0.445 0.5697917 0.43666667 0.57708335 0.4275 0.6078125 0.43333334 0.63958335 0.44 0.65729165 0.445 0.6770833 0.45 0.6958333 0.45416668 0.69895834 0.41833332 0.7015625 0.33416668 0.70416665 0.2975 0.70416665 0.26666668 0.68958336 0.26333332 0.63072914 0.26916668 0.62864584 0.2725 0.59479165 0.26833335 0.5677083 0.26166666 0.5552083 0.25583333 0.55364585 0.26333332
6 0.5765625 0.16833334 0.646875 0.15 0.6880208 0.14166667 0.6901042 0.16416667 0.68385416 0.20083334 0.6802083 0.215 0.6828125 0.23333333 0.69114584 0.26416665 0.68958336 0.26333332 0.6302083 0.26916668 0.62864584 0.2725 0.59375 0.26833335 0.5885417 0.26666668 0.5854167 0.24666667 0.57916665 0.2075 0.5755208 0.19 0.57395834 0.17083333
6 0.7036458 0.31583333 0.715625 0.35083333 0.7171875 0.37 0.7 0.38333333 0.70104164 0.34416667 0.70208335 0.33166668 0.7026042 0.31666666
6 0.146875 0.27833334 0.14895834 0.28666666 0.1484375 0.29583332 0.15260416 0.3175 0.1578125 0.36333334 0.16145833 0.39416668 0.16822916 0.40583333 0.16979167 0.42166665 0.17239584 0.4525 0.18333334 0.44833332 0.23125 0.42416668 0.2609375 0.41333333 0.26927084 0.3975 0.2875 0.35583332 0.30104166 0.37166667 0.3125 0.40666667 0.32135418 0.40083334 0.31614584 0.35666665 0.31197917 0.32833335 0.29947916 0.22083333 0.28489584 0.22083333 0.25520834 0.23916666 0.22760417 0.2525 0.20052083 0.26 0.1640625 0.26833335 0.15520833 0.2675 0.14635417 0.27416667
