6 0.4625 0.40833333 0.44114584 0.42083332 0.434375 0.42416668 0.4265625 0.4325 0.42395833 0.43833333 0.42395833 0.4425 0.4296875 0.44166666 0.43489584 0.44 0.44427082 0.43333334 0.4515625 0.42833334 0.45989582 0.415
6 0.38854167 0.50333333 0.37708333 0.5225 0.37604168 0.5258333 0.38229167 0.5325 0.38802084 0.5391667 0.39270833 0.5425 0.4015625 0.54333335 0.40416667 0.5441667 0.39635417 0.52416664
6 0.5541667 0.32833335 0.54375 0.335 0.53802085 0.34416667 0.52916664 0.36166668 0.5171875 0.3675 0.5239583 0.38583332 0.5364583 0.4225 0.5385417 0.42666668 0.5375 0.40166667 0.54791665 0.40083334 0.5671875 0.405 0.5807292 0.40833333 0.578125 0.39833334 0.56458336 0.3575 0.55677086 0.33583334
6 0.359375 0.51416665 0.35364583 0.5108333 0.35208333 0.50416666 0.33541667 0.4975 0.31822917 0.5883333 0.30833334 0.6433333 0.303125 0.665 0.3125 0.66833335 0.3421875 0.68083334 0.38697916 0.7008333 0.42864582 0.7241667 0.43333334 0.73 0.45104167 0.7366667 0.45208332 0.73333335 0.4625 0.665 0.47239584 0.6125 0.47604167 0.58 0.4546875 0.60083336 0.44791666 0.61083335 0.44166666 0.6166667 0.434375 0.61833334 0.41614583 0.5758333 0.40260416 0.5441667 0.39427084 0.54333335 0.3921875 0.54333335 0.3765625 0.5275
6 0.42708334 0.72583336 0.41145834 0.78583336 0.40625 0.8041667 0.39947918 0.7975 0.3953125 0.7941667 0.39739582 0.775 0.39947918 0.76916665 0.40260416 0.76916665 0.40416667 0.76416665 0.4078125 0.73833334 0.40989584 0.7133333 0.421875 0.72 0.42760417 0.72333336
6 0.67604166 0.3875 0.66979164 0.3875 0.63697916 0.395 0.60625 0.41833332 0.58125 0.40833333 0.54791665 0.4 0.5375 0.40166667 0.5385417 0.43833333 0.54322916 0.5366667 0.54583335 0.5833333 0.55625 0.5825 0.565625 0.57916665 0.5984375 0.56166667 0.61354166 0.55583334 0.63697916 0.55833334 0.66197914 0.56583333 0.6875 0.56666666 0.69166666 0.56416667 0.69322914 0.5366667 0.690625 0.4775 0.6828125 0.42083332 0.67864585 0.4
6 0.50885415 0.35083333 0.49479166 0.36666667 0.484375 0.38166666 0.465625 0.40583333 0.46197918 0.41 0.46041667 0.41333333 0.4515625 0.42833334 0.43385416 0.44 0.4296875 0.44166666 0.42239583 0.4425 0.4 0.45166665 0.39375 0.45416668 0.37708333 0.46916667 0.38645834 0.49583334 0.403125 0.54083335 0.40416667 0.545 0.40885416 0.55916667 0.42708334 0.6016667 0.434375 0.61833334 0.434375 0.6191667 0.44114584 0.6166667 0.44322917 0.61583334 0.4484375 0.61 0.4546875 0.6 0.47760418 0.5783333 0.51927084 0.5391667 0.5421875 0.5208333 0.5395833 0.46 0.5385417 0.42583334 0.5239583 0.385 0.515625 0.3625
6 0.3125 0.6116667 0.29791668 0.605 0.284375 0.60083336 0.278125 0.5991667 0.27083334 0.65833336 0.26822916 0.7033333 0.25989583 0.7475 0.25625 0.7783333 0.26666668 0.7816667 0.27864584 0.78 0.315625 0.76666665 0.3203125 0.7675 0.35104167 0.7916667 0.38697916 0.81416667 0.39375 0.81583333 0.3953125 0.8125 0.3953125 0.7941667 0.396875 0.77916664 0.39739582 0.77416664 0.39895833 0.76916665 0.403125 0.7683333 0.40416667 0.7658333 0.40833333 0.7341667 0.409375 0.7133333 0.38489583 0.7 0.33854166 0.6791667 0.303125 0.665 0.30833334 0.6425 0.31354168 0.6125
6 0.6197917 0.6125 0.6109375 0.605 0.5984375 0.61 0.59375 0.61083335 0.57135415 0.595 0.5640625 0.59 0.55885416 0.5883333 0.5520833 0.58416665 0.5463542 0.5833333 0.54583335 0.5833333 0.5453125 0.57916665 0.53229165 0.5675 0.51770836 0.55833334 0.5104167 0.55583334 0.49479166 0.5725 0.4796875 0.59 0.47708333 0.5991667 0.47239584 0.6141667 0.46614584 0.64666665 0.46041667 0.6775 0.45572916 0.70666665 0.4703125 0.715 0.5052083 0.72583336 0.53229165 0.73583335 0.54375 0.73583335 0.56614584 0.76416665 0.5765625 0.77916664 0.590625 0.78583336 0.6046875 0.7133333 0.615625 0.65166664 0.6177083 0.635
6 0.475 0.5933333 0.4796875 0.59 0.4765625 0.5991667 0.47291666 0.61333334 0.47239584 0.6141667 0.47291666 0.60583335 0.47395834 0.5966667 0.47447917 0.5941667
6 0.53229165 0.53 0.5265625 0.5391667 0.5026042 0.565 0.48958334 0.57916665 0.48020834 0.59 0.4796875 0.59 0.47447917 0.5941667 0.47604167 0.58 0.49739584 0.55916667 0.51875 0.5391667 0.51979166 0.53833336 0.5296875 0.5308333 0.53333336 0.5283333
6 0.46041667 0.20166667 0.4515625 0.185 0.44270834 0.1625 0.44166666 0.1575 0.4375 0.1575 0.42760417 0.16916667 0.42239583 0.1825 0.39635417 0.22166666 0.35260418 0.27583334 0.3453125 0.29 0.340625 0.3125 0.33958334 0.31583333 0.35 0.32083333 0.38489583 0.34583333 0.4015625 0.36083335 0.4234375 0.3775 0.43958333 0.38916665 0.44114584 0.3875 0.4453125 0.37583333 0.44947916 0.3625 0.446875 0.34833333 0.44583333 0.34 0.44739583 0.33833334 0.4640625 0.3275 0.47135416 0.32083333 0.47760418 0.32083333 0.4859375 0.32583332 0.48802084 0.32583332 0.49114582 0.325 0.49739584 0.3175 0.496875 0.31416667 0.48802084 0.27916667 0.47395834 0.23583333 0.46666667 0.21916667 0.46354166 0.21
