6 0.1640625 0.58666664 0.18802084 0.585 0.22135417 0.5883333 0.22135417 0.5883333 0.1984375 0.62166667 0.16822916 0.64 0.16458334 0.6 0.16302083 0.5908333
6 0.259375 0.5675 0.28958333 0.55333334 0.30208334 0.54833335 0.30208334 0.55 0.31041667 0.6191667 0.3265625 0.705 0.32708332 0.715 0.31875 0.72083336 0.28541666 0.7266667 0.2890625 0.72333336 0.30260417 0.7183333 0.27760416 0.6425 0.25208333 0.5875 0.24739583 0.57416666
6 0.3765625 0.6141667 0.39010417 0.6141667 0.43020833 0.6191667 0.44427082 0.62333333 0.4265625 0.7083333 0.41614583 0.755 0.41822916 0.7683333 0.42708334 0.77 0.39635417 0.79083335 0.38333333 0.79083335 0.38333333 0.7825 0.378125 0.72083336 0.37864584 0.6791667 0.37708333 0.62666667
6 0.46041667 0.5375 0.52135414 0.5733333 0.55885416 0.6025 0.56041664 0.62 0.5229167 0.7316667 0.51979166 0.7991667 0.50989586 0.8325 0.46875 0.8025 0.45520833 0.7916667 0.4484375 0.7783333 0.42760417 0.77 0.41875 0.7683333 0.41614583 0.755 0.44479167 0.62333333 0.4578125 0.54
6 0.5640625 0.5933333 0.58125 0.585 0.590625 0.59166664 0.59270835 0.6425 0.58802086 0.7675 0.5697917 0.765 0.54010415 0.7416667 0.5260417 0.74333334 0.52708334 0.72083336 0.56041664 0.62 0.559375 0.6025 0.5515625 0.59583336
6 0.5265625 0.74666667 0.5265625 0.79 0.5239583 0.7941667 0.5203125 0.7941667 0.5229167 0.7316667 0.5265625 0.72
6 0.44739583 0.5733333 0.4484375 0.6 0.453125 0.57 0.44739583 0.5725
6 0.38333333 0.26 0.41302082 0.27333334 0.46875 0.31666666 0.4828125 0.33166668 0.47552082 0.35083333 0.42239583 0.5075 0.4125 0.54333335 0.40833333 0.5475 0.36822918 0.5083333 0.315625 0.44916666 0.32395834 0.42916667 0.35833332 0.39083335 0.36302084 0.3425 0.38020834 0.26166666
6 0.490625 0.0 0.49479166 0.068333335 0.5072917 0.13583334 0.51197916 0.18 0.5104167 0.18333334 0.50677085 0.18333334 0.44375 0.19166666 0.403125 0.20333333 0.4 0.19166666 0.39895833 0.17 0.40729168 0.06 0.40052083 0.044166666 0.38489583 0.0
6 0.53125 0.0 0.5109375 0.0775 0.50572914 0.12666667 0.4953125 0.06916667 0.490625 0.0
6 0.5072917 0.18583333 0.5015625 0.21666667 0.47135416 0.20666666 0.4328125 0.19583334 0.44791666 0.19083333 0.50625 0.18416667
6 0.396875 0.1725 0.39427084 0.18416667 0.39947918 0.185 0.39895833 0.17
6 0.13125 0.66333336 0.1984375 0.62166667 0.23229167 0.5733333 0.24635416 0.57 0.2515625 0.5883333 0.27864584 0.64416665 0.30208334 0.7175 0.28802082 0.72333336 0.23177083 0.7558333 0.21770833 0.785 0.2078125 0.80083334 0.19895834 0.7866667 0.15520833 0.725 0.1484375 0.7133333 0.122395836 0.68333334 0.122395836 0.6816667
