6 0.29375 0.015 0.2984375 0.0625 0.309375 0.054166667 0.31354168 0.059166666 0.35 0.13416667 0.375 0.16666667 0.4328125 0.17083333 0.44583333 0.17 0.440625 0.0625 0.43697917 0.0 0.40989584 0.0 0.38333333 0.01 0.37239584 0.015 0.35677084 0.023333333 0.30572918 0.008333334
6 0.37552083 0.26083332 0.32447916 0.33083335 0.31666666 0.32583332 0.30885416 0.30916667 0.29895833 0.32666665 0.3078125 0.33583334 0.35 0.3625 0.41302082 0.41833332 0.40625 0.36416668 0.40208334 0.33416668 0.3796875 0.255
6 0.14166667 0.6675 0.1390625 0.71416664 0.14739583 0.7808333 0.153125 0.8491667 0.1640625 0.84583336 0.221875 0.8125 0.25 0.815 0.28489584 0.81 0.3109375 0.8075 0.3046875 0.7325 0.29947916 0.71416664 0.2984375 0.6741667 0.2921875 0.62666667 0.20885417 0.6591667 0.15052083 0.66333336
6 0.128125 0.85333335 0.13229166 0.94666666 0.13333334 1.0 0.225 1.0 0.25729167 0.9891667 0.2796875 0.99 0.29479167 0.98083335 0.28802082 0.8725 0.28020832 0.81333333 0.2578125 0.8125 0.24322917 0.8225 0.175 0.84833336 0.13958333 0.8491667
6 0.49635416 0.78333336 0.39270833 0.8208333 0.39322916 0.83416665 0.40520832 0.88166666 0.41666666 1.0 0.52135414 1.0 0.50364584 0.91833335 0.5015625 0.8
6 0.37708333 0.87083334 0.32760417 0.89916664 0.3296875 0.92583334 0.35885417 1.0 0.41666666 1.0 0.40572917 0.8833333 0.39791667 0.8525
6 0.35625 0.44 0.3171875 0.56916666 0.30625 0.60333335 0.33385417 0.615 0.35260418 0.62916666 0.38125 0.65 0.41614583 0.7008333 0.4265625 0.7125 0.4453125 0.66833335 0.4875 0.56333333 0.47552082 0.55083334 0.409375 0.4975 0.3875 0.47083333 0.36145833 0.44416666
6 0.5984375 0.4675 0.49375 0.5275 0.49479166 0.54083335 0.51145834 0.5933333 0.53229165 0.6775 0.540625 0.7316667 0.546875 0.75416666 0.56458336 0.74 0.6380208 0.6958333 0.65 0.68916667 0.634375 0.64416665 0.61875 0.5908333 0.6010417 0.47416666
6 0.5234375 0.76416665 0.53489584 0.94166666 0.54479164 0.9425 0.6 0.9216667 0.63072914 0.9116667 0.6875 0.90166664 0.6802083 0.8383333 0.66197914 0.7291667 0.65416664 0.73 0.61822915 0.75416666 0.6078125 0.7658333 0.59947914 0.7633333 0.5375 0.7625
6 0.7630208 0.8775 0.75208336 0.8883333 0.7317708 0.92 0.7125 0.935 0.68958336 0.9675 0.67604166 0.9841667 0.67760414 1.0 0.68854165 1.0 0.8151042 1.0 0.790625 0.95416665 0.7703125 0.8875
6 0.7494792 0.80833334 0.73020834 0.8283333 0.7260417 0.8375 0.7505208 0.88916665 0.7630208 0.87666667 0.7708333 0.8883333 0.79010415 0.9533333 0.80260414 0.9775 0.8130208 0.9533333 0.8421875 0.9 0.915625 0.82416666 0.91302085 0.815 0.87395835 0.7608333 0.83385414 0.8175 0.809375 0.88166666 0.7760417 0.8441667 0.75572914 0.81416667
6 0.6166667 0.1 0.578125 0.24916667 0.57708335 0.26 0.5911458 0.26916668 0.61927086 0.2825 0.71979165 0.3475 0.7234375 0.33416668 0.7317708 0.28916666 0.7348958 0.245 0.73125 0.24 0.746875 0.21583334 0.7526042 0.20416667 0.74583334 0.19166666 0.73802084 0.18666667 0.640625 0.12 0.62708336 0.104166664
6 0.721875 0.545 0.621875 0.6025 0.63854164 0.6575 0.65 0.69 0.66041666 0.7241667 0.66302085 0.73583335 0.67552084 0.81 0.7171875 0.7991667 0.78020835 0.7675 0.77760416 0.74666667 0.74635416 0.67083335 0.7291667 0.5883333 0.725 0.56
6 0.73541665 0.47083333 0.6625 0.5783333 0.72239584 0.545 0.72864586 0.5825 0.7447917 0.6641667 0.7494792 0.66 0.7546875 0.6533333 0.7994792 0.61333334 0.8041667 0.5991667 0.75572914 0.5075 0.7390625 0.47666666
6 0.91041666 0.22416666 0.9114583 0.25083333 0.9270833 0.37166667 0.92864585 0.4175 0.9291667 0.45916668 1.0 0.445 1.0 0.22
6 0.80104166 0.34916666 0.78020835 0.38083333 0.7317708 0.45916668 0.72864586 0.47083333 0.7359375 0.47083333 0.76145834 0.5075 0.80677086 0.5883333 0.83177084 0.63916665 0.83489585 0.635 0.84375 0.61583334 0.8979167 0.53 0.9057292 0.51916665 0.9015625 0.5108333 0.84583336 0.43333334 0.80625 0.36416668
6 0.815625 0.6075 0.7875 0.66583335 0.7604167 0.705 0.77708334 0.74666667 0.7807292 0.7675 0.7369792 0.7891667 0.7473958 0.80083334 0.75364584 0.81166667 0.7583333 0.81916666 0.7739583 0.8408333 0.80885416 0.88 0.8328125 0.81916666 0.8755208 0.75916666 0.9078125 0.7266667 0.9114583 0.71666664 0.859375 0.64666665 0.8421875 0.62 0.84010416 0.62333333 0.834375 0.6375 0.83177084 0.63916665 0.8171875 0.61
6 0.903125 0.46333334 0.89739585 0.4825 0.89479166 0.5 0.90260416 0.5133333 0.90520835 0.51916665 0.8796875 0.55583334 0.87864584 0.5725 0.85625 0.6425 0.91197914 0.7175 0.940625 0.7475 0.95208335 0.72583336 0.95677084 0.68 0.9796875 0.61 0.9994792 0.5566667 0.9994792 0.5366667 0.9114583 0.47416666
6 0.46822917 0.17166667 0.43385416 0.1925 0.43333334 0.19083333 0.41302082 0.20333333 0.403125 0.21166667 0.36979166 0.2225 0.38020834 0.25583333 0.4015625 0.335 0.41666666 0.445 0.42239583 0.4625 0.51979166 0.40416667 0.5078125 0.35583332 0.48958334 0.27916667 0.47760418 0.22 0.47239584 0.17583333
6 0.30885416 0.054166667 0.28229168 0.07666667 0.24583334 0.1275 0.22083333 0.15583333 0.22864583 0.17166667 0.271875 0.23083334 0.3171875 0.32583332 0.32447916 0.33166668 0.3796875 0.25583333 0.375 0.24 0.3703125 0.22333333 0.40364584 0.21 0.3984375 0.1975 0.3515625 0.13666667 0.3125 0.0575
