6 0.415625 0.80916667 0.40729168 0.8375 0.4 0.8616667 0.35885417 0.9075 0.35208333 0.92 0.37083334 0.9508333 0.40572917 1.0 0.4578125 1.0 0.5317708 0.825 0.4921875 0.79 0.44375 0.805 0.41875 0.80833334
6 0.5234375 0.84583336 0.45677084 1.0 0.5416667 1.0 0.5708333 0.97333336 0.57708335 0.9625 0.52916664 0.86
6 0.5885417 0.5625 0.5885417 0.5775 0.58958334 0.665 0.6536458 0.63666666 0.65416664 0.6308333 0.66822916 0.6066667 0.67291665 0.585 0.6744792 0.57166666 0.64375 0.57 0.5989583 0.56583333
6 0.7994792 0.37333333 0.77239585 0.37833333 0.77447915 0.43083334 0.77708334 0.5058333 0.7765625 0.60583335 0.7786458 0.61583334 0.7885417 0.61583334 0.8828125 0.5941667 0.87916666 0.5625 0.8744792 0.4825 0.87604165 0.395 0.87864584 0.36 0.8109375 0.3675
6 0.119791664 0.33333334 0.10572917 0.34666666 0.07083333 0.39333335 0.038020834 0.43416667 0.0 0.46083334 0.0 0.50083333 0.008333334 0.5108333 0.0109375 0.5283333 0.025520833 0.5808333 0.04375 0.62166667 0.061458334 0.60583335 0.134375 0.525 0.17604166 0.48666668 0.1859375 0.47416666 0.18333334 0.46416667 0.14635417 0.3825 0.13645834 0.36333334 0.12291667 0.33583334
6 0.165625 0.13916667 0.1625 0.1475 0.16510417 0.2075 0.1609375 0.2375 0.14322917 0.33583334 0.13958333 0.345 0.14010416 0.3675 0.1578125 0.37416667 0.2421875 0.39 0.25052083 0.39083335 0.25260416 0.34416667 0.2546875 0.29166666 0.27291667 0.1875 0.275 0.16083333 0.2234375 0.155 0.19010417 0.1425 0.17447917 0.1375
6 0.25260416 0.35083333 0.25052083 0.39 0.2421875 0.39166668 0.2390625 0.42666668 0.23697917 0.49583334 0.23229167 0.51666665 0.23645833 0.52166665 0.24375 0.5208333 0.2875 0.5316667 0.30260417 0.54083335 0.3125 0.54583335 0.32604167 0.54583335 0.34947917 0.56166667 0.35677084 0.56916666 0.37552083 0.575 0.37604168 0.55916667 0.38020834 0.52916664 0.39114583 0.465 0.3984375 0.405 0.37864584 0.39666668 0.3375 0.38833332 0.32760417 0.39666668 0.31875 0.39166668 0.2859375 0.36833334 0.26875 0.3575 0.26354167 0.3525
6 0.29947916 0.54 0.25052083 0.5825 0.2421875 0.5858333 0.18854167 0.59583336 0.17760417 0.60583335 0.1796875 0.62083334 0.190625 0.68333334 0.1921875 0.685 0.20520833 0.74833333 0.20520833 0.7525 0.20729166 0.75916666 0.20729166 0.7708333 0.21041666 0.77916664 0.22864583 0.76916665 0.25520834 0.73083335 0.25989583 0.72333336 0.28177083 0.715 0.29479167 0.7075 0.2984375 0.6983333 0.30208334 0.6983333 0.30729166 0.7033333 0.3109375 0.69916666 0.34010416 0.69916666 0.35520834 0.68916667 0.353125 0.67 0.33541667 0.595 0.3234375 0.54583335 0.31197917 0.54583335
6 0.22395833 0.77166665 0.24739583 0.825 0.25520834 0.80583334 0.2640625 0.785 0.28854167 0.7225 0.29479167 0.7075 0.2828125 0.71416664 0.25989583 0.72333336 0.25260416 0.735 0.22916667 0.76916665
6 0.296875 0.70166665 0.246875 0.82666665 0.23854166 0.8525 0.25 0.8691667 0.25989583 0.87166667 0.2734375 0.875 0.30572918 0.88916665 0.32239583 0.8958333 0.33333334 0.90833336 0.34791666 0.9508333 0.35729167 0.9633333 0.36197916 0.95666665 0.3625 0.9525 0.36666667 0.945 0.353125 0.9225 0.3515625 0.92 0.359375 0.9075 0.4 0.8625 0.415625 0.80916667 0.40416667 0.81333333 0.39375 0.8183333 0.39114583 0.8175 0.38854167 0.7825 0.34895834 0.755 0.33020833 0.7325 0.3125 0.71166664 0.30729166 0.7033333 0.30208334 0.6983333 0.2984375 0.6983333
6 0.3171875 0.69916666 0.33125 0.72583336 0.334375 0.7375 0.3125 0.71166664 0.30729166 0.7033333 0.3109375 0.69916666
6 0.5796875 0.8383333 0.5494792 0.865 0.534375 0.87 0.540625 0.885 0.57708335 0.9633333 0.57135415 0.9741667 0.54114586 1.0 0.634375 1.0 0.61354166 0.9458333 0.603125 0.92 0.57916665 0.85333335 0.5833333 0.8491667 0.58177084 0.83916664
6 0.48020834 0.5733333 0.4796875 0.58 0.4828125 0.6025 0.48541668 0.6475 0.4890625 0.72583336 0.5005208 0.7775 0.50104165 0.7875 0.4921875 0.79 0.51979166 0.81416667 0.5286458 0.81333333 0.5796875 0.80833334 0.58802086 0.80916667 0.57604164 0.75666666 0.56875 0.7266667 0.5609375 0.6741667 0.5885417 0.66583335 0.5875 0.56416667 0.58489585 0.5566667 0.53489584 0.56583333 0.52916664 0.56416667 0.48229167 0.57166666
6 0.38020834 0.5783333 0.36770833 0.58 0.37083334 0.6141667 0.37760416 0.64416665 0.3859375 0.7075 0.38854167 0.78333336 0.39114583 0.8175 0.39375 0.8183333 0.415625 0.80916667 0.42604166 0.8075 0.44322917 0.805 0.5015625 0.7875 0.5005208 0.7783333 0.48958334 0.7275 0.48489583 0.68333334 0.48333332 0.6458333 0.48125 0.64 0.48177084 0.6041667 0.48072916 0.5908333 0.4796875 0.58166665 0.48125 0.57166666 0.47916666 0.55333334 0.47291666 0.5525 0.39322916 0.575 0.38229167 0.5758333
6 0.5833333 0.81166667 0.5734375 0.8433333 0.5796875 0.8383333 0.58229166 0.83916664 0.5833333 0.8491667 0.578125 0.8541667 0.6276042 0.98333335 0.634375 1.0 0.63697916 1.0 0.6411458 0.9866667 0.6421875 0.97583336 0.65260416 0.935 0.6791667 0.855 0.69427085 0.815 0.6958333 0.7975 0.6796875 0.7775 0.63697916 0.80583334 0.6333333 0.8075 0.6145833 0.83416665 0.596875 0.84833336 0.59010416 0.81666666
6 0.6921875 0.585 0.6796875 0.5933333 0.6666667 0.61 0.6536458 0.6308333 0.653125 0.63666666 0.5854167 0.66583335 0.56145835 0.67333335 0.56666666 0.7108333 0.56927085 0.72833335 0.5796875 0.77 0.59010416 0.81666666 0.596875 0.8491667 0.61510414 0.8325 0.6333333 0.80833334 0.6901042 0.77 0.7036458 0.75916666 0.7213542 0.7608333 0.73333335 0.74833333 0.7328125 0.7391667 0.7114583 0.65166664 0.6953125 0.585
6 0.740625 0.57416666 0.7296875 0.5808333 0.72239584 0.5933333 0.7182292 0.595 0.7026042 0.61583334 0.73333335 0.74 0.7328125 0.7475 0.721875 0.76 0.703125 0.76 0.6927083 0.7675 0.7057292 0.81416667 0.71666664 0.84833336 0.725 0.8666667 0.7348958 0.8591667 0.79895836 0.7841667 0.81666666 0.76416665 0.80885416 0.74666667 0.8052083 0.7366667 0.77916664 0.7083333 0.7739583 0.7008333 0.75989586 0.6408333 0.74895835 0.5933333
6 0.7026042 0.305 0.6927083 0.32583332 0.6901042 0.34333333 0.6458333 0.4625 0.63645834 0.4875 0.6328125 0.49166667 0.62708336 0.5125 0.63125 0.52 0.69739586 0.575 0.7192708 0.5941667 0.725 0.5875 0.7291667 0.57416666 0.73125 0.56333333 0.7369792 0.5325 0.7416667 0.49666667 0.7630208 0.44916666 0.7739583 0.42833334 0.77239585 0.37833333 0.7984375 0.37333333 0.8015625 0.37083334 0.7671875 0.37333333 0.7583333 0.36416668 0.7515625 0.3625 0.74375 0.35916665 0.71302086 0.3175 0.70416665 0.30416667
6 0.71666664 0.11333334 0.7046875 0.1225 0.6645833 0.1575 0.6390625 0.17583333 0.6098958 0.1925 0.5932292 0.1975 0.5828125 0.20416667 0.6046875 0.2725 0.6140625 0.30666667 0.6255208 0.33166668 0.6380208 0.35 0.6432292 0.35166666 0.6515625 0.33916667 0.6828125 0.31 0.7125 0.2925 0.73333335 0.27833334 0.75989586 0.26583335 0.75625 0.25083333 0.74114585 0.19666667 0.7270833 0.1425 0.71979165 0.115
6 0.18958333 0.68333334 0.1734375 0.6975 0.20520833 0.74666667 0.19375 0.6933333 0.19270833 0.685
