3 0.033854168 0.6533333 0.018229166 0.65416664 0.008333334 0.6458333 0.0 0.5883333 0.0 0.5425 0.0 0.51 0.0171875 0.43833333 0.043229166 0.40416667 0.080729164 0.40416667 0.119791664 0.40833333 0.146875 0.41666666 0.15885417 0.41583332 0.1625 0.4125 0.17864583 0.42833334 0.178125 0.44333333 0.165625 0.455 0.1625 0.46833333 0.165625 0.48083332 0.18333334 0.4975 0.19427083 0.5258333 0.20677084 0.59166664 0.20520833 0.6025 0.196875 0.6116667 0.19479166 0.61333334 0.19166666 0.5925 0.1734375 0.56916666 0.1421875 0.565 0.110416666 0.5808333 0.09375 0.5775 0.084895834 0.54833335 0.075 0.5375 0.07447917 0.5366667 0.0515625 0.5775 0.036458332 0.6191667
3 0.23854166 0.81166667 0.32239583 0.7608333 0.3375 0.7558333 0.340625 0.74916667 0.31979167 0.7025 0.29583332 0.66 0.29739583 0.64916664 0.315625 0.65 0.32395834 0.6433333 0.3171875 0.6325 0.3125 0.625 0.29375 0.6116667 0.27864584 0.62 0.259375 0.615 0.24010417 0.62083334 0.2234375 0.6075 0.21145834 0.60583335 0.2046875 0.6408333 0.20416667 0.6616667 0.21666667 0.6666667 0.20885417 0.6925 0.20677084 0.74916667 0.20729166 0.7608333 0.19270833 0.77166665 0.17604166 0.7808333 0.17395833 0.7916667 0.17708333 0.8016667 0.18854167 0.81166667 0.20677084 0.8225 0.21458334 0.82416666
3 0.259375 0.79833335 0.26197916 0.80833334 0.2765625 0.82 0.32916668 0.84583336 0.396875 0.8675 0.43229166 0.87666667 0.44791666 0.8725 0.45 0.8575 0.46510416 0.68916667 0.46979168 0.6433333 0.46197918 0.6275 0.4484375 0.62166667 0.3328125 0.61 0.29739583 0.60583335 0.28385416 0.60833335 0.27552083 0.61833334 0.28072917 0.61833334 0.29322916 0.61083335 0.31197917 0.62333333 0.32395834 0.6433333 0.31666666 0.65166664 0.29791668 0.65166664 0.29739583 0.6575 0.32239583 0.705 0.34114584 0.75 0.33645833 0.7575 0.30052084 0.7758333 0.26822916 0.795
3 0.51875 0.95666665 0.553125 0.93916667 0.5984375 0.915 0.6640625 0.87583333 0.68541664 0.8666667 0.690625 0.8566667 0.6859375 0.8375 0.67552084 0.8208333 0.6510417 0.81 0.6510417 0.79583335 0.65625 0.7891667 0.6588542 0.7758333 0.6588542 0.7583333 0.6557292 0.73 0.6536458 0.7108333 0.6578125 0.68416667 0.653125 0.6675 0.6458333 0.6591667 0.61927086 0.665 0.5953125 0.68083334 0.56458336 0.68416667 0.53333336 0.6975 0.47395834 0.725 0.47083333 0.7325 0.46979168 0.74083334 0.47916666 0.78833336 0.5 0.8983333 0.5072917 0.94 0.51354164 0.95
3 0.69739586 0.49916667 0.6734375 0.50333333 0.6546875 0.5158333 0.653125 0.5275 0.65729165 0.56416667 0.66979164 0.60833335 0.6875 0.64416665 0.6984375 0.6591667 0.696875 0.66833335 0.690625 0.68666667 0.69322914 0.7025 0.70625 0.70916665 0.72447914 0.69416666 0.7484375 0.68583333 0.7671875 0.67333335 0.83385414 0.62416667 0.84791666 0.61583334 0.85572916 0.61083335 0.85572916 0.59583336 0.8546875 0.58416665 0.82916665 0.49416667 0.81354165 0.44083333 0.8020833 0.40833333 0.79375 0.39416668 0.7807292 0.40416667 0.7515625 0.4375 0.7390625 0.4525 0.71510416 0.46416667 0.71197915 0.48 0.70677084 0.49416667
3 0.13072917 0.405 0.13854167 0.38666666 0.159375 0.35166666 0.18697916 0.29083332 0.21354167 0.24166666 0.22395833 0.23 0.253125 0.28083333 0.27395833 0.3175 0.30104166 0.37083334 0.32291666 0.4175 0.27447918 0.48666668 0.23333333 0.5466667 0.22552083 0.55083334 0.21145834 0.5175 0.20989583 0.49166667 0.21145834 0.4825 0.18541667 0.4475 0.18020834 0.43916667 0.17916666 0.42833334 0.16770834 0.41666666 0.1625 0.41 0.15885417 0.415 0.146875 0.415 0.1328125 0.40833333
3 0.47239584 0.3 0.44947916 0.34083334 0.43020833 0.37833333 0.42916667 0.3875 0.43125 0.39916667 0.44635418 0.40583333 0.475 0.42083332 0.4984375 0.43833333 0.4953125 0.45083332 0.5026042 0.4725 0.5140625 0.49083334 0.52447915 0.49916667 0.5375 0.49916667 0.5453125 0.4825 0.5541667 0.45666668 0.5651042 0.45333335 0.5828125 0.43 0.6125 0.4025 0.64270836 0.35583332 0.64739585 0.345 0.646875 0.32833335 0.64427084 0.31416667 0.6203125 0.2825 0.615625 0.29333332 0.60052085 0.29583332 0.559375 0.3375 0.5494792 0.35 0.5260417 0.34833333 0.51197916 0.34166667 0.4796875 0.335 0.47708333 0.31416667
3 0.49010417 0.090833336 0.44583333 0.10916667 0.44010416 0.11416667 0.440625 0.1425 0.45208332 0.20333333 0.46770832 0.29333332 0.47239584 0.30166668 0.47708333 0.31083333 0.48020834 0.33333334 0.5130208 0.34 0.5265625 0.34666666 0.546875 0.3475 0.5984375 0.295 0.6109375 0.29333332 0.6145833 0.29333332 0.6177083 0.28833333 0.6067708 0.26416665 0.5796875 0.2575 0.5854167 0.23583333 0.590625 0.21916667 0.56614584 0.17083333 0.496875 0.09833334
3 0.603125 0.2625 0.5859375 0.23583333 0.58177084 0.2525 0.58125 0.25666666 0.5984375 0.26166666
3 0.690625 0.31083333 0.66614586 0.29166666 0.6536458 0.25083333 0.63958335 0.2475 0.62708336 0.24083333 0.61510414 0.215 0.6015625 0.21416667 0.621875 0.13666667 0.625 0.115833335 0.68125 0.028333334 0.69114584 0.028333334 0.70729166 0.046666667 0.7213542 0.09 0.7270833 0.12083333 0.7265625 0.15083334 0.74583334 0.14416666 0.7546875 0.14416666 0.7786458 0.16166666 0.78229165 0.18083334 0.77135414 0.22166666 0.7213542 0.3325 0.709375 0.34416667 0.690625 0.31916666
3 0.13229166 0.8541667 0.058333334 0.835 0.015625 0.8208333 0.011458334 0.8066667 0.033333335 0.68666667 0.0375 0.6191667 0.053645834 0.5758333 0.07447917 0.5375 0.083333336 0.5491667 0.09322917 0.5783333 0.10989583 0.58166665 0.13177083 0.57166666 0.14479166 0.56666666 0.1734375 0.5708333 0.19166666 0.5925 0.19427083 0.6166667 0.1890625 0.66833335 0.18854167 0.7175 0.19010417 0.74833333 0.19010417 0.7725 0.17447917 0.7816667 0.171875 0.78833336 0.17916666 0.805 0.17916666 0.845 0.16666667 0.8616667 0.14635417 0.86083335
