19 0.33645833 0.90833336 0.32083333 0.87583333 0.31302083 0.8566667 0.29947916 0.8325 0.2875 0.81666666 0.27552083 0.8 0.259375 0.77166665 0.2546875 0.76166666 0.253125 0.7525 0.25364584 0.74666667 0.25677082 0.7375 0.29010418 0.68583333 0.30520833 0.66333336 0.346875 0.59833336 0.36510417 0.5708333 0.37239584 0.56 0.378125 0.56166667 0.38489583 0.56416667 0.39010417 0.56416667 0.39375 0.56333333 0.40104166 0.5758333 0.42395833 0.6175 0.440625 0.64416665 0.45416668 0.6666667 0.4671875 0.69 0.47291666 0.6983333 0.47604167 0.70916665 0.475 0.72 0.47239584 0.7275 0.45729166 0.75083333 0.45104167 0.75916666 0.44010416 0.7758333 0.41614583 0.8125 0.38958332 0.85333335 0.35833332 0.9025 0.35104167 0.9125 0.34791666 0.9141667 0.340625 0.9141667
19 0.31302083 0.8566667 0.30833334 0.85833335 0.2984375 0.86 0.29114583 0.86 0.28854167 0.8566667 0.28489584 0.8491667 0.28333333 0.845 0.28489584 0.82666665 0.28385416 0.81666666 0.28072917 0.80916667 0.28125 0.80833334 0.2921875 0.8233333 0.29895833 0.8333333
19 0.1484375 0.79083335 0.12760417 0.7558333 0.10104167 0.715 0.0796875 0.6825 0.079166666 0.6741667 0.08177083 0.66083336 0.091145836 0.6458333 0.116145834 0.60333335 0.1296875 0.5825 0.146875 0.55083334 0.15885417 0.5316667 0.165625 0.52416664 0.17291667 0.5233333 0.17760417 0.5275 0.18645833 0.54083335 0.19739583 0.55833334 0.20416667 0.57 0.22552083 0.60333335 0.23541667 0.6191667 0.26145834 0.6591667 0.27864584 0.68583333 0.28333333 0.6958333 0.26770833 0.72 0.25625 0.7366667 0.25364584 0.74666667 0.25260416 0.7525 0.25416666 0.7625 0.26354167 0.77916664 0.2515625 0.7975 0.25 0.7975 0.23072916 0.7941667 0.20208333 0.7891667 0.17239584 0.7825 0.159375 0.78 0.15416667 0.7825 0.14947917 0.78833336
19 0.17291667 0.52166665 0.159375 0.4925 0.15520833 0.48083332 0.14166667 0.44333333 0.140625 0.43833333 0.140625 0.43 0.1421875 0.42416668 0.1515625 0.41416666 0.1796875 0.3825 0.2 0.35916665 0.21822916 0.33916667 0.2296875 0.32583332 0.23385416 0.325 0.23697917 0.32416666 0.24010417 0.32583332 0.24427083 0.33 0.2453125 0.3325 0.24739583 0.3325 0.25885418 0.35916665 0.26770833 0.38416666 0.28802082 0.43916667 0.30208334 0.47666666 0.3140625 0.5125 0.328125 0.55083334 0.33229166 0.5683333 0.33229166 0.5758333 0.3296875 0.5858333 0.32291666 0.5933333 0.30572918 0.60833335 0.28020832 0.6325 0.25989583 0.6525 0.25833333 0.6533333 0.2453125 0.6333333 0.23177083 0.6125 0.22604166 0.60333335 0.20104167 0.56416667 0.18333334 0.53583336 0.17760417 0.52666664 0.17291667 0.5233333
19 0.2796875 0.63416666 0.29166666 0.62916666 0.3078125 0.62416667 0.3296875 0.615 0.334375 0.61333334 0.3375 0.6125 0.32447916 0.6333333 0.3046875 0.6641667 0.2921875 0.6825 0.28333333 0.695 0.27864584 0.685 0.26614583 0.66583335 0.25833333 0.65416664 0.26041666 0.6525 0.27291667 0.64
19 0.23802084 0.32333332 0.24010417 0.30333334 0.24270834 0.295 0.24583334 0.29 0.25052083 0.2875 0.25520834 0.28666666 0.2796875 0.29333332 0.28958333 0.2975 0.33854166 0.31333333 0.3953125 0.33083335 0.41354167 0.3375 0.41666666 0.34166667 0.41927084 0.34833333 0.41979167 0.355 0.41666666 0.38833332 0.41302082 0.41833332 0.4078125 0.45666668 0.40625 0.47333333 0.40208334 0.5275 0.40052083 0.5441667 0.3984375 0.555 0.39479166 0.5625 0.39322916 0.56333333 0.38958332 0.56416667 0.38489583 0.56416667 0.37239584 0.55916667 0.35052082 0.5491667 0.32447916 0.54 0.31354168 0.5108333 0.30208334 0.47583333 0.2796875 0.41416666 0.25729167 0.355 0.24739583 0.33166668 0.2453125 0.33166668 0.24427083 0.33 0.24010417 0.325 0.2375 0.32416666
19 0.34270832 0.60333335 0.34010416 0.595 0.33229166 0.5733333 0.3328125 0.5675 0.328125 0.5491667 0.32447916 0.54 0.35 0.55 0.37239584 0.55916667 0.365625 0.57 0.35260418 0.58916664 0.34739584 0.5975
19 0.4078125 0.5858333 0.41614583 0.5825 0.425 0.5875 0.43177083 0.5991667 0.43385416 0.6116667 0.4359375 0.62666667 0.4375 0.63916665 0.428125 0.62333333 0.4078125 0.5875
19 0.190625 0.37 0.18697916 0.36333334 0.184375 0.3525 0.18489583 0.345 0.190625 0.33 0.20572917 0.30416667 0.21354167 0.29083332 0.253125 0.2225 0.26510417 0.1925 0.284375 0.15333334 0.29270834 0.13666667 0.29739583 0.135 0.3046875 0.1375 0.30989584 0.1425 0.3609375 0.21666667 0.39479166 0.26333332 0.39895833 0.2725 0.4 0.28 0.39895833 0.2875 0.39583334 0.29916668 0.390625 0.30916667 0.38125 0.32583332 0.35572916 0.31833333 0.3203125 0.30666667 0.27083334 0.29083332 0.25520834 0.28666666 0.25104168 0.2875 0.24583334 0.29 0.2421875 0.29583332 0.24010417 0.30333334 0.2375 0.32416666 0.23645833 0.32416666 0.22916667 0.32583332 0.21510416 0.3425 0.1984375 0.36
19 0.3875 0.31666666 0.40729168 0.295 0.421875 0.27833334 0.42760417 0.27666667 0.43229166 0.2775 0.43802083 0.28583333 0.453125 0.3225 0.47916666 0.39083335 0.4953125 0.43083334 0.5026042 0.45083332 0.5026042 0.45833334 0.50208336 0.46666667 0.496875 0.47666666 0.47447917 0.50083333 0.46354166 0.5125 0.4375 0.535 0.4125 0.5625 0.40104166 0.5758333 0.39375 0.56333333 0.39479166 0.56333333 0.39895833 0.555 0.40104166 0.5441667 0.40364584 0.5058333 0.4078125 0.45583335 0.40885416 0.45083332 0.41354167 0.415 0.41822916 0.37416667 0.41979167 0.35416666 0.41927084 0.3475 0.41614583 0.34083334 0.41302082 0.3375 0.39479166 0.33 0.38177082 0.32583332 0.38645834 0.3175
19 0.43854168 0.53583336 0.4703125 0.5175 0.49010417 0.50666666 0.49479166 0.50666666 0.5 0.5108333 0.5052083 0.5225 0.5130208 0.56166667 0.5161458 0.5783333 0.525 0.6225 0.53229165 0.6575 0.5473958 0.7191667 0.5572917 0.76 0.55833334 0.7725 0.5572917 0.7841667 0.5552083 0.7891667 0.55104166 0.79583335 0.5395833 0.8025 0.49583334 0.8233333 0.45989582 0.84166664 0.44479167 0.85 0.43958333 0.85083336 0.43854168 0.85 0.434375 0.85 0.42864582 0.84583336 0.42552084 0.84166664 0.42291668 0.8308333 0.421875 0.8208333 0.446875 0.81333333 0.4515625 0.81083333 0.45520833 0.8125 0.45729166 0.8066667 0.459375 0.80083334 0.45989582 0.78583336 0.45833334 0.7708333 0.45520833 0.75416666 0.46927083 0.7325 0.47239584 0.7275 0.475 0.72 0.47604167 0.70916665 0.47291666 0.6975 0.46666667 0.68916667 0.45104167 0.66083336 0.43802083 0.64 0.43802083 0.6383333 0.4328125 0.60583335 0.43177083 0.5991667 0.425 0.58666664 0.41614583 0.5825 0.4078125 0.5858333 0.40729168 0.58666664 0.40104166 0.5758333 0.40260416 0.57416666 0.4265625 0.5475 0.43697917 0.535
19 0.409375 0.82416666 0.43125 0.79 0.44895834 0.7633333 0.45520833 0.75416666 0.45833334 0.7708333 0.45989582 0.7866667 0.459375 0.80083334 0.45520833 0.8125 0.4515625 0.81083333 0.446875 0.8125 0.42708334 0.81916666 0.42135417 0.8208333 0.4078125 0.8258333
19 0.12083333 1.0 0.12760417 0.94666666 0.13958333 0.8516667 0.14270833 0.82416666 0.14635417 0.7966667 0.14947917 0.78833336 0.1546875 0.7825 0.159375 0.78 0.20052083 0.7891667 0.24791667 0.7975 0.2734375 0.80333334 0.28072917 0.80916667 0.28333333 0.8175 0.28489584 0.82666665 0.28072917 0.86833334 0.27291667 0.9375 0.26614583 1.0
