16 0.071354166 0.41666666 0.0765625 0.38583332 0.08958333 0.34333333 0.196875 0.4125 0.30416667 0.4725 0.33958334 0.4925 0.26875 0.7675 0.2015625 0.7216667 0.19895834 0.6925 0.15989584 0.67833334 0.13958333 0.6766667 0.01875 0.6125 0.035416666 0.5466667 0.052083332 0.48416665 0.065625 0.46166667 0.071875 0.42416668
16 0.29739583 0.38333333 0.38020834 0.39333335 0.42239583 0.46 0.42447916 0.45833334 0.44322917 0.4325 0.459375 0.4025 0.47864583 0.40583333 0.48802084 0.41666666 0.49479166 0.4175 0.5072917 0.41333333 0.53489584 0.45083332 0.553125 0.48 0.5494792 0.6141667 0.54375 0.68833333 0.5161458 0.68666667 0.46979168 0.6641667 0.46197918 0.6641667 0.43385416 0.6725 0.3796875 0.67583334 0.29427084 0.67 0.3296875 0.5308333 0.3390625 0.49416667 0.34010416 0.49333334 0.29479167 0.4675 0.2953125 0.415 0.29739583 0.38833332
16 0.1109375 0.115 0.20104167 0.046666667 0.22291666 0.035833333 0.25208333 0.0 0.31770834 0.0 0.33645833 0.046666667 0.37239584 0.14833333 0.35 0.1825 0.34583333 0.1925 0.33958334 0.20166667 0.31927082 0.22166666 0.29739583 0.25583333 0.31197917 0.28083333 0.25885418 0.33083335 0.18177083 0.4025 0.146875 0.37916666 0.06302083 0.15916666 0.06614583 0.15416667 0.1015625 0.123333335
16 0.41770834 0.075833336 0.46302083 0.0 0.51197916 0.0 0.59739584 0.13916667 0.61354166 0.17333333 0.55052084 0.26666668 0.5 0.33916667 0.47395834 0.36666667 0.45677084 0.40583333 0.44270834 0.43333334 0.425 0.45833334 0.421875 0.46083334 0.37604168 0.38583332 0.296875 0.25666666 0.31875 0.2225 0.34010416 0.20083334 0.346875 0.19083333 0.35052082 0.18166667 0.38333333 0.13333334 0.40572917 0.105
16 0.43489584 0.035833333 0.41927084 0.0 0.4625 0.0 0.43854168 0.041666668
16 0.5932292 0.28 0.615625 0.25916666 0.63385415 0.22 0.640625 0.21083333 0.659375 0.20333333 0.67864585 0.18916667 0.7083333 0.1575 0.671875 0.083333336 0.63489586 0.0 0.5125 0.0 0.5208333 0.013333334 0.5828125 0.115833335 0.59947914 0.1425 0.61354166 0.17333333 0.54583335 0.27416667 0.559375 0.28166667 0.584375 0.28416666 0.59270835 0.28083333
16 0.6421875 0.44416666 0.6489583 0.3375 0.65989584 0.245 0.83958334 0.29083332 0.8052083 0.5391667 0.79479164 0.69 0.7942708 0.6925 0.77135414 0.69 0.7203125 0.6716667 0.67864585 0.6533333 0.65208334 0.6616667 0.64739585 0.6566667 0.6322917 0.6 0.6322917 0.5775 0.63697916 0.545 0.63958335 0.4725 0.64166665 0.45416668
16 0.57708335 0.6933333 0.63125 0.505 0.63645834 0.5108333 0.63697916 0.54583335 0.6322917 0.5783333 0.6322917 0.60083336 0.646875 0.655 0.6515625 0.6625 0.678125 0.6525 0.72083336 0.6716667 0.7703125 0.68916667 0.7942708 0.6933333 0.79895836 0.6358333 0.85729164 0.675 0.85833335 0.68083334 0.8020833 0.87 0.78802085 0.92 0.64270836 0.82416666 0.5578125 0.7633333
16 0.8697917 0.42166665 0.9213542 0.375 0.934375 0.37 0.9536458 0.37 0.9604167 0.36333334 0.9640625 0.33416668 0.9838542 0.33416668 1.0 0.34583333 1.0 0.60083336 0.9479167 0.6533333 0.88854164 0.73333335 0.8677083 0.7033333 0.85833335 0.685 0.85833335 0.6816667 0.85729164 0.675 0.84947914 0.66583335 0.80364585 0.56333333 0.8078125 0.5175 0.8140625 0.47416666 0.8546875 0.43416667
16 0.803125 0.020833334 0.8442708 0.025833333 0.9453125 0.026666667 1.0 0.020833334 1.0 0.31333333 0.8385417 0.29916668 0.8390625 0.29166666 0.7807292 0.275 0.77708334 0.23666666 0.77135414 0.17916666 0.78020835 0.14833333 0.7708333 0.108333334 0.77760416 0.0775 0.79583335 0.026666667
16 0.0 0.6566667 0.024479168 0.66583335 0.030208332 0.67083335 0.034895834 0.6791667 0.040104166 0.6825 0.048958335 0.68333334 0.07083333 0.67333335 0.07447917 0.67333335 0.108333334 0.67333335 0.16041666 0.67833334 0.19895834 0.6925 0.20104167 0.7183333 0.196875 0.8375 0.17916666 0.9841667 0.16770834 0.9825 0.09166667 0.9608333 0.0 0.95
