11 0.067708336 0.6075 0.1265625 0.6225 0.26875 0.66833335 0.2921875 0.67583334 0.28645834 0.7225 0.2625 0.8541667 0.24791667 0.9216667 0.1984375 0.8925 0.13854167 0.85083336 0.1078125 0.86333334 0.0671875 0.87166667 0.038020834 0.87 0.036458332 0.84833336 0.061458334 0.6433333
8 0.39010417 0.7158333 0.36145833 0.70916665 0.35 0.7216667 0.34583333 0.75 0.3125 0.94666666 0.3140625 0.95916665 0.3078125 0.9583333 0.30260417 1.0 0.44010416 1.0 0.453125 0.91833335 0.40520832 0.7475 0.3984375 0.72083336
5 0.6614583 0.7625 0.62604165 0.76916665 0.56145835 0.82916665 0.5630208 0.8666667 0.55572915 0.8958333 0.54270834 0.9116667 0.50416666 0.95166665 0.5109375 1.0 0.6640625 1.0 0.65260416 0.9533333 0.63385415 0.8175 0.62916666 0.78833336 0.63489586 0.775 0.6546875 0.77
9 0.56666666 0.6925 0.56666666 0.74666667 0.5609375 0.83416665 0.5625 0.87 0.5546875 0.9 0.5026042 0.9533333 0.465625 0.97833335 0.453125 0.9316667 0.45104167 0.9091667 0.3765625 0.6475 0.37083334 0.62333333 0.39010417 0.6075 0.42135417 0.5908333 0.49583334 0.5416667 0.53125 0.53 0.5390625 0.5541667 0.55833334 0.64916664 0.5677083 0.6875
7 0.7994792 0.6716667 0.7921875 0.685 0.7807292 0.6983333 0.7578125 0.72833335 0.7328125 0.745 0.6953125 0.7625 0.68125 0.75666666 0.65833336 0.7708333 0.63385415 0.7758333 0.6302083 0.79 0.6515625 0.9475 0.6635417 1.0 0.7552083 1.0 0.80885416 0.965 0.846875 0.9475 0.8484375 0.9266667 0.8390625 0.8983333 0.815625 0.83416665 0.80885416 0.815 0.80625 0.76916665 0.8015625 0.6875
2 0.6635417 0.5725 0.6791667 0.6066667 0.69895834 0.6616667 0.7104167 0.6975 0.6791667 0.72 0.6255208 0.77 0.56145835 0.82916665 0.56614584 0.7558333 0.5671875 0.69083333 0.5671875 0.68083334 0.54895836 0.6016667 0.53333336 0.5325 0.546875 0.52416664 0.596875 0.55583334 0.61145836 0.5566667 0.61927086 0.5516667 0.60833335 0.535 0.6265625 0.45666668
14 0.628125 0.19083333 0.621875 0.2175 0.62395835 0.23833333 0.60260415 0.34333333 0.5708333 0.47333333 0.55833334 0.5083333 0.5463542 0.52166665 0.5541667 0.5308333 0.58802086 0.55 0.59947914 0.5575 0.61510414 0.555 0.61822915 0.54583335 0.6078125 0.5325 0.6302083 0.44666666 0.67291665 0.28333333 0.6791667 0.26083332 0.68541664 0.25833333 0.6791667 0.23916666 0.6489583 0.205 0.63958335 0.19416666
13 0.70208335 0.21666667 0.7526042 0.2125 0.7604167 0.21916667 0.7640625 0.23 0.7708333 0.5133333 0.76979166 0.53333336 0.7640625 0.5425 0.75572914 0.5491667 0.65989584 0.5541667 0.63645834 0.48916668 0.6302083 0.445 0.67864585 0.26083332 0.6859375 0.26 0.6796875 0.24083333 0.66197914 0.21916667
6 0.50885415 0.21583334 0.6125 0.28166667 0.6109375 0.29916668 0.59739584 0.335 0.59479165 0.35083333 0.57604164 0.4025 0.56875 0.4175 0.5677083 0.45916668 0.56614584 0.48166665 0.55833334 0.5058333 0.540625 0.4975 0.49947917 0.465 0.48697916 0.45083332 0.46302083 0.44416666 0.46614584 0.42166665 0.48958334 0.32333332 0.503125 0.23416667
4 0.084375 0.1175 0.045833334 0.275 0.019270834 0.28916666 0.0 0.3025 0.0 0.47 0.014583333 0.4875 0.0453125 0.5 0.07864583 0.48583335 0.096875 0.465 0.110416666 0.43333334 0.11510417 0.3975 0.1078125 0.3525 0.0953125 0.31 0.096875 0.29583332 0.1328125 0.1525 0.13125 0.13583334 0.09322917 0.1075 0.08802083 0.11
