8 0.44114584 0.3125 0.44583333 0.31 0.4703125 0.28583333 0.51770836 0.2575 0.54010415 0.2425 0.546875 0.2375 0.55833334 0.245 0.56354165 0.25916666 0.565625 0.27833334 0.57135415 0.30416667 0.6119792 0.43666667 0.63072914 0.51166666 0.6359375 0.54333335 0.6354167 0.5575 0.62083334 0.5708333 0.5796875 0.6016667 0.5364583 0.6325 0.528125 0.6383333 0.515625 0.6275 0.50208336 0.5858333 0.49479166 0.5575 0.47135416 0.45666668 0.44791666 0.375 0.43697917 0.33166668 0.43697917 0.3225 0.43697917 0.32083333
11 0.11875 0.5833333 0.1546875 0.56916666 0.19791667 0.55583334 0.215625 0.555 0.22083333 0.56166667 0.22604166 0.5683333 0.2328125 0.565 0.24479167 0.52916664 0.26041666 0.5075 0.26927084 0.49666667 0.2828125 0.48833334 0.28802082 0.485 0.31145832 0.54833335 0.34427083 0.6425 0.35625 0.6716667 0.36197916 0.68583333 0.36927083 0.71416664 0.3609375 0.7183333 0.34635416 0.7291667 0.321875 0.7366667 0.29635417 0.74833333 0.2765625 0.7583333 0.24895833 0.77916664 0.2015625 0.8075 0.18125 0.81666666 0.1765625 0.8125 0.159375 0.75333333 0.13645834 0.6533333 0.122395836 0.5975 0.1203125 0.5908333
5 0.38854167 0.7008333 0.43072918 0.7866667 0.48125 0.88 0.50208336 0.92 0.5072917 0.9191667 0.5161458 0.9066667 0.54895836 0.8441667 0.5619792 0.815 0.61354166 0.7633333 0.6354167 0.7291667 0.66822916 0.70416665 0.6723958 0.69166666 0.64479166 0.6433333 0.6046875 0.59 0.6015625 0.5858333 0.5463542 0.625 0.528125 0.6383333 0.515625 0.62833333 0.5125 0.6191667 0.49739584 0.56916666 0.48229167 0.58666664 0.4390625 0.6375 0.39739582 0.6816667 0.38802084 0.6975
5 0.42083332 0.305 0.44791666 0.39416668 0.46510416 0.4575 0.47864583 0.4875 0.49739584 0.5675 0.49270833 0.5725 0.48489583 0.575 0.35208333 0.66 0.33958334 0.63 0.3125 0.55083334 0.30052084 0.5183333 0.28802082 0.485 0.26927084 0.49583334 0.25208333 0.51916665 0.25 0.50333333 0.27760416 0.44583333 0.37447917 0.35333332 0.40104166 0.3225 0.4125 0.31083333
14 0.7338542 0.45583335 0.7552083 0.455 0.8734375 0.41 0.91197914 0.38166666 0.9171875 0.37583333 0.925 0.36666667 0.9453125 0.36333334 0.9536458 0.44 0.94739586 0.4625 0.94166666 0.47583333 0.9328125 0.4725 0.79114586 0.5308333 0.759375 0.5341667 0.76197916 0.5566667 0.76145834 0.56666666 0.753125 0.55833334 0.7494792 0.5441667 0.7395833 0.49083334 0.73072916 0.4575
13 0.884375 0.49583334 0.89479166 0.56666666 0.89479166 0.5708333 0.890625 0.5808333 0.88489586 0.585 0.8723958 0.5908333 0.74583334 0.6433333 0.7046875 0.6625 0.6984375 0.6591667 0.6947917 0.6408333 0.66770834 0.45583335 0.6723958 0.43416667 0.7 0.42833334 0.8307292 0.375 0.8546875 0.36666667 0.86145836 0.37166667 0.8666667 0.37916666 0.87135416 0.40416667 0.87083334 0.41 0.8697917 0.41166666 0.83489585 0.42416668 0.7875 0.44333333 0.753125 0.455 0.73020834 0.45583335 0.74010414 0.49333334 0.74791664 0.54 0.7526042 0.55833334 0.76197916 0.5675 0.7604167 0.545 0.75989586 0.535 0.7916667 0.5308333 0.8041667 0.525 0.88125 0.49416667
6 0.79791665 0.9291667 0.82135415 0.9266667 0.8546875 0.96166664 0.8645833 0.9716667 0.85572916 1.0 0.6984375 1.0 0.75364584 0.9216667 0.7671875 0.8933333
2 0.78020835 0.82666665 0.834375 0.83416665 0.89427084 0.8591667 0.9322917 0.85333335 0.9682292 0.8616667 1.0 0.8825 1.0005208 0.905 0.9994792 0.9975 0.85572916 1.0 0.86510414 0.9716667 0.8208333 0.9275 0.8046875 0.9291667 0.79895836 0.9291667 0.76979166 0.8958333 0.76770836 0.8925 0.7703125 0.86583334 0.775 0.83 0.7765625 0.8258333
9 0.07604167 0.15083334 0.077083334 0.155 0.078125 0.18416667 0.08645833 0.2275 0.08645833 0.24166666 0.084895834 0.2525 0.0734375 0.28083333 0.049479168 0.34333333 0.027604166 0.39833334 0.028645834 0.4025 0.030208332 0.40583333 0.0671875 0.43916667 0.071354166 0.44333333 0.08177083 0.42916667 0.0953125 0.38833332 0.09791667 0.39166668 0.078125 0.49166667 0.07395833 0.5075 0.077083334 0.53833336 0.0578125 0.5466667 0.042708334 0.55583334 0.025 0.5625 0.005729167 0.5683333 0.0 0.57 0.0 0.15833333 0.041666668 0.1525 0.06822917 0.15
4 0.08385417 0.1225 0.1 0.086666666 0.12447917 0.071666665 0.146875 0.0625 0.16666667 0.068333335 0.18697916 0.08833333 0.209375 0.12666667 0.21510416 0.16583334 0.21354167 0.2125 0.19375 0.25166667 0.17135416 0.27833334 0.14791666 0.28416666 0.1390625 0.28916666 0.13072917 0.30083334 0.0953125 0.3875 0.08229167 0.42833334 0.071354166 0.4425 0.056770835 0.43 0.0296875 0.40583333 0.027604166 0.39833334 0.033333335 0.38416666 0.084895834 0.25416666 0.086979166 0.24083333 0.086979166 0.2275 0.07864583 0.18416667 0.07760417 0.15083334 0.079166666 0.13916667
