3 0.3609375 0.595 0.36302084 0.5883333 0.3671875 0.5858333 0.3703125 0.5808333 0.371875 0.575 0.37708333 0.5708333 0.384375 0.5708333 0.3984375 0.585 0.41875 0.60833335 0.4203125 0.6166667 0.42239583 0.62166667 0.4375 0.64 0.478125 0.68 0.50885415 0.7183333 0.52760416 0.7416667 0.525 0.75 0.515625 0.7583333 0.50104165 0.75916666 0.49166667 0.7575 0.4875 0.76416665 0.49375 0.77666664 0.49791667 0.79333335 0.49635416 0.81416667 0.4890625 0.86333334 0.48125 0.89416665 0.47291666 0.9033333 0.46458334 0.905 0.45052084 0.8975 0.34895834 0.825 0.35677084 0.80333334 0.36510417 0.8125 0.37135416 0.8208333 0.37760416 0.8183333 0.38541666 0.80833334 0.40364584 0.78833336 0.40677083 0.7808333 0.40572917 0.7658333 0.403125 0.755 0.3984375 0.7416667 0.4015625 0.72833335 0.40989584 0.695 0.41770834 0.6775 0.42447916 0.6575 0.425 0.6358333 0.41822916 0.62916666 0.41458333 0.62583333 0.40833333 0.62583333 0.39947918 0.62833333 0.396875 0.62833333 0.38854167 0.6191667 0.38020834 0.60333335 0.371875 0.60083336 0.36614582 0.6
3 0.39635417 0.7416667 0.38489583 0.7825 0.38072917 0.8 0.3796875 0.81583333 0.3859375 0.8075 0.4 0.79333335 0.40416667 0.78833336 0.40677083 0.78 0.40572917 0.7658333 0.40260416 0.75333333 0.39791667 0.7425
3 0.27864584 0.56 0.27135417 0.5566667 0.26145834 0.56333333 0.25677082 0.57916665 0.24635416 0.61333334 0.23385416 0.63666666 0.22447917 0.67083335 0.21510416 0.7216667 0.2 0.7683333 0.1859375 0.80916667 0.19010417 0.8283333 0.19635417 0.83166665 0.21875 0.845 0.23802084 0.85583335 0.25364584 0.8641667 0.27083334 0.865 0.28125 0.87333333 0.27760416 0.8858333 0.27604166 0.89416665 0.27708334 0.9058333 0.28177083 0.915 0.28697917 0.9125 0.29375 0.9033333 0.30104166 0.895 0.315625 0.8825 0.334375 0.85333335 0.3484375 0.825 0.37291667 0.76 0.3890625 0.7158333 0.39947918 0.6791667 0.39583334 0.66833335 0.39166668 0.6616667 0.38072917 0.65166664
3 0.36145833 0.2775 0.38177082 0.2825 0.39479166 0.28666666 0.403125 0.29333332 0.40833333 0.30166668 0.4078125 0.3275 0.40364584 0.37083334 0.39583334 0.39666668 0.38802084 0.44 0.38645834 0.45666668 0.38072917 0.47 0.37916666 0.48833334 0.37604168 0.52666664 0.371875 0.5758333 0.36979166 0.58416665 0.365625 0.58666664 0.35729167 0.5883333 0.35104167 0.56583333 0.34479168 0.55333334 0.33020833 0.56166667 0.3203125 0.56333333 0.31302083 0.5575 0.3046875 0.56666666 0.296875 0.56583333 0.28020832 0.49833333 0.26302084 0.4525 0.26979166 0.41833332 0.27864584 0.41916665 0.29322916 0.42166665 0.30260417 0.42 0.31458333 0.4125 0.32864583 0.40166667 0.33489582 0.39 0.334375 0.37583333 0.3578125 0.36 0.3734375 0.3475 0.378125 0.33583334 0.37864584 0.32666665 0.37083334 0.30583334 0.36354166 0.285
3 0.303125 0.14916667 0.31770834 0.14833333 0.32708332 0.14583333 0.334375 0.15333334 0.3375 0.16916667 0.33697918 0.21833333 0.321875 0.19583334 0.31614584 0.1875 0.30885416 0.16666667
3 0.18958333 0.285 0.19322917 0.32833335 0.20416667 0.37 0.2078125 0.385 0.20572917 0.395 0.20208333 0.40333334 0.20260416 0.4125 0.20677084 0.41916665 0.215625 0.41833332 0.22291666 0.415 0.2265625 0.41 0.225 0.39916667 0.19739583 0.3125 0.19322917 0.29833335
3 0.134375 0.47833332 0.119791664 0.5 0.111979164 0.51 0.1109375 0.52166665 0.12083333 0.5275 0.1375 0.5375 0.15364583 0.54583335 0.16302083 0.5725 0.17447917 0.5908333 0.18541667 0.60833335 0.18177083 0.62416667 0.17864583 0.64666665 0.1828125 0.6716667 0.18802084 0.6791667 0.19270833 0.6816667 0.2078125 0.67083335 0.22604166 0.6525 0.23072916 0.6433333 0.23333333 0.635 0.24739583 0.61333334 0.26145834 0.56166667 0.27083334 0.555 0.27916667 0.56083333 0.29739583 0.5758333 0.29010418 0.5425 0.2796875 0.4975 0.26197916 0.44666666 0.25677082 0.42666668 0.24114583 0.43083334 0.23489584 0.4275 0.2265625 0.405 0.22447917 0.4125 0.22083333 0.415 0.21041666 0.41916665 0.2078125 0.41916665 0.20208333 0.41166666 0.20208333 0.4025 0.20625 0.3925 0.20833333 0.38416666 0.20625 0.37583333
3 0.29947916 0.5725 0.30677083 0.56583333 0.31197917 0.55916667 0.31614584 0.56083333 0.32395834 0.56916666 0.33177084 0.58 0.33385417 0.5908333 0.3453125 0.58916664 0.35520834 0.59166664 0.36145833 0.5975 0.36666667 0.6 0.378125 0.6025 0.38177082 0.60583335 0.38854167 0.61833334 0.39791667 0.62916666 0.40625 0.62666667 0.41510418 0.62583333 0.425 0.6358333 0.42447916 0.6575 0.41770834 0.6791667 0.409375 0.695 0.39791667 0.7416667 0.39635417 0.7425 0.38020834 0.8016667 0.37864584 0.81916666 0.37083334 0.82 0.36510417 0.8125 0.35625 0.8041667 0.39010417 0.7125 0.39947918 0.68 0.39635417 0.6691667 0.39166668 0.6616667 0.29895833 0.5783333
3 0.27083334 0.41416666 0.33385417 0.37583333 0.33489582 0.38833332 0.32864583 0.40166667 0.3125 0.41416666 0.303125 0.42 0.2921875 0.42166665 0.26979166 0.41833332
3 0.184375 0.1775 0.18385416 0.17 0.18854167 0.16 0.19479166 0.155 0.24427083 0.15583333 0.22760417 0.17416666 0.21510416 0.18583333 0.20885417 0.18583333 0.19166666 0.1825
3 0.2453125 0.15333334 0.2578125 0.13916667 0.26979166 0.12166667 0.27916667 0.115 0.2890625 0.11666667 0.29583332 0.12583333 0.30520833 0.15333334 0.31614584 0.18916667 0.33854166 0.22166666 0.36354166 0.28416666 0.37864584 0.32833335 0.378125 0.33583334 0.37291667 0.34833333 0.26979166 0.415 0.25260416 0.42666668 0.2421875 0.43083334 0.23489584 0.4275 0.23125 0.4175 0.21822916 0.38 0.20520833 0.33916667 0.19322917 0.29833335 0.18645833 0.26666668 0.17291667 0.2225 0.16614583 0.20416667 0.16302083 0.19166666 0.16614583 0.18583333 0.17708333 0.18083334 0.1859375 0.17833333 0.1921875 0.18333334 0.21666667 0.18583333
3 0.16666667 0.20833333 0.1453125 0.2425 0.1109375 0.30833334 0.1046875 0.3225 0.09739583 0.34416667 0.0859375 0.35333332 0.0765625 0.36416668 0.06822917 0.3825 0.06822917 0.395 0.071875 0.41333333 0.07864583 0.42 0.10520833 0.43833333 0.10989583 0.43583333 0.11354167 0.42666668 0.11927083 0.42 0.123958334 0.42583334 0.128125 0.45 0.13645834 0.47583333 0.20625 0.37666667 0.1921875 0.32833335 0.1890625 0.28333333 0.1859375 0.265 0.16979167 0.2125
3 0.10364583 0.4475 0.12083333 0.4525 0.13072917 0.45583335 0.13645834 0.47583333 0.11145833 0.5108333 0.1109375 0.5225 0.15364583 0.5466667 0.16197917 0.5708333 0.18541667 0.6091667 0.17604166 0.62166667 0.15729167 0.63416666 0.13333334 0.65166664 0.10572917 0.6725 0.092708334 0.68083334 0.084895834 0.6725 0.07604167 0.6358333 0.063541666 0.6641667 0.055729166 0.6766667 0.036979165 0.6825 0.036458332 0.6766667 0.036979165 0.6533333 0.033854168 0.61 0.030208332 0.5566667 0.030729167 0.52916664 0.036979165 0.49916667 0.041666668 0.48333332 0.047916666 0.46083334 0.053125 0.445 0.057291668 0.43916667 0.06614583 0.4375 0.0734375 0.44 0.0890625 0.4475
3 0.4625 0.45916668 0.47239584 0.4325 0.48489583 0.425 0.50364584 0.43416667 0.5390625 0.46083334 0.55 0.4775 0.56041664 0.4875 0.56875 0.48583335 0.5833333 0.5 0.6010417 0.515 0.6020833 0.5225 0.6 0.5475 0.5828125 0.615 0.5708333 0.6566667 0.55 0.6933333 0.5375 0.7175 0.52708334 0.74083334 0.478125 0.6791667 0.43697917 0.63916665 0.42239583 0.62166667 0.41822916 0.61 0.41979167 0.59583336 0.425 0.5683333 0.4484375 0.495
