21 0.55572915 0.6383333 0.5630208 0.67 0.559375 0.6875 0.55052084 0.6975 0.5 0.7266667 0.46979168 0.735 0.4171875 0.7341667 0.3984375 0.7341667 0.39427084 0.7658333 0.38333333 0.7941667 0.3671875 0.82 0.36197916 0.82416666 0.35260418 0.81416667 0.34895834 0.79833335 0.33385417 0.75666666 0.3046875 0.70916665 0.27083334 0.6766667 0.26770833 0.6675 0.27135417 0.65166664 0.2796875 0.6375 0.30833334 0.63416666 0.33125 0.60833335 0.34583333 0.57166666 0.3828125 0.54 0.384375 0.55833334 0.39583334 0.5725 0.45208332 0.57 0.4671875 0.5675 0.50208336 0.555 0.5078125 0.6525 0.521875 0.6575
21 0.38541666 0.47833332 0.4703125 0.5083333 0.534375 0.5108333 0.5364583 0.525 0.5203125 0.5475 0.5083333 0.5541667 0.5015625 0.55583334 0.46041667 0.56916666 0.3953125 0.5725 0.38489583 0.55833334 0.38229167 0.5375 0.384375 0.4875
21 0.59479165 0.48916668 0.58177084 0.52166665 0.56822914 0.5708333 0.5625 0.6066667 0.5625 0.62916666 0.56927085 0.6375 0.64739585 0.665 0.6703125 0.67833334 0.6770833 0.5991667 0.65208334 0.5908333 0.640625 0.51916665 0.6140625 0.5183333 0.6015625 0.49
21 0.5125 0.28166667 0.5833333 0.33416668 0.6588542 0.4175 0.67083335 0.43083334 0.67083335 0.44416666 0.65052086 0.48416665 0.6609375 0.5175 0.6557292 0.5175 0.6375 0.51916665 0.6145833 0.5183333 0.6010417 0.49083334 0.5942708 0.48916668 0.55677086 0.51166666 0.5515625 0.5125 0.4796875 0.5083333 0.4703125 0.5083333 0.36458334 0.47 0.34427083 0.45833334 0.3375 0.43416667 0.371875 0.26583335 0.38541666 0.20166667 0.40052083 0.19833334 0.4265625 0.20833333 0.49791667 0.25833333
21 0.58229166 0.51916665 0.58177084 0.52166665 0.56875 0.5683333 0.5625 0.605 0.5619792 0.62833333 0.56458336 0.6325 0.55625 0.63916665 0.55572915 0.63916665 0.5208333 0.65833336 0.50677085 0.65416664 0.5015625 0.5566667 0.5078125 0.555 0.528125 0.5675 0.54114586 0.55583334 0.55104166 0.515 0.5630208 0.5083333 0.56927085 0.51416665
21 0.6645833 0.27083334 0.6947917 0.31416667 0.7015625 0.325 0.70104164 0.39416668 0.6979167 0.47 0.68958336 0.5275 0.6765625 0.59833336 0.6536458 0.5925 0.6401042 0.51916665 0.6614583 0.5175 0.65052086 0.48583335 0.6703125 0.44416666 0.6713542 0.43166667 0.63385415 0.38833332 0.64635414 0.35333332 0.65625 0.32916668 0.64479166 0.2875 0.64739585 0.27083334 0.66041666 0.2675
21 0.6010417 0.34666666 0.6479167 0.3025 0.65625 0.32916668 0.64427084 0.35583332 0.63385415 0.38916665 0.5989583 0.35166666
21 0.6671875 0.8066667 0.7291667 0.8025 0.7786458 0.80083334 0.7875 0.7825 0.7921875 0.72083336 0.79114586 0.69166666 0.7786458 0.6533333 0.78802085 0.63666666 0.7828125 0.60583335 0.796875 0.5725 0.7895833 0.48916668 0.7807292 0.365 0.7807292 0.33916667 0.7885417 0.33083335 0.790625 0.30833334 0.78333336 0.29333332 0.74895835 0.29333332 0.7338542 0.29833335 0.7203125 0.32333332 0.6979167 0.46583334 0.6770833 0.5975 0.6692708 0.6791667 0.65729165 0.75166667 0.6510417 0.7916667 0.6567708 0.7991667
21 0.67552084 0.28083333 0.7239583 0.24 0.7328125 0.23833333 0.74322915 0.24583334 0.74583334 0.25416666 0.7583333 0.2925 0.74791664 0.29333332 0.73333335 0.2975 0.72083336 0.32166666 0.69947916 0.46 0.69895834 0.46083334 0.70104164 0.32416666 0.6734375 0.2825
21 0.7921875 0.12583333 0.8354167 0.1275 0.90520835 0.14583333 0.9223958 0.15583333 0.928125 0.17333333 0.92604166 0.18583333 0.9010417 0.29333332 0.9078125 0.32666665 0.9114583 0.3425 0.9109375 0.40333334 0.90833336 0.42666668 0.9125 0.45916668 0.91614586 0.50916666 0.91614586 0.5491667 0.90989584 0.55 0.9046875 0.55083334 0.89635414 0.53333336 0.8958333 0.5108333 0.8854167 0.50416666 0.8677083 0.5375 0.8307292 0.55583334 0.8119792 0.555 0.8052083 0.5491667 0.7895833 0.49583334 0.7807292 0.3675 0.78020835 0.34 0.78802085 0.33083335 0.79010415 0.3075 0.784375 0.2925 0.7765625 0.26333332 0.7729167 0.18166667 0.77552086 0.1525 0.78229165 0.13666667
21 0.35677084 0.108333334 0.40104166 0.0975 0.465625 0.08833333 0.4984375 0.0925 0.5046875 0.104166664 0.50625 0.11416667 0.49947917 0.21083333 0.49427083 0.22333333 0.48177084 0.23833333 0.47916666 0.24583334 0.42916667 0.21083333 0.40208334 0.19916667 0.38541666 0.2025 0.36770833 0.28583333 0.36354166 0.25166667 0.34895834 0.16583334 0.34583333 0.12416667 0.35104167 0.11416667
21 0.5859375 0.16666667 0.59739584 0.195 0.6041667 0.21083333 0.6125 0.21916667 0.61614585 0.22083333 0.6333333 0.205 0.63854164 0.20583333 0.65729165 0.21416667 0.65989584 0.2175 0.6578125 0.2225 0.6375 0.23666666 0.60833335 0.28416666 0.6020833 0.30083334 0.59010416 0.315 0.57135415 0.32666665 0.51354164 0.2825 0.49895832 0.2625 0.5203125 0.24833333 0.5260417 0.21583334 0.52760416 0.20833333 0.5395833 0.15833333 0.55364585 0.1475 0.5619792 0.14583333 0.578125 0.15333334
21 0.540625 0.55583334 0.528125 0.56666666 0.5083333 0.555 0.5203125 0.5475 0.5359375 0.5258333 0.534375 0.51166666 0.55104166 0.5133333 0.55104166 0.5133333
21 0.565625 0.50666666 0.5942708 0.48916668 0.5828125 0.52 0.56875 0.5133333 0.5625 0.5075
21 0.096875 0.79333335 0.18541667 0.8183333 0.22864583 0.82916665 0.259375 0.8433333 0.2734375 0.8466667 0.28854167 0.8325 0.353125 0.8225 0.371875 0.83 0.378125 0.84583336 0.3796875 0.90833336 0.37864584 1.0 0.07864583 1.0 0.079166666 0.92333335 0.08802083 0.89 0.07239583 0.81416667 0.08125 0.7991667
