4 0.23177083 0.5733333 0.22760417 0.74333334 0.23333333 0.7575 0.2484375 0.7825 0.26041666 0.80833334 0.26458332 0.8358333 0.2625 0.87166667 0.25833333 0.8958333 0.246875 0.9216667 0.23229167 0.93916667 0.22135417 0.9508333 0.20885417 0.95666665 0.1828125 0.9583333 0.16822916 0.9475 0.1546875 0.935 0.14166667 0.9125 0.134375 0.8883333 0.13229166 0.8625 0.134375 0.82916665 0.14270833 0.80083334 0.15833333 0.77 0.165625 0.76416665 0.1765625 0.74833333 0.1890625 0.725 0.19479166 0.6816667 0.19322917 0.6425 0.18333334 0.61083335 0.1828125 0.60583335 0.1828125 0.5725 0.18958333 0.56333333 0.22864583 0.565
4 0.15 0.42916667 0.14427084 0.44083333 0.140625 0.45416668 0.13802083 0.46333334 0.13489583 0.4825 0.1359375 0.51 0.14270833 0.54083335 0.15677084 0.5683333 0.18229167 0.5883333 0.1828125 0.5708333 0.18958333 0.5625 0.22916667 0.565 0.23229167 0.5758333 0.23020834 0.64 0.27083334 0.74333334 0.27708334 0.7475 0.31145832 0.7108333 0.31354168 0.6983333 0.25885418 0.5625 0.25729167 0.54 0.26354167 0.515 0.26614583 0.48166665 0.2625 0.45416668 0.25364584 0.43166667 0.24375 0.415 0.22708334 0.39916667 0.21197917 0.3925 0.19166666 0.39166668 0.17395833 0.39833334 0.16302083 0.4075
4 0.38333333 0.8725 0.3703125 0.8833333 0.35833332 0.9 0.35052082 0.9191667 0.34479168 0.93833333 0.340625 0.965 0.33541667 0.9791667 0.33385417 0.9825 0.31458333 1.0 0.4671875 1.0 0.46979168 0.97583336 0.47135416 0.97083336 0.45 0.99083334 0.44270834 0.9916667 0.4375 0.98833334 0.3984375 0.8691667 0.39635417 0.8675
4 0.3640625 0.82166666 0.34895834 0.8308333 0.34166667 0.83166665 0.321875 0.81416667 0.2984375 0.80833334 0.2875 0.8075 0.27447918 0.81416667 0.26302084 0.82166666 0.26510417 0.8375 0.26145834 0.87916666 0.25677082 0.9 0.24791667 0.92083335 0.23177083 0.94 0.23697917 0.96 0.2453125 0.98 0.25833333 0.99833333 0.2609375 1.0 0.3140625 1.0 0.334375 0.9825 0.340625 0.9675 0.34427083 0.94 0.35104167 0.9141667 0.35885417 0.9008333 0.36979166 0.88416666 0.38385418 0.8725 0.39583334 0.86833334 0.39791667 0.8666667 0.39010417 0.84 0.38072917 0.82916665 0.37604168 0.8258333
4 0.44947916 0.78 0.46197918 0.8325 0.4609375 0.8425 0.45 0.85 0.43489584 0.80083334 0.43333334 0.79083335 0.43385416 0.7775 0.4421875 0.7725
4 0.4515625 0.85583335 0.48125 0.9433333 0.48177084 0.95 0.48072916 0.95916665 0.475 0.96666664 0.45 0.99083334 0.44322917 0.99083334 0.4375 0.9891667 0.39583334 0.8616667 0.390625 0.84 0.37916666 0.82666665 0.36458334 0.82166666 0.35364583 0.8175 0.34114584 0.8075 0.3296875 0.7875 0.32083333 0.7683333 0.31666666 0.7366667 0.31614584 0.7025 0.32291666 0.67583334 0.33072916 0.6575 0.33854166 0.6425 0.35520834 0.62583333 0.3703125 0.62 0.38958332 0.62083334 0.40416667 0.62583333 0.41875 0.63916665 0.428125 0.65416664 0.43958333 0.6825 0.44270834 0.71166664 0.44322917 0.7275 0.43958333 0.75333333 0.4328125 0.78 0.43333334 0.7925
4 0.41458333 0.62666667 0.42604166 0.5991667 0.44375 0.5808333 0.45520833 0.5733333 0.46979168 0.57 0.4859375 0.5733333 0.5015625 0.5825 0.5125 0.5966667 0.52135414 0.61083335 0.52916664 0.6383333 0.53802085 0.6525 0.63697916 0.69 0.6411458 0.6983333 0.6390625 0.70666665 0.6333333 0.755 0.62864584 0.76166666 0.62395835 0.7633333 0.5286458 0.73083335 0.52239585 0.7325 0.51354164 0.7425 0.5026042 0.75416666 0.49375 0.76166666 0.48072916 0.7675 0.47135416 0.7683333 0.4578125 0.7675 0.43958333 0.755 0.44375 0.7266667 0.4421875 0.7058333 0.440625 0.68416667 0.42916667 0.655 0.41927084 0.6408333 0.41302082 0.6325
4 0.57135415 0.31416667 0.6609375 0.24416667 0.66770834 0.24916667 0.68333334 0.2975 0.6802083 0.31166667 0.5942708 0.38333333 0.5885417 0.39583334 0.5875 0.40666667 0.58020836 0.40916666 0.5671875 0.41666666 0.5609375 0.42333335 0.553125 0.43333334 0.54322916 0.45083332 0.5359375 0.47166666 0.5338542 0.4925 0.51875 0.49083334 0.5083333 0.4875 0.49635416 0.47916666 0.48645833 0.46666667 0.48020834 0.45583335 0.47395834 0.4375 0.4671875 0.41333333 0.46666667 0.38583332 0.46770832 0.365 0.47447917 0.34083334 0.48645833 0.32 0.49583334 0.30916667 0.50885415 0.30083334 0.5234375 0.2975 0.54270834 0.3025 0.55885416 0.3125
4 0.60572916 0.41 0.61822915 0.415 0.63177085 0.42833334 0.64270836 0.44 0.653125 0.4425 0.74322915 0.40583333 0.7473958 0.40833333 0.75208336 0.41583332 0.76145834 0.46416667 0.75885415 0.4725 0.75625 0.4775 0.6614583 0.5183333 0.6557292 0.5308333 0.6479167 0.55833334 0.63958335 0.57916665 0.6255208 0.59583336 0.6125 0.6041667 0.6046875 0.6075 0.5854167 0.6066667 0.5697917 0.6 0.5578125 0.5883333 0.5473958 0.57 0.54114586 0.5575 0.53697914 0.54 0.5328125 0.51666665 0.5338542 0.48916668 0.5364583 0.47 0.54322916 0.45 0.55572915 0.43 0.56666666 0.41666666 0.5807292 0.40916666 0.59010416 0.40666667
4 0.08125 0.7758333 0.041666668 0.93083334 0.041666668 0.945 0.044791665 0.9558333 0.0828125 0.97083336 0.090625 0.9683333 0.13489583 0.7891667 0.14427084 0.7808333 0.16354166 0.7658333 0.17708333 0.7475 0.18854167 0.725 0.19375 0.68666667 0.19479166 0.67083335 0.19322917 0.6408333 0.18385416 0.61333334 0.16875 0.5933333 0.1546875 0.57916665 0.14427084 0.575 0.12708333 0.57416666 0.109375 0.58 0.09739583 0.5875 0.08229167 0.60583335 0.072916664 0.62083334 0.0640625 0.6525 0.061458334 0.67333335 0.063541666 0.7108333 0.0703125 0.73083335 0.0796875 0.75416666
