18 0.2375 0.47416666 0.29947916 0.47166666 0.33072916 0.46916667 0.33802083 0.46583334 0.3984375 0.45416668 0.40885416 0.45916668 0.415625 0.47083333 0.42083332 0.5375 0.42552084 0.65833336 0.41927084 0.6725 0.4125 0.68083334 0.396875 0.6825 0.36770833 0.68416667 0.3015625 0.69666666 0.24791667 0.705 0.21770833 0.7108333 0.20833333 0.705 0.20364584 0.69916666 0.19791667 0.67833334 0.19322917 0.525 0.19375 0.49916667 0.20260416 0.4975 0.22395833 0.4775
18 0.20833333 0.7183333 0.21770833 0.7191667 0.2390625 0.7075 0.21770833 0.71 0.20833333 0.705 0.20520833 0.7108333
18 0.45520833 0.5725 0.5005208 0.5758333 0.5182292 0.58 0.528125 0.57916665 0.53489584 0.62083334 0.5375 0.6358333 0.55 0.64166665 0.5552083 0.6408333 0.6171875 0.6091667 0.65052086 0.58916664 0.65833336 0.5966667 0.6578125 0.6933333 0.6546875 0.71166664 0.6479167 0.79833335 0.60260415 0.79833335 0.5130208 0.8016667 0.4890625 0.80333334 0.48020834 0.8066667 0.45364583 0.80583334 0.4421875 0.7825 0.440625 0.77666664 0.4421875 0.6575 0.44166666 0.5925 0.44635418 0.57916665
18 0.40989584 0.34166667 0.440625 0.33416668 0.47604167 0.32 0.47552082 0.33833334 0.4984375 0.44416666 0.5072917 0.4725 0.5208333 0.50166667 0.5260417 0.53583336 0.52760416 0.57666665 0.51927084 0.5775 0.45520833 0.57 0.44635418 0.5775 0.44166666 0.58916664 0.4421875 0.665 0.440625 0.6641667 0.42708334 0.5566667 0.41770834 0.47833332 0.40052083 0.36416668 0.40416667 0.34833333
18 0.484375 0.305 0.5625 0.265 0.59166664 0.25333333 0.60260415 0.25583333 0.6088542 0.265 0.6359375 0.39916667 0.6390625 0.4625 0.6401042 0.46666667 0.6453125 0.55 0.64739585 0.5825 0.6510417 0.5875 0.6119792 0.61083335 0.55364585 0.64166665 0.546875 0.64 0.5375 0.6358333 0.52760416 0.57416666 0.5265625 0.5375 0.5208333 0.50166667 0.5083333 0.47666666 0.49791667 0.445 0.47552082 0.34 0.4765625 0.3225 0.48020834 0.31333333
18 0.42239583 0.18916667 0.4390625 0.21583334 0.47447917 0.26916668 0.4796875 0.27833334 0.48020834 0.29083332 0.47864583 0.30416667 0.46510416 0.32666665 0.43697917 0.33583334 0.40989584 0.34333333 0.4046875 0.34916666 0.40052083 0.36583334 0.40833333 0.41666666 0.3953125 0.435 0.3921875 0.43916667 0.378125 0.43916667 0.3765625 0.43666667 0.34322917 0.37666667 0.34114584 0.37416667 0.35260418 0.34583333 0.4015625 0.2525 0.40729168 0.24083333 0.40833333 0.23333333 0.40833333 0.215 0.37760416 0.17166667 0.3203125 0.095 0.3125 0.08916666 0.29739583 0.09166667 0.2953125 0.095 0.2734375 0.13416667 0.25625 0.17416666 0.23489584 0.20833333 0.23333333 0.20333333 0.23333333 0.18583333 0.24583334 0.165 0.275 0.1175 0.309375 0.058333334 0.31927082 0.043333333 0.3328125 0.045 0.35052082 0.071666665 0.403125 0.15583333
18 0.33958334 0.3775 0.334375 0.38833332 0.32447916 0.40083334 0.31822917 0.41166666 0.30729166 0.44833332 0.29895833 0.47083333 0.2625 0.47333333 0.24479167 0.455 0.29479167 0.39583334 0.30052084 0.38583332 0.30208334 0.36916667 0.29895833 0.35416666 0.2875 0.32416666 0.23489584 0.2075 0.25729167 0.1725 0.27395833 0.13333334 0.29739583 0.0925 0.3125 0.08916666 0.3203125 0.09583333 0.3859375 0.18333334 0.40833333 0.215 0.40833333 0.23666666 0.40572917 0.24416667 0.36145833 0.3275 0.35052082 0.35
18 0.18697916 0.1 0.2203125 0.17416666 0.2390625 0.2175 0.28020832 0.30833334 0.29635417 0.34583333 0.30208334 0.36666667 0.30104166 0.38666666 0.27447918 0.42083332 0.228125 0.4725 0.22291666 0.47833332 0.20260416 0.49833333 0.19427083 0.49916667 0.19322917 0.49416667 0.18697916 0.4875 0.16927083 0.445 0.15989584 0.42083332 0.14427084 0.3825 0.1328125 0.3625 0.10885417 0.30666667 0.0765625 0.2425 0.07447917 0.23 0.07604167 0.21083333 0.083333336 0.19833334 0.125 0.14666666 0.14739583 0.1175 0.16927083 0.0925 0.18125 0.09583333
18 0.5104167 0.044166666 0.578125 0.033333335 0.61875 0.034166668 0.62916666 0.025 0.69427085 0.011666667 0.70885414 0.020833334 0.7203125 0.115833335 0.72760415 0.20416667 0.72291666 0.22 0.715625 0.23 0.6828125 0.2375 0.6421875 0.245 0.5989583 0.25416666 0.59270835 0.25166667 0.5671875 0.2625 0.52708334 0.26833335 0.5151042 0.25916666 0.5078125 0.23583333 0.496875 0.075833336 0.5 0.05666667
18 0.80572915 0.1075 0.8546875 0.16166666 0.8822917 0.18 0.93385416 0.23083334 0.9765625 0.2725 0.9817708 0.28916666 0.98229164 0.30333334 0.9458333 0.38166666 0.91770834 0.45333335 0.91041666 0.46 0.89739585 0.46333334 0.8197917 0.3725 0.796875 0.34833333 0.78020835 0.32833335 0.77239585 0.315 0.74010414 0.27666667 0.73541665 0.26083332 0.73541665 0.24583334 0.7609375 0.1825 0.790625 0.10583334
18 0.86927086 0.43333334 0.8666667 0.4825 0.840625 0.46 0.82916665 0.45583335 0.8208333 0.45916668 0.8130208 0.47166666 0.80052084 0.505 0.7890625 0.505 0.778125 0.39 0.77135414 0.32333332 0.77135414 0.31416667 0.79114586 0.34083334 0.80885416 0.36083335 0.865625 0.42666668
18 0.8697917 0.4875 0.92604166 0.545 0.9369792 0.55833334 0.9380208 0.5825 0.9270833 0.6075 0.91875 0.62583333 0.9036458 0.6458333 0.8911458 0.68 0.8645833 0.75416666 0.8359375 0.8283333 0.8234375 0.8433333 0.8125 0.8425 0.7885417 0.81916666 0.79375 0.725 0.80052084 0.6825 0.81875 0.54083335 0.8151042 0.51916665 0.8015625 0.50333333 0.8119792 0.47333333 0.8208333 0.45833334 0.8296875 0.45583335 0.8421875 0.46
18 0.665625 0.5975 0.659375 0.655 0.65729165 0.6958333 0.65416664 0.7133333 0.6479167 0.7991667 0.6510417 0.81333333 0.65625 0.82166666 0.67604166 0.825 0.7 0.83166665 0.721875 0.84 0.7583333 0.85083336 0.775 0.85333335 0.7838542 0.8441667 0.7875 0.82666665 0.78802085 0.8183333 0.79479164 0.71666664 0.79895836 0.69166666 0.81927085 0.54083335 0.81666666 0.5283333 0.8151042 0.51916665 0.8020833 0.505 0.7885417 0.505 0.7916667 0.55333334 0.78489584 0.5733333 0.78020835 0.5775 0.73541665 0.5858333 0.6947917 0.59166664
18 0.62395835 0.26666668 0.634375 0.24666667 0.6713542 0.24 0.6875 0.2375 0.7416667 0.22333333 0.7453125 0.22333333 0.73541665 0.24416667 0.7348958 0.25916666 0.74010414 0.27666667 0.7708333 0.3125 0.7708333 0.32 0.78020835 0.41333333 0.7885417 0.50083333 0.7916667 0.5516667 0.7875 0.56583333 0.784375 0.5733333 0.77916664 0.5775 0.721875 0.5875 0.6947917 0.59166664 0.6645833 0.59833336 0.6609375 0.59833336 0.65833336 0.5966667 0.6515625 0.59 0.6510417 0.5883333 0.64739585 0.58166665 0.6458333 0.5525 0.6401042 0.46666667 0.63958335 0.46333334 0.63645834 0.39333335 0.63072914 0.335 0.625 0.28083333
18 0.5963542 0.7991667 0.58229166 0.8491667 0.5651042 0.905 0.55364585 0.9166667 0.5484375 0.9175 0.50885415 0.8908333 0.46458334 0.86083335 0.39375 0.81083333 0.36614582 0.7916667 0.3609375 0.7758333 0.35989583 0.7625 0.37864584 0.7075 0.38489583 0.68333334 0.4 0.6825 0.4125 0.68 0.41979167 0.6716667 0.42552084 0.65833336 0.42291668 0.58416665 0.43072918 0.5858333 0.440625 0.6641667 0.4421875 0.6666667 0.440625 0.77666664 0.44322917 0.785 0.45364583 0.805 0.48072916 0.8066667 0.49010417 0.8016667 0.57135415 0.8
18 0.053645834 0.45166665 0.09583333 0.42333335 0.122395836 0.40083334 0.14583333 0.38583332 0.15208334 0.40083334 0.16510417 0.4375 0.17135416 0.4475 0.18645833 0.48666668 0.19322917 0.49416667 0.19427083 0.56416667 0.19791667 0.6775 0.203125 0.69916666 0.20833333 0.705 0.190625 0.7366667 0.1859375 0.75 0.1671875 0.7708333 0.153125 0.7683333 0.15 0.7633333 0.1015625 0.63 0.06822917 0.5275 0.048958335 0.4775 0.050520834 0.465
