15 0.2640625 0.365 0.26927084 0.37333333 0.26822916 0.37916666 0.26927084 0.38166666 0.26666668 0.38916665 0.26614583 0.39666668 0.26614583 0.40583333 0.27395833 0.4375 0.29739583 0.5308333 0.3203125 0.62333333 0.3421875 0.7108333 0.34427083 0.7158333 0.346875 0.72 0.35416666 0.7225 0.35520834 0.72583336 0.35572916 0.73083335 0.35885417 0.73 0.36041668 0.74 0.36354166 0.74083334 0.36979166 0.735 0.37239584 0.73083335 0.3671875 0.72333336 0.3671875 0.71666664 0.36666667 0.7133333 0.36927083 0.71 0.37135416 0.69916666 0.3703125 0.68833333 0.36458334 0.66 0.33697918 0.545 0.32447916 0.49583334 0.31927082 0.47166666 0.29583332 0.38583332 0.29166666 0.37916666 0.28489584 0.375 0.28177083 0.375 0.28177083 0.36916667 0.27760416 0.36916667 0.2796875 0.35916665 0.27447918 0.35833332 0.26822916 0.36
15 0.28541666 0.4825 0.27447918 0.55583334 0.27239582 0.585 0.27447918 0.5933333 0.27708334 0.5991667 0.27552083 0.6066667 0.27708334 0.6116667 0.271875 0.6225 0.27604166 0.62666667 0.2796875 0.6275 0.28229168 0.61583334 0.2859375 0.615 0.28802082 0.60833335 0.29479167 0.605 0.29739583 0.6016667 0.30677083 0.56916666 0.29322916 0.5125
15 0.30625 0.5725 0.29583332 0.615 0.278125 0.68083334 0.27291667 0.7008333 0.271875 0.71166664 0.271875 0.72083336 0.27552083 0.73083335 0.27552083 0.73583335 0.27760416 0.74083334 0.275 0.75 0.27604166 0.755 0.27864584 0.75666666 0.28177083 0.7558333 0.28489584 0.75333333 0.28541666 0.75083333 0.284375 0.74583334 0.2859375 0.74 0.28697917 0.735 0.29270834 0.7341667 0.29635417 0.73083335 0.2984375 0.7266667 0.30625 0.70416665 0.3234375 0.63666666 0.30885416 0.5783333 0.30677083 0.56916666
15 0.36666667 0.38916665 0.3625 0.395 0.3609375 0.395 0.359375 0.395 0.3578125 0.3975 0.35729167 0.40166667 0.36145833 0.41083333 0.35989583 0.41916665 0.3625 0.42166665 0.359375 0.42666668 0.36041668 0.43666667 0.36666667 0.45833334 0.38802084 0.50416666 0.41458333 0.565 0.44322917 0.63166666 0.46458334 0.6791667 0.4765625 0.7108333 0.48385417 0.7191667 0.48645833 0.72083336 0.4921875 0.7191667 0.49375 0.72583336 0.49791667 0.72333336 0.4984375 0.73583335 0.5015625 0.7375 0.50364584 0.73583335 0.50416666 0.7341667 0.5072917 0.73333335 0.509375 0.7316667 0.51197916 0.72583336 0.51145834 0.7225 0.50416666 0.7175 0.50625 0.7125 0.503125 0.70916665 0.5072917 0.7033333 0.5083333 0.6975 0.5078125 0.6925 0.496875 0.6641667 0.45729166 0.5675 0.40260416 0.44333333 0.38645834 0.41166666 0.3828125 0.40666667 0.37708333 0.405 0.37291667 0.405 0.36875 0.39916667 0.36822918 0.3925
15 0.37239584 0.37833333 0.36875 0.39166668 0.36822918 0.39916667 0.37239584 0.405 0.375 0.4025 0.37552083 0.39666668 0.37604168 0.39333335 0.3796875 0.38416666 0.37708333 0.38083333 0.37395832 0.37833333
15 0.35572916 0.40166667 0.3515625 0.4075 0.34635416 0.42083332 0.3421875 0.43666667 0.32552084 0.50166667 0.33489582 0.535 0.3421875 0.56666666 0.34583333 0.5575 0.36927083 0.46333334 0.36666667 0.45833334 0.36041668 0.43666667 0.359375 0.42666668 0.3625 0.42166665 0.35989583 0.41916665 0.36145833 0.41083333 0.35729167 0.40083334
15 0.38229167 0.49333334 0.3546875 0.5525 0.34322917 0.5708333 0.35520834 0.62166667 0.35989583 0.62 0.36822918 0.60833335 0.40208334 0.53583336 0.384375 0.49583334
15 0.48229167 0.29916668 0.4828125 0.30666667 0.48229167 0.31166667 0.48125 0.31333333 0.47916666 0.31166667 0.47760418 0.31166667 0.47604167 0.315 0.47604167 0.31833333 0.47395834 0.31333333 0.46770832 0.315 0.45989582 0.3275 0.4046875 0.4475 0.4234375 0.49083334 0.43020833 0.48 0.47395834 0.3825 0.4875 0.35 0.48958334 0.34 0.48697916 0.33 0.48697916 0.32666665 0.48802084 0.3225 0.48697916 0.31666666 0.48958334 0.31916666 0.49166667 0.31583333 0.4921875 0.31083333 0.49166667 0.30583334 0.48802084 0.30333334 0.48697916 0.3 0.484375 0.30083334
15 0.425 0.5925 0.42083332 0.5941667 0.41822916 0.5966667 0.41458333 0.59583336 0.41041666 0.5941667 0.4078125 0.5875 0.40520832 0.5883333 0.40260416 0.59166664 0.40052083 0.59583336 0.39947918 0.6016667 0.40729168 0.60583335 0.40833333 0.61 0.41145834 0.61333334 0.41354167 0.6275 0.41614583 0.6358333 0.46875 0.69083333 0.46458334 0.6791667 0.44479167 0.6358333 0.42604166 0.59166664
15 0.49375 0.6558333 0.50364584 0.6816667 0.5083333 0.69416666 0.5083333 0.69916666 0.50677085 0.70416665 0.503125 0.70916665 0.50625 0.71166664 0.50416666 0.7175 0.51145834 0.7216667 0.51197916 0.7266667 0.509375 0.7325 0.53541666 0.7575 0.553125 0.775 0.5494792 0.7558333 0.5390625 0.7008333
15 0.58125 0.74083334 0.5833333 0.75333333 0.5854167 0.76666665 0.58489585 0.7816667 0.58177084 0.79083335 0.57916665 0.79583335 0.58229166 0.8025 0.5885417 0.805 0.59375 0.805 0.5989583 0.8016667 0.6015625 0.80083334 0.60520834 0.8016667 0.61041665 0.8075 0.61302084 0.805 0.61510414 0.795 0.6140625 0.79083335 0.6067708 0.79 0.6067708 0.78583336 0.60520834 0.7841667 0.60364586 0.7825 0.6046875 0.7775 0.6046875 0.77 0.6020833 0.7633333 0.5854167 0.74583334
15 0.4984375 0.43083334 0.4328125 0.47916666 0.42395833 0.49083334 0.44010416 0.52916664 0.47708333 0.50416666 0.49635416 0.49 0.49375 0.47166666 0.49270833 0.46416667 0.4921875 0.46 0.49375 0.45416668 0.49635416 0.44916666 0.4984375 0.44583333 0.4984375 0.4425 0.49895832 0.4375 0.5 0.43333334
15 0.4484375 0.5391667 0.45416668 0.5416667 0.50208336 0.59166664 0.5026042 0.5825 0.51979166 0.60083336 0.5385417 0.6958333 0.515625 0.6725 0.48958334 0.645 0.44479167 0.5391667
15 0.5651042 0.66083336 0.5807292 0.73833334 0.60364586 0.7558333 0.61041665 0.75666666 0.6171875 0.7525 0.62395835 0.75416666 0.6276042 0.7625 0.63125 0.7583333 0.6328125 0.7525 0.62708336 0.745 0.6265625 0.73833334 0.62291664 0.7375 0.61927086 0.7175 0.6145833 0.71166664 0.56875 0.6625 0.56458336 0.6566667
15 0.54010415 0.5325 0.55885416 0.62666667 0.57447916 0.6508333 0.61614585 0.71166664 0.64375 0.75416666 0.665625 0.7916667 0.67291665 0.795 0.67760414 0.7941667 0.6822917 0.7991667 0.6828125 0.80833334 0.6880208 0.80833334 0.6921875 0.8025 0.6947917 0.7975 0.6947917 0.7925 0.6890625 0.7866667 0.68958336 0.7808333 0.68854165 0.77916664 0.68958336 0.7625 0.66822916 0.72 0.6645833 0.71166664 0.6625 0.71166664 0.5442708 0.53583336
15 0.63854164 0.36416668 0.6333333 0.36833334 0.63125 0.3625 0.62708336 0.36416668 0.6203125 0.36 0.61302084 0.35916665 0.58125 0.37583333 0.56666666 0.3825 0.5104167 0.42333335 0.5072917 0.42916667 0.5078125 0.43583333 0.5125 0.44166666 0.5208333 0.44416666 0.52708334 0.465 0.6203125 0.40583333 0.62604165 0.39666668 0.6296875 0.37916666 0.6359375 0.37583333 0.6411458 0.37666667 0.6421875 0.37166667 0.64166665 0.3675 0.63854164 0.36583334
15 0.49635416 0.42583334 0.4984375 0.43083334 0.5 0.43416667 0.49895832 0.43833333 0.4984375 0.44583333 0.49322918 0.45416668 0.4921875 0.46083334 0.49375 0.47333333 0.5015625 0.5158333 0.50677085 0.5416667 0.51770836 0.59833336 0.51979166 0.60083336 0.5385417 0.695 0.55364585 0.775 0.55833334 0.79083335 0.5640625 0.7966667 0.5671875 0.79833335 0.5708333 0.8066667 0.5734375 0.81916666 0.58177084 0.815 0.58489585 0.81 0.58020836 0.8016667 0.5786458 0.7966667 0.584375 0.78333336 0.5854167 0.7675 0.5807292 0.73583335 0.56041664 0.6375 0.5395833 0.53 0.5260417 0.4625 0.5208333 0.44416666 0.51197916 0.44166666 0.5078125 0.43666667 0.5072917 0.43 0.50989586 0.42333335 0.50416666 0.4225 0.50104165 0.42333335 0.49947917 0.425
15 0.34010416 0.2525 0.33697918 0.26583335 0.33333334 0.26583335 0.33125 0.26916668 0.33125 0.2725 0.33229166 0.27416667 0.32760417 0.27666667 0.3234375 0.28166667 0.31979167 0.2875 0.31458333 0.30666667 0.30625 0.3575 0.29947916 0.39916667 0.3203125 0.475 0.34895834 0.31416667 0.35 0.29916668 0.34947917 0.28666666 0.34427083 0.27583334 0.34479168 0.27083334 0.34270832 0.2675 0.34635416 0.25666666
