16 0.15104167 0.47916666 0.184375 0.5125 0.18958333 0.5175 0.12552084 0.65 0.10989583 0.6816667 0.09010417 0.735 0.075520836 0.72083336 0.08958333 0.66583335 0.110416666 0.5991667 0.1328125 0.5258333 0.146875 0.4825
16 0.37291667 0.6533333 0.32916668 0.62416667 0.24895833 0.56333333 0.2234375 0.54833335 0.27552083 0.6116667 0.33020833 0.6875 0.29791668 0.75416666 0.25416666 0.8275 0.24270834 0.8516667 0.30052084 0.89666665 0.37291667 0.66
16 0.48697916 0.12166667 0.55364585 0.19583334 0.5921875 0.24083333 0.621875 0.28 0.65052086 0.30916667 0.678125 0.33 0.678125 0.33333334 0.66041666 0.38083333 0.6359375 0.45333335 0.61927086 0.47666666 0.61354166 0.5075 0.603125 0.5425 0.58802086 0.5775 0.5828125 0.58916664 0.56041664 0.565 0.5109375 0.5025 0.44947916 0.43083334 0.3734375 0.34166667 0.396875 0.28 0.4515625 0.17083333 0.478125 0.1325
16 0.40729168 0.215 0.4265625 0.21916667 0.4 0.27166668 0.40572917 0.22
16 0.58125 0.225 0.6010417 0.23333333 0.6119792 0.24 0.628125 0.2375 0.66510415 0.28833333 0.67395836 0.30583334 0.67395836 0.32833335 0.66041666 0.31666666 0.66197914 0.29333332 0.62135416 0.27916667 0.5796875 0.22583333
16 0.62291664 0.28083333 0.65052086 0.30916667 0.66041666 0.31666666 0.66197914 0.29333332 0.621875 0.27916667
16 0.6484375 0.4225 0.6333333 0.5316667 0.6244792 0.58166665 0.58958334 0.57166666 0.60364586 0.5416667 0.61354166 0.5075 0.61927086 0.47666666 0.6359375 0.45333335 0.6489583 0.41666666
16 0.67395836 0.35 0.66875 0.44166666 0.66041666 0.52 0.6359375 0.51666665 0.6489583 0.41666666 0.6578125 0.38833332 0.67291665 0.34666666
16 0.39322916 0.37 0.37708333 0.46083334 0.3734375 0.49333334 0.4140625 0.5083333 0.5 0.53583336 0.5541667 0.55833334 0.52135414 0.5158333 0.4640625 0.44833332 0.39270833 0.365
16 0.19479166 0.51416665 0.27708334 0.61333334 0.33020833 0.68666667 0.2984375 0.75416666 0.25416666 0.8275 0.22916667 0.885 0.18541667 0.9875 0.16354166 0.95666665 0.13229166 0.9175 0.10989583 0.88416666 0.043229166 0.8333333 0.086979166 0.7441667 0.110416666 0.6816667 0.15260416 0.5941667 0.19270833 0.5133333
