21 0.08385417 0.5758333 0.080729164 0.56083333 0.0828125 0.55333334 0.0890625 0.54833335 0.092708334 0.5475 0.09947917 0.55333334 0.103125 0.57166666 0.111979164 0.60333335 0.084895834 0.59166664 0.0890625 0.5825
21 0.07760417 0.8875 0.07239583 0.8725 0.06979167 0.845 0.065625 0.82 0.11875 0.80833334 0.14270833 0.8016667 0.16927083 0.7825 0.1796875 0.7733333 0.19322917 0.7925 0.2125 0.81083333 0.221875 0.8225 0.22760417 0.8383333 0.22239584 0.8516667 0.19322917 0.9033333 0.15989584 0.9425 0.1234375 0.97333336 0.11302083 0.97 0.1 0.9575 0.088541664 0.9216667
21 0.15260416 0.5516667 0.1390625 0.49666667 0.1296875 0.46 0.12447917 0.4475 0.128125 0.4325 0.13125 0.42083332 0.15104167 0.41416666 0.16145833 0.41166666 0.19427083 0.40166667 0.2296875 0.39666668 0.27708334 0.39416668 0.31145832 0.395 0.3375 0.39666668 0.36197916 0.40916666 0.3734375 0.41 0.39010417 0.4175 0.39947918 0.41916665 0.40833333 0.4025 0.41666666 0.39416668 0.42135417 0.40166667 0.40208334 0.43833333 0.40052083 0.45583335 0.4125 0.46166667 0.42135417 0.485 0.42291668 0.49583334 0.3921875 0.5225 0.3484375 0.5625 0.32239583 0.5783333 0.30104166 0.5883333 0.290625 0.59166664 0.28072917 0.605 0.2734375 0.62083334 0.26354167 0.6308333 0.246875 0.63916665 0.21614583 0.64666665 0.2046875 0.59166664 0.20572917 0.55916667 0.196875 0.5525 0.18177083 0.55333334 0.1578125 0.5758333
21 0.1609375 0.385 0.153125 0.36916667 0.14895834 0.34666666 0.153125 0.25083333 0.16145833 0.23666666 0.16822916 0.23083334 0.1890625 0.23833333 0.24739583 0.255 0.26927084 0.26083332 0.30625 0.27166668 0.321875 0.28416666 0.33177084 0.295 0.34322917 0.29083332 0.35364583 0.28583333 0.36458334 0.29333332 0.37135416 0.295 0.38229167 0.28416666 0.41458333 0.28166667 0.4375 0.28333333 0.44947916 0.2875 0.45052084 0.29916668 0.45416668 0.31083333 0.4515625 0.37916666 0.45104167 0.4125 0.44427082 0.46083334 0.43958333 0.5158333 0.43125 0.53 0.425 0.5366667 0.38385418 0.5308333 0.4234375 0.49416667 0.41354167 0.46 0.40104166 0.45666668 0.4015625 0.44083333 0.42135417 0.4025 0.4171875 0.395 0.40729168 0.40333334 0.39947918 0.42 0.3734375 0.40916666 0.3609375 0.41 0.3375 0.39666668 0.28072917 0.39333335 0.20989583 0.3975 0.1890625 0.40333334 0.15885417 0.41166666 0.1625 0.4
21 0.45260417 0.45083332 0.4859375 0.5158333 0.5109375 0.57 0.5171875 0.5883333 0.49270833 0.6325 0.48177084 0.6425 0.465625 0.6533333 0.41770834 0.695 0.39375 0.7083333 0.38697916 0.7125 0.3734375 0.7058333 0.36875 0.7033333 0.36302084 0.7241667 0.36875 0.7391667 0.37708333 0.7775 0.37083334 0.81083333 0.36510417 0.81416667 0.321875 0.78833336 0.30260417 0.7725 0.28229168 0.75 0.26875 0.7375 0.25364584 0.73833334 0.24791667 0.7375 0.24270834 0.7216667 0.24739583 0.7058333 0.259375 0.69166666 0.2765625 0.67583334 0.28645834 0.6483333 0.3015625 0.61333334 0.31770834 0.5808333 0.35 0.56166667 0.38385418 0.5308333 0.42552084 0.5375 0.44010416 0.51666665 0.44479167 0.46416667 0.44635418 0.4425
21 0.41666666 0.7758333 0.39010417 0.81583333 0.38177082 0.83166665 0.3796875 0.8475 0.38489583 0.8641667 0.396875 0.88666666 0.41302082 0.91 0.45208332 0.9608333 0.47291666 0.9841667 0.4796875 0.99333334 0.4921875 0.99083334 0.5104167 0.9508333 0.615625 0.73083335 0.64427084 0.67083335 0.6567708 0.6425 0.67291665 0.645 0.6765625 0.63666666 0.67395836 0.62416667 0.6578125 0.605 0.646875 0.59583336 0.63645834 0.575 0.62864584 0.56583333 0.6041667 0.56 0.5963542 0.53333336 0.5864583 0.49666667 0.5807292 0.4875 0.5734375 0.48416665 0.5677083 0.48416665 0.55364585 0.50666666 0.5161458 0.5883333 0.49010417 0.6408333 0.459375 0.7158333 0.44791666 0.7366667 0.43020833 0.7625
21 0.79583335 0.4 0.77135414 0.4125 0.7572917 0.41166666 0.73072916 0.39916667 0.70729166 0.40166667 0.690625 0.40583333 0.6875 0.39833334 0.69166666 0.38166666 0.7 0.36583334 0.7104167 0.36333334 0.7171875 0.3675 0.7265625 0.34583333 0.72760415 0.32916668 0.7260417 0.30916667 0.7203125 0.28416666 0.7203125 0.2625 0.7260417 0.24333334 0.7328125 0.22833334 0.74322915 0.215 0.7526042 0.215 0.75989586 0.21916667 0.7838542 0.265 0.79479164 0.2825 0.828125 0.25583333 0.846875 0.23833333 0.8609375 0.24166666 0.890625 0.24833333 0.92864585 0.2525 0.9390625 0.2475 0.9604167 0.25833333 0.99375 0.27833334 0.99791664 0.28916666 1.0 0.3025 0.98802084 0.33416668 0.97864586 0.3725 0.93177086 0.50083333 0.9291667 0.50916666 0.8989583 0.4975 0.88177085 0.48416665 0.871875 0.48916668 0.86822915 0.49833333 0.84791666 0.4825 0.83489585 0.46583334 0.83177084 0.45166665 0.83697915 0.42166665 0.8333333 0.41166666 0.815625 0.39416668 0.80364585 0.39416668
21 1.0 0.38416666 0.9682292 0.445 0.93854165 0.51416665 0.96458334 0.5233333 1.0 0.54333335
21 0.8588542 0.755 0.85260415 0.7391667 0.85 0.73083335 0.8588542 0.56166667 0.86875 0.4975 0.87083334 0.48916668 0.88177085 0.48416665 0.89635414 0.49666667 0.946875 0.5175 0.96510416 0.5233333 1.0 0.5425 1.0 0.77 0.9734375 0.75 0.9505208 0.74916667 0.93854165 0.7475 0.93333334 0.7633333 0.9015625 0.7625 0.87864584 0.76
21 1.0 0.8225 0.97552085 0.86583334 0.9703125 0.88416666 0.9557292 0.9116667 0.9447917 0.9116667 0.9302083 0.8725 0.91510415 0.84 0.90416664 0.81 0.89166665 0.7975 0.8796875 0.8125 0.87083334 0.82 0.8541667 0.81166667 0.8411458 0.80083334 0.8390625 0.7816667 0.8520833 0.7366667 0.8588542 0.75666666 0.8875 0.7608333 0.9328125 0.76416665 0.9380208 0.7475 0.9739583 0.75083333 1.0 0.7708333
21 0.0 0.565 0.059375 0.57666665 0.08385417 0.59 0.119791664 0.605 0.13229166 0.6175 0.13333334 0.62416667 0.14791666 0.59166664 0.15260416 0.5808333 0.18177083 0.55333334 0.19427083 0.55 0.20572917 0.56166667 0.20572917 0.59166664 0.21927084 0.66083336 0.23333333 0.705 0.24322917 0.7375 0.24166666 0.75416666 0.234375 0.765 0.22864583 0.7708333 0.21614583 0.7775 0.20104167 0.77166665 0.19322917 0.77166665 0.17708333 0.77666664 0.15989584 0.7875 0.14166667 0.8016667 0.103125 0.81166667 0.065104164 0.82 0.0 0.82416666
