6 0.118229166 0.33416668 0.09322917 0.31916666 0.07395833 0.30833334 0.0703125 0.31833333 0.065625 0.365 0.05625 0.405 0.029166667 0.51 0.021354167 0.535 0.0234375 0.5475 0.03125 0.5516667 0.0625 0.56666666 0.075 0.57416666 0.075 0.56 0.090625 0.555 0.09947917 0.555 0.14010416 0.55583334 0.14791666 0.55583334 0.14583333 0.5466667 0.13958333 0.5308333 0.116145834 0.4725 0.096875 0.42416668 0.09166667 0.41333333 0.08020833 0.39083335 0.07447917 0.36833334 0.075 0.36416668 0.091145836 0.3525 0.111979164 0.34 0.11927083 0.335
6 0.06822917 0.5725 0.05625 0.6383333 0.046354167 0.68666667 0.039583333 0.7025 0.034895834 0.7125 0.033333335 0.7158333 0.033854168 0.72083336 0.036458332 0.7241667 0.067708336 0.7366667 0.09791667 0.7525 0.12760417 0.7683333 0.15052083 0.7775 0.1515625 0.7633333 0.153125 0.7525 0.15729167 0.72 0.159375 0.70666665 0.14270833 0.7108333 0.111979164 0.7183333 0.100520834 0.72333336 0.090625 0.7241667 0.086979166 0.72333336 0.08645833 0.7 0.0828125 0.63 0.077083334 0.5908333 0.07395833 0.5733333 0.06875 0.57
6 0.2375 0.525 0.23802084 0.5283333 0.23958333 0.56333333 0.2421875 0.5833333 0.2421875 0.5975 0.24114583 0.6025 0.24114583 0.64916664 0.2421875 0.67583334 0.23958333 0.68583333 0.23802084 0.6958333 0.23229167 0.7008333 0.2265625 0.70166665 0.184375 0.6983333 0.17760417 0.695 0.17395833 0.6983333 0.16770834 0.7033333 0.159375 0.70666665 0.114583336 0.7183333 0.09947917 0.72333336 0.09010417 0.7241667 0.086979166 0.7225 0.08645833 0.6958333 0.08229167 0.62833333 0.0765625 0.5875 0.07395833 0.57416666 0.075520836 0.57416666 0.07447917 0.56 0.09010417 0.555 0.12916666 0.55583334 0.1484375 0.555 0.1609375 0.5541667 0.16822916 0.5541667 0.18229167 0.54583335 0.20364584 0.53583336 0.21927084 0.52916664 0.23020834 0.52666664 0.2359375 0.52416664
6 0.40989584 0.6741667 0.38854167 0.6375 0.371875 0.61333334 0.36875 0.61083335 0.36302084 0.61583334 0.3578125 0.625 0.35677084 0.63166666 0.3359375 0.68083334 0.31822917 0.72 0.31041667 0.7266667 0.27760416 0.77416664 0.27291667 0.7783333 0.2640625 0.7975 0.26666668 0.8025 0.28802082 0.83 0.32760417 0.88 0.3453125 0.9075 0.353125 0.9166667 0.3546875 0.915 0.36302084 0.9 0.3640625 0.8883333 0.36822918 0.8525 0.3703125 0.835 0.38645834 0.8041667 0.3953125 0.785 0.3984375 0.7816667 0.41979167 0.76666665 0.44010416 0.75666666 0.44375 0.75083333 0.44166666 0.75 0.41770834 0.75416666 0.4109375 0.75666666 0.40885416 0.7425 0.409375 0.72083336 0.40989584 0.68
6 0.5161458 0.495 0.46666667 0.50166667 0.434375 0.50416666 0.4140625 0.5058333 0.40104166 0.5083333 0.4 0.5175 0.40052083 0.5275 0.409375 0.61333334 0.41041666 0.64916664 0.40989584 0.6766667 0.409375 0.71416664 0.40885416 0.74083334 0.4109375 0.75666666 0.41197917 0.75666666 0.4171875 0.75416666 0.4421875 0.74916667 0.44427082 0.75083333 0.45989582 0.75083333 0.48958334 0.745 0.51197916 0.7441667 0.51770836 0.7416667 0.52708334 0.74083334 0.5265625 0.73333335 0.5265625 0.7225 0.52552086 0.7191667 0.51979166 0.6675 0.5130208 0.6016667 0.51666665 0.53 0.51770836 0.50916666 0.51770836 0.50166667
6 0.6 0.7475 0.590625 0.74083334 0.58020836 0.7291667 0.5729167 0.7175 0.56666666 0.70416665 0.5463542 0.67 0.521875 0.6333333 0.5203125 0.63166666 0.51666665 0.63666666 0.51666665 0.63916665 0.5229167 0.69666666 0.52552086 0.72 0.5265625 0.7225 0.52708334 0.7416667 0.5203125 0.7416667 0.51666665 0.7416667 0.5104167 0.7441667 0.48854166 0.74583334 0.465625 0.75 0.46145833 0.75083333 0.43333334 0.8016667 0.42135417 0.82666665 0.42083332 0.8308333 0.4765625 0.90416664 0.5104167 0.945 0.51197916 0.9433333 0.5239583 0.9191667 0.525 0.915 0.52552086 0.90833336 0.5359375 0.87833333 0.56041664 0.8208333 0.56875 0.79583335 0.58385414 0.7775 0.596875 0.75916666 0.5984375 0.755
6 0.53229165 0.205 0.51927084 0.20833333 0.5109375 0.2175 0.49166667 0.24166666 0.46614584 0.245 0.44583333 0.24333334 0.39270833 0.23833333 0.38385418 0.24166666 0.38125 0.24416667 0.384375 0.31166667 0.39010417 0.37 0.39479166 0.42666668 0.41302082 0.425 0.440625 0.40916666 0.45625 0.405 0.509375 0.395 0.5484375 0.39 0.5572917 0.38666666 0.5546875 0.36333334 0.540625 0.255 0.53333336 0.21
6 0.48385417 0.21333334 0.459375 0.1875 0.44166666 0.16833334 0.43125 0.1575 0.428125 0.15083334 0.39739582 0.12166667 0.38802084 0.115 0.38125 0.13 0.37916666 0.1375 0.35989583 0.205 0.353125 0.22666667 0.32604167 0.2775 0.309375 0.305 0.30677083 0.31 0.30364582 0.3225 0.30520833 0.32666665 0.32291666 0.34083334 0.34322917 0.3625 0.35677084 0.38333333 0.36354166 0.39 0.39322916 0.42583334 0.39479166 0.42833334 0.39427084 0.41916665 0.38697916 0.34 0.38385418 0.30916667 0.38125 0.245 0.38125 0.24416667 0.38333333 0.2425 0.39270833 0.23833333 0.40364584 0.24 0.4234375 0.24083333 0.46510416 0.245 0.47135416 0.24416667 0.48125 0.22583333 0.48333332 0.21916667
6 0.6890625 0.1825 0.59375 0.15166667 0.5796875 0.14583333 0.57395834 0.1725 0.5734375 0.20416667 0.56927085 0.28666666 0.56875 0.31083333 0.5651042 0.33333334 0.55833334 0.36333334 0.55625 0.3675 0.55677086 0.38083333 0.5578125 0.38166666 0.56354165 0.385 0.57916665 0.38833332 0.6015625 0.36083335 0.634375 0.31916666 0.6390625 0.32833335 0.64479166 0.33916667 0.6557292 0.36916667 0.6635417 0.38583332 0.6671875 0.35833332 0.6723958 0.32916668 0.67291665 0.31916666 0.678125 0.26416665 0.68333334 0.22416666 0.6880208 0.2 0.6890625 0.18833333
6 0.7317708 0.23833333 0.72239584 0.2325 0.72083336 0.235 0.70416665 0.27 0.6953125 0.28916666 0.66875 0.365 0.66510415 0.37333333 0.6635417 0.38583332 0.6692708 0.40083334 0.6796875 0.40333334 0.696875 0.4025 0.70677084 0.40166667 0.7114583 0.40166667 0.715625 0.37833333 0.71666664 0.37166667 0.721875 0.355 0.7234375 0.3475 0.725 0.3475 0.73333335 0.35416666 0.7604167 0.37416667 0.79114586 0.39583334 0.81041664 0.41166666 0.83229166 0.35333332 0.8411458 0.32666665 0.8307292 0.315 0.8276042 0.31333333 0.79583335 0.31166667 0.7651042 0.31666666 0.75989586 0.31416667 0.74427086 0.28166667 0.73645836 0.24916667
6 0.81822914 0.42 0.80885416 0.41083333 0.790625 0.39583334 0.7515625 0.3675 0.7260417 0.34833333 0.72447914 0.3475 0.72291666 0.3475 0.72239584 0.35333332 0.71666664 0.37083334 0.7114583 0.40583333 0.70416665 0.44916666 0.696875 0.5083333 0.696875 0.53333336 0.68541664 0.555 0.6791667 0.58416665 0.690625 0.5883333 0.73802084 0.6091667 0.7640625 0.6116667 0.79010415 0.61333334 0.79375 0.6125 0.796875 0.5991667 0.7973958 0.5491667 0.803125 0.5308333 0.8052083 0.515 0.80885416 0.48083332 0.815625 0.46 0.8208333 0.43583333
6 0.5765625 0.39083335 0.5442708 0.42833334 0.5421875 0.4325 0.5473958 0.445 0.5541667 0.45666668 0.571875 0.48666668 0.5963542 0.53 0.6088542 0.5516667 0.61822915 0.56666666 0.6244792 0.5908333 0.6296875 0.6066667 0.6322917 0.61333334 0.634375 0.61583334 0.6390625 0.615 0.6411458 0.615 0.64375 0.61583334 0.64635414 0.6166667 0.65520835 0.61333334 0.66770834 0.5941667 0.6765625 0.58 0.68177086 0.5725 0.6848958 0.55583334 0.696875 0.5325 0.696875 0.50666666 0.7015625 0.47 0.671875 0.40833333 0.66822916 0.3975 0.6557292 0.37 0.64479166 0.33916667 0.63489586 0.31916666 0.634375 0.31916666 0.5942708 0.36916667 0.57916665 0.38916665
6 0.7083333 0.5966667 0.6822917 0.6075 0.65520835 0.61333334 0.64635414 0.6166667 0.6401042 0.615 0.63385415 0.61583334 0.6302083 0.615 0.628125 0.615 0.628125 0.62166667 0.63177085 0.6983333 0.6390625 0.7866667 0.6421875 0.7941667 0.6453125 0.79583335 0.66197914 0.79083335 0.71770835 0.765 0.7348958 0.76 0.7671875 0.75 0.7765625 0.74666667 0.78333336 0.74666667 0.7859375 0.7425 0.79270834 0.7375 0.78802085 0.6958333 0.778125 0.62333333 0.778125 0.6125 0.75364584 0.61083335 0.7369792 0.6091667 0.7109375 0.5975
6 0.18541667 0.28416666 0.13645834 0.31666666 0.12291667 0.3325 0.080729164 0.36 0.075 0.36416668 0.07395833 0.36833334 0.08020833 0.39 0.09375 0.41666666 0.123958334 0.49166667 0.146875 0.54833335 0.14791666 0.555 0.16822916 0.5541667 0.18802084 0.5425 0.21927084 0.52916664 0.23020834 0.52666664 0.23645833 0.52416664 0.2546875 0.50666666 0.26458332 0.4975 0.26145834 0.48166665 0.2546875 0.46666667 0.23333333 0.43083334 0.21927084 0.40166667 0.21302083 0.39 0.19791667 0.33 0.18958333 0.295
