18 0.82916665 0.6458333 0.7796875 0.6116667 0.73541665 0.575 0.7296875 0.5708333 0.7213542 0.57416666 0.71458334 0.5808333 0.7005208 0.6408333 0.6890625 0.6775 0.68385416 0.69666666 0.6671875 0.7583333 0.66822916 0.77 0.671875 0.7816667 0.6984375 0.8016667 0.73802084 0.8233333 0.7505208 0.82416666 0.76979166 0.84 0.8046875 0.87416667 0.84375 0.90166664 0.85052085 0.9033333 0.859375 0.8958333 0.88177085 0.82916665 0.90729165 0.72 0.9036458 0.70416665 0.8953125 0.6933333 0.8677083 0.6741667 0.859375 0.6691667 0.8359375 0.6525
18 0.75625 0.3825 0.7140625 0.47583333 0.6880208 0.5325 0.68854165 0.54833335 0.68958336 0.55833334 0.71302086 0.58666664 0.7140625 0.58 0.7213542 0.57416666 0.7296875 0.57166666 0.7348958 0.57416666 0.7786458 0.61083335 0.8125 0.635 0.8484375 0.5441667 0.8619792 0.51666665 0.8697917 0.49 0.88177085 0.465 0.9078125 0.40333334 0.9057292 0.38416666 0.9046875 0.37916666 0.84270835 0.31 0.8098958 0.27416667 0.8020833 0.27333334 0.7942708 0.27916667 0.7640625 0.36333334
18 0.71197915 0.16 0.6640625 0.17333333 0.59947914 0.1925 0.5921875 0.2075 0.59010416 0.2225 0.609375 0.3725 0.61354166 0.39083335 0.62135416 0.46833333 0.6265625 0.51916665 0.6296875 0.52916664 0.6354167 0.53833336 0.69114584 0.525 0.74895835 0.39833334 0.73020834 0.24666667 0.7260417 0.19833334 0.72552085 0.17666666 0.7203125 0.165
18 0.29895833 0.5883333 0.25625 0.6225 0.24114583 0.635 0.23697917 0.645 0.23489584 0.6533333 0.2375 0.6691667 0.27083334 0.77916664 0.290625 0.83416665 0.2984375 0.83916664 0.30625 0.8408333 0.39895833 0.7658333 0.43541667 0.7341667 0.4828125 0.6925 0.48697916 0.68 0.4890625 0.665 0.45572916 0.56916666 0.43645832 0.50166667 0.428125 0.4925 0.41770834 0.49166667 0.41041666 0.4975 0.37760416 0.545 0.346875 0.5908333 0.3375 0.59833336 0.32708332 0.5966667 0.31770834 0.5925 0.3109375 0.57916665
18 0.24375 0.59166664 0.178125 0.5283333 0.17135416 0.5283333 0.16458334 0.5316667 0.15885417 0.5366667 0.13854167 0.6025 0.1375 0.6125 0.14427084 0.62333333 0.13489583 0.6308333 0.119791664 0.6433333 0.1015625 0.67083335 0.09947917 0.68583333 0.100520834 0.69916666 0.15989584 0.77 0.2265625 0.8441667 0.25625 0.87416667 0.27552083 0.8908333 0.28697917 0.8825 0.30572918 0.84166664 0.2984375 0.84 0.29114583 0.83416665 0.2703125 0.7775 0.23802084 0.6716667 0.234375 0.655 0.240625 0.635 0.26770833 0.61333334
18 0.36145833 0.10333333 0.29322916 0.09583333 0.2359375 0.094166666 0.22864583 0.096666664 0.2203125 0.105 0.21614583 0.12583333 0.21770833 0.23333333 0.21666667 0.2725 0.21666667 0.29833335 0.25 0.2525 0.27291667 0.22083333 0.28697917 0.2075 0.29791668 0.20916666 0.30885416 0.225 0.33333334 0.27083334 0.35677084 0.32083333 0.42552084 0.32 0.43385416 0.31333333 0.440625 0.3 0.4375 0.2075 0.43697917 0.13166666 0.4375 0.115 0.43229166 0.10333333 0.42239583 0.096666664 0.375 0.09833334 0.36770833 0.10166667
18 0.5520833 0.32333332 0.4765625 0.29416665 0.44479167 0.28416666 0.44010416 0.28416666 0.44010416 0.3 0.43385416 0.31416667 0.42604166 0.31916666 0.4109375 0.415 0.42760417 0.44333333 0.42864582 0.45416668 0.42864582 0.4625 0.42604166 0.475 0.41197917 0.495 0.41770834 0.49166667 0.42864582 0.4925 0.43645832 0.5025 0.45729166 0.57416666 0.48125 0.64166665 0.48958334 0.665 0.4890625 0.6691667 0.503125 0.67583334 0.50989586 0.6741667 0.5182292 0.665 0.51979166 0.66 0.5416667 0.5175 0.5598958 0.40416667 0.56875 0.35 0.56458336 0.33583334 0.5598958 0.32833335
18 0.53697914 0.66833335 0.58229166 0.7725 0.584375 0.7841667 0.5833333 0.795 0.58177084 0.8016667 0.55677086 0.82416666 0.5385417 0.83916664 0.5296875 0.8491667 0.5125 0.8691667 0.50625 0.87583333 0.49895832 0.8875 0.47708333 0.91833335 0.4515625 0.94916666 0.42604166 0.98083335 0.41666666 0.9816667 0.4078125 0.9766667 0.40260416 0.9691667 0.37552083 0.91083336 0.3609375 0.8775 0.34010416 0.8358333 0.33802083 0.8308333 0.33802083 0.815 0.40208334 0.7625 0.48333332 0.69166666 0.48645833 0.68 0.4890625 0.6691667 0.503125 0.67583334 0.5109375 0.67333335 0.5182292 0.6641667 0.5203125 0.6591667 0.5234375 0.63666666
18 0.603125 0.44166666 0.5755208 0.42666668 0.5708333 0.42583334 0.56145835 0.43083334 0.5541667 0.44083333 0.5239583 0.63166666 0.53125 0.6425 0.6020833 0.6775 0.63697916 0.69416666 0.64635414 0.7008333 0.6765625 0.7225 0.69635415 0.6525 0.7015625 0.6383333 0.7135417 0.5858333 0.68958336 0.55833334 0.68854165 0.5475 0.68854165 0.53333336 0.69114584 0.525 0.6354167 0.5375 0.6302083 0.53 0.6265625 0.52 0.621875 0.47083333 0.6197917 0.45166665
18 0.66197914 0.12083333 0.6078125 0.13416667 0.53229165 0.15583333 0.5182292 0.16166666 0.48072916 0.17 0.46770832 0.17333333 0.4609375 0.1825 0.45729166 0.19416666 0.46770832 0.29083332 0.4953125 0.30083334 0.5317708 0.315 0.5520833 0.32333332 0.5598958 0.32833335 0.56458336 0.33583334 0.56822914 0.34916666 0.565625 0.37 0.58125 0.36833334 0.59375 0.365 0.6078125 0.36333334 0.5942708 0.25416666 0.59010416 0.22333333 0.59270835 0.20583333 0.59947914 0.19166666 0.678125 0.16833334 0.675 0.13416667 0.66822916 0.125
18 0.14166667 0.33083335 0.09739583 0.4625 0.084375 0.5058333 0.08541667 0.5183333 0.090625 0.53 0.1484375 0.57 0.15885417 0.5375 0.165625 0.5308333 0.171875 0.5283333 0.17916666 0.5283333 0.225 0.5733333 0.2328125 0.535 0.23489584 0.5175 0.234375 0.5125 0.2296875 0.5083333 0.2296875 0.5025 0.2421875 0.47666666 0.2515625 0.47083333 0.196875 0.3725 0.19166666 0.35666665 0.19375 0.33416668 0.19895834 0.32416666 0.2171875 0.29833335 0.21614583 0.27333334 0.2171875 0.23666666 0.2171875 0.22833334 0.20208333 0.21333334 0.19114584 0.215 0.18489583 0.22 0.15520833 0.295
18 0.30677083 0.2225 0.29791668 0.20916666 0.28697917 0.2075 0.2734375 0.22 0.24791667 0.25583333 0.19895834 0.32416666 0.19375 0.335 0.1921875 0.35666665 0.196875 0.37333333 0.25625 0.47916666 0.2734375 0.5058333 0.3078125 0.5725 0.31822917 0.5925 0.3265625 0.5975 0.33645833 0.59833336 0.346875 0.5908333 0.41458333 0.49166667 0.42552084 0.47416666 0.42916667 0.46083334 0.42708334 0.44333333 0.40208334 0.40083334 0.37604168 0.35833332 0.36927083 0.34833333 0.3328125 0.26916668
