21 0.5125 0.6675 0.49375 0.7266667 0.47864583 0.7816667 0.46666667 0.8233333 0.4515625 0.8691667 0.44322917 0.87333333 0.4359375 0.87333333 0.43072918 0.8691667 0.39427084 0.83416665 0.3359375 0.7725 0.2890625 0.7225 0.2453125 0.68416667 0.19010417 0.63 0.1828125 0.62916666 0.175 0.63416666 0.17291667 0.61833334 0.17395833 0.6091667 0.18802084 0.57 0.19583334 0.53833336 0.21510416 0.51666665 0.22083333 0.5075 0.2234375 0.43666667 0.2296875 0.42 0.2375 0.415 0.24479167 0.415 0.29791668 0.46583334 0.31458333 0.4825 0.38072917 0.55333334 0.40625 0.58416665 0.42083332 0.5925 0.45 0.60333335 0.48958334 0.625 0.50572914 0.6375 0.50885415 0.6433333
21 0.553125 0.465 0.56145835 0.535 0.56927085 0.645 0.5630208 0.6641667 0.55885416 0.66833335 0.50677085 0.68666667 0.5125 0.6666667 0.50885415 0.6408333 0.50677085 0.6383333 0.49010417 0.62416667 0.4453125 0.60083336 0.41822916 0.59 0.41510418 0.5308333 0.41510418 0.5233333 0.43333334 0.5175 0.4640625 0.49166667 0.4828125 0.47416666 0.49739584 0.45833334 0.50625 0.4525 0.5208333 0.45583335 0.5260417 0.45833334 0.5515625 0.46
21 0.5697917 0.5675 0.6020833 0.56 0.6125 0.55583334 0.65208334 0.53 0.6640625 0.51666665 0.6692708 0.5 0.66510415 0.48916668 0.65833336 0.48166665 0.625 0.47416666 0.60520834 0.47083333 0.6078125 0.45083332 0.61614585 0.43583333 0.62864584 0.42583334 0.63489586 0.405 0.6515625 0.31333333 0.6557292 0.27583334 0.65729165 0.2075 0.653125 0.1975 0.6484375 0.18833333 0.5963542 0.18333334 0.57916665 0.17833333 0.5359375 0.15833333 0.52916664 0.16666667 0.5208333 0.20666666 0.52552086 0.21916667 0.5625 0.20333333 0.5734375 0.21333334 0.57708335 0.22916667 0.5875 0.31583333 0.59270835 0.3775 0.59270835 0.44416666 0.58177084 0.45916668 0.5515625 0.46 0.559375 0.51416665 0.56354165 0.5733333
21 0.53333336 0.23416667 0.56041664 0.30083334 0.56041664 0.32666665 0.5572917 0.3325 0.46354166 0.4375 0.41770834 0.49083334 0.4 0.5075 0.36510417 0.5375 0.31197917 0.48 0.24479167 0.415 0.23697917 0.41416666 0.23177083 0.41916665 0.24114583 0.40833333 0.275 0.3675 0.31302083 0.30083334 0.34166667 0.25833333 0.3765625 0.22083333 0.39947918 0.18 0.46041667 0.10166667 0.46979168 0.10166667 0.47864583 0.108333334 0.5182292 0.19916667 0.528125 0.22416666
21 0.50677085 0.45166665 0.5229167 0.4575 0.5260417 0.45833334 0.55104166 0.46083334 0.55104166 0.46 0.58177084 0.45916668 0.59270835 0.44416666 0.59270835 0.37666667 0.5875 0.31916666 0.578125 0.24333334 0.5776042 0.23583333 0.57395834 0.21416667 0.5625 0.2025 0.5239583 0.21833333 0.53229165 0.23333333 0.5598958 0.30083334 0.5609375 0.32583332 0.55625 0.33333334 0.4953125 0.4025 0.4125 0.49583334 0.37135416 0.5316667 0.37447917 0.5316667 0.4078125 0.52416664 0.415625 0.5225 0.43229166 0.5175 0.47864583 0.47833332 0.496875 0.45833334
21 0.39010417 0.5308333 0.37864584 0.55083334 0.365625 0.5375 0.37239584 0.5316667 0.390625 0.5275
21 0.21614583 0.6575 0.2328125 0.715 0.24114583 0.7183333 0.25260416 0.7183333 0.26770833 0.7025 0.25104168 0.68833333 0.21458334 0.65416664
21 0.26770833 0.24 0.28385416 0.23333333 0.3125 0.22916667 0.33489582 0.21583334 0.34635416 0.22083333 0.34947917 0.23083334 0.346875 0.24 0.33697918 0.24583334 0.33072916 0.2475 0.3265625 0.26166666 0.33020833 0.2725 0.30677083 0.30916667 0.26875 0.37166667 0.23333333 0.41333333 0.23020834 0.4175 0.22552083 0.4275 0.21666667 0.42333335 0.20989583 0.42333335 0.19583334 0.43666667 0.16979167 0.44333333 0.14166667 0.45 0.119791664 0.44666666 0.1046875 0.4325 0.10885417 0.34416667 0.11927083 0.2325 0.1203125 0.21583334 0.13020833 0.2025 0.13697916 0.20166667 0.21510416 0.23 0.21822916 0.23 0.22447917 0.22416666 0.23229167 0.23 0.23697917 0.235 0.25729167 0.23416667 0.2640625 0.2375
21 0.83020836 0.5858333 0.85364586 0.56083333 0.8567708 0.54083335 0.8515625 0.5258333 0.77447915 0.39 0.74583334 0.34416667 0.7291667 0.325 0.71979165 0.2925 0.70989585 0.27916667 0.6953125 0.2275 0.66770834 0.165 0.6578125 0.16416667 0.65208334 0.16416667 0.62916666 0.18833333 0.6479167 0.18833333 0.65625 0.20333333 0.6567708 0.2075 0.6557292 0.27916667 0.64166665 0.3725 0.62916666 0.42416668 0.6171875 0.435 0.60833335 0.45083332 0.62135416 0.47333333 0.65208334 0.48 0.65833336 0.48083332 0.6645833 0.4875 0.6692708 0.5 0.6645833 0.5158333 0.653125 0.5283333 0.6692708 0.5541667 0.6979167 0.6091667 0.71302086 0.645 0.73645836 0.69083333 0.7447917 0.69 0.7484375 0.6875 0.75104165 0.68 0.75572914 0.6616667 0.76770836 0.6375 0.77552086 0.63416666 0.78489584 0.63416666 0.7953125 0.63166666
21 0.16875 0.5275 0.1765625 0.52 0.21770833 0.50166667 0.22135417 0.50166667 0.22135417 0.5075 0.2171875 0.515 0.1953125 0.5391667 0.1875 0.5733333 0.1859375 0.57166666 0.16770834 0.54 0.16822916 0.5341667
21 0.39479166 0.8358333 0.3875 0.8725 0.38385418 0.9 0.37708333 0.92083335 0.35520834 0.965 0.34427083 0.9691667 0.33541667 0.9658333 0.29427084 0.92833334 0.26979166 0.905 0.24010417 0.8625 0.22604166 0.8475 0.2234375 0.83416665 0.22447917 0.82166666 0.25677082 0.755 0.27083334 0.72833335 0.27916667 0.7216667 0.28645834 0.72 0.31197917 0.74916667 0.36510417 0.8041667
