19 0.28645834 0.435 0.1640625 0.44416666 0.15833333 0.44833332 0.15625 0.45416668 0.15572916 0.46666667 0.2078125 0.50916666 0.20833333 0.5175 0.20989583 0.5175 0.21302083 0.51416665 0.23697917 0.5375 0.24166666 0.54333335 0.24114583 0.5575 0.2390625 0.5683333 0.22083333 0.63 0.2390625 0.6175 0.24114583 0.62166667 0.24427083 0.62 0.24427083 0.6141667 0.27083334 0.595 0.27760416 0.5966667 0.284375 0.6041667 0.29114583 0.6225 0.33645833 0.5758333 0.33072916 0.47333333 0.32604167 0.45333335 0.31927082 0.43916667 0.31302083 0.435 0.2921875 0.435 0.29010418 0.44333333 0.2875 0.4425
19 0.28385416 0.62916666 0.24114583 0.6741667 0.23645833 0.68083334 0.23541667 0.69083333 0.23802084 0.705 0.26770833 0.7675 0.3046875 0.8575 0.309375 0.8616667 0.31770834 0.8625 0.32395834 0.8625 0.328125 0.8566667 0.38072917 0.79583335 0.42708334 0.75083333 0.42604166 0.745 0.4296875 0.7441667 0.43229166 0.74916667 0.45416668 0.725 0.45885417 0.7158333 0.46041667 0.70416665 0.45833334 0.69416666 0.42708334 0.6191667 0.39739582 0.5475 0.38802084 0.5316667 0.38072917 0.52916664 0.371875 0.53583336 0.35208333 0.5566667 0.35364583 0.56666666 0.35 0.56666666 0.34739584 0.56166667 0.334375 0.5783333
19 0.25260416 0.85583335 0.19583334 0.8975 0.18697916 0.9008333 0.18020834 0.9008333 0.17552084 0.8983333 0.17083333 0.885 0.1640625 0.86083335 0.15625 0.8358333 0.14895834 0.81416667 0.12552084 0.73833334 0.12135417 0.72 0.122395836 0.7075 0.12760417 0.6983333 0.14739583 0.71666664 0.15 0.7108333 0.153125 0.7083333 0.15260416 0.7183333 0.17083333 0.735 0.17916666 0.74 0.18541667 0.74 0.19114584 0.7316667 0.22135417 0.62916666 0.2390625 0.6166667 0.24166666 0.62166667 0.24427083 0.62083334 0.24479167 0.615 0.27083334 0.595 0.27760416 0.5966667 0.28489584 0.6041667 0.29114583 0.6225 0.23854166 0.6766667 0.2359375 0.6816667 0.23489584 0.69166666 0.23802084 0.7058333 0.26927084 0.7708333 0.29270834 0.82666665
19 0.5697917 0.46 0.49166667 0.52416664 0.48854166 0.5316667 0.48645833 0.54583335 0.4875 0.555 0.521875 0.6616667 0.54583335 0.735 0.55052084 0.7341667 0.5520833 0.73833334 0.5494792 0.7425 0.56354165 0.7891667 0.5697917 0.79333335 0.575 0.7941667 0.5854167 0.7866667 0.68072915 0.71 0.6875 0.7025 0.69166666 0.695 0.6927083 0.68666667 0.69114584 0.675 0.67864585 0.6375 0.67395836 0.6375 0.6734375 0.6325 0.675 0.62916666 0.6546875 0.5683333 0.6177083 0.45166665 0.6125 0.44 0.60625 0.4375 0.6010417 0.43583333 0.58958334 0.445
19 0.534375 0.42666668 0.50989586 0.45333335 0.521875 0.46 0.525 0.45333335 0.52708334 0.455 0.5265625 0.46333334 0.553125 0.47416666 0.6010417 0.435 0.6125 0.43916667 0.6171875 0.45083332 0.6375 0.515 0.6536458 0.52 0.66197914 0.51916665 0.6671875 0.51166666 0.67291665 0.48166665 0.6484375 0.45916668 0.6489583 0.4525 0.64739585 0.45083332 0.64375 0.455 0.61875 0.43 0.615625 0.42583334 0.61302084 0.4175 0.61614585 0.40666667
19 0.61354166 0.26 0.6625 0.28083333 0.628125 0.37333333 0.62083334 0.32666665
19 0.72447914 0.26 0.72291666 0.26 0.71979165 0.26333332 0.7171875 0.2625 0.7171875 0.25833333 0.7182292 0.25416666 0.6927083 0.2325 0.6859375 0.23 0.68072915 0.23083334 0.6765625 0.23916666 0.6484375 0.31833333 0.61510414 0.41083333 0.61302084 0.41833332 0.61614585 0.42833334 0.64375 0.455 0.64739585 0.45083332 0.64947915 0.4525 0.6484375 0.45916668 0.67760414 0.48583335 0.72291666 0.53 0.7630208 0.57 0.76666665 0.57 0.7703125 0.56916666 0.77447915 0.56583333 0.7796875 0.55583334 0.79114586 0.525 0.79791665 0.5025 0.80104166 0.4925 0.821875 0.44416666 0.8390625 0.39666668 0.84010416 0.38666666 0.8390625 0.37666667 0.8364583 0.37166667 0.83177084 0.36333334 0.79010415 0.32416666 0.77239585 0.31166667 0.759375 0.29916668 0.7416667 0.28
19 0.4609375 0.21916667 0.51354164 0.205 0.53541666 0.19416666 0.571875 0.17916666 0.5875 0.17666666 0.596875 0.18083334 0.60260415 0.18916667 0.60625 0.2025 0.615625 0.2775 0.62083334 0.32666665 0.62864584 0.37416667 0.61614585 0.40666667 0.57916665 0.41583332 0.53489584 0.42666668 0.53020835 0.43 0.50416666 0.44083333 0.48854166 0.44583333 0.48645833 0.44083333 0.48385417 0.43916667 0.4828125 0.44166666 0.48333332 0.44833332 0.45729166 0.4575 0.45208332 0.45833334 0.44739583 0.45666668 0.44166666 0.44833332 0.4390625 0.44166666 0.43020833 0.36666667 0.41875 0.27583334 0.41666666 0.2525 0.4171875 0.24583334 0.41927084 0.23833333 0.42708334 0.23083334 0.45520833 0.22083333 0.45677084 0.2275 0.46041667 0.22666667
19 0.49739584 0.19416666 0.49270833 0.19916667 0.48020834 0.21416667 0.51354164 0.205 0.5140625 0.2025 0.509375 0.19583334 0.503125 0.19333333
19 0.3890625 0.31333333 0.36041668 0.345 0.35729167 0.35166666 0.35572916 0.36166668 0.3578125 0.37166667 0.37083334 0.40083334 0.39270833 0.44833332 0.41145834 0.50333333 0.4234375 0.5316667 0.42708334 0.53583336 0.4359375 0.5375 0.44635418 0.5275 0.5109375 0.4525 0.53125 0.43 0.5286458 0.43083334 0.50208336 0.44083333 0.48854166 0.44583333 0.48645833 0.44083333 0.48385417 0.43916667 0.4828125 0.44166666 0.48333332 0.44833332 0.45625 0.45833334 0.45208332 0.45833334 0.446875 0.4575 0.4421875 0.44916666 0.43854168 0.44166666 0.43177083 0.38 0.41927084 0.27916667 0.4046875 0.29333332 0.39479166 0.30583334
19 0.1453125 0.4575 0.09583333 0.42 0.091145836 0.41916665 0.086979166 0.42333335 0.0828125 0.43 0.0734375 0.47083333 0.0703125 0.49083334 0.065104164 0.5125 0.058854166 0.53583336 0.043229166 0.5683333 0.0328125 0.6025 0.033333335 0.61333334 0.038020834 0.625 0.071354166 0.65166664 0.102604166 0.67583334 0.14739583 0.7158333 0.15 0.7108333 0.153125 0.70916665 0.15260416 0.7183333 0.17083333 0.735 0.17864583 0.74 0.18489583 0.74 0.19114584 0.7316667 0.20208333 0.695 0.23958333 0.56666666 0.24166666 0.55583334 0.24114583 0.54333335 0.23645833 0.5366667 0.21302083 0.51416665 0.20989583 0.51666665 0.20833333 0.51666665 0.2078125 0.50916666 0.18489583 0.49083334
