8 0.046875 0.345 0.13125 0.36416668 0.1703125 0.375 0.18177083 0.40333334 0.18125 0.42166665 0.17760417 0.43916667 0.18020834 0.4625 0.1796875 0.49333334 0.17708333 0.515 0.16666667 0.63 0.16666667 0.7033333 0.16145833 0.7175 0.14583333 0.72833335 0.12864584 0.7241667 0.1109375 0.6741667 0.09791667 0.6616667 0.090625 0.66 0.049479168 0.6925 0.048958335 0.6975 0.04375 0.6933333 0.038541667 0.6975 0.027083334 0.705 0.021875 0.695 0.019791666 0.6816667 0.03125 0.595 0.0328125 0.5858333 0.033333335 0.555 0.036979165 0.53583336 0.039583333 0.51666665 0.040625 0.4925 0.033854168 0.45166665 0.0328125 0.4325 0.0359375 0.36416668 0.038541667 0.35333332
8 0.22760417 0.029166667 0.21822916 0.0 0.038020834 0.0 0.05 0.034166668 0.06302083 0.061666667 0.07447917 0.068333335 0.08645833 0.07 0.09791667 0.10666667 0.10885417 0.13416667 0.11770833 0.15416667 0.128125 0.20416667 0.13541667 0.21833333 0.14635417 0.22333333 0.1578125 0.21833333 0.1640625 0.21083333 0.16822916 0.19666667 0.171875 0.1875 0.17916666 0.18416667 0.19010417 0.18583333 0.19583334 0.18333334 0.2046875 0.1725 0.22916667 0.16416667 0.25260416 0.15166667 0.2609375 0.135 0.25677082 0.115 0.2328125 0.0425
8 0.29166666 0.06 0.30260417 0.033333335 0.3125 0.0 0.3921875 0.0 0.40833333 0.019166667 0.42239583 0.034166668 0.43541667 0.046666667 0.46770832 0.07833333 0.475 0.095 0.47552082 0.11333334 0.46770832 0.1375 0.44479167 0.18333334 0.41927084 0.245 0.4078125 0.2625 0.39635417 0.26583335 0.3875 0.26083332 0.375 0.24083333 0.35104167 0.20916666 0.34114584 0.19666667 0.33072916 0.1775 0.2890625 0.13916667 0.26875 0.1225 0.27864584 0.08416667 0.28645834 0.071666665
8 0.48333332 0.06666667 0.4625 0.029166667 0.46197918 0.011666667 0.465625 0.0 0.66822916 0.0 0.62604165 0.059166666 0.5890625 0.12166667 0.5859375 0.12083333 0.58489585 0.12833333 0.55677086 0.16833334 0.55 0.17416666 0.5390625 0.17083333 0.50625 0.10916667
8 0.37708333 0.36 0.36041668 0.40333334 0.35 0.43166667 0.35052082 0.4425 0.35677084 0.46166667 0.37291667 0.47 0.39166668 0.47166666 0.3984375 0.47916666 0.41302082 0.51166666 0.43697917 0.54083335 0.44583333 0.5475 0.4515625 0.545 0.46510416 0.535 0.471875 0.515 0.48958334 0.4675 0.51458335 0.4 0.5421875 0.34916666 0.5375 0.345 0.54375 0.34166667 0.56041664 0.305 0.56875 0.28333333 0.56614584 0.26166666 0.5052083 0.19666667 0.4765625 0.16583334 0.46979168 0.1625 0.4578125 0.1625 0.4484375 0.1775 0.43125 0.2225 0.4328125 0.23083334 0.4296875 0.2325 0.4234375 0.24666667 0.41510418 0.27666667 0.3921875 0.32833335
8 0.328125 0.9608333 0.33020833 0.9766667 0.33541667 0.9875 0.34322917 0.99 0.359375 0.99333334 0.3734375 1.0 0.5395833 1.0 0.54010415 0.9675 0.5442708 0.92583334 0.540625 0.8441667 0.5130208 0.835 0.50989586 0.8408333 0.50625 0.835 0.50208336 0.8325 0.48333332 0.83166665 0.4625 0.8283333 0.40260416 0.8041667 0.37083334 0.7925 0.36354166 0.79333335 0.35572916 0.7975 0.35052082 0.8066667 0.34739584 0.8175 0.34739584 0.83416665 0.34791666 0.8525 0.34010416 0.8933333 0.334375 0.9291667
8 0.6723958 0.8825 0.6734375 0.94 0.67395836 0.9691667 0.678125 0.9825 0.66770834 1.0 0.5484375 1.0 0.54583335 0.9558333 0.5442708 0.9175 0.54010415 0.8283333 0.53802085 0.7808333 0.5416667 0.76916665 0.5484375 0.76416665 0.56458336 0.7625 0.57239586 0.765 0.5828125 0.77166665 0.5885417 0.7708333 0.61145836 0.7558333 0.61875 0.76666665 0.634375 0.80833334 0.640625 0.8125 0.63645834 0.82 0.646875 0.84583336 0.6614583 0.87833333 0.66875 0.88166666
8 0.5828125 0.56416667 0.6020833 0.5475 0.6244792 0.575 0.64739585 0.605 0.6744792 0.6433333 0.68333334 0.62333333 0.69427085 0.6 0.7078125 0.625 0.7317708 0.6766667 0.73854166 0.68833333 0.7578125 0.72833335 0.76875 0.755 0.76875 0.7725 0.75572914 0.79 0.721875 0.83 0.715625 0.8375 0.6848958 0.88 0.67395836 0.88416666 0.6614583 0.87666667 0.6375 0.82 0.6411458 0.81416667 0.6333333 0.80583334 0.6177083 0.7608333 0.60729164 0.74833333 0.56875 0.6566667 0.55364585 0.6308333 0.55052084 0.615 0.55677086 0.5975 0.57239586 0.5783333
8 0.628125 0.31333333 0.64375 0.3325 0.68177086 0.38583332 0.72291666 0.45 0.73229164 0.45416668 0.75677085 0.48 0.72864586 0.53833336 0.6921875 0.6025 0.6765625 0.6408333 0.60052085 0.5425 0.546875 0.4725 0.546875 0.45333335 0.5520833 0.44083333 0.571875 0.41166666 0.57604164 0.40166667 0.590625 0.3675 0.6177083 0.31583333
8 0.734375 0.11 0.74375 0.12 0.7630208 0.15 0.7739583 0.17583333 0.78489584 0.19583334 0.7963542 0.2325 0.8234375 0.28083333 0.8625 0.34166667 0.8697917 0.35416666 0.8640625 0.38416666 0.8171875 0.44083333 0.7973958 0.47333333 0.78125 0.4975 0.7671875 0.49416667 0.7338542 0.42833334 0.6859375 0.33666667 0.6828125 0.31916666 0.66614586 0.29083332 0.64635414 0.24166666 0.64635414 0.22416666 0.6802083 0.17166667 0.7192708 0.1225
8 0.93333334 0.49666667 1.0 0.50333333 1.0 0.8325 0.9828125 0.8333333 0.97239584 0.8233333 0.9609375 0.81416667 0.9140625 0.825 0.8802083 0.8325 0.86875 0.82 0.8671875 0.79833335 0.8744792 0.74916667 0.8765625 0.71666664 0.8802083 0.59166664 0.884375 0.58916664 0.8822917 0.57666665 0.88072914 0.525 0.884375 0.50333333 0.90052086 0.49333334
8 0.76458335 0.9658333 0.7682292 1.0 0.9927083 1.0 0.984375 0.9633333 0.971875 0.94666666 0.9609375 0.9316667 0.9401042 0.9275 0.9302083 0.93 0.91770834 0.935 0.9 0.935 0.8822917 0.94416666 0.8229167 0.9475 0.77239585 0.94916666
8 0.041145835 0.6958333 0.0 0.73 0.0 0.9675 0.0484375 0.93083334 0.115625 0.8858333 0.14375 0.86583334 0.15833333 0.8525 0.1625 0.8408333 0.1609375 0.8208333 0.14270833 0.76 0.109375 0.675 0.100520834 0.665 0.0921875 0.66083336 0.0828125 0.6666667 0.048958335 0.6925 0.0484375 0.6983333 0.044791665 0.695
