12 0.08958333 0.37583333 0.071875 0.435 0.050520834 0.5366667 0.046354167 0.5525 0.058333334 0.55833334 0.078125 0.5625 0.100520834 0.5725 0.11770833 0.5783333 0.175 0.59833336 0.19791667 0.6141667 0.23489584 0.62916666 0.2296875 0.60333335 0.2125 0.49666667 0.26354167 0.48 0.26614583 0.47916666 0.26875 0.45833334 0.21614583 0.4375 0.0984375 0.375
12 0.07083333 0.56333333 0.026041666 0.66 0.034375 0.6691667 0.07395833 0.7083333 0.088541664 0.7183333 0.13645834 0.76166666 0.14114584 0.7708333 0.1578125 0.78 0.2171875 0.84166664 0.23854166 0.8675 0.24427083 0.85333335 0.29010418 0.73833334 0.30208334 0.7025 0.26666668 0.67083335 0.24791667 0.6591667 0.24270834 0.66083336 0.23958333 0.6558333 0.234375 0.6483333 0.21302083 0.62666667 0.20520833 0.61833334 0.19583334 0.6125 0.17552084 0.59833336 0.118229166 0.5783333 0.09947917 0.5725 0.08020833 0.56333333 0.07395833 0.5625
12 0.43645832 0.0033333334 0.434375 0.0575 0.4390625 0.105 0.4375 0.13083333 0.44375 0.13416667 0.5234375 0.14 0.5520833 0.15166667 0.56875 0.15166667 0.659375 0.17416666 0.6645833 0.14916667 0.6744792 0.045 0.6713542 0.039166667 0.62395835 0.030833334 0.5520833 0.010833333 0.46979168 0.0 0.43697917 0.0
12 0.25260416 0.8491667 0.24166666 0.8566667 0.240625 0.8666667 0.26614583 1.0 0.31979167 1.0 0.4046875 0.9608333 0.4578125 0.9325 0.50677085 0.92 0.50104165 0.88916665 0.48229167 0.75083333 0.47604167 0.74333334 0.446875 0.76916665 0.33333334 0.83166665 0.2890625 0.8408333 0.2640625 0.8425
12 0.40104166 0.46 0.39166668 0.5991667 0.39166668 0.6175 0.40833333 0.6166667 0.48229167 0.62416667 0.51666665 0.64 0.6078125 0.6666667 0.6333333 0.6475 0.63645834 0.61333334 0.6333333 0.57916665 0.63645834 0.52916664 0.6302083 0.4875 0.5755208 0.47833332 0.54322916 0.48416665 0.49166667 0.475 0.4796875 0.47 0.4359375 0.46916667 0.41197917 0.46333334
12 0.4203125 0.62083334 0.409375 0.62916666 0.39583334 0.6325 0.384375 0.6483333 0.34166667 0.67083335 0.321875 0.6775 0.29427084 0.695 0.30260417 0.7008333 0.29635417 0.72 0.28645834 0.74833333 0.27239582 0.7816667 0.2859375 0.84 0.3328125 0.8325 0.44583333 0.7683333 0.47604167 0.7425 0.4828125 0.74916667 0.51145834 0.7291667 0.525 0.72333336 0.50989586 0.65166664 0.5046875 0.63416666 0.4828125 0.62416667 0.425 0.61833334
12 0.45104167 0.39666668 0.42135417 0.41 0.36875 0.44 0.315625 0.46 0.30520833 0.46166667 0.290625 0.47 0.25416666 0.48333332 0.2125 0.49666667 0.228125 0.595 0.24114583 0.6566667 0.246875 0.6591667 0.265625 0.64666665 0.3390625 0.61833334 0.3921875 0.6 0.39895833 0.49333334 0.40104166 0.46 0.43697917 0.47 0.4671875 0.46916667 0.45677084 0.4025
12 0.2671875 0.6475 0.28697917 0.6616667 0.29010418 0.6616667 0.2921875 0.64416665 0.29270834 0.63666666 0.26927084 0.6458333
12 0.27708334 0.32333332 0.27395833 0.345 0.27135417 0.42583334 0.265625 0.45666668 0.26927084 0.4575 0.265625 0.47666666 0.27447918 0.47583333 0.29375 0.46916667 0.3046875 0.46166667 0.3140625 0.46 0.37291667 0.43833333 0.42239583 0.41 0.45104167 0.3975 0.45729166 0.4025 0.4671875 0.47 0.48177084 0.47083333 0.49166667 0.47416666 0.50885415 0.4775 0.5171875 0.37833333 0.48489583 0.36666667 0.44010416 0.3575 0.37760416 0.34583333 0.346875 0.33833334 0.33958334 0.34916666 0.33229166 0.35083333 0.31979167 0.33166668
12 0.8333333 0.17583333 0.765625 0.2675 0.76979166 0.28 0.79375 0.325 0.865625 0.4625 0.9078125 0.55333334 0.92864585 0.53833336 0.9796875 0.47666666 0.99010414 0.46083334 0.9796875 0.44416666 0.93333334 0.355 0.90520835 0.29333332 0.86354166 0.2225 0.8385417 0.17083333
12 0.196875 0.005 0.1328125 0.15583333 0.15625 0.18333334 0.18541667 0.2075 0.29166666 0.2875 0.3328125 0.35166666 0.33958334 0.35 0.35104167 0.33 0.39583334 0.21666667 0.38854167 0.205 0.3390625 0.16583334 0.25989583 0.071666665 0.2046875 0.0016666667
