14 0.25364584 0.56083333 0.23645833 0.6775 0.24635416 0.6825 0.265625 0.6825 0.2828125 0.68333334 0.43125 0.7316667 0.44114584 0.7325 0.45104167 0.74333334 0.46145833 0.75333333 0.46458334 0.7575 0.46927083 0.75666666 0.47916666 0.69083333 0.48020834 0.6566667 0.478125 0.6375 0.47239584 0.6408333 0.4671875 0.64916664 0.45572916 0.6508333 0.33229166 0.605 0.290625 0.58916664 0.275 0.575 0.271875 0.56583333
14 0.22760417 0.77 0.22239584 0.7841667 0.2171875 0.83416665 0.21510416 0.8566667 0.21614583 0.88 0.21822916 0.89416665 0.23541667 0.88666666 0.23958333 0.88166666 0.24479167 0.8666667 0.26458332 0.8725 0.43645832 0.87666667 0.43489584 0.88416666 0.440625 0.8775 0.44479167 0.86583334 0.45104167 0.7875 0.45052084 0.7708333 0.43958333 0.77 0.43645832 0.7783333 0.434375 0.79083335 0.42604166 0.7925 0.32916668 0.7866667 0.25833333 0.785 0.246875 0.77916664 0.23489584 0.7725
14 0.5833333 0.80083334 0.58177084 0.86833334 0.5828125 0.87416667 0.584375 0.9125 0.5854167 0.91833335 0.58958334 0.9191667 0.59270835 0.91583335 0.5942708 0.91 0.6125 0.9066667 0.7838542 0.9 0.7916667 0.89916664 0.79375 0.90416664 0.79479164 0.9125 0.8 0.91333336 0.8052083 0.87 0.80677086 0.83 0.80572915 0.81666666 0.8078125 0.7966667 0.8041667 0.79583335 0.7828125 0.81083333 0.778125 0.81333333 0.740625 0.81666666 0.61354166 0.8183333 0.60729164 0.8183333 0.59479165 0.8025
14 0.5046875 0.6041667 0.5 0.7241667 0.5151042 0.725 0.52239585 0.72083336 0.54583335 0.715 0.60260415 0.7225 0.70416665 0.74333334 0.70625 0.74333334 0.71875 0.7658333 0.7239583 0.7658333 0.7317708 0.67833334 0.7317708 0.65416664 0.73020834 0.64916664 0.7234375 0.65833336 0.7005208 0.66333336 0.5578125 0.63166666 0.5484375 0.62 0.534375 0.61083335 0.5203125 0.60833335 0.5109375 0.605
14 0.35833332 0.28833333 0.36822918 0.30916667 0.3875 0.32666665 0.3953125 0.32833335 0.49635416 0.5108333 0.5109375 0.55 0.5140625 0.56583333 0.528125 0.5875 0.5786458 0.50416666 0.5734375 0.48916668 0.56875 0.47916666 0.5572917 0.47916666 0.55104166 0.47 0.43333334 0.2725 0.428125 0.26333332 0.42760417 0.24083333 0.42708334 0.2325 0.415625 0.21166667 0.38177082 0.25416666
14 0.21770833 0.2525 0.215625 0.26416665 0.2171875 0.27416667 0.22135417 0.2825 0.23229167 0.29333332 0.3078125 0.46083334 0.3296875 0.515 0.33541667 0.5233333 0.340625 0.535 0.340625 0.56333333 0.38177082 0.5133333 0.4046875 0.49416667 0.4 0.4825 0.38541666 0.48166665 0.38020834 0.4625 0.328125 0.345 0.2921875 0.2775 0.28385416 0.25416666 0.28020832 0.24333334 0.28020832 0.20916666 0.27447918 0.19583334 0.225 0.24
14 0.5640625 0.11083333 0.5317708 0.13583334 0.50625 0.15416667 0.50104165 0.15416667 0.51770836 0.20666666 0.55 0.32166666 0.5807292 0.43166667 0.5828125 0.43833333 0.5833333 0.46 0.5833333 0.46833333 0.5942708 0.495 0.6088542 0.47666666 0.6432292 0.45333335 0.65052086 0.44416666 0.64635414 0.425 0.62395835 0.37916666 0.571875 0.185 0.5640625 0.1475 0.5651042 0.12833333 0.56666666 0.11666667
14 0.66302085 0.28333333 0.66197914 0.395 0.66197914 0.40416667 0.67552084 0.40416667 0.6947917 0.38666666 0.8328125 0.405 0.8744792 0.40666667 0.8802083 0.41333333 0.88958335 0.4225 0.89270836 0.40583333 0.90052086 0.30083334 0.8890625 0.30083334 0.87291664 0.30666667 0.8645833 0.3125 0.6958333 0.30083334 0.68072915 0.285
14 0.7651042 0.49416667 0.74010414 0.53833336 0.73333335 0.55583334 0.72291666 0.57416666 0.72291666 0.5808333 0.7296875 0.5933333 0.7453125 0.6041667 0.75416666 0.6116667 0.86041665 0.7808333 0.87604165 0.80833334 0.88125 0.83 0.8854167 0.8408333 0.9 0.8516667 0.9359375 0.77 0.93177086 0.75916666 0.92291665 0.74083334 0.9125 0.73583335 0.77916664 0.5325 0.7807292 0.51916665 0.7817708 0.51 0.7708333 0.49583334
14 0.090625 0.38833332 0.1171875 0.39083335 0.1546875 0.38916665 0.15572916 0.3825 0.15989584 0.3825 0.16927083 0.3875 0.16822916 0.39666668 0.16458334 0.41166666 0.16302083 0.42 0.1734375 0.6075 0.17395833 0.68333334 0.17135416 0.695 0.17708333 0.7025 0.18072917 0.71416664 0.18489583 0.73 0.1859375 0.74916667 0.18385416 0.75666666 0.17708333 0.7575 0.17395833 0.75666666 0.12291667 0.7658333 0.10572917 0.7683333 0.104166664 0.7391667 0.11666667 0.7225 0.114583336 0.665 0.110416666 0.5808333 0.10208333 0.43 0.10208333 0.42 0.091145836 0.39083335
