12 0.080729164 0.19166666 0.106770836 0.19166666 0.13385417 0.1875 0.17395833 0.17416666 0.19270833 0.1625 0.203125 0.1625 0.21875 0.16166666 0.24322917 0.155 0.27760416 0.15083334 0.3203125 0.13916667 0.328125 0.16 0.33072916 0.19166666 0.33541667 0.24416667 0.33802083 0.28583333 0.31979167 0.295 0.30416667 0.29416665 0.28802082 0.29333332 0.265625 0.3025 0.23229167 0.31 0.1875 0.31666666 0.1765625 0.31833333 0.1640625 0.32666665 0.13958333 0.33 0.10364583 0.33583334 0.106770836 0.31833333 0.10364583 0.2775 0.1 0.24583334 0.09427083 0.21833333 0.0828125 0.19833334 0.07760417 0.1925
12 0.35677084 0.26833335 0.39270833 0.29916668 0.43125 0.35 0.4328125 0.35833332 0.41927084 0.38333333 0.40677083 0.41666666 0.3546875 0.43666667 0.315625 0.45333335 0.31354168 0.46083334 0.31458333 0.47916666 0.32135418 0.5083333 0.28333333 0.49166667 0.29010418 0.4625 0.29166666 0.435 0.29635417 0.42666668 0.31145832 0.40416667 0.32760417 0.365 0.3375 0.34083334 0.35520834 0.27833334 0.35677084 0.27083334
12 0.32395834 0.51 0.3828125 0.53833336 0.4765625 0.57416666 0.4515625 0.5883333 0.384375 0.6175 0.2890625 0.66 0.27864584 0.6641667 0.27552083 0.6675 0.25729167 0.6566667 0.2484375 0.64666665 0.2484375 0.635 0.25677082 0.5808333 0.27395833 0.48666668 0.2828125 0.49083334 0.32135418 0.5075
12 0.24010417 0.6125 0.25989583 0.56166667 0.25729167 0.57666665 0.25104168 0.6141667 0.24583334 0.6125 0.24322917 0.6175 0.24010417 0.62
12 0.40729168 0.41583332 0.44635418 0.40333334 0.5203125 0.37583333 0.5520833 0.36333334 0.5546875 0.3725 0.56354165 0.43416667 0.57604164 0.5308333 0.5755208 0.5391667 0.528125 0.5525 0.50572914 0.56 0.50208336 0.5575 0.48645833 0.565 0.47239584 0.57166666 0.44270834 0.56083333 0.3828125 0.5391667 0.32395834 0.51 0.32135418 0.5075 0.31458333 0.47916666 0.31302083 0.46083334 0.31510416 0.45333335 0.3828125 0.42583334 0.40677083 0.41666666
12 0.5052083 0.5625 0.5151042 0.61083335 0.5229167 0.64666665 0.5359375 0.6816667 0.5442708 0.70666665 0.51770836 0.7241667 0.48177084 0.7266667 0.46458334 0.7325 0.43072918 0.74666667 0.4078125 0.7658333 0.3828125 0.785 0.36666667 0.8025 0.32760417 0.82 0.321875 0.81166667 0.2953125 0.72333336 0.278125 0.6725 0.27604166 0.6675 0.27916667 0.6641667 0.29114583 0.6591667 0.3265625 0.6433333 0.40208334 0.61 0.45208332 0.5883333 0.47708333 0.5733333 0.47291666 0.5725 0.5 0.55916667 0.5026042 0.5575 0.5052083 0.56
12 0.44895834 0.74333334 0.4734375 0.75916666 0.47916666 0.7625 0.48541668 0.7275 0.48229167 0.72583336 0.4640625 0.7325 0.44791666 0.7391667
12 0.5911458 0.5475 0.59583336 0.555 0.6635417 0.6358333 0.6723958 0.65166664 0.6723958 0.66 0.65833336 0.69083333 0.6302083 0.7425 0.6098958 0.7725 0.5921875 0.80583334 0.578125 0.8358333 0.5697917 0.86083335 0.55885416 0.87333333 0.5390625 0.9175 0.5239583 0.95416665 0.52135414 0.96166664 0.5015625 0.93083334 0.48645833 0.905 0.46979168 0.8875 0.45364583 0.8725 0.44635418 0.8641667 0.4421875 0.8591667 0.46770832 0.8183333 0.4921875 0.77416664 0.49947917 0.7475 0.5078125 0.725 0.5171875 0.7241667 0.5442708 0.70666665 0.534375 0.67833334 0.53020835 0.6675 0.54010415 0.63916665 0.55572915 0.59833336 0.56927085 0.57 0.575 0.5625 0.58177084 0.5575 0.58958334 0.5525
12 0.46510416 0.23 0.55364585 0.2725 0.69739586 0.325 0.6984375 0.33833334 0.6953125 0.36333334 0.67291665 0.50333333 0.6666667 0.5125 0.6390625 0.49833333 0.6067708 0.48166665 0.5864583 0.4725 0.57239586 0.46333334 0.5671875 0.46083334 0.5625 0.425 0.5541667 0.37083334 0.5520833 0.3625 0.44427082 0.40416667 0.43489584 0.40666667 0.43489584 0.39916667 0.44739583 0.31166667 0.46354166 0.235
12 0.40833333 0.0 0.3921875 0.061666667 0.38854167 0.10583334 0.38385418 0.12583333 0.37864584 0.15 0.36875 0.205 0.36458334 0.20833333 0.33072916 0.19 0.32760417 0.15916666 0.31979167 0.13916667 0.31458333 0.14083333 0.27395833 0.15083334 0.27135417 0.14666666 0.2984375 0.04083333 0.30989584 0.0
