18 0.8286458 0.25083333 0.790625 0.2775 0.78697914 0.28333333 0.78802085 0.29 0.77447915 0.2925 0.7796875 0.30666667 0.7807292 0.32083333 0.775 0.335 0.7140625 0.48166665 0.7109375 0.485 0.7026042 0.4875 0.69114584 0.48083332 0.6588542 0.445 0.6666667 0.51666665 0.6744792 0.52666664 0.6796875 0.5308333 0.77239585 0.5058333 0.8052083 0.4925 0.81614584 0.46 0.8234375 0.45 0.83020836 0.44916666 0.8385417 0.44833332 0.84947914 0.45916668 0.859375 0.47083333 0.87604165 0.4625 0.88125 0.45083332 0.8822917 0.44083333 0.8734375 0.3925 0.86354166 0.335 0.853125 0.28583333 0.84791666 0.26 0.8385417 0.25083333 0.83489585 0.25
18 0.5765625 0.17166667 0.53125 0.27916667 0.5286458 0.28583333 0.53020835 0.295 0.534375 0.31 0.54375 0.3225 0.56354165 0.34083334 0.5765625 0.35666665 0.58958334 0.37083334 0.62395835 0.40833333 0.6557292 0.4425 0.66041666 0.4475 0.6635417 0.45 0.68854165 0.4775 0.690625 0.48083332 0.70208335 0.48666668 0.7109375 0.485 0.7140625 0.48083332 0.77708334 0.33 0.7807292 0.31916666 0.7796875 0.3075 0.7734375 0.2925 0.7046875 0.225 0.6765625 0.19833334 0.659375 0.185 0.646875 0.17333333 0.6145833 0.13583334 0.60729164 0.12833333 0.5932292 0.13166666 0.58489585 0.1525
18 0.5296875 0.14 0.48697916 0.1575 0.47760418 0.16416667 0.47395834 0.165 0.440625 0.17083333 0.40989584 0.17916666 0.428125 0.21166667 0.44583333 0.23666666 0.46041667 0.25916666 0.471875 0.27666667 0.47395834 0.2875 0.4734375 0.30083334 0.46927083 0.30833334 0.47552082 0.3225 0.503125 0.3075 0.509375 0.30416667 0.5161458 0.30416667 0.52135414 0.30833334 0.5260417 0.31416667 0.5296875 0.325 0.53697914 0.36583334 0.5755208 0.355 0.5630208 0.34 0.5484375 0.32666665 0.534375 0.31 0.528125 0.28666666 0.5359375 0.26833335 0.5755208 0.17416666 0.5734375 0.1575 0.5708333 0.1475 0.565625 0.1375 0.5578125 0.13166666 0.55 0.1325
18 0.55052084 0.44 0.54583335 0.4175 0.5359375 0.3625 0.5338542 0.34583333 0.5307292 0.32833335 0.5260417 0.31333333 0.51666665 0.30416667 0.509375 0.30416667 0.47604167 0.3225 0.47916666 0.33 0.49375 0.3525 0.50208336 0.36916667 0.503125 0.3775 0.5026042 0.38833332 0.5005208 0.40083334 0.490625 0.4125 0.47135416 0.43583333 0.4625 0.44583333 0.47447917 0.4925 0.496875 0.5775 0.5078125 0.615 0.5104167 0.62833333 0.5109375 0.6375 0.50885415 0.65 0.50572914 0.6575 0.503125 0.66 0.45625 0.69166666 0.46822917 0.6925 0.48333332 0.68583333 0.49166667 0.68 0.50885415 0.6566667 0.5375 0.6166667 0.5572917 0.59 0.5734375 0.5683333 0.56354165 0.5108333 0.5541667 0.46083334
18 0.58385414 0.5541667 0.5734375 0.5683333 0.5338542 0.62166667 0.48489583 0.69 0.47552082 0.7025 0.4734375 0.71666664 0.475 0.7341667 0.4765625 0.74 0.49479166 0.7708333 0.50208336 0.7841667 0.5208333 0.815 0.54375 0.855 0.55104166 0.8666667 0.55833334 0.8691667 0.5697917 0.8666667 0.5833333 0.8466667 0.61041665 0.80833334 0.63125 0.7725 0.6484375 0.74583334 0.66302085 0.72583336 0.67864585 0.705 0.7140625 0.6691667 0.715625 0.65833336 0.71510416 0.6433333 0.6875 0.5883333 0.653125 0.5233333 0.64375 0.5058333 0.63489586 0.49916667 0.6296875 0.4975 0.621875 0.49833333 0.6046875 0.52166665 0.59583336 0.53583336 0.5911458 0.5441667
18 0.34635416 0.3075 0.31614584 0.34416667 0.26197916 0.41416666 0.2546875 0.425 0.25208333 0.43916667 0.253125 0.45583335 0.25885418 0.46833333 0.29895833 0.54333335 0.33072916 0.6016667 0.3390625 0.605 0.34895834 0.6025 0.35885417 0.5875 0.36822918 0.57666665 0.4125 0.51916665 0.42916667 0.49333334 0.43697917 0.48 0.45 0.46 0.47083333 0.43666667 0.49947917 0.40083334 0.5026042 0.39166668 0.503125 0.37583333 0.50208336 0.36916667 0.4984375 0.36166668 0.47760418 0.32833335 0.46458334 0.29583332 0.44791666 0.26166666 0.42916667 0.22666667 0.42239583 0.22166666 0.41354167 0.22083333 0.40885416 0.22083333 0.38541666 0.25 0.37604168 0.2675 0.3625 0.2825
18 0.35364583 0.6075 0.365625 0.65 0.37708333 0.68 0.38541666 0.70166665 0.38854167 0.71 0.38802084 0.725 0.39583334 0.7275 0.4328125 0.70666665 0.47447917 0.6791667 0.5046875 0.65833336 0.509375 0.6483333 0.5104167 0.6375 0.5109375 0.6275 0.49791667 0.5808333 0.4796875 0.50916666 0.46197918 0.44666666 0.44947916 0.46 0.44114584 0.47333333 0.42395833 0.50166667 0.38854167 0.55083334 0.36041668 0.5858333 0.3515625 0.59833336
18 0.196875 0.63166666 0.22135417 0.68666667 0.23489584 0.72 0.25833333 0.7683333 0.27760416 0.8125 0.284375 0.82666665 0.29791668 0.8275 0.31458333 0.80333334 0.32239583 0.77666664 0.328125 0.7625 0.33333334 0.76916665 0.3421875 0.7683333 0.38333333 0.7391667 0.38802084 0.7241667 0.38854167 0.71 0.38489583 0.69916666 0.378125 0.68333334 0.36197916 0.6383333 0.34895834 0.6025 0.34791666 0.6041667 0.33958334 0.605 0.33020833 0.60083336 0.26302084 0.47583333 0.253125 0.4575 0.253125 0.44416666 0.20677084 0.4925 0.16666667 0.53583336 0.16458334 0.55 0.16510417 0.56 0.1828125 0.6
18 0.22916667 0.23166667 0.184375 0.345 0.17291667 0.37583333 0.1765625 0.39166668 0.1796875 0.39583334 0.22604166 0.445 0.23854166 0.45833334 0.25208333 0.44416666 0.25260416 0.43833333 0.2546875 0.425 0.3015625 0.36333334 0.31770834 0.34166667 0.3421875 0.3125 0.36458334 0.28 0.37708333 0.26666668 0.38541666 0.25083333 0.40260416 0.22833334 0.40208334 0.21583334 0.40052083 0.2125 0.37291667 0.1775 0.30416667 0.09833334 0.29270834 0.09833334 0.28333333 0.10666667 0.25520834 0.16666667
18 0.30520833 0.0575 0.24635416 0.15833333 0.22760417 0.19166666 0.22760417 0.21 0.2296875 0.21833333 0.23229167 0.2225 0.25208333 0.17333333 0.284375 0.105 0.29270834 0.0975 0.3046875 0.09916667 0.3265625 0.12416667 0.36666667 0.17 0.38229167 0.18916667 0.4015625 0.21333334 0.40260416 0.22666667 0.4078125 0.22166666 0.42291668 0.22083333 0.43020833 0.22833334 0.44583333 0.2575 0.46197918 0.29083332 0.46927083 0.30833334 0.4734375 0.3 0.47395834 0.28833333 0.471875 0.27666667 0.44583333 0.2375 0.42604166 0.20916666 0.40416667 0.17 0.33333334 0.0575 0.32708332 0.046666667 0.31510416 0.045833334 0.31145832 0.046666667
18 0.77552086 0.5466667 0.740625 0.6166667 0.7109375 0.68083334 0.70729166 0.69083333 0.70416665 0.705 0.7046875 0.71666664 0.709375 0.73 0.715625 0.73833334 0.7427083 0.77 0.77239585 0.80333334 0.7963542 0.8283333 0.803125 0.8325 0.81145835 0.8325 0.81927085 0.8275 0.8296875 0.8066667 0.84479165 0.7783333 0.87291664 0.7075 0.890625 0.66583335 0.9010417 0.6475 0.915625 0.6275 0.9359375 0.58916664 0.9375 0.5783333 0.93333334 0.56166667 0.9270833 0.55 0.87395835 0.48666668 0.84739584 0.4575 0.83802086 0.44833332 0.828125 0.44833332 0.82239586 0.45166665 0.81458336 0.46416667 0.8052083 0.49083334 0.7864583 0.52666664
