18 0.6234375 0.7975 0.59375 0.855 0.590625 0.8775 0.5953125 0.89 0.64479166 0.95416665 0.6765625 0.99 0.6848958 0.99083334 0.69375 0.9916667 0.70625 0.9725 0.7526042 0.8883333 0.77239585 0.84166664 0.7828125 0.82166666 0.8 0.8016667 0.815625 0.78 0.81822914 0.7625 0.81666666 0.745 0.77760416 0.68833333 0.73072916 0.62833333 0.72552085 0.64916664 0.71770835 0.67583334 0.70520836 0.70916665 0.69739586 0.73583335 0.6666667 0.7608333 0.6510417 0.77416664 0.65989584 0.78583336 0.67395836 0.7891667 0.6645833 0.8016667 0.65052086 0.8041667 0.62604165 0.7991667
5 0.5072917 0.59 0.57239586 0.49333334 0.60572916 0.42 0.62395835 0.43166667 0.64635414 0.47083333 0.7083333 0.57916665 0.71979165 0.6041667 0.7270833 0.63166666 0.725 0.6508333 0.70520836 0.70666665 0.696875 0.7375 0.65260416 0.7733333 0.6588542 0.78583336 0.6744792 0.7891667 0.6645833 0.8016667 0.6479167 0.805 0.62083334 0.7966667 0.56875 0.7241667 0.5046875 0.63916665 0.49114582 0.62083334
15 0.0203125 0.055833332 0.1546875 0.0 0.0 0.0 0.0 0.05666667
1 0.12916666 0.15166667 0.016145833 0.2175 0.0 0.22666667 0.0 0.26666668 0.036458332 0.40083334 0.047916666 0.4025 0.061458334 0.3775 0.07239583 0.35833332 0.16979167 0.29333332 0.21927084 0.26583335 0.22916667 0.26166666 0.21614583 0.20666666 0.20885417 0.15833333 0.1953125 0.0825 0.18072917 0.10583334 0.17239584 0.13416667 0.15208334 0.14166667
19 0.15052083 0.33166668 0.1109375 0.40583333 0.067708336 0.475 0.07239583 0.48333332 0.063541666 0.48333332 0.041666668 0.5208333 0.0390625 0.5366667 0.042708334 0.5466667 0.053125 0.56083333 0.13802083 0.6741667 0.1546875 0.68083334 0.16197917 0.67583334 0.17135416 0.6575 0.17916666 0.64 0.18072917 0.63166666 0.18489583 0.63166666 0.246875 0.52666664 0.27447918 0.47833332 0.2765625 0.4625 0.271875 0.44916666 0.26197916 0.43416667 0.17708333 0.315 0.16614583 0.30833334 0.15833333 0.31416667
2 0.22864583 0.58416665 0.09791667 0.8275 0.084375 0.8516667 0.13177083 0.90833336 0.20625 0.9975 0.246875 1.0 0.3703125 0.7583333 0.38385418 0.73 0.24427083 0.5516667
8 0.6244792 0.275 0.553125 0.285 0.55 0.2925 0.54583335 0.28583333 0.5078125 0.29666665 0.496875 0.30583334 0.49583334 0.32083333 0.5083333 0.49416667 0.5208333 0.50666666 0.53125 0.50666666 0.56614584 0.49916667 0.5755208 0.48666668 0.60520834 0.42083332 0.60833335 0.4 0.61614585 0.355 0.62291664 0.2875
9 0.64427084 0.1025 0.63958335 0.1175 0.6458333 0.12583333 0.63854164 0.13 0.62708336 0.24083333 0.6244792 0.2875 0.6166667 0.355 0.60520834 0.41833332 0.6244792 0.43083334 0.640625 0.44666666 0.6848958 0.4625 0.7239583 0.47666666 0.74427086 0.48166665 0.75416666 0.47833332 0.75625 0.45916668 0.76770836 0.4175 0.7796875 0.33666667 0.77135414 0.27583334 0.75625 0.15833333 0.75364584 0.123333335 0.75364584 0.09916667 0.73072916 0.086666666 0.69322914 0.075833336 0.65052086 0.061666667
8 0.6869792 0.47 0.6666667 0.4725 0.6484375 0.47583333 0.6265625 0.43333334 0.6421875 0.44666666 0.70208335 0.4675
3 0.3546875 0.17083333 0.35364583 0.15083334 0.35833332 0.135 0.36875 0.12833333 0.36875 0.10583334 0.37708333 0.07416666 0.3828125 0.0475 0.39739582 0.034166668 0.40104166 0.018333333 0.40104166 0.0 0.42239583 0.0 0.4296875 0.013333334 0.440625 0.009166666 0.44947916 0.0 0.48645833 0.0 0.48697916 0.21083333 0.4828125 0.23666666 0.46822917 0.2475 0.45677084 0.24333334 0.45104167 0.23333333 0.4484375 0.21666667 0.43958333 0.20333333 0.39270833 0.19166666 0.3671875 0.18666667 0.3578125 0.18166667
19 0.87708336 0.40083334 0.9817708 0.28416666 0.9953125 0.27583334 1.0 0.28083333 1.0 0.62916666 0.9890625 0.64166665 0.97552085 0.6383333 0.95416665 0.5941667 0.9583333 0.5875 0.95208335 0.58666664 0.88958335 0.45333335 0.8723958 0.41333333
