6 0.16770834 0.255 0.23385416 0.23333333 0.265625 0.22166666 0.2796875 0.2175 0.28333333 0.24083333 0.2921875 0.33 0.2921875 0.33666667 0.30208334 0.39 0.315625 0.45 0.31302083 0.455 0.3046875 0.4575 0.24791667 0.48166665 0.20104167 0.49916667 0.1921875 0.38916665 0.18229167 0.32583332 0.18125 0.30666667 0.17083333 0.29 0.16458334 0.25666666
6 0.26614583 0.555 0.2890625 0.5425 0.3484375 0.5075 0.37083334 0.49583334 0.37447917 0.50916666 0.38177082 0.5566667 0.4015625 0.6308333 0.31770834 0.64 0.30833334 0.6408333 0.30677083 0.6533333 0.29270834 0.6525 0.26614583 0.5808333 0.2625 0.56166667
6 0.22395833 0.6091667 0.23020834 0.6141667 0.23177083 0.62416667 0.25052083 0.6375 0.26770833 0.63916665 0.29479167 0.6533333 0.30625 0.655 0.309375 0.68333334 0.31302083 0.7341667 0.31458333 0.7525 0.31614584 0.7683333 0.31875 0.8041667 0.31927082 0.8175 0.31666666 0.82666665 0.3125 0.8258333 0.29791668 0.815 0.26145834 0.7925 0.23489584 0.7775 0.215625 0.7733333 0.19635417 0.76666665 0.18229167 0.7608333 0.16979167 0.74833333 0.17239584 0.7391667 0.18854167 0.69416666 0.19010417 0.6825 0.2 0.65833336 0.21822916 0.615
6 0.403125 0.62916666 0.415625 0.63 0.42239583 0.65416664 0.4203125 0.685 0.41770834 0.725 0.41666666 0.7291667 0.4140625 0.755 0.41145834 0.77916664 0.40104166 0.8175 0.38958332 0.87416667 0.353125 0.88166666 0.31354168 0.8875 0.31145832 0.8691667 0.3125 0.8525 0.31510416 0.83416665 0.31614584 0.82666665 0.31927082 0.8183333 0.31875 0.80333334 0.31354168 0.74083334 0.31041667 0.68333334 0.30677083 0.6558333 0.3078125 0.6483333 0.30833334 0.6408333 0.40208334 0.6308333
6 0.42239583 0.68916667 0.4265625 0.7 0.43020833 0.71666664 0.428125 0.7183333 0.41770834 0.725 0.42083332 0.68583333
6 0.434375 0.7025 0.42708334 0.68083334 0.4265625 0.67333335 0.4234375 0.6616667 0.42239583 0.6525 0.4140625 0.62083334 0.37864584 0.50166667 0.37239584 0.4825 0.36770833 0.46333334 0.375 0.46083334 0.39895833 0.445 0.41354167 0.43833333 0.43541667 0.4325 0.44270834 0.43666667 0.45416668 0.40916666 0.4609375 0.39333335 0.4671875 0.40666667 0.47135416 0.41916665 0.48020834 0.455 0.49479166 0.5058333 0.49010417 0.5075 0.4796875 0.5133333 0.4671875 0.51916665 0.45677084 0.5258333 0.44635418 0.53 0.43541667 0.5341667 0.415625 0.5475 0.40677083 0.5566667 0.40520832 0.565 0.40625 0.5775 0.41510418 0.6025 0.428125 0.6525 0.43645832 0.67583334 0.44322917 0.6925
6 0.42239583 0.73083335 0.43958333 0.74083334 0.44114584 0.7558333 0.44166666 0.7708333 0.44322917 0.7866667 0.44739583 0.7875 0.46302083 0.7825 0.49427083 0.7708333 0.49114582 0.79583335 0.4890625 0.8308333 0.48489583 0.84166664 0.48020834 0.85333335 0.47552082 0.8825 0.4875 0.88666666 0.5151042 0.89416665 0.53541666 0.89916664 0.5338542 0.91 0.528125 0.94083333 0.525 0.94083333 0.5072917 0.93 0.44947916 0.91083336 0.4171875 0.90166664 0.3984375 0.9025 0.3859375 0.89666665 0.39010417 0.87083334 0.40208334 0.81333333 0.41145834 0.77916664 0.41666666 0.7266667
6 0.53541666 0.6508333 0.5989583 0.67 0.6109375 0.67333335 0.6109375 0.6791667 0.6078125 0.7025 0.60260415 0.7216667 0.5921875 0.7625 0.59375 0.7658333 0.59270835 0.79 0.5875 0.86833334 0.58697915 0.91083336 0.5833333 0.9116667 0.5708333 0.9091667 0.540625 0.90166664 0.53541666 0.89916664 0.4875 0.88666666 0.47552082 0.88166666 0.48072916 0.85333335 0.4890625 0.83166665 0.49114582 0.79833335 0.49427083 0.77166665 0.53802085 0.7558333 0.55052084 0.75083333 0.55 0.74083334 0.54583335 0.7183333 0.53229165 0.64916664
6 0.5229167 0.59 0.53125 0.61583334 0.52760416 0.62333333 0.52447915 0.60583335 0.52135414 0.5858333
6 0.51458335 0.53333336 0.521875 0.58916664 0.52916664 0.6358333 0.53333336 0.65416664 0.5442708 0.7108333 0.55 0.74 0.55 0.75 0.49427083 0.7708333 0.446875 0.78833336 0.44322917 0.78583336 0.44114584 0.7708333 0.44114584 0.7558333 0.43958333 0.73833334 0.43958333 0.72583336 0.44010416 0.7125 0.44322917 0.695 0.44270834 0.69166666 0.4359375 0.675 0.42760417 0.6508333 0.41354167 0.59833336 0.40625 0.5775 0.40520832 0.56583333 0.40625 0.55916667 0.415625 0.5491667 0.42864582 0.53833336 0.4375 0.5325 0.45104167 0.5283333 0.46145833 0.52416664 0.49010417 0.5075 0.4953125 0.5058333 0.4953125 0.5158333 0.49427083 0.5375 0.5104167 0.5341667
6 0.55052084 0.3625 0.56458336 0.36 0.58229166 0.35583332 0.6223958 0.35 0.6390625 0.35333332 0.63854164 0.36583334 0.63697916 0.49916667 0.6354167 0.5225 0.625 0.5258333 0.6171875 0.5233333 0.59270835 0.51416665 0.5708333 0.51666665 0.54479164 0.52166665 0.528125 0.52416664 0.515625 0.53333336 0.5109375 0.53333336 0.49427083 0.5375 0.4953125 0.5025 0.49427083 0.4725 0.49270833 0.44333333 0.49427083 0.42 0.50208336 0.42916667 0.50625 0.42416668 0.54583335 0.36333334
6 0.48072916 0.12583333 0.49427083 0.14916667 0.50208336 0.17 0.5140625 0.1975 0.5265625 0.21083333 0.53697914 0.2325 0.5552083 0.26666668 0.57604164 0.29083332 0.58489585 0.30333334 0.5833333 0.31166667 0.54583335 0.36333334 0.50208336 0.42916667 0.49322918 0.41833332 0.48802084 0.4025 0.478125 0.3775 0.46354166 0.34416667 0.4578125 0.3325 0.44010416 0.3125 0.41927084 0.28416666 0.40520832 0.26083332 0.40260416 0.25333333 0.40364584 0.24 0.40729168 0.23083334 0.41614583 0.22416666 0.42291668 0.22 0.42916667 0.20083334 0.4390625 0.18666667 0.46145833 0.1575 0.4765625 0.135
6 0.68333334 0.8025 0.69635415 0.7916667 0.74010414 0.7583333 0.74583334 0.7558333 0.75625 0.7608333 0.78125 0.7525 0.775 0.77666664 0.77552086 0.7866667 0.77708334 0.81166667 0.77916664 0.8358333 0.76354164 0.86333334 0.73229164 0.9266667 0.765625 0.9691667 0.73072916 0.9766667 0.6822917 0.9875 0.6791667 0.97833335 0.67864585 0.9625 0.6822917 0.9291667 0.684375 0.8983333 0.69166666 0.87666667 0.690625 0.865 0.68854165 0.8425 0.68177086 0.8075
6 0.78020835 0.8325 0.80833334 0.79 0.8307292 0.7416667 0.8354167 0.7375 0.840625 0.74333334 0.859375 0.77416664 0.8828125 0.8183333 0.8953125 0.8425 0.88697916 0.8566667 0.8854167 0.8625 0.8755208 0.8825 0.85364586 0.93416667 0.828125 0.97333336 0.80833334 1.0 0.7875 1.0 0.7640625 0.9675 0.73229164 0.9266667 0.7625 0.8666667
6 0.77447915 0.57166666 0.80260414 0.56666666 0.80833334 0.56416667 0.8177083 0.56333333 0.86302084 0.5575 0.878125 0.55833334 0.88177085 0.56916666 0.88177085 0.58166665 0.88125 0.6091667 0.8765625 0.6591667 0.88125 0.68 0.89427084 0.7758333 0.89427084 0.79 0.8703125 0.7941667 0.8625 0.78 0.84166664 0.74333334 0.8354167 0.7366667 0.83020836 0.7416667 0.80885416 0.78833336 0.79479164 0.80916667 0.7864583 0.8125 0.78489584 0.7875 0.7838542 0.7175 0.7828125 0.69083333 0.778125 0.6191667 0.771875 0.5725
6 0.7583333 0.34083334 0.7661458 0.35666665 0.7864583 0.39083335 0.83229166 0.455 0.83020836 0.46166667 0.8203125 0.47666666 0.7546875 0.5758333 0.75208336 0.575 0.740625 0.56 0.7348958 0.5466667 0.709375 0.4925 0.6791667 0.43833333 0.6588542 0.41 0.6515625 0.3925 0.6614583 0.38083333 0.6645833 0.38416666 0.6734375 0.40833333 0.67864585 0.41583332 0.6822917 0.4125 0.6901042 0.40416667 0.7171875 0.37333333 0.73125 0.36 0.7572917 0.33916667
6 0.7026042 0.19916667 0.7473958 0.155 0.7583333 0.14583333 0.7609375 0.1475 0.76666665 0.1675 0.7828125 0.21166667 0.7942708 0.2475 0.81458336 0.295 0.81145835 0.3 0.79791665 0.3075 0.75677085 0.33916667 0.7192708 0.37083334 0.69114584 0.4025 0.6791667 0.41583332 0.6734375 0.40833333 0.66510415 0.385 0.66302085 0.38083333 0.67395836 0.37166667 0.69166666 0.36166668 0.73072916 0.33166668 0.7505208 0.315 0.746875 0.30166668 0.7390625 0.28666666 0.7015625 0.20083334
6 0.66822916 0.115 0.675 0.12916666 0.67864585 0.14333333 0.69322914 0.18166667 0.7015625 0.20166667 0.73020834 0.26666668 0.7395833 0.28833333 0.74635416 0.30166668 0.7505208 0.315 0.7026042 0.35333332 0.69166666 0.3625 0.67395836 0.37166667 0.6625 0.38083333 0.64947915 0.395 0.64427084 0.37333333 0.6380208 0.3525 0.61302084 0.28666666 0.59479165 0.24833333 0.58177084 0.22916667 0.5786458 0.22416666 0.5708333 0.20083334 0.59375 0.17666666 0.603125 0.19 0.6166667 0.2075 0.6203125 0.21083333 0.62604165 0.19916667 0.646875 0.14416666 0.659375 0.123333335
6 0.49427083 0.083333336 0.52916664 0.0 0.6145833 0.0 0.6296875 0.014166667 0.66041666 0.041666668 0.6744792 0.050833333 0.68958336 0.06916667 0.68333334 0.0825 0.6640625 0.11666667 0.65729165 0.12666667 0.6458333 0.14583333 0.6276042 0.195 0.6197917 0.21083333 0.6 0.185 0.5921875 0.17333333 0.5833333 0.155 0.55625 0.13416667 0.50572914 0.09833334 0.4953125 0.0875
6 0.78333336 0.025833333 0.7135417 0.14166667 0.70885414 0.1475 0.69739586 0.13 0.69322914 0.1225 0.6765625 0.096666664 0.6822917 0.085 0.6901042 0.06916667 0.67291665 0.04916667 0.6578125 0.039166667 0.6145833 0.0 0.76354164 0.0 0.77916664 0.0125 0.784375 0.0225
6 0.8515625 0.22833334 0.8765625 0.1525 0.89479166 0.100833334 0.91197914 0.0725 0.91875 0.0825 0.9427083 0.11083333 0.95520836 0.123333335 1.0 0.15083334 1.0 0.29583332 0.9791667 0.34333333 0.97239584 0.335 0.9375 0.3025 0.890625 0.26166666 0.85520834 0.23583333
6 0.0036458333 0.35916665 0.054166667 0.27666667 0.07760417 0.23583333 0.09427083 0.255 0.15052083 0.34083334 0.16041666 0.3575 0.1921875 0.39 0.1953125 0.42916667 0.1609375 0.48333332 0.121875 0.53833336 0.11145833 0.51666665 0.1015625 0.48916668 0.09791667 0.46166667 0.084895834 0.46 0.053125 0.435 0.0 0.38083333 0.0 0.3675
