20 0.40104166 0.465 0.35677084 0.52666664 0.353125 0.5466667 0.35677084 0.56333333 0.41197917 0.67583334 0.409375 0.6191667 0.409375 0.58 0.41979167 0.55833334 0.40572917 0.5125 0.40416667 0.4625
20 0.5885417 1.0 0.50104165 0.8616667 0.39479166 0.7 0.34583333 0.6433333 0.32552084 0.6425 0.31614584 0.65416664 0.2328125 0.815 0.23177083 0.8383333 0.2375 0.8466667 0.26979166 0.87083334 0.32916668 0.94083333 0.37239584 1.0
20 0.90989584 0.5833333 0.83125 0.6333333 0.7651042 0.70666665 0.72760415 0.74833333 0.6703125 0.8883333 0.6375 0.98 0.63854164 0.99916667 0.7916667 1.0 0.80104166 0.9583333 0.8151042 0.87333333 0.8703125 0.8075 0.9401042 0.73333335 0.96770835 0.69916666 0.9640625 0.6691667 0.93072915 0.60583335 0.91770834 0.5825
20 0.67604166 0.7875 0.6588542 0.76416665 0.59739584 0.6716667 0.54114586 0.7 0.4578125 0.7966667 0.5796875 0.98333335 0.621875 0.93083334 0.67395836 0.8466667 0.7005208 0.815 0.72760415 0.7475 0.77447915 0.6958333 0.76770836 0.68 0.7291667 0.7216667 0.69322914 0.7941667 0.6796875 0.795
20 0.54375 0.5975 0.5161458 0.55083334 0.48645833 0.61833334 0.46666667 0.62916666 0.42552084 0.5725 0.4203125 0.55833334 0.409375 0.57916665 0.41145834 0.67583334 0.40885416 0.72 0.44427082 0.7758333 0.4625 0.7783333 0.475 0.775 0.54114586 0.7 0.596875 0.6716667
20 0.7807292 0.58916664 0.7838542 0.6041667 0.7838542 0.61833334 0.73072916 0.72 0.69375 0.7925 0.6791667 0.7941667 0.67604166 0.7866667 0.596875 0.67083335 0.540625 0.5933333 0.5161458 0.55 0.546875 0.47833332 0.55677086 0.43416667 0.5078125 0.36333334 0.48854166 0.34916666 0.50989586 0.32083333 0.58385414 0.27083334 0.6479167 0.39916667 0.68541664 0.48416665 0.7526042 0.55
20 0.5109375 0.10666667 0.5026042 0.12416667 0.490625 0.20666666 0.47135416 0.27916667 0.46875 0.30416667 0.48229167 0.3425 0.48854166 0.34916666 0.50989586 0.32166666 0.5833333 0.26916668 0.6578125 0.42083332 0.68541664 0.48416665 0.7526042 0.55 0.7796875 0.58666664 0.82447916 0.38666666 0.81875 0.365 0.746875 0.315 0.7140625 0.29333332 0.6276042 0.195 0.55885416 0.12666667 0.5208333 0.10333333
20 0.471875 0.22916667 0.44166666 0.25333333 0.43854168 0.27083334 0.45208332 0.29583332 0.46197918 0.3 0.46927083 0.29333332 0.471875 0.27833334 0.4890625 0.21416667
20 0.63697916 0.14916667 0.62135416 0.1525 0.60520834 0.17083333 0.715625 0.29416665 0.64739585 0.16333333
20 0.828125 0.5941667 0.79322916 0.52166665 0.78020835 0.58416665 0.784375 0.60083336 0.7838542 0.61833334 0.7348958 0.7158333 0.7682292 0.6766667 0.82447916 0.62416667 0.82916665 0.61
20 0.74635416 0.1325 0.70677084 0.035833333 0.68645835 0.0 0.6848958 0.036666665 0.6458333 0.0875 0.61614585 0.125 0.58489585 0.1525 0.6041667 0.17083333 0.62083334 0.1525 0.6375 0.14916667 0.64739585 0.16083333 0.71458334 0.2925 0.728125 0.26666668 0.753125 0.24583334 0.759375 0.2075 0.75208336 0.165
20 0.3890625 0.28083333 0.30260417 0.25416666 0.253125 0.35916665 0.19895834 0.48416665 0.21197917 0.52166665 0.2328125 0.52416664 0.27291667 0.4775 0.31302083 0.47666666 0.34635416 0.46166667 0.37552083 0.45666668 0.403125 0.44416666 0.40520832 0.51166666 0.425 0.5708333 0.46666667 0.62916666 0.48697916 0.61833334 0.5473958 0.4775 0.5572917 0.43416667 0.5072917 0.365 0.4359375 0.305 0.40989584 0.2875
