8 0.1203125 0.2175 0.122395836 0.2075 0.12447917 0.20083334 0.128125 0.2 0.13020833 0.19833334 0.13177083 0.215
8 0.11927083 0.21833333 0.11302083 0.2225 0.110416666 0.22416666 0.10729167 0.23 0.10364583 0.2425 0.10364583 0.24916667 0.118229166 0.30916667 0.1296875 0.35583332 0.14583333 0.41833332 0.14791666 0.42666668 0.15 0.43333334 0.15416667 0.43916667 0.16145833 0.4425 0.17135416 0.4425 0.20364584 0.42333335 0.23541667 0.4 0.25104168 0.38666666 0.28177083 0.36666667 0.30260417 0.3525 0.31145832 0.345 0.32083333 0.34 0.32916668 0.3375 0.3484375 0.32666665 0.35833332 0.3175 0.36302084 0.30833334 0.36510417 0.3 0.36510417 0.29333332 0.36510417 0.285 0.35989583 0.27 0.35364583 0.25083333 0.3484375 0.24166666 0.34166667 0.23666666 0.33854166 0.23166667 0.33802083 0.22666667 0.33802083 0.21916667 0.33958334 0.21083333 0.33958334 0.20083334 0.33802083 0.18833333 0.33229166 0.15166667 0.32916668 0.13833334 0.325 0.12833333 0.3171875 0.119166665 0.31145832 0.11666667 0.30677083 0.11833333 0.27447918 0.14083333 0.26041666 0.15166667 0.2578125 0.15333334 0.2359375 0.17166667 0.22552083 0.17916666 0.21510416 0.18416667 0.2015625 0.18583333 0.18177083 0.19583334 0.16354166 0.20083334 0.15625 0.20333333 0.1390625 0.21083333 0.13229166 0.21416667 0.12447917 0.2175 0.12135417 0.2175
8 0.29166666 0.36083335 0.340625 0.35666665 0.34427083 0.35583332 0.34895834 0.35083333 0.35208333 0.34583333 0.35364583 0.34 0.35364583 0.32166666 0.3484375 0.32666665 0.32864583 0.3375 0.3203125 0.34 0.3109375 0.345 0.30260417 0.3525 0.29270834 0.36
8 0.33125 0.14583333 0.33489582 0.145 0.34114584 0.15083334 0.34479168 0.15666667 0.34635416 0.16083333 0.34739584 0.21166667 0.34635416 0.23333333 0.34583333 0.23833333 0.3421875 0.23666666 0.33854166 0.23166667 0.33802083 0.22666667 0.3375 0.22 0.34010416 0.21 0.34010416 0.20083334 0.33697918 0.18083334 0.3328125 0.15416667 0.33177084 0.14916667
8 0.7838542 0.11833333 0.7630208 0.165 0.74322915 0.2125 0.7291667 0.24583334 0.728125 0.25166667 0.728125 0.265 0.73333335 0.28166667 0.75416666 0.31583333 0.7708333 0.33083335 0.821875 0.3875 0.8510417 0.4225 0.8677083 0.44333333 0.87708336 0.45833334 0.8822917 0.465 0.8875 0.46666667 0.8953125 0.46416667 0.89947915 0.46083334 0.9036458 0.4525 0.90625 0.44 0.9067708 0.43083334 0.9067708 0.42333335 0.909375 0.41166666 0.91197914 0.40833333 0.9135417 0.405 0.9265625 0.38666666 0.94114584 0.3625 0.94947916 0.34833333 0.95989585 0.3375 0.9671875 0.3275 0.9703125 0.32166666 0.9703125 0.31583333 0.9703125 0.31083333 0.9682292 0.3025 0.96302086 0.29 0.94375 0.275 0.9270833 0.2625 0.91510415 0.2525 0.88072914 0.20916666 0.85 0.17083333 0.8296875 0.14916667 0.8020833 0.111666664 0.79375 0.1125 0.790625 0.11333334
8 0.90833336 0.43 0.9109375 0.4275 0.915625 0.42666668 0.91822916 0.425 0.91822916 0.42166665 0.915625 0.4025 0.9135417 0.405 0.91197914 0.4075 0.909375 0.41166666 0.9067708 0.42166665 0.9067708 0.43
8 0.7348958 0.28916666 0.7328125 0.29166666 0.728125 0.305 0.728125 0.31583333 0.7338542 0.35083333 0.7395833 0.38333333 0.7447917 0.41083333 0.7526042 0.46416667 0.7546875 0.475 0.7583333 0.48416665 0.76666665 0.49083334 0.77135414 0.49166667 0.7760417 0.49083334 0.80885416 0.47333333 0.82395834 0.46333334 0.8328125 0.45666668 0.84791666 0.45083332 0.8666667 0.44333333 0.8541667 0.42583334 0.8151042 0.38083333 0.76875 0.32833335 0.7546875 0.31666666 0.74895835 0.30666667 0.7375 0.28916666
8 0.5005208 0.57666665 0.48541668 0.585 0.46927083 0.5933333 0.45677084 0.60083336 0.45260417 0.6041667 0.44895834 0.6125 0.446875 0.61833334 0.44479167 0.6275 0.44791666 0.64166665 0.45625 0.6691667 0.46875 0.69916666 0.47552082 0.70916665 0.48020834 0.7175 0.48229167 0.7216667 0.48229167 0.7316667 0.48020834 0.7475 0.4796875 0.7625 0.48072916 0.7708333 0.4875 0.79 0.49375 0.7975 0.49791667 0.8016667 0.50572914 0.8 0.5078125 0.78833336 0.5083333 0.77166665 0.5072917 0.75666666 0.5052083 0.73 0.50625 0.71416664 0.50572914 0.69416666 0.50416666 0.66083336 0.5026042 0.6308333 0.50104165 0.57666665
8 0.58489585 0.525 0.5890625 0.5208333 0.59166664 0.51916665 0.603125 0.52666664 0.5854167 0.52666664
8 0.63958335 0.7225 0.6510417 0.715 0.66510415 0.7075 0.6770833 0.69916666 0.6848958 0.695 0.6880208 0.68833333 0.6890625 0.6816667 0.6901042 0.67 0.6859375 0.6525 0.6822917 0.6383333 0.6765625 0.6075 0.6723958 0.58666664 0.6635417 0.58 0.64947915 0.5683333 0.63645834 0.5575 0.6354167 0.6358333 0.6359375 0.67833334 0.6375 0.69666666 0.63854164 0.72
8 0.5776042 0.525 0.61041665 0.5275 0.6177083 0.5258333 0.62135416 0.52166665 0.625 0.5208333 0.62708336 0.5208333 0.6296875 0.5225 0.6322917 0.525 0.6354167 0.5325 0.6359375 0.53833336 0.6359375 0.5875 0.6354167 0.6625 0.6354167 0.6791667 0.6375 0.6958333 0.6390625 0.73 0.64375 0.81583333 0.6453125 0.86583334 0.64427084 0.8725 0.6411458 0.87916666 0.63854164 0.885 0.634375 0.8883333 0.62916666 0.8908333 0.6171875 0.8908333 0.55260414 0.8908333 0.5203125 0.89166665 0.51145834 0.885 0.5083333 0.8808333 0.5052083 0.87333333 0.50364584 0.86333334 0.50416666 0.82166666 0.5046875 0.80083334 0.50572914 0.8 0.5072917 0.78833336 0.5083333 0.7708333 0.50625 0.735 0.50625 0.7291667 0.50677085 0.71416664 0.50416666 0.6591667 0.5026042 0.63 0.50104165 0.5675 0.5005208 0.5466667 0.5026042 0.5391667 0.5052083 0.5325 0.5083333 0.52666664 0.5109375 0.5225 0.5375 0.52166665 0.5630208 0.5233333 0.57447916 0.525
8 0.5072917 0.87916666 0.49947917 0.87583333 0.484375 0.8691667 0.4765625 0.8641667 0.47239584 0.8591667 0.46927083 0.8491667 0.4671875 0.8383333 0.48072916 0.77 0.4875 0.79 0.49427083 0.7975 0.49791667 0.8016667 0.5046875 0.80083334 0.50364584 0.85 0.50364584 0.86333334 0.5052083 0.87333333 0.5072917 0.87916666
8 0.596875 0.89166665 0.5942708 0.8983333 0.5921875 0.90416664 0.5890625 0.9091667 0.5859375 0.9125 0.58229166 0.915 0.5786458 0.91583335 0.575 0.915 0.53697914 0.89666665 0.5286458 0.89166665 0.59739584 0.8908333
8 0.13177083 0.2125 0.1296875 0.1825 0.13072917 0.175 0.13385417 0.16666667 0.13697916 0.16 0.14010416 0.15666667 0.16302083 0.15166667 0.2 0.155 0.23854166 0.15416667 0.259375 0.1525 0.23958333 0.17 0.22604166 0.17916666 0.21458334 0.18416667 0.2015625 0.18583333 0.18125 0.19666667 0.1640625 0.20083334 0.1578125 0.2025 0.13177083 0.215
