18 0.26145834 0.30583334 0.2671875 0.30666667 0.27447918 0.31 0.2796875 0.315 0.3390625 0.38916665 0.32291666 0.39416668 0.31770834 0.4025 0.31458333 0.41 0.3125 0.42166665 0.31510416 0.43583333 0.31770834 0.46666667 0.321875 0.49083334 0.32604167 0.50416666 0.32916668 0.5158333 0.33020833 0.52666664 0.32552084 0.53833336 0.32291666 0.5425 0.29895833 0.5925 0.26822916 0.65416664 0.26666668 0.6558333 0.26354167 0.6566667 0.24791667 0.6666667 0.2171875 0.67583334 0.20572917 0.67833334 0.17760417 0.64416665 0.13958333 0.5991667 0.1328125 0.58916664 0.13020833 0.57666665 0.13020833 0.56333333 0.14791666 0.5258333 0.15572916 0.52166665 0.1828125 0.4625 0.19427083 0.43416667 0.2140625 0.39666668 0.23697917 0.34666666 0.24635416 0.325 0.25729167 0.31 0.259375 0.305
18 0.2703125 0.65166664 0.28385416 0.6458333 0.3515625 0.6166667 0.38020834 0.60583335 0.38802084 0.6066667 0.39375 0.6091667 0.4015625 0.61833334 0.40364584 0.62583333 0.40989584 0.66333336 0.41354167 0.69083333 0.40052083 0.7366667 0.37864584 0.8225 0.3734375 0.8425 0.3546875 0.84833336 0.33958334 0.85 0.32291666 0.85583335 0.30729166 0.8591667 0.29739583 0.86 0.290625 0.87083334 0.28802082 0.87166667 0.27760416 0.87833333 0.26197916 0.88416666 0.24739583 0.89416665 0.23854166 0.9008333 0.22760417 0.9008333 0.2171875 0.89416665 0.21354167 0.8883333 0.209375 0.87833333 0.20052083 0.83 0.18541667 0.72833335 0.184375 0.71416664 0.18489583 0.7083333 0.18854167 0.6933333 0.19427083 0.68583333 0.20104167 0.6816667 0.20572917 0.67833334 0.21979167 0.675 0.2484375 0.6666667 0.26302084 0.6558333 0.26822916 0.6558333
18 0.340625 0.3875 0.3765625 0.3775 0.43125 0.35666665 0.50208336 0.33333334 0.5151042 0.32916668 0.5203125 0.33083335 0.53229165 0.345 0.5328125 0.3525 0.534375 0.3675 0.5390625 0.39666668 0.540625 0.41 0.54375 0.43166667 0.5484375 0.47166666 0.5552083 0.5316667 0.5515625 0.54583335 0.5463542 0.55333334 0.5364583 0.5575 0.521875 0.5625 0.49114582 0.5725 0.4390625 0.5858333 0.42395833 0.5875 0.40885416 0.59166664 0.3953125 0.5941667 0.3796875 0.6041667 0.3546875 0.61333334 0.34479168 0.6125 0.33697918 0.60333335 0.33489582 0.5975 0.33125 0.55333334 0.3296875 0.52916664 0.3296875 0.5175 0.321875 0.49 0.31822917 0.46583334 0.31510416 0.435 0.3125 0.42 0.31458333 0.41083333 0.32083333 0.3975 0.3234375 0.39583334 0.3390625 0.38916665
18 0.36302084 0.38 0.37552083 0.33333334 0.38125 0.30333334 0.3875 0.25916666 0.39427084 0.21583334 0.40520832 0.1625 0.4078125 0.14833333 0.41510418 0.13416667 0.42395833 0.13 0.43385416 0.1325 0.5072917 0.17416666 0.5390625 0.1925 0.54479164 0.20416667 0.5463542 0.21833333 0.5463542 0.23 0.54322916 0.23916666 0.52135414 0.33333334 0.51979166 0.33083335 0.51458335 0.32916668 0.43645832 0.355 0.37395832 0.3775 0.36145833 0.38083333
18 0.51354164 0.56583333 0.58229166 0.6225 0.5854167 0.62916666 0.5864583 0.64416665 0.5864583 0.64916664 0.57916665 0.67 0.5630208 0.72083336 0.54895836 0.75916666 0.50677085 0.87833333 0.48854166 0.92833334 0.478125 0.935 0.47239584 0.935 0.46510416 0.9275 0.43177083 0.8875 0.43020833 0.87833333 0.42916667 0.875 0.4046875 0.87416667 0.39479166 0.87 0.38020834 0.86333334 0.375 0.8491667 0.37395832 0.8408333 0.40104166 0.73583335 0.41354167 0.69083333 0.43177083 0.6308333 0.44635418 0.58416665 0.48645833 0.5733333 0.5125 0.56583333
18 0.5552083 0.4225 0.5625 0.4125 0.5703125 0.40833333 0.5921875 0.41833332 0.684375 0.4625 0.68854165 0.4725 0.690625 0.4825 0.6880208 0.49583334 0.68177086 0.52916664 0.6703125 0.5783333 0.6666667 0.61333334 0.6625 0.63666666 0.65520835 0.6825 0.64427084 0.74666667 0.6390625 0.77916664 0.63697916 0.7891667 0.6322917 0.795 0.6234375 0.80333334 0.61302084 0.80083334 0.60052085 0.79083335 0.5776042 0.7816667 0.5463542 0.7675 0.5864583 0.65 0.5854167 0.6308333 0.58229166 0.6225 0.52708334 0.57666665 0.53020835 0.56 0.54583335 0.5541667 0.55104166 0.54583335 0.5552083 0.53333336 0.54791665 0.46416667
18 0.55885416 0.14666666 0.56614584 0.14166667 0.62291664 0.11416667 0.6515625 0.100833334 0.66614586 0.09583333 0.7109375 0.071666665 0.7359375 0.060833335 0.7427083 0.060833335 0.7505208 0.061666667 0.75885415 0.071666665 0.75989586 0.083333336 0.77135414 0.13416667 0.78229165 0.18916667 0.790625 0.23666666 0.7895833 0.25416666 0.78802085 0.26166666 0.78125 0.26916668 0.76666665 0.27583334 0.7234375 0.2975 0.67395836 0.31666666 0.6588542 0.32583332 0.6421875 0.3325 0.63072914 0.34 0.62135416 0.3475 0.60729164 0.35583332 0.5984375 0.35666665 0.59010416 0.34916666 0.5875 0.345 0.5734375 0.28916666 0.54895836 0.1725 0.5515625 0.15916666 0.55677086 0.1475
18 0.7875 0.265 0.79322916 0.29666665 0.80104166 0.3475 0.80885416 0.3825 0.81875 0.41416666 0.8203125 0.42916667 0.828125 0.47083333 0.8328125 0.47916666 0.84166664 0.5175 0.84479165 0.5366667 0.8442708 0.54833335 0.8375 0.56 0.8229167 0.5708333 0.79322916 0.58416665 0.72864586 0.6175 0.71875 0.61583334 0.70989585 0.60583335 0.7104167 0.5991667 0.6953125 0.5125 0.690625 0.48666668 0.6880208 0.47083333 0.68541664 0.46166667 0.6802083 0.44166666 0.67291665 0.4175 0.65989584 0.35666665 0.65208334 0.32833335 0.6609375 0.325 0.675 0.31666666 0.71875 0.3 0.78020835 0.26916668 0.7864583 0.26416665
18 0.8307292 0.47 0.86927086 0.525 0.8921875 0.5516667 0.90989584 0.5758333 0.93854165 0.6116667 0.9453125 0.62166667 0.946875 0.62833333 0.9458333 0.6425 0.94322914 0.6483333 0.9078125 0.71416664 0.8755208 0.77416664 0.8703125 0.78583336 0.8677083 0.7891667 0.853125 0.78833336 0.84270835 0.7758333 0.8151042 0.735 0.803125 0.7075 0.79010415 0.68833333 0.778125 0.6775 0.76458335 0.66583335 0.7505208 0.6533333 0.7203125 0.61583334 0.72864586 0.6166667 0.7796875 0.5908333 0.7963542 0.5833333 0.8234375 0.5708333 0.83802086 0.56083333 0.8442708 0.54833335 0.84479165 0.5366667 0.84166664 0.5158333 0.8328125 0.47916666 0.8286458 0.47
18 0.70989585 0.5991667 0.7 0.5858333 0.69739586 0.5833333 0.69739586 0.56583333 0.6979167 0.55583334 0.7015625 0.55 0.7104167 0.5975
18 0.871875 0.7841667 0.85833335 0.8325 0.85260415 0.8516667 0.84739584 0.8641667 0.846875 0.8725 0.8432292 0.8833333 0.83489585 0.90833336 0.83125 0.9266667 0.8296875 0.93083334 0.82239586 0.9375 0.81666666 0.94083333 0.80833334 0.94166666 0.80260414 0.93416667 0.76666665 0.9066667 0.72864586 0.875 0.7125 0.85833335 0.68958336 0.84166664 0.6796875 0.835 0.66875 0.8283333 0.64375 0.8075 0.63854164 0.7991667 0.6375 0.785 0.6421875 0.75916666 0.6557292 0.7175 0.6770833 0.6558333 0.69166666 0.61583334 0.703125 0.60583335 0.7083333 0.60583335 0.71979165 0.62 0.74114585 0.64166665 0.75 0.6533333 0.77239585 0.6725 0.7895833 0.68833333 0.8041667 0.70916665 0.815625 0.735 0.84270835 0.7758333 0.853125 0.78833336 0.8677083 0.7891667
18 0.030208332 0.39 0.0578125 0.33666667 0.092708334 0.27166668 0.13385417 0.19666667 0.1671875 0.135 0.17135416 0.1325 0.1796875 0.1325 0.18333334 0.13416667 0.20885417 0.17 0.2421875 0.2175 0.27135417 0.26 0.27239582 0.27416667 0.27239582 0.2825 0.26927084 0.2875 0.25625 0.31166667 0.234375 0.33916667 0.23229167 0.34333333 0.22864583 0.34333333 0.22447917 0.34916666 0.21875 0.36416668 0.2125 0.3775 0.20677084 0.39333335 0.18958333 0.44416666 0.1828125 0.46333334 0.16666667 0.49833333 0.15520833 0.5225 0.14114584 0.52666664 0.13645834 0.525 0.123958334 0.51166666 0.09427083 0.47916666 0.063541666 0.44916666 0.033333335 0.41666666 0.0296875 0.4025 0.030729167 0.39416668
