9 0.32083333 0.30583334 0.31927082 0.31833333 0.3265625 0.31666666
9 0.27604166 0.23 0.2875 0.25 0.30364582 0.27833334 0.32083333 0.30666667 0.3265625 0.31666666 0.36979166 0.3075 0.3890625 0.3075 0.421875 0.29916668 0.44010416 0.29333332 0.46302083 0.26583335 0.47708333 0.24583334 0.471875 0.24083333 0.48177084 0.20583333 0.46927083 0.18583333 0.45104167 0.1625 0.4421875 0.15083334 0.42447916 0.12 0.40885416 0.10166667 0.39791667 0.0825 0.38385418 0.048333332 0.35520834 0.0 0.3140625 0.0 0.28385416 0.036666665 0.25677082 0.075833336 0.22604166 0.1175 0.21822916 0.1275 0.20677084 0.13833334 0.21927084 0.15916666 0.24635416 0.19833334 0.25416666 0.20583333 0.2671875 0.21666667
9 0.51354164 0.11083333 0.496875 0.16583334 0.48177084 0.20666666 0.471875 0.24083333 0.4765625 0.245 0.50364584 0.26666668 0.50885415 0.2625 0.509375 0.26916668 0.5125 0.27166668 0.5442708 0.28916666 0.559375 0.30166668 0.5734375 0.31416667 0.5875 0.32333332 0.60625 0.33166668 0.62708336 0.35333332 0.65 0.37583333 0.6791667 0.39416668 0.68125 0.39 0.6848958 0.365 0.6921875 0.32416666 0.6921875 0.3175 0.7036458 0.285 0.71666664 0.24583334 0.728125 0.21416667 0.73020834 0.20333333 0.7416667 0.16416667 0.72447914 0.14833333 0.7026042 0.1275 0.69322914 0.12166667 0.6822917 0.10916667 0.653125 0.08833333 0.6223958 0.0675 0.603125 0.0575 0.5942708 0.04916667 0.58229166 0.031666666 0.578125 0.035 0.578125 0.0275 0.5625 0.015 0.5546875 0.0058333334 0.5484375 0.0 0.546875 0.0 0.5395833 0.0225 0.5239583 0.068333335 0.51666665 0.09583333
9 0.5286458 0.036666665 0.503125 0.08416667 0.49791667 0.09 0.46770832 0.155 0.45885417 0.1725 0.4703125 0.18666667 0.48177084 0.20666666 0.4984375 0.16083333 0.5140625 0.11 0.5171875 0.095 0.5239583 0.068333335 0.5473958 0.0 0.5463542 0.0
9 0.5911458 0.0058333334 0.60572916 0.025833333 0.61354166 0.036666665 0.6432292 0.07 0.67083335 0.100833334 0.6635417 0.09583333 0.64375 0.08166666 0.62291664 0.0675 0.603125 0.0575 0.59375 0.04916667 0.58229166 0.031666666 0.578125 0.035 0.578125 0.0275 0.5625 0.015 0.5484375 0.0 0.5859375 0.0
9 0.60260415 0.33333334 0.60833335 0.34583333 0.61302084 0.34666666 0.61354166 0.3525 0.6421875 0.38916665 0.65052086 0.37666667 0.63072914 0.35666665 0.60625 0.33166668 0.6 0.32833335
9 0.63697916 0.40166667 0.64479166 0.40166667 0.68385416 0.4025 0.7125 0.40666667 0.7338542 0.4075 0.74427086 0.40416667 0.7484375 0.405 0.7505208 0.40833333 0.76197916 0.40583333 0.7828125 0.405 0.7828125 0.435 0.78333336 0.46 0.78489584 0.46916667 0.78541666 0.475 0.7864583 0.49833333 0.759375 0.48416665 0.73229164 0.47666666 0.6848958 0.45583335 0.65989584 0.44583333 0.65 0.4425 0.625 0.42416668 0.628125 0.405
9 0.60260415 0.40916666 0.61875 0.41916665 0.6197917 0.42583334 0.621875 0.4275 0.625 0.42416668 0.65052086 0.4425 0.70989585 0.46666667 0.73229164 0.47666666 0.75989586 0.485 0.7864583 0.49833333 0.7973958 0.5025 0.796875 0.50916666 0.7953125 0.53333336 0.78802085 0.5825 0.7838542 0.6116667 0.7760417 0.6483333 0.7682292 0.7108333 0.759375 0.77166665 0.71510416 0.74666667 0.66197914 0.71416664 0.62864584 0.69416666 0.5776042 0.6675 0.5765625 0.66 0.575 0.66083336 0.5734375 0.6641667 0.5619792 0.65833336 0.5395833 0.65 0.5317708 0.6483333 0.5364583 0.6175 0.540625 0.595 0.5473958 0.57666665 0.5515625 0.5566667 0.55677086 0.52916664 0.5578125 0.5108333 0.56614584 0.45666668 0.578125 0.39583334 0.5859375 0.39916667
9 0.54114586 0.38416666 0.56666666 0.3975 0.5765625 0.4025 0.56666666 0.45333335 0.5578125 0.50916666 0.55677086 0.5158333 0.54479164 0.56416667 0.53802085 0.58166665 0.53541666 0.5933333 0.5338542 0.5991667 0.5328125 0.6175 0.53020835 0.6475 0.5171875 0.7441667 0.5151042 0.7583333 0.478125 0.7425 0.45260417 0.73 0.4234375 0.71416664 0.390625 0.695 0.36927083 0.67833334 0.35416666 0.67 0.3703125 0.6075 0.39010417 0.5316667 0.4078125 0.5391667 0.428125 0.5516667 0.4359375 0.5516667 0.46041667 0.5441667 0.490625 0.54 0.50885415 0.5341667 0.53697914 0.5183333 0.5338542 0.48416665 0.53020835 0.4375 0.5229167 0.375 0.521875 0.37166667
9 0.27864584 0.5475 0.26927084 0.59833336 0.26614583 0.61583334 0.2640625 0.6166667 0.26197916 0.6333333 0.2625 0.6358333 0.278125 0.645 0.29583332 0.6533333 0.30208334 0.65416664 0.30729166 0.66 0.31614584 0.6691667 0.31927082 0.6716667 0.33072916 0.6725 0.3484375 0.6816667 0.36354166 0.6933333 0.40208334 0.71166664 0.4265625 0.72 0.4265625 0.7158333 0.39114583 0.695 0.36875 0.67833334 0.35416666 0.67 0.36770833 0.6166667 0.37916666 0.5725 0.39010417 0.5325 0.35572916 0.5183333 0.31770834 0.50333333 0.3 0.4975 0.2984375 0.48166665 0.29479167 0.46666667 0.29114583 0.485 0.28229168 0.5325
9 0.1671875 0.56 0.1859375 0.5808333 0.19166666 0.59 0.21041666 0.6041667 0.23541667 0.6225 0.246875 0.62583333 0.2625 0.6358333 0.26197916 0.6333333 0.2640625 0.6175 0.26614583 0.61583334 0.26979166 0.5933333 0.27916667 0.545 0.2828125 0.53 0.28697917 0.5058333 0.29479167 0.46666667 0.29114583 0.45333335 0.28854167 0.43333334 0.28385416 0.41083333 0.27864584 0.37 0.2703125 0.3575 0.25572917 0.33 0.25104168 0.33166668 0.2515625 0.32416666 0.22552083 0.28166667 0.19583334 0.32916668 0.1671875 0.37166667 0.1421875 0.4125 0.106770836 0.47583333 0.1015625 0.485 0.106770836 0.49333334 0.13229166 0.52166665 0.13541667 0.52 0.13854167 0.5208333 0.13645834 0.52666664 0.15364583 0.545
9 0.1453125 0.56333333 0.1546875 0.57 0.16666667 0.57416666 0.19114584 0.58916664 0.19270833 0.59 0.23489584 0.6225 0.24739583 0.62583333 0.2625 0.6358333 0.278125 0.6458333 0.29479167 0.6525 0.3015625 0.65416664 0.315625 0.66833335 0.31875 0.6716667 0.33072916 0.6725 0.3484375 0.6816667 0.36041668 0.69083333 0.3578125 0.71 0.34583333 0.77 0.32864583 0.84833336 0.321875 0.86 0.31666666 0.8925 0.3078125 0.9425 0.28645834 0.9316667 0.2671875 0.92 0.265625 0.9191667 0.265625 0.91333336 0.26458332 0.91333336 0.2609375 0.9166667 0.24114583 0.9033333 0.22395833 0.89416665 0.19322917 0.8833333 0.16666667 0.8691667 0.13645834 0.86083335 0.08802083 0.84583336 0.071354166 0.84 0.078125 0.81166667 0.09322917 0.7475 0.104166664 0.7083333 0.1125 0.6675 0.13958333 0.55916667
9 0.73802084 0.7708333 0.76927084 0.7733333 0.7828125 0.775 0.78333336 0.70166665 0.7796875 0.6958333 0.7828125 0.695 0.7838542 0.61083335 0.7760417 0.6483333 0.76666665 0.7183333 0.759375 0.7708333 0.73645836 0.7583333 0.6869792 0.73 0.6328125 0.69666666 0.6276042 0.7 0.6265625 0.7733333 0.63697916 0.77416664 0.653125 0.775 0.70104164 0.76916665 0.728125 0.76916665
9 0.28854167 0.43583333 0.29114583 0.45333335 0.2984375 0.48166665 0.3 0.4975 0.31822917 0.50333333 0.3953125 0.5341667 0.40677083 0.5391667 0.428125 0.5516667 0.43645832 0.5516667 0.45989582 0.545 0.48958334 0.54083335 0.50885415 0.5341667 0.521875 0.52666664 0.53697914 0.5183333 0.534375 0.48916668 0.53020835 0.4375 0.5229167 0.37666667 0.51770836 0.3525 0.515625 0.33333334 0.5109375 0.30833334 0.5125 0.3025 0.509375 0.27166668 0.5046875 0.27166668 0.45364583 0.28833333 0.42239583 0.29916668 0.38854167 0.3075 0.36927083 0.3075 0.31770834 0.31833333 0.315625 0.32583332 0.31197917 0.32083333 0.275 0.32833335 0.2765625 0.355 0.28385416 0.41083333
