3 0.33177084 0.82416666 0.30572918 0.80583334 0.26302084 0.7708333 0.215625 0.73583335 0.20520833 0.72583336 0.2 0.7125 0.20052083 0.695 0.23125 0.61333334 0.2609375 0.545 0.28125 0.53833336 0.33125 0.48416665 0.32552084 0.50416666 0.32604167 0.5158333 0.35520834 0.52166665 0.3875 0.53833336 0.41145834 0.5541667 0.415625 0.56083333 0.41666666 0.5775 0.4015625 0.635 0.39010417 0.655 0.37864584 0.7133333 0.35885417 0.77166665 0.35 0.7975 0.3421875 0.82416666 0.3375 0.825
3 0.23958333 0.88 0.1828125 0.84166664 0.16770834 0.8225 0.14322917 0.78583336 0.13125 0.7683333 0.128125 0.75 0.1453125 0.7033333 0.1546875 0.6766667 0.16979167 0.6716667 0.18541667 0.5991667 0.19947916 0.54833335 0.2046875 0.54083335 0.21145834 0.54083335 0.22552083 0.5516667 0.24791667 0.5725 0.209375 0.665 0.19739583 0.69916666 0.19895834 0.7125 0.20104167 0.7225 0.203125 0.7266667 0.25416666 0.76666665 0.28645834 0.7941667 0.2828125 0.8208333 0.26666668 0.875 0.26197916 0.88416666 0.25885418 0.88916665 0.24739583 0.8858333
3 0.3546875 0.7866667 0.36302084 0.7966667 0.36510417 0.82 0.37604168 0.84 0.39427084 0.8908333 0.40989584 0.92583334 0.434375 0.9683333 0.44166666 0.9691667 0.45104167 0.9675 0.471875 0.935 0.5385417 0.82916665 0.54583335 0.81416667 0.5463542 0.7975 0.5338542 0.76916665 0.5005208 0.72 0.484375 0.71666664 0.48177084 0.70916665 0.4796875 0.6983333 0.47916666 0.68333334 0.434375 0.6175 0.41875 0.60083336 0.41145834 0.6016667 0.40416667 0.62833333 0.40104166 0.6375 0.39010417 0.6575 0.38072917 0.7133333 0.35833332 0.77916664
3 0.18177083 0.6041667 0.15208334 0.59833336 0.118229166 0.58916664 0.084895834 0.5708333 0.08229167 0.5541667 0.090625 0.48333332 0.094791666 0.45833334 0.12291667 0.40666667 0.1546875 0.35833332 0.16458334 0.35333332 0.2078125 0.36166668 0.18645833 0.39083335 0.2265625 0.47166666 0.24739583 0.51166666 0.25833333 0.5491667 0.24947916 0.5708333 0.228125 0.5516667 0.21145834 0.54 0.203125 0.5391667 0.196875 0.5491667 0.18697916 0.59
3 0.06458333 0.6 0.0171875 0.6166667 0.0 0.62 0.0 0.45333335 0.0 0.38583332 0.019270834 0.39 0.045833334 0.39 0.06614583 0.39333335 0.07864583 0.40166667 0.08229167 0.41333333 0.08177083 0.42333335 0.069270834 0.495 0.06458333 0.5175 0.0515625 0.5416667 0.055208333 0.5475 0.06875 0.56416667 0.071875 0.56916666 0.0734375 0.5783333 0.071875 0.5908333
3 0.1296875 0.36416668 0.106770836 0.32916668 0.092708334 0.305 0.092708334 0.29166666 0.0953125 0.28083333 0.125 0.245 0.21197917 0.14666666 0.22447917 0.13416667 0.23072916 0.13416667 0.25208333 0.15916666 0.27447918 0.18416667 0.29114583 0.24166666 0.296875 0.26416665 0.29375 0.26166666 0.28489584 0.25666666 0.26666668 0.29166666 0.27552083 0.3075 0.24635416 0.34583333 0.22552083 0.365 0.1859375 0.35583332 0.1640625 0.3525 0.15364583 0.355 0.1484375 0.365
3 0.3 0.25333333 0.31770834 0.25916666 0.3296875 0.27333334 0.3359375 0.28166667 0.34947917 0.2875 0.35729167 0.2975 0.37291667 0.30083334 0.378125 0.30083334 0.38229167 0.305 0.39114583 0.32166666 0.39635417 0.32666665 0.40572917 0.32583332 0.41354167 0.31333333 0.42135417 0.25833333 0.42708334 0.205 0.43541667 0.195 0.44270834 0.17 0.44895834 0.16 0.45729166 0.15666667 0.45677084 0.14916667 0.446875 0.14416666 0.36458334 0.12833333 0.33385417 0.1225 0.3 0.119166665 0.2953125 0.12083333 0.29114583 0.13 0.29791668 0.15916666 0.3140625 0.19916667 0.31354168 0.20833333 0.29166666 0.21333334 0.29166666 0.23833333 0.29427084 0.2475
3 0.50572914 0.72333336 0.54322916 0.7341667 0.6098958 0.7625 0.61822915 0.7633333 0.6255208 0.75333333 0.6302083 0.7216667 0.6453125 0.62333333 0.65989584 0.49666667 0.66197914 0.4825 0.65833336 0.47583333 0.6515625 0.4725 0.640625 0.4725 0.62604165 0.4875 0.61614585 0.49916667 0.6098958 0.49916667 0.603125 0.48666668 0.6015625 0.47666666 0.5932292 0.465 0.5796875 0.455 0.56875 0.45166665 0.56041664 0.44583333 0.55260414 0.43166667 0.546875 0.425 0.53333336 0.43 0.52760416 0.44583333 0.51979166 0.48666668 0.5182292 0.5133333 0.5140625 0.5308333 0.503125 0.5625 0.4875 0.6508333 0.48072916 0.68666667 0.48020834 0.69916666 0.48541668 0.7158333 0.5 0.7191667
3 0.61822915 0.27833334 0.621875 0.30583334 0.63125 0.36583334 0.63645834 0.41583332 0.6421875 0.47 0.6510417 0.47083333 0.6588542 0.475 0.6625 0.48083332 0.65833336 0.5225 0.675 0.51916665 0.7171875 0.50333333 0.778125 0.47166666 0.7859375 0.46666667 0.7921875 0.45083332 0.7916667 0.4375 0.784375 0.38833332 0.7729167 0.34833333 0.7630208 0.29333332 0.753125 0.26166666 0.7515625 0.22916667 0.7494792 0.205 0.746875 0.19583334 0.7416667 0.19 0.7296875 0.18916667 0.7078125 0.2025 0.6796875 0.2175 0.6635417 0.23333333 0.653125 0.25166667 0.6484375 0.26333332 0.634375 0.25 0.63125 0.24 0.621875 0.23916666 0.615625 0.2475 0.6140625 0.25916666
3 0.1875 0.39083335 0.21822916 0.45166665 0.24947916 0.51166666 0.25833333 0.54583335 0.28072917 0.535 0.36458334 0.44416666 0.38802084 0.41333333 0.38385418 0.395 0.3546875 0.35166666 0.33802083 0.34333333 0.33177084 0.33833334 0.32604167 0.31416667 0.29375 0.2625 0.28489584 0.25833333 0.26822916 0.29083332 0.278125 0.3075 0.24427083 0.35083333 0.225 0.36666667 0.20885417 0.3625
