2 0.4046875 0.119166665 0.428125 0.1325 0.4390625 0.14 0.43958333 0.145 0.440625 0.14583333 0.44322917 0.14083333 0.48697916 0.165 0.55885416 0.20166667 0.5697917 0.2075 0.5989583 0.23 0.60364586 0.23333333 0.6067708 0.2325 0.61927086 0.23583333 0.62135416 0.23833333 0.62135416 0.24 0.6041667 0.34083334 0.5776042 0.47333333 0.57395834 0.48833334 0.5234375 0.46 0.49791667 0.44333333 0.4796875 0.43583333 0.4125 0.4025 0.35416666 0.37416667 0.34635416 0.37 0.34635416 0.36083335 0.3859375 0.205 0.40260416 0.1325 0.40416667 0.12416667
2 0.37760416 0.38583332 0.43854168 0.41583332 0.46979168 0.4325 0.496875 0.44333333 0.52552086 0.4625 0.5703125 0.4875 0.57395834 0.48833334 0.58958334 0.4175 0.6015625 0.34916666 0.6177083 0.3575 0.6125 0.42416668 0.60729164 0.46416667 0.60520834 0.48666668 0.609375 0.52416664 0.60625 0.6016667 0.6046875 0.6166667 0.575 0.6075 0.5671875 0.6066667 0.5671875 0.60083336 0.56458336 0.6016667 0.5625 0.60333335 0.52239585 0.5933333 0.4390625 0.56916666 0.38125 0.55916667 0.36875 0.555 0.36041668 0.55 0.365625 0.5158333 0.375 0.41833332 0.37604168 0.39916667
2 0.27760416 0.6791667 0.34895834 0.64916664 0.40677083 0.62083334 0.44791666 0.6025 0.453125 0.6016667 0.4609375 0.64916664 0.46197918 0.6525 0.46041667 0.6558333 0.46041667 0.6616667 0.46302083 0.66333336 0.4875 0.7991667 0.49739584 0.87 0.50364584 0.9025 0.5104167 0.9275 0.5130208 0.9475 0.5125 0.9725 0.46041667 1.0 0.3421875 1.0 0.33645833 0.97083336 0.32447916 0.9166667 0.31770834 0.87083334 0.31145832 0.825 0.3015625 0.77166665 0.290625 0.74333334 0.28229168 0.7108333 0.27760416 0.6875
2 0.61145836 0.43916667 0.61041665 0.44083333 0.60625 0.46916667 0.60572916 0.485 0.60520834 0.4875 0.60729164 0.50416666 0.6088542 0.52 0.609375 0.52916664 0.60833335 0.5625 0.625 0.53333336 0.6401042 0.50333333 0.6458333 0.49416667 0.62916666 0.46666667 0.61822915 0.45333335 0.61614585 0.45666668 0.61614585 0.45416668 0.61614585 0.45 0.61510414 0.4475
2 0.45677084 0.57666665 0.45885417 0.5758333 0.49166667 0.585 0.53020835 0.59583336 0.5625 0.60333335 0.56666666 0.60083336 0.56666666 0.60083336 0.5671875 0.60583335 0.5677083 0.6066667 0.5765625 0.6075 0.57916665 0.6091667 0.5786458 0.6125 0.55625 0.6525 0.5328125 0.69416666 0.5052083 0.65166664 0.50625 0.6475 0.5046875 0.64666665 0.50208336 0.6458333 0.4703125 0.5975 0.4578125 0.5783333
2 0.36041668 0.4225 0.37604168 0.40333334 0.37552083 0.41083333 0.37447917 0.4275 0.37291667 0.44083333 0.36875 0.43583333 0.36197916 0.42583334 0.3609375 0.42333335
2 0.26770833 0.5366667 0.32395834 0.46833333 0.33177084 0.46083334 0.3421875 0.44666666 0.36145833 0.42583334 0.36979166 0.4375 0.37291667 0.44083333 0.36822918 0.48833334 0.365625 0.5175 0.36041668 0.5475 0.36041668 0.5491667 0.3609375 0.5516667 0.36302084 0.55333334 0.36875 0.55583334 0.38854167 0.56 0.44166666 0.57 0.45833334 0.57416666 0.45677084 0.5758333 0.45729166 0.57666665 0.4578125 0.58 0.48958334 0.62666667 0.50208336 0.645 0.50572914 0.6475 0.50572914 0.6525 0.51770836 0.67083335 0.53125 0.6925 0.5140625 0.7125 0.49010417 0.7425 0.47916666 0.75333333 0.47291666 0.7175 0.46302083 0.66333336 0.46041667 0.66 0.46041667 0.6558333 0.4609375 0.6533333 0.4609375 0.64666665 0.45625 0.62166667 0.45260417 0.6 0.41979167 0.61583334 0.39114583 0.62833333 0.3484375 0.6483333 0.32552084 0.65833336 0.30885416 0.62666667 0.29166666 0.59 0.29270834 0.5858333 0.28958333 0.58416665 0.27447918 0.55 0.26979166 0.54
2 0.621875 0.45666668 0.65 0.4425 0.66770834 0.435 0.6723958 0.43416667 0.6734375 0.43416667 0.67864585 0.46 0.68072915 0.475 0.68385416 0.48583335 0.6921875 0.53 0.70104164 0.575 0.7109375 0.64416665 0.7239583 0.7008333 0.72864586 0.7275 0.73854166 0.7725 0.74010414 0.79083335 0.6723958 0.8233333 0.6328125 0.8408333 0.58020836 0.86833334 0.57395834 0.87083334 0.57239586 0.83916664 0.57239586 0.825 0.56875 0.82166666 0.57135415 0.82 0.5703125 0.80833334 0.5609375 0.7625 0.5546875 0.7216667 0.553125 0.69916666 0.5515625 0.6725 0.5515625 0.6616667 0.56875 0.62916666 0.5786458 0.61083335 0.5807292 0.61083335 0.59375 0.6141667 0.6046875 0.61833334 0.6067708 0.5941667 0.60833335 0.5625 0.62864584 0.5275 0.63854164 0.50666666 0.6458333 0.49416667 0.62864584 0.46583334 0.62395835 0.46
2 0.5052083 0.905 0.51927084 0.9 0.55104166 0.88916665 0.565625 0.87833333 0.5734375 0.8725 0.57395834 0.86833334 0.571875 0.825 0.56822914 0.82166666 0.5708333 0.81916666 0.56927085 0.8041667 0.56354165 0.77416664 0.55885416 0.7525 0.5552083 0.72583336 0.5541667 0.7158333 0.5520833 0.675 0.5520833 0.66083336 0.5328125 0.69416666 0.5317708 0.6925 0.5140625 0.71166664 0.49375 0.73833334 0.48489583 0.7475 0.47916666 0.75416666 0.48802084 0.8 0.49479166 0.84833336 0.49739584 0.8691667 0.503125 0.89916664 0.50416666 0.90416664
2 0.665625 0.0 0.7140625 0.04916667 0.7375 0.0 0.72447914 0.0 0.7015625 0.0
