2 0.48177084 0.69 0.45729166 0.715 0.35729167 0.8125 0.33177084 0.83666664 0.31666666 0.7925 0.3609375 0.6983333 0.36197916 0.6975 0.3734375 0.70166665 0.38072917 0.70166665 0.39739582 0.655 0.39947918 0.64666665 0.43645832 0.6616667 0.47864583 0.68333334
2 0.434375 0.51166666 0.421875 0.56 0.41875 0.56916666 0.41302082 0.6041667 0.39791667 0.6525 0.38125 0.70166665 0.37239584 0.7008333 0.3609375 0.69666666 0.36041668 0.69416666 0.31510416 0.66833335 0.2578125 0.635 0.21875 0.62 0.18385416 0.6041667 0.165625 0.59583336 0.17916666 0.5425 0.19114584 0.5 0.19427083 0.5541667 0.23333333 0.5466667 0.23541667 0.5425 0.23645833 0.545 0.2375 0.54583335 0.30677083 0.5325 0.37864584 0.52 0.43385416 0.5108333
2 0.43385416 0.42583334 0.44635418 0.42916667 0.44010416 0.48083332 0.4375 0.49083334 0.4328125 0.43583333 0.43229166 0.42416668
2 0.42760417 0.31916666 0.43020833 0.36 0.43229166 0.4275 0.43697917 0.48916668 0.4375 0.5108333 0.43489584 0.5108333 0.36927083 0.5208333 0.30989584 0.5316667 0.2375 0.54583335 0.23541667 0.54333335 0.23333333 0.54583335 0.19427083 0.5541667 0.190625 0.49833333 0.19114584 0.4425 0.19270833 0.40666667 0.190625 0.3175 0.18854167 0.285 0.1921875 0.2825 0.2265625 0.28166667 0.228125 0.285 0.23020834 0.285 0.23020834 0.28 0.27916667 0.27416667 0.3109375 0.28333333 0.31354168 0.28 0.31458333 0.28 0.31510416 0.28416666 0.33854166 0.29083332 0.42552084 0.31833333
2 0.290625 0.16 0.28177083 0.22416666 0.27604166 0.2725 0.28072917 0.27416667 0.3109375 0.2825 0.31354168 0.27916667 0.31510416 0.28 0.31458333 0.28416666 0.34010416 0.29083332 0.3984375 0.30833334 0.425 0.3175 0.428125 0.31916666 0.44010416 0.32583332 0.46979168 0.33333334 0.4859375 0.33666667 0.49583334 0.34333333 0.50364584 0.34416667 0.5104167 0.29666665 0.52708334 0.17833333 0.53802085 0.08 0.5364583 0.07666667 0.51979166 0.07416666 0.42916667 0.045833334 0.35364583 0.018333333 0.35052082 0.019166667 0.34791666 0.015833333 0.31458333 0.0058333334 0.31302083 0.011666667 0.30104166 0.09583333 0.29895833 0.119166665
2 0.42916667 0.345 0.48645833 0.36916667 0.53541666 0.38833332 0.5921875 0.4175 0.6015625 0.42166665 0.59270835 0.48083332 0.590625 0.50333333 0.58489585 0.5308333 0.56354165 0.635 0.5546875 0.695 0.5265625 0.67833334 0.50625 0.6716667 0.5317708 0.5258333 0.55364585 0.42 0.528125 0.41 0.5083333 0.39833334 0.43072918 0.36666667
2 0.471875 0.38416666 0.49947917 0.39416668 0.51458335 0.4025 0.53020835 0.41083333 0.5541667 0.42 0.5328125 0.5208333 0.5203125 0.5908333 0.50104165 0.695 0.47708333 0.6825 0.43541667 0.66083336 0.4 0.64666665 0.41197917 0.605 0.41822916 0.5708333 0.42135417 0.56083333 0.434375 0.51166666 0.43802083 0.5108333 0.4375 0.49083334 0.44010416 0.48166665 0.44635418 0.42916667 0.43385416 0.425 0.4328125 0.42333335 0.43020833 0.3675 0.4625 0.38
2 0.63697916 0.52166665 0.5885417 0.62583333 0.5765625 0.65416664 0.5729167 0.6525 0.56354165 0.64 0.5640625 0.63416666 0.56927085 0.6091667 0.5807292 0.5516667 0.590625 0.505 0.5932292 0.47833332 0.6015625 0.4225 0.56666666 0.40416667 0.5328125 0.38666666 0.48645833 0.36916667 0.4578125 0.3575 0.42916667 0.34416667 0.42760417 0.31916666 0.43958333 0.32583332 0.48072916 0.33583334 0.48697916 0.3375 0.4953125 0.34416667 0.50364584 0.34416667 0.5182292 0.24166666 0.52708334 0.24916667 0.5807292 0.31333333 0.63385415 0.37833333 0.675 0.4275 0.67760414 0.4325 0.6703125 0.44916666 0.6510417 0.49
2 0.13489583 0.0 0.175 0.071666665 0.19114584 0.05 0.228125 0.0
2 0.7359375 0.0 0.71458334 0.041666668 0.7125 0.046666667 0.6671875 0.0
2 0.3609375 0.6975 0.2890625 0.8491667 0.2625 0.90416664 0.2515625 0.9241667 0.18020834 0.8358333 0.111979164 0.7575 0.10989583 0.7558333 0.13072917 0.715 0.17760417 0.61833334 0.184375 0.6041667 0.2140625 0.61833334 0.2578125 0.635 0.35989583 0.69416666
