20 0.36927083 0.8525 0.3765625 0.875 0.38854167 0.9116667 0.40572917 0.9508333 0.41302082 0.9683333 0.4171875 0.97333336 0.42395833 0.97333336 0.43125 0.97333336 0.43854168 0.9633333 0.47916666 0.91 0.5364583 0.8325 0.54010415 0.8225 0.54010415 0.81166667 0.5375 0.80333334 0.5234375 0.7775 0.5015625 0.7658333 0.49322918 0.75916666 0.48854166 0.7558333 0.4875 0.74583334 0.4875 0.735 0.490625 0.7175 0.475 0.68666667 0.43489584 0.615 0.4296875 0.60333335 0.42552084 0.60333335 0.41875 0.59583336 0.41510418 0.5875 0.4125 0.56916666 0.37135416 0.495 0.35520834 0.46416667 0.34010416 0.43833333 0.325 0.4175 0.30104166 0.3925 0.29479167 0.39166668 0.28697917 0.39166668 0.27916667 0.3975 0.26875 0.41166666 0.26197916 0.42083332 0.25260416 0.4425 0.24270834 0.47833332 0.23020834 0.50416666 0.20729166 0.5441667 0.20572917 0.555 0.20625 0.56916666 0.209375 0.57916665 0.21458334 0.585 0.21979167 0.585 0.22760417 0.5825 0.23177083 0.58416665 0.26145834 0.62416667 0.2734375 0.64416665 0.29583332 0.70166665 0.30885416 0.7325 0.33802083 0.7916667 0.36458334 0.84583336
20 0.034895834 0.635 0.0578125 0.64166665 0.08385417 0.645 0.11666667 0.65 0.17708333 0.66583335 0.18229167 0.66 0.18854167 0.6483333 0.19322917 0.61083335 0.20677084 0.5058333 0.21041666 0.44416666 0.2109375 0.42666668 0.20729166 0.41416666 0.2 0.40583333 0.17864583 0.40333334 0.15989584 0.40083334 0.1390625 0.40083334 0.1171875 0.40083334 0.10208333 0.405 0.090625 0.4075 0.07864583 0.40833333 0.06614583 0.40666667 0.0421875 0.4 0.010416667 0.38083333 0.0 0.3775 0.0 0.43916667 0.0 0.63 0.018229166 0.635
20 0.0953125 0.18 0.094791666 0.20083334 0.09010417 0.235 0.088541664 0.25416666 0.0921875 0.2875 0.0921875 0.30416667 0.091145836 0.3175 0.09166667 0.38083333 0.09739583 0.38166666 0.1703125 0.40166667 0.18229167 0.40416667 0.26822916 0.38583332 0.26822916 0.38083333 0.26302084 0.36666667 0.24375 0.28916666 0.24270834 0.255 0.24583334 0.23916666 0.24479167 0.21583334 0.24114583 0.17166667 0.2359375 0.1225 0.2203125 0.011666667 0.21770833 0.0 0.041666668 0.0 0.050520834 0.0275 0.06458333 0.083333336 0.07864583 0.10916667 0.088541664 0.1325 0.092708334 0.15 0.094791666 0.16583334
20 0.42916667 0.0075 0.39375 0.015 0.35729167 0.026666667 0.334375 0.038333334 0.30833334 0.054166667 0.30364582 0.06 0.3 0.07 0.29947916 0.07666667 0.32239583 0.18 0.33697918 0.23416667 0.34791666 0.28333333 0.3515625 0.30083334 0.35833332 0.31083333 0.3640625 0.31916666 0.36510417 0.3275 0.36510417 0.3475 0.37760416 0.39 0.39583334 0.45166665 0.40208334 0.48166665 0.40989584 0.5366667 0.41354167 0.5733333 0.41510418 0.58666664 0.41822916 0.59583336 0.42552084 0.6025 0.4328125 0.6025 0.44635418 0.5966667 0.5229167 0.55916667 0.5640625 0.53583336 0.56822914 0.52666664 0.5708333 0.51166666 0.57239586 0.5025 0.55572915 0.43583333 0.54270834 0.39 0.5385417 0.37666667 0.5260417 0.35333332 0.515625 0.3275 0.5046875 0.28416666 0.4921875 0.2325 0.4796875 0.16666667 0.4703125 0.1075 0.45520833 0.0425 0.4453125 0.011666667 0.43489584 0.005
20 0.5296875 0.104166664 0.52447915 0.104166664 0.5171875 0.1075 0.5125 0.1125 0.49583334 0.17416666 0.4921875 0.1875 0.49166667 0.21666667 0.49270833 0.23583333 0.50208336 0.2725 0.515625 0.3275 0.5260417 0.3525 0.5385417 0.37583333 0.55572915 0.43916667 0.590625 0.37916666 0.6177083 0.3225 0.6479167 0.24583334 0.65052086 0.235 0.65052086 0.2225 0.6484375 0.21333334 0.578125 0.14416666 0.5338542 0.10666667
20 0.67864585 0.33416668 0.6625 0.385 0.653125 0.39666668 0.64479166 0.39916667 0.6390625 0.40083334 0.6322917 0.43916667 0.6276042 0.45166665 0.6119792 0.49916667 0.603125 0.5258333 0.58229166 0.5375 0.56927085 0.5391667 0.55572915 0.5475 0.60052085 0.5775 0.63854164 0.5925 0.6588542 0.6025 0.6875 0.5708333 0.7026042 0.56333333 0.71510416 0.55333334 0.72864586 0.5366667 0.7427083 0.51666665 0.76354164 0.48166665 0.79270834 0.4475 0.75625 0.41166666 0.72864586 0.36833334 0.70885414 0.3425 0.69114584 0.32333332 0.684375 0.32833335
20 0.50885415 0.57166666 0.5005208 0.60833335 0.5005208 0.6275 0.5046875 0.64 0.50364584 0.65416664 0.50208336 0.6691667 0.49583334 0.68916667 0.4921875 0.70666665 0.49010417 0.7183333 0.48697916 0.735 0.4875 0.7475 0.4890625 0.7575 0.50364584 0.7658333 0.5265625 0.77916664 0.54270834 0.7916667 0.5703125 0.805 0.6359375 0.8441667 0.6489583 0.8475 0.66770834 0.8641667 0.7 0.89166665 0.77239585 0.945 0.796875 0.9625 0.8041667 0.9608333 0.80885416 0.95666665 0.8255208 0.8875 0.85833335 0.75333333 0.859375 0.7441667 0.85520834 0.72833335 0.77708334 0.67333335 0.6953125 0.61833334 0.6703125 0.60583335 0.6588542 0.6025 0.6010417 0.5775 0.55625 0.54833335 0.55104166 0.54333335 0.50989586 0.56416667
20 0.6901042 0.32333332 0.6765625 0.335 0.646875 0.35916665 0.6390625 0.40166667 0.6322917 0.44 0.603125 0.525 0.58229166 0.5366667 0.56875 0.54 0.5552083 0.5475 0.55 0.54333335 0.56354165 0.5366667 0.5677083 0.5275 0.5729167 0.5025 0.55572915 0.43833333 0.58125 0.395 0.5942708 0.37166667 0.6171875 0.32166666 0.63177085 0.28666666 0.6546875 0.2925 0.6645833 0.29666665 0.68958336 0.32083333
20 0.8130208 0.16916667 0.80625 0.16833334 0.8 0.16833334 0.79583335 0.17083333 0.8020833 0.18333334 0.8119792 0.1925 0.8208333 0.20416667 0.825 0.21 0.8354167 0.215 0.81875 0.17416666
20 0.58385414 0.0675 0.57604164 0.0925 0.5755208 0.07833333 0.5734375 0.068333335 0.5765625 0.06583333
20 0.6010417 0.016666668 0.5734375 0.1 0.5630208 0.13166666 0.58125 0.1475 0.6479167 0.21333334 0.65 0.21916667 0.6510417 0.23166667 0.6484375 0.24416667 0.63177085 0.28583333 0.6625 0.295 0.69322914 0.325 0.709375 0.3425 0.7291667 0.36916667 0.75677085 0.4125 0.7973958 0.4525 0.83177084 0.4825 0.84166664 0.49 0.84739584 0.49166667 0.8510417 0.49166667 0.85729164 0.49083334 0.86354166 0.4875 0.86822915 0.48333332 0.8703125 0.48083332 0.871875 0.47166666 0.87291664 0.46333334 0.87083334 0.41583332 0.87291664 0.395 0.8875 0.35333332 0.89427084 0.3125 0.8958333 0.30083334 0.88854164 0.27416667 0.88072914 0.25333333 0.84479165 0.22 0.8359375 0.215 0.825 0.21 0.81145835 0.19083333 0.80260414 0.18333334 0.7953125 0.16916667 0.79114586 0.155 0.7838542 0.13833334 0.76979166 0.1225 0.7265625 0.08166666 0.68072915 0.036666665 0.6479167 0.010833333 0.63489586 0.0 0.60625 0.0
20 0.37239584 0.38666666 0.36614582 0.39083335 0.35677084 0.3875 0.325 0.3775 0.31979167 0.37833333 0.31458333 0.38583332 0.31354168 0.39416668 0.31666666 0.40833333 0.32604167 0.41916665 0.3421875 0.44166666 0.3578125 0.47 0.409375 0.52666664 0.4015625 0.48083332 0.3953125 0.45 0.37552083 0.38333333
20 0.104166664 0.83 0.096354164 0.8408333 0.09322917 0.8466667 0.08177083 0.85583335 0.07604167 0.8625 0.055208333 0.90166664 0.016666668 0.97583336 0.009895833 1.0 0.16145833 1.0 0.178125 0.9891667 0.196875 0.965 0.21614583 0.9533333 0.23958333 0.9458333 0.25052083 0.935 0.28333333 0.90416664 0.30416667 0.885 0.33697918 0.84833336 0.34427083 0.8408333 0.34739584 0.8325 0.34791666 0.8233333 0.34739584 0.815 0.33020833 0.7816667 0.31145832 0.74833333 0.29895833 0.735 0.28385416 0.7275 0.265625 0.7216667 0.25104168 0.7183333 0.23645833 0.7191667 0.22864583 0.72083336 0.19739583 0.73583335 0.17708333 0.74833333 0.159375 0.76666665 0.12916666 0.8041667 0.12447917 0.80916667 0.1140625 0.8175 0.109375 0.82416666
