9 0.3375 0.8175 0.35833332 0.89 0.396875 0.9941667 0.40052083 1.0 0.43697917 1.0 0.48541668 0.93833333 0.49322918 0.9225 0.51875 0.91083336 0.5854167 0.8575 0.61145836 0.84166664 0.60729164 0.82416666 0.5796875 0.74333334 0.5541667 0.67333335 0.54791665 0.6558333 0.5463542 0.64916664 0.55572915 0.7366667 0.55833334 0.7683333 0.553125 0.77166665 0.54010415 0.77666664 0.5104167 0.78833336 0.4671875 0.80333334 0.45104167 0.80333334 0.43958333 0.8 0.40572917 0.7841667 0.3671875 0.78 0.34427083 0.77416664 0.34114584 0.77416664 0.334375 0.7783333 0.33541667 0.80083334 0.3359375 0.8175
9 0.31458333 0.6016667 0.34479168 0.58666664 0.40052083 0.5566667 0.46666667 0.52416664 0.51979166 0.49583334 0.5229167 0.52 0.52447915 0.5308333 0.525 0.54583335 0.53229165 0.58416665 0.5375 0.6066667 0.54479164 0.6483333 0.5463542 0.6558333 0.5552083 0.73583335 0.5578125 0.7683333 0.49114582 0.795 0.46770832 0.8025 0.44895834 0.8025 0.40729168 0.7841667 0.40677083 0.7841667 0.36770833 0.77916664 0.34114584 0.7725 0.33385417 0.765 0.33333334 0.7633333 0.32552084 0.7583333 0.32447916 0.745 0.31302083 0.7191667 0.29479167 0.6458333 0.29114583 0.62 0.30677083 0.60833335
9 0.30833334 0.5825 0.3015625 0.56083333 0.3015625 0.5325 0.29322916 0.5108333 0.28072917 0.47416666 0.29479167 0.46333334 0.30052084 0.4625 0.34375 0.43833333 0.4140625 0.39416668 0.44114584 0.4225 0.4640625 0.44833332 0.49479166 0.4775 0.51875 0.42333335 0.5265625 0.44833332 0.53020835 0.47583333 0.54114586 0.5158333 0.5494792 0.54333335 0.5598958 0.58166665 0.53489584 0.59583336 0.52552086 0.54583335 0.525 0.5283333 0.51979166 0.495 0.48697916 0.5125 0.42291668 0.54583335 0.38489583 0.56416667 0.32135418 0.59833336 0.3140625 0.60083336 0.31041667 0.58416665
9 0.28854167 0.5825 0.2703125 0.5575 0.24322917 0.53333336 0.19739583 0.4975 0.159375 0.46916667 0.18802084 0.39083335 0.22291666 0.31166667 0.23802084 0.27416667 0.2546875 0.235 0.3046875 0.2925 0.34114584 0.32833335 0.38177082 0.36083335 0.40104166 0.37916666 0.41302082 0.395 0.37552083 0.4175 0.34739584 0.43583333 0.3 0.46166667 0.29427084 0.46333334 0.28020832 0.47333333 0.28072917 0.47416666 0.30052084 0.5325 0.30104166 0.56083333 0.30833334 0.5825 0.30677083 0.5808333 0.29010418 0.5833333
9 0.29375 0.27916667 0.315625 0.23666666 0.340625 0.18083334 0.36041668 0.1425 0.36510417 0.1325 0.38645834 0.08083333 0.39583334 0.065 0.409375 0.086666666 0.43385416 0.111666664 0.4546875 0.1375 0.47083333 0.16333333 0.4859375 0.17916666 0.503125 0.1925 0.5239583 0.2175 0.5546875 0.24333334 0.5786458 0.27 0.5807292 0.27166668 0.55833334 0.32333332 0.54270834 0.34833333 0.5296875 0.37 0.5328125 0.38333333 0.52447915 0.405 0.51875 0.4225 0.5078125 0.4475 0.49635416 0.4725 0.49427083 0.47666666 0.47239584 0.455 0.44479167 0.425 0.4125 0.3925 0.4 0.37666667 0.37760416 0.3525 0.36666667 0.33916667 0.346875 0.33083335 0.33385417 0.32 0.309375 0.29666665
9 0.61822915 0.9166667 0.6744792 0.9433333 0.69635415 0.95416665 0.7026042 0.9558333 0.71302086 0.9575 0.72083336 0.9608333 0.7338542 0.9725 0.7572917 0.99333334 0.76666665 1.0 0.77916664 1.0 0.80052084 0.895 0.80833334 0.8525 0.8307292 0.76916665 0.859375 0.6641667 0.8619792 0.6525 0.83177084 0.6358333 0.76927084 0.6 0.71875 0.5775 0.6890625 0.5625 0.67760414 0.62083334 0.67552084 0.6433333 0.67395836 0.66583335 0.65833336 0.7375 0.6546875 0.77166665 0.65208334 0.8 0.63177085 0.8641667 0.6203125 0.905
9 0.80625 0.865 0.83020836 0.86 0.87708336 0.85583335 0.8802083 0.8541667 0.87135416 0.71666664 0.86302084 0.55916667 0.8598958 0.54333335 0.85729164 0.48666668 0.84947914 0.48666668 0.825 0.49666667 0.821875 0.49083334 0.8109375 0.49333334 0.8020833 0.4975 0.7739583 0.4975 0.75572914 0.54583335 0.75364584 0.54833335 0.7484375 0.54833335 0.71875 0.51666665 0.7125 0.5083333 0.7057292 0.51166666 0.70416665 0.5125 0.7015625 0.5391667 0.703125 0.5675 0.7026042 0.5683333 0.7135417 0.57416666 0.7375 0.5858333 0.76770836 0.5991667 0.8015625 0.61833334 0.8463542 0.64166665 0.8625 0.65166664 0.86302084 0.6525 0.8364583 0.75083333 0.8151042 0.8308333 0.809375 0.85
9 0.70625 0.49833333 0.69114584 0.47083333 0.6625 0.44333333 0.62708336 0.40333334 0.58802086 0.365 0.5697917 0.34333333 0.6010417 0.28166667 0.6296875 0.2175 0.65208334 0.16666667 0.6734375 0.12583333 0.70625 0.17 0.72083336 0.195 0.74635416 0.2225 0.77552086 0.25333333 0.7963542 0.28083333 0.8255208 0.30916667 0.8442708 0.33916667 0.8359375 0.35583332 0.8197917 0.3925 0.80260414 0.42666668 0.78229165 0.46833333 0.778125 0.48333332 0.76927084 0.5058333 0.75677085 0.54333335 0.75416666 0.5475 0.7484375 0.54833335 0.7171875 0.515
9 0.64270836 0.18416667 0.6041667 0.10333333 0.59010416 0.06916667 0.59010416 0.06666667 0.64375 0.0125 0.65052086 0.009166666 0.66197914 0.0 0.75625 0.0 0.7609375 0.015 0.80677086 0.115833335 0.8265625 0.16416667 0.840625 0.19333333 0.853125 0.2225 0.8015625 0.27666667 0.7963542 0.27916667 0.78125 0.25916666 0.77552086 0.25083333 0.74114585 0.215 0.7203125 0.1925 0.70416665 0.165 0.6734375 0.125 0.64739585 0.17416666
9 0.30677083 0.58166665 0.27604166 0.5858333 0.23958333 0.5908333 0.13333334 0.59 0.09322917 0.59 0.092708334 0.6458333 0.09010417 0.6958333 0.0921875 0.7241667 0.08958333 0.79583335 0.091145836 0.88166666 0.1359375 0.87416667 0.1890625 0.8616667 0.21145834 0.8616667 0.23802084 0.85333335 0.275 0.8525 0.29947916 0.85333335 0.33645833 0.8466667 0.33489582 0.7966667 0.33333334 0.7633333 0.32552084 0.75916666 0.32395834 0.745 0.31302083 0.72083336 0.29427084 0.6458333 0.29114583 0.62 0.3140625 0.6016667 0.31041667 0.58416665
