8 0.13645834 0.17666666 0.14166667 0.20166667 0.14947917 0.22916667 0.15833333 0.24166666 0.16510417 0.245 0.1734375 0.24333334 0.17864583 0.2375 0.18541667 0.225 0.18854167 0.21333334 0.1921875 0.20833333 0.19895834 0.20583333 0.21041666 0.20583333 0.21666667 0.2 0.2296875 0.19 0.2390625 0.185 0.25572917 0.18 0.26875 0.16916667 0.27395833 0.15916666 0.2765625 0.15083334 0.27083334 0.12666667 0.25052083 0.06666667 0.2296875 0.0 0.06875 0.0 0.09739583 0.07416666 0.10208333 0.0825 0.11354167 0.119166665 0.12604167 0.1525 0.1328125 0.16916667
8 0.32552084 0.0 0.31666666 0.033333335 0.30677083 0.06583333 0.29114583 0.100833334 0.28541666 0.125 0.2828125 0.13666667 0.2859375 0.14333333 0.296875 0.15 0.33645833 0.18333334 0.34791666 0.19166666 0.3546875 0.20416667 0.36979166 0.22333333 0.3828125 0.24 0.3953125 0.255 0.4078125 0.27083334 0.41875 0.27166668 0.4265625 0.26583335 0.43177083 0.2525 0.44791666 0.21166667 0.47552082 0.14833333 0.48489583 0.12416667 0.4875 0.11416667 0.48854166 0.105 0.48645833 0.095 0.4828125 0.08583333 0.46510416 0.06916667 0.4421875 0.0475 0.42135417 0.028333334 0.39635417 0.0
8 0.640625 0.0 0.6578125 0.018333333 0.628125 0.060833335 0.6098958 0.09 0.5864583 0.12833333 0.5703125 0.15166667 0.5625 0.16083333 0.5546875 0.16333333 0.54791665 0.16333333 0.5239583 0.1225 0.478125 0.035 0.47083333 0.02 0.46979168 0.008333334 0.471875 0.0
8 0.69114584 0.00083333335 0.6869792 0.014166667 0.6822917 0.023333333 0.6734375 0.028333334 0.66822916 0.028333334 0.65833336 0.019166667 0.6401042 0.0
8 0.7192708 0.0 0.6901042 0.02 0.67395836 0.031666666 0.66979164 0.0375 0.66770834 0.045 0.6671875 0.059166666 0.678125 0.12583333 0.6848958 0.145 0.68958336 0.1725 0.69322914 0.1875 0.703125 0.21583334 0.7213542 0.28083333 0.7348958 0.3325 0.7447917 0.35666665 0.74791664 0.36166668 0.753125 0.36416668 0.759375 0.36166668 0.7760417 0.34666666 0.7838542 0.34 0.790625 0.335 0.8046875 0.3225 0.83229166 0.305 0.85260415 0.29 0.85729164 0.28166667 0.86041665 0.27333334 0.8609375 0.26416665 0.8598958 0.25666666 0.8520833 0.2375 0.8442708 0.21666667 0.8364583 0.18833333 0.83020836 0.16833334 0.81927085 0.14333333 0.81614584 0.12833333 0.8072917 0.0825 0.7921875 0.0525 0.78802085 0.039166667 0.7890625 0.0225 0.790625 0.016666668 0.7838542 0.0
8 0.9984375 0.086666666 0.9760417 0.054166667 0.959375 0.033333335 0.9458333 0.0025 0.9447917 0.0 0.8 0.0 0.790625 0.014166667 0.7890625 0.0225 0.78802085 0.04 0.79322916 0.055 0.8125 0.093333334 0.82916665 0.1225 0.8520833 0.1525 0.86927086 0.175 0.88697916 0.21166667 0.89479166 0.225 0.9078125 0.26 0.9203125 0.27916667 0.9270833 0.28916666 0.9322917 0.2875 0.9359375 0.27 0.9734375 0.22583333 0.9994792 0.19583334
8 0.471875 0.17 0.45208332 0.23083334 0.4484375 0.24416667 0.4421875 0.2725 0.43854168 0.28583333 0.43229166 0.29583332 0.41354167 0.35083333 0.39947918 0.395 0.38645834 0.4275 0.38125 0.44583333 0.38177082 0.45833334 0.384375 0.46833333 0.39270833 0.47666666 0.40104166 0.4825 0.41354167 0.4825 0.42135417 0.4825 0.42604166 0.48333332 0.43020833 0.48666668 0.4359375 0.4975 0.44166666 0.5083333 0.45885417 0.52916664 0.4734375 0.5466667 0.48072916 0.55083334 0.48958334 0.54583335 0.5005208 0.5316667 0.50885415 0.50166667 0.5260417 0.45166665 0.53333336 0.42833334 0.54479164 0.39416668 0.5703125 0.32833335 0.58802086 0.28 0.590625 0.2675 0.5890625 0.25666666 0.58697915 0.25 0.54114586 0.20833333 0.53489584 0.2 0.51458335 0.185 0.503125 0.1725 0.48958334 0.165 0.4828125 0.16416667 0.47604167 0.16583334
8 0.8286458 0.5133333 0.82708335 0.5208333 0.8307292 0.55 0.8276042 0.5683333 0.83177084 0.64416665 0.85 0.7 0.8645833 0.7608333 0.85625 0.7675 0.8421875 0.7775 0.83697915 0.7783333 0.8286458 0.77666664 0.8229167 0.77916664 0.815625 0.81 0.8151042 0.83916664 0.8177083 0.85 0.82447916 0.8441667 0.8307292 0.84166664 0.85052085 0.8408333 0.86510414 0.83666664 0.8802083 0.835 0.88645834 0.8433333 0.89739585 0.85583335 0.9125 0.86 0.91979164 0.85833335 0.92291665 0.85 0.92291665 0.83 0.9213542 0.80916667 0.92760414 0.73083335 0.9328125 0.6666667 0.9322917 0.64 0.93645835 0.62 0.9375 0.60833335 0.93645835 0.595 0.9369792 0.5733333 0.93854165 0.55916667 0.9390625 0.55083334 0.9322917 0.5366667 0.928125 0.52916664 0.90260416 0.525 0.84010416 0.5133333
8 0.6614583 0.6508333 0.6588542 0.6558333 0.65625 0.66083336 0.6546875 0.66833335 0.65416664 0.6741667 0.6609375 0.7008333 0.66822916 0.7191667 0.6703125 0.7275 0.67604166 0.75416666 0.68645835 0.8066667 0.6947917 0.84166664 0.7026042 0.8475 0.7109375 0.8466667 0.71875 0.84166664 0.7359375 0.8308333 0.77135414 0.8075 0.80104166 0.79 0.8119792 0.78333336 0.8203125 0.77916664 0.82395834 0.7775 0.82708335 0.7758333 0.83489585 0.7775 0.83802086 0.7783333 0.8432292 0.7758333 0.8645833 0.7608333 0.84947914 0.7008333 0.83177084 0.6425 0.8119792 0.56083333 0.80104166 0.56916666 0.78229165 0.58416665 0.778125 0.5883333 0.7640625 0.5941667 0.69895834 0.62916666 0.6692708 0.64666665
8 0.65416664 0.99916667 0.65520835 0.9766667 0.65260416 0.94666666 0.65208334 0.91833335 0.65520835 0.9075 0.6588542 0.90166664 0.6635417 0.89916664 0.68125 0.9 0.6921875 0.905 0.69635415 0.9075 0.70520836 0.9066667 0.7192708 0.8983333 0.73125 0.8933333 0.75364584 0.885 0.7609375 0.88416666 0.7682292 0.8858333 0.7734375 0.8908333 0.77760416 0.9008333 0.778125 0.9166667 0.7786458 0.94083333 0.778125 0.97583336 0.7786458 0.99666667 0.7786458 1.0
8 0.42604166 0.99833333 0.42135417 0.9941667 0.41770834 0.9866667 0.41510418 0.97833335 0.42135417 0.91333336 0.425 0.8908333 0.42708334 0.87916666 0.4265625 0.855 0.42395833 0.8358333 0.42395833 0.8275 0.42916667 0.81416667 0.4328125 0.80583334 0.44114584 0.80083334 0.46510416 0.805 0.5286458 0.8183333 0.5390625 0.81916666 0.56041664 0.81916666 0.58489585 0.8175 0.5953125 0.8183333 0.609375 0.81916666 0.6244792 0.82166666 0.6302083 0.8233333 0.6328125 0.8258333 0.634375 0.83916664 0.6322917 0.85333335 0.6265625 0.8925 0.62708336 0.895 0.6244792 0.90166664 0.625 0.9225 0.62395835 0.93083334 0.6255208 0.9691667 0.62395835 0.9866667 0.6223958 1.0
8 0.08125 0.67833334 0.08385417 0.6525 0.08385417 0.64166665 0.08177083 0.62416667 0.08177083 0.6091667 0.08385417 0.5966667 0.08541667 0.58166665 0.084375 0.5541667 0.0796875 0.52166665 0.075520836 0.49666667 0.0734375 0.42416668 0.07447917 0.4175 0.07760417 0.41 0.08125 0.405 0.08645833 0.4025 0.1203125 0.4025 0.13802083 0.405 0.171875 0.40833333 0.2046875 0.41416666 0.21145834 0.42333335 0.21510416 0.43333334 0.21770833 0.44416666 0.21770833 0.4575 0.21770833 0.48 0.21927084 0.48833334 0.22135417 0.51 0.21979167 0.54583335 0.21927084 0.57416666 0.21927084 0.63 0.21770833 0.6725 0.22083333 0.725 0.21979167 0.7425 0.21666667 0.75166667 0.21041666 0.76166666 0.19583334 0.7658333 0.16770834 0.76416665 0.1546875 0.75916666 0.14947917 0.75916666 0.1421875 0.7608333 0.1203125 0.6983333 0.1140625 0.68083334 0.1046875 0.6725 0.094791666 0.67 0.08177083 0.68083334
8 0.079166666 0.68083334 0.0421875 0.705 0.0 0.73333335 0.0 0.96666664 0.025520833 0.9525 0.069270834 0.9241667 0.1078125 0.8983333 0.14791666 0.87583333 0.15364583 0.87 0.1578125 0.86333334 0.16197917 0.855 0.1625 0.845 0.16197917 0.835 0.15 0.7875 0.1421875 0.76 0.1140625 0.68083334 0.1046875 0.6716667 0.094791666 0.6691667 0.08177083 0.68083334
8 0.1015625 0.085 0.0921875 0.0875 0.08125 0.086666666 0.0703125 0.07666667 0.0609375 0.055 0.044791665 0.019166667 0.034895834 0.0 0.06875 0.0 0.086979166 0.046666667 0.09739583 0.07416666 0.1015625 0.0825
