6 0.53229165 0.58416665 0.546875 0.5808333 0.546875 0.61833334 0.546875 0.685 0.5416667 0.6741667
6 0.41145834 0.5875 0.39270833 0.58666664 0.3921875 0.7366667 0.39270833 0.76 0.40625 0.7683333 0.45625 0.7608333 0.41510418 0.5966667
6 0.6375 0.27083334 0.6145833 0.385 0.5864583 0.50333333 0.58385414 0.5208333 0.65833336 0.5466667 0.6927083 0.5575 0.69427085 0.5391667 0.70677084 0.48 0.71458334 0.44416666 0.734375 0.37416667 0.7447917 0.36333334 0.7484375 0.3325
6 0.6197917 0.36083335 0.57708335 0.38666666 0.578125 0.40416667 0.6 0.445 0.61614585 0.37666667
6 0.7114583 0.46083334 0.70208335 0.49833333 0.69322914 0.545 0.69322914 0.56 0.73020834 0.5466667 0.7265625 0.525
6 0.6265625 0.32416666 0.6078125 0.36666667 0.61927086 0.36083335
6 0.66197914 0.2 0.65416664 0.21083333 0.6411458 0.2725 0.74114585 0.32833335 0.7630208 0.28166667 0.7421875 0.26333332 0.72760415 0.24583334 0.71770835 0.24083333 0.678125 0.21083333
6 0.6802083 0.2125 0.7484375 0.18916667 0.7505208 0.1925 0.7572917 0.27583334 0.7390625 0.26 0.7270833 0.245
6 0.6515625 0.21916667 0.6411458 0.27083334 0.63697916 0.27 0.6265625 0.32333332 0.62291664 0.3325 0.60729164 0.36666667 0.59166664 0.2325 0.5963542 0.22833334 0.61354166 0.22416666
6 0.746875 0.6983333 0.73645836 0.69916666 0.67395836 0.73 0.646875 0.74333334 0.65052086 0.7633333 0.659375 0.79 0.665625 0.8075 0.6723958 0.8433333 0.6848958 0.91 0.69114584 0.96666664 0.69427085 0.98083335 0.70104164 0.9775 0.75416666 0.93583333 0.784375 0.9116667 0.7885417 0.91 0.7885417 0.89916664 0.78125 0.87416667 0.77708334 0.8575 0.77552086 0.8466667 0.7661458 0.83166665 0.7552083 0.7341667 0.753125 0.70916665 0.75104165 0.6983333
6 0.61822915 0.535 0.62864584 0.5908333 0.63385415 0.6041667 0.6479167 0.5966667 0.671875 0.57416666 0.6947917 0.5758333 0.69375 0.5675 0.69114584 0.5566667 0.6765625 0.5525 0.61875 0.53333336
6 0.7572917 0.295 0.74114585 0.32833335 0.7484375 0.33333334 0.7447917 0.36333334 0.7416667 0.3675 0.7572917 0.3675 0.76354164 0.36416668 0.765625 0.35916665 0.759375 0.30833334
6 0.51927084 0.5283333 0.41770834 0.5825 0.4125 0.5875 0.45572916 0.7608333 0.45885417 0.80583334 0.46197918 0.8225 0.57239586 0.7675 0.571875 0.7558333 0.5546875 0.7025 0.54114586 0.675 0.5328125 0.5883333 0.52760416 0.5441667 0.5234375 0.5308333
