18 0.69947916 0.15083334 0.6489583 0.21666667 0.64479166 0.22916667 0.64427084 0.24583334 0.67552084 0.29916668 0.6875 0.31333333 0.70208335 0.34916666 0.73333335 0.41416666 0.76770836 0.47833332 0.7796875 0.49 0.7895833 0.49083334 0.8802083 0.37333333 0.88177085 0.35833332 0.8755208 0.34333333 0.79583335 0.2075 0.746875 0.10916667 0.73802084 0.10583334 0.72864586 0.10916667 0.7104167 0.135
18 0.41145834 0.255 0.371875 0.2475 0.353125 0.24166666 0.31041667 0.22916667 0.30260417 0.23166667 0.29479167 0.23833333 0.28541666 0.29166666 0.27447918 0.40583333 0.275 0.42833334 0.28229168 0.44416666 0.29895833 0.45 0.35364583 0.455 0.403125 0.47583333 0.45625 0.4925 0.47760418 0.495 0.4875 0.48416665 0.49010417 0.4725 0.5072917 0.3325 0.478125 0.3375 0.46770832 0.32916668 0.46197918 0.31333333 0.4578125 0.26416665
18 0.44635418 0.66833335 0.34114584 0.565 0.3296875 0.5683333 0.32395834 0.57166666 0.27291667 0.71416664 0.26510417 0.7366667 0.26666668 0.7525 0.26979166 0.76166666 0.375 0.8591667 0.4484375 0.9141667 0.45989582 0.9066667 0.46302083 0.90166664 0.4703125 0.8625 0.47135416 0.8258333 0.48020834 0.8233333 0.5125 0.7608333 0.51197916 0.7441667 0.50885415 0.7316667 0.47708333 0.70166665
18 0.32239583 0.49166667 0.2546875 0.43666667 0.24635416 0.43166667 0.23645833 0.43083334 0.2296875 0.435 0.22395833 0.44583333 0.21197917 0.48083332 0.1828125 0.5725 0.16041666 0.64416665 0.14270833 0.68333334 0.13385417 0.7075 0.13229166 0.72083336 0.1359375 0.73333335 0.19635417 0.7875 0.24322917 0.825 0.2578125 0.81666666 0.26666668 0.795 0.27552083 0.7675 0.26979166 0.7608333 0.26614583 0.7525 0.26458332 0.7375 0.32395834 0.5725 0.33072916 0.5683333 0.34166667 0.56416667 0.34479168 0.5675 0.35208333 0.545 0.3515625 0.5233333 0.3453125 0.5133333
18 0.6 0.365 0.50625 0.33833334 0.490625 0.47333333 0.48802084 0.48416665 0.478125 0.495 0.4640625 0.49416667 0.45520833 0.5725 0.44479167 0.65 0.44739583 0.665 0.44895834 0.6716667 0.4578125 0.68 0.571875 0.71416664 0.5796875 0.7075 0.5833333 0.69916666 0.5921875 0.6 0.5963542 0.56166667 0.6046875 0.50166667 0.61822915 0.395 0.6145833 0.37833333 0.6078125 0.36833334
18 0.72447914 0.43 0.6979167 0.47166666 0.67395836 0.51166666 0.6703125 0.5283333 0.67291665 0.5425 0.7484375 0.6525 0.75677085 0.66333336 0.7671875 0.6666667 0.77708334 0.6591667 0.8 0.61333334 0.8208333 0.5775 0.8411458 0.5425 0.89739585 0.435 0.89947915 0.4275 0.896875 0.4075 0.87708336 0.37666667 0.79010415 0.49083334 0.7796875 0.48916668 0.76770836 0.47916666 0.7338542 0.415
18 0.6510417 0.5908333 0.61145836 0.59833336 0.59166664 0.60083336 0.5833333 0.6983333 0.5786458 0.7075 0.57239586 0.7133333 0.528125 0.7008333 0.53333336 0.81 0.54010415 0.8225 0.55260414 0.825 0.72864586 0.80916667 0.74375 0.8016667 0.74895835 0.7808333 0.7421875 0.6433333 0.7015625 0.58416665
18 0.83125 0.62166667 0.7895833 0.6566667 0.76927084 0.66833335 0.74427086 0.68666667 0.74895835 0.78 0.74427086 0.80083334 0.728125 0.80916667 0.66197914 0.815 0.7026042 0.95166665 0.7114583 0.95916665 0.7234375 0.9608333 0.7375 0.9508333 0.78541666 0.905 0.79791665 0.88916665 0.8109375 0.87833333 0.82239586 0.86583334 0.8385417 0.8525 0.87916666 0.8333333 0.89270836 0.82416666 0.8979167 0.81083333 0.89635414 0.79583335 0.86302084 0.6933333 0.85 0.64666665 0.8453125 0.62833333 0.8390625 0.6225
18 0.22760417 0.19 0.20520833 0.15333334 0.19635417 0.14833333 0.18697916 0.15333334 0.13489583 0.23083334 0.09791667 0.28833333 0.09739583 0.30916667 0.1 0.3175 0.15729167 0.39916667 0.171875 0.4175 0.18385416 0.43333334 0.20052083 0.46166667 0.2109375 0.4825 0.22395833 0.445 0.22916667 0.43416667 0.23697917 0.43 0.24739583 0.43166667 0.25677082 0.43833333 0.30625 0.4775 0.3234375 0.4525 0.30052084 0.45 0.2828125 0.44416666 0.275 0.42833334 0.27395833 0.405 0.28489584 0.29583332 0.28645834 0.28583333 0.240625 0.20916666
18 0.48958334 0.0 0.44791666 0.0058333334 0.43697917 0.019166667 0.43385416 0.038333334 0.44427082 0.12583333 0.45104167 0.1975 0.4609375 0.3125 0.46666667 0.33 0.47708333 0.3375 0.51354164 0.33083335 0.59270835 0.3075 0.6015625 0.29416665 0.6041667 0.275 0.59583336 0.21166667 0.590625 0.17833333 0.58385414 0.13833334 0.57916665 0.11 0.57239586 0.0058333334 0.5703125 0.0
