2 0.740625 0.19833334 0.74427086 0.20583333 0.7583333 0.21833333 0.7807292 0.2425 0.8333333 0.30666667 0.884375 0.36666667 0.9328125 0.41916665 0.9479167 0.435 0.9265625 0.47166666 0.8911458 0.5366667 0.865625 0.5825 0.84479165 0.62583333 0.8255208 0.66833335 0.79375 0.63 0.74322915 0.56583333 0.7026042 0.51416665 0.64427084 0.44083333 0.6302083 0.42083332 0.65729165 0.36416668 0.7005208 0.27666667 0.73802084 0.20416667
2 0.834375 0.30583334 0.909375 0.31916666 0.9322917 0.32333332 0.94375 0.32833335 0.94427085 0.36083335 0.94114584 0.38416666 0.93385416 0.42 0.88854164 0.37083334 0.83385414 0.30666667
2 0.9291667 0.46916667 0.93125 0.5366667 0.92864585 0.56416667 0.9223958 0.61333334 0.9125 0.61 0.8567708 0.60083336 0.86875 0.5775 0.9036458 0.5133333 0.92864585 0.46833333
2 0.678125 0.56416667 0.68177086 0.48916668 0.69947916 0.51 0.7546875 0.58 0.70625 0.5708333 0.6869792 0.56583333 0.68072915 0.56583333
2 0.3 0.3275 0.35052082 0.3125 0.37708333 0.30583334 0.37864584 0.32083333 0.38072917 0.33833334 0.38333333 0.3575 0.39270833 0.44916666 0.39739582 0.48916668 0.39947918 0.5175 0.37916666 0.47833332 0.34166667 0.4075 0.29895833 0.32833335
2 0.21145834 0.355 0.234375 0.34416667 0.27291667 0.33416668 0.25416666 0.36083335 0.21875 0.41583332 0.21510416 0.39333335 0.21354167 0.37833333 0.21145834 0.37083334
2 0.40052083 0.5175 0.4234375 0.55583334 0.43020833 0.57166666 0.43072918 0.5775 0.43645832 0.59166664 0.41822916 0.62666667 0.38958332 0.6725 0.37552083 0.6925 0.36302084 0.7158333 0.33125 0.75916666 0.315625 0.78333336 0.30885416 0.7733333 0.30260417 0.7575 0.28072917 0.71666664 0.253125 0.6666667 0.22395833 0.62 0.19947916 0.5725 0.178125 0.53583336 0.16666667 0.5075 0.165625 0.50166667 0.17708333 0.47416666 0.21927084 0.415 0.259375 0.35416666 0.27395833 0.33166668 0.2875 0.30833334
2 0.41354167 0.6358333 0.41770834 0.67833334 0.403125 0.68416667 0.37604168 0.69166666 0.38958332 0.6716667 0.41302082 0.635
2 0.23854166 0.645 0.24322917 0.695 0.246875 0.725 0.28020832 0.715 0.25625 0.6725 0.24010417 0.64416665
2 0.353125 0.05 0.40833333 0.0325 0.43958333 0.021666666 0.48333332 0.0 0.590625 0.0 0.6015625 0.050833333 0.6041667 0.07333333 0.6109375 0.11083333 0.6171875 0.15083334 0.62604165 0.215 0.62916666 0.23083334 0.61145836 0.24083333 0.5942708 0.24833333 0.54583335 0.26666668 0.51770836 0.2775 0.47760418 0.2975 0.39947918 0.33166668 0.3890625 0.26916668 0.371875 0.1675 0.3546875 0.060833335
