15 0.4515625 0.68666667 0.43541667 0.6141667 0.47395834 0.61833334 0.496875 0.725 0.496875 0.73833334 0.49166667 0.75 0.4921875 0.77416664 0.4859375 0.7758333 0.48177084 0.75916666 0.4734375 0.755 0.46822917 0.74583334 0.4625 0.725
15 0.42239583 0.60583335 0.4109375 0.68 0.409375 0.70666665 0.40416667 0.7241667 0.39739582 0.7325 0.39114583 0.74083334 0.390625 0.75333333 0.38385418 0.74833333 0.3859375 0.735 0.38125 0.72333336 0.37864584 0.705 0.37708333 0.685 0.38802084 0.5925 0.41197917 0.40666667 0.41614583 0.38 0.41927084 0.37166667 0.42864582 0.36666667 0.42864582 0.3575 0.4265625 0.34416667 0.43489584 0.34 0.43854168 0.35416666 0.44322917 0.37 0.4484375 0.38 0.44583333 0.41083333 0.43697917 0.46583334 0.43020833 0.4725 0.42708334 0.4775 0.41302082 0.48333332 0.4140625 0.49416667 0.4265625 0.49416667 0.434375 0.5083333 0.428125 0.56 0.425 0.5625 0.41875 0.56916666 0.41302082 0.5708333 0.40989584 0.5783333 0.40260416 0.5725 0.39739582 0.585 0.40260416 0.59 0.409375 0.5883333 0.41041666 0.59166664 0.41770834 0.605
15 0.3578125 0.41916665 0.390625 0.5708333 0.37916666 0.665 0.32864583 0.4475 0.32760417 0.42416668 0.32916668 0.41083333 0.33020833 0.39583334 0.33125 0.38083333 0.3390625 0.38 0.34010416 0.395 0.346875 0.4025 0.35260418 0.4075
15 0.403125 0.4 0.39583334 0.40166667 0.39947918 0.41666666 0.39375 0.43083334 0.390625 0.44416666 0.40208334 0.48083332 0.41041666 0.41833332 0.40364584 0.41583332
15 0.46822917 0.5183333 0.4640625 0.565 0.428125 0.56333333 0.434375 0.51166666
15 0.58489585 0.5341667 0.46875 0.5175 0.46614584 0.5491667 0.57395834 0.57666665 0.58020836 0.55583334
15 0.6223958 0.5341667 0.6067708 0.5833333 0.57447916 0.5775 0.5807292 0.555 0.58489585 0.53333336
15 0.6692708 0.59 0.6067708 0.5833333 0.6223958 0.5341667 0.6625 0.5416667 0.68072915 0.5441667 0.68958336 0.5525 0.6927083 0.56333333 0.703125 0.575 0.7015625 0.585 0.690625 0.58 0.684375 0.585 0.67864585 0.59
15 0.6479167 0.5941667 0.6375 0.5875 0.5453125 0.57416666 0.4640625 0.56583333 0.4265625 0.56333333 0.41927084 0.57 0.41354167 0.5708333 0.409375 0.5783333 0.40260416 0.5725 0.39739582 0.5858333 0.40260416 0.59 0.409375 0.5883333 0.41822916 0.605 0.42395833 0.60583335 0.4359375 0.6125 0.48333332 0.62083334 0.590625 0.63416666 0.640625 0.6408333 0.6510417 0.625 0.659375 0.6225 0.6671875 0.6191667 0.6671875 0.6025 0.6588542 0.5975
15 0.5932292 0.645 0.584375 0.6791667 0.5786458 0.68666667 0.5697917 0.69 0.56822914 0.69666666 0.565625 0.7 0.56666666 0.70916665 0.5578125 0.71 0.5552083 0.7033333 0.55833334 0.6933333 0.5598958 0.68416667 0.55677086 0.67333335 0.55572915 0.66333336 0.56041664 0.63 0.59583336 0.635
15 0.6901042 0.64416665 0.63958335 0.6433333 0.6411458 0.64 0.6510417 0.62416667 0.6671875 0.62 0.6671875 0.6025 0.65833336 0.5975 0.65 0.595 0.63854164 0.5883333 0.7171875 0.595 0.721875 0.5966667 0.728125 0.60583335 0.73125 0.6116667 0.7348958 0.6141667 0.73802084 0.6116667 0.74114585 0.6116667 0.7427083 0.61833334 0.7416667 0.62583333 0.740625 0.62833333 0.7317708 0.62666667 0.72760415 0.6308333 0.7234375 0.6375 0.7182292 0.6408333 0.7125 0.6433333 0.70520836 0.6433333
15 0.50677085 0.46666667 0.65416664 0.485 0.66302085 0.49416667 0.66875 0.50416666 0.6734375 0.5075 0.68072915 0.50916666 0.6859375 0.51666665 0.684375 0.525 0.67083335 0.5225 0.66302085 0.5366667 0.6546875 0.54 0.6453125 0.53833336 0.6171875 0.5325 0.5807292 0.5341667 0.44791666 0.51416665 0.43489584 0.5108333 0.42708334 0.49416667 0.4140625 0.49416667 0.41302082 0.48333332 0.42708334 0.4775 0.43020833 0.47166666 0.43697917 0.46583334 0.44375 0.46333334
15 0.53229165 0.40916666 0.50364584 0.4 0.49427083 0.4 0.48854166 0.4 0.47708333 0.40166667 0.47395834 0.41 0.48177084 0.41916665 0.48489583 0.43166667 0.49166667 0.44166666 0.49583334 0.4475 0.5416667 0.47 0.6 0.4775 0.6078125 0.45
15 0.63177085 0.35666665 0.6 0.47916666 0.63385415 0.4825 0.659375 0.3875 0.66197914 0.36833334 0.6609375 0.35666665 0.65729165 0.34916666 0.65833336 0.34166667 0.6567708 0.3375 0.65833336 0.32833335 0.6546875 0.3225 0.64947915 0.32583332 0.64739585 0.33833334 0.6432292 0.34333333 0.63854164 0.3475
15 0.6703125 0.485 0.6901042 0.5058333 0.69375 0.515 0.69947916 0.5208333 0.7078125 0.5283333 0.70416665 0.535 0.69166666 0.53 0.6880208 0.545 0.68072915 0.5441667 0.66197914 0.53833336 0.6703125 0.5225 0.6848958 0.525 0.6859375 0.51666665 0.6802083 0.50916666 0.67395836 0.5075 0.66822916 0.50416666 0.66302085 0.49416667 0.6536458 0.485 0.63489586 0.48166665 0.63854164 0.46666667
15 0.4890625 0.26833335 0.47760418 0.39833334 0.47395834 0.41 0.4765625 0.41416666 0.471875 0.46416667 0.43802083 0.46416667 0.44739583 0.39666668 0.44947916 0.3775 0.44479167 0.36833334 0.45572916 0.245 0.45677084 0.22916667 0.46302083 0.2175 0.46875 0.21333334 0.47083333 0.19333333 0.47864583 0.19416666 0.48489583 0.19833334 0.48333332 0.21416667 0.4890625 0.225 0.490625 0.23583333
15 0.41614583 0.655 0.4296875 0.715 0.42916667 0.72833335 0.42447916 0.7375 0.43072918 0.76 0.42708334 0.765 0.41197917 0.74833333 0.39739582 0.73083335 0.40364584 0.725 0.40989584 0.705 0.4109375 0.6775
