8 0.284375 0.5941667 0.25833333 0.60583335 0.2375 0.61083335 0.15572916 0.62916666 0.140625 0.6308333 0.09322917 0.64666665 0.08541667 0.6616667 0.083333336 0.6725 0.09166667 0.72083336 0.094791666 0.75416666 0.10208333 0.795 0.110416666 0.835 0.1109375 0.8308333 0.10104167 0.7633333 0.1015625 0.74666667 0.1078125 0.735 0.116145834 0.7275 0.16041666 0.71416664 0.17239584 0.71166664 0.1890625 0.71 0.21822916 0.7025 0.234375 0.7 0.275 0.69 0.29010418 0.68833333 0.31770834 0.675 0.31510416 0.65416664 0.31041667 0.6166667 0.31354168 0.6 0.30677083 0.5925 0.30364582 0.59 0.29895833 0.59
8 0.159375 0.46083334 0.110416666 0.51416665 0.067708336 0.55833334 0.058333334 0.5708333 0.0203125 0.6 0.036979165 0.63666666 0.044791665 0.6433333 0.08385417 0.7575 0.10208333 0.7991667 0.100520834 0.7816667 0.094791666 0.7558333 0.0921875 0.72083336 0.08385417 0.67333335 0.08541667 0.6625 0.09375 0.6458333 0.140625 0.6308333 0.15104167 0.62833333 0.1546875 0.62833333 0.22760417 0.6125 0.24270834 0.6091667 0.21927084 0.55833334 0.19635417 0.51166666 0.19427083 0.49583334 0.18020834 0.45916668 0.17239584 0.45666668 0.16770834 0.45583335
8 0.29114583 0.34333333 0.253125 0.38166666 0.23229167 0.40666667 0.2171875 0.4125 0.20885417 0.43 0.20989583 0.43916667 0.21614583 0.45 0.21927084 0.47083333 0.22083333 0.50416666 0.21979167 0.5133333 0.21458334 0.52416664 0.20416667 0.52666664 0.22291666 0.56666666 0.2421875 0.6091667 0.259375 0.60583335 0.28072917 0.595 0.3421875 0.54333335 0.38802084 0.5075 0.4046875 0.49166667 0.40625 0.48583335 0.38125 0.46666667 0.33072916 0.42416668 0.32447916 0.41666666 0.31979167 0.4025 0.32291666 0.38666666 0.33645833 0.35583332 0.3515625 0.31166667 0.3609375 0.28666666 0.36666667 0.27333334 0.334375 0.32666665 0.31770834 0.36 0.31041667 0.36333334 0.30625 0.3625 0.296875 0.35 0.29270834 0.34416667
8 0.20364584 0.31333333 0.215625 0.31333333 0.22135417 0.32166666 0.22552083 0.33333334 0.22604166 0.34666666 0.22604166 0.36 0.2203125 0.41166666 0.2171875 0.41166666 0.20885417 0.43083334 0.21041666 0.43833333 0.21614583 0.45 0.21979167 0.47083333 0.22083333 0.50333333 0.2203125 0.5125 0.21458334 0.52416664 0.20416667 0.52666664 0.19635417 0.5125 0.19479166 0.49583334 0.18072917 0.45833334 0.16875 0.455 0.1609375 0.46 0.109375 0.51416665 0.050520834 0.5175 0.016145833 0.5158333 0.008854167 0.5158333 0.0 0.5133333 0.0 0.3475 0.0067708334 0.31 0.016666668 0.2975 0.024479168 0.29583332 0.0671875 0.3025 0.086979166 0.30583334 0.10885417 0.31083333 0.11927083 0.31333333 0.12447917 0.31583333 0.1765625 0.31666666
8 0.25104168 0.26 0.22239584 0.27 0.21979167 0.27333334 0.2125 0.3125 0.21666667 0.31333333 0.22135417 0.32166666 0.225 0.33166668 0.22604166 0.33916667 0.22604166 0.36166668 0.2203125 0.41083333 0.23177083 0.4075 0.2546875 0.38083333 0.290625 0.34416667 0.290625 0.3375 0.29010418 0.32416666 0.28385416 0.31333333 0.26770833 0.295 0.25677082 0.27416667 0.253125 0.26833335
8 0.4453125 0.21916667 0.4171875 0.18333334 0.39270833 0.2225 0.36614582 0.27333334 0.36041668 0.28916666 0.33645833 0.35416666 0.32291666 0.38583332 0.31979167 0.4 0.31979167 0.40333334 0.32447916 0.41666666 0.33072916 0.42583334 0.38229167 0.46666667 0.41614583 0.49333334 0.42135417 0.49833333 0.4265625 0.5 0.43385416 0.49916667 0.43958333 0.48916668 0.45989582 0.42916667 0.46666667 0.40416667 0.47239584 0.3675 0.49322918 0.3275 0.5104167 0.28916666 0.5104167 0.28083333 0.47135416 0.245 0.45520833 0.22833334
8 0.47083333 0.4075 0.478125 0.41916665 0.47916666 0.4275 0.47760418 0.43916667 0.47552082 0.45083332 0.4703125 0.4575 0.45416668 0.4475 0.4609375 0.42583334 0.4671875 0.40416667
8 0.33958334 0.6925 0.34427083 0.695 0.35052082 0.695 0.35625 0.69166666 0.36354166 0.68416667 0.38385418 0.6383333 0.3828125 0.6333333 0.38489583 0.6325 0.39010417 0.62166667 0.4046875 0.585 0.40885416 0.5725 0.42708334 0.535 0.43072918 0.52166665 0.434375 0.49916667 0.42604166 0.49916667 0.4203125 0.4975 0.40625 0.48583335 0.40520832 0.49166667 0.39166668 0.50416666 0.32552084 0.5575 0.28020832 0.595 0.30208334 0.58916664 0.30625 0.59166664 0.31354168 0.60083336 0.31041667 0.61583334 0.31614584 0.6566667 0.3234375 0.66833335 0.33229166 0.68083334
8 0.4265625 0.54333335 0.41875 0.57666665 0.4 0.6458333 0.39479166 0.67 0.371875 0.7441667 0.3734375 0.75666666 0.3765625 0.76666665 0.38958332 0.77416664 0.409375 0.7875 0.4234375 0.7916667 0.43645832 0.79583335 0.45260417 0.81166667 0.46041667 0.8233333 0.47447917 0.8325 0.48020834 0.835 0.48541668 0.8308333 0.4921875 0.825 0.490625 0.8016667 0.49375 0.7891667 0.52447915 0.6383333 0.5328125 0.62833333 0.53802085 0.62416667 0.5494792 0.63 0.5546875 0.60333335 0.5703125 0.5441667 0.5703125 0.535 0.56822914 0.52166665 0.5640625 0.515 0.46458334 0.45333335 0.45416668 0.44666666 0.43854168 0.49083334 0.43489584 0.49666667 0.4328125 0.50916666
8 0.521875 0.26666668 0.52135414 0.2825 0.51770836 0.30333334 0.5104167 0.3475 0.5078125 0.36 0.503125 0.36833334 0.4953125 0.37166667 0.475 0.3625 0.49114582 0.33166668 0.5104167 0.28916666 0.5109375 0.28166667 0.46979168 0.24416667 0.4546875 0.22666667 0.44479167 0.21916667 0.41822916 0.1825 0.425 0.1725 0.4140625 0.14666666 0.36145833 0.0975 0.35104167 0.08583333 0.3546875 0.08 0.36197916 0.0725 0.36927083 0.07416666 0.39479166 0.093333334 0.40625 0.100833334 0.42864582 0.12666667 0.4375 0.13166666 0.44739583 0.1375 0.453125 0.145 0.46145833 0.1575 0.47447917 0.16166666 0.4984375 0.16916667 0.50989586 0.17833333 0.515625 0.18166667 0.5317708 0.18416667 0.5390625 0.19083333 0.5421875 0.19583334 0.54270834 0.20333333 0.54270834 0.21 0.5375 0.2275 0.5286458 0.24916667
8 0.3078125 0.11666667 0.28802082 0.18333334 0.28072917 0.2 0.2765625 0.205 0.2703125 0.20166667 0.2625 0.20166667 0.25104168 0.20916666 0.2453125 0.21583334 0.24427083 0.22333333 0.24739583 0.24416667 0.25364584 0.26916668 0.26770833 0.295 0.28333333 0.31333333 0.29010418 0.32416666 0.29114583 0.34333333 0.30625 0.36333334 0.309375 0.3625 0.31770834 0.36 0.33385417 0.32583332 0.3640625 0.2775 0.37135416 0.26333332 0.3921875 0.2225 0.41770834 0.1825 0.425 0.1725 0.41302082 0.14583333 0.3625 0.09916667 0.35 0.083333336 0.34479168 0.07333333 0.334375 0.0725 0.32395834 0.071666665 0.30572918 0.08583333 0.303125 0.094166666 0.3015625 0.10333333 0.303125 0.111666664
8 0.56145835 0.32 0.54322916 0.31583333 0.515625 0.31583333 0.5104167 0.3475 0.5072917 0.36083335 0.5026042 0.36833334 0.49479166 0.37166667 0.47447917 0.36333334 0.47239584 0.3675 0.46666667 0.4025 0.471875 0.40833333 0.478125 0.41833332 0.47916666 0.42666668 0.47708333 0.44083333 0.475 0.45083332 0.47083333 0.4575 0.5005208 0.47583333 0.5494792 0.50666666 0.56354165 0.515 0.56666666 0.52 0.56666666 0.51416665 0.5651042 0.48416665 0.56145835 0.42 0.56145835 0.4125 0.5677083 0.4075 0.5703125 0.40333334 0.5708333 0.375 0.5703125 0.335 0.5640625 0.32166666
8 0.65625 0.39166668 0.6046875 0.3975 0.59375 0.39916667 0.5890625 0.39916667 0.58177084 0.39833334 0.5697917 0.40333334 0.56666666 0.40916666 0.5619792 0.41083333 0.56145835 0.4175 0.5640625 0.46666667 0.5671875 0.52 0.56822914 0.52166665 0.5703125 0.5325 0.5703125 0.5441667 0.5697917 0.55 0.57447916 0.6425 0.5890625 0.6508333 0.60833335 0.665 0.60625 0.64666665 0.615625 0.59166664 0.6166667 0.58 0.63177085 0.51416665 0.65625 0.435 0.6609375 0.4175 0.6614583 0.3975 0.6614583 0.3925
8 0.5671875 0.5575 0.565625 0.57666665 0.56614584 0.5991667 0.56822914 0.62916666 0.56875 0.63916665 0.5494792 0.63 0.5552083 0.6 0.5677083 0.55333334
8 0.4953125 0.8283333 0.5015625 0.835 0.5229167 0.84583336 0.5390625 0.85083336 0.5442708 0.8466667 0.54479164 0.8525 0.5546875 0.85333335 0.5640625 0.85583335 0.57239586 0.8541667 0.5776042 0.8525 0.5828125 0.85333335 0.5942708 0.865 0.60625 0.87416667 0.6671875 0.9116667 0.6791667 0.9191667 0.684375 0.9191667 0.69166666 0.9141667 0.69427085 0.9091667 0.69635415 0.9008333 0.69895834 0.8908333 0.69375 0.8933333 0.6875 0.8925 0.6822917 0.8875 0.6791667 0.875 0.6645833 0.81583333 0.66302085 0.80583334 0.6625 0.78833336 0.65989584 0.775 0.64947915 0.755 0.6411458 0.7416667 0.6390625 0.735 0.6390625 0.7266667 0.6401042 0.72083336 0.6421875 0.7125 0.65052086 0.7075 0.6125 0.67583334 0.6078125 0.66583335 0.58697915 0.65 0.5677083 0.6383333 0.54895836 0.62916666 0.5385417 0.62416667 0.5328125 0.62833333 0.52447915 0.6383333 0.51197916 0.7 0.49479166 0.78333336 0.49010417 0.8016667 0.4921875 0.82416666
8 0.8 0.56333333 0.78333336 0.58 0.7640625 0.59583336 0.7640625 0.5991667 0.7609375 0.59833336 0.7338542 0.6275 0.7015625 0.655 0.6703125 0.68416667 0.65052086 0.7058333 0.65 0.7075 0.64270836 0.7125 0.6390625 0.7241667 0.63958335 0.7341667 0.6401042 0.74 0.6484375 0.7525 0.65989584 0.775 0.66197914 0.7875 0.6625 0.8066667 0.678125 0.87083334 0.6822917 0.8883333 0.68854165 0.8933333 0.6921875 0.8933333 0.6979167 0.8908333 0.70729166 0.88166666 0.7317708 0.8616667 0.74010414 0.85333335 0.74583334 0.8408333 0.8130208 0.7866667 0.81822914 0.7825 0.81822914 0.7783333 0.82135415 0.78 0.85625 0.7558333 0.8645833 0.74 0.86510414 0.73083335 0.859375 0.7025 0.82916665 0.61833334 0.81927085 0.57416666 0.81354165 0.56333333 0.809375 0.56166667
8 0.70729166 0.48583335 0.70677084 0.5275 0.70885414 0.565 0.7109375 0.57416666 0.71458334 0.58166665 0.7171875 0.58416665 0.72239584 0.585 0.73333335 0.5808333 0.7640625 0.5733333 0.8125 0.55916667 0.83020836 0.55333334 0.83697915 0.5525 0.84166664 0.5525 0.85364586 0.5625 0.85572916 0.55833334 0.8578125 0.565 0.87864584 0.565 0.878125 0.52916664 0.87864584 0.46833333 0.87395835 0.355 0.8723958 0.3525 0.84583336 0.3575 0.8432292 0.3625 0.8411458 0.35916665 0.8328125 0.36166668 0.8072917 0.37416667 0.80104166 0.37416667 0.79270834 0.375 0.78125 0.37166667 0.75677085 0.3775 0.74114585 0.3775 0.7265625 0.375 0.71770835 0.375 0.7114583 0.3775 0.70729166 0.38416666 0.7036458 0.39916667 0.7036458 0.41416666
8 0.6635417 0.3725 0.6609375 0.39416668 0.6614583 0.4175 0.65 0.455 0.63177085 0.51416665 0.6166667 0.58 0.61614585 0.59166664 0.60625 0.64416665 0.60572916 0.6483333 0.6078125 0.66583335 0.61145836 0.675 0.65 0.70666665 0.6510417 0.705 0.6770833 0.67833334 0.7046875 0.65166664 0.73541665 0.62583333 0.740625 0.5933333 0.7447917 0.5783333 0.73333335 0.58 0.72291666 0.585 0.7171875 0.58416665 0.7140625 0.5808333 0.7109375 0.5733333 0.70885414 0.56666666 0.70677084 0.52416664 0.70625 0.48333332 0.703125 0.41416666 0.70416665 0.39916667 0.70677084 0.38666666 0.7015625 0.3875 0.69375 0.38416666 0.6640625 0.36916667
8 0.5921875 0.16916667 0.58020836 0.2425 0.578125 0.26583335 0.5697917 0.31166667 0.56822914 0.31833333 0.571875 0.3325 0.57447916 0.34 0.58020836 0.34416667 0.6109375 0.35 0.6197917 0.35416666 0.62135416 0.34833333 0.6234375 0.35 0.6234375 0.35666665 0.62864584 0.35916665 0.6567708 0.36666667 0.66510415 0.37 0.69322914 0.38416666 0.70104164 0.38666666 0.70677084 0.38666666 0.7109375 0.37916666 0.71770835 0.375 0.72760415 0.375 0.74375 0.3775 0.75677085 0.37666667 0.7703125 0.37416667 0.771875 0.335 0.7739583 0.3075 0.77239585 0.29333332 0.77239585 0.2875 0.78489584 0.265 0.78489584 0.26166666 0.76666665 0.2525 0.7526042 0.2475 0.740625 0.2475 0.734375 0.24666667 0.7270833 0.2425 0.70677084 0.23416667 0.7005208 0.23333333 0.6958333 0.23166667 0.6822917 0.23583333 0.67291665 0.23666666 0.66041666 0.23416667 0.6223958 0.2325 0.609375 0.2325 0.6015625 0.2225 0.5989583 0.18416667 0.5989583 0.15416667 0.59270835 0.16
8 0.6177083 0.025 0.609375 0.033333335 0.6041667 0.038333334 0.6020833 0.055 0.60052085 0.0725 0.6 0.0975 0.59947914 0.14166667 0.5984375 0.16583334 0.5984375 0.18083334 0.6015625 0.22166666 0.6088542 0.2325 0.6614583 0.235 0.67395836 0.23666666 0.6828125 0.235 0.6953125 0.23166667 0.7015625 0.23416667 0.70520836 0.23416667 0.70729166 0.23416667 0.7260417 0.2425 0.7359375 0.2475 0.75104165 0.24666667 0.76770836 0.25333333 0.78541666 0.26166666 0.79375 0.26333332 0.79895836 0.25916666 0.80364585 0.25166667 0.80260414 0.23333333 0.80052084 0.15333334 0.80625 0.105 0.80625 0.09166667 0.8 0.079166666 0.79479164 0.0725 0.778125 0.07083333 0.74895835 0.0675 0.7359375 0.06583333 0.71979165 0.060833335 0.709375 0.059166666 0.69635415 0.059166666 0.6901042 0.059166666 0.6796875 0.055 0.6609375 0.043333333 0.6322917 0.031666666
8 0.7583333 0.0025 0.7807292 0.011666667 0.78333336 0.0033333334 0.7828125 0.0 0.7546875 0.0
8 0.21510416 0.7033333 0.18854167 0.71 0.16510417 0.7133333 0.15677084 0.715 0.11666667 0.7266667 0.1078125 0.735 0.1015625 0.74666667 0.10104167 0.7633333 0.10885417 0.81583333 0.11927083 0.8983333 0.12291667 0.9316667 0.12708333 0.9425 0.13177083 0.94666666 0.1421875 0.94666666 0.15364583 0.9425 0.1734375 0.92833334 0.19427083 0.92083335 0.22239584 0.90416664 0.24114583 0.90416664 0.26822916 0.8908333 0.27604166 0.8875 0.3140625 0.88666666 0.33802083 0.87916666 0.34583333 0.8725 0.35052082 0.8566667 0.35104167 0.84833336 0.34479168 0.80083334 0.33541667 0.69916666 0.33333334 0.68833333 0.32708332 0.68083334 0.3171875 0.67583334 0.30364582 0.68083334 0.29010418 0.68833333 0.27447918 0.69 0.23645833 0.7008333
