9 0.365625 0.10583334 0.346875 0.0975 0.33854166 0.095 0.33177084 0.1525 0.3359375 0.1575 0.33072916 0.16 0.328125 0.1925 0.3234375 0.245 0.3140625 0.29 0.30729166 0.31333333 0.29635417 0.365 0.2875 0.4075 0.28177083 0.45166665 0.2859375 0.45416668 0.30208334 0.45833334 0.35416666 0.48166665 0.37239584 0.44416666 0.3890625 0.4125 0.41302082 0.37166667 0.42604166 0.355 0.44583333 0.38583332 0.46145833 0.4075 0.4640625 0.3825 0.47135416 0.32666665 0.4765625 0.29416665 0.4515625 0.3 0.39895833 0.29833335 0.38177082 0.29583332 0.38385418 0.21916667 0.384375 0.19666667 0.3859375 0.18666667 0.38802084 0.1125
9 0.50208336 0.04916667 0.49947917 0.054166667 0.5078125 0.055
9 0.49114582 0.05666667 0.46145833 0.054166667 0.44739583 0.045833334 0.42604166 0.0375 0.4046875 0.0275 0.39479166 0.025 0.390625 0.024166666 0.3875 0.083333336 0.38802084 0.1125 0.3859375 0.18666667 0.384375 0.1975 0.38125 0.29583332 0.41614583 0.29833335 0.45260417 0.3 0.47916666 0.29333332 0.49427083 0.29 0.52708334 0.3 0.56822914 0.30666667 0.5729167 0.30083334 0.57395834 0.30916667 0.61041665 0.31416667 0.61145836 0.2275 0.6098958 0.1775 0.6119792 0.16 0.61041665 0.048333332 0.5953125 0.045 0.5776042 0.04916667 0.57447916 0.054166667 0.5703125 0.046666667 0.5572917 0.045833334 0.521875 0.053333335
9 0.48177084 0.325 0.475 0.36416668 0.47135416 0.365 0.46302083 0.41083333 0.46145833 0.40666667 0.46614584 0.36416668 0.47604167 0.29416665 0.48958334 0.29
9 0.69166666 0.24583334 0.67604166 0.295 0.6614583 0.33333334 0.6557292 0.34666666 0.60833335 0.32416666 0.58125 0.31 0.6109375 0.31333333 0.6109375 0.25666666 0.6109375 0.20083334 0.6098958 0.1775 0.6119792 0.16583334 0.6489583 0.19833334 0.6947917 0.23666666
9 0.7161458 0.36916667 0.67395836 0.35416666 0.67083335 0.36 0.6671875 0.35333332 0.6536458 0.34666666 0.58177084 0.31083333 0.575 0.30833334 0.57239586 0.30083334 0.56822914 0.30666667 0.528125 0.30083334 0.49427083 0.28916666 0.48958334 0.2925 0.475 0.36416668 0.49114582 0.37333333 0.5395833 0.3975 0.5541667 0.40416667 0.59010416 0.41333333 0.63072914 0.43333334 0.615625 0.5025 0.609375 0.505 0.61302084 0.5133333 0.60052085 0.565 0.5989583 0.5858333 0.6223958 0.60083336 0.628125 0.5975 0.6302083 0.60583335 0.64739585 0.6125 0.65 0.6141667 0.66302085 0.57416666 0.6692708 0.5566667 0.6765625 0.47833332 0.68125 0.44916666 0.6848958 0.44833332 0.684375 0.43916667 0.6979167 0.38333333 0.7125 0.39583334
9 0.315625 0.5208333 0.29947916 0.5391667 0.2890625 0.54833335 0.28802082 0.55916667 0.28333333 0.55583334 0.25260416 0.5908333 0.27916667 0.64416665 0.30677083 0.69166666 0.3328125 0.74083334 0.3484375 0.76416665 0.37083334 0.8025 0.39739582 0.75916666 0.3953125 0.75166667 0.39947918 0.7525 0.41770834 0.7266667 0.4328125 0.69666666 0.4375 0.67833334 0.4765625 0.6383333 0.48802084 0.6225 0.5140625 0.58916664 0.5395833 0.5625 0.54322916 0.5566667 0.5182292 0.5058333 0.5005208 0.4775 0.47135416 0.42416668 0.45625 0.4 0.43697917 0.37333333 0.42604166 0.35583332 0.4125 0.37416667 0.39583334 0.4 0.37447917 0.43833333 0.3546875 0.48083332 0.35 0.4925 0.3421875 0.5 0.33333334 0.50083333 0.32291666 0.51166666
9 0.4703125 0.75333333 0.459375 0.7475 0.44375 0.7441667 0.43854168 0.7391667 0.41510418 0.73083335 0.43333334 0.6958333 0.43802083 0.6775 0.47708333 0.6383333 0.5140625 0.5883333 0.5385417 0.56416667 0.54375 0.5566667 0.5286458 0.52666664 0.5140625 0.49833333 0.49322918 0.46333334 0.46302083 0.41083333 0.47135416 0.36583334 0.4765625 0.36416668 0.5125 0.38416666 0.54479164 0.40083334 0.55885416 0.40583333 0.5885417 0.41333333 0.621875 0.4275 0.63072914 0.43333334 0.615625 0.50333333 0.609375 0.505 0.61354166 0.5133333 0.6010417 0.56083333 0.59791666 0.5933333 0.590625 0.6525 0.575 0.76166666 0.56822914 0.7925 0.56354165 0.795 0.5364583 0.7841667 0.49114582 0.76666665
9 0.63385415 0.6691667 0.5953125 0.61583334 0.590625 0.65166664 0.58489585 0.68916667 0.57604164 0.75333333 0.56875 0.7916667 0.5625 0.795 0.5171875 0.7775 0.48541668 0.765 0.475 0.75666666 0.471875 0.7608333 0.45989582 0.78833336 0.46614584 0.7975 0.48697916 0.82416666 0.5338542 0.87416667 0.54322916 0.88666666 0.55260414 0.8975 0.57135415 0.905 0.5963542 0.92083335 0.6177083 0.9425 0.6223958 0.93833333 0.62291664 0.9475 0.65260416 0.9816667 0.66979164 0.945 0.6770833 0.93666667 0.68125 0.93333334 0.70208335 0.89416665 0.72447914 0.84 0.7369792 0.80583334 0.71510416 0.78 0.6979167 0.7733333 0.66614586 0.76666665 0.6328125 0.7525 0.6244792 0.7475 0.63385415 0.68833333 0.6380208 0.6741667
9 0.8354167 0.45416668 0.7682292 0.43166667 0.74114585 0.42416668 0.71197915 0.395 0.69895834 0.38166666 0.684375 0.43666667 0.684375 0.44833332 0.6802083 0.45 0.66875 0.5566667 0.6515625 0.61083335 0.6375 0.6716667 0.6296875 0.71166664 0.6244792 0.7475 0.63697916 0.755 0.6734375 0.7683333 0.7140625 0.78 0.72760415 0.78833336 0.7515625 0.78833336 0.78802085 0.81083333 0.796875 0.74 0.8109375 0.615 0.83020836 0.52416664 0.828125 0.5175 0.8328125 0.515 0.84270835 0.46
9 0.89479166 0.44333333 0.85260415 0.46 0.8520833 0.46833333 0.84791666 0.46 0.8432292 0.46333334 0.8333333 0.5133333 0.8276042 0.5175 0.8307292 0.5225 0.8119792 0.61333334 0.7953125 0.75166667 0.83229166 0.735 0.8911458 0.7083333 0.896875 0.70666665 0.8979167 0.7 0.90208334 0.70416665 0.9421875 0.68916667 0.9348958 0.6483333 0.925 0.61083335 0.9192708 0.58166665 0.9145833 0.56416667 0.9057292 0.5158333 0.8984375 0.45583335
9 0.7921875 0.048333332 0.76197916 0.019166667 0.7421875 0.0 0.59791666 0.0 0.58489585 0.0275 0.57708335 0.0475 0.59270835 0.044166666 0.60625 0.045833334 0.6109375 0.046666667 0.61302084 0.1225 0.6119792 0.165 0.63958335 0.19 0.66822916 0.21333334 0.69427085 0.235 0.7036458 0.2475 0.70885414 0.26083332 0.71302086 0.2625 0.71458334 0.26916668 0.7453125 0.30083334 0.75677085 0.27 0.76927084 0.2325 0.7838542 0.19916667 0.7875 0.175 0.8109375 0.12 0.82604164 0.0775 0.79791665 0.054166667 0.7921875 0.05666667
