15 0.7083333 0.3375 0.74427086 0.32166666 0.75572914 0.3225 0.76197916 0.3275 0.7661458 0.32916668 0.77239585 0.3325 0.77708334 0.3275 0.7807292 0.32916668 0.77916664 0.33833334 0.7734375 0.34083334 0.7734375 0.345 0.76979166 0.35 0.76458335 0.36416668 0.75625 0.37333333 0.59739584 0.45333335 0.57708335 0.465 0.5651042 0.47 0.55625 0.46583334 0.5541667 0.45833334 0.55 0.46166667 0.54583335 0.4625 0.5395833 0.46666667 0.5375 0.45916668 0.5442708 0.45083332 0.54479164 0.44583333 0.5494792 0.44083333 0.55104166 0.43166667 0.5598958 0.41666666 0.575 0.40833333 0.6119792 0.385 0.70677084 0.33833334
15 0.59583336 0.395 0.6244792 0.32666665 0.634375 0.30916667 0.63854164 0.30666667 0.64375 0.30666667 0.646875 0.30416667 0.6484375 0.30416667 0.6489583 0.29416665 0.6510417 0.29166666 0.65520835 0.29166666 0.65989584 0.29666665 0.6557292 0.30583334 0.65833336 0.31333333 0.65625 0.3175 0.6588542 0.3275 0.65833336 0.33333334 0.64635414 0.36916667 0.61145836 0.38583332
15 0.52239585 0.6175 0.51770836 0.625 0.5182292 0.62916666 0.52447915 0.635 0.52760416 0.63666666 0.53125 0.6358333 0.53020835 0.62333333 0.5328125 0.62416667 0.5375 0.61833334 0.54270834 0.61833334 0.6140625 0.44583333 0.5755208 0.46666667 0.56614584 0.47 0.5640625 0.47 0.5286458 0.5575 0.5203125 0.58916664 0.5203125 0.5991667 0.5229167 0.61 0.5229167 0.6141667
15 0.64375 0.645 0.58177084 0.5883333 0.5786458 0.5758333 0.57447916 0.56916666 0.5755208 0.56583333 0.56822914 0.56333333 0.5703125 0.55 0.5734375 0.54833335 0.57916665 0.5541667 0.5828125 0.55333334 0.584375 0.5541667 0.5885417 0.54833335 0.5953125 0.5466667 0.6484375 0.59
15 0.6421875 0.68666667 0.56822914 0.61583334 0.5609375 0.61833334 0.5572917 0.62166667 0.5546875 0.62166667 0.54895836 0.6125 0.5421875 0.62166667 0.5416667 0.62666667 0.54895836 0.62916666 0.5494792 0.6333333 0.55260414 0.64 0.553125 0.65166664 0.62083334 0.7275 0.73854166 0.8375 0.7473958 0.83 0.7515625 0.8308333 0.7552083 0.8358333 0.759375 0.8308333 0.7625 0.82 0.7609375 0.81333333 0.7546875 0.81583333 0.7526042 0.80833334 0.7505208 0.7925 0.6734375 0.7191667 0.6645833 0.73083335 0.6614583 0.7366667 0.6614583 0.75083333 0.6515625 0.7525 0.6510417 0.7391667 0.6489583 0.72833335 0.64427084 0.7175 0.64270836 0.69916666
15 0.6770833 0.67333335 0.7578125 0.7441667 0.77135414 0.74333334 0.77760416 0.745 0.78489584 0.7525 0.7875 0.7441667 0.78802085 0.7341667 0.7817708 0.73083335 0.7796875 0.72333336 0.77447915 0.70666665 0.7505208 0.675 0.73333335 0.6816667 0.72447914 0.68 0.71979165 0.67583334 0.709375 0.675 0.7036458 0.67333335 0.70729166 0.66333336 0.7114583 0.6591667 0.7140625 0.6483333 0.6802083 0.61583334
15 0.6640625 0.42083332 0.64947915 0.5783333 0.64375 0.6458333 0.6421875 0.6875 0.6432292 0.7058333 0.64427084 0.7158333 0.6484375 0.725 0.65052086 0.73833334 0.6515625 0.75083333 0.6609375 0.75 0.66197914 0.7341667 0.6723958 0.7191667 0.675 0.71166664 0.6802083 0.61583334 0.69322914 0.45333335 0.6979167 0.40333334
15 0.73072916 0.62666667 0.7046875 0.59 0.7015625 0.57666665 0.70104164 0.57166666 0.6979167 0.56666666 0.69895834 0.56 0.6927083 0.555 0.69375 0.54833335 0.69895834 0.5425 0.7026042 0.54833335 0.7057292 0.54833335 0.70885414 0.5516667 0.72239584 0.5516667 0.765625 0.6025
15 0.7609375 0.66833335 0.8546875 0.79083335 0.8588542 0.7941667 0.8671875 0.7941667 0.8703125 0.7925 0.8723958 0.79833335 0.87395835 0.8 0.8755208 0.7975 0.878125 0.80583334 0.88125 0.8075 0.88385415 0.8041667 0.88697916 0.7991667 0.8875 0.7941667 0.8822917 0.795 0.8802083 0.79083335 0.88072914 0.7825 0.8796875 0.7775 0.8765625 0.75916666 0.79375 0.6433333
15 0.7296875 0.62833333 0.7213542 0.63666666 0.71666664 0.64166665 0.7140625 0.64916664 0.7114583 0.6591667 0.70625 0.66333336 0.7036458 0.6725 0.7109375 0.67583334 0.71979165 0.675 0.72447914 0.68 0.7338542 0.68083334 0.75104165 0.675 0.79375 0.6433333 0.884375 0.58666664 0.8984375 0.5758333 0.90520835 0.56583333 0.9057292 0.5575 0.90625 0.55 0.9088542 0.54583335 0.91302085 0.5416667 0.91041666 0.53833336 0.9057292 0.53583336 0.90260416 0.535 0.89479166 0.5325 0.88697916 0.5308333 0.87916666 0.5316667 0.76458335 0.6016667 0.73072916 0.62583333
15 0.7057292 0.4 0.7661458 0.6 0.79583335 0.5825 0.79322916 0.5683333 0.7390625 0.38166666
15 0.6822917 0.34833333 0.68385416 0.3425 0.6859375 0.3425 0.6890625 0.34333333 0.68958336 0.34666666 0.68125 0.35083333
15 0.6921875 0.25916666 0.6859375 0.26166666 0.6828125 0.265 0.68385416 0.27166668 0.6859375 0.27833334 0.68333334 0.28 0.68385416 0.2875 0.6796875 0.29583332 0.6802083 0.31 0.68958336 0.34583333 0.7234375 0.33083335 0.70677084 0.28083333 0.70104164 0.27833334 0.69635415 0.2775 0.6953125 0.27333334 0.6927083 0.27333334 0.6927083 0.26083332
15 0.7671875 0.32833335 0.7369792 0.225 0.7192708 0.1725 0.71302086 0.16416667 0.709375 0.16166666 0.7015625 0.15 0.70104164 0.14666666 0.6979167 0.1475 0.69322914 0.15166667 0.690625 0.15666667 0.6958333 0.16416667 0.69635415 0.16916667 0.69635415 0.17666666 0.6947917 0.17916666 0.69322914 0.1925 0.7203125 0.29666665 0.7291667 0.32916668 0.74375 0.32166666 0.7546875 0.3225 0.76145834 0.32666665 0.7671875 0.32916668
15 0.746875 0.38083333 0.77760416 0.4875 0.78333336 0.49583334 0.7921875 0.4975 0.79322916 0.50083333 0.7953125 0.50166667 0.79479164 0.51416665 0.7973958 0.5158333 0.80572915 0.51 0.80260414 0.49916667 0.8041667 0.49416667 0.8046875 0.48333332 0.8078125 0.4725 0.77447915 0.34583333 0.7708333 0.34916666 0.7640625 0.36416668 0.75677085 0.37333333 0.74583334 0.37916666
15 0.48333332 0.62666667 0.48333332 0.6375 0.4796875 0.64916664 0.48177084 0.6533333 0.48489583 0.6558333 0.4890625 0.645 0.49375 0.6433333 0.4953125 0.6383333 0.50104165 0.6358333 0.5078125 0.62833333 0.55572915 0.465 0.55364585 0.4575 0.55052084 0.46166667 0.5463542 0.4625 0.5395833 0.46666667 0.5375 0.4575 0.54375 0.45083332 0.54479164 0.445 0.54895836 0.44083333 0.55052084 0.43083334 0.55885416 0.4175 0.56875 0.41083333 0.58489585 0.3375 0.58697915 0.3175 0.5828125 0.30166668 0.58385414 0.2825 0.57916665 0.2775 0.57708335 0.28 0.5755208 0.2925 0.5708333 0.29416665 0.56145835 0.30416667 0.48489583 0.5875 0.48125 0.605 0.48072916 0.61583334
