14 0.39114583 0.165 0.42760417 0.15333334 0.440625 0.14333333 0.45104167 0.1475 0.45520833 0.155 0.46614584 0.26083332 0.4734375 0.31916666 0.4890625 0.45 0.49114582 0.4725 0.48333332 0.4725 0.45208332 0.4375 0.4265625 0.40916666 0.4015625 0.20416667 0.40052083 0.18666667 0.39375 0.1725 0.39114583 0.16833334
14 0.17239584 0.24583334 0.1953125 0.24583334 0.21927084 0.2575 0.315625 0.245 0.37552083 0.24083333 0.40364584 0.225 0.415625 0.32083333 0.41822916 0.33916667 0.40729168 0.335 0.39375 0.32833335 0.3625 0.32666665 0.32291666 0.27166668 0.31145832 0.27666667 0.31979167 0.28833333 0.3140625 0.3 0.2984375 0.32833335 0.2890625 0.33833334 0.23541667 0.3425 0.20833333 0.34416667 0.20625 0.36 0.19947916 0.3625 0.18645833 0.36583334 0.18333334 0.36083335 0.17864583 0.2925 0.17552084 0.2625 0.17395833 0.255
14 0.36614582 0.4425 0.37708333 0.5991667 0.3828125 0.65833336 0.38541666 0.69416666 0.3921875 0.68916667 0.39322916 0.67083335 0.396875 0.665 0.41458333 0.665 0.43697917 0.6675 0.4375 0.6458333 0.42864582 0.52 0.38125 0.4625 0.37083334 0.44416666
14 0.42604166 0.40833333 0.41770834 0.33833334 0.4046875 0.33416668 0.39479166 0.32833335 0.36979166 0.3275 0.36302084 0.3275 0.4171875 0.39666668
14 0.2796875 0.37083334 0.28020832 0.36583334 0.28958333 0.33916667 0.29010418 0.3375 0.29322916 0.33416668 0.29791668 0.32833335 0.30208334 0.32166666 0.3125 0.30333334 0.31875 0.28916666 0.31979167 0.2875 0.31354168 0.28 0.31145832 0.27666667 0.32291666 0.27166668 0.34583333 0.30333334 0.36510417 0.33 0.3953125 0.36916667 0.415625 0.395 0.4171875 0.39666668 0.41927084 0.39916667 0.42135417 0.4025 0.42604166 0.40833333 0.44375 0.42833334 0.4640625 0.45083332 0.48072916 0.46916667 0.48333332 0.4725 0.49114582 0.47333333 0.496875 0.47916666 0.50104165 0.47583333 0.51354164 0.49583334 0.5078125 0.51 0.48489583 0.555 0.47291666 0.57916665 0.4671875 0.5875 0.4640625 0.58416665 0.4578125 0.57666665 0.45677084 0.57 0.45104167 0.5525 0.4421875 0.5416667 0.4328125 0.5233333 0.42708334 0.51916665 0.39166668 0.47583333 0.378125 0.45666668 0.3703125 0.44416666 0.365625 0.44166666 0.36354166 0.4375 0.33333334 0.40583333 0.30416667 0.375 0.3 0.3725 0.29635417 0.37416667 0.290625 0.37 0.28697917 0.3725 0.28229168 0.37416667
14 0.21302083 0.5708333 0.2203125 0.57166666 0.22760417 0.57916665 0.234375 0.585 0.26354167 0.58916664 0.32916668 0.59833336 0.37708333 0.60333335 0.38229167 0.66 0.3859375 0.6933333 0.3921875 0.69 0.39270833 0.6716667 0.39635417 0.6666667 0.4 0.6641667 0.43177083 0.6675 0.43697917 0.6675 0.43697917 0.6458333 0.43489584 0.61083335 0.43385416 0.5941667 0.440625 0.59583336 0.45052084 0.5975 0.45104167 0.675 0.44947916 0.7158333 0.43177083 0.7133333 0.4125 0.7 0.40260416 0.6983333 0.39427084 0.69666666 0.38020834 0.69666666 0.3734375 0.6958333 0.37135416 0.6958333 0.36822918 0.6741667 0.36354166 0.66333336 0.35520834 0.6641667 0.34947917 0.665 0.24270834 0.6458333 0.20885417 0.6383333 0.20989583 0.58916664 0.2109375 0.575
14 0.13645834 0.62 0.16822916 0.6275 0.2109375 0.63916665 0.28177083 0.6533333 0.309375 0.6566667 0.334375 0.6616667 0.35052082 0.66583335 0.36354166 0.6625 0.36927083 0.67583334 0.37135416 0.6933333 0.36927083 0.74 0.36614582 0.7683333 0.36354166 0.775 0.36041668 0.76416665 0.35 0.7583333 0.29791668 0.745 0.2125 0.72833335 0.18385416 0.7225 0.14895834 0.7158333 0.13020833 0.72083336 0.1296875 0.715 0.1265625 0.6925 0.12447917 0.6741667 0.12916666 0.65166664 0.13072917 0.6333333 0.1328125 0.62583333
14 0.17604166 0.79 0.178125 0.7758333 0.1875 0.73333335 0.1921875 0.725 0.25729167 0.73833334 0.26927084 0.7391667 0.31145832 0.74916667 0.34375 0.75666666 0.353125 0.75916666 0.36041668 0.76416665 0.36354166 0.775 0.365625 0.76916665 0.378125 0.77 0.39010417 0.7733333 0.396875 0.78 0.40364584 0.7725 0.41145834 0.7658333 0.41927084 0.76666665 0.41979167 0.7758333 0.4046875 0.8666667 0.40208334 0.8775 0.396875 0.875 0.3921875 0.8675 0.38125 0.86 0.35729167 0.8475 0.315625 0.83166665 0.2828125 0.8183333 0.24635416 0.80583334 0.22135417 0.7991667 0.2109375 0.8025 0.19166666 0.79833335 0.18125 0.795
14 0.56927085 0.28166667 0.6296875 0.27083334 0.6411458 0.2725 0.6421875 0.2975 0.634375 0.31583333 0.6354167 0.335 0.6536458 0.55916667 0.6578125 0.63166666 0.66302085 0.6325 0.66979164 0.635 0.67083335 0.6458333 0.6166667 0.65166664 0.5911458 0.6566667 0.5921875 0.64 0.5953125 0.6383333 0.596875 0.62083334 0.590625 0.5366667 0.5755208 0.37 0.57239586 0.3375 0.5677083 0.32 0.5630208 0.30583334 0.5630208 0.2975 0.56458336 0.29 0.56614584 0.28583333
14 0.53697914 0.525 0.54479164 0.52416664 0.55260414 0.5341667 0.56354165 0.54083335 0.5729167 0.5516667 0.58958334 0.555 0.59166664 0.55583334 0.5942708 0.5875 0.5963542 0.61583334 0.596875 0.62083334 0.5953125 0.6383333 0.5921875 0.64 0.59166664 0.64666665 0.584375 0.6433333 0.5546875 0.6333333 0.5390625 0.6275 0.5359375 0.62333333 0.5286458 0.6041667 0.5286458 0.5966667 0.534375 0.60333335 0.5390625 0.60333335 0.540625 0.58916664 0.540625 0.575 0.53802085 0.5516667 0.53697914 0.5416667 0.53697914 0.535 0.5364583 0.5308333
14 0.5520833 0.34916666 0.5609375 0.34666666 0.5640625 0.34833333 0.5734375 0.3525 0.57447916 0.35666665 0.57708335 0.38666666 0.5807292 0.42416668 0.5828125 0.44833332 0.5776042 0.4475 0.56927085 0.44583333 0.5578125 0.44333333 0.5520833 0.43916667 0.5520833 0.42666668 0.5651042 0.43333334 0.5640625 0.42 0.5640625 0.41333333 0.55833334 0.385 0.553125 0.35583332
14 0.70729166 0.3675 0.7453125 0.37 0.753125 0.36916667 0.759375 0.36583334 0.7651042 0.3625 0.77447915 0.35916665 0.77916664 0.35666665 0.7796875 0.3575 0.775 0.36666667 0.7734375 0.37416667 0.7729167 0.38583332 0.771875 0.40333334 0.7760417 0.435 0.778125 0.44166666 0.7828125 0.4475 0.7875 0.45416668 0.79479164 0.455 0.79375 0.45833334 0.7885417 0.46666667 0.78125 0.47166666 0.7760417 0.47 0.7640625 0.46416667 0.75625 0.46083334 0.7421875 0.46083334 0.70729166 0.45583335 0.66875 0.45333335 0.64479166 0.45166665 0.63854164 0.37916666 0.6375 0.36416668 0.6671875 0.36833334 0.6927083 0.3675
14 0.74114585 0.5966667 0.73854166 0.61333334 0.7260417 0.63416666 0.70520836 0.67333335 0.69895834 0.68583333 0.6401042 0.66 0.6119792 0.65416664 0.6140625 0.65166664 0.64479166 0.6483333 0.6635417 0.64666665 0.67083335 0.6458333 0.66979164 0.63416666 0.6625 0.6325 0.65729165 0.63166666 0.6546875 0.59166664 0.6546875 0.5808333 0.70520836 0.60083336 0.7265625 0.5991667 0.73333335 0.5991667
14 0.7546875 0.57916665 0.7729167 0.6 0.784375 0.6066667 0.7953125 0.6175 0.8015625 0.6275 0.8052083 0.63 0.803125 0.6425 0.796875 0.66083336 0.7859375 0.6641667 0.6947917 0.84583336 0.659375 0.92083335 0.653125 0.9216667 0.6484375 0.93083334 0.61875 0.905 0.59739584 0.89 0.59791666 0.87833333 0.60572916 0.86083335 0.625 0.835 0.68541664 0.71166664 0.69947916 0.68416667 0.72083336 0.645 0.73333335 0.62166667 0.73802084 0.61333334 0.7416667 0.59583336 0.74322915 0.585 0.7505208 0.5775
14 0.71458334 0.15166667 0.7317708 0.1625 0.740625 0.18416667 0.80885416 0.25666666 0.89375 0.345 0.9046875 0.35416666 0.91041666 0.36166668 0.9135417 0.38083333 0.91197914 0.40166667 0.90520835 0.42833334 0.8989583 0.45083332 0.89375 0.4625 0.8880208 0.4625 0.87395835 0.4525 0.8671875 0.44 0.8588542 0.42666668 0.80104166 0.36583334 0.74427086 0.29916668 0.7234375 0.2825 0.7125 0.27166668 0.6927083 0.26666668 0.67864585 0.26083332 0.69166666 0.22833334 0.7125 0.16583334 0.7135417 0.1625
14 0.70677084 0.09916667 0.709375 0.125 0.70989585 0.16583334 0.709375 0.17416666 0.6984375 0.20416667 0.6927083 0.22416666 0.68177086 0.25166667 0.67760414 0.2625 0.6901042 0.26416665 0.7078125 0.27 0.71197915 0.27 0.725 0.28333333 0.7317708 0.28916666 0.73645836 0.34083334 0.73802084 0.36916667 0.73125 0.36916667 0.7083333 0.3675 0.68333334 0.36833334 0.67864585 0.34833333 0.659375 0.1825 0.65260416 0.1525 0.65 0.1325 0.6578125 0.1375 0.66302085 0.15916666 0.6692708 0.15166667 0.68125 0.12666667 0.69166666 0.11333334 0.696875 0.104166664
14 0.6927083 0.4875 0.7182292 0.475 0.73802084 0.46083334 0.73333335 0.45916668 0.6984375 0.45583335 0.69427085 0.45583335 0.6947917 0.47166666 0.6927083 0.48
14 0.75989586 0.5225 0.79114586 0.55333334 0.81666666 0.5775 0.825 0.56083333 0.82708335 0.545 0.8286458 0.515 0.85052085 0.4575 0.8619792 0.4325 0.85833335 0.42666668 0.82239586 0.38916665 0.81458336 0.38 0.8020833 0.40833333 0.7921875 0.4475 0.7895833 0.45333335 0.79479164 0.455 0.79375 0.45916668 0.7885417 0.46666667 0.78229165 0.47083333 0.7796875 0.47666666 0.7729167 0.485 0.7640625 0.49666667 0.7604167 0.51
14 0.871875 0.19833334 0.909375 0.23583333 0.9328125 0.26083332 0.9328125 0.26916668 0.92552084 0.27583334 0.91614586 0.28833333 0.90833336 0.29583332 0.89739585 0.33 0.89166665 0.3425 0.84739584 0.29833335 0.84479165 0.295 0.8520833 0.2725 0.8671875 0.23916666 0.8671875 0.21333334 0.86822915 0.19833334
14 0.48333332 0.050833333 0.52552086 0.06 0.55572915 0.065 0.5578125 0.06666667 0.55572915 0.0925 0.54375 0.115833335 0.540625 0.13333334 0.525 0.40083334 0.52447915 0.41833332 0.53489584 0.42833334 0.5328125 0.44583333 0.528125 0.45666668 0.5151042 0.45416668 0.4890625 0.45 0.47083333 0.2975 0.475 0.26833335 0.48541668 0.1475 0.4875 0.115833335 0.48177084 0.0925 0.48072916 0.075 0.48072916 0.060833335
