3 0.111979164 0.043333333 0.06458333 0.1375 0.0265625 0.21166667 0.023958333 0.2325 0.033333335 0.25 0.06875 0.2875 0.10572917 0.3175 0.1375 0.34916666 0.146875 0.38 0.16614583 0.40666667 0.178125 0.41083333 0.19114584 0.40083334 0.21302083 0.35333332 0.23177083 0.30666667 0.23802084 0.265 0.2453125 0.25666666 0.25677082 0.26166666 0.26510417 0.25583333 0.26979166 0.24416667 0.26770833 0.22916667 0.25208333 0.21583334 0.23854166 0.19333333 0.203125 0.1425 0.1515625 0.0675 0.128125 0.038333334 0.11927083 0.038333334
3 0.25677082 1.0 0.23802084 0.905 0.2359375 0.8925 0.24010417 0.88 0.27864584 0.87 0.32291666 0.8575 0.36197916 0.8441667 0.38125 0.8375 0.38645834 0.8441667 0.39010417 0.85583335 0.40625 0.9375 0.409375 0.97833335 0.4078125 1.0
3 0.23385416 0.8858333 0.21302083 0.865 0.20833333 0.8566667 0.2078125 0.84583336 0.215625 0.8358333 0.2390625 0.82666665 0.23229167 0.81 0.23333333 0.78583336 0.23177083 0.7375 0.240625 0.7191667 0.259375 0.705 0.27552083 0.70166665 0.3125 0.7241667 0.38489583 0.7575 0.40416667 0.77 0.41875 0.77416664 0.4265625 0.78583336 0.42708334 0.8 0.40677083 0.88 0.4 0.90416664 0.39114583 0.8566667 0.38697916 0.8433333 0.38177082 0.83666664 0.30104166 0.86333334 0.2515625 0.87666667 0.240625 0.87833333 0.2390625 0.87833333 0.23645833 0.88916665
3 0.23125 0.7808333 0.215625 0.76916665 0.21145834 0.75 0.21666667 0.69166666 0.2375 0.5466667 0.24739583 0.5391667 0.25520834 0.5375 0.31614584 0.55833334 0.40208334 0.6066667 0.42135417 0.62166667 0.42239583 0.62833333 0.42239583 0.63666666 0.41354167 0.65166664 0.39166668 0.7 0.37916666 0.7266667 0.37864584 0.74083334 0.38697916 0.7416667 0.39322916 0.74333334 0.39583334 0.76 0.396875 0.765 0.38802084 0.7575 0.37604168 0.7525 0.325 0.72833335 0.3125 0.7225 0.2765625 0.7008333 0.25885418 0.7033333 0.23958333 0.7183333 0.23125 0.7366667 0.23229167 0.76416665 0.23229167 0.7758333
3 0.634375 0.8466667 0.60364586 0.87083334 0.5729167 0.85333335 0.48385417 0.77416664 0.47864583 0.75333333 0.478125 0.7291667 0.46666667 0.725 0.45677084 0.7125 0.47395834 0.69666666 0.5083333 0.6525 0.5260417 0.62416667 0.54583335 0.6175 0.5786458 0.62416667 0.5932292 0.6225 0.60260415 0.6508333 0.62395835 0.74 0.6140625 0.7558333 0.6067708 0.775 0.609375 0.79083335 0.6203125 0.7991667 0.63489586 0.8025 0.6375 0.825 0.64270836 0.8325 0.6390625 0.8441667
3 0.653125 0.69666666 0.64739585 0.66583335 0.65260416 0.64666665 0.671875 0.63666666 0.6901042 0.6308333 0.70989585 0.68083334 0.72760415 0.7183333 0.7494792 0.7866667 0.76354164 0.8325 0.76197916 0.8525 0.734375 0.8575 0.7203125 0.8616667 0.70208335 0.865 0.70885414 0.8775 0.7203125 0.8958333 0.7078125 0.905 0.69739586 0.8925 0.69166666 0.8725 0.6666667 0.8575 0.65520835 0.8383333 0.640625 0.8283333 0.6380208 0.825 0.6359375 0.80333334 0.6354167 0.8025 0.6203125 0.79833335 0.609375 0.79 0.60729164 0.775 0.6140625 0.7575 0.628125 0.7391667 0.65 0.7033333
3 0.7984375 0.7133333 0.7578125 0.67583334 0.7338542 0.63166666 0.7161458 0.6225 0.68854165 0.6091667 0.6869792 0.5991667 0.6875 0.585 0.71302086 0.47833332 0.7296875 0.41166666 0.73802084 0.39833334 0.75104165 0.3975 0.76666665 0.41666666 0.796875 0.43833333 0.81927085 0.4675 0.8328125 0.45833334 0.865625 0.48416665 0.87083334 0.48916668 0.8546875 0.5575 0.8130208 0.7025 0.80677086 0.71666664
3 0.95989585 0.8066667 0.95625 0.78583336 0.92552084 0.7241667 0.89270836 0.64666665 0.8953125 0.6325 0.92760414 0.555 0.946875 0.5 1.0 0.475 1.0 0.64916664 1.0 0.7683333 0.9890625 0.75916666 0.98229164 0.76166666 0.9765625 0.7916667 0.96875 0.80333334
3 0.6421875 0.00083333335 0.64166665 0.0625 0.63697916 0.08833333 0.6067708 0.061666667 0.5833333 0.04 0.57239586 0.021666666 0.56927085 0.005 0.5598958 0.004166667 0.54895836 0.0075 0.5385417 0.0
3 0.016666668 0.29166666 0.0 0.3025 0.0 0.5525 0.0 0.63166666 0.016145833 0.61083335 0.036458332 0.56166667 0.0453125 0.56 0.054166667 0.58166665 0.065625 0.60083336 0.07083333 0.59833336 0.07239583 0.555 0.07864583 0.52 0.07864583 0.4875 0.07447917 0.4475 0.059375 0.38083333 0.0421875 0.32666665 0.033333335 0.29666665 0.025 0.29166666
