14 0.1734375 0.6533333 0.17916666 0.6616667 0.184375 0.6616667 0.1953125 0.6408333 0.175 0.645 0.17135416 0.65
14 0.1234375 0.5858333 0.1359375 0.565 0.153125 0.5491667 0.14427084 0.58 0.14166667 0.5875 0.140625 0.60583335 0.123958334 0.5875
14 0.1703125 0.52666664 0.2203125 0.445 0.25677082 0.38916665 0.27864584 0.35166666 0.29583332 0.32916668 0.3140625 0.35666665 0.33385417 0.38083333 0.33489582 0.39583334 0.33125 0.40833333 0.32291666 0.40916666 0.2578125 0.5183333 0.24322917 0.5366667 0.18229167 0.55 0.16145833 0.55083334 0.153125 0.5491667 0.16822916 0.5325
14 0.14270833 0.37333333 0.20833333 0.30583334 0.24895833 0.26333332 0.26979166 0.24083333 0.2671875 0.22083333 0.27395833 0.22 0.28072917 0.25333333 0.29166666 0.28916666 0.29427084 0.29583332 0.30729166 0.29583332 0.31458333 0.29583332 0.31145832 0.3075 0.2953125 0.32916668 0.28645834 0.34166667 0.278125 0.3525 0.25052083 0.3775 0.1921875 0.43666667 0.171875 0.45833334 0.1578125 0.4775 0.15260416 0.48333332 0.15052083 0.49083334 0.1515625 0.50166667 0.15208334 0.50916666 0.15260416 0.5175 0.14270833 0.505 0.1171875 0.4575 0.10520833 0.4375 0.0921875 0.41416666 0.106770836 0.4025 0.10729167 0.405 0.11510417 0.40166667 0.1390625 0.3775
14 0.3515625 0.19333333 0.3390625 0.3425 0.33541667 0.38666666 0.33177084 0.43083334 0.32552084 0.47416666 0.32291666 0.49833333 0.32135418 0.5083333 0.32395834 0.5133333 0.32708332 0.515 0.32916668 0.50166667 0.34583333 0.50916666 0.37135416 0.51666665 0.37708333 0.5183333 0.38854167 0.52416664 0.390625 0.5283333 0.39322916 0.5175 0.38697916 0.5083333 0.38854167 0.49583334 0.38645834 0.47916666 0.39114583 0.39583334 0.39427084 0.34333333 0.4 0.29333332 0.40520832 0.2225 0.415625 0.1875 0.42135417 0.16833334 0.42083332 0.14333333 0.40052083 0.1375 0.365625 0.13083333 0.36041668 0.1275 0.353125 0.12583333 0.3515625 0.145 0.35 0.15666667 0.35208333 0.17083333 0.35364583 0.18333334 0.35208333 0.19166666
14 0.26302084 0.16833334 0.2796875 0.17916666 0.296875 0.19833334 0.3140625 0.21666667 0.3484375 0.23833333 0.33958334 0.3325 0.30677083 0.31416667 0.31145832 0.3075 0.31458333 0.29583332 0.29427084 0.29583332 0.29114583 0.2875 0.28020832 0.2525 0.27708334 0.23416667 0.27395833 0.22 0.2671875 0.22083333 0.26927084 0.24083333 0.23645833 0.27583334 0.240625 0.255 0.24947916 0.2175 0.25989583 0.17583333
14 0.39947918 0.37583333 0.42708334 0.39333335 0.44270834 0.4025 0.4453125 0.42333335 0.45 0.4175 0.45833334 0.40916666 0.459375 0.39666668 0.46875 0.36416668 0.4765625 0.3125 0.46666667 0.315 0.4515625 0.31416667 0.43854168 0.305 0.4015625 0.27916667 0.39895833 0.30083334 0.39479166 0.33833334 0.39375 0.3575 0.39270833 0.37333333
14 0.5229167 0.4025 0.59583336 0.4075 0.64947915 0.41 0.68645835 0.41083333 0.6765625 0.39333335 0.6848958 0.33916667 0.6901042 0.32416666 0.68541664 0.31833333 0.6609375 0.32083333 0.559375 0.31083333 0.4953125 0.30416667 0.48489583 0.28583333 0.48072916 0.28583333 0.47864583 0.29666665 0.47604167 0.315 0.46875 0.36416668 0.46822917 0.37833333 0.4671875 0.41166666 0.47239584 0.41166666 0.48229167 0.3975 0.49583334 0.39916667 0.5104167 0.40416667 0.5182292 0.4025
14 0.5572917 0.28666666 0.571875 0.295 0.57395834 0.29916668 0.5697917 0.31166667 0.5520833 0.31 0.55625 0.28583333
14 0.5359375 0.40583333 0.55833334 0.49833333 0.58177084 0.48333332 0.609375 0.46416667 0.603125 0.44083333 0.5953125 0.4075 0.53541666 0.40333334
14 0.58958334 0.57666665 0.6296875 0.545 0.6671875 0.51416665 0.6890625 0.49833333 0.7083333 0.48416665 0.72239584 0.475 0.7348958 0.47583333 0.7447917 0.47333333 0.75677085 0.46083334 0.7583333 0.45666668 0.74322915 0.4025 0.73072916 0.3675 0.7265625 0.36 0.70989585 0.37333333 0.71197915 0.38416666 0.70677084 0.39166668 0.6859375 0.41166666 0.62395835 0.45416668 0.60833335 0.465 0.58802086 0.47833332 0.5708333 0.49 0.5572917 0.49833333 0.5453125 0.50083333 0.5364583 0.5025 0.5338542 0.50416666 0.54270834 0.5525 0.54375 0.56416667 0.553125 0.5933333 0.55885416 0.6191667 0.56822914 0.61 0.5734375 0.5875 0.58802086 0.5783333
14 0.5796875 0.58666664 0.5833333 0.60583335 0.5864583 0.62 0.5911458 0.62916666 0.59010416 0.655 0.59010416 0.6641667 0.5953125 0.6741667 0.61302084 0.64916664 0.6302083 0.62416667 0.6380208 0.62 0.6401042 0.6408333 0.64739585 0.63666666 0.6458333 0.61583334 0.64375 0.5991667 0.6296875 0.545 0.5963542 0.57166666 0.5890625 0.57666665 0.5875 0.57916665 0.57916665 0.585
14 0.76197916 0.565 0.81875 0.505 0.846875 0.47166666 0.8703125 0.45583335 0.8875 0.45 0.896875 0.44416666 0.88125 0.41166666 0.8734375 0.39166668 0.8625 0.37 0.859375 0.34666666 0.84010416 0.36083335 0.8390625 0.36833334 0.75989586 0.45833334 0.75625 0.46166667 0.7427083 0.475 0.709375 0.51166666 0.6921875 0.53 0.678125 0.52916664 0.6723958 0.5308333 0.66614586 0.5416667 0.6828125 0.5825 0.68333334 0.5908333 0.68645835 0.59166664 0.703125 0.64166665 0.71770835 0.6325 0.7234375 0.62166667 0.7348958 0.59166664 0.75989586 0.56583333
14 0.64479166 0.545 0.6458333 0.585 0.64479166 0.6091667 0.646875 0.625 0.65 0.625 0.65989584 0.61333334 0.6796875 0.605 0.6901042 0.6025 0.68645835 0.59166664 0.68333334 0.5908333 0.6822917 0.58166665 0.66614586 0.5416667 0.67291665 0.5308333 0.678125 0.53 0.6921875 0.52916664 0.70416665 0.51666665 0.6635417 0.51666665 0.6432292 0.5341667
14 0.6828125 0.6425 0.67864585 0.69916666 0.67552084 0.7341667 0.6744792 0.75916666 0.6927083 0.7633333 0.6947917 0.7583333 0.7135417 0.75416666 0.7265625 0.75416666 0.7661458 0.76416665 0.73802084 0.68416667 0.728125 0.6566667 0.703125 0.6458333 0.68385416 0.64166665
14 0.78020835 0.6125 0.825 0.72583336 0.853125 0.8066667 0.8671875 0.8466667 0.8776042 0.85083336 0.8859375 0.86083335 0.8697917 0.87666667 0.85833335 0.88666666 0.8255208 0.92 0.815625 0.92583334 0.8140625 0.895 0.7661458 0.7625 0.72760415 0.6558333 0.7192708 0.63 0.7234375 0.6225 0.7348958 0.59166664 0.75989586 0.56583333 0.76197916 0.565 0.771875 0.555 0.7708333 0.57666665 0.7729167 0.595 0.7796875 0.6116667
14 0.81875 0.695 0.8666667 0.70916665 0.896875 0.7125 0.9015625 0.7 0.9036458 0.6958333 0.9057292 0.7 0.90625 0.72 0.90260416 0.7558333 0.9 0.8041667 0.8989583 0.81666666 0.890625 0.815 0.88854164 0.8075 0.88072914 0.79333335 0.8453125 0.7841667 0.82447916 0.7241667 0.8125 0.695
14 0.78333336 0.5975 0.83125 0.595 0.84479165 0.5966667 0.85260415 0.60583335 0.86041665 0.6116667 0.87708336 0.6075 0.8723958 0.525 0.86927086 0.50083333 0.8640625 0.4925 0.85364586 0.49083334 0.8296875 0.50916666 0.81145835 0.5133333 0.7739583 0.5516667 0.771875 0.555 0.7708333 0.57666665 0.771875 0.585 0.77239585 0.595 0.78333336 0.5991667
14 0.18333334 0.55 0.2546875 0.5341667 0.32552084 0.515 0.340625 0.51166666 0.3453125 0.50916666 0.3765625 0.5183333 0.3875 0.5233333 0.39166668 0.5733333 0.39427084 0.60583335 0.38020834 0.60583335 0.36354166 0.60833335 0.296875 0.6175 0.25364584 0.6225 0.23645833 0.62333333 0.19375 0.6408333 0.17447917 0.645 0.16197917 0.6625 0.15260416 0.67 0.14375 0.66083336 0.13854167 0.6225 0.140625 0.6041667 0.14166667 0.5883333 0.153125 0.55 0.15833333 0.55083334 0.16302083 0.55083334
