19 0.22083333 0.75916666 0.21822916 0.7575 0.21614583 0.75416666 0.21510416 0.75166667 0.21458334 0.74916667 0.2140625 0.7416667 0.21614583 0.7441667 0.2265625 0.7608333 0.22552083 0.7608333 0.2234375 0.76
19 0.32083333 0.81166667 0.2765625 0.78583336 0.30104166 0.7325 0.31510416 0.7025 0.33229166 0.6691667 0.3375 0.66 0.34114584 0.6483333 0.34270832 0.6383333 0.33854166 0.625 0.2921875 0.5625 0.29375 0.56083333 0.3359375 0.5858333 0.3765625 0.6066667 0.38333333 0.61 0.34947917 0.71166664 0.346875 0.72083336 0.346875 0.7316667 0.3484375 0.74 0.35625 0.74833333 0.3796875 0.7658333 0.38229167 0.7608333 0.38385418 0.76166666 0.384375 0.7683333 0.39895833 0.77916664 0.38854167 0.8308333 0.38385418 0.8383333 0.37916666 0.8425 0.37239584 0.84166664 0.35520834 0.83166665
19 0.5140625 0.6125 0.45104167 0.56083333 0.4484375 0.56583333 0.44583333 0.56583333 0.4453125 0.56166667 0.44635418 0.5575 0.41927084 0.53583336 0.41354167 0.535 0.40989584 0.53583336 0.40572917 0.54083335 0.40208334 0.5475 0.38020834 0.62083334 0.34947917 0.7108333 0.346875 0.72083336 0.346875 0.7316667 0.3484375 0.74 0.35625 0.74833333 0.3796875 0.7658333 0.38229167 0.7608333 0.38385418 0.76166666 0.384375 0.7683333 0.40520832 0.7841667 0.43854168 0.80916667 0.49479166 0.8566667 0.5005208 0.8616667 0.50572914 0.8625 0.5109375 0.86083335 0.5151042 0.8541667 0.52447915 0.82666665 0.5317708 0.8025 0.5651042 0.70416665 0.57135415 0.685 0.5729167 0.6775 0.5729167 0.6691667 0.5703125 0.66083336 0.5651042 0.6533333
19 0.50208336 0.49166667 0.44791666 0.47583333 0.44166666 0.46916667 0.44010416 0.45916668 0.44479167 0.4075 0.44895834 0.40666667 0.45 0.40166667 0.4453125 0.39916667 0.4578125 0.29 0.46927083 0.18916667 0.47552082 0.17666666 0.48125 0.17416666 0.48645833 0.17416666 0.50572914 0.17916666 0.60260415 0.21166667 0.61145836 0.22 0.61302084 0.225 0.6140625 0.235 0.61302084 0.24666667 0.60364586 0.31833333 0.59166664 0.44083333 0.5885417 0.44 0.5875 0.44416666 0.5885417 0.44666666 0.590625 0.44666666 0.5864583 0.49083334 0.584375 0.49833333 0.5807292 0.5058333 0.57604164 0.50916666 0.57135415 0.5108333 0.565625 0.5083333 0.53333336 0.5
19 0.30208334 0.31083333 0.3484375 0.23916666 0.353125 0.2375 0.35885417 0.23916666 0.3640625 0.24416667 0.40572917 0.3175 0.446875 0.3875 0.4453125 0.39916667 0.45 0.40166667 0.44895834 0.4075 0.44479167 0.4075 0.44010416 0.46 0.44166666 0.46916667 0.44791666 0.47583333 0.46510416 0.48083332 0.4421875 0.51166666 0.4234375 0.5391667 0.41979167 0.53583336 0.4140625 0.535 0.40989584 0.53583336 0.40572917 0.54083335 0.40208334 0.54833335 0.38854167 0.5925 0.38385418 0.5966667 0.37916666 0.5991667 0.3765625 0.5991667 0.37447917 0.5975 0.378125 0.57916665 0.40989584 0.43833333 0.41041666 0.42666668 0.4078125 0.41583332 0.40260416 0.41 0.365625 0.39166668 0.3296875 0.37083334 0.28489584 0.33583334
19 0.27291667 0.3525 0.25677082 0.3775 0.25572917 0.385 0.25625 0.3925 0.26302084 0.40666667 0.2703125 0.37166667
19 0.28072917 0.33583334 0.2765625 0.33833334 0.27395833 0.3425 0.27239582 0.355 0.2703125 0.37416667 0.25729167 0.43333334 0.24479167 0.4975 0.26614583 0.52666664 0.29270834 0.5625 0.29375 0.56083333 0.31145832 0.5708333 0.3359375 0.5858333 0.3734375 0.605 0.37864584 0.5775 0.39114583 0.52166665 0.40416667 0.46416667 0.40989584 0.43833333 0.41041666 0.43083334 0.41041666 0.42583334 0.4078125 0.41583332 0.40208334 0.40916666 0.36458334 0.39083335 0.34479168 0.37916666 0.32916668 0.37 0.30208334 0.34916666 0.284375 0.33583334 0.2828125 0.33583334
19 0.69322914 0.44083333 0.815625 0.4 0.821875 0.40333334 0.82708335 0.40916666 0.83020836 0.41583332 0.8364583 0.46333334 0.83229166 0.46916667 0.83385414 0.4725 0.8375 0.47166666 0.8453125 0.52166665 0.86822915 0.68666667 0.8677083 0.6958333 0.86145836 0.7083333 0.85520834 0.71166664 0.73125 0.74333334 0.7239583 0.7441667 0.71875 0.73833334 0.7125 0.7266667 0.6947917 0.58666664 0.6869792 0.51916665 0.69114584 0.5175 0.690625 0.5108333 0.68541664 0.5108333 0.68072915 0.4675 0.6828125 0.45166665 0.68854165 0.44333333
19 0.8921875 0.43666667 0.83385414 0.4425 0.8364583 0.46333334 0.83229166 0.46833333 0.83385414 0.4725 0.8375 0.47166666 0.853125 0.58166665 0.86822915 0.68666667 0.8677083 0.6958333 0.86145836 0.7083333 0.8546875 0.7125 0.803125 0.725 0.7864583 0.7291667 0.78541666 0.7341667 0.78697914 0.7416667 0.79010415 0.74916667 0.79322916 0.75333333 0.7963542 0.755 0.80052084 0.75666666 0.80572915 0.7575 0.83489585 0.75416666 0.8854167 0.75 0.9296875 0.7475 0.93541664 0.7425 0.9401042 0.7366667 0.9421875 0.7291667 0.94375 0.7216667 0.9421875 0.685 0.94114584 0.675 0.9380208 0.6741667 0.9359375 0.6716667 0.9369792 0.66833335 0.940625 0.6666667 0.9359375 0.62583333 0.9328125 0.605 0.93072915 0.55833334 0.9223958 0.4625 0.91979164 0.44583333 0.9171875 0.43916667 0.9125 0.435 0.9078125 0.43333334 0.8984375 0.43416667
19 0.684375 0.76416665 0.6979167 0.7008333 0.70416665 0.6616667 0.7125 0.7266667 0.71875 0.73833334 0.7239583 0.74333334 0.7317708 0.74333334 0.7484375 0.73833334 0.7864583 0.7291667 0.78541666 0.7341667 0.78697914 0.7416667 0.79010415 0.75 0.79322916 0.75333333 0.80052084 0.75666666 0.80572915 0.7575 0.821875 0.7558333 0.8385417 0.75333333 0.8645833 0.75166667 0.89375 0.74916667 0.87916666 0.83416665 0.87083334 0.8833333 0.86875 0.89 0.8640625 0.895 0.859375 0.8958333 0.8541667 0.895 0.7963542 0.8641667 0.72291666 0.8258333 0.72291666 0.8183333 0.7203125 0.81583333 0.7182292 0.82416666 0.6901042 0.80916667 0.68385416 0.8 0.68125 0.79 0.68125 0.7783333
19 0.17395833 0.51416665 0.196875 0.46833333 0.2015625 0.46166667 0.20572917 0.45833334 0.20989583 0.45833334 0.21770833 0.46083334 0.23854166 0.48833334 0.2359375 0.49416667 0.2359375 0.5 0.2390625 0.49833333 0.2421875 0.49416667 0.2578125 0.515 0.31354168 0.59166664 0.33854166 0.625 0.34270832 0.6383333 0.340625 0.64916664 0.3375 0.66 0.31458333 0.7033333 0.28802082 0.7608333 0.27083334 0.79833335 0.26770833 0.805 0.26302084 0.80833334 0.25885418 0.8075 0.25104168 0.8 0.21614583 0.7441667 0.18489583 0.705 0.16041666 0.67 0.16041666 0.66583335 0.15885417 0.6625 0.15677084 0.66333336 0.15416667 0.65833336 0.134375 0.62666667 0.1328125 0.61833334 0.13489583 0.6091667 0.13697916 0.6 0.14947917 0.5683333 0.16770834 0.5283333
