3 0.44635418 0.9691667 0.45260417 1.0 0.48541668 1.0 0.49739584 0.99083334 0.5140625 0.9825 0.5359375 0.8775 0.55 0.79333335 0.5494792 0.7783333 0.5359375 0.765 0.51927084 0.7575 0.53489584 0.7416667 0.5395833 0.72083336 0.53802085 0.7075 0.5375 0.70416665 0.49166667 0.7108333 0.5005208 0.8233333 0.49947917 0.85583335 0.49583334 0.8825 0.503125 0.91333336 0.50625 0.9658333 0.5052083 0.9775 0.49739584 0.98583335 0.49270833 0.98833334 0.47552082 0.98 0.46875 0.97583336 0.44947916 0.9683333
3 0.5161458 0.5133333 0.47760418 0.56083333 0.46666667 0.57 0.45677084 0.6191667 0.453125 0.6308333 0.4484375 0.6358333 0.43125 0.6325 0.428125 0.63416666 0.43802083 0.64666665 0.45677084 0.66333336 0.46510416 0.6691667 0.46822917 0.67 0.4828125 0.67083335 0.4890625 0.6825 0.49114582 0.68833333 0.503125 0.69166666 0.50364584 0.705 0.50572914 0.7058333 0.5385417 0.70416665 0.540625 0.72083336 0.5359375 0.74 0.5484375 0.75666666 0.5515625 0.76166666 0.5546875 0.7608333 0.56145835 0.72 0.55625 0.70666665 0.5765625 0.6775 0.5942708 0.64166665 0.6109375 0.64416665 0.6244792 0.6325 0.625 0.62833333 0.6119792 0.61583334 0.5932292 0.6066667 0.57604164 0.5933333 0.56145835 0.575 0.54583335 0.55 0.5385417 0.55583334 0.5286458 0.5725 0.5182292 0.575 0.509375 0.56333333 0.5104167 0.55 0.5140625 0.5225
3 0.5151042 0.49416667 0.52552086 0.38333333 0.5338542 0.33 0.5375 0.30833334 0.5515625 0.30583334 0.5942708 0.32166666 0.64479166 0.34416667 0.66979164 0.35583332 0.67604166 0.36416668 0.6796875 0.375 0.67552084 0.41083333 0.65833336 0.47583333 0.63697916 0.55333334 0.63697916 0.56666666 0.63958335 0.6175 0.6390625 0.62583333 0.63177085 0.62916666 0.62708336 0.62666667 0.6197917 0.62 0.6119792 0.61333334 0.59375 0.6041667 0.5755208 0.5908333 0.56041664 0.5733333 0.54583335 0.54833335 0.5359375 0.5566667 0.528125 0.56916666 0.5182292 0.5733333 0.51145834 0.56166667 0.5171875 0.5083333 0.515625 0.49833333
3 0.44427082 0.23583333 0.44947916 0.35166666 0.45729166 0.46166667 0.46302083 0.505 0.4640625 0.51 0.48385417 0.51166666 0.49114582 0.49833333 0.4953125 0.4875 0.50416666 0.46 0.50989586 0.47833332 0.5140625 0.485 0.5203125 0.44 0.52552086 0.36666667 0.5260417 0.34166667 0.5234375 0.31 0.51197916 0.27416667 0.4953125 0.2375 0.45572916 0.23583333
3 0.42239583 0.45416668 0.42395833 0.4175 0.41145834 0.35333332 0.40885416 0.3175 0.409375 0.29833335 0.4109375 0.27833334 0.42760417 0.27583334 0.4359375 0.27666667 0.4390625 0.27666667 0.44427082 0.26083332 0.446875 0.3075 0.453125 0.42 0.45416668 0.43666667 0.44947916 0.4575 0.45052084 0.4775 0.45364583 0.4875 0.4390625 0.49 0.425 0.475
3 0.40885416 0.5625 0.34947917 0.5158333 0.29479167 0.4675 0.290625 0.4525 0.2890625 0.4425 0.30052084 0.39916667 0.33385417 0.3125 0.36822918 0.23916666 0.37708333 0.21666667 0.38541666 0.2125 0.3953125 0.22083333 0.4015625 0.24166666 0.40260416 0.26 0.40833333 0.27166668 0.4171875 0.2625 0.43229166 0.26666668 0.44114584 0.27166668 0.44010416 0.27666667 0.42708334 0.275 0.41145834 0.2775 0.40885416 0.28083333 0.40729168 0.32166666 0.40989584 0.3525 0.42239583 0.4175 0.421875 0.45583335 0.42552084 0.4775 0.44114584 0.49333334 0.446875 0.4925 0.43802083 0.5341667 0.42864582 0.5575 0.421875 0.5675
3 0.30729166 0.48 0.30364582 0.4925 0.30052084 0.49333334 0.28802082 0.485 0.27760416 0.49333334 0.2765625 0.5 0.2828125 0.50916666 0.30260417 0.5475 0.3359375 0.5825 0.37916666 0.605 0.421875 0.62916666 0.42864582 0.62916666 0.4359375 0.6308333 0.44947916 0.63416666 0.453125 0.62916666 0.46822917 0.55583334 0.4703125 0.53833336 0.4546875 0.49083334 0.45208332 0.48916668 0.446875 0.48916668 0.44635418 0.49583334 0.4390625 0.535 0.43020833 0.5566667 0.421875 0.56916666 0.4046875 0.5625 0.33802083 0.5083333 0.31145832 0.48416665
3 0.1421875 0.5391667 0.07604167 0.49833333 0.036458332 0.4575 0.032291666 0.43 0.05 0.3575 0.09010417 0.24666667 0.098958336 0.24 0.11302083 0.245 0.1578125 0.285 0.18854167 0.335 0.20989583 0.35916665 0.23020834 0.37416667 0.24791667 0.40083334 0.24270834 0.43333334 0.2265625 0.46833333 0.20208333 0.5 0.1875 0.50666666 0.18385416 0.5183333 0.18958333 0.5391667 0.18177083 0.55916667 0.175 0.5708333 0.16875 0.555 0.15208334 0.5441667
3 0.16302083 0.27333334 0.19166666 0.1775 0.20885417 0.1225 0.21927084 0.108333334 0.2265625 0.1075 0.23854166 0.11083333 0.2875 0.14666666 0.32916668 0.1775 0.33645833 0.19 0.3359375 0.2025 0.3234375 0.25166667 0.2828125 0.34 0.275 0.365 0.2640625 0.37166667 0.2625 0.38 0.25885418 0.41166666 0.24895833 0.4375 0.24114583 0.4425 0.24479167 0.4275 0.24895833 0.40166667 0.23333333 0.37416667 0.20833333 0.35416666 0.18854167 0.33083335 0.159375 0.28583333
3 0.321875 0.34 0.31927082 0.34083334 0.31510416 0.34333333 0.309375 0.355 0.3046875 0.37416667 0.303125 0.39166668 0.31875 0.35083333
3 0.40989584 0.9475 0.40364584 0.9658333 0.39947918 0.9775 0.39270833 0.9825 0.38645834 0.9825 0.378125 0.97083336 0.37864584 0.95916665 0.37552083 0.91083336 0.3578125 0.80916667 0.35520834 0.7625 0.35104167 0.7183333 0.34895834 0.6875 0.35104167 0.6825 0.35625 0.68 0.415625 0.6766667 0.48333332 0.6716667 0.48958334 0.68666667 0.49166667 0.7133333 0.5 0.82416666 0.4984375 0.8616667 0.4953125 0.8833333 0.5026042 0.9141667 0.503125 0.93 0.5052083 0.9633333 0.50416666 0.9766667 0.49739584 0.985 0.49270833 0.9866667 0.47552082 0.9791667 0.46979168 0.9741667 0.43958333 0.96416664 0.43072918 0.96166664 0.42135417 0.9458333 0.41510418 0.94416666
