8 0.31041667 0.69166666 0.28020832 0.7175 0.27447918 0.7225 0.2671875 0.7366667 0.26614583 0.755 0.27447918 0.77166665 0.27708334 0.7783333 0.2875 0.7866667 0.29375 0.8066667 0.31145832 0.86583334 0.31302083 0.87 0.33802083 0.84 0.36666667 0.8125 0.37916666 0.7916667 0.40052083 0.76916665 0.40260416 0.7733333 0.40625 0.775 0.40729168 0.76916665 0.403125 0.76416665 0.41927084 0.7425 0.43072918 0.7316667 0.43645832 0.725 0.44791666 0.72 0.45416668 0.725 0.4828125 0.77416664 0.49895832 0.76 0.50885415 0.75083333 0.51197916 0.7291667 0.49895832 0.69083333 0.49114582 0.675 0.48333332 0.65416664 0.47291666 0.62583333 0.45260417 0.5758333 0.44791666 0.56916666 0.44322917 0.56666666 0.43854168 0.5675 0.43489584 0.57416666 0.41666666 0.59 0.40833333 0.6 0.40833333 0.6066667 0.40572917 0.6066667 0.40364584 0.6041667 0.37552083 0.63666666 0.35260418 0.65833336 0.334375 0.675 0.31510416 0.6875
8 0.33125 0.54 0.32760417 0.545 0.31666666 0.5733333 0.3 0.605 0.290625 0.6275 0.275 0.64166665 0.26197916 0.66083336 0.2296875 0.70666665 0.22760417 0.71666664 0.22864583 0.7325 0.234375 0.7425 0.2625 0.7841667 0.2828125 0.8225 0.30729166 0.85333335 0.2875 0.7866667 0.27760416 0.77916664 0.26614583 0.755 0.2671875 0.7375 0.27395833 0.7225 0.2796875 0.7183333 0.31197917 0.69083333 0.31510416 0.6875 0.33385417 0.67583334 0.37552083 0.63666666 0.39322916 0.61583334 0.37395832 0.5966667 0.35572916 0.575 0.35104167 0.56083333 0.3375 0.54833335
8 0.6390625 0.34166667 0.64427084 0.405 0.64947915 0.445 0.66302085 0.52916664 0.67552084 0.5425 0.6848958 0.5391667 0.7046875 0.5316667 0.71979165 0.52666664 0.7203125 0.5225 0.72083336 0.5208333 0.721875 0.5225 0.72239584 0.5258333 0.7390625 0.5183333 0.7515625 0.5125 0.7661458 0.50666666 0.78125 0.49833333 0.79322916 0.4925 0.7963542 0.49166667 0.8015625 0.49166667 0.80833334 0.49333334 0.825 0.4875 0.84583336 0.48416665 0.85833335 0.48083332 0.8640625 0.47666666 0.8677083 0.47 0.87083334 0.46 0.87135416 0.44833332 0.8677083 0.41583332 0.86354166 0.37833333 0.86354166 0.36916667 0.865625 0.34916666 0.865625 0.285 0.8619792 0.27666667 0.8578125 0.27 0.8520833 0.2675 0.821875 0.275 0.79583335 0.2825 0.78697914 0.2875 0.77135414 0.28833333 0.75364584 0.29583332 0.73333335 0.29916668 0.7015625 0.30916667 0.66979164 0.315 0.6510417 0.32 0.6432292 0.32833335
8 0.63958335 0.355 0.6354167 0.355 0.6354167 0.3625 0.63177085 0.35666665 0.6203125 0.36166668 0.61822915 0.365 0.5963542 0.37916666 0.59166664 0.38666666 0.58958334 0.4 0.58958334 0.4125 0.5942708 0.43166667 0.61302084 0.505 0.6302083 0.56083333 0.634375 0.5725 0.64479166 0.5833333 0.6536458 0.58166665 0.67864585 0.5625 0.69166666 0.55 0.69322914 0.5416667 0.69635415 0.54583335 0.7140625 0.5283333 0.6765625 0.5425 0.675 0.5425 0.66302085 0.52916664 0.65 0.44833332 0.6432292 0.4 0.6401042 0.35916665
8 0.7739583 0.24333334 0.7604167 0.2525 0.6927083 0.31083333 0.7026042 0.30833334 0.73333335 0.29916668 0.75416666 0.29583332 0.771875 0.28833333 0.7864583 0.2875 0.79583335 0.28166667 0.78697914 0.24916667 0.7807292 0.24333334
8 0.3796875 0.18833333 0.3796875 0.19333333 0.378125 0.1975 0.37552083 0.19166666 0.3359375 0.22833334 0.33125 0.2375 0.32916668 0.25166667 0.3328125 0.26833335 0.3640625 0.3475 0.39479166 0.42 0.403125 0.4275 0.4109375 0.4275 0.41979167 0.42083332 0.43020833 0.41083333 0.44791666 0.38666666 0.446875 0.37833333 0.45052084 0.37916666 0.45208332 0.38166666 0.46875 0.35916665 0.4765625 0.3475 0.49635416 0.3275 0.5072917 0.31583333 0.52239585 0.295 0.53333336 0.28666666 0.540625 0.28333333 0.5552083 0.2725 0.5651042 0.26166666 0.57395834 0.255 0.5796875 0.2525 0.58177084 0.24833333 0.5833333 0.24083333 0.5828125 0.23333333 0.5765625 0.22166666 0.57135415 0.21583334 0.5671875 0.21416667 0.5625 0.20833333 0.559375 0.2025 0.55833334 0.19166666 0.55572915 0.175 0.54895836 0.15416667 0.5416667 0.12166667 0.540625 0.11333334 0.5385417 0.093333334 0.5338542 0.0725 0.53020835 0.06666667 0.5229167 0.064166665 0.515625 0.065 0.4984375 0.08166666 0.48541668 0.095 0.47395834 0.104166664 0.46458334 0.115 0.45416668 0.13 0.45 0.13583334 0.44427082 0.14083333 0.43020833 0.15 0.39270833 0.18 0.38385418 0.18666667
8 0.3296875 0.21416667 0.31979167 0.22416666 0.31614584 0.22833334 0.31354168 0.2375 0.3125 0.24666667 0.31302083 0.25666666 0.321875 0.28166667 0.33385417 0.31416667 0.34947917 0.3575 0.3609375 0.38583332 0.371875 0.41333333 0.37864584 0.4175 0.3875 0.4175 0.3921875 0.415 0.36822918 0.3575 0.33333334 0.27 0.32916668 0.25166667 0.33177084 0.23666666 0.33541667 0.2275 0.3328125 0.22083333
8 0.5541667 0.27416667 0.5640625 0.27 0.57239586 0.2625 0.57916665 0.2525 0.575 0.255 0.5651042 0.26166666 0.5541667 0.2725
8 0.5765625 0.22 0.5651042 0.16 0.5541667 0.11083333 0.5494792 0.086666666 0.5453125 0.07 0.54114586 0.060833335 0.53802085 0.05666667 0.53229165 0.054166667 0.52708334 0.0525 0.51979166 0.05666667 0.48697916 0.07666667 0.48385417 0.079166666 0.48385417 0.083333336 0.48229167 0.0875 0.47916666 0.08416667 0.4765625 0.085 0.47135416 0.090833336 0.46510416 0.093333334 0.45625 0.09583333 0.43020833 0.115 0.4015625 0.13333334 0.34739584 0.16916667 0.34114584 0.1725 0.33385417 0.18 0.32916668 0.19166666 0.32760417 0.20166667 0.3296875 0.21416667 0.3328125 0.22 0.33541667 0.22833334 0.37552083 0.19083333 0.378125 0.1975 0.3796875 0.19416666 0.3796875 0.1925 0.3796875 0.18833333 0.38489583 0.18583333 0.3921875 0.18 0.39635417 0.17666666 0.425 0.15416667 0.43072918 0.14916667 0.44479167 0.14083333 0.45052084 0.13583334 0.46354166 0.115 0.47447917 0.104166664 0.48489583 0.09583333 0.515625 0.065 0.5229167 0.064166665 0.53020835 0.06666667 0.534375 0.0725 0.5385417 0.0925 0.54114586 0.12083333 0.54895836 0.155 0.55364585 0.17 0.55572915 0.175 0.55833334 0.19166666 0.559375 0.2025 0.5619792 0.20833333 0.5671875 0.21416667 0.57135415 0.21666667 0.5765625 0.22083333
8 0.6098958 0.49416667 0.6223958 0.55916667 0.62291664 0.56666666 0.628125 0.5758333 0.6328125 0.58 0.6411458 0.58 0.63489586 0.5733333 0.6322917 0.56666666
8 0.6901042 0.5525 0.70104164 0.54833335 0.7291667 0.5258333 0.7640625 0.5108333 0.77135414 0.50666666 0.77135414 0.50416666 0.765625 0.5075 0.76354164 0.5075 0.72552085 0.52416664 0.72239584 0.52666664 0.72239584 0.5225 0.72083336 0.5208333 0.7203125 0.5225 0.71979165 0.52666664 0.7140625 0.52916664 0.709375 0.5341667 0.69635415 0.54583335 0.69322914 0.5416667 0.69166666 0.55 0.68958336 0.5516667
8 0.43697917 0.7241667 0.41875 0.74333334 0.403125 0.76416665 0.40729168 0.76916665 0.40572917 0.775 0.403125 0.7733333 0.4 0.76916665 0.3796875 0.79083335 0.365625 0.81333333 0.33854166 0.84 0.30885416 0.87583333 0.29114583 0.89916664 0.28177083 0.9191667 0.27916667 0.9375 0.28385416 0.9558333 0.29947916 0.97333336 0.31510416 0.9816667 0.31822917 0.99 0.32083333 1.0 0.415625 1.0 0.43489584 0.9725 0.47552082 0.93083334 0.48229167 0.9191667 0.48645833 0.82166666 0.48854166 0.7841667 0.484375 0.7775 0.4625 0.74 0.45416668 0.7241667 0.44739583 0.72
