16 0.7369792 0.40583333 0.7708333 0.33583334 0.8 0.28583333 0.81145835 0.2625 0.8541667 0.30166668 0.896875 0.33916667 0.93541664 0.37583333 0.96458334 0.40666667 0.9515625 0.4375 0.92552084 0.48583335 0.90416664 0.53583336 0.86354166 0.6175 0.83125 0.695 0.8125 0.6983333 0.8046875 0.6925 0.79114586 0.7008333 0.7984375 0.75666666 0.7807292 0.74 0.73125 0.685 0.71510416 0.6575 0.7057292 0.64916664 0.68854165 0.6433333 0.68177086 0.6358333 0.68177086 0.625 0.68125 0.61 0.68072915 0.5775 0.6875 0.5516667 0.69322914 0.5308333 0.7015625 0.5175 0.70729166 0.5083333 0.70989585 0.48583335 0.73072916 0.43166667 0.7338542 0.4175
1 0.62604165 0.43333334 0.6244792 0.45166665 0.625 0.4675 0.615625 0.4975 0.6010417 0.5416667 0.5854167 0.5941667 0.57135415 0.64416665 0.5625 0.68 0.56041664 0.68916667 0.5442708 0.70166665 0.53489584 0.7108333 0.5359375 0.7216667 0.5453125 0.72333336 0.5515625 0.7191667 0.57916665 0.74583334 0.59270835 0.76166666 0.628125 0.805 0.6359375 0.78833336 0.64166665 0.74333334 0.6401042 0.72 0.665625 0.6508333 0.68072915 0.60083336 0.68072915 0.5775 0.69322914 0.5316667 0.70729166 0.50916666 0.69427085 0.48083332 0.6958333 0.5058333 0.6734375 0.49 0.65520835 0.47083333 0.634375 0.4425
2 0.7916667 0.995 0.80677086 0.96666664 0.8234375 0.92083335 0.83958334 0.8858333 0.8296875 0.87583333 0.8151042 0.8591667 0.7895833 0.8325 0.7 0.73583335 0.65208334 0.68833333 0.6401042 0.72 0.64166665 0.7425 0.6359375 0.78833336 0.628125 0.805 0.59270835 0.76166666 0.5484375 0.8691667 0.53489584 0.89916664 0.5671875 0.9425 0.609375 0.98083335 0.6244792 0.99833333 0.7838542 0.99833333
4 0.34427083 0.325 0.3703125 0.34333333 0.3765625 0.35416666 0.37447917 0.37083334 0.36822918 0.39833334 0.35416666 0.4675 0.34895834 0.49333334 0.3453125 0.51 0.34635416 0.5275 0.35104167 0.54333335 0.35625 0.55333334 0.36145833 0.57416666 0.36510417 0.59583336 0.3640625 0.6225 0.35364583 0.66 0.34166667 0.6791667 0.32239583 0.69666666 0.303125 0.7025 0.28697917 0.7008333 0.271875 0.6875 0.25729167 0.67 0.2453125 0.64166665 0.24010417 0.6175 0.24010417 0.5925 0.2421875 0.56916666 0.2484375 0.5475 0.2578125 0.5283333 0.26822916 0.515 0.28229168 0.50333333 0.29635417 0.49 0.30833334 0.43833333 0.32291666 0.36666667 0.33020833 0.33166668 0.3375 0.3225
15 0.48177084 0.75666666 0.4953125 0.75333333 0.49166667 0.73083335 0.49583334 0.71166664 0.48229167 0.6566667 0.45885417 0.56166667 0.4375 0.46333334 0.42291668 0.41 0.4140625 0.39833334 0.40416667 0.39083335 0.403125 0.38 0.3921875 0.38583332 0.3921875 0.39166668 0.39583334 0.40083334 0.39739582 0.40833333 0.39270833 0.42166665 0.3953125 0.445 0.40677083 0.48416665 0.42291668 0.55083334 0.453125 0.6791667 0.4671875 0.73333335 0.4796875 0.74083334
20 0.1890625 0.19166666 0.1984375 0.19166666 0.21770833 0.20666666 0.246875 0.22083333 0.2703125 0.23916666 0.309375 0.26833335 0.33177084 0.28416666 0.34166667 0.30083334 0.33802083 0.3175 0.33020833 0.32833335 0.31458333 0.40833333 0.3078125 0.42166665 0.29895833 0.45166665 0.27916667 0.505 0.26822916 0.515 0.259375 0.5258333 0.24947916 0.545 0.2421875 0.56916666 0.2390625 0.5941667 0.23958333 0.6166667 0.24479167 0.6408333 0.25416666 0.6625 0.25416666 0.6725 0.23645833 0.7525 0.215625 0.80916667 0.20364584 0.8441667 0.153125 0.8233333 0.1265625 0.81416667 0.1015625 0.79833335 0.06666667 0.775 0.061458334 0.75416666 0.067708336 0.72583336 0.083333336 0.68 0.100520834 0.63416666 0.11302083 0.595 0.12083333 0.5733333 0.12708333 0.5625 0.1296875 0.54583335 0.13020833 0.5308333 0.12760417 0.50666666 0.12552084 0.48916668 0.12708333 0.475 0.13645834 0.4325 0.15833333 0.32 0.18020834 0.225 0.18489583 0.1975
11 0.13385417 0.8575 0.14791666 0.91333336 0.17760417 0.8908333 0.21354167 0.86833334 0.26041666 0.8333333 0.29114583 0.8183333 0.26770833 0.7241667 0.25208333 0.68 0.2359375 0.7525 0.215625 0.8075 0.203125 0.8425 0.165625 0.82916665 0.123958334 0.81333333 0.13177083 0.84833336
11 0.09791667 0.59583336 0.07604167 0.59583336 0.0734375 0.59833336 0.0734375 0.61583334 0.07760417 0.6433333 0.0859375 0.67333335 0.09947917 0.6358333 0.11145833 0.60083336 0.10104167 0.5966667
4 0.11770833 0.5108333 0.1125 0.49666667 0.10208333 0.475 0.0984375 0.46333334 0.1 0.44916666 0.11145833 0.43666667 0.125 0.425 0.14114584 0.40916666 0.13333334 0.44833332 0.12708333 0.475 0.125 0.48833334 0.128125 0.5133333 0.12447917 0.515 0.1203125 0.5133333
10 0.41614583 0.36583334 0.44635418 0.36083335 0.459375 0.35666665 0.4609375 0.34666666 0.46875 0.33833334 0.48385417 0.33583334 0.49635416 0.32833335 0.52239585 0.30583334 0.53489584 0.3025 0.54270834 0.30666667 0.55 0.32 0.55052084 0.34333333 0.5463542 0.35666665 0.54010415 0.365 0.5359375 0.3675 0.53489584 0.375 0.53541666 0.38416666 0.5463542 0.3925 0.5546875 0.40166667 0.56822914 0.42166665 0.5786458 0.44416666 0.59375 0.4725 0.5942708 0.49166667 0.59166664 0.50333333 0.5859375 0.5108333 0.56822914 0.52166665 0.5494792 0.52916664 0.52447915 0.54583335 0.51770836 0.54583335 0.51458335 0.54333335 0.509375 0.54583335 0.503125 0.555 0.46458334 0.5858333 0.4375 0.46333334 0.42291668 0.41 0.4140625 0.39833334 0.40416667 0.39083335 0.403125 0.38 0.39166668 0.385 0.3921875 0.39166668 0.3953125 0.40166667 0.396875 0.40833333 0.39270833 0.42083332 0.3953125 0.445 0.40677083 0.48416665 0.434375 0.5991667 0.43333334 0.605 0.40364584 0.62416667 0.3921875 0.6225 0.38385418 0.615 0.36770833 0.5566667 0.36458334 0.5416667 0.36458334 0.5283333 0.35416666 0.4675 0.36979166 0.3925 0.39114583 0.37666667 0.40833333 0.36833334
1 0.996875 0.7733333 0.9453125 0.8 0.9010417 0.8275 0.86041665 0.8408333 0.8421875 0.8616667 0.83020836 0.87583333 0.8151042 0.8591667 0.81041664 0.8333333 0.7973958 0.74666667 0.7921875 0.7008333 0.8046875 0.69166666 0.8130208 0.6983333 0.84791666 0.6925 0.928125 0.6475 0.9734375 0.6275 0.996875 0.6166667 0.996875 0.7608333
