19 0.3890625 0.22666667 0.39479166 0.24833333 0.39947918 0.25583333 0.40260416 0.25833333 0.409375 0.25833333 0.4140625 0.2575 0.4375 0.24083333 0.43697917 0.23333333 0.43854168 0.23166667 0.440625 0.2325 0.44166666 0.23666666 0.50989586 0.1875 0.55104166 0.15916666 0.5619792 0.15166667 0.5619792 0.14666666 0.56666666 0.14 0.5671875 0.13416667 0.5671875 0.1225 0.55260414 0.07333333 0.5421875 0.04083333 0.5317708 0.0 0.421875 0.0 0.3921875 0.0225 0.39322916 0.064166665 0.39479166 0.1175 0.39635417 0.15916666 0.39895833 0.205 0.39635417 0.21083333 0.39166668 0.22 0.38802084 0.225
19 0.35677084 0.23833333 0.3609375 0.24 0.36354166 0.24333334 0.39739582 0.29833335 0.41770834 0.33416668 0.38541666 0.36833334 0.34791666 0.40583333 0.34166667 0.4025 0.33854166 0.40333334 0.334375 0.405 0.30364582 0.42583334 0.28333333 0.43916667 0.26510417 0.41 0.2609375 0.39916667 0.26041666 0.3925 0.26041666 0.3875 0.26354167 0.3775 0.265625 0.375 0.27135417 0.36833334 0.32604167 0.28166667 0.35 0.24 0.35364583 0.23833333
19 0.25520834 0.42333335 0.25104168 0.42333335 0.24791667 0.42416668 0.24322917 0.4325 0.23489584 0.45583335 0.23177083 0.47083333 0.27864584 0.4425 0.26041666 0.425
19 0.22552083 0.475 0.221875 0.47916666 0.22083333 0.48333332 0.21979167 0.49083334 0.2203125 0.49916667 0.234375 0.56083333 0.25208333 0.63 0.26666668 0.69166666 0.26979166 0.69083333 0.27239582 0.69166666 0.27239582 0.695 0.26822916 0.6983333 0.2765625 0.7391667 0.28177083 0.74916667 0.28645834 0.75333333 0.29375 0.75333333 0.33489582 0.7291667 0.37395832 0.705 0.346875 0.65 0.3203125 0.5941667 0.31979167 0.59166664 0.31927082 0.58416665 0.31979167 0.5783333 0.32135418 0.5725 0.37395832 0.505 0.36770833 0.4775 0.35989583 0.44583333 0.35104167 0.41416666 0.34791666 0.40583333 0.34166667 0.4025 0.33802083 0.40333334 0.334375 0.40416667 0.31458333 0.41833332 0.28333333 0.43916667 0.2828125 0.43916667 0.27864584 0.4425 0.26979166 0.4475 0.2453125 0.4625 0.23072916 0.47166666
19 0.21927084 0.51416665 0.203125 0.55833334 0.190625 0.59583336 0.18958333 0.6025 0.18958333 0.61083335 0.190625 0.61583334 0.19375 0.6225 0.21197917 0.6408333 0.26302084 0.675 0.25208333 0.6308333 0.2421875 0.59166664 0.23541667 0.565 0.2296875 0.54 0.221875 0.5058333
19 0.32916668 0.73583335 0.3375 0.74333334 0.3421875 0.74333334 0.34739584 0.7425 0.3515625 0.7391667 0.35572916 0.7275 0.35833332 0.715 0.3265625 0.7341667
19 0.37447917 0.7058333 0.40364584 0.765 0.40729168 0.7608333 0.409375 0.76166666 0.409375 0.76416665 0.40572917 0.7708333 0.4234375 0.8066667 0.42916667 0.81333333 0.43489584 0.815 0.43802083 0.815 0.44270834 0.81166667 0.47864583 0.7658333 0.5364583 0.69166666 0.54322916 0.68 0.5442708 0.67 0.54375 0.665 0.53802085 0.65416664 0.521875 0.6225 0.51770836 0.62333333 0.5182292 0.61583334 0.5130208 0.60583335 0.48125 0.5425 0.45989582 0.49916667 0.43645832 0.45 0.43177083 0.44416666 0.42864582 0.4425 0.4234375 0.4425 0.41927084 0.44416666 0.39375 0.4775 0.3671875 0.5133333 0.35052082 0.535 0.32760417 0.56416667 0.32135418 0.5725 0.31979167 0.5783333 0.31927082 0.58166665 0.31927082 0.58416665 0.31979167 0.5925 0.3203125 0.5941667 0.3328125 0.62166667 0.34322917 0.6425 0.3609375 0.67833334 0.37395832 0.7058333
19 0.42916667 0.8175 0.43177083 0.82916665 0.43541667 0.8375 0.44322917 0.8425 0.47135416 0.83416665 0.48645833 0.8283333 0.5140625 0.81333333 0.5677083 0.7891667 0.56875 0.7825 0.57239586 0.7866667 0.5796875 0.78583336 0.6010417 0.7733333 0.60729164 0.765 0.6088542 0.7558333 0.60729164 0.7416667 0.59479165 0.68416667 0.58177084 0.6166667 0.57395834 0.5733333 0.57135415 0.5675 0.5677083 0.56 0.5619792 0.55916667 0.52916664 0.5733333 0.528125 0.58166665 0.5239583 0.57666665 0.5083333 0.585 0.503125 0.5858333 0.51770836 0.61583334 0.51770836 0.62333333 0.52135414 0.6225 0.5239583 0.62666667 0.54322916 0.6641667 0.5442708 0.66833335 0.5442708 0.67333335 0.54322916 0.68 0.53697914 0.6925 0.49739584 0.7416667 0.46510416 0.7825 0.44270834 0.81166667 0.4375 0.815 0.42916667 0.81333333
19 0.5520833 0.50166667 0.521875 0.50916666 0.5208333 0.5158333 0.51666665 0.5133333 0.48333332 0.5466667 0.5026042 0.5858333 0.503125 0.5858333 0.50885415 0.585 0.5239583 0.57666665 0.528125 0.58166665 0.5286458 0.5733333 0.56145835 0.55916667 0.5630208 0.55916667 0.56822914 0.56 0.56822914 0.55583334 0.56822914 0.5441667 0.5630208 0.51 0.559375 0.50416666 0.55625 0.50166667
19 0.49322918 0.38333333 0.52916664 0.47166666 0.53125 0.4825 0.53125 0.49 0.53020835 0.49583334 0.5239583 0.50666666 0.51458335 0.515 0.48333332 0.5466667 0.46666667 0.5133333 0.440625 0.45916668 0.4359375 0.45 0.43177083 0.44416666 0.42916667 0.4425 0.4234375 0.4425 0.41927084 0.44416666 0.40833333 0.45833334 0.39166668 0.47916666 0.3734375 0.505 0.36875 0.4825 0.365625 0.46916667 0.35989583 0.44583333 0.3515625 0.415 0.34791666 0.40583333 0.35989583 0.39416668 0.38645834 0.3675 0.425 0.32583332 0.44375 0.305 0.45208332 0.30166668 0.45729166 0.30333334 0.46510416 0.31
19 0.24947916 0.0 0.24947916 0.006666667 0.25520834 0.008333334 0.2546875 0.01 0.25260416 0.013333334 0.25 0.014166667 0.253125 0.0575 0.25416666 0.0675 0.25364584 0.115833335 0.2546875 0.16333333 0.25625 0.20666666 0.25729167 0.22083333 0.25885418 0.22916667 0.2609375 0.23333333 0.2671875 0.23666666 0.3828125 0.225 0.38802084 0.22416666 0.3921875 0.21916667 0.39583334 0.21166667 0.3984375 0.205 0.39635417 0.15416667 0.39322916 0.064166665 0.39166668 0.0
