12 0.38854167 0.45666668 0.46041667 0.49 0.49114582 0.50166667 0.5265625 0.5233333 0.59583336 0.5675 0.6166667 0.5833333 0.61875 0.58916664 0.61510414 0.61083335 0.60364586 0.65 0.59270835 0.6816667 0.584375 0.7008333 0.578125 0.6983333 0.52552086 0.6641667 0.490625 0.64666665 0.47864583 0.6458333 0.44479167 0.6141667 0.3953125 0.595 0.38385418 0.5925 0.36875 0.5975 0.37239584 0.5575 0.37291667 0.5416667 0.37291667 0.5325 0.3765625 0.5233333 0.375 0.5183333 0.3796875 0.5083333 0.378125 0.50166667 0.38125 0.495 0.38072917 0.49166667 0.3828125 0.48083332 0.38489583 0.47916666 0.384375 0.47083333 0.3859375 0.4625 0.38645834 0.46
12 0.53125 0.6741667 0.51927084 0.7183333 0.4609375 0.67083335 0.38489583 0.60833335 0.37135416 0.5975 0.38333333 0.5925 0.42708334 0.6075 0.4453125 0.6141667 0.478125 0.645 0.49166667 0.64666665 0.5296875 0.6666667
12 0.34114584 0.41583332 0.35208333 0.42166665 0.37708333 0.45166665 0.3859375 0.45916668 0.3859375 0.46083334 0.384375 0.46916667 0.38541666 0.47916666 0.38333333 0.47916666 0.38072917 0.49166667 0.38125 0.49416667 0.378125 0.50166667 0.3796875 0.50916666 0.37447917 0.5175 0.3765625 0.52416664 0.37291667 0.5325 0.37239584 0.56166667 0.36875 0.5966667 0.37447917 0.6 0.36614582 0.6016667 0.32760417 0.5825 0.30885416 0.5733333 0.3015625 0.56583333 0.30572918 0.54583335 0.328125 0.47416666 0.340625 0.42
12 0.30520833 0.33 0.3765625 0.37416667 0.46354166 0.42083332 0.4828125 0.43333334 0.5359375 0.46166667 0.5203125 0.5175 0.48854166 0.5 0.46302083 0.49083334 0.39270833 0.4575 0.3890625 0.4575 0.38645834 0.46 0.36666667 0.43833333 0.35104167 0.42083332 0.34114584 0.41666666 0.33177084 0.45916668 0.31614584 0.51166666 0.3125 0.525 0.28385416 0.5108333 0.27135417 0.505 0.27135417 0.495 0.27447918 0.4875 0.27447918 0.47916666 0.2765625 0.47333333 0.2765625 0.465 0.2796875 0.46 0.2828125 0.44166666 0.3015625 0.34333333 0.303125 0.33083335
12 0.33333334 0.17083333 0.41145834 0.10916667 0.44479167 0.06666667 0.49479166 0.0125 0.50989586 0.0 0.5385417 0.0 0.54270834 0.029166667 0.55572915 0.061666667 0.5671875 0.105 0.5671875 0.11 0.496875 0.100833334 0.48958334 0.100833334 0.48802084 0.105 0.48541668 0.20583333 0.42135417 0.26166666 0.37447917 0.30666667 0.37083334 0.30583334 0.34427083 0.22583333 0.33177084 0.17666666
12 0.61145836 0.085 0.703125 0.07333333 0.7916667 0.04916667 0.79322916 0.055 0.79895836 0.13916667 0.80104166 0.2275 0.75364584 0.23166667 0.734375 0.23333333 0.7192708 0.23583333 0.72447914 0.119166665 0.72291666 0.1175 0.6880208 0.1175 0.634375 0.119166665 0.56822914 0.11 0.56875 0.095 0.57395834 0.0925
12 0.5265625 0.27833334 0.6015625 0.27416667 0.6567708 0.27916667 0.7046875 0.29416665 0.7182292 0.2925 0.7203125 0.2875 0.71875 0.2325 0.7239583 0.13583334 0.7239583 0.12083333 0.72239584 0.11833333 0.6765625 0.1175 0.6401042 0.119166665 0.63072914 0.119166665 0.5677083 0.10916667 0.50885415 0.1025 0.49895832 0.100833334 0.490625 0.100833334 0.48802084 0.104166664 0.48489583 0.21 0.48125 0.28 0.48385417 0.28416666 0.5151042 0.27916667
12 0.65416664 0.33 0.696875 0.34 0.78697914 0.3625 0.7890625 0.37083334 0.7875 0.40916666 0.77760416 0.49666667 0.7734375 0.5258333 0.7739583 0.54 0.76927084 0.5391667 0.68333334 0.5075 0.66822916 0.5 0.61875 0.495 0.55052084 0.485 0.54322916 0.475 0.5494792 0.3925 0.55885416 0.3075 0.5734375 0.30666667 0.60520834 0.31416667
12 0.52447915 0.7275 0.54895836 0.7425 0.56354165 0.75166667 0.5630208 0.77 0.55260414 0.8125 0.53541666 0.86833334 0.52447915 0.8958333 0.521875 0.89416665 0.48697916 0.86833334 0.46770832 0.8525 0.4421875 0.8258333 0.41145834 0.7991667 0.39583334 0.7925 0.371875 0.77166665 0.34375 0.74666667 0.30989584 0.7175 0.30885416 0.7083333 0.3125 0.68916667 0.32916668 0.63666666 0.33645833 0.615 0.33697918 0.6091667 0.34166667 0.60333335 0.34010416 0.5908333 0.3421875 0.5908333 0.36666667 0.6025 0.37395832 0.6 0.39895833 0.6191667 0.44583333 0.65833336 0.51979166 0.7191667
12 0.4859375 0.87166667 0.46302083 0.91583335 0.4484375 0.93833333 0.41354167 0.89416665 0.3921875 0.8525 0.35052082 0.80833334 0.334375 0.79083335 0.31822917 0.77416664 0.2609375 0.70916665 0.25885418 0.705 0.27447918 0.6716667 0.30989584 0.595 0.32083333 0.58 0.34010416 0.58916664 0.34166667 0.6041667 0.33697918 0.60833335 0.3359375 0.615 0.3140625 0.68333334 0.309375 0.705 0.30885416 0.7075 0.30989584 0.7183333 0.3421875 0.745 0.3921875 0.79083335 0.41041666 0.7991667 0.446875 0.8308333 0.46822917 0.85333335 0.48541668 0.8675
12 0.6276042 0.60833335 0.7416667 0.595 0.7734375 0.5808333 0.821875 0.5833333 0.8286458 0.5941667 0.83020836 0.6016667 0.8265625 0.6166667 0.82447916 0.6875 0.8255208 0.75666666 0.784375 0.7625 0.74375 0.7583333 0.7234375 0.755 0.6432292 0.7625 0.59479165 0.77 0.59375 0.68 0.60833335 0.635 0.615625 0.60833335
