14 0.19947916 0.50916666 0.1640625 0.5183333 0.116145834 0.5325 0.0875 0.5391667 0.08177083 0.5375 0.078125 0.5475 0.0734375 0.53583336 0.086979166 0.52666664 0.084895834 0.52166665 0.0890625 0.5175 0.084895834 0.5133333 0.07760417 0.5025 0.0703125 0.48583335 0.0609375 0.45916668 0.059895832 0.46416667 0.05625 0.45916668 0.057291668 0.44916666 0.06302083 0.4425 0.069270834 0.44166666 0.10729167 0.44166666 0.17760417 0.41666666 0.20677084 0.41083333 0.23645833 0.40166667 0.2640625 0.39416668 0.26614583 0.44916666 0.27083334 0.455 0.275 0.45166665 0.278125 0.44333333 0.284375 0.44 0.2921875 0.43666667 0.303125 0.43083334 0.309375 0.45416668 0.31354168 0.48666668 0.30364582 0.48916668 0.30208334 0.485 0.23645833 0.49916667
14 0.22291666 0.50666666 0.2203125 0.5308333 0.20989583 0.5325 0.20572917 0.5316667 0.19583334 0.5233333 0.17604166 0.5158333 0.21770833 0.50416666 0.2234375 0.5025
14 0.14427084 0.6041667 0.1625 0.6041667 0.16197917 0.565 0.16145833 0.54 0.15833333 0.55083334 0.15885417 0.57166666 0.15729167 0.58 0.1515625 0.5875 0.14739583 0.59833336
14 0.16458334 0.63916665 0.1625 0.5975 0.16197917 0.5391667 0.15989584 0.51916665 0.17552084 0.5158333 0.19635417 0.52416664 0.20625 0.5325 0.20885417 0.53333336 0.22083333 0.5308333 0.325 0.53583336 0.36145833 0.54 0.3796875 0.5391667 0.39739582 0.5258333 0.40260416 0.52666664 0.40520832 0.5525 0.4015625 0.5516667 0.39895833 0.55833334 0.40052083 0.65 0.3953125 0.6525 0.390625 0.6575 0.3890625 0.6483333 0.38541666 0.63916665 0.38072917 0.6325 0.37447917 0.6325 0.334375 0.62833333 0.2421875 0.62416667 0.21614583 0.62416667 0.209375 0.6191667 0.20208333 0.62416667 0.18802084 0.62666667 0.18489583 0.6375 0.18125 0.6383333 0.16979167 0.64
14 0.3265625 0.4325 0.33229166 0.4925 0.33333334 0.5075 0.33802083 0.52166665 0.3421875 0.5375 0.32552084 0.535 0.28072917 0.5341667 0.278125 0.51 0.27916667 0.49916667 0.27760416 0.49 0.30260417 0.485 0.30416667 0.48916668 0.31354168 0.48666668 0.30885416 0.4525 0.3046875 0.43166667 0.3265625 0.42833334
14 0.259375 0.32666665 0.2640625 0.39416668 0.26614583 0.44916666 0.26979166 0.45416668 0.275 0.45333335 0.278125 0.44333333 0.303125 0.43083334 0.32604167 0.42833334 0.43645832 0.425 0.46041667 0.42083332 0.465625 0.4275 0.46927083 0.42583334 0.48072916 0.43916667 0.5015625 0.43833333 0.496875 0.3275 0.47916666 0.31833333 0.46458334 0.33333334 0.45833334 0.3375 0.30625 0.33833334 0.29427084 0.3425 0.28645834 0.34333333 0.265625 0.32416666 0.25989583 0.32416666
14 0.24583334 0.19416666 0.28802082 0.17833333 0.30729166 0.16833334 0.3078125 0.19416666 0.31041667 0.19666667 0.30885416 0.20666666 0.30520833 0.21583334 0.3109375 0.245 0.30885416 0.25583333 0.31822917 0.33833334 0.30572918 0.33833334 0.2859375 0.34333333 0.26666668 0.32416666 0.2609375 0.32416666 0.25729167 0.28166667 0.25833333 0.28083333 0.25729167 0.27083334 0.25677082 0.24333334 0.25208333 0.23583333 0.24635416 0.22 0.24270834 0.2075
14 0.33229166 0.335 0.33489582 0.32416666 0.3390625 0.315 0.34479168 0.30916667 0.34947917 0.30666667 0.3546875 0.31166667 0.35885417 0.32833335 0.3921875 0.31333333 0.39635417 0.3175 0.4 0.32416666 0.39114583 0.33083335 0.39166668 0.33833334 0.33229166 0.33833334
14 0.39166668 0.44 0.39114583 0.49583334 0.39166668 0.5308333 0.37916666 0.54 0.35729167 0.54 0.34270832 0.53833336 0.33854166 0.5225 0.3328125 0.5075 0.33177084 0.42916667 0.3921875 0.4275
14 0.18020834 0.77666664 0.17135416 0.7825 0.16354166 0.7891667 0.16354166 0.7966667 0.15520833 0.7975 0.15572916 0.76666665 0.14947917 0.72333336 0.15052083 0.69166666 0.15208334 0.675 0.159375 0.67333335 0.165625 0.6775 0.16510417 0.68583333 0.28385416 0.65416664 0.34114584 0.6383333 0.34635416 0.63666666 0.35520834 0.63166666 0.359375 0.6308333 0.3609375 0.63916665 0.36822918 0.64 0.36979166 0.66583335 0.37395832 0.685 0.38072917 0.74083334 0.36302084 0.7416667 0.3578125 0.72833335 0.34635416 0.7216667 0.2359375 0.76 0.18697916 0.7725
14 0.23697917 0.8183333 0.23177083 0.8183333 0.22395833 0.7633333 0.2390625 0.76 0.34635416 0.7216667 0.3578125 0.72833335 0.36302084 0.7425 0.37135416 0.74083334 0.32135418 0.7633333 0.26666668 0.79 0.25625 0.7941667 0.25 0.8 0.24375 0.80583334 0.24010417 0.80833334
14 0.33125 0.6383333 0.33125 0.6333333 0.33177084 0.62833333 0.35572916 0.6308333 0.34583333 0.63666666 0.33125 0.6408333
14 0.37395832 0.67 0.38072917 0.67083335 0.3875 0.67083335 0.39010417 0.67 0.39270833 0.6558333 0.39114583 0.65833336 0.38958332 0.6483333 0.38645834 0.64166665 0.38072917 0.6333333 0.371875 0.6333333 0.35989583 0.63166666 0.3609375 0.63916665 0.36875 0.64 0.36979166 0.66583335 0.37239584 0.6691667
14 0.403125 0.6408333 0.409375 0.6375 0.41614583 0.625 0.42447916 0.6166667 0.42239583 0.615 0.43177083 0.61083335 0.43229166 0.62583333 0.4390625 0.69166666 0.44322917 0.71 0.44427082 0.7316667 0.43802083 0.7316667 0.43645832 0.7183333 0.43385416 0.71666664 0.42916667 0.7216667 0.40625 0.72583336 0.38020834 0.7375 0.37604168 0.7033333 0.37395832 0.68666667 0.37083334 0.6675 0.3734375 0.67083335 0.39010417 0.67083335 0.39322916 0.6558333 0.3953125 0.65166664 0.40052083 0.65 0.4015625 0.6433333
14 0.49947917 0.33583334 0.5161458 0.30416667 0.52447915 0.29333332 0.52916664 0.29083332 0.54322916 0.30583334 0.54479164 0.33166668 0.5598958 0.35 0.6713542 0.53333336 0.678125 0.5391667 0.69739586 0.5491667 0.6901042 0.555 0.6921875 0.56416667 0.6984375 0.575 0.6796875 0.605 0.66822916 0.6308333 0.659375 0.655 0.6515625 0.6475 0.6432292 0.6358333 0.6390625 0.6191667 0.6322917 0.60083336 0.6265625 0.58916664 0.6067708 0.5566667 0.58229166 0.5225 0.5229167 0.42083332 0.51770836 0.41416666 0.5 0.40166667 0.49791667 0.3375
14 0.596875 0.62166667 0.6140625 0.56916666 0.6276042 0.59 0.63958335 0.62 0.6432292 0.63666666 0.6510417 0.6475 0.65989584 0.655 0.66770834 0.63166666 0.6796875 0.605 0.6869792 0.5941667 0.6880208 0.6091667 0.7015625 0.60583335 0.7963542 0.71416664 0.80625 0.7275 0.8177083 0.7225 0.82447916 0.73 0.7864583 0.81 0.7807292 0.8283333 0.7734375 0.8233333 0.775 0.80083334 0.7453125 0.77166665 0.6947917 0.715 0.68645835 0.70666665 0.65729165 0.67 0.63854164 0.6508333 0.62604165 0.635 0.6223958 0.63166666 0.6098958 0.635 0.60520834 0.6308333
14 0.746875 0.6358333 0.696875 0.5725 0.69322914 0.56666666 0.6901042 0.555 0.69895834 0.5475 0.7109375 0.5391667 0.75572914 0.45166665 0.80677086 0.33583334 0.81145835 0.31916666 0.8203125 0.28833333 0.8333333 0.2625 0.87864584 0.32916668 0.88645834 0.34166667 0.88385415 0.36333334 0.878125 0.3675 0.865625 0.37333333 0.8541667 0.3875 0.7526042 0.5925 0.7494792 0.61083335 0.75104165 0.6175 0.75416666 0.6225
14 0.703125 0.6025 0.7104167 0.59 0.6984375 0.575 0.6869792 0.5941667 0.6875 0.6091667 0.7015625 0.605
14 0.67083335 0.49083334 0.6765625 0.53833336 0.696875 0.5491667 0.7114583 0.5391667 0.73802084 0.485 0.71458334 0.49333334 0.6947917 0.48916668 0.68541664 0.485
14 0.8671875 0.45416668 0.87864584 0.43583333 0.89375 0.42666668 0.90416664 0.42416668 0.9088542 0.50166667 0.9135417 0.5491667 0.903125 0.55083334 0.89375 0.53583336 0.76197916 0.5733333 0.81614584 0.465
14 0.70520836 0.125 0.6953125 0.11416667 0.6901042 0.096666664 0.7328125 0.07416666 0.7583333 0.053333335 0.7671875 0.0725 0.76666665 0.094166666 0.771875 0.1325 0.809375 0.3225 0.80677086 0.33916667 0.76770836 0.42333335 0.765625 0.42166665 0.7661458 0.40166667 0.740625 0.27 0.71197915 0.15583333
14 0.17604166 0.41666666 0.19166666 0.26583335 0.1984375 0.26166666 0.20520833 0.2575 0.21145834 0.25833333 0.209375 0.27083334 0.22916667 0.27583334 0.25625 0.27166668 0.2578125 0.27166668 0.25833333 0.27916667 0.25416666 0.29333332 0.24895833 0.3125 0.24479167 0.32083333 0.2359375 0.40083334 0.20625 0.41
