2 0.6125 0.63916665 0.6588542 0.72333336 0.65989584 0.72833335 0.65989584 0.7325 0.66041666 0.73333335 0.6578125 0.79833335 0.6692708 0.7941667 0.615625 0.865 0.5453125 0.9575 0.5234375 0.9166667 0.52552086 0.9116667 0.5203125 0.9116667 0.44114584 0.755 0.446875 0.7325 0.44895834 0.70166665 0.471875 0.7158333 0.4859375 0.71 0.49322918 0.69666666 0.49479166 0.6825 0.51927084 0.7375 0.5338542 0.74083334 0.540625 0.7341667 0.59947914 0.65
10 0.39270833 0.48583335 0.43229166 0.5733333 0.44739583 0.6 0.49010417 0.6741667 0.49375 0.6825 0.49375 0.68416667 0.49322918 0.69666666 0.4859375 0.71 0.47135416 0.7158333 0.44895834 0.70166665 0.44739583 0.7291667 0.440625 0.75666666 0.44114584 0.75666666 0.43645832 0.77 0.43020833 0.7875 0.42239583 0.81666666 0.41354167 0.8258333 0.40625 0.8275 0.39895833 0.8258333 0.3859375 0.80583334 0.36770833 0.7658333 0.353125 0.74833333 0.35104167 0.7391667 0.35 0.7216667 0.34010416 0.7133333 0.33333334 0.7075 0.30260417 0.6616667 0.2828125 0.6358333 0.284375 0.63166666 0.28385416 0.63 0.2796875 0.63166666 0.25677082 0.6025 0.25260416 0.585 0.253125 0.5725 0.28854167 0.52 0.3046875 0.49666667 0.33541667 0.47 0.36875 0.43666667 0.37239584 0.44166666 0.37760416 0.45083332 0.39010417 0.4775 0.39010417 0.485
20 0.53802085 0.29916668 0.5552083 0.34833333 0.5598958 0.37166667 0.56145835 0.3975 0.57239586 0.44083333 0.5765625 0.45666668 0.5885417 0.50416666 0.58802086 0.5575 0.58958334 0.57 0.61875 0.55 0.62864584 0.57 0.63489586 0.58666664 0.6333333 0.6075 0.60833335 0.6408333 0.59791666 0.6508333 0.55052084 0.72 0.54114586 0.7341667 0.534375 0.74083334 0.51927084 0.7375 0.49270833 0.6791667 0.46510416 0.61583334 0.44427082 0.53583336 0.43177083 0.46583334 0.42447916 0.435 0.42395833 0.42166665 0.41302082 0.41916665 0.36822918 0.33583334 0.334375 0.24416667 0.33489582 0.225 0.33802083 0.21916667 0.42864582 0.12083333 0.45625 0.09916667 0.46614584 0.104166664 0.48697916 0.15583333 0.5078125 0.21
2 0.44427082 0.5908333 0.4546875 0.57666665 0.46510416 0.6166667 0.48697916 0.665 0.48802084 0.66833335 0.48802084 0.66833335 0.4546875 0.6125 0.44322917 0.5925
16 0.32708332 0.4 0.3734375 0.40333334 0.4125 0.41833332 0.42395833 0.4225 0.42447916 0.435 0.43802083 0.5391667 0.4421875 0.58916664 0.434375 0.57666665 0.39270833 0.48583335 0.38958332 0.485 0.38958332 0.4775 0.37708333 0.44916666 0.36875 0.43666667 0.34375 0.46166667 0.31458333 0.48833334 0.30520833 0.49666667 0.2875 0.52166665 0.253125 0.57166666 0.25260416 0.5825 0.25677082 0.6025 0.28020832 0.6325 0.28333333 0.63 0.28385416 0.63166666 0.2828125 0.6358333 0.30520833 0.665 0.30989584 0.6725 0.22760417 0.67333335 0.1890625 0.675 0.19010417 0.49666667 0.18489583 0.45333335 0.18697916 0.43916667 0.2140625 0.41333333 0.221875 0.4025 0.2359375 0.405 0.25104168 0.40916666 0.3 0.40166667 0.31354168 0.4
4 0.2234375 0.25916666 0.23854166 0.24 0.24947916 0.23083334 0.26458332 0.22583333 0.2828125 0.22833334 0.29791668 0.2375 0.3109375 0.2525 0.32395834 0.28083333 0.3296875 0.31083333 0.33802083 0.32666665 0.37604168 0.35083333 0.41197917 0.4175 0.37239584 0.4025 0.30989584 0.39916667 0.25364584 0.40916666 0.24947916 0.40916666 0.2328125 0.40333334 0.21927084 0.38416666 0.21145834 0.35916665 0.2078125 0.33416668 0.20885417 0.30333334 0.2125 0.285
1 0.5515625 0.26333332 0.5734375 0.24916667 0.5953125 0.23833333 0.61875 0.20666666 0.6234375 0.21166667 0.62135416 0.21916667 0.625 0.24666667 0.64270836 0.32416666 0.6578125 0.395 0.6828125 0.46833333 0.69427085 0.50666666 0.69635415 0.5175 0.69375 0.5175 0.6848958 0.5108333 0.66822916 0.5108333 0.6411458 0.5316667 0.61302084 0.555 0.59010416 0.5708333 0.5885417 0.5575 0.5885417 0.50666666 0.5885417 0.50416666 0.5708333 0.43333334 0.5619792 0.39833334 0.56145835 0.38833332 0.56041664 0.37 0.5552083 0.3475 0.53802085 0.29666665 0.53333336 0.27 0.5385417 0.25416666 0.5515625 0.24583334 0.5421875 0.26416665 0.54322916 0.26666668
5 0.62708336 0.1225 0.6640625 0.10583334 0.70885414 0.1 0.74583334 0.0875 0.7682292 0.0625 0.80364585 0.045 0.82395834 0.03 0.82916665 0.0325 0.8390625 0.108333334 0.84479165 0.145 0.84739584 0.1625 0.84739584 0.20333333 0.8541667 0.24 0.87291664 0.3025 0.8755208 0.3225 0.8625 0.32916668 0.85729164 0.32583332 0.81458336 0.33 0.79479164 0.31583333 0.78020835 0.30833334 0.765625 0.28833333 0.75572914 0.28833333 0.7526042 0.3325 0.746875 0.3575 0.6984375 0.38166666 0.6828125 0.38833332 0.66875 0.40833333 0.6625 0.40916666 0.6484375 0.35416666 0.6322917 0.26083332 0.6203125 0.19333333 0.615625 0.16 0.6088542 0.13083333
15 0.7890625 0.485 0.81041664 0.49166667 0.909375 0.555 0.91979164 0.5683333 0.9223958 0.5808333 0.9270833 0.5833333 0.92864585 0.59 0.93541664 0.5941667 0.9369792 0.5975 0.93385416 0.6041667 0.9192708 0.5975 0.9088542 0.60583335 0.88125 0.595 0.84375 0.5683333 0.75677085 0.52166665 0.70729166 0.4925 0.7015625 0.485 0.69947916 0.4725 0.6953125 0.47083333 0.69375 0.4675 0.6859375 0.465 0.68854165 0.455 0.696875 0.45666668 0.6979167 0.45416668 0.70104164 0.45583335 0.7140625 0.44833332 0.72552085 0.45083332 0.725 0.46833333 0.7369792 0.47583333 0.75625 0.46916667 0.7796875 0.48083332
1 0.82604164 0.33666667 0.9078125 0.3875 0.9328125 0.4075 0.9557292 0.395 0.9682292 0.395 0.9421875 0.48583335 0.9453125 0.5683333 0.934375 0.565 0.91979164 0.5575 0.86354166 0.525 0.81041664 0.49166667 0.7895833 0.485 0.7552083 0.47 0.73645836 0.47583333 0.72447914 0.4675 0.7260417 0.45083332 0.74114585 0.38 0.7484375 0.35666665 0.753125 0.33083335 0.75572914 0.28833333 0.76666665 0.28833333 0.7807292 0.30916667 0.7921875 0.31416667 0.81354165 0.33
11 0.6333333 0.56333333 0.6666667 0.5516667 0.70729166 0.5425 0.75625 0.52166665 0.8442708 0.5683333 0.86875 0.7525 0.82604164 0.7633333 0.8197917 0.7633333 0.81927085 0.7583333 0.8177083 0.7583333 0.8171875 0.765 0.7739583 0.7733333 0.6859375 0.78833336 0.6578125 0.79833335 0.66197914 0.7225 0.66822916 0.69416666 0.66875 0.6375 0.6671875 0.63416666 0.63854164 0.595 0.63489586 0.5858333 0.62864584 0.57166666
