14 0.46770832 0.058333334 0.4671875 0.065 0.46458334 0.06583333 0.4625 0.060833335 0.4640625 0.041666668 0.46927083 0.0425 0.48020834 0.03 0.5072917 0.0 0.5229167 0.0 0.52760416 0.011666667 0.51979166 0.034166668 0.5229167 0.048333332 0.57916665 0.25916666 0.5395833 0.19833334 0.53697914 0.1875 0.5307292 0.175 0.5296875 0.1675 0.5203125 0.15833333 0.50364584 0.19
14 0.5796875 0.0 0.5911458 0.083333336 0.5864583 0.07833333 0.58177084 0.0825 0.58697915 0.08833333 0.5911458 0.09583333 0.5921875 0.094166666 0.6 0.09583333 0.60625 0.07833333 0.62135416 0.059166666 0.6296875 0.048333332 0.63385415 0.04916667 0.63697916 0.0575 0.6401042 0.08083333 0.64270836 0.090833336 0.6484375 0.093333334 0.6536458 0.11333334 0.6557292 0.10916667 0.6557292 0.094166666 0.65 0.0725 0.6432292 0.058333334 0.6421875 0.039166667 0.63697916 0.0
14 0.4765625 0.24333334 0.51979166 0.15916666 0.5296875 0.16833334 0.53125 0.17583333 0.5375 0.18833333 0.5390625 0.19833334 0.5796875 0.26 0.6328125 0.34333333 0.63645834 0.3675 0.63958335 0.37916666 0.6411458 0.38833332 0.6421875 0.405 0.640625 0.42583334 0.65052086 0.42166665 0.66510415 0.41416666 0.684375 0.39666668 0.6947917 0.40916666 0.67395836 0.45166665 0.6510417 0.49916667 0.6354167 0.47916666 0.63385415 0.455 0.62135416 0.435 0.61145836 0.41916665 0.5828125 0.37916666 0.5651042 0.35583332 0.54479164 0.325 0.521875 0.29 0.503125 0.25916666 0.4984375 0.25833333 0.48802084 0.2575 0.48333332 0.25666666 0.478125 0.25
14 0.7104167 0.37166667 0.70104164 0.38333333 0.6848958 0.39666668 0.665625 0.41416666 0.6411458 0.425 0.64270836 0.40583333 0.64166665 0.38666666 0.63645834 0.36833334 0.6328125 0.34333333 0.6296875 0.3275 0.61145836 0.235 0.5859375 0.08833333 0.58802086 0.090833336 0.590625 0.09583333 0.59270835 0.094166666 0.6 0.09583333 0.6067708 0.079166666 0.6296875 0.048333332 0.63385415 0.04916667 0.63645834 0.05666667 0.64166665 0.09 0.65052086 0.14 0.66822916 0.22416666 0.68541664 0.31083333 0.696875 0.36 0.70104164 0.3525 0.70729166 0.36416668 0.7114583 0.36916667
14 0.58020836 0.25583333 0.5942708 0.2325 0.60729164 0.21166667 0.6328125 0.3425 0.5875 0.27166668 0.5796875 0.26
14 0.4171875 0.8975 0.38802084 0.89916664 0.38385418 0.89916664 0.384375 0.8883333 0.396875 0.88 0.39114583 0.865 0.36354166 0.6116667 0.35572916 0.60083336 0.34791666 0.5783333 0.35 0.56166667 0.37916666 0.56 0.39635417 0.56 0.41354167 0.56583333 0.42291668 0.56583333 0.41979167 0.5833333 0.41666666 0.58416665 0.41666666 0.60333335 0.440625 0.8308333 0.44479167 0.8591667 0.45729166 0.8958333 0.43489584 0.8983333
14 0.565625 0.75083333 0.5854167 0.775 0.59010416 0.7825 0.5890625 0.79583335 0.59947914 0.81083333 0.60572916 0.805 0.62291664 0.7758333 0.6354167 0.74916667
14 0.53229165 0.74916667 0.5260417 0.76416665 0.5171875 0.7658333 0.5171875 0.70916665 0.5130208 0.64 0.52135414 0.6383333 0.5260417 0.6508333 0.5385417 0.655 0.5864583 0.6558333 0.64427084 0.6575 0.659375 0.69083333 0.66197914 0.7108333 0.66875 0.73083335 0.70989585 0.6933333 0.72291666 0.7175 0.721875 0.7608333 0.715625 0.7608333 0.70520836 0.7425 0.6333333 0.74916667 0.5609375 0.75
14 0.5307292 0.6041667 0.4890625 0.5525 0.47916666 0.5325 0.4734375 0.5133333 0.46927083 0.51416665 0.4609375 0.5283333 0.46302083 0.5325 0.44947916 0.56583333 0.42708334 0.60583335 0.43229166 0.61 0.44947916 0.61583334 0.5161458 0.695 0.5125 0.6408333 0.521875 0.6383333 0.52552086 0.65 0.5385417 0.6558333 0.5755208 0.655 0.55885416 0.6358333 0.5515625 0.6433333 0.5515625 0.64666665 0.546875 0.64916664 0.54010415 0.62583333 0.54114586 0.61583334
14 0.5296875 0.57916665 0.45625 0.45333335 0.4375 0.41916665 0.41979167 0.40916666 0.4140625 0.39416668 0.41302082 0.38666666 0.4234375 0.3875 0.43854168 0.38 0.44635418 0.365 0.47291666 0.32916668 0.4765625 0.34333333 0.47916666 0.36083335 0.48958334 0.39166668 0.5307292 0.56083333 0.5364583 0.59
14 0.61041665 0.6016667 0.5552083 0.6383333 0.5515625 0.6425 0.55260414 0.645 0.546875 0.6483333 0.54010415 0.62583333 0.54114586 0.615 0.540625 0.60583335 0.53697914 0.5858333 0.53020835 0.55833334 0.48854166 0.385 0.4796875 0.36083335 0.47395834 0.33 0.47447917 0.31916666 0.46822917 0.3125 0.465625 0.30416667 0.4671875 0.2975 0.4890625 0.29166666 0.5171875 0.2825 0.5239583 0.29333332 0.5265625 0.30583334 0.540625 0.36416668 0.55677086 0.43166667 0.58489585 0.5416667 0.5859375 0.5566667 0.596875 0.57666665 0.6067708 0.59166664
14 0.73072916 0.665 0.6901042 0.7108333 0.6692708 0.73 0.6625 0.7108333 0.659375 0.69 0.64427084 0.6566667 0.58489585 0.54 0.5552083 0.42333335 0.5453125 0.3825 0.5640625 0.35666665 0.584375 0.38 0.5890625 0.40833333 0.60052085 0.42666668 0.64947915 0.5233333 0.6869792 0.5975 0.7036458 0.6225 0.7114583 0.6308333 0.72239584 0.64 0.72864586 0.6566667
14 0.62083334 0.46583334 0.63125 0.45083332 0.63385415 0.45416668 0.63489586 0.47916666 0.6515625 0.49916667 0.6635417 0.475 0.67604166 0.49666667 0.6723958 0.50333333 0.675 0.5058333 0.6822917 0.50916666 0.74010414 0.61333334 0.77135414 0.6675 0.778125 0.6775 0.77239585 0.69416666 0.7942708 0.7108333 0.7604167 0.75916666 0.74635416 0.78333336 0.73541665 0.76416665 0.7390625 0.76416665 0.7348958 0.74833333 0.7348958 0.7341667 0.7239583 0.7225 0.7234375 0.7183333 0.70885414 0.69083333 0.73072916 0.6666667 0.7291667 0.6575 0.72291666 0.64 0.70208335 0.62166667 0.68854165 0.6
14 0.85729164 0.65416664 0.8859375 0.68333334 0.8901042 0.68333334 0.89479166 0.69083333 0.8984375 0.69916666 0.9114583 0.71166664 0.9140625 0.7125 0.9223958 0.7266667 0.9114583 0.7391667 0.865625 0.75916666 0.86145836 0.7391667 0.85520834 0.73333335 0.85 0.72833335 0.85729164 0.7083333 0.85572916 0.69416666 0.85520834 0.68666667
14 0.7729167 0.6933333 0.82135415 0.7216667 0.8489583 0.7291667 0.8567708 0.70666665 0.85520834 0.69 0.8567708 0.655 0.8671875 0.5575 0.8833333 0.40916666 0.8921875 0.39916667 0.90052086 0.375 0.8979167 0.35083333 0.84739584 0.33333334 0.8333333 0.32416666 0.8255208 0.34833333 0.82708335 0.365 0.83958334 0.38166666 0.84791666 0.395 0.86510414 0.40166667 0.8703125 0.41416666 0.83125 0.4525 0.82447916 0.46333334 0.81666666 0.475 0.8020833 0.5875 0.79791665 0.6375 0.790625 0.6525 0.78489584 0.66583335 0.77760416 0.6766667
14 0.7994792 0.5758333 0.7578125 0.5258333 0.7546875 0.5225 0.7505208 0.5225 0.74583334 0.50333333 0.703125 0.5233333 0.703125 0.54333335 0.70208335 0.545 0.7395833 0.61 0.784375 0.665 0.79791665 0.6383333 0.80260414 0.58
14 0.87291664 0.525 0.8880208 0.5375 0.8953125 0.54583335 0.8989583 0.5566667 0.8953125 0.5625 0.8822917 0.56083333 0.87291664 0.6116667 0.86875 0.64 0.859375 0.63666666 0.87135416 0.5233333
14 0.684375 0.47416666 0.6723958 0.5025 0.6796875 0.50666666 0.6869792 0.5075 0.7057292 0.52 0.70729166 0.52 0.74583334 0.50333333 0.75 0.52166665 0.7552083 0.52166665 0.80260414 0.58 0.8151042 0.49333334 0.7734375 0.46833333 0.76979166 0.48166665 0.7604167 0.48333332 0.7583333 0.4775 0.75989586 0.46916667 0.7447917 0.45916668 0.70677084 0.41416666
14 0.7703125 0.4675 0.7828125 0.435 0.78489584 0.42916667 0.803125 0.4575 0.8052083 0.46916667 0.8046875 0.47583333 0.81145835 0.47583333 0.81666666 0.47583333 0.8140625 0.4925 0.7734375 0.46833333 0.7708333 0.47833332 0.7703125 0.47333333
14 0.75989586 0.48 0.765625 0.48083332 0.76979166 0.47666666 0.76979166 0.4675 0.78489584 0.43 0.728125 0.35583332 0.68385416 0.29666665 0.68333334 0.29916668 0.69635415 0.36083335 0.7005208 0.3525 0.7057292 0.36166668 0.7125 0.36916667 0.7104167 0.3725 0.70208335 0.3825 0.6880208 0.39416668 0.70520836 0.41583332 0.70625 0.415 0.74583334 0.45916668 0.7604167 0.46916667
14 0.6645833 0.20333333 0.6734375 0.19 0.6875 0.17916666 0.6979167 0.17 0.7005208 0.17583333 0.7057292 0.18583333 0.70416665 0.19833334 0.7234375 0.22416666 0.8130208 0.3475 0.84166664 0.38416666 0.84739584 0.39583334 0.865625 0.40333334 0.8703125 0.415 0.83177084 0.45166665 0.81666666 0.47583333 0.8046875 0.47583333 0.8046875 0.46833333 0.80364585 0.45583335 0.7651042 0.40416667 0.6822917 0.29416665 0.66770834 0.22
14 0.84166664 0.145 0.8411458 0.13666667 0.8484375 0.1275 0.865625 0.14333333 0.8734375 0.155 0.884375 0.17416666 0.8958333 0.19333333 0.890625 0.2 0.8822917 0.2025 0.85260415 0.26083332 0.80260414 0.25416666 0.7885417 0.24916667 0.8375 0.15083334
14 0.7661458 0.28 0.7671875 0.24583334 0.7682292 0.22583333 0.7760417 0.2275 0.77916664 0.24333334 0.79010415 0.25083333 0.80052084 0.25333333 0.8515625 0.26166666 0.94427085 0.27166668 0.9546875 0.27 0.96197915 0.265 0.97239584 0.2575 0.9760417 0.26 0.98125 0.28166667 0.9838542 0.3325 0.9791667 0.3725 0.9734375 0.37166667 0.9578125 0.36166668 0.9526042 0.355 0.9302083 0.35666665 0.8953125 0.35 0.84583336 0.33333334 0.83385414 0.32333332 0.8286458 0.34 0.80625 0.33833334 0.765625 0.28166667
14 0.9421875 0.35666665 0.9604167 0.38166666 0.96979165 0.39333335 0.96770835 0.3975 0.9526042 0.40083334 0.88125 0.5308333 0.87083334 0.5233333 0.8833333 0.41 0.8911458 0.4 0.9010417 0.375 0.8984375 0.35083333 0.93072915 0.35666665
14 0.28385416 0.0 0.32708332 0.0325 0.3421875 0.045833334 0.3484375 0.059166666 0.34947917 0.04916667 0.3640625 0.0
