14 0.58177084 0.61583334 0.5708333 0.6666667 0.57447916 0.6716667 0.58020836 0.68083334 0.5796875 0.69166666 0.5729167 0.71416664 0.553125 0.7525 0.5296875 0.86 0.5203125 0.8675 0.5151042 0.8983333 0.5854167 0.9425 0.5885417 0.935 0.59270835 0.91333336 0.5942708 0.87333333 0.60729164 0.785 0.61875 0.7241667 0.63697916 0.62916666 0.6375 0.5975
14 0.7994792 0.535 0.74375 0.67583334 0.715625 0.7475 0.7125 0.76916665 0.7078125 0.7583333 0.69322914 0.74333334 0.6645833 0.72833335 0.653125 0.74333334 0.6510417 0.725 0.66197914 0.705 0.6791667 0.675 0.7 0.62666667 0.7546875 0.5925 0.7546875 0.6025 0.7625 0.59583336 0.7625 0.5808333 0.753125 0.505 0.7651042 0.50333333 0.778125 0.50916666
14 0.7994792 0.535 0.9 0.6358333 0.9223958 0.6741667 0.9328125 0.68083334 0.93958336 0.685 0.94322914 0.685 0.94635415 0.66333336 0.953125 0.63166666 0.95885414 0.6308333 0.9583333 0.6191667 0.9848958 0.6308333 0.9760417 0.645 0.96302086 0.69 0.95520836 0.7291667 0.95208335 0.7341667 0.9479167 0.72333336 0.9328125 0.70166665 0.92291665 0.6975 0.86041665 0.65166664 0.7859375 0.61083335 0.7708333 0.60833335
14 0.7864583 0.3925 0.7526042 0.49166667 0.753125 0.505 0.7651042 0.50333333 0.778125 0.51 0.80052084 0.53583336 0.85364586 0.58916664 0.90052086 0.63666666 0.92291665 0.6741667 0.9390625 0.685 0.94375 0.68416667 0.94635415 0.6641667 0.9536458 0.6325 0.959375 0.6308333 0.9578125 0.6191667 0.9546875 0.6125 0.9625 0.57916665 0.9515625 0.5683333 0.946875 0.5683333 0.93645835 0.5708333 0.915625 0.545 0.896875 0.525 0.8666667 0.49333334 0.81875 0.4425 0.8046875 0.425 0.79791665 0.40916666 0.8015625 0.40166667 0.79270834 0.39333335
14 0.8098958 0.4175 0.91041666 0.4575 0.91822916 0.44583333 0.9270833 0.44166666 0.9291667 0.4525 0.9296875 0.49166667 0.928125 0.5175 0.9302083 0.52916664 0.92291665 0.5541667 0.91510415 0.545 0.8796875 0.5075 0.85 0.47583333 0.8177083 0.44166666 0.8041667 0.425 0.7984375 0.40916666
14 0.6203125 0.46583334 0.60364586 0.49166667 0.59375 0.505 0.5828125 0.52416664 0.54322916 0.5366667 0.5453125 0.5325 0.55625 0.515
14 0.646875 0.44583333 0.63645834 0.48833334 0.6359375 0.49416667 0.6234375 0.51166666 0.6880208 0.49166667 0.6796875 0.41916665
14 0.7 0.5783333 0.6333333 0.5991667 0.56927085 0.6191667 0.55833334 0.62333333 0.55260414 0.62416667 0.54895836 0.62333333 0.54270834 0.62666667 0.5317708 0.64 0.53020835 0.63916665 0.5260417 0.64416665 0.509375 0.6375 0.51666665 0.61333334 0.51666665 0.6025 0.51770836 0.54833335 0.52447915 0.54833335 0.52552086 0.5541667 0.5375 0.5441667 0.54322916 0.5366667 0.60520834 0.5175 0.6890625 0.49166667
14 0.45833334 0.32 0.4671875 0.5783333 0.4671875 0.59166664 0.48489583 0.6041667 0.51666665 0.60333335 0.5182292 0.54833335 0.490625 0.4625 0.5 0.44666666 0.51197916 0.44083333 0.5130208 0.43083334
14 0.59479165 0.33583334 0.60052085 0.37833333 0.56614584 0.40416667 0.54583335 0.36 0.56458336 0.36083335 0.5755208 0.3425
14 0.6666667 0.3275 0.56614584 0.40416667 0.52239585 0.4375 0.51197916 0.44083333 0.5 0.44666666 0.490625 0.46166667 0.5182292 0.54833335 0.52447915 0.54833335 0.52552086 0.5541667 0.53802085 0.54333335 0.54322916 0.5366667 0.55625 0.515 0.62395835 0.46333334 0.68177086 0.4175
14 0.48854166 0.21416667 0.47760418 0.23083334 0.4875 0.2325 0.49583334 0.25833333 0.534375 0.33583334 0.56614584 0.40416667 0.52239585 0.4375 0.51666665 0.43916667 0.5125 0.42916667 0.47916666 0.3625 0.45885417 0.32083333 0.45 0.31083333 0.44114584 0.29916668 0.41927084 0.2775 0.41822916 0.27166668 0.42135417 0.26416665 0.43020833 0.2475 0.446875 0.22583333 0.459375 0.215 0.47760418 0.1925
14 0.528125 0.0625 0.603125 0.064166665 0.5984375 0.086666666 0.5921875 0.10666667 0.5911458 0.12583333 0.57916665 0.13083333 0.5359375 0.1375 0.5375 0.09166667 0.53229165 0.07416666
14 0.38854167 0.14 0.39270833 0.1375 0.39427084 0.14583333 0.41458333 0.15833333 0.42760417 0.1575 0.50885415 0.14083333 0.55572915 0.13583334 0.57916665 0.13083333 0.5921875 0.12416667 0.603125 0.12 0.6125 0.12416667 0.6171875 0.13166666 0.6197917 0.16083333 0.61614585 0.21583334 0.61354166 0.23416667 0.596875 0.24 0.58958334 0.23333333 0.53802085 0.235 0.49166667 0.2425 0.4875 0.2325 0.47760418 0.23083334 0.48854166 0.21333334 0.47760418 0.1925 0.45885417 0.21583334 0.446875 0.225 0.4296875 0.24666667 0.403125 0.24666667 0.3953125 0.26333332 0.38802084 0.26333332 0.38854167 0.22666667
14 0.51927084 0.24333334 0.51927084 0.2575 0.51666665 0.29916668 0.49583334 0.2575 0.49114582 0.24166666
14 0.5265625 0.24416667 0.5385417 0.34666666 0.54583335 0.36 0.5640625 0.36083335 0.575 0.34333333 0.63645834 0.32 0.6625 0.30916667 0.66041666 0.27833334 0.6567708 0.2675 0.65520835 0.2625 0.6953125 0.2575 0.6927083 0.2325 0.6958333 0.2 0.6171875 0.2275 0.61354166 0.23416667 0.5963542 0.24083333 0.58958334 0.23333333 0.5484375 0.23583333
14 0.7265625 0.25166667 0.69114584 0.25916666 0.6557292 0.26166666 0.65989584 0.27833334 0.6625 0.31166667 0.67083335 0.35166666 0.6822917 0.41666666 0.6791667 0.42 0.69322914 0.5225 0.703125 0.6066667 0.69947916 0.62583333 0.75364584 0.5925 0.7546875 0.6016667 0.7630208 0.59583336 0.7625 0.57916665 0.74791664 0.45583335 0.73072916 0.2925 0.7270833 0.26166666 0.73645836 0.26083332
14 0.77135414 0.215 0.77135414 0.23083334 0.7682292 0.23583333 0.75989586 0.25083333 0.7359375 0.33333334 0.7270833 0.26083332 0.73645836 0.26 0.7260417 0.25083333 0.6953125 0.25916666 0.6927083 0.235 0.6958333 0.2 0.6953125 0.1925 0.7015625 0.17083333 0.76770836 0.2125
14 0.7578125 0.16583334 0.75572914 0.205 0.72864586 0.18666667 0.7427083 0.17166667 0.74895835 0.16666667
14 0.77552086 0.27583334 0.76458335 0.24333334 0.75989586 0.25 0.753125 0.27333334 0.75885415 0.285
14 0.7682292 0.405 0.7552083 0.39916667 0.740625 0.38833332 0.75208336 0.49166667 0.7817708 0.40583333
14 0.346875 0.61583334 0.34947917 0.6116667 0.3546875 0.61 0.3625 0.61333334 0.3890625 0.63666666 0.46666667 0.69083333 0.5375 0.74 0.5463542 0.7558333 0.55104166 0.755 0.5572917 0.7441667 0.5734375 0.7125 0.5796875 0.69083333 0.58020836 0.68083334 0.57447916 0.6716667 0.56822914 0.665 0.5609375 0.665 0.55260414 0.6508333 0.53020835 0.63916665 0.5260417 0.64416665 0.50885415 0.6375 0.51197916 0.6225 0.44114584 0.57416666 0.37447917 0.525 0.35677084 0.57666665
