15 0.20104167 0.33916667 0.2109375 0.33666667 0.2796875 0.34 0.28645834 0.34083334 0.30104166 0.33916667 0.34947917 0.34416667 0.38958332 0.34666666 0.39791667 0.34666666 0.40520832 0.35 0.41041666 0.35666665 0.41197917 0.36333334 0.4171875 0.365 0.4171875 0.36916667 0.4265625 0.36916667 0.4265625 0.37833333 0.42395833 0.37833333 0.41822916 0.37833333 0.41770834 0.38333333 0.4140625 0.385 0.41302082 0.38416666 0.40729168 0.39583334 0.39791667 0.39916667 0.3828125 0.4 0.3265625 0.3975 0.2859375 0.39416668 0.2625 0.3925 0.209375 0.38833332 0.19427083 0.38083333 0.19114584 0.37583333 0.19114584 0.37083334 0.1859375 0.3675 0.178125 0.36333334 0.1796875 0.35833332 0.18177083 0.35333332 0.18697916 0.355 0.19010417 0.3525 0.19322917 0.35333332 0.19583334 0.3475 0.19947916 0.34166667
15 0.36354166 0.19666667 0.36875 0.19666667 0.36979166 0.20583333 0.37604168 0.20666666 0.37604168 0.21 0.38541666 0.215 0.39427084 0.225 0.41354167 0.27333334 0.44635418 0.365 0.4265625 0.37833333 0.4265625 0.36833334 0.41770834 0.36833334 0.4171875 0.365 0.41197917 0.36333334 0.41041666 0.35666665 0.40572917 0.35083333 0.4015625 0.3475 0.3765625 0.2825 0.36354166 0.23833333 0.36458334 0.22916667 0.36510417 0.22 0.3640625 0.21333334 0.36614582 0.21 0.35989583 0.20083334
15 0.26197916 0.50666666 0.26510417 0.50333333 0.26822916 0.50166667 0.2703125 0.49583334 0.271875 0.49416667 0.27291667 0.48083332 0.28125 0.47083333 0.34583333 0.43 0.3921875 0.39916667 0.39739582 0.39916667 0.40729168 0.39583334 0.4125 0.385 0.41354167 0.385 0.41822916 0.3825 0.4265625 0.37916666 0.44635418 0.36416668 0.45 0.36166668 0.46145833 0.35583332 0.46770832 0.35416666 0.4734375 0.3575 0.4765625 0.36083335 0.47760418 0.36416668 0.48020834 0.36083335 0.4828125 0.365 0.48385417 0.36333334 0.48541668 0.35416666 0.48802084 0.3525 0.4890625 0.355 0.49583334 0.37 0.49583334 0.37666667 0.49166667 0.37833333 0.48697916 0.37833333 0.48645833 0.3825 0.4828125 0.385 0.4828125 0.39 0.48072916 0.3975 0.47291666 0.40583333 0.45833334 0.41416666 0.42291668 0.43666667 0.3765625 0.46666667 0.31354168 0.50666666 0.28958333 0.5225 0.28385416 0.5208333 0.28020832 0.51666665 0.278125 0.515 0.27447918 0.5158333 0.27291667 0.515 0.265625 0.5208333 0.265625 0.5133333 0.26302084 0.50916666
15 0.4625 0.4125 0.4875 0.4925 0.49010417 0.5083333 0.48958334 0.51666665 0.48645833 0.52666664 0.48854166 0.5308333 0.48802084 0.5341667 0.48645833 0.5375 0.490625 0.55 0.48489583 0.5516667 0.4828125 0.5516667 0.48177084 0.545 0.48072916 0.53833336 0.478125 0.53833336 0.47604167 0.535 0.47604167 0.53333336 0.46770832 0.53 0.4625 0.5225 0.45208332 0.49833333 0.43072918 0.43166667 0.459375 0.41333333
15 0.196875 0.45833334 0.26927084 0.3925 0.30052084 0.39583334 0.3 0.4 0.296875 0.40083334 0.29739583 0.4075 0.29427084 0.40666667 0.29635417 0.42 0.29375 0.42666668 0.28802082 0.4325 0.203125 0.51416665 0.196875 0.46083334
15 0.165625 0.4875 0.17083333 0.52916664 0.17135416 0.54333335 0.1671875 0.55083334 0.15208334 0.56166667 0.13489583 0.5775 0.1125 0.5975 0.1046875 0.59833336 0.100520834 0.5966667 0.09791667 0.5991667 0.0921875 0.5991667 0.0890625 0.6016667 0.0828125 0.6 0.08229167 0.5941667 0.08229167 0.58666664 0.086979166 0.5833333 0.09010417 0.58166665 0.09166667 0.575 0.09322917 0.5733333 0.09375 0.56333333 0.0984375 0.55333334 0.1140625 0.5366667 0.16458334 0.49
15 0.1671875 0.41333333 0.17239584 0.40833333 0.1765625 0.4075 0.17864583 0.41833332 0.17916666 0.4225 0.18385416 0.42416668 0.18333334 0.43083334 0.19166666 0.43583333 0.19427083 0.44666666 0.19635417 0.45833334 0.20364584 0.515 0.2203125 0.6408333 0.2265625 0.69666666 0.2328125 0.7575 0.2359375 0.7816667 0.23385416 0.7966667 0.228125 0.8075 0.2296875 0.81 0.2296875 0.815 0.225 0.81666666 0.2265625 0.83166665 0.22083333 0.83416665 0.2140625 0.8308333 0.21822916 0.81916666 0.2140625 0.81583333 0.2140625 0.81166667 0.20625 0.8066667 0.203125 0.7966667 0.19791667 0.75166667 0.1890625 0.6816667 0.18385416 0.63 0.171875 0.5425 0.1703125 0.52166665 0.16510417 0.48666668 0.16145833 0.45833334 0.16302083 0.44333333 0.16510417 0.43583333 0.16927083 0.4325 0.1703125 0.42583334 0.16875 0.42083332
15 0.1578125 0.6308333 0.16145833 0.6383333 0.16510417 0.63916665 0.17083333 0.6308333 0.17708333 0.62916666 0.18333334 0.63166666 0.19010417 0.68666667 0.175 0.6775 0.16614583 0.66833335 0.1625 0.6591667 0.1625 0.6533333 0.15833333 0.6533333 0.15520833 0.64666665 0.15208334 0.6433333 0.1515625 0.6383333 0.1546875 0.63166666
15 0.22135417 0.645 0.24895833 0.6558333 0.26927084 0.72333336 0.22708334 0.70416665 0.2265625 0.6933333 0.22083333 0.6458333
15 0.29270834 0.6791667 0.365625 0.7191667 0.37239584 0.72833335 0.3734375 0.74083334 0.37447917 0.745 0.37708333 0.74833333 0.38697916 0.75166667 0.3859375 0.7583333 0.3828125 0.7633333 0.3765625 0.7583333 0.37395832 0.76 0.37083334 0.76166666 0.3625 0.7658333 0.3546875 0.76666665 0.33385417 0.75666666 0.3109375 0.7441667 0.29375 0.6825
15 0.2296875 0.5391667 0.23177083 0.53333336 0.2375 0.5308333 0.24583334 0.5316667 0.24583334 0.5391667 0.24270834 0.5466667 0.246875 0.55333334 0.25520834 0.5541667 0.26197916 0.56583333 0.265625 0.5825 0.29479167 0.6875 0.3109375 0.7441667 0.34583333 0.865 0.34791666 0.88166666 0.3453125 0.89166665 0.34322917 0.8958333 0.34322917 0.9025 0.34895834 0.90833336 0.3484375 0.9141667 0.34427083 0.92 0.33802083 0.9216667 0.3359375 0.91 0.33177084 0.9075 0.32916668 0.9058333 0.32291666 0.89916664 0.31927082 0.8958333 0.28854167 0.79083335 0.26927084 0.72333336 0.24947916 0.6566667 0.24479167 0.6458333 0.23177083 0.5991667 0.2296875 0.5833333 0.2296875 0.5675 0.23229167 0.5625 0.23489584 0.5575 0.234375 0.5491667 0.23125 0.54583335
15 0.21666667 0.58 0.21822916 0.5708333 0.21979167 0.565 0.22239584 0.5625 0.2265625 0.56916666 0.23020834 0.5675 0.2296875 0.58416665 0.23177083 0.60083336 0.228125 0.59583336 0.2265625 0.59 0.22291666 0.58416665 0.21875 0.5825
15 0.26302084 0.5675 0.34166667 0.6125 0.4125 0.6525 0.44114584 0.6725 0.44427082 0.67833334 0.44479167 0.68583333 0.44427082 0.69083333 0.44635418 0.6958333 0.45572916 0.69666666 0.45625 0.70166665 0.45625 0.71166664 0.45260417 0.72083336 0.446875 0.7133333 0.44427082 0.71166664 0.44166666 0.715 0.43802083 0.7125 0.4375 0.70916665 0.43333334 0.7175 0.42864582 0.7175 0.41458333 0.71 0.36875 0.68333334 0.31979167 0.6558333 0.27916667 0.6325 0.26822916 0.59166664 0.265625 0.5808333 0.26197916 0.56666666
15 0.07604167 0.7975 0.079166666 0.7891667 0.08802083 0.77666664 0.1046875 0.7683333 0.114583336 0.76666665 0.15 0.7583333 0.19739583 0.74916667 0.203125 0.7966667 0.20416667 0.8016667 0.1890625 0.8066667 0.092708334 0.82416666 0.08177083 0.81916666 0.078125 0.81416667 0.0765625 0.81 0.06875 0.81083333 0.063541666 0.81166667 0.0625 0.80833334 0.06302083 0.8016667 0.065104164 0.7975 0.0734375 0.8
15 0.23177083 0.7425 0.26614583 0.7366667 0.271875 0.73583335 0.27291667 0.7375 0.28802082 0.7891667 0.26197916 0.7925 0.24375 0.79333335 0.23385416 0.7966667 0.2359375 0.7816667 0.23125 0.7441667
15 0.12708333 0.2075 0.13020833 0.2175 0.13229166 0.21666667 0.13541667 0.21083333 0.13802083 0.21083333 0.14479166 0.20833333 0.15520833 0.20916666 0.19322917 0.23166667 0.30625 0.3025 0.34270832 0.33083335 0.346875 0.3375 0.34739584 0.34416667 0.30104166 0.33916667 0.2859375 0.34083334 0.27916667 0.34 0.2296875 0.31 0.17552084 0.27583334 0.14010416 0.255 0.134375 0.24666667 0.13177083 0.235 0.128125 0.22916667 0.12604167 0.22583333 0.1203125 0.2225 0.119791664 0.21583334 0.122395836 0.21
