6 0.39479166 0.0 0.55052084 0.0 0.54791665 0.0875 0.54583335 0.095 0.53125 0.09583333 0.45260417 0.07333333 0.43697917 0.07833333 0.40677083 0.085 0.39375 0.08 0.39166668 0.075833336 0.39427084 0.0075
14 0.5885417 0.0 0.56614584 0.045 0.56145835 0.07083333 0.55572915 0.08916666 0.5484375 0.079166666 0.55052084 0.009166666 0.55052084 0.0
4 0.0921875 0.10583334 0.121875 0.12916666 0.13072917 0.13583334 0.13489583 0.1425 0.13489583 0.15416667 0.1046875 0.2675 0.09791667 0.30083334 0.0953125 0.31416667 0.1 0.33 0.106770836 0.3525 0.1140625 0.385 0.1140625 0.41416666 0.108333334 0.43666667 0.098958336 0.45916668 0.084375 0.48083332 0.06875 0.49083334 0.047916666 0.49666667 0.025 0.49333334 0.008333334 0.48083332 0.0 0.46833333 0.0 0.305 0.010416667 0.2925 0.022916667 0.28916666 0.034375 0.28166667 0.044270832 0.27416667 0.059895832 0.2225 0.079166666 0.13 0.0828125 0.11833333 0.084895834 0.11
5 0.68541664 0.38 0.71197915 0.39333335 0.72864586 0.4125 0.7765625 0.5225 0.79895836 0.575 0.8130208 0.5966667 0.8255208 0.6166667 0.81041664 0.6358333 0.75416666 0.7033333 0.72864586 0.7341667 0.7057292 0.76416665 0.6869792 0.78833336 0.6770833 0.7708333 0.6375 0.6591667 0.60729164 0.565 0.59010416 0.55583334 0.5807292 0.54583335 0.59270835 0.5133333 0.62395835 0.44916666 0.63854164 0.44083333 0.6666667 0.42083332 0.68541664 0.4125 0.6828125 0.4025 0.6770833 0.395 0.67083335 0.38666666
13 0.41614583 0.56416667 0.4609375 0.55333334 0.4890625 0.5516667 0.52760416 0.55 0.54114586 0.54583335 0.54895836 0.5308333 0.5625 0.5158333 0.5734375 0.515 0.5854167 0.52666664 0.5854167 0.53 0.5828125 0.54083335 0.5807292 0.545 0.5890625 0.555 0.60729164 0.565 0.6098958 0.5733333 0.6432292 0.67833334 0.6489583 0.6933333 0.6411458 0.70666665 0.6177083 0.72083336 0.59479165 0.7325 0.5359375 0.75333333 0.50104165 0.7625 0.4578125 0.78333336 0.43697917 0.7875 0.43125 0.78583336 0.421875 0.76416665 0.4046875 0.63166666 0.403125 0.5758333
9 0.3046875 0.6975 0.34739584 0.65833336 0.38177082 0.62666667 0.403125 0.61333334 0.40885416 0.6675 0.41458333 0.71166664 0.41770834 0.73083335 0.41927084 0.7575 0.4234375 0.77416664 0.43177083 0.7875 0.44947916 0.7866667 0.49739584 0.7633333 0.5229167 0.75666666 0.54010415 0.75 0.54270834 0.785 0.546875 0.8491667 0.5385417 0.8516667 0.46822917 0.8491667 0.39791667 0.8466667 0.3375 0.8491667 0.309375 0.855 0.30416667 0.77 0.30572918 0.7266667 0.30729166 0.71166664
5 0.9010417 0.69916666 0.91302085 0.84583336 0.9348958 0.9725 0.9213542 0.98583335 0.7739583 1.0 0.71458334 1.0 0.70729166 0.97583336 0.7083333 0.93833333 0.709375 0.8933333 0.703125 0.8358333 0.69375 0.7975 0.7703125 0.76916665 0.84791666 0.745 0.8432292 0.7191667 0.88645834 0.7058333
2 0.7609375 0.485 0.8041667 0.47 0.81145835 0.47 0.8265625 0.58 0.83489585 0.6525 0.8411458 0.70416665 0.84739584 0.745 0.83177084 0.75166667 0.77135414 0.7683333 0.68333334 0.7991667 0.62395835 0.81916666 0.61875 0.81916666 0.6125 0.7975 0.603125 0.72833335 0.6296875 0.71416664 0.6411458 0.7075 0.64947915 0.6925 0.67760414 0.7725 0.6869792 0.7875 0.69427085 0.7783333 0.75989586 0.6975 0.81145835 0.63666666 0.8255208 0.6166667 0.81822914 0.605 0.7984375 0.5733333 0.7729167 0.5133333 0.765625 0.49666667
6 0.2671875 0.96416664 0.29583332 0.9691667 0.33072916 0.9975 0.28541666 1.0 0.25364584 1.0 0.2609375 0.9791667
8 0.14583333 0.0 0.18854167 0.051666666 0.2234375 0.09833334 0.24427083 0.125 0.25416666 0.13666667 0.26041666 0.13916667 0.27135417 0.135 0.2984375 0.085 0.34322917 0.0
