18 0.8333333 0.55583334 0.8020833 0.49916667 0.80052084 0.51166666 0.80104166 0.5133333 0.775 0.5758333 0.7708333 0.595 0.7473958 0.66583335 0.7291667 0.72 0.83229166 0.5808333 0.834375 0.57166666 0.83489585 0.56083333
18 0.79895836 0.48583335 0.7864583 0.47583333 0.69947916 0.39916667 0.6947917 0.395 0.6901042 0.395 0.6848958 0.39666668 0.68125 0.4 0.6791667 0.40083334 0.6703125 0.4275 0.659375 0.4675 0.65833336 0.48416665 0.6390625 0.5258333 0.5859375 0.66083336 0.5828125 0.6716667 0.584375 0.68666667 0.5875 0.69416666 0.59375 0.7008333 0.6796875 0.7816667 0.6901042 0.7925 0.70104164 0.7891667 0.7046875 0.7841667 0.7078125 0.7775 0.73020834 0.71666664 0.77239585 0.59166664 0.7739583 0.57916665 0.77552086 0.57416666 0.78125 0.56166667 0.80104166 0.5133333 0.8015625 0.50166667 0.80052084 0.49
18 0.65625 0.7608333 0.65989584 0.77 0.6671875 0.7783333 0.66875 0.7825 0.66979164 0.7841667 0.67395836 0.785 0.6802083 0.78583336 0.68385416 0.785 0.6567708 0.76
18 0.60260415 0.6116667 0.59739584 0.6166667 0.5953125 0.6225 0.5942708 0.62916666 0.59583336 0.63666666 0.6046875 0.61333334
18 0.484375 0.41583332 0.4765625 0.41 0.47395834 0.40666667 0.4453125 0.4125 0.403125 0.42416668 0.38541666 0.43416667 0.3453125 0.43833333 0.30625 0.44333333 0.2796875 0.44833332 0.275 0.45666668 0.271875 0.46416667 0.26927084 0.46916667 0.278125 0.6041667 0.2828125 0.65833336 0.28645834 0.6675 0.29739583 0.67583334 0.34375 0.66 0.39010417 0.6508333 0.43645832 0.6408333 0.48645833 0.6308333 0.49270833 0.63 0.5 0.61583334 0.50364584 0.6091667 0.5005208 0.5966667 0.4984375 0.565 0.49427083 0.50333333 0.49010417 0.4425 0.48645833 0.4175
18 0.4125 0.42083332 0.37395832 0.36083335 0.3671875 0.35083333 0.35833332 0.34833333 0.35260418 0.35166666 0.35 0.35333332 0.29635417 0.44333333 0.29479167 0.445 0.34583333 0.43833333 0.384375 0.435 0.38541666 0.435 0.39635417 0.42833334 0.4046875 0.42333335 0.4140625 0.42083332
18 0.2703125 0.48833334 0.2296875 0.56416667 0.21354167 0.595 0.21302083 0.60333335 0.2140625 0.61333334 0.21666667 0.62 0.2234375 0.6275 0.24479167 0.64666665 0.25104168 0.6483333 0.2484375 0.65166664 0.25 0.6566667 0.25208333 0.6616667 0.25625 0.665 0.25989583 0.66583335 0.2609375 0.6666667 0.2625 0.6691667 0.27552083 0.6958333 0.290625 0.72583336 0.29427084 0.7316667 0.2984375 0.7325 0.30729166 0.7325 0.31041667 0.7325 0.34114584 0.68666667 0.35989583 0.6566667 0.34322917 0.66 0.31145832 0.67083335 0.296875 0.67583334 0.28697917 0.66833335 0.2828125 0.65833336 0.27604166 0.5733333 0.27135417 0.49416667 0.2703125 0.48833334
18 0.6020833 0.15583333 0.5921875 0.15 0.59010416 0.14833333 0.59010416 0.14833333 0.5729167 0.1575 0.515625 0.195 0.49791667 0.20583333 0.48802084 0.21583334 0.48177084 0.22416666 0.46927083 0.23 0.45260417 0.235 0.43125 0.24333334 0.41197917 0.25583333 0.40520832 0.26833335 0.40520832 0.27833334 0.41770834 0.34416667 0.42916667 0.39416668 0.43333334 0.41583332 0.47395834 0.40666667 0.4796875 0.41083333 0.4859375 0.4175 0.48854166 0.4325 0.490625 0.4475 0.55364585 0.41333333 0.603125 0.38416666 0.6359375 0.365 0.640625 0.35916665 0.64479166 0.35166666 0.646875 0.34333333 0.6479167 0.335 0.6479167 0.325 0.6458333 0.31333333 0.6390625 0.28666666 0.6354167 0.27 0.63177085 0.2575 0.6265625 0.23166667 0.6177083 0.20083334 0.61145836 0.1675 0.6067708 0.16083333 0.60625 0.15916666
18 0.7057292 0.24916667 0.7046875 0.23583333 0.6953125 0.21083333 0.6875 0.18416667 0.6822917 0.16833334 0.6770833 0.1575 0.6713542 0.13583334 0.6578125 0.1075 0.64635414 0.07666667 0.64270836 0.06916667 0.63125 0.0675 0.62864584 0.0675 0.57916665 0.11416667 0.50625 0.1875 0.484375 0.20666666 0.4609375 0.23166667 0.46041667 0.23333333 0.4671875 0.23166667 0.47864583 0.225 0.48645833 0.22 0.49270833 0.2125 0.49739584 0.2075 0.53541666 0.1825 0.58697915 0.15 0.59270835 0.14833333 0.60052085 0.15416667 0.60625 0.15916666 0.61145836 0.17 0.62916666 0.24333334 0.640625 0.29166666 0.6458333 0.31166667 0.64635414 0.3125 0.6723958 0.28833333 0.7046875 0.25666666
18 0.7859375 0.47166666 0.75625 0.42 0.75 0.41833332 0.74375 0.41833332 0.74114585 0.42 0.7359375 0.43 0.78333336 0.47166666 0.7890625 0.4775
