12 0.13177083 0.53583336 0.11510417 0.72583336 0.12083333 0.72833335 0.15572916 0.615 0.159375 0.58916664 0.17760417 0.55083334 0.17760417 0.5466667 0.1484375 0.53833336
12 0.16041666 0.44583333 0.18333334 0.5258333 0.1890625 0.50166667 0.20260416 0.41666666
12 0.29375 0.49416667 0.30625 0.53583336 0.315625 0.56 0.32395834 0.58166665 0.29375 0.5775 0.27083334 0.5783333
12 0.359375 0.5833333 0.32291666 0.58 0.32291666 0.58 0.2875 0.57916665 0.27135417 0.57916665 0.2296875 0.7375 0.27604166 0.7366667 0.315625 0.74916667 0.33177084 0.7625 0.34322917 0.7625 0.35208333 0.7325 0.3578125 0.6475
12 0.3546875 0.69083333 0.365625 0.715 0.365625 0.7191667 0.35260418 0.72833335
12 0.24375 0.74666667 0.25729167 0.79583335 0.25989583 0.80083334 0.27083334 0.7891667 0.31979167 0.75333333 0.3171875 0.7475 0.29010418 0.7416667 0.2765625 0.7366667 0.24270834 0.7375
12 0.259375 0.37833333 0.26770833 0.37333333 0.27604166 0.39333335 0.25572917 0.3825
12 0.271875 0.35166666 0.29739583 0.33416668 0.36354166 0.27666667 0.37864584 0.26333332 0.4046875 0.24 0.40104166 0.26666668 0.396875 0.30083334 0.38958332 0.32666665 0.38645834 0.36166668 0.38385418 0.3975 0.38125 0.435 0.3796875 0.46666667 0.32916668 0.5108333 0.30677083 0.45083332 0.30989584 0.4325 0.3140625 0.41 0.28541666 0.3975 0.275 0.36416668
12 0.41302082 0.16583334 0.409375 0.195 0.4046875 0.23916666 0.39739582 0.30083334 0.39010417 0.325 0.38229167 0.42083332 0.38020834 0.4675 0.37552083 0.52 0.37135416 0.5625 0.37916666 0.5575 0.42395833 0.56666666 0.46458334 0.57666665 0.4765625 0.45166665 0.49375 0.2975 0.4984375 0.275 0.5046875 0.20166667 0.42291668 0.1725
12 0.46770832 0.18166667 0.47447917 0.17333333 0.48020834 0.17166667 0.48802084 0.195 0.465625 0.18583333
12 0.5046875 0.23833333 0.5359375 0.33083335 0.4859375 0.37083334 0.49427083 0.29666665 0.4984375 0.275 0.50208336 0.23583333
12 0.21458334 0.36166668 0.20260416 0.41916665 0.1890625 0.5025 0.1765625 0.55083334 0.159375 0.59 0.15572916 0.6141667 0.119791664 0.73083335 0.15364583 0.75916666 0.20833333 0.7916667 0.215625 0.7925 0.24375 0.68666667 0.2828125 0.5316667 0.30989584 0.4325 0.3140625 0.41166666
