14 0.5651042 0.20916666 0.5776042 0.2375 0.584375 0.24666667 0.6302083 0.2875 0.62135416 0.38083333 0.56822914 0.33 0.5520833 0.31083333 0.5484375 0.30833334 0.5416667 0.30916667 0.521875 0.28916666 0.51979166 0.2825 0.52916664 0.28166667 0.53333336 0.28 0.5364583 0.27333334 0.5395833 0.27166668 0.5473958 0.26083332 0.55572915 0.2525 0.5630208 0.23583333 0.5630208 0.21083333
14 0.6848958 0.33916667 0.71979165 0.37 0.7291667 0.38 0.73854166 0.38083333 0.746875 0.3825 0.7583333 0.3975 0.753125 0.40083334 0.71458334 0.445 0.7114583 0.44833332 0.72447914 0.4675 0.71979165 0.46916667 0.70729166 0.4625 0.67760414 0.4375 0.67604166 0.41666666 0.6791667 0.3875 0.68385416 0.3375
14 0.46354166 0.31166667 0.46666667 0.30833334 0.48125 0.2475 0.48489583 0.23333333 0.4890625 0.23333333 0.49114582 0.24083333 0.4921875 0.2525 0.4953125 0.26166666 0.51979166 0.285 0.52135414 0.29 0.5421875 0.30916667 0.584375 0.35416666 0.62083334 0.38833332 0.61822915 0.41416666 0.61875 0.42083332 0.615625 0.42916667 0.6119792 0.4325 0.54114586 0.38666666 0.47291666 0.33916667 0.46354166 0.32833335 0.459375 0.31916666 0.453125 0.3125 0.44739583 0.30416667 0.45885417 0.30416667 0.4609375 0.30833334
14 0.4234375 0.29 0.44114584 0.3 0.44479167 0.3075 0.4484375 0.31666666 0.45625 0.32833335 0.46666667 0.3375 0.47552082 0.34333333 0.49010417 0.35333332 0.55104166 0.3925 0.61145836 0.4325 0.609375 0.44333333 0.6046875 0.45166665 0.6125 0.45083332 0.6296875 0.45583335 0.6354167 0.45833334 0.6510417 0.46333334 0.65208334 0.46916667 0.64479166 0.49916667 0.62864584 0.56333333 0.62291664 0.56083333 0.61041665 0.55083334 0.6078125 0.545 0.5796875 0.5158333 0.50885415 0.47 0.446875 0.425 0.44427082 0.42083332 0.43541667 0.41916665 0.43125 0.425 0.40885416 0.42166665 0.3921875 0.40833333 0.39270833 0.405 0.42135417 0.2925
14 0.6359375 0.5366667 0.68072915 0.59166664 0.68125 0.59583336 0.7114583 0.60833335 0.7213542 0.62666667 0.7213542 0.62916666 0.7135417 0.6325 0.70885414 0.635 0.7057292 0.64166665 0.703125 0.6425 0.6927083 0.66083336 0.6765625 0.685 0.6734375 0.70166665 0.6734375 0.70666665 0.665625 0.7033333 0.65260416 0.67 0.65260416 0.66583335 0.63489586 0.6425 0.5765625 0.5725 0.52708334 0.5108333 0.5151042 0.5058333 0.5046875 0.49833333 0.5005208 0.495 0.49427083 0.49166667 0.49166667 0.48583335 0.49322918 0.48166665 0.5005208 0.47166666 0.50416666 0.47 0.50625 0.46916667 0.55885416 0.5025 0.58020836 0.51666665 0.60729164 0.545 0.6109375 0.5516667 0.6223958 0.56083333 0.62864584 0.56333333 0.63489586 0.53833336
14 0.48854166 0.465 0.48645833 0.68083334 0.4890625 0.69666666 0.49583334 0.70166665 0.49583334 0.71 0.45364583 0.7108333 0.421875 0.71166664 0.421875 0.7058333 0.42291668 0.7 0.43385416 0.6825 0.4359375 0.6766667 0.43802083 0.5341667 0.48645833 0.46666667
14 0.4328125 0.5391667 0.43541667 0.575 0.43541667 0.58166665 0.43125 0.5833333 0.42864582 0.58166665 0.42447916 0.57166666 0.41510418 0.5625 0.43229166 0.54083335
14 0.37291667 0.27666667 0.3671875 0.245 0.36458334 0.23666666 0.3640625 0.2325 0.365625 0.2175 0.3671875 0.215 0.39895833 0.21 0.4203125 0.2125 0.42552084 0.21 0.42916667 0.20166667 0.43125 0.20166667 0.43489584 0.22583333 0.43541667 0.23833333 0.43177083 0.24833333 0.42708334 0.2625 0.42916667 0.2925 0.42395833 0.29 0.42135417 0.2925 0.40260416 0.36583334 0.3921875 0.40583333 0.3921875 0.40916666 0.40885416 0.42166665 0.4265625 0.425 0.41197917 0.44333333 0.4046875 0.43916667 0.37916666 0.41 0.37864584 0.38333333 0.37760416 0.36666667 0.3796875 0.31333333 0.38541666 0.29166666 0.38802084 0.28416666 0.38958332 0.2775 0.37552083 0.2775
14 0.3140625 0.285 0.32135418 0.2825 0.35729167 0.2775 0.36822918 0.27583334 0.3734375 0.27666667 0.37604168 0.2775 0.38958332 0.2775 0.38802084 0.28416666 0.3859375 0.29 0.38489583 0.2925 0.3796875 0.31333333 0.37708333 0.3675 0.37552083 0.40333334 0.321875 0.3475 0.32135418 0.31166667 0.31770834 0.30666667 0.31614584 0.30666667 0.31458333 0.29166666 0.31302083 0.28666666
14 0.275 0.29583332 0.278125 0.2875 0.27760416 0.2825 0.28020832 0.285 0.30572918 0.33083335 0.27447918 0.29833335
14 0.1875 0.32666665 0.1953125 0.2975 0.23125 0.23416667 0.24010417 0.23833333 0.25520834 0.27583334 0.30833334 0.33333334 0.378125 0.4075 0.37916666 0.41083333 0.4 0.43416667 0.40677083 0.44083333 0.4109375 0.4425 0.4109375 0.4475 0.39270833 0.485 0.38333333 0.5108333 0.37708333 0.51416665 0.36875 0.51166666 0.36458334 0.505 0.365625 0.50166667 0.30052084 0.43083334 0.23020834 0.3525 0.225 0.3425 0.22395833 0.3425 0.20572917 0.34416667 0.18802084 0.33083335 0.1859375 0.32666665
14 0.12604167 0.26 0.14114584 0.27166668 0.14635417 0.285 0.14947917 0.295 0.15520833 0.2975 0.1859375 0.32666665 0.1875 0.33166668 0.20729166 0.345 0.26666668 0.40333334 0.29791668 0.43416667 0.30260417 0.4425 0.3109375 0.4425 0.33697918 0.47 0.3375 0.48083332 0.31927082 0.5183333 0.31510416 0.54833335 0.3125 0.5525 0.30208334 0.56416667 0.29322916 0.555 0.284375 0.54083335 0.26302084 0.5208333 0.25 0.49583334 0.1765625 0.43 0.1359375 0.38583332 0.10364583 0.37916666 0.09947917 0.37666667 0.0828125 0.365 0.080729164 0.35833332 0.104166664 0.29666665 0.11510417 0.26833335 0.119791664 0.26583335 0.121875 0.26416665
14 0.23697917 0.36166668 0.29114583 0.42083332 0.28541666 0.4225 0.23072916 0.36833334 0.23541667 0.3625
14 0.23489584 0.485 0.17552084 0.58166665 0.17552084 0.6 0.16510417 0.61333334 0.16041666 0.62 0.15677084 0.61833334 0.1546875 0.6141667 0.15104167 0.6066667 0.12447917 0.56916666 0.108333334 0.5416667 0.1046875 0.53333336 0.1171875 0.5158333 0.12708333 0.51166666 0.13072917 0.50916666 0.13489583 0.5083333 0.18385416 0.43666667 0.20625 0.45666668 0.23541667 0.48333332
14 0.33697918 0.47083333 0.34010416 0.47416666 0.36510417 0.50083333 0.3625 0.5075 0.33697918 0.54083335 0.31979167 0.5475 0.31614584 0.5491667 0.31614584 0.54583335 0.3203125 0.5175 0.3359375 0.48333332 0.33697918 0.48083332 0.33697918 0.47583333
14 0.48697916 0.46583334 0.4828125 0.47083333 0.48072916 0.47416666 0.434375 0.5375 0.4140625 0.56333333 0.36666667 0.62333333 0.3671875 0.6408333 0.3640625 0.6483333 0.3484375 0.62916666 0.325 0.59833336 0.3015625 0.56583333 0.315625 0.5475 0.31666666 0.5491667 0.3359375 0.54083335 0.36197916 0.50916666 0.3640625 0.50416666 0.36822918 0.5125 0.3765625 0.515 0.38385418 0.5108333 0.39427084 0.48166665 0.41197917 0.44416666 0.41302082 0.44166666 0.4265625 0.425 0.42760417 0.425 0.43125 0.42583334 0.43541667 0.42 0.44427082 0.42083332 0.44739583 0.42583334 0.49322918 0.45833334 0.49166667 0.46083334 0.49010417 0.46333334 0.4890625 0.465
14 0.19322917 0.57 0.2109375 0.58166665 0.22291666 0.58166665 0.25729167 0.62333333 0.35260418 0.7625 0.35677084 0.7708333 0.36666667 0.79833335 0.375 0.80583334 0.38072917 0.8016667 0.40260416 0.7608333 0.42291668 0.7125 0.421875 0.70666665 0.42239583 0.7008333 0.4125 0.68833333 0.41041666 0.68916667 0.39791667 0.6791667 0.38177082 0.675 0.3625 0.64666665 0.346875 0.6275 0.32916668 0.6041667 0.3015625 0.56666666 0.3015625 0.565 0.29322916 0.555 0.28333333 0.54 0.26302084 0.52166665 0.25 0.49583334 0.2359375 0.48416665 0.1984375 0.55 0.19114584 0.56666666
14 0.41770834 0.6383333 0.41666666 0.6925 0.41302082 0.68916667 0.4109375 0.68916667 0.39895833 0.68 0.38229167 0.67583334 0.36354166 0.64916664 0.36614582 0.6458333 0.3921875 0.64916664 0.39479166 0.6433333 0.39791667 0.6483333 0.40885416 0.64416665 0.41354167 0.63666666
14 0.20833333 0.6308333 0.21666667 0.6425 0.24270834 0.6458333 0.2703125 0.64416665 0.33385417 0.73583335 0.23489584 0.73333335 0.2140625 0.735 0.20364584 0.7391667 0.19791667 0.74583334 0.1828125 0.7475 0.17864583 0.74 0.17760417 0.73 0.1875 0.63166666 0.190625 0.6325
14 0.425 0.715 0.4359375 0.7575 0.44270834 0.81333333 0.43489584 0.80833334 0.40885416 0.81083333 0.26041666 0.8925 0.24375 0.91 0.24270834 0.91083336 0.24270834 0.92083335 0.22708334 0.93833333 0.22291666 0.92083335 0.21822916 0.9025 0.203125 0.8516667 0.20208333 0.83916664 0.20364584 0.8208333 0.20572917 0.815 0.23072916 0.81666666 0.23802084 0.81333333 0.34739584 0.7575 0.3484375 0.75666666 0.35677084 0.77 0.36614582 0.7966667 0.36614582 0.7975 0.37552083 0.8066667 0.38177082 0.80083334 0.4046875 0.7558333 0.4234375 0.71166664 0.42447916 0.71166664
14 0.70625 0.13 0.70520836 0.15416667 0.7015625 0.16833334 0.696875 0.185 0.6947917 0.19416666 0.6875 0.29916668 0.684375 0.32666665 0.6802083 0.3725 0.67604166 0.41666666 0.67864585 0.465 0.68072915 0.475 0.6666667 0.475 0.66510415 0.46916667 0.6625 0.46666667 0.6359375 0.45833334 0.62916666 0.455 0.6125 0.45083332 0.6046875 0.45166665 0.6098958 0.44166666 0.61145836 0.4325 0.61614585 0.42916667 0.61927086 0.42166665 0.61875 0.41333333 0.6197917 0.40083334 0.63489586 0.24083333 0.6421875 0.16083333 0.6432292 0.155 0.6322917 0.14083333 0.6333333 0.13166666 0.63385415 0.12 0.63645834 0.115 0.6390625 0.115 0.6484375 0.115833335 0.7005208 0.1275
