1 0.19114584 0.625 0.1984375 0.63 0.19895834 0.6533333 0.20208333 0.69166666 0.20677084 0.7391667 0.21666667 0.81166667 0.225 0.8641667 0.23333333 0.88416666 0.24114583 0.905 0.24427083 0.90166664 0.24635416 0.92 0.23854166 0.92333335 0.20833333 0.93583333 0.18229167 0.9483333 0.15833333 0.955 0.15885417 0.95916665 0.17239584 0.96 0.16458334 0.97 0.15729167 0.9716667 0.1484375 0.9725 0.146875 0.9508333 0.14583333 0.93416667 0.14427084 0.91583335 0.1453125 0.9033333 0.13697916 0.86 0.1296875 0.8491667 0.1265625 0.83666664 0.12604167 0.8283333 0.121875 0.7916667 0.115625 0.75083333 0.114583336 0.73333335 0.111979164 0.72583336 0.096875 0.7216667 0.08385417 0.7008333 0.08229167 0.68583333 0.13177083 0.6691667 0.14583333 0.67 0.1546875 0.66333336 0.1703125 0.66333336 0.184375 0.6566667 0.18958333 0.6458333 0.1875 0.62666667
5 0.2 0.6566667 0.225 0.715 0.2375 0.74333334 0.2265625 0.7583333 0.2171875 0.76 0.21041666 0.7658333 0.20625 0.7325 0.20260416 0.69666666
1 0.9302083 0.31666666 0.95208335 0.3325 1.0 0.32916668 1.0 0.46833333 0.9848958 0.47333333 0.97291666 0.47083333 0.9640625 0.47833332 0.9401042 0.49666667 0.934375 0.495 0.93177086 0.45583335 0.93177086 0.39166668 0.928125 0.34333333 0.92395836 0.3175
1 0.56875 0.5475 0.58177084 0.54 0.6265625 0.49 0.6645833 0.45 0.6984375 0.41583332 0.72447914 0.36583334 0.7328125 0.35416666 0.7369792 0.355 0.77239585 0.41833332 0.80885416 0.47583333 0.8078125 0.47916666 0.7963542 0.47833332 0.79270834 0.49083334 0.77552086 0.49333334 0.77239585 0.5 0.73645836 0.5416667 0.69739586 0.5825 0.68125 0.57166666 0.678125 0.5733333 0.6770833 0.60583335 0.6640625 0.61833334 0.6375 0.64916664 0.634375 0.65416664 0.6276042 0.66833335 0.62916666 0.67583334 0.625 0.6725 0.6125 0.64416665 0.59166664 0.60833335 0.5697917 0.5758333 0.56354165 0.56333333
5 0.6984375 0.58416665 0.72083336 0.5941667 0.7447917 0.5941667 0.76979166 0.5975 0.75989586 0.61083335 0.746875 0.62583333 0.6890625 0.68916667 0.6796875 0.69416666 0.67291665 0.7 0.67395836 0.6825 0.67604166 0.655 0.6770833 0.6408333 0.6770833 0.6166667 0.6770833 0.60583335 0.67864585 0.5725 0.68125 0.57166666
5 0.80625 0.48333332 0.80885416 0.50166667 0.8098958 0.5208333 0.8072917 0.5283333 0.8041667 0.535 0.80572915 0.5425 0.8098958 0.5475 0.8119792 0.55583334 0.8046875 0.55333334 0.7963542 0.5566667 0.78802085 0.57 0.778125 0.5833333 0.76927084 0.59833336 0.7421875 0.5933333 0.7213542 0.5941667 0.69739586 0.5833333 0.740625 0.5375 0.7729167 0.5 0.7838542 0.49583334 0.7921875 0.49083334 0.8015625 0.485 0.8046875 0.48 0.80677086 0.48
1 0.81354165 0.5575 0.8177083 0.6116667 0.8203125 0.64166665 0.81927085 0.65416664 0.81666666 0.6725 0.82916665 0.69416666 0.8411458 0.70916665 0.8484375 0.7133333 0.8510417 0.71416664 0.85 0.71666664 0.84479165 0.71666664 0.83697915 0.7241667 0.80625 0.74583334 0.77760416 0.7708333 0.7291667 0.82166666 0.69947916 0.8541667 0.6546875 0.9058333 0.6411458 0.91333336 0.63072914 0.87583333 0.62708336 0.85583335 0.6140625 0.82666665 0.59270835 0.7675 0.590625 0.7583333 0.60364586 0.74333334 0.6098958 0.74333334 0.63125 0.7475 0.63489586 0.74583334 0.65625 0.71666664 0.67552084 0.6975 0.6791667 0.695 0.6890625 0.69 0.734375 0.64 0.759375 0.6125 0.77135414 0.59583336 0.78020835 0.5808333 0.7890625 0.56916666 0.796875 0.5566667 0.8052083 0.5541667
5 0.8177083 0.59 0.88854164 0.5825 0.8921875 0.5808333 0.9057292 0.58166665 0.90625 0.595 0.89739585 0.74833333 0.8875 0.8808333 0.8640625 0.8825 0.84375 0.8775 0.80260414 0.86583334 0.7453125 0.8541667 0.73541665 0.85583335 0.6901042 0.87333333 0.6859375 0.87 0.709375 0.8433333 0.75104165 0.7991667 0.7760417 0.7725 0.8046875 0.74833333 0.8375 0.7241667 0.84479165 0.71666664 0.84947914 0.71666664 0.8510417 0.715 0.8411458 0.7083333 0.82916665 0.69416666 0.81666666 0.67333335 0.81927085 0.65416664 0.8203125 0.64166665 0.81614584 0.59
5 0.7359375 0.89916664 0.77760416 0.86583334 0.78020835 0.8616667 0.7453125 0.8541667 0.7348958 0.855 0.7239583 0.86 0.7265625 0.87333333 0.7265625 0.88 0.73072916 0.88916665 0.7317708 0.89166665 0.7338542 0.89666665
1 0.73645836 0.9033333 0.7807292 0.9633333 0.8015625 0.9925 0.8119792 0.9975 0.8119792 1.0 0.67552084 1.0 0.6421875 0.95 0.62864584 0.94 0.615625 0.93916667 0.6140625 0.92833334 0.62864584 0.8975 0.634375 0.88916665 0.6411458 0.9141667 0.65520835 0.9066667 0.6859375 0.87 0.6901042 0.8725 0.71197915 0.865 0.7260417 0.88916665 0.7317708 0.8925 0.7338542 0.89666665 0.7359375 0.89916664
5 0.66822916 0.67583334 0.66197914 0.6525 0.6578125 0.62583333 0.665625 0.6175 0.6765625 0.60583335 0.6770833 0.6408333 0.6734375 0.69166666
5 0.0 0.64666665 0.0234375 0.6325 0.0421875 0.61 0.07083333 0.5908333 0.088541664 0.565 0.1234375 0.525 0.13020833 0.51416665 0.14375 0.5025 0.15 0.5158333 0.18697916 0.62583333 0.18802084 0.6325 0.1890625 0.6458333 0.184375 0.6566667 0.1703125 0.66333336 0.1578125 0.66333336 0.15520833 0.66333336 0.1453125 0.6691667 0.14114584 0.6691667 0.13125 0.6691667 0.08229167 0.68583333 0.084375 0.7008333 0.092708334 0.71416664 0.096875 0.7216667 0.11145833 0.72583336 0.114583336 0.73333335 0.116145834 0.75083333 0.122395836 0.795 0.1265625 0.8308333 0.08541667 0.87333333 0.071354166 0.88666666 0.061979167 0.91333336 0.0578125 0.9191667 0.046875 0.9275 0.0328125 0.9008333 0.0 0.82166666 0.0 0.6566667
