14 0.53333336 0.55916667 0.53125 0.53333336 0.5463542 0.5275 0.59375 0.5475 0.60364586 0.5625 0.6020833 0.5775 0.59166664 0.585 0.58229166 0.6075 0.5786458 0.6333333 0.54322916 0.6091667 0.5296875 0.5925
14 0.50885415 0.7175 0.5140625 0.67583334 0.55 0.7158333 0.5619792 0.73083335 0.559375 0.74583334 0.54479164 0.74583334 0.521875 0.7291667
14 0.465625 0.67333335 0.46822917 0.64916664 0.47447917 0.65166664 0.48229167 0.6933333 0.465625 0.68
14 0.384375 0.5966667 0.39791667 0.59583336 0.40625 0.59 0.4046875 0.58416665 0.42083332 0.5775 0.42083332 0.6075 0.41979167 0.64166665 0.39895833 0.625 0.38177082 0.6025
14 0.55 0.8016667 0.54375 0.8325 0.5338542 0.8225 0.53697914 0.81 0.5421875 0.8066667
14 0.49322918 0.80333334 0.4890625 0.84166664 0.48020834 0.84833336 0.47395834 0.85583335 0.4765625 0.88666666 0.48229167 0.87916666 0.4921875 0.895 0.5125 0.90833336 0.53802085 0.915 0.54375 0.8958333 0.5364583 0.86 0.54479164 0.8441667 0.5442708 0.835 0.52708334 0.8225 0.51666665 0.81666666 0.5026042 0.8066667
14 0.39427084 0.7183333 0.3609375 0.6983333 0.34947917 0.6933333 0.34166667 0.68833333 0.33229166 0.6666667 0.34427083 0.67 0.35677084 0.6558333 0.37395832 0.62083334 0.37760416 0.6141667 0.37395832 0.5933333 0.3765625 0.5925 0.38125 0.6041667 0.396875 0.62416667 0.42395833 0.64666665 0.471875 0.685 0.5109375 0.72083336 0.54479164 0.74666667 0.5619792 0.74666667 0.5697917 0.75166667 0.57708335 0.7633333 0.5494792 0.8 0.546875 0.80333334 0.5359375 0.80833334 0.53333336 0.825 0.50364584 0.80916667 0.48541668 0.79333335 0.44791666 0.7658333 0.4078125 0.7291667
14 0.41510418 0.7758333 0.35 0.7941667 0.30260417 0.8016667 0.2953125 0.81333333 0.2890625 0.82916665 0.28229168 0.8325 0.2765625 0.8383333 0.2625 0.75083333 0.26041666 0.715 0.271875 0.71666664 0.28177083 0.725 0.36770833 0.7033333 0.3953125 0.72 0.4359375 0.7558333 0.44635418 0.76666665
14 0.29375 0.6825 0.2265625 0.68583333 0.21614583 0.6933333 0.209375 0.6958333 0.209375 0.62833333 0.20833333 0.58 0.20989583 0.5808333 0.23333333 0.6025 0.25833333 0.5975 0.37395832 0.5975 0.37864584 0.61333334 0.35885417 0.6533333 0.34479168 0.6691667 0.33333334 0.665 0.33645833 0.67833334
14 0.49427083 0.6533333 0.41458333 0.57166666 0.403125 0.57666665 0.39166668 0.56583333 0.41458333 0.49416667 0.42395833 0.45833334 0.44270834 0.47333333 0.45260417 0.49833333 0.45572916 0.5083333 0.54375 0.60833335 0.559375 0.6191667 0.58697915 0.6425 0.5921875 0.65166664 0.6020833 0.6558333 0.6078125 0.65166664 0.60833335 0.67 0.6067708 0.68416667 0.60364586 0.70166665 0.59947914 0.7083333 0.59479165 0.72833335 0.5854167 0.7416667 0.57604164 0.76 0.5697917 0.74916667 0.56875 0.7416667 0.55 0.715 0.5161458 0.6766667
