8 0.00052083336 0.015833333 0.016145833 0.08416667 0.042708334 0.19916667 0.040625 0.215 0.031770833 0.22666667 0.0 0.23833333
8 0.13229166 0.24416667 0.17135416 0.28166667 0.20104167 0.30833334 0.22447917 0.33416668 0.2328125 0.34333333 0.26302084 0.35416666 0.265625 0.36333334 0.26979166 0.36 0.29635417 0.38333333 0.296875 0.3875 0.2671875 0.4625 0.21458334 0.5708333 0.19427083 0.5491667 0.19375 0.5416667 0.18958333 0.5416667 0.17395833 0.5108333 0.14166667 0.49083334 0.0828125 0.44833332 0.061979167 0.435 0.055729166 0.42083332 0.055729166 0.405 0.079166666 0.3475 0.098958336 0.31166667 0.108333334 0.25333333 0.1171875 0.24333334
8 0.0 0.32416666 0.0 0.48416665 0.0765625 0.47833332 0.11927083 0.475 0.07604167 0.44416666 0.061979167 0.43666667 0.0546875 0.41916665 0.055729166 0.40333334 0.079166666 0.34583333 0.09947917 0.30916667 0.106770836 0.26333332 0.079166666 0.26583335 0.075 0.28833333 0.06666667 0.29833335 0.059375 0.30083334 0.036458332 0.28583333 0.0 0.27
8 0.091145836 0.6825 0.1234375 0.7808333 0.14375 0.8383333 0.13958333 0.8625 0.075520836 0.9141667 0.061979167 0.91333336 0.0 0.9741667 0.0 0.74 0.038541667 0.7 0.07760417 0.6725 0.0890625 0.6791667
8 0.13697916 0.5541667 0.13802083 0.6741667 0.13489583 0.7241667 0.14375 0.73833334 0.15104167 0.7425 0.2171875 0.7375 0.28072917 0.73083335 0.29114583 0.7325 0.28645834 0.715 0.2890625 0.7083333 0.31302083 0.6408333 0.31927082 0.5683333 0.3125 0.56166667 0.3 0.58916664 0.2875 0.6091667 0.27604166 0.62 0.27447918 0.62916666 0.27447918 0.65416664 0.26458332 0.675 0.2515625 0.685 0.24322917 0.68333334 0.19114584 0.59833336 0.16041666 0.56166667 0.146875 0.56083333
8 0.26822916 0.46083334 0.28645834 0.49666667 0.28802082 0.5058333 0.29166666 0.5075 0.30260417 0.50083333 0.31302083 0.51666665 0.31458333 0.52916664 0.30989584 0.56666666 0.29739583 0.5925 0.28697917 0.61 0.275 0.62 0.27447918 0.62583333 0.27395833 0.65416664 0.26510417 0.6741667 0.2515625 0.685 0.2421875 0.6825 0.2 0.6116667 0.1875 0.5941667 0.1609375 0.5625 0.14791666 0.56083333 0.13854167 0.5541667 0.1234375 0.52666664 0.12083333 0.51916665 0.1375 0.48833334 0.1609375 0.50333333 0.17291667 0.5108333 0.1890625 0.54083335 0.19375 0.5416667 0.19375 0.5475 0.19375 0.5491667 0.21510416 0.57166666 0.25104168 0.49666667
8 0.2296875 0.065 0.2671875 0.090833336 0.2703125 0.1 0.27291667 0.09583333 0.3 0.119166665 0.33020833 0.14083333 0.371875 0.1725 0.39947918 0.18666667 0.40989584 0.19583334 0.41875 0.20916666 0.41875 0.2225 0.41302082 0.2475 0.39010417 0.27333334 0.39010417 0.30333334 0.38072917 0.37083334 0.37395832 0.38583332 0.35989583 0.39166668 0.31770834 0.36083335 0.29010418 0.34 0.24427083 0.30833334 0.2234375 0.29916668 0.22135417 0.29333332 0.21770833 0.29583332 0.18229167 0.2725 0.1703125 0.2575 0.17239584 0.2425 0.1953125 0.16333333 0.209375 0.10916667 0.21510416 0.07416666 0.221875 0.0675
8 0.5229167 0.0016666667 0.5015625 0.10166667 0.49479166 0.145 0.48333332 0.21416667 0.4765625 0.23166667 0.46770832 0.24 0.46197918 0.23666666 0.453125 0.23333333 0.4390625 0.21583334 0.40208334 0.1875 0.390625 0.17333333 0.38125 0.17833333 0.3578125 0.16083333 0.365625 0.12 0.37708333 0.07833333 0.38854167 0.0 0.52239585 0.0
8 0.61354166 0.0 0.64947915 0.11333334 0.61302084 0.25083333 0.5890625 0.3375 0.58229166 0.3525 0.5697917 0.35083333 0.54270834 0.3275 0.5171875 0.28333333 0.496875 0.28916666 0.48333332 0.28333333 0.46770832 0.2575 0.46927083 0.23916666 0.475 0.2325 0.48229167 0.215 0.49583334 0.14083333 0.52447915 0.031666666 0.53125 0.035 0.52760416 0.025 0.53541666 0.0
8 0.86875 0.07833333 0.878125 0.1125 0.88177085 0.14083333 0.9046875 0.18583333 0.94114584 0.265 0.9447917 0.28333333 0.9671875 0.34583333 0.9635417 0.37 0.8755208 0.46083334 0.8666667 0.46833333 0.85364586 0.46166667 0.8359375 0.4125 0.83697915 0.40583333 0.83177084 0.40416667 0.81145835 0.335 0.7786458 0.26 0.75572914 0.20166667 0.7572917 0.17666666 0.76458335 0.16083333 0.8171875 0.1175 0.8359375 0.09 0.8567708 0.071666665 0.8640625 0.075
8 0.6796875 0.21583334 0.74375 0.19166666 0.7572917 0.18666667 0.75625 0.20166667 0.7885417 0.28333333 0.80885416 0.32916668 0.828125 0.41583332 0.8255208 0.42416668 0.82916665 0.42666668 0.8411458 0.49166667 0.8354167 0.5158333 0.78697914 0.53583336 0.72083336 0.55583334 0.70989585 0.5466667 0.70729166 0.5233333 0.7015625 0.4775 0.70416665 0.47083333 0.70104164 0.47 0.69947916 0.42333335 0.69114584 0.37166667 0.6869792 0.3375 0.6822917 0.3175 0.671875 0.26333332 0.6692708 0.23666666 0.6713542 0.2275
8 0.81666666 0.74 0.89166665 0.77416664 0.9192708 0.7875 0.925 0.805 0.88697916 0.96416664 0.8765625 1.0 0.7505208 1.0 0.75364584 0.97583336 0.75625 0.97333336 0.75416666 0.96666664 0.765625 0.9116667 0.77447915 0.89666665 0.7890625 0.81583333 0.80364585 0.7525 0.80833334 0.745
8 0.78697914 0.5516667 0.8619792 0.52666664 0.88177085 0.5225 0.88958335 0.5366667 0.9010417 0.68333334 0.9010417 0.7125 0.9078125 0.75333333 0.91041666 0.7816667 0.83385414 0.7475 0.8171875 0.7391667 0.80833334 0.745 0.8046875 0.75083333 0.7953125 0.78833336 0.784375 0.8383333 0.77447915 0.6825 0.76354164 0.56666666 0.76875 0.5541667 0.7739583 0.5491667 0.77708334 0.5516667
8 0.6067708 0.49583334 0.6484375 0.535 0.6588542 0.54083335 0.675 0.56166667 0.6869792 0.55833334 0.6958333 0.55833334 0.7057292 0.5675 0.70989585 0.5833333 0.709375 0.59166664 0.6869792 0.65833336 0.6625 0.755 0.65208334 0.8041667 0.646875 0.8066667 0.6489583 0.81166667 0.63854164 0.8575 0.63125 0.88166666 0.6166667 0.88916665 0.59479165 0.8725 0.54010415 0.835 0.51354164 0.81333333 0.5104167 0.7991667 0.5104167 0.7841667 0.52708334 0.72833335 0.5307292 0.72583336 0.528125 0.7183333 0.53125 0.715 0.58385414 0.68583333 0.5890625 0.67583334 0.590625 0.6625 0.5708333 0.57666665 0.58125 0.55333334 0.58177084 0.53583336 0.59010416 0.5058333 0.596875 0.50083333
8 0.44739583 0.6325 0.44947916 0.6533333 0.4546875 0.6741667 0.46041667 0.71 0.4640625 0.7275 0.46666667 0.735 0.4734375 0.74333334 0.48125 0.745 0.49583334 0.7375 0.5307292 0.715 0.565625 0.6975 0.584375 0.68583333 0.58958334 0.675 0.590625 0.6625 0.5697917 0.5733333 0.559375 0.5875 0.5463542 0.60833335 0.53229165 0.6225 0.5140625 0.6716667 0.5046875 0.69083333 0.4953125 0.69416666 0.48802084 0.68833333 0.4640625 0.65166664 0.45 0.6333333
8 0.45052084 0.66583335 0.43177083 0.72 0.4234375 0.7375 0.41927084 0.7575 0.40885416 0.7925 0.39270833 0.81 0.38125 0.8066667 0.36041668 0.785 0.353125 0.7608333 0.34322917 0.765 0.33020833 0.7633333 0.29791668 0.7425 0.290625 0.7325 0.28645834 0.71416664 0.31354168 0.64166665 0.33489582 0.5825 0.35 0.5283333 0.35677084 0.5 0.375 0.52916664 0.4015625 0.5625 0.428125 0.59583336 0.44635418 0.63 0.4484375 0.6458333
8 0.47291666 0.36583334 0.5078125 0.34916666 0.5182292 0.35416666 0.51927084 0.36083335 0.52135414 0.3625 0.5359375 0.425 0.53489584 0.43166667 0.5375 0.43333334 0.55 0.49 0.54479164 0.48333332 0.51875 0.4525 0.50208336 0.42833334 0.47864583 0.395 0.4703125 0.37166667
8 0.36354166 0.4025 0.39635417 0.3525 0.421875 0.31416667 0.43489584 0.315 0.46197918 0.355 0.46354166 0.365 0.46666667 0.36666667 0.47916666 0.3975 0.49010417 0.41083333 0.51354164 0.44583333 0.55364585 0.49416667 0.5697917 0.5175 0.5807292 0.5325 0.58125 0.53833336 0.58125 0.5516667 0.571875 0.575 0.5703125 0.575 0.5697917 0.575 0.5651042 0.58 0.5598958 0.5858333 0.5473958 0.6066667 0.53229165 0.6225 0.5140625 0.67083335 0.5052083 0.69083333 0.49583334 0.6933333 0.48854166 0.68833333 0.47447917 0.6666667 0.46510416 0.6533333 0.45 0.6333333 0.446875 0.63 0.4296875 0.59833336 0.40364584 0.56583333 0.37708333 0.5325 0.34427083 0.47833332 0.33645833 0.4625 0.3375 0.44
8 0.011458334 0.05 0.078125 0.06916667 0.0796875 0.1875 0.080729164 0.24833333 0.075 0.2875 0.0671875 0.2975 0.058333334 0.29916668 0.0390625 0.28666666 0.033333335 0.285 0.0 0.26916668 0.0 0.23833333 0.03125 0.22666667 0.040625 0.21583334 0.042708334 0.19833334 0.016145833 0.083333336
