16 0.14947917 0.6575 0.15052083 0.6791667 0.15677084 0.74666667 0.17760417 0.7391667 0.16302083 0.68416667 0.153125 0.6483333 0.1625 0.64416665 0.1671875 0.64 0.20833333 0.6175 0.24114583 0.6 0.27864584 0.57916665 0.3390625 0.5416667 0.39635417 0.5083333 0.37760416 0.38583332 0.3109375 0.40916666 0.265625 0.42666668 0.21927084 0.45166665 0.19583334 0.4525 0.1734375 0.495 0.134375 0.5758333 0.14375 0.60833335 0.15 0.6325
16 0.0 0.125 0.106770836 0.23833333 0.234375 0.37333333 0.19166666 0.46083334 0.17395833 0.49333334 0.13385417 0.57666665 0.119791664 0.60833335 0.115625 0.61583334 0.010416667 0.485 0.0 0.46583334
16 0.46302083 0.59833336 0.57239586 0.6016667 0.6265625 0.6075 0.65260416 0.59833336 0.69895834 0.5975 0.69895834 0.7416667 0.7 0.75166667 0.68645835 0.81166667 0.684375 0.8491667 0.67864585 0.8666667 0.659375 0.865 0.64739585 0.8591667 0.6328125 0.8591667 0.625 0.86333334 0.58958334 0.865 0.565625 0.8591667 0.5494792 0.8625 0.53489584 0.86833334 0.48489583 0.87583333 0.44791666 0.8775 0.44635418 0.75333333 0.44583333 0.6475 0.44635418 0.5991667 0.44739583 0.5991667
16 0.7328125 0.6016667 0.74114585 0.5708333 0.8375 0.63 0.90208334 0.67583334 0.8755208 0.75666666 0.834375 0.8925 0.815625 1.0 0.74010414 1.0 0.71197915 0.9775 0.7078125 0.975 0.6796875 0.97 0.675 0.9608333 0.6666667 0.89 0.6770833 0.8666667 0.684375 0.8491667 0.68645835 0.81166667 0.7 0.75166667 0.703125 0.7225 0.725 0.6333333
16 0.5317708 0.29666665 0.56666666 0.30166668 0.5708333 0.44916666 0.653125 0.44333333 0.71510416 0.43666667 0.74791664 0.43 0.7494792 0.4225 0.7427083 0.34916666 0.7583333 0.34416667 0.7796875 0.35583332 0.7765625 0.45666668 0.7640625 0.54333335 0.71666664 0.6041667 0.7140625 0.605 0.6901042 0.585 0.6744792 0.5966667 0.6510417 0.5975 0.5109375 0.58166665 0.5104167 0.575 0.52447915 0.39 0.5307292 0.30333334
16 0.571875 0.155 0.5625 0.12 0.55625 0.054166667 0.56041664 0.048333332 0.58697915 0.04083333 0.65729165 0.031666666 0.63958335 0.095 0.64375 0.100833334 0.7140625 0.16416667 0.7291667 0.1725 0.7317708 0.18666667 0.7260417 0.21166667 0.7369792 0.27583334 0.7427083 0.35166666 0.7494792 0.42333335 0.7473958 0.43083334 0.6947917 0.4375 0.64166665 0.44416666 0.5708333 0.44916666 0.56614584 0.2825 0.571875 0.16333333
16 0.78125 0.21083333 0.8052083 0.11083333 0.82135415 0.06916667 0.903125 0.123333335 0.9447917 0.1575 0.9546875 0.17416666 0.96875 0.17916666 1.0 0.1925 1.0 0.38916665 0.9817708 0.455 0.95885414 0.45333335 0.93854165 0.44916666 0.91875 0.43416667 0.9088542 0.42666668 0.7739583 0.35333332 0.7484375 0.3375 0.7765625 0.22916667
16 0.659375 0.024166666 0.66822916 0.0 0.90052086 0.0 0.9453125 0.030833334 0.9057292 0.12583333 0.88958335 0.11333334 0.8208333 0.06916667 0.80572915 0.10916667 0.7828125 0.20583333 0.7729167 0.19416666 0.7494792 0.18583333 0.7296875 0.1725 0.7140625 0.16416667 0.69947916 0.15083334 0.64270836 0.1 0.63958335 0.095 0.65625 0.035833333
16 0.42135417 0.1775 0.34479168 0.0 0.61927086 0.0 0.575 0.035833333 0.5609375 0.04916667 0.55572915 0.054166667 0.5494792 0.06666667 0.5260417 0.093333334 0.48229167 0.1475 0.4296875 0.19916667
16 0.16666667 0.63916665 0.23072916 0.60583335 0.27239582 0.5825 0.3625 0.5275 0.403125 0.50416666 0.41770834 0.56583333 0.4265625 0.6166667 0.44166666 0.6641667 0.44583333 0.6825 0.44635418 0.7625 0.37916666 0.8066667 0.328125 0.8433333 0.27135417 0.87833333 0.2234375 0.91333336 0.20833333 0.8516667 0.19166666 0.79333335 0.16197917 0.68083334 0.153125 0.6475 0.1625 0.6433333
