17 0.24635416 0.0 0.23020834 0.051666666 0.21979167 0.07666667 0.20572917 0.1025 0.17395833 0.17333333 0.17395833 0.18 0.16979167 0.18 0.15364583 0.2175 0.15364583 0.23583333 0.15729167 0.24416667 0.20677084 0.295 0.26354167 0.35166666 0.27083334 0.34916666 0.27760416 0.34083334 0.290625 0.30166668 0.28854167 0.2925 0.29375 0.295 0.32395834 0.20833333 0.35729167 0.14416666 0.3421875 0.06333333 0.3359375 0.0275 0.30833334 0.0025 0.28541666 0.0033333334 0.28385416 0.0
17 0.3453125 0.0 0.39270833 0.08833333 0.425 0.135 0.4546875 0.14083333 0.51458335 0.16666667 0.52552086 0.15916666 0.5307292 0.145 0.54114586 0.031666666 0.5421875 0.0
17 0.7859375 0.33583334 0.75572914 0.34916666 0.72864586 0.36333334 0.71979165 0.37333333 0.7046875 0.395 0.70520836 0.4175 0.70885414 0.41916665 0.70885414 0.42333335 0.70625 0.42333335 0.70729166 0.44916666 0.7213542 0.525 0.73229164 0.5675 0.7416667 0.5825 0.7427083 0.595 0.7546875 0.6075 0.7604167 0.62166667 0.76145834 0.6375 0.75572914 0.6483333 0.75677085 0.6641667 0.76354164 0.67333335 0.77135414 0.6766667 0.8078125 0.64916664 0.84791666 0.6225 0.87083334 0.6066667 0.88125 0.59 0.8828125 0.5683333 0.871875 0.5416667 0.8598958 0.51916665 0.8520833 0.51 0.84947914 0.49416667 0.8520833 0.48083332 0.846875 0.4325 0.8463542 0.405 0.84166664 0.38083333 0.8333333 0.34916666 0.8296875 0.33 0.81927085 0.31833333 0.81458336 0.32
17 0.32447916 0.47416666 0.31510416 0.475 0.30833334 0.47833332 0.28333333 0.52416664 0.26875 0.5625 0.26510417 0.58916664 0.2609375 0.605 0.25416666 0.61583334 0.246875 0.6675 0.2390625 0.6933333 0.2421875 0.6975 0.24583334 0.7 0.25416666 0.6975 0.26458332 0.68 0.27395833 0.6766667 0.27604166 0.6875 0.27708334 0.73333335 0.28125 0.755 0.29739583 0.7941667 0.3296875 0.85583335 0.3375 0.8666667 0.34427083 0.87416667 0.3546875 0.875 0.36041668 0.87083334 0.40104166 0.81416667 0.44166666 0.7558333 0.46041667 0.7241667 0.4625 0.7133333 0.459375 0.69666666 0.44583333 0.6741667 0.44114584 0.675 0.44322917 0.6675 0.3890625 0.57916665 0.3578125 0.5233333 0.33333334 0.48416665
17 0.4734375 0.7158333 0.45989582 0.72833335 0.4484375 0.745 0.44270834 0.75333333 0.44114584 0.7725 0.4484375 0.805 0.46510416 0.85083336 0.48802084 0.9116667 0.5052083 0.95666665 0.5130208 0.96166664 0.5229167 0.9608333 0.5359375 0.94916666 0.5598958 0.9216667 0.56875 0.9008333 0.5828125 0.88 0.60833335 0.8641667 0.62604165 0.8375 0.6255208 0.82416666 0.6380208 0.8125 0.6510417 0.8208333 0.6578125 0.815 0.66614586 0.7816667 0.65520835 0.72583336 0.6390625 0.685 0.62135416 0.63166666 0.61354166 0.61 0.60260415 0.6016667 0.5942708 0.6 0.56614584 0.62666667 0.52447915 0.675 0.5171875 0.69166666 0.5109375 0.7 0.50104165 0.69916666 0.49375 0.7
17 0.33854166 0.96416664 0.3265625 0.9625 0.31041667 0.9691667 0.27864584 0.98333335 0.26979166 0.99083334 0.2671875 1.0 0.48333332 1.0 0.47916666 0.97833335 0.47864583 0.9691667 0.4765625 0.9425 0.46979168 0.92833334 0.46145833 0.9225 0.44010416 0.9241667 0.41770834 0.93333334 0.39010417 0.9475 0.38125 0.9508333 0.359375 0.9558333 0.34791666 0.96166664
17 0.2671875 0.69666666 0.23697917 0.71416664 0.225 0.72083336 0.21875 0.73333335 0.21614583 0.75 0.22552083 0.7891667 0.2484375 0.8666667 0.26458332 0.9125 0.2703125 0.94666666 0.275 0.9525 0.284375 0.955 0.2921875 0.9508333 0.3078125 0.935 0.30885416 0.9266667 0.3171875 0.92333335 0.32604167 0.9225 0.34479168 0.91333336 0.38489583 0.89166665 0.42760417 0.86833334 0.43333334 0.865 0.43489584 0.85833335 0.4390625 0.8616667 0.45729166 0.85083336 0.4609375 0.8408333 0.44895834 0.80583334 0.440625 0.7725 0.4421875 0.7558333 0.37291667 0.85333335 0.36145833 0.87 0.3546875 0.875 0.34375 0.87416667 0.3359375 0.8641667 0.33072916 0.8566667 0.29895833 0.7975 0.28125 0.755 0.27708334 0.7341667 0.2765625 0.7 0.2734375 0.6933333
17 0.24114583 0.7 0.2109375 0.69416666 0.17291667 0.6958333 0.1671875 0.69416666 0.15677084 0.6825 0.14322917 0.68083334 0.122395836 0.66583335 0.104166664 0.66 0.088541664 0.6616667 0.079166666 0.675 0.06979167 0.6975 0.06302083 0.7291667 0.055208333 0.7925 0.049479168 0.8375 0.042708334 0.87083334 0.043229166 0.88416666 0.049479168 0.90166664 0.0765625 0.90833336 0.13177083 0.91833335 0.190625 0.9433333 0.24479167 0.96416664 0.25729167 0.95 0.26354167 0.9116667 0.24791667 0.86583334 0.22395833 0.785 0.21614583 0.74916667 0.21875 0.73333335 0.225 0.7216667 0.25572917 0.7033333 0.2546875 0.6975 0.24635416 0.7
17 0.27395833 0.6766667 0.26458332 0.68 0.25416666 0.6975 0.2546875 0.6975 0.25625 0.7033333 0.2734375 0.6933333 0.2765625 0.7 0.27604166 0.6875
17 0.2109375 0.46333334 0.20833333 0.46083334 0.171875 0.46666667 0.14166667 0.47833332 0.104166664 0.49 0.08645833 0.49916667 0.08125 0.505 0.079166666 0.51916665 0.08125 0.5316667 0.083333336 0.5416667 0.084375 0.5625 0.0875 0.58416665 0.09166667 0.6025 0.09427083 0.66083336 0.104166664 0.6591667 0.121875 0.665 0.14375 0.68083334 0.15677084 0.6825 0.16614583 0.6933333 0.17395833 0.6958333 0.2109375 0.69416666 0.24479167 0.7 0.2390625 0.6933333 0.24635416 0.6691667 0.24166666 0.65166664 0.2328125 0.6275 0.228125 0.6141667 0.22864583 0.60083336 0.2234375 0.59833336 0.21614583 0.5908333 0.21302083 0.5833333 0.20989583 0.4975 0.21041666 0.47166666 0.21197917 0.46416667
17 0.25 0.59583336 0.228125 0.5991667 0.22864583 0.60083336 0.228125 0.6141667 0.23385416 0.63166666 0.24166666 0.65166664 0.24635416 0.6691667 0.246875 0.66833335 0.25416666 0.6166667 0.2609375 0.6041667 0.2640625 0.5941667
17 0.19947916 0.2925 0.19375 0.29583332 0.18854167 0.30333334 0.18697916 0.3125 0.20208333 0.38083333 0.20833333 0.41083333 0.21510416 0.42083332 0.21770833 0.4275 0.221875 0.43583333 0.2234375 0.45 0.221875 0.45833334 0.2140625 0.4625 0.21145834 0.465 0.21041666 0.47166666 0.20989583 0.49833333 0.21302083 0.5833333 0.21614583 0.5908333 0.22395833 0.5991667 0.22864583 0.5991667 0.26354167 0.5941667 0.265625 0.5875 0.26927084 0.56166667 0.2828125 0.5233333 0.30833334 0.47833332 0.315625 0.475 0.325 0.47416666 0.33385417 0.485 0.3375 0.49083334 0.3609375 0.45916668 0.35208333 0.375 0.3453125 0.3325 0.34479168 0.30833334 0.340625 0.285 0.33072916 0.24916667 0.325 0.245 0.309375 0.25 0.29375 0.29416665 0.2890625 0.2925 0.290625 0.3025 0.27760416 0.34083334 0.2703125 0.35 0.26354167 0.35166666 0.203125 0.2925
17 0.44583333 0.37166667 0.43645832 0.3675 0.42916667 0.36833334 0.39583334 0.41166666 0.37447917 0.44166666 0.3609375 0.46 0.33802083 0.49083334 0.38229167 0.56666666 0.41458333 0.62166667 0.44270834 0.6675 0.44947916 0.6616667 0.48697916 0.60083336 0.50416666 0.58 0.5239583 0.55583334 0.53229165 0.5375 0.5338542 0.5208333 0.5307292 0.5075 0.5078125 0.47 0.49479166 0.4525 0.48958334 0.44666666 0.48385417 0.44166666 0.47708333 0.43166667 0.459375 0.3925 0.44947916 0.37583333
17 0.39114583 0.11833333 0.37083334 0.13 0.35677084 0.13666667 0.3578125 0.14416666 0.3234375 0.20833333 0.32135418 0.21416667 0.32552084 0.215 0.3234375 0.22 0.33072916 0.24916667 0.34114584 0.2875 0.3484375 0.32083333 0.35677084 0.35916665 0.37552083 0.43833333 0.42864582 0.36833334 0.43697917 0.36666667 0.446875 0.37166667 0.45989582 0.39166668 0.47135416 0.41666666 0.5140625 0.38833332 0.51979166 0.375 0.51927084 0.36166668 0.4984375 0.30166668 0.48541668 0.255 0.4765625 0.1975 0.46510416 0.145 0.4546875 0.14 0.42552084 0.135 0.40833333 0.11083333
17 0.65729165 0.24166666 0.58385414 0.16 0.5807292 0.1575 0.5697917 0.1575 0.5609375 0.1625 0.55572915 0.17583333 0.5572917 0.185 0.553125 0.18333334 0.5385417 0.22166666 0.5239583 0.255 0.5109375 0.28416666 0.50104165 0.3075 0.51927084 0.36166668 0.5203125 0.37333333 0.5140625 0.3875 0.47083333 0.4175 0.478125 0.43416667 0.48385417 0.4425 0.48802084 0.445 0.496875 0.45666668 0.51770836 0.47833332 0.534375 0.495 0.5494792 0.505 0.5640625 0.505 0.57135415 0.50083333 0.5885417 0.46166667 0.60364586 0.435 0.6078125 0.43166667 0.61510414 0.4325 0.63177085 0.40583333 0.6666667 0.33833334 0.67552084 0.31583333 0.67083335 0.2925 0.6703125 0.275 0.66197914 0.25166667
17 0.70104164 0.53333336 0.6958333 0.5308333 0.690625 0.5341667 0.67864585 0.51916665 0.6645833 0.48416665 0.6380208 0.43166667 0.62708336 0.4275 0.6234375 0.42083332 0.61510414 0.43166667 0.6078125 0.43083334 0.60364586 0.43583333 0.58802086 0.46083334 0.571875 0.5 0.56458336 0.50416666 0.5494792 0.5058333 0.53333336 0.49333334 0.5421875 0.52416664 0.54895836 0.5541667 0.54114586 0.5725 0.55677086 0.60833335 0.56458336 0.6041667 0.5734375 0.61 0.5786458 0.615 0.5942708 0.6 0.603125 0.6016667 0.61354166 0.61 0.63385415 0.6691667 0.64635414 0.7025 0.69114584 0.70916665 0.7125 0.66333336 0.7421875 0.60583335 0.7427083 0.595 0.7416667 0.58416665 0.7328125 0.5708333 0.72760415 0.56666666 0.72083336 0.5575 0.7046875 0.53833336
17 0.5307292 0.5075 0.50416666 0.465 0.5338542 0.495 0.54895836 0.55333334 0.54114586 0.5725 0.55625 0.60833335 0.5640625 0.605 0.575 0.61083335 0.578125 0.61583334 0.565625 0.62666667 0.52552086 0.67333335 0.51666665 0.69 0.5104167 0.7 0.5 0.6975 0.49322918 0.7 0.459375 0.72833335 0.4625 0.7133333 0.459375 0.69666666 0.44635418 0.6741667 0.44114584 0.6766667 0.44270834 0.6675 0.44895834 0.6616667 0.48645833 0.6016667 0.52447915 0.55583334 0.53229165 0.53833336 0.5338542 0.52
17 0.7026042 0.21833333 0.6947917 0.21666667 0.6848958 0.22083333 0.67864585 0.22833334 0.6640625 0.2575 0.6703125 0.27583334 0.67083335 0.2925 0.67552084 0.31416667 0.67291665 0.32333332 0.6640625 0.34333333 0.6411458 0.38833332 0.63125 0.4075 0.6234375 0.42 0.6276042 0.4275 0.63854164 0.43166667 0.64375 0.43083334 0.6479167 0.42 0.6510417 0.42 0.65520835 0.425 0.6640625 0.44416666 0.6645833 0.45416668 0.66614586 0.46166667 0.69635415 0.51666665 0.7083333 0.5416667 0.72291666 0.56083333 0.72864586 0.5683333 0.73229164 0.56916666 0.7203125 0.5225 0.70677084 0.44916666 0.70625 0.42333335 0.70885414 0.4225 0.70885414 0.42 0.7057292 0.4175 0.70416665 0.39583334 0.7234375 0.36833334 0.7291667 0.3625 0.7661458 0.34333333 0.7859375 0.33583334 0.74895835 0.2875 0.71770835 0.2425 0.7083333 0.2275
17 0.6802083 0.06333333 0.67760414 0.054166667 0.67395836 0.04 0.6703125 0.031666666 0.665625 0.03 0.65729165 0.033333335 0.6515625 0.036666665 0.64166665 0.07083333 0.6401042 0.11 0.63645834 0.135 0.62864584 0.15833333 0.61927086 0.19833334 0.65729165 0.2425 0.6640625 0.2575 0.6796875 0.22666667 0.6848958 0.22083333 0.6947917 0.21666667 0.7026042 0.21833333 0.7447917 0.28166667 0.7484375 0.1875 0.753125 0.10583334 0.74635416 0.08166666 0.72083336 0.06916667 0.70989585 0.06666667 0.6880208 0.06666667 0.684375 0.06666667
17 0.690625 0.054166667 0.67395836 0.0375 0.67395836 0.04 0.67760414 0.055833332 0.6802083 0.0625 0.684375 0.06666667 0.69895834 0.06666667 0.7109375 0.0675 0.72083336 0.06916667 0.71666664 0.059166666 0.696875 0.054166667
17 0.52552086 0.22916667 0.52760416 0.23333333 0.5234375 0.235 0.51770836 0.26833335 0.55364585 0.1825 0.5572917 0.185 0.55572915 0.17666666 0.56041664 0.16333333 0.56927085 0.15666667 0.58177084 0.1575 0.584375 0.15916666 0.61875 0.1975 0.628125 0.15666667 0.63645834 0.135 0.6401042 0.10916667 0.6411458 0.06916667 0.6510417 0.036666665 0.65729165 0.0325 0.665625 0.030833334 0.64427084 0.02 0.6166667 0.0 0.578125 0.0 0.57135415 0.011666667 0.56822914 0.026666667 0.5630208 0.065 0.5630208 0.08083333 0.5578125 0.10333333 0.5375 0.17583333 0.5286458 0.21333334
17 0.36041668 0.38833332 0.353125 0.38333333 0.3609375 0.45916668 0.37552083 0.44 0.3640625 0.39
17 0.5963542 0.87333333 0.57916665 0.97833335 0.5734375 0.99083334 0.5640625 0.99833333 0.55833334 0.99666667 0.53541666 0.9866667 0.53333336 0.9791667 0.5307292 0.9841667 0.47760418 0.9558333 0.4765625 0.9425 0.46979168 0.9275 0.46145833 0.9216667 0.440625 0.9241667 0.4296875 0.92833334 0.37447917 0.8975 0.43333334 0.865 0.434375 0.85833335 0.43854168 0.8616667 0.45729166 0.85083336 0.46145833 0.8408333 0.47708333 0.88166666 0.5052083 0.95666665 0.5130208 0.96166664 0.5229167 0.9608333 0.5364583 0.9483333 0.5598958 0.9216667 0.56875 0.9008333 0.5828125 0.88 0.596875 0.87083334
17 0.65833336 1.0 0.6588542 0.9816667 0.6625 0.9583333 0.66041666 0.91583335 0.65729165 0.8475 0.65052086 0.83416665 0.6453125 0.82916665 0.6255208 0.83166665 0.62604165 0.8375 0.60833335 0.8641667 0.5963542 0.87083334 0.5963542 0.8725 0.57916665 0.97833335 0.5734375 0.99083334 0.5640625 0.99833333 0.55885416 0.99666667 0.53541666 0.9866667 0.53333336 0.9791667 0.5307292 0.9841667 0.47760418 0.9558333 0.4796875 0.97833335 0.48333332 1.0
17 0.26666668 0.94666666 0.26354167 0.95166665 0.2640625 0.955 0.26875 0.955 0.27083334 0.9716667 0.28854167 0.9583333 0.30364582 0.9508333 0.3140625 0.94666666 0.33020833 0.945 0.33958334 0.9375 0.3515625 0.935 0.37447917 0.9325 0.3828125 0.93 0.3890625 0.9191667 0.39166668 0.9066667 0.37447917 0.8975 0.32604167 0.9225 0.31770834 0.92333335 0.30885416 0.9266667 0.30833334 0.93416667 0.29270834 0.9508333 0.284375 0.955 0.27447918 0.9525 0.2703125 0.94666666 0.2640625 0.91083336 0.26197916 0.92083335 0.26614583 0.94083333
17 0.119791664 0.96416664 0.104166664 0.9683333 0.104166664 0.97833335 0.10625 0.99916667 0.26666668 1.0 0.26979166 0.99083334 0.271875 0.9891667 0.27135417 0.97583336 0.27083334 0.97083336 0.26875 0.955 0.2640625 0.955 0.26354167 0.95166665 0.26666668 0.945 0.26197916 0.9225 0.25729167 0.95 0.2453125 0.96416664 0.184375 0.94 0.1625 0.9483333 0.15 0.95
17 0.033333335 0.275 0.009375 0.265 0.0 0.25916666 0.0 0.5 0.08125 0.49 0.09010417 0.48083332 0.09739583 0.46416667 0.091145836 0.385 0.080729164 0.26666668 0.0671875 0.24833333 0.05625 0.245 0.049479168 0.24916667 0.046875 0.27333334 0.040104166 0.27583334
