9 0.2359375 0.5275 0.24114583 0.565 0.23177083 0.62583333 0.22552083 0.665 0.2171875 0.70666665 0.16770834 0.7125 0.108333334 0.7366667 0.077083334 0.74083334 0.075 0.66333336 0.0765625 0.655 0.07447917 0.65166664 0.0609375 0.5375 0.030208332 0.36 0.0296875 0.35333332 0.059375 0.345 0.1578125 0.3225 0.17604166 0.31833333 0.19947916 0.31166667 0.21614583 0.36333334 0.22760417 0.45666668
9 0.16614583 0.2025 0.21875 0.16666667 0.265625 0.14416666 0.3046875 0.12583333 0.33802083 0.1125 0.34895834 0.175 0.3453125 0.17916666 0.34583333 0.18333334 0.35052082 0.18416667 0.3640625 0.27416667 0.37604168 0.3375 0.3890625 0.38833332 0.39270833 0.415 0.40989584 0.465 0.41510418 0.485 0.3734375 0.50666666 0.32604167 0.52666664 0.3171875 0.5225 0.30104166 0.525 0.25520834 0.495 0.24791667 0.53333336 0.24114583 0.56416667 0.24010417 0.56 0.2328125 0.50333333 0.2171875 0.37166667 0.21458334 0.36 0.19947916 0.31333333 0.18541667 0.26583335 0.18854167 0.26 0.18385416 0.2575 0.17135416 0.22166666
9 0.48385417 0.1675 0.5286458 0.19416666 0.58125 0.23583333 0.59270835 0.24 0.57604164 0.29333332 0.55260414 0.36416668 0.53697914 0.41666666 0.5359375 0.43 0.5208333 0.47333333 0.50208336 0.47083333 0.47864583 0.46 0.42083332 0.41666666 0.39322916 0.4025 0.39322916 0.40083334 0.38020834 0.33916667 0.37552083 0.32833335 0.36614582 0.29416665 0.35104167 0.185 0.34375 0.18333334 0.34479168 0.18 0.3484375 0.17333333 0.35 0.16833334 0.3734375 0.08 0.3765625 0.08 0.40677083 0.105 0.40833333 0.11083333 0.4125 0.11 0.4296875 0.1275 0.42916667 0.17666666 0.43229166 0.17583333 0.45208332 0.1725
9 0.8 0.535 0.83697915 0.53333336 0.89270836 0.5391667 0.915625 0.5391667 0.9348958 0.52916664 0.9635417 0.53333336 0.9604167 0.59833336 0.95729166 0.6041667 0.95729166 0.6091667 0.96197915 0.61 0.9583333 0.7 0.9635417 0.7583333 0.9692708 0.89666665 0.96770835 0.905 0.8979167 0.9058333 0.8578125 0.9 0.8041667 0.905 0.7984375 0.83666664 0.8020833 0.7758333 0.80833334 0.7416667 0.80572915 0.68 0.8015625 0.65166664 0.7994792 0.61083335 0.80364585 0.60583335 0.79895836 0.6016667 0.8 0.55333334
9 0.71770835 0.64666665 0.75572914 0.6375 0.78229165 0.6308333 0.8 0.63 0.8041667 0.685 0.80625 0.75083333 0.80104166 0.7816667 0.7994792 0.835 0.8046875 0.905 0.8197917 0.9033333 0.82395834 0.9633333 0.8296875 0.99583334 0.8171875 0.99916667 0.65520835 1.0 0.6536458 1.0 0.6567708 0.9916667 0.6567708 0.98 0.659375 0.95916665 0.65 0.80916667 0.64739585 0.74083334 0.65 0.7366667 0.6479167 0.73 0.64427084 0.7316667 0.6380208 0.7125 0.640625 0.7033333 0.63958335 0.67 0.68958336 0.655
9 0.6359375 0.5183333 0.63958335 0.56083333 0.6354167 0.61333334 0.6380208 0.6308333 0.63645834 0.6325 0.6390625 0.6375 0.6401042 0.6775 0.6411458 0.685 0.6411458 0.7 0.63385415 0.7108333 0.5875 0.7058333 0.5598958 0.69166666 0.546875 0.7108333 0.5171875 0.71666664 0.47604167 0.7183333 0.47604167 0.71166664 0.47447917 0.64666665 0.47760418 0.6425 0.47447917 0.6358333 0.47291666 0.53333336 0.47395834 0.45583335 0.4921875 0.46916667 0.5203125 0.47416666 0.52239585 0.47083333 0.53541666 0.4325 0.5375 0.4175 0.6015625 0.48 0.63489586 0.5175
9 0.6484375 0.1875 0.6979167 0.26083332 0.73072916 0.31416667 0.765625 0.34833333 0.7796875 0.35916665 0.78489584 0.36666667 0.7864583 0.37333333 0.7895833 0.37583333 0.79322916 0.37166667 0.81822914 0.405 0.7859375 0.49166667 0.72291666 0.62 0.7192708 0.6275 0.71770835 0.6275 0.68958336 0.5908333 0.6921875 0.5858333 0.68854165 0.5858333 0.66197914 0.5425 0.6296875 0.5075 0.59947914 0.47833332 0.5416667 0.42 0.53697914 0.41666666 0.55885416 0.36 0.57135415 0.33166668 0.5864583 0.30416667 0.6109375 0.24916667 0.6380208 0.20166667
9 0.83229166 0.0 0.87395835 0.065 0.8880208 0.08583333 0.915625 0.09583333 0.9625 0.16583334 0.93177086 0.2275 0.8828125 0.31583333 0.85833335 0.36333334 0.8463542 0.385 0.8390625 0.37 0.82604164 0.35666665 0.7890625 0.295 0.7796875 0.265 0.76666665 0.25416666 0.75677085 0.245 0.74791664 0.22333333 0.7291667 0.19916667 0.68385416 0.13833334 0.6770833 0.12583333 0.7140625 0.0575 0.740625 0.009166666 0.7453125 0.0
9 0.4234375 0.0 0.64947915 0.0 0.653125 0.0 0.6546875 0.010833333 0.6614583 0.015833333 0.66510415 0.038333334 0.66822916 0.044166666 0.671875 0.064166665 0.67552084 0.115 0.63645834 0.1225 0.63489586 0.11666667 0.6333333 0.11666667 0.6322917 0.123333335 0.58958334 0.13333334 0.478125 0.1675 0.428125 0.17666666 0.4296875 0.12416667 0.42760417 0.0875 0.4234375 0.009166666
9 0.5677083 0.32916668 0.5708333 0.3325 0.55572915 0.36833334 0.54583335 0.39333335 0.54270834 0.40333334 0.5416667 0.4025 0.54583335 0.38583332 0.553125 0.36416668 0.55833334 0.34666666 0.5651042 0.3275
9 0.25572917 0.495 0.29427084 0.52 0.30052084 0.52416664 0.31770834 0.5225 0.33385417 0.5316667 0.36302084 0.5391667 0.39270833 0.5541667 0.42708334 0.5725 0.40208334 0.68 0.3765625 0.7675 0.36041668 0.87166667 0.35520834 0.87416667 0.3546875 0.8775 0.35729167 0.88 0.34947917 0.93666667 0.32604167 0.92583334 0.31822917 0.91833335 0.30520833 0.8975 0.29739583 0.8925 0.26666668 0.89 0.23177083 0.87083334 0.2203125 0.86583334 0.18333334 0.8541667 0.17916666 0.84833336 0.19479166 0.7966667 0.1984375 0.79333335 0.19739583 0.78833336 0.22552083 0.665 0.2421875 0.5575 0.25520834 0.5
