21 0.7760417 0.9241667 0.7734375 0.9458333 0.7625 0.98083335 0.7552083 1.0 0.7192708 1.0 0.7015625 0.98583335 0.67552084 0.97 0.6536458 0.9625 0.625 0.93833333 0.62083334 0.9216667 0.621875 0.91083336 0.6515625 0.8441667 0.70625 0.7058333 0.7234375 0.6591667 0.73802084 0.6308333 0.753125 0.59166664 0.77708334 0.55083334 0.77760416 0.5416667 0.76927084 0.5075 0.775 0.50166667 0.78489584 0.50416666 0.7953125 0.5183333 0.81354165 0.53583336 0.8296875 0.54583335 0.8364583 0.56333333 0.84375 0.57916665 0.8484375 0.58666664 0.85520834 0.59 0.8796875 0.58666664 0.8890625 0.5908333 0.89635414 0.5966667 0.8979167 0.60583335 0.8979167 0.61083335 0.87864584 0.6525 0.8541667 0.72833335 0.8286458 0.73 0.80052084 0.7316667 0.78020835 0.7416667 0.7625 0.74 0.759375 0.74583334 0.75625 0.7583333 0.7484375 0.8175 0.7526042 0.8933333 0.7453125 0.915 0.7171875 0.9191667 0.7234375 0.92333335 0.73125 0.9275 0.753125 0.93583333 0.75625 0.93666667 0.76666665 0.9291667 0.77708334 0.9166667
21 0.43958333 1.0 0.5953125 1.0 0.59583336 0.95916665 0.5911458 0.9275 0.59166664 0.9075 0.59791666 0.885 0.6125 0.84833336 0.6223958 0.79 0.63177085 0.7708333 0.65052086 0.7475 0.6640625 0.71416664 0.6734375 0.6816667 0.66822916 0.66333336 0.65260416 0.645 0.6197917 0.6358333 0.5828125 0.6125 0.5755208 0.6 0.5421875 0.58416665 0.53541666 0.59166664 0.53125 0.5975 0.5265625 0.63416666 0.52135414 0.6958333 0.521875 0.7241667 0.51666665 0.75 0.5104167 0.765 0.5005208 0.77666664 0.48958334 0.79583335 0.471875 0.8333333 0.45989582 0.89166665 0.43541667 1.0
21 0.4125 0.9008333 0.403125 0.99083334 0.40208334 1.0 0.3375 1.0 0.33697918 0.99333334 0.3578125 0.95166665 0.38697916 0.9191667
21 0.37916666 0.76666665 0.38854167 0.7875 0.40260416 0.815 0.41614583 0.8325 0.42760417 0.83666664 0.43333334 0.84166664 0.43958333 0.8541667 0.44010416 0.8675 0.43541667 0.8825 0.42447916 0.8908333 0.40677083 0.9058333 0.3875 0.91833335 0.35729167 0.9533333 0.33697918 0.99333334 0.33697918 1.0 0.32395834 1.0 0.31354168 0.9575 0.30989584 0.91083336 0.29791668 0.9116667 0.25416666 0.8908333 0.21875 0.86333334 0.18802084 0.83416665 0.18177083 0.82 0.18333334 0.8025 0.19635417 0.7391667 0.21145834 0.6775 0.2328125 0.6191667 0.24114583 0.61 0.24895833 0.61333334 0.325 0.69166666 0.36458334 0.74333334
21 0.26927084 0.9025 0.26041666 0.955 0.2609375 0.96666664 0.26510417 0.9725 0.26770833 0.97333336 0.27760416 0.97 0.28072917 0.9675 0.29791668 0.97 0.30364582 0.9741667 0.31510416 0.98583335 0.321875 0.99 0.31354168 0.9575 0.30989584 0.9116667 0.29791668 0.9116667 0.26979166 0.8983333
21 0.3734375 0.50166667 0.42395833 0.5233333 0.45260417 0.5366667 0.4609375 0.55583334 0.46145833 0.56416667 0.44583333 0.6408333 0.42916667 0.68083334 0.42864582 0.68416667 0.43177083 0.7 0.42916667 0.7075 0.4203125 0.7275 0.41979167 0.7375 0.42395833 0.7583333 0.41979167 0.8325 0.415625 0.8308333 0.40208334 0.81416667 0.37864584 0.76666665 0.365625 0.745 0.32447916 0.69083333 0.29479167 0.66083336 0.303125 0.55916667 0.36666667 0.50666666
21 0.20625 0.35916665 0.24322917 0.33 0.3046875 0.28 0.35052082 0.2525 0.38645834 0.21166667 0.42447916 0.18166667 0.47760418 0.16916667 0.48229167 0.185 0.484375 0.20333333 0.471875 0.2275 0.48958334 0.25583333 0.528125 0.3175 0.525 0.34 0.48125 0.38666666 0.42552084 0.44916666 0.37291667 0.50333333 0.29947916 0.5625 0.26927084 0.5875 0.259375 0.5808333 0.25677082 0.5775 0.20260416 0.39083335 0.20104167 0.37666667 0.20416667 0.36666667
21 0.62395835 0.29 0.64479166 0.2525 0.678125 0.2325 0.70208335 0.22833334 0.715625 0.23 0.71666664 0.23583333 0.725 0.37833333 0.7338542 0.43333334 0.7270833 0.45333335 0.7270833 0.46916667 0.7359375 0.5466667 0.73645836 0.62166667 0.73645836 0.63166666 0.734375 0.6375 0.7260417 0.655 0.66770834 0.65 0.653125 0.6458333 0.61927086 0.6358333 0.58177084 0.61333334 0.5755208 0.5991667 0.57447916 0.585 0.59739584 0.47416666 0.5989583 0.47166666 0.60729164 0.47083333 0.6046875 0.46333334 0.5963542 0.44583333 0.59739584 0.435 0.6041667 0.41416666 0.60729164 0.38 0.61354166 0.36333334 0.6145833 0.35583332 0.6098958 0.31166667 0.60520834 0.2375 0.61041665 0.22666667 0.61614585 0.22833334 0.61927086 0.23583333 0.621875 0.26666668 0.61875 0.285
21 0.734375 0.04 0.8041667 0.045 0.87291664 0.034166668 0.8880208 0.0475 0.896875 0.0625 0.896875 0.111666664 0.8859375 0.18583333 0.8734375 0.22833334 0.86354166 0.25083333 0.83489585 0.36666667 0.80572915 0.4575 0.78541666 0.50416666 0.775 0.50166667 0.76927084 0.5075 0.7708333 0.5158333 0.76354164 0.50916666 0.746875 0.4875 0.7317708 0.5058333 0.7265625 0.4675 0.7270833 0.45333335 0.7338542 0.43416667 0.7317708 0.42 0.7447917 0.40583333 0.74583334 0.385 0.72552085 0.34 0.72083336 0.31 0.7182292 0.21 0.72552085 0.085 0.72760415 0.046666667
21 0.24635416 0.0 0.47552082 0.0 0.4890625 0.14 0.48802084 0.15 0.4796875 0.16916667 0.47864583 0.16916667 0.4265625 0.18083334 0.41354167 0.17416666 0.4046875 0.17 0.35260418 0.16166666 0.34166667 0.15583333 0.3234375 0.1325 0.29322916 0.096666664 0.26458332 0.15333334 0.2546875 0.165 0.24947916 0.16166666 0.24375 0.15583333 0.23489584 0.12666667 0.23541667 0.09 0.25260416 0.059166666 0.25677082 0.050833333 0.246875 0.008333334 0.246875 0.004166667
21 0.7625 0.74 0.7807292 0.7416667 0.80052084 0.7325 0.8354167 0.7291667 0.86510414 0.72833335 0.875 0.72333336 0.89739585 0.7133333 0.8932292 0.67333335 0.88854164 0.6616667 0.89270836 0.6475 0.903125 0.64166665 0.9109375 0.6433333 0.9223958 0.66 0.94375 0.7108333 0.9453125 0.725 0.94427085 0.74083334 0.9484375 0.755 0.9526042 0.76166666 0.97083336 0.77666664 0.9739583 0.7891667 0.9671875 0.81083333 0.95 0.81333333 0.94166666 0.8075 0.9135417 0.83166665 0.9078125 0.8308333 0.8875 0.855 0.86510414 0.85583335 0.84739584 0.8641667 0.8276042 0.885 0.78541666 0.9058333 0.765625 0.93 0.75625 0.93666667 0.7270833 0.92583334 0.7171875 0.92 0.7260417 0.91833335 0.7447917 0.915 0.7526042 0.895 0.7515625 0.87833333 0.74895835 0.8175 0.75625 0.75666666 0.759375 0.74666667
