15 0.38697916 0.5341667 0.38125 0.53333336 0.37916666 0.525 0.375 0.5258333 0.3734375 0.5158333 0.36875 0.51 0.265625 0.46 0.17135416 0.41833332 0.16354166 0.42 0.15885417 0.42583334 0.1515625 0.425 0.14583333 0.41833332 0.1421875 0.43333334 0.1421875 0.43666667 0.15 0.43833333 0.1515625 0.445 0.15364583 0.44666666 0.1546875 0.45583335 0.1578125 0.465 0.18333334 0.47833332 0.30364582 0.53333336 0.35416666 0.555 0.36614582 0.5575 0.37135416 0.55083334 0.37604168 0.55083334 0.37708333 0.54583335 0.38489583 0.5516667 0.3875 0.54333335
15 0.4421875 0.255 0.43645832 0.25083333 0.43489584 0.26416665 0.43125 0.265 0.42916667 0.27333334 0.42239583 0.27833334 0.415625 0.29416665 0.37916666 0.525 0.38125 0.53333336 0.3875 0.5341667 0.38802084 0.5416667 0.38489583 0.5516667 0.37708333 0.5466667 0.37604168 0.5516667 0.37239584 0.56583333 0.36822918 0.5858333 0.36822918 0.6016667 0.3703125 0.61333334 0.37447917 0.62 0.37447917 0.6275 0.37604168 0.63 0.3734375 0.64166665 0.38177082 0.64666665 0.38229167 0.6358333 0.38645834 0.6358333 0.38645834 0.62583333 0.39583334 0.6175 0.40208334 0.595 0.43541667 0.3675 0.446875 0.29083332 0.44114584 0.27916667 0.44166666 0.27333334 0.4390625 0.2675
15 0.67760414 0.0 0.6770833 0.004166667 0.6723958 0.004166667 0.671875 0.008333334 0.66875 0.01 0.6640625 0.0125 0.6567708 0.026666667 0.6432292 0.06333333 0.6145833 0.14083333 0.5671875 0.25833333 0.5572917 0.28416666 0.55572915 0.29666665 0.55677086 0.30833334 0.5552083 0.31166667 0.5552083 0.3175 0.55677086 0.32 0.55104166 0.32833335 0.55364585 0.33416668 0.55833334 0.33333334 0.5630208 0.33666667 0.5630208 0.32416666 0.56614584 0.32416666 0.56666666 0.32 0.5765625 0.31833333 0.58229166 0.31 0.6453125 0.15833333 0.6848958 0.04916667 0.6880208 0.029166667 0.68541664 0.014166667 0.6848958 0.006666667 0.6880208 0.0
15 0.6265625 0.5158333 0.6223958 0.52666664 0.61510414 0.5208333 0.62083334 0.51166666 0.61822915 0.50916666 0.62083334 0.5 0.6171875 0.4875 0.61822915 0.48083332 0.66302085 0.3225 0.6958333 0.2025 0.7026042 0.19 0.70729166 0.18666667 0.70989585 0.18 0.715625 0.18 0.71979165 0.16666667 0.7270833 0.17083333 0.7239583 0.18166667 0.721875 0.19083333 0.7265625 0.20416667 0.7265625 0.21333334 0.7109375 0.27333334 0.6588542 0.46333334 0.646875 0.49833333 0.6359375 0.51 0.63072914 0.5108333
15 0.7953125 0.35166666 0.79010415 0.34916666 0.79010415 0.35333332 0.778125 0.35333332 0.771875 0.35583332 0.75104165 0.3825 0.65416664 0.525 0.6359375 0.5516667 0.6322917 0.56333333 0.634375 0.5783333 0.6302083 0.5833333 0.63072914 0.5875 0.625 0.5941667 0.6265625 0.60083336 0.62916666 0.60083336 0.634375 0.59583336 0.6375 0.5991667 0.64166665 0.59583336 0.64166665 0.5933333 0.65260416 0.5933333 0.66979164 0.57416666 0.7916667 0.39333335 0.7953125 0.3775 0.7942708 0.37333333 0.7973958 0.36833334 0.79791665 0.36333334 0.80625 0.35583332 0.8020833 0.34583333
15 0.5552083 0.8175 0.54791665 0.82416666 0.5572917 0.8383333 0.56145835 0.84 0.5619792 0.8275 0.565625 0.82916665 0.5677083 0.825 0.5734375 0.8275 0.58958334 0.80916667 0.7109375 0.66333336 0.74114585 0.62416667 0.7395833 0.6175 0.7427083 0.61083335 0.7421875 0.6066667 0.7484375 0.59583336 0.7369792 0.58416665 0.734375 0.5933333 0.7296875 0.5933333 0.7192708 0.5925 0.7114583 0.59833336 0.5875 0.74583334 0.559375 0.7866667 0.55625 0.7975 0.5572917 0.8075 0.5546875 0.81166667
15 0.7546875 0.8433333 0.7484375 0.84833336 0.74322915 0.8441667 0.7395833 0.8358333 0.73072916 0.8325 0.5296875 0.84833336 0.5260417 0.8616667 0.52135414 0.86333334 0.5140625 0.8575 0.51145834 0.86583334 0.51145834 0.8775 0.51354164 0.87916666 0.51979166 0.87916666 0.5208333 0.88416666 0.5260417 0.88416666 0.52916664 0.89416665 0.53541666 0.8958333 0.7359375 0.8833333 0.7427083 0.87333333 0.74427086 0.8675 0.75 0.865 0.7578125 0.86
15 0.8203125 0.33666667 0.821875 0.34916666 0.8177083 0.35083333 0.81666666 0.35583332 0.809375 0.36416668 0.8052083 0.38166666 0.78333336 0.6816667 0.7828125 0.69666666 0.78802085 0.70916665 0.78802085 0.7175 0.79114586 0.72083336 0.79270834 0.73333335 0.80364585 0.7325 0.80052084 0.7216667 0.80260414 0.7191667 0.80260414 0.715 0.8109375 0.7108333 0.81614584 0.67 0.83385414 0.42166665 0.83802086 0.3725 0.834375 0.36333334 0.83125 0.35916665 0.8307292 0.35333332 0.8296875 0.35166666 0.8333333 0.34166667 0.82916665 0.33833334
15 0.87916666 0.31833333 0.87135416 0.31333333 0.8671875 0.31416667 0.8677083 0.32666665 0.8640625 0.33 0.8640625 0.33583334 0.85520834 0.3475 0.85260415 0.36083335 0.8411458 0.6625 0.84270835 0.67 0.8489583 0.6775 0.85 0.68666667 0.84791666 0.6983333 0.8515625 0.7008333 0.8609375 0.69916666 0.8588542 0.68833333 0.8609375 0.68333334 0.8671875 0.6791667 0.87291664 0.6666667 0.87708336 0.59 0.8859375 0.3875 0.884375 0.34916666 0.8796875 0.33833334 0.87708336 0.33333334 0.8755208 0.32833335 0.8796875 0.3225
15 0.175 0.47416666 0.171875 0.48416665 0.16927083 0.48583335 0.16666667 0.49 0.15520833 0.49166667 0.14635417 0.50083333 0.0 0.70666665 0.0 0.7525 0.014583333 0.75333333 0.06666667 0.68833333 0.17708333 0.52916664 0.17916666 0.51666665 0.17708333 0.5058333 0.1796875 0.49916667 0.18645833 0.495 0.18020834 0.4825
