2 0.675 0.0 0.8296875 0.0 0.86302084 0.016666668 0.86145836 0.033333335 0.76354164 0.36833334 0.6588542 0.29333332 0.61875 0.25833333 0.60260415 0.24083333 0.6166667 0.1925 0.6536458 0.061666667 0.6713542 0.0016666667
9 0.4984375 0.025 0.5651042 0.17166667 0.58177084 0.2075 0.59739584 0.22916667 0.60260415 0.24583334 0.5921875 0.25666666 0.51875 0.3275 0.46875 0.38333333 0.45833334 0.3975 0.44322917 0.38166666 0.3796875 0.26166666 0.37395832 0.2675 0.35625 0.3175 0.34895834 0.335 0.34270832 0.31333333 0.35729167 0.2875 0.35885417 0.26333332 0.38697916 0.18583333 0.40572917 0.1375 0.4203125 0.11083333 0.46041667 0.061666667 0.4859375 0.035833333 0.49322918 0.025833333
18 0.52916664 0.32 0.5520833 0.3525 0.575 0.36833334 0.61927086 0.41333333 0.65416664 0.45333335 0.66197914 0.4725 0.659375 0.48833334 0.6421875 0.525 0.6109375 0.6 0.59739584 0.6333333 0.5875 0.6425 0.57604164 0.64166665 0.5776042 0.63 0.59166664 0.52 0.5421875 0.4975 0.55677086 0.45583335 0.5484375 0.445 0.5395833 0.4325 0.48229167 0.435 0.459375 0.3975 0.46770832 0.385 0.5203125 0.32833335
7 0.25208333 0.52666664 0.26822916 0.5516667 0.28645834 0.56333333 0.34791666 0.58 0.36666667 0.585 0.39895833 0.63166666 0.42708334 0.7191667 0.44739583 0.74083334 0.5026042 0.60833335 0.5385417 0.50666666 0.5494792 0.47666666 0.55625 0.45583335 0.5385417 0.4325 0.48229167 0.43416667 0.46302083 0.40416667 0.45520833 0.39333335 0.44322917 0.38083333 0.38854167 0.28 0.38020834 0.2625 0.37395832 0.2675 0.36302084 0.3 0.34791666 0.34 0.3265625 0.38333333 0.32395834 0.4025 0.32135418 0.41083333 0.30833334 0.43416667 0.27760416 0.47916666 0.2625 0.50916666 0.25833333 0.5158333
12 0.49375 0.6308333 0.56822914 0.66 0.57604164 0.6641667 0.57604164 0.64 0.5885417 0.54 0.59166664 0.52 0.5416667 0.49833333 0.50364584 0.6075 0.49739584 0.6225
19 0.3578125 0.77166665 0.46927083 0.74083334 0.4796875 0.73833334 0.4890625 0.7391667 0.49322918 0.75333333 0.5265625 1.0 0.38333333 1.0 0.38020834 0.99583334 0.37604168 0.9683333 0.359375 0.8691667 0.35104167 0.81583333 0.35 0.7966667 0.35260418 0.78
13 0.7260417 0.37166667 0.7796875 0.3875 0.8734375 0.42416668 0.90729165 0.43416667 0.9328125 0.445 0.9369792 0.46 0.90989584 0.57166666 0.89375 0.68083334 0.84791666 0.6558333 0.790625 0.63416666 0.69947916 0.60333335 0.6848958 0.58416665 0.6890625 0.55 0.7046875 0.4625 0.7104167 0.4025 0.7140625 0.38666666 0.715625 0.37666667
4 0.88854164 0.6875 0.87135416 0.7758333 0.865625 0.80333334 0.8598958 0.805 0.8411458 0.7991667 0.8265625 0.78833336 0.8197917 0.78333336 0.82135415 0.76666665 0.84479165 0.655 0.8875 0.67833334
4 0.9390625 0.46916667 0.94635415 0.48666668 0.9557292 0.53583336 0.9536458 0.5675 0.94166666 0.5991667 0.9291667 0.62 0.89947915 0.64 0.90989584 0.57166666 0.93177086 0.485 0.9348958 0.47166666
8 0.067708336 0.28166667 0.14010416 0.34333333 0.16875 0.36416668 0.18072917 0.375 0.18177083 0.38416666 0.18072917 0.405 0.17135416 0.44166666 0.12708333 0.56 0.0984375 0.6566667 0.09322917 0.6825 0.0796875 0.68083334 0.0 0.67333335 0.0 0.4425 0.036979165 0.335 0.050520834 0.29833335 0.05625 0.29
1 0.128125 0.69666666 0.102604166 0.7941667 0.0890625 0.905 0.08802083 0.9458333 0.0984375 0.97333336 0.1 1.0 0.0 1.0 0.0 0.83416665 0.008854167 0.75666666 0.014583333 0.71 0.011458334 0.68 0.0171875 0.675 0.09375 0.68333334 0.094791666 0.685 0.106770836 0.68833333
3 0.8989583 0.2025 1.0 0.2025 1.0 0.43916667 0.9447917 0.43833333 0.9234375 0.43583333 0.90833336 0.42583334 0.9046875 0.4025 0.9140625 0.35333332 0.9302083 0.34583333 0.9109375 0.3275 0.8989583 0.29666665 0.89270836 0.21833333 0.89375 0.19
