15 0.2359375 0.6616667 0.29947916 0.60583335 0.378125 0.5391667 0.40208334 0.52 0.409375 0.515 0.41354167 0.5125 0.41822916 0.5108333 0.42395833 0.5125 0.42864582 0.51916665 0.43125 0.5158333 0.434375 0.51916665 0.4375 0.5108333 0.44166666 0.5125 0.44479167 0.51666665 0.446875 0.5275 0.43854168 0.53 0.43854168 0.535 0.43489584 0.53833336 0.434375 0.54583335 0.43072918 0.55333334 0.42708334 0.55833334 0.41197917 0.5725 0.38385418 0.595 0.28854167 0.6791667 0.25 0.71 0.2453125 0.7133333 0.2421875 0.7133333 0.2375 0.71416664 0.2359375 0.7125 0.23385416 0.71 0.23072916 0.71416664 0.228125 0.71416664 0.22604166 0.71 0.2234375 0.71666664 0.21979167 0.7191667 0.21666667 0.7158333 0.21458334 0.71166664 0.21302083 0.7058333 0.21458334 0.70416665 0.22135417 0.7 0.22239584 0.6958333 0.2234375 0.69416666 0.2234375 0.69083333 0.22291666 0.68666667 0.22291666 0.6825 0.225 0.6766667 0.22864583 0.67
15 0.27552083 0.45 0.27447918 0.4375 0.28125 0.43583333 0.28125 0.45 0.284375 0.4525 0.2859375 0.45583335 0.284375 0.45833334 0.28854167 0.465 0.29270834 0.47333333 0.29375 0.48083332 0.29427084 0.4975 0.29270834 0.56333333 0.290625 0.61333334 0.25572917 0.64416665 0.25729167 0.5875 0.26041666 0.5075 0.26145834 0.49083334 0.26197916 0.48083332 0.26354167 0.47333333 0.265625 0.4675 0.26770833 0.46416667 0.2703125 0.46166667 0.27239582 0.46083334 0.27239582 0.4575 0.271875 0.45416668 0.27239582 0.4525
15 0.3046875 0.5258333 0.3015625 0.5225 0.29791668 0.52 0.2984375 0.515 0.3 0.5125 0.30260417 0.51 0.30625 0.51416665 0.30833334 0.5175 0.31041667 0.5158333 0.31197917 0.5158333 0.31354168 0.52 0.3203125 0.5175 0.325 0.51666665 0.32916668 0.51916665 0.34322917 0.52666664 0.36979166 0.5466667 0.33177084 0.5783333 0.321875 0.56916666 0.31458333 0.5625 0.309375 0.5541667 0.30729166 0.5491667 0.30729166 0.54333335 0.30729166 0.5341667 0.30520833 0.5341667 0.30364582 0.53
15 0.40677083 0.5783333 0.47239584 0.63416666 0.49583334 0.6566667 0.5 0.6641667 0.50104165 0.67 0.503125 0.6791667 0.5052083 0.6791667 0.50885415 0.6825 0.5072917 0.68916667 0.51145834 0.6933333 0.51354164 0.69916666 0.51197916 0.70416665 0.50989586 0.7033333 0.5046875 0.69916666 0.5026042 0.7025 0.5005208 0.70166665 0.49947917 0.7 0.49739584 0.7025 0.48958334 0.705 0.4828125 0.705 0.36927083 0.6075 0.39947918 0.5825 0.40625 0.5775
15 0.39479166 0.51 0.39375 0.5075 0.3953125 0.505 0.396875 0.505 0.39635417 0.5 0.396875 0.49333334 0.3984375 0.485 0.40208334 0.47666666 0.46302083 0.40083334 0.48125 0.43333334 0.484375 0.43833333 0.48333332 0.44083333 0.45520833 0.47583333 0.425 0.5108333 0.42395833 0.5125 0.41875 0.5108333 0.4140625 0.51166666 0.40520832 0.5175 0.40104166 0.52 0.3921875 0.5283333 0.39010417 0.525 0.3875 0.5208333 0.38802084 0.51666665 0.3921875 0.5133333
15 0.3484375 0.16083333 0.34583333 0.15916666 0.34166667 0.155 0.3421875 0.15166667 0.34479168 0.145 0.34791666 0.14416666 0.35260418 0.155 0.3546875 0.1525 0.35677084 0.1525 0.35833332 0.15583333 0.36041668 0.15666667 0.36354166 0.15416667 0.3671875 0.15583333 0.37239584 0.15833333 0.378125 0.16583334 0.40677083 0.22 0.46354166 0.32083333 0.50208336 0.39166668 0.5104167 0.40666667 0.51354164 0.415 0.51458335 0.42166665 0.5140625 0.4275 0.51197916 0.43666667 0.5140625 0.44083333 0.5140625 0.445 0.5171875 0.44666666 0.5203125 0.45333335 0.51875 0.45833334 0.5125 0.46583334 0.5078125 0.455 0.50625 0.45833334 0.503125 0.455 0.5015625 0.44916666 0.4984375 0.44916666 0.49427083 0.44916666 0.49114582 0.44666666 0.48489583 0.43833333 0.48072916 0.4325 0.4609375 0.3975 0.39270833 0.2725 0.35208333 0.19666667 0.34947917 0.18916667 0.34791666 0.18083334 0.34947917 0.17416666 0.34791666 0.17083333 0.34635416 0.16583334
15 0.27760416 0.34 0.2734375 0.33833334 0.27083334 0.33416668 0.26770833 0.32833335 0.2671875 0.325 0.27395833 0.32 0.2734375 0.31833333 0.27291667 0.31416667 0.27552083 0.31166667 0.2765625 0.31083333 0.2765625 0.30833334 0.2765625 0.30333334 0.278125 0.29833335 0.28072917 0.29 0.35572916 0.20333333 0.37708333 0.24416667 0.3171875 0.31166667 0.30520833 0.32583332 0.3 0.33166668 0.29427084 0.3325 0.29166666 0.33166668 0.2890625 0.33166668 0.284375 0.3275 0.28385416 0.33083335 0.2796875 0.33 0.278125 0.33666667
15 0.38333333 0.17166667 0.44114584 0.10333333 0.44791666 0.09833334 0.4515625 0.096666664 0.45625 0.1 0.45833334 0.096666664 0.46145833 0.0975 0.46354166 0.100833334 0.46770832 0.09 0.46979168 0.093333334 0.4703125 0.09833334 0.47291666 0.0975 0.4734375 0.10166667 0.46770832 0.1075 0.4671875 0.1125 0.46458334 0.115 0.46510416 0.12083333 0.465625 0.12833333 0.46458334 0.135 0.46145833 0.1425 0.4546875 0.15 0.40364584 0.21333334 0.38229167 0.17416666
15 0.33489582 0.37166667 0.3328125 0.37416667 0.32760417 0.375 0.3265625 0.37 0.32604167 0.365 0.3265625 0.35833332 0.33385417 0.36083335 0.334375 0.35833332 0.334375 0.35666665 0.3359375 0.355 0.33802083 0.355 0.33802083 0.35333332 0.33854166 0.35 0.3390625 0.345 0.34166667 0.33916667 0.34635416 0.335 0.35364583 0.33 0.41041666 0.305 0.4328125 0.34666666 0.4265625 0.34916666 0.37239584 0.37416667 0.35677084 0.38166666 0.35104167 0.3825 0.34791666 0.38166666 0.3453125 0.37916666 0.34375 0.37666667 0.3421875 0.375 0.34114584 0.37583333 0.33854166 0.37583333 0.33697918 0.375 0.33645833 0.3725
15 0.4453125 0.285 0.5442708 0.23416667 0.5484375 0.23333333 0.5515625 0.23333333 0.5546875 0.235 0.55833334 0.24083333 0.56041664 0.23916666 0.5630208 0.24083333 0.56458336 0.24333334 0.56614584 0.24083333 0.5697917 0.23416667 0.5734375 0.2425 0.57447916 0.24916667 0.57447916 0.25166667 0.56614584 0.25416666 0.56666666 0.25833333 0.5651042 0.26 0.5625 0.26 0.5625 0.26416665 0.5609375 0.27 0.5578125 0.27583334 0.5520833 0.28166667 0.5395833 0.28916666 0.46770832 0.32916668 0.44427082 0.28583333
15 0.490625 0.36583334 0.559375 0.28916666 0.56354165 0.28583333 0.56666666 0.285 0.5703125 0.28416666 0.57395834 0.28583333 0.57916665 0.29083332 0.58125 0.28833333 0.58489585 0.28916666 0.5864583 0.285 0.5911458 0.28 0.5942708 0.28583333 0.59479165 0.29083332 0.58802086 0.29666665 0.58802086 0.30083334 0.5859375 0.30416667 0.5859375 0.3125 0.58489585 0.31833333 0.58125 0.32583332 0.57135415 0.34 0.5104167 0.40666667 0.4890625 0.3675
15 0.42239583 0.8208333 0.41510418 0.8258333 0.4140625 0.8225 0.41354167 0.8175 0.4140625 0.8075 0.42239583 0.81 0.4234375 0.805 0.425 0.8041667 0.428125 0.805 0.42916667 0.80083334 0.43177083 0.7966667 0.43489584 0.79333335 0.43958333 0.7916667 0.5765625 0.7925 0.55625 0.8408333 0.5546875 0.8425 0.54322916 0.8433333 0.45625 0.8408333 0.43802083 0.84 0.43489584 0.8375 0.4328125 0.8358333 0.43072918 0.83416665 0.42916667 0.8308333 0.428125 0.8258333 0.425 0.82416666 0.4234375 0.8225
15 0.5598958 0.8925 0.5572917 0.89166665 0.55572915 0.8908333 0.55572915 0.8858333 0.5541667 0.8833333 0.5546875 0.8808333 0.55677086 0.87666667 0.55572915 0.87416667 0.5552083 0.87083334 0.55572915 0.8675 0.55833334 0.865 0.5572917 0.8625 0.55572915 0.85333335 0.55572915 0.8491667 0.5552083 0.8425 0.5765625 0.79083335 0.64270836 0.6375 0.66822916 0.5808333 0.6723958 0.5725 0.67552084 0.5683333 0.6802083 0.565 0.68385416 0.56333333 0.6890625 0.56166667 0.690625 0.55583334 0.69322914 0.55583334 0.6958333 0.55833334 0.69635415 0.5441667 0.7057292 0.55083334 0.7046875 0.55583334 0.69947916 0.56416667 0.70208335 0.57 0.69895834 0.5758333 0.7 0.58166665 0.7 0.5925 0.6953125 0.6075 0.66770834 0.6725 0.61875 0.7891667 0.5942708 0.8441667 0.58177084 0.86583334 0.57708335 0.87166667 0.5729167 0.8725 0.5677083 0.8725 0.56822914 0.87666667 0.5671875 0.8825 0.5630208 0.8825 0.5609375 0.8925
15 0.61875 0.79333335 0.63697916 0.7941667 0.64270836 0.79583335 0.64739585 0.7975 0.6515625 0.80083334 0.6536458 0.8041667 0.65520835 0.81083333 0.6578125 0.81166667 0.65989584 0.81333333 0.66041666 0.81666666 0.66197914 0.81583333 0.6671875 0.8125 0.66875 0.81666666 0.6692708 0.82416666 0.66822916 0.83 0.66510415 0.8358333 0.659375 0.82916665 0.6578125 0.8308333 0.65520835 0.8308333 0.6536458 0.8358333 0.65052086 0.84166664 0.646875 0.8441667 0.64166665 0.845 0.63697916 0.84583336 0.59479165 0.8441667 0.6140625 0.8 0.6171875 0.7925
15 0.7 0.59833336 0.7192708 0.6716667 0.72291666 0.68666667 0.7234375 0.6983333 0.72291666 0.70416665 0.72083336 0.71 0.7192708 0.7125 0.72083336 0.7158333 0.7203125 0.7191667 0.7182292 0.7225 0.7192708 0.72333336 0.725 0.7266667 0.72239584 0.73333335 0.7192708 0.7366667 0.71458334 0.73583335 0.7135417 0.7316667 0.71302086 0.7241667 0.7109375 0.7216667 0.709375 0.7191667 0.70885414 0.7175 0.7057292 0.7158333 0.7026042 0.71416664 0.69895834 0.71166664 0.6953125 0.7058333 0.67760414 0.64916664 0.6958333 0.6066667 0.69895834 0.5941667
15 0.62083334 0.38416666 0.61822915 0.37916666 0.6166667 0.375 0.6177083 0.37083334 0.62083334 0.37083334 0.6223958 0.37 0.6234375 0.37416667 0.6255208 0.38083333 0.6265625 0.37916666 0.62864584 0.37916666 0.63072914 0.38 0.6302083 0.385 0.6328125 0.385 0.6375 0.3875 0.640625 0.39083335 0.64427084 0.39666668 0.6510417 0.4175 0.6640625 0.465 0.68958336 0.5575 0.6890625 0.56083333 0.68072915 0.56416667 0.67604166 0.5675 0.671875 0.5733333 0.66302085 0.5933333 0.61927086 0.42916667 0.6166667 0.41833332 0.615625 0.41166666 0.61614585 0.4075 0.6177083 0.39916667 0.61822915 0.39666668 0.61927086 0.395 0.61875 0.39166668 0.61875 0.38916665
15 0.24635416 0.79583335 0.2515625 0.70916665 0.28802082 0.68 0.28072917 0.7633333 0.278125 0.7916667 0.2765625 0.8016667 0.275 0.80916667 0.27239582 0.81416667 0.26979166 0.81916666 0.26458332 0.8225 0.26666668 0.82666665 0.265625 0.83 0.26302084 0.8308333 0.26354167 0.8425 0.25729167 0.8433333 0.253125 0.84 0.25677082 0.83 0.25520834 0.8283333 0.253125 0.8258333 0.25364584 0.8233333 0.2546875 0.8208333 0.25260416 0.8183333 0.24947916 0.8125 0.246875 0.8041667
