3 0.36770833 0.675 0.35364583 0.59 0.35572916 0.57666665 0.36145833 0.5675 0.37447917 0.56 0.45260417 0.54083335 0.46666667 0.54583335 0.49895832 0.5283333 0.525 0.5125 0.53541666 0.5108333 0.53802085 0.5183333 0.540625 0.5258333 0.5260417 0.55833334 0.54114586 0.58666664 0.553125 0.61833334 0.55364585 0.635 0.5640625 0.68666667 0.5651042 0.69916666 0.5625 0.7083333 0.55572915 0.7175 0.5307292 0.7266667 0.51927084 0.7275 0.49635416 0.7316667 0.48072916 0.735 0.45520833 0.71416664 0.43958333 0.70166665 0.43020833 0.7 0.42239583 0.7058333 0.40364584 0.7783333 0.39322916 0.7775 0.3875 0.77166665 0.36875 0.6816667
3 0.27239582 0.6533333 0.290625 0.62416667 0.32916668 0.54833335 0.32916668 0.52 0.36302084 0.46083334 0.41197917 0.51416665 0.41979167 0.5158333 0.42552084 0.51 0.45052084 0.54083335 0.37447917 0.55916667 0.3609375 0.5683333 0.35572916 0.5775 0.35364583 0.59 0.36927083 0.685 0.38697916 0.7708333 0.3921875 0.77666664 0.38645834 0.7825 0.38020834 0.7825 0.34114584 0.75333333 0.27447918 0.68666667 0.26979166 0.675 0.26927084 0.66333336
8 0.2234375 0.48666668 0.25 0.44416666 0.2625 0.4225 0.28541666 0.39333335 0.2890625 0.38666666 0.33229166 0.42333335 0.36354166 0.46166667 0.32864583 0.5208333 0.32916668 0.5491667 0.29010418 0.625 0.27239582 0.65416664 0.2703125 0.6591667 0.24583334 0.6125 0.21458334 0.56416667 0.2015625 0.5425 0.20104167 0.5316667 0.203125 0.51666665 0.22135417 0.49083334
8 0.2578125 0.27916667 0.29739583 0.17833333 0.30104166 0.16916667 0.31197917 0.16666667 0.32239583 0.16666667 0.40260416 0.25416666 0.42239583 0.275 0.41875 0.33333334 0.41302082 0.34833333 0.41197917 0.35 0.41197917 0.35583332 0.42395833 0.36416668 0.43125 0.36333334 0.4421875 0.35166666 0.45364583 0.35333332 0.46197918 0.36916667 0.46770832 0.38333333 0.47291666 0.39 0.46458334 0.41583332 0.45364583 0.44416666 0.44375 0.45833334 0.42916667 0.5058333 0.42604166 0.51 0.4203125 0.515 0.41145834 0.51416665 0.36145833 0.45916668 0.3328125 0.42416668 0.28125 0.38 0.24114583 0.33916667 0.23854166 0.32583332 0.24010417 0.31666666 0.25520834 0.28333333
8 0.6015625 0.30416667 0.6791667 0.30083334 0.7239583 0.28916666 0.7338542 0.29583332 0.740625 0.31083333 0.740625 0.41166666 0.7473958 0.44166666 0.75 0.48583335 0.7427083 0.50333333 0.728125 0.50333333 0.6625 0.505 0.62083334 0.50916666 0.6041667 0.51666665 0.54583335 0.5283333 0.540625 0.52666664 0.5364583 0.5133333 0.53697914 0.43666667 0.54010415 0.37666667 0.540625 0.3225 0.5453125 0.30916667 0.553125 0.30166668 0.5932292 0.30166668
8 0.6015625 0.29166666 0.64739585 0.25 0.6567708 0.25 0.66510415 0.255 0.6791667 0.30083334 0.6015625 0.30416667 0.5932292 0.3025 0.59166664 0.30083334
8 0.49947917 0.5125 0.48958334 0.48166665 0.48958334 0.4575 0.48541668 0.44833332 0.47239584 0.43583333 0.465625 0.41583332 0.4671875 0.40666667 0.47239584 0.39 0.49114582 0.4075 0.5052083 0.415 0.5229167 0.41416666 0.53802085 0.40833333 0.5364583 0.48416665 0.5364583 0.51166666 0.525 0.5125 0.50208336 0.5258333 0.5005208 0.51916665
8 0.540625 0.5725 0.6140625 0.51416665 0.61614585 0.5125 0.603125 0.51666665 0.5463542 0.52916664 0.540625 0.5275 0.5260417 0.55833334 0.5364583 0.57666665
3 0.42291668 0.25333333 0.43072918 0.20083334 0.43697917 0.17166667 0.490625 0.13916667 0.5234375 0.12083333 0.53020835 0.1225 0.5875 0.15083334 0.5932292 0.16166666 0.59270835 0.1775 0.5734375 0.26333332 0.56041664 0.30166668 0.553125 0.30166668 0.5453125 0.30916667 0.540625 0.3225 0.54010415 0.38083333 0.5390625 0.40833333 0.52135414 0.41416666 0.5046875 0.415 0.49010417 0.40666667 0.47135416 0.38833332 0.46770832 0.38333333 0.46197918 0.36916667 0.45364583 0.35333332 0.4421875 0.35166666 0.43125 0.36333334 0.42395833 0.36416668 0.41197917 0.355 0.41197917 0.35083333 0.41927084 0.3325 0.42239583 0.26916668
8 0.43958333 0.70166665 0.50989586 0.7575 0.54895836 0.79083335 0.6046875 0.8208333 0.6171875 0.8425 0.6171875 0.85583335 0.59479165 0.91083336 0.58385414 0.9625 0.578125 1.0 0.54375 1.0 0.515625 0.9741667 0.4953125 0.9608333 0.48697916 0.95166665 0.46354166 0.94 0.45364583 0.9266667 0.3859375 0.8958333 0.38072917 0.88916665 0.378125 0.8775 0.38020834 0.86583334 0.40885416 0.7583333 0.42291668 0.7058333 0.43020833 0.7
