15 0.24583334 0.0125 0.22395833 0.0 0.246875 0.0 0.25260416 0.0 0.24895833 0.008333334 0.24791667 0.0125
1 0.23385416 0.07083333 0.24739583 0.0725 0.2640625 0.086666666 0.27447918 0.095 0.29114583 0.095 0.42239583 0.093333334 0.4328125 0.085 0.44010416 0.07833333 0.44479167 0.08583333 0.44583333 0.15583333 0.4453125 0.18916667 0.44166666 0.20333333 0.44427082 0.2275 0.44583333 0.2575 0.44270834 0.2725 0.43177083 0.26583335 0.41354167 0.24083333 0.39895833 0.23416667 0.27552083 0.2375 0.25833333 0.2475 0.2484375 0.2525 0.2421875 0.24583334 0.24166666 0.2175 0.24010417 0.18666667 0.23541667 0.16 0.23541667 0.123333335 0.2328125 0.086666666 0.23177083 0.075833336
9 0.22135417 0.83416665 0.096354164 1.0 0.0 1.0 0.0 0.8591667 0.040625 0.7183333 0.123958334 0.60583335 0.146875 0.63666666 0.20729166 0.745 0.22239584 0.7866667 0.2328125 0.81333333
16 0.303125 0.9091667 0.23854166 1.0 0.12864584 1.0 0.11666667 0.97833335 0.228125 0.8258333 0.2328125 0.81333333 0.20729166 0.7425 0.190625 0.71666664 0.2015625 0.68416667 0.2625 0.60333335 0.27135417 0.61333334 0.31302083 0.68583333 0.37604168 0.805 0.36979166 0.82416666 0.32447916 0.8825
3 0.42552084 0.5825 0.396875 0.67583334 0.39114583 0.705 0.39010417 0.7225 0.39322916 0.7341667 0.4 0.7425 0.4125 0.7475 0.42552084 0.74833333 0.4375 0.74083334 0.4421875 0.745 0.44427082 0.76916665 0.45625 0.8025 0.49947917 0.8491667 0.5052083 0.8491667 0.51354164 0.8275 0.5734375 0.6458333 0.5765625 0.62916666 0.540625 0.59833336 0.5286458 0.59583336 0.51927084 0.5941667 0.50625 0.57166666 0.46979168 0.5341667
13 0.5125 0.49 0.41145834 0.595 0.3671875 0.64166665 0.35833332 0.63416666 0.346875 0.61083335 0.29010418 0.475 0.28541666 0.45416668 0.290625 0.44416666 0.4109375 0.30916667 0.4359375 0.2775 0.44375 0.2675 0.45260417 0.265 0.4625 0.27083334 0.47395834 0.28833333 0.48645833 0.335 0.5083333 0.3825 0.5203125 0.41166666 0.53229165 0.42666668 0.53541666 0.44916666 0.534375 0.46416667 0.5203125 0.4775
8 0.54010415 0.48416665 0.53541666 0.4375 0.5286458 0.40416667 0.50416666 0.31166667 0.4875 0.24916667 0.47604167 0.20583333 0.475 0.19166666 0.475 0.17666666 0.47916666 0.16416667 0.49010417 0.1575 0.58125 0.104166664 0.5911458 0.10166667 0.5953125 0.105 0.60364586 0.12583333 0.6145833 0.16833334 0.61145836 0.17583333 0.6166667 0.18416667 0.628125 0.2425 0.64270836 0.3175 0.6635417 0.39583334 0.665625 0.41416666 0.66302085 0.42916667 0.6557292 0.43916667 0.596875 0.46833333 0.55572915 0.49583334 0.54583335 0.48833334
2 0.728125 0.42166665 0.8822917 0.42666668 0.9109375 0.4275 0.9114583 0.46166667 0.89947915 0.52416664 0.90416664 0.7875 0.88958335 0.7975 0.81041664 0.7891667 0.7817708 0.79083335 0.73072916 0.80083334 0.7291667 0.78 0.72864586 0.63 0.72864586 0.48583335 0.728125 0.44
18 0.93072915 0.48083332 0.94166666 0.47666666 0.9526042 0.48416665 0.959375 0.495 0.9770833 0.58 0.98645836 0.6375 0.9916667 0.6716667 1.0 0.6775 1.0 0.80833334 0.91979164 0.84583336 0.90625 0.84833336 0.89739585 0.8433333 0.8890625 0.8283333 0.88125 0.8025 0.8911458 0.7975 0.9046875 0.7875 0.9010417 0.62166667 0.89947915 0.5233333 0.9067708 0.49083334
19 0.8453125 0.054166667 0.9447917 0.029166667 0.9583333 0.023333333 0.96979165 0.029166667 0.97291666 0.0425 0.97239584 0.090833336 0.965625 0.0975 0.9713542 0.1 0.9739583 0.1725 0.9765625 0.265 0.9791667 0.31166667 0.9760417 0.32416666 0.965625 0.335 0.8463542 0.36333334 0.83802086 0.34916666 0.83489585 0.34 0.8328125 0.2025 0.825 0.1375 0.82708335 0.13166666 0.82447916 0.12833333 0.821875 0.086666666 0.8255208 0.06583333 0.83177084 0.055833332
4 0.08020833 0.039166667 0.06614583 0.035 0.041666668 0.0275 0.019270834 0.01 0.0109375 0.0 0.123958334 0.0 0.118229166 0.010833333 0.100520834 0.028333334 0.088541664 0.035
