5 0.2859375 0.50083333 0.27552083 0.525 0.23802084 0.6591667 0.28489584 0.61 0.29427084 0.5883333 0.3265625 0.5416667
5 0.32604167 0.8983333 0.3328125 0.9166667 0.34166667 0.92583334 0.34895834 0.8983333 0.3625 0.8466667 0.346875 0.86 0.3296875 0.8908333 0.325 0.8975
5 0.38958332 0.5991667 0.43802083 0.63 0.43697917 0.6375 0.43177083 0.6558333 0.42291668 0.6741667 0.39010417 0.60333335
1 0.66510415 0.3175 0.6640625 0.32833335 0.6734375 0.36666667 0.68125 0.44166666 0.6802083 0.6025 0.67083335 0.6325 0.66979164 0.6566667 0.68333334 0.6566667 0.6953125 0.6566667 0.7125 0.65416664 0.72291666 0.65833336 0.74322915 0.6591667 0.74791664 0.6625 0.7817708 0.66833335 0.7942708 0.66583335 0.7890625 0.6425 0.7729167 0.63 0.77552086 0.61083335 0.7729167 0.42666668 0.77135414 0.405 0.7739583 0.3775 0.7817708 0.335 0.77760416 0.31333333 0.7807292 0.3075 0.77447915 0.305 0.7661458 0.30583334 0.671875 0.31583333
1 0.81875 0.44166666 0.8109375 0.45166665 0.79895836 0.4625 0.79322916 0.465 0.7796875 0.46416667 0.7739583 0.47833332 0.77239585 0.42 0.77135414 0.405 0.7739583 0.3825 0.81354165 0.4325
1 0.6796875 0.44916666 0.6354167 0.52666664 0.6322917 0.5391667 0.6296875 0.5425 0.6234375 0.54333335 0.60729164 0.5308333 0.5984375 0.53333336 0.59479165 0.53833336 0.60052085 0.5541667 0.61145836 0.57416666 0.6244792 0.5908333 0.628125 0.60833335 0.6432292 0.6275 0.671875 0.675 0.67864585 0.67333335 0.6802083 0.6566667 0.6692708 0.6575 0.67083335 0.6333333 0.68072915 0.6016667 0.68125 0.45166665
1 0.3203125 0.095 0.3203125 0.24333334 0.31822917 0.28666666 0.33229166 0.28833333 0.34583333 0.28 0.38385418 0.2675 0.41510418 0.26416665 0.47135416 0.25333333 0.50208336 0.2525 0.53697914 0.2575 0.54583335 0.24666667 0.5375 0.24166666 0.5265625 0.21833333 0.5260417 0.19416666 0.53333336 0.17 0.5359375 0.1575 0.5484375 0.08583333 0.5317708 0.085 0.5140625 0.095 0.48177084 0.11083333 0.47239584 0.10666667 0.4015625 0.11 0.37291667 0.11333334 0.35625 0.10333333 0.3359375 0.09166667
1 0.34739584 0.28083333 0.35989583 0.33583334 0.36875 0.36083335 0.36770833 0.395 0.36302084 0.3975 0.36979166 0.40833333 0.38125 0.39833334 0.41614583 0.3725 0.42604166 0.36583334 0.45208332 0.35 0.46770832 0.34833333 0.46614584 0.32833335 0.4578125 0.33333334 0.44947916 0.32083333 0.43385416 0.26083332 0.415625 0.26416665 0.38489583 0.2675 0.34947917 0.27833334 0.34635416 0.27916667
1 0.31927082 0.1325 0.30885416 0.14333333 0.30520833 0.15833333 0.3015625 0.17 0.30729166 0.17166667 0.31458333 0.16 0.3203125 0.1825 0.3203125 0.1325
1 0.390625 0.058333334 0.38177082 0.061666667 0.37291667 0.068333335 0.35989583 0.07833333 0.34583333 0.0975 0.37291667 0.11333334 0.39479166 0.11083333 0.39427084 0.10166667 0.38854167 0.090833336 0.38333333 0.0875 0.38958332 0.075 0.39322916 0.06583333 0.39375 0.060833335 0.39322916 0.0575
5 0.34375 0.5158333 0.32604167 0.54333335 0.29583332 0.5875 0.28489584 0.6091667 0.2109375 0.68833333 0.18072917 0.7125 0.175 0.715 0.1671875 0.7291667 0.20729166 0.80833334 0.21354167 0.8066667 0.23541667 0.84166664 0.25104168 0.87333333 0.284375 0.9575 0.29166666 0.94 0.29739583 0.93 0.30729166 0.92 0.33020833 0.89 0.346875 0.86 0.4109375 0.8025 0.43177083 0.785 0.4515625 0.76416665 0.45885417 0.75333333 0.45208332 0.735 0.39895833 0.62333333 0.34947917 0.51666665
