9 0.8276042 0.6308333 0.81875 0.6408333 0.796875 0.5941667 0.778125 0.5516667 0.7739583 0.53333336 0.76354164 0.51166666 0.7473958 0.47416666 0.7296875 0.43166667 0.72447914 0.415 0.7390625 0.4 0.759375 0.37583333 0.7864583 0.45833334 0.80104166 0.505 0.81041664 0.53333336 0.82708335 0.5933333 0.8328125 0.615 0.8375 0.6141667 0.8375 0.61833334 0.834375 0.6225
9 1.0 0.44 0.98125 0.45666668 0.978125 0.46 0.9635417 0.41 0.9536458 0.37833333 0.95 0.36583334 0.9369792 0.33 0.9234375 0.27166668 0.91822916 0.2525 0.91510415 0.22916667 0.896875 0.24 0.8880208 0.24583334 0.8859375 0.23833333 0.903125 0.21666667 0.915625 0.20166667 0.925 0.21666667 0.94739586 0.26166666 0.95885414 0.28916666 0.96770835 0.31416667 0.97864586 0.34083334 0.98125 0.3575 0.9848958 0.36916667 0.99322915 0.38166666 1.0 0.3975
9 0.8833333 0.24333334 0.88125 0.24583334 0.87864584 0.24833333 0.8765625 0.2525 0.8755208 0.255 0.8854167 0.2475 0.88489586 0.245 0.884375 0.24333334
9 0.45052084 0.26833335 0.4984375 0.2475 0.52447915 0.23916666 0.534375 0.24083333 0.54270834 0.24583334 0.5515625 0.24 0.55833334 0.23416667 0.5671875 0.22333333 0.58802086 0.21083333 0.61822915 0.1975 0.62864584 0.26916668 0.6255208 0.2725 0.62916666 0.2775 0.63854164 0.33583334 0.6515625 0.40916666 0.65833336 0.45166665 0.66770834 0.49 0.67864585 0.5366667 0.68125 0.56 0.68125 0.57 0.66770834 0.5783333 0.6484375 0.5858333 0.6223958 0.6041667 0.60260415 0.6191667 0.571875 0.63416666 0.52135414 0.65416664 0.509375 0.6591667 0.503125 0.62083334 0.496875 0.5758333 0.49270833 0.5375 0.4859375 0.48833334 0.475 0.41666666 0.46666667 0.37583333 0.46302083 0.34833333 0.465625 0.345 0.46770832 0.34333333 0.46510416 0.34083334 0.46197918 0.34083334 0.4546875 0.29166666
9 0.45416668 0.32 0.440625 0.32166666 0.44114584 0.32833335 0.43854168 0.32916668 0.4359375 0.3225 0.39791667 0.32916668 0.4078125 0.4375 0.4140625 0.47666666 0.42239583 0.54833335 0.4328125 0.6041667 0.46927083 0.58916664 0.46979168 0.58416665 0.47291666 0.5833333 0.47395834 0.58916664 0.49739584 0.58166665 0.49322918 0.54 0.48489583 0.48083332 0.47604167 0.425 0.46666667 0.37333333 0.46302083 0.3475 0.46770832 0.34333333 0.465625 0.34083334 0.4625 0.34083334 0.45885417 0.31916666
9 0.47708333 0.25 0.48697916 0.225 0.49322918 0.20916666 0.49739584 0.20416667 0.503125 0.19416666 0.50625 0.18416667 0.51197916 0.1875 0.521875 0.18666667 0.52916664 0.18333334 0.559375 0.18416667 0.5828125 0.18583333 0.5984375 0.19 0.60833335 0.19166666 0.60833335 0.20166667 0.5885417 0.21 0.5677083 0.2225 0.5578125 0.23416667 0.5515625 0.24 0.54270834 0.24583334 0.534375 0.24083333 0.5239583 0.23916666 0.51458335 0.2425 0.4984375 0.2475 0.47447917 0.2575
9 0.41302082 0.51416665 0.41510418 0.485 0.42083332 0.5391667 0.41770834 0.53833336 0.4125 0.5375 0.4109375 0.5375
9 0.64270836 0.34333333 0.63854164 0.3075 0.6296875 0.26 0.62708336 0.26 0.62864584 0.26916668 0.6255208 0.2725 0.62916666 0.2775 0.6458333 0.375 0.6489583 0.39166668 0.65 0.38833332 0.6453125 0.36
9 0.44114584 1.0 0.4390625 0.93916667 0.4421875 0.93583333 0.4390625 0.9316667 0.43802083 0.87416667 0.4359375 0.8491667 0.4296875 0.7808333 0.42760417 0.75666666 0.4265625 0.7341667 0.42083332 0.6725 0.4203125 0.64416665 0.4328125 0.6383333 0.45625 0.63416666 0.48802084 0.63 0.50416666 0.62833333 0.50885415 0.6591667 0.5265625 0.65166664 0.5729167 0.6333333 0.5864583 0.6275 0.58802086 0.63916665 0.5911458 0.68916667 0.5942708 0.72583336 0.5953125 0.79083335 0.59739584 0.86583334 0.59791666 0.90833336 0.59479165 0.91 0.5953125 0.91333336 0.596875 0.9166667 0.59947914 0.91583335 0.6020833 0.98833334 0.5598958 0.99666667 0.55572915 0.9941667 0.5520833 0.99916667 0.45208332 1.0
9 0.75208336 0.35333332 0.77135414 0.41166666 0.79270834 0.47833332 0.8098958 0.5316667 0.8328125 0.615 0.8375 0.6141667 0.8375 0.61833334 0.83385414 0.6225 0.85364586 0.69 0.865625 0.6825 0.91041666 0.64916664 0.93541664 0.62833333 0.9536458 0.62083334 0.9625 0.6116667 0.96197915 0.6066667 0.96510416 0.60083336 0.98854166 0.5858333 1.0 0.56416667 1.0 0.52666664 0.99114585 0.50666666 0.98854166 0.49583334 0.9765625 0.455 0.96302086 0.41 0.95 0.36583334 0.9369792 0.33 0.92552084 0.28 0.91822916 0.25333333 0.91510415 0.23 0.8875 0.24583334 0.85625 0.26916668 0.8098958 0.30333334 0.7729167 0.335
