12 0.29895833 0.44416666 0.31510416 0.46333334 0.3453125 0.49333334 0.36770833 0.51666665 0.3921875 0.54083335 0.41145834 0.56 0.43958333 0.57916665 0.46666667 0.59583336 0.47395834 0.60333335 0.44166666 0.6925 0.41927084 0.76166666 0.38854167 0.73583335 0.37083334 0.715 0.359375 0.6958333 0.34479168 0.6816667 0.32395834 0.6641667 0.29583332 0.6425 0.30052084 0.6383333 0.32135418 0.61583334 0.32083333 0.6066667 0.30520833 0.56 0.2640625 0.48416665 0.27135417 0.475 0.28697917 0.45833334 0.296875 0.44333333
12 0.111979164 0.17916666 0.19322917 0.14666666 0.23020834 0.1225 0.24583334 0.19833334 0.25 0.235 0.25989583 0.29166666 0.22708334 0.32416666 0.1859375 0.37333333 0.1625 0.3925 0.15833333 0.36916667 0.15052083 0.3225 0.13489583 0.26666668 0.11302083 0.1825
12 0.1703125 0.43333334 0.18645833 0.5258333 0.19114584 0.5541667 0.19791667 0.545 0.2125 0.525 0.2171875 0.51666665 0.19479166 0.47166666 0.16510417 0.4075 0.1703125 0.4325
12 0.27447918 0.26916668 0.29479167 0.255 0.321875 0.22583333 0.35416666 0.18333334 0.36927083 0.15666667 0.38958332 0.18666667 0.4125 0.2375 0.43072918 0.27916667 0.434375 0.29333332 0.40364584 0.3225 0.375 0.3525 0.34635416 0.38083333 0.3171875 0.41666666 0.3078125 0.43333334 0.29635417 0.44416666 0.28645834 0.45916668 0.27447918 0.47083333 0.2640625 0.48416665 0.25260416 0.46416667 0.21770833 0.51666665 0.19427083 0.47083333 0.16510417 0.40666667 0.16041666 0.3975 0.1625 0.39333335 0.1859375 0.3725 0.22864583 0.3225 0.26145834 0.28916666 0.271875 0.27083334
12 0.46302083 0.45333335 0.51927084 0.49 0.546875 0.5083333 0.56822914 0.5233333 0.56875 0.5325 0.5630208 0.55916667 0.55833334 0.5908333 0.55 0.6166667 0.53229165 0.6741667 0.5229167 0.70666665 0.484375 0.72583336 0.45729166 0.74333334 0.4625 0.7725 0.48333332 0.85583335 0.48385417 0.8616667 0.471875 0.8958333 0.45208332 0.8883333 0.40625 0.8566667 0.36145833 0.8208333 0.36770833 0.80083334 0.38854167 0.73583335 0.40625 0.75083333 0.41927084 0.76166666 0.4421875 0.69 0.47395834 0.60333335 0.46614584 0.595 0.43645832 0.57666665 0.43333334 0.575 0.43958333 0.5525 0.44739583 0.515 0.46145833 0.455
12 0.33854166 0.09916667 0.37760416 0.13083333 0.4140625 0.15416667 0.43958333 0.17083333 0.4515625 0.175 0.45989582 0.17583333 0.46614584 0.17833333 0.47135416 0.18833333 0.4875 0.20666666 0.509375 0.22666667 0.54791665 0.25083333 0.57135415 0.26416665 0.56354165 0.30083334 0.54791665 0.35333332 0.54114586 0.37416667 0.5317708 0.38666666 0.52552086 0.4 0.52135414 0.415 0.51875 0.4225 0.5026042 0.40666667 0.45989582 0.36916667 0.44375 0.35416666 0.42708334 0.34333333 0.40729168 0.33416668 0.39895833 0.32666665 0.40520832 0.32 0.434375 0.29333332 0.43072918 0.27833334 0.39010417 0.18583333 0.36927083 0.15666667 0.35416666 0.18333334 0.32239583 0.225 0.30572918 0.2425 0.30625 0.23 0.33177084 0.15166667 0.33958334 0.12416667 0.3390625 0.108333334 0.33854166 0.10166667
12 0.4953125 0.1875 0.56666666 0.14833333 0.6067708 0.123333335 0.61041665 0.12916666 0.6265625 0.20916666 0.6625 0.3775 0.6921875 0.495 0.66614586 0.5125 0.60520834 0.5491667 0.57395834 0.56416667 0.56822914 0.5233333 0.55 0.42416668 0.54114586 0.37416667 0.5541667 0.33166668 0.56354165 0.29833335 0.57135415 0.26416665 0.546875 0.25 0.50885415 0.225 0.5015625 0.21833333 0.49427083 0.19166666
12 0.65833336 0.14416666 0.7114583 0.17 0.7421875 0.18666667 0.75989586 0.19916667 0.76927084 0.20916666 0.7625 0.2325 0.7572917 0.245 0.73854166 0.305 0.7260417 0.34833333 0.72083336 0.37416667 0.7135417 0.395 0.70625 0.42 0.69114584 0.49 0.6671875 0.39583334 0.6375 0.26 0.6333333 0.24 0.64375 0.1975 0.65625 0.145
12 0.61927086 0.54583335 0.6692708 0.5783333 0.6744792 0.57 0.6796875 0.5541667 0.68385416 0.5366667 0.690625 0.49583334 0.665625 0.5125 0.6276042 0.53583336 0.6166667 0.5425 0.61822915 0.5441667
12 0.615625 0.65166664 0.6296875 0.6475 0.6578125 0.6308333 0.6770833 0.615 0.6890625 0.60333335 0.69166666 0.59833336 0.69322914 0.6075 0.6984375 0.6333333 0.70625 0.67083335 0.7192708 0.7158333 0.7239583 0.7375 0.72760415 0.7416667 0.7078125 0.755 0.665625 0.7816667 0.65416664 0.79083335 0.64375 0.8016667 0.63125 0.81333333 0.62083334 0.82166666 0.609375 0.8333333 0.60364586 0.8408333 0.5833333 0.85833335 0.5463542 0.88916665 0.51979166 0.9066667 0.50677085 0.91 0.49427083 0.9066667 0.48385417 0.8616667 0.48333332 0.85583335 0.46979168 0.8016667 0.46302083 0.7733333 0.45729166 0.74333334 0.48489583 0.72583336 0.5239583 0.7058333 0.5416667 0.70166665 0.5520833 0.6983333 0.565625 0.69 0.58385414 0.67583334 0.59739584 0.6691667 0.60572916 0.6625 0.6125 0.655
12 0.253125 0.465 0.196875 0.5466667 0.18072917 0.5675 0.15260416 0.6091667 0.13489583 0.6308333 0.1125 0.6558333 0.084375 0.685 0.067708336 0.7075 0.075520836 0.725 0.11927083 0.81083333 0.1421875 0.8616667 0.16666667 0.82666665 0.18020834 0.80583334 0.19166666 0.7941667 0.20364584 0.7675 0.23177083 0.7291667 0.26614583 0.6825 0.296875 0.6408333 0.32135418 0.61583334 0.32135418 0.6066667 0.3046875 0.55916667 0.27135417 0.4975 0.25416666 0.46666667
