12 0.47760418 0.36166668 0.4328125 0.44416666 0.3890625 0.51666665 0.37552083 0.53833336 0.33020833 0.61333334 0.3125 0.64666665 0.31927082 0.6641667 0.35104167 0.70666665 0.3953125 0.77416664 0.40104166 0.77166665 0.43541667 0.6983333 0.44114584 0.6825 0.4546875 0.6625 0.46510416 0.6375 0.46875 0.6275 0.48541668 0.61 0.51145834 0.5708333 0.54895836 0.50666666 0.55833334 0.48666668 0.53020835 0.435 0.49270833 0.36833334 0.48958334 0.36333334
12 0.4375 0.43083334 0.43125 0.43083334 0.40416667 0.45 0.309375 0.4825 0.25364584 0.49666667 0.253125 0.50083333 0.26770833 0.615 0.2734375 0.65416664 0.31822917 0.63416666 0.34895834 0.5808333 0.35625 0.57 0.39010417 0.5158333 0.4375 0.43583333
12 0.275 0.65416664 0.31822917 0.63416666 0.31197917 0.645 0.31927082 0.66333336 0.3421875 0.69666666 0.309375 0.68083334
12 0.409375 0.75666666 0.43541667 0.7816667 0.44375 0.7816667 0.4875 0.62916666 0.49166667 0.6125 0.48645833 0.6091667 0.4828125 0.61333334 0.46822917 0.62833333 0.4546875 0.6625 0.44166666 0.6816667 0.43541667 0.69916666 0.40833333 0.7558333
12 0.521875 0.56083333 0.55052084 0.56583333 0.55 0.5541667 0.54895836 0.5083333 0.54375 0.515 0.51770836 0.55916667
12 0.546875 0.39333335 0.50677085 0.39333335 0.5203125 0.4175 0.5473958 0.46583334 0.5494792 0.4475 0.54895836 0.39333335
12 0.30572918 0.39166668 0.30677083 0.4825 0.31197917 0.48083332 0.4046875 0.44916666 0.43125 0.43083334 0.4375 0.43 0.4375 0.43583333 0.46041667 0.39333335 0.45104167 0.3925 0.43802083 0.39583334 0.39739582 0.39166668 0.3546875 0.39416668 0.3375 0.38833332 0.3078125 0.38833332
12 0.2546875 0.5275 0.22291666 0.62416667 0.27395833 0.65416664 0.26822916 0.6166667 0.25625 0.52416664
12 0.27395833 0.4575 0.26510417 0.49333334 0.29583332 0.48583335 0.30625 0.48416665 0.30625 0.4775 0.2859375 0.4625 0.27760416 0.45666668
12 0.20520833 0.1975 0.18125 0.2425 0.13958333 0.33166668 0.12083333 0.36916667 0.0484375 0.49583334 0.0484375 0.5025 0.1125 0.58666664 0.13854167 0.6141667 0.15885417 0.57666665 0.20989583 0.47833332 0.28072917 0.34416667 0.2984375 0.30916667 0.21145834 0.20166667
