2 0.415625 0.7816667 0.30989584 0.73 0.25104168 0.70166665 0.24375 0.6975 0.27604166 0.535 0.290625 0.44083333 0.29375 0.4225 0.31770834 0.43583333 0.30625 0.465 0.28645834 0.56583333 0.26875 0.6525 0.26822916 0.66833335 0.34947917 0.71 0.4046875 0.7391667 0.47291666 0.7775 0.47552082 0.77916664 0.4703125 0.80333334
2 0.4171875 0.7825 0.42760417 0.81916666 0.45989582 0.80083334 0.453125 0.7975
2 0.47291666 0.7925 0.4859375 0.785 0.47552082 0.77916664 0.47291666 0.79333335
2 0.50208336 0.7733333 0.5520833 0.7416667 0.6046875 0.71166664 0.65 0.6825 0.6479167 0.67083335 0.6244792 0.585 0.6145833 0.5466667 0.603125 0.4925 0.584375 0.42 0.5807292 0.415 0.5109375 0.45916668 0.48020834 0.48 0.5515625 0.51666665 0.55572915 0.51916665 0.53802085 0.5991667 0.52708334 0.65
2 0.5005208 0.77916664 0.5109375 0.8641667 0.55 0.8575 0.578125 0.85 0.59479165 0.84166664 0.6244792 0.8358333 0.6671875 0.8175 0.684375 0.80833334 0.6770833 0.7633333 0.6635417 0.66583335 0.65520835 0.5991667 0.6411458 0.4875 0.6088542 0.5208333 0.61145836 0.5325 0.62864584 0.5683333 0.6432292 0.6166667 0.63645834 0.62833333 0.64739585 0.66833335 0.65 0.68333334 0.60729164 0.7108333 0.5572917 0.74 0.5229167 0.7608333 0.50208336 0.7733333
2 0.63645834 0.6275 0.6234375 0.58166665 0.6166667 0.555 0.6119792 0.53333336 0.628125 0.5675 0.62916666 0.5683333 0.640625 0.60833335 0.6432292 0.6166667 0.6390625 0.62416667 0.63645834 0.62833333
2 0.38645834 0.435 0.45104167 0.37333333 0.5234375 0.30166668 0.525 0.30166668 0.52916664 0.30916667 0.5708333 0.42083332 0.51458335 0.45583335 0.4796875 0.48 0.43645832 0.4575 0.39739582 0.44 0.3875 0.43583333
2 0.28697917 0.45916668 0.28489584 0.32083333 0.28385416 0.29833335 0.35260418 0.29583332 0.3796875 0.29583332 0.40260416 0.29416665 0.45677084 0.28916666 0.45989582 0.36416668 0.4078125 0.41416666 0.3859375 0.43416667 0.38541666 0.435 0.36458334 0.42583334 0.3421875 0.41833332 0.33697918 0.41833332 0.32552084 0.41583332 0.31770834 0.43416667 0.31770834 0.435 0.303125 0.4275 0.29322916 0.4225 0.2875 0.46
2 0.45885417 0.34166667 0.5026042 0.29916668 0.55625 0.24333334 0.5989583 0.345 0.6375 0.44333333 0.65208334 0.47416666 0.61875 0.5108333 0.609375 0.52 0.60364586 0.49416667 0.58489585 0.42 0.58125 0.41416666 0.5807292 0.41416666 0.5708333 0.42083332 0.55572915 0.37916666 0.52916664 0.30833334 0.525 0.30166668 0.5234375 0.30166668 0.49375 0.33166668 0.459375 0.365
2 0.6713542 0.00083333335 0.70208335 0.036666665 0.7239583 0.0 0.68125 0.0
2 0.26875 0.6675 0.37447917 0.7216667 0.47760418 0.78 0.49791667 0.7916667 0.5307292 0.62833333 0.5552083 0.5208333 0.5552083 0.51916665 0.4421875 0.46083334 0.365625 0.42666668 0.3421875 0.41916665 0.3375 0.41916665 0.32552084 0.41666666 0.30625 0.465 0.29166666 0.5425 0.26979166 0.65416664
