15 0.3234375 0.33416668 0.35625 0.35083333 0.378125 0.3625 0.38125 0.37 0.38229167 0.385 0.38697916 0.38583332 0.3953125 0.3875 0.39375 0.4025 0.38541666 0.39916667 0.38177082 0.40166667 0.3796875 0.40166667 0.37135416 0.41 0.36614582 0.40916666 0.31979167 0.39 0.321875 0.335
15 0.33072916 0.49916667 0.334375 0.48916668 0.33854166 0.49833333 0.34166667 0.5058333 0.33645833 0.5108333 0.33541667 0.5183333 0.33333334 0.51916665 0.33229166 0.53583336 0.3140625 0.56916666 0.30833334 0.5808333 0.3125 0.50083333 0.3171875 0.5 0.32604167 0.50166667 0.328125 0.50083333
15 0.15833333 0.75083333 0.15885417 0.7425 0.215625 0.6525 0.27395833 0.5575 0.27083334 0.63916665 0.19114584 0.76416665 0.17708333 0.7816667 0.17239584 0.7825 0.16979167 0.7825 0.1640625 0.7825 0.16041666 0.7808333 0.15520833 0.78833336 0.153125 0.7866667 0.15104167 0.7775 0.15208334 0.76916665 0.15572916 0.7675 0.15885417 0.76166666 0.15885417 0.75666666
15 0.3125 0.2975 0.31666666 0.28666666 0.31458333 0.28416666 0.30729166 0.28083333 0.303125 0.28416666 0.3046875 0.29416665 0.30260417 0.2975 0.30260417 0.30166668 0.2953125 0.30416667 0.28958333 0.31416667 0.28802082 0.35583332 0.28541666 0.37083334 0.2734375 0.56 0.27083334 0.6458333 0.271875 0.6641667 0.27916667 0.6741667 0.28072917 0.68 0.27916667 0.68833333 0.2859375 0.69666666 0.29114583 0.6983333 0.29322916 0.69416666 0.2921875 0.6816667 0.29479167 0.67833334 0.2953125 0.6725 0.3 0.6716667 0.30260417 0.665 0.3046875 0.6558333 0.31302083 0.48666668 0.31979167 0.38583332 0.321875 0.335 0.321875 0.33 0.321875 0.32083333 0.315625 0.30583334 0.315625 0.30166668
15 0.54322916 0.62916666 0.54322916 0.6483333 0.5125 0.7291667 0.42760417 0.9266667 0.42135417 0.9291667 0.415625 0.9325 0.41041666 0.9325 0.41041666 0.94916666 0.40208334 0.9433333 0.3984375 0.93833333 0.4015625 0.9316667 0.4015625 0.92333335 0.40052083 0.9075 0.40260416 0.89166665 0.503125 0.6575 0.5395833 0.62666667
15 0.57239586 0.5133333 0.56614584 0.51666665 0.5630208 0.5158333 0.5578125 0.51666665 0.5494792 0.5158333 0.44427082 0.59833336 0.36875 0.6558333 0.35989583 0.6666667 0.3578125 0.67333335 0.35677084 0.68416667 0.35416666 0.68666667 0.35416666 0.69083333 0.34635416 0.695 0.35 0.7075 0.35364583 0.7133333 0.35677084 0.7083333 0.35885417 0.7033333 0.36510417 0.7058333 0.36979166 0.7075 0.39479166 0.69416666 0.44375 0.6533333 0.44895834 0.64416665 0.496875 0.6025 0.56927085 0.5416667 0.5697917 0.53583336 0.57135415 0.5308333 0.578125 0.52916664 0.5765625 0.52
15 0.64375 0.4825 0.634375 0.48416665 0.5854167 0.5258333 0.57239586 0.5366667 0.56927085 0.5416667 0.44947916 0.64416665 0.44270834 0.6558333 0.44166666 0.66 0.4421875 0.6691667 0.43802083 0.6725 0.4328125 0.67583334 0.43177083 0.6825 0.43333334 0.69 0.43854168 0.68583333 0.44166666 0.6816667 0.4484375 0.68666667 0.45677084 0.69083333 0.5026042 0.6575 0.546875 0.62 0.625 0.55083334 0.6557292 0.5183333 0.65729165 0.5108333 0.65833336 0.50083333 0.6635417 0.495 0.66770834 0.49166667 0.665625 0.4825 0.6588542 0.48666668 0.653125 0.48666668 0.64947915 0.4875
15 0.65260416 0.18583333 0.65989584 0.17416666 0.6635417 0.17833333 0.6640625 0.185 0.6588542 0.19666667 0.6567708 0.20666666 0.6557292 0.22166666 0.58385414 0.3175 0.540625 0.37333333 0.51770836 0.34166667 0.5630208 0.27916667 0.6328125 0.1875 0.63854164 0.18416667 0.64739585 0.18666667
15 0.51458335 0.4175 0.503125 0.43 0.49635416 0.43666667 0.49010417 0.43916667 0.48385417 0.43333334 0.47916666 0.44583333 0.47604167 0.44916666 0.47291666 0.445 0.46770832 0.4375 0.47135416 0.43333334 0.478125 0.4275 0.47760418 0.42166665 0.47708333 0.41083333 0.4828125 0.39416668 0.49114582 0.38 0.5151042 0.41333333
15 0.46614584 0.28666666 0.478125 0.28666666 0.48645833 0.295 0.5130208 0.33 0.5182292 0.34166667 0.540625 0.37333333 0.6145833 0.50083333 0.58489585 0.5258333 0.56145835 0.48833334 0.515625 0.41333333 0.48802084 0.37583333 0.4578125 0.32083333 0.45677084 0.30583334 0.45572916 0.2975 0.4484375 0.2825 0.45364583 0.27666667 0.459375 0.28583333 0.46354166 0.285
15 0.6140625 0.5675 0.66770834 0.735 0.69739586 0.8475 0.69322914 0.85833335 0.6927083 0.87 0.6958333 0.87833333 0.69427085 0.8875 0.6869792 0.89166665 0.68541664 0.8808333 0.67864585 0.875 0.66822916 0.8616667 0.61927086 0.7075 0.5828125 0.5883333 0.6119792 0.5625
15 0.59739584 0.34166667 0.60364586 0.34333333 0.61354166 0.355 0.6510417 0.4875 0.64947915 0.48833334 0.64427084 0.48166665 0.634375 0.48416665 0.61510414 0.5 0.5989583 0.44666666 0.6 0.44333333 0.58020836 0.36583334 0.58489585 0.35416666 0.5854167 0.35 0.5833333 0.34166667 0.5854167 0.3375 0.58489585 0.32583332 0.5921875 0.32583332 0.5932292 0.33583334 0.5953125 0.33666667
15 0.65833336 0.5133333 0.6979167 0.63916665 0.6979167 0.6508333 0.69635415 0.65833336 0.6958333 0.66583335 0.6947917 0.67083335 0.6979167 0.68 0.6947917 0.685 0.690625 0.6875 0.6880208 0.67583334 0.684375 0.675 0.6822917 0.6691667 0.67395836 0.6666667 0.6536458 0.61833334 0.65052086 0.61 0.64635414 0.6116667 0.64479166 0.59166664 0.62864584 0.5475 0.6557292 0.5183333 0.65729165 0.51
15 0.17864583 0.2575 0.28958333 0.31416667 0.28802082 0.35583332 0.28541666 0.37 0.16822916 0.30666667 0.15989584 0.295 0.159375 0.28583333 0.15260416 0.27583334 0.1484375 0.27583334 0.14947917 0.26666668 0.15416667 0.26166666 0.159375 0.2625 0.16197917 0.2625 0.16510417 0.26333332 0.16979167 0.25833333
