12 0.17083333 0.64916664 0.234375 0.5825 0.2328125 0.5966667 0.234375 0.6075 0.24010417 0.6116667 0.2671875 0.62666667 0.27083334 0.62916666 0.32291666 0.6075 0.340625 0.6175 0.34947917 0.61333334 0.35520834 0.6066667 0.35989583 0.59166664 0.37864584 0.585 0.38541666 0.6091667 0.39479166 0.62083334 0.3890625 0.6275 0.2921875 0.7316667 0.28854167 0.73 0.2796875 0.735 0.2765625 0.74666667 0.26614583 0.76 0.22291666 0.8066667 0.20260416 0.75666666 0.16614583 0.6566667
16 0.2328125 0.5475 0.32291666 0.6075 0.27135417 0.62916666 0.26302084 0.62416667 0.24166666 0.6125 0.234375 0.60833335 0.2328125 0.5975 0.234375 0.58166665 0.23541667 0.5758333 0.2359375 0.565
21 0.46458334 0.6575 0.47708333 0.64 0.49427083 0.6191667 0.5229167 0.59 0.54791665 0.5733333 0.5755208 0.55583334 0.5921875 0.55583334 0.59947914 0.5516667 0.6046875 0.54333335 0.6145833 0.55333334 0.6197917 0.57666665 0.6359375 0.64166665 0.6536458 0.7291667 0.6567708 0.75416666 0.6557292 0.77416664 0.6515625 0.78333336 0.6479167 0.7866667 0.5885417 0.81333333 0.5776042 0.8183333 0.5307292 0.83166665 0.4984375 0.8375 0.484375 0.8375 0.47083333 0.835 0.459375 0.82916665 0.45 0.8258333 0.43333334 0.8283333 0.40364584 0.85083336 0.3953125 0.8491667 0.3859375 0.8441667 0.38177082 0.8275 0.3875 0.7783333 0.39114583 0.74833333 0.39270833 0.70916665 0.39375 0.67833334 0.39166668 0.655 0.38958332 0.6358333 0.39010417 0.62833333 0.39427084 0.62166667 0.39895833 0.62083334 0.4125 0.62166667 0.43333334 0.6333333 0.44166666 0.6358333 0.4640625 0.6625
18 0.3828125 0.58416665 0.45885417 0.5516667 0.46458334 0.55916667 0.471875 0.5625 0.46927083 0.56583333 0.4625 0.56916666 0.45572916 0.5758333 0.4421875 0.59 0.41041666 0.62166667 0.39427084 0.62083334 0.38541666 0.60833335 0.37916666 0.58666664
5 0.28072917 0.1325 0.30520833 0.1375 0.31302083 0.13833334 0.31822917 0.15083334 0.325 0.15666667 0.34322917 0.17166667 0.36197916 0.17833333 0.38072917 0.18916667 0.40833333 0.19166666 0.46614584 0.2025 0.47083333 0.205 0.4703125 0.2125 0.45989582 0.25916666 0.44375 0.37166667 0.43854168 0.425 0.42864582 0.485 0.4203125 0.48416665 0.4125 0.48083332 0.40572917 0.47583333 0.38854167 0.46333334 0.32552084 0.43083334 0.29322916 0.41083333 0.26458332 0.40416667 0.23958333 0.40083334 0.2125 0.39166668 0.209375 0.38583332 0.21666667 0.35916665 0.23125 0.30416667 0.24791667 0.25833333 0.25260416 0.2475 0.25989583 0.205 0.2734375 0.1475 0.27552083 0.13583334
21 0.125 0.25166667 0.15364583 0.2575 0.18229167 0.26916668 0.23645833 0.28916666 0.23125 0.30416667 0.209375 0.38666666 0.21354167 0.3925 0.2390625 0.40166667 0.26510417 0.405 0.29322916 0.41083333 0.33333334 0.43416667 0.39010417 0.465 0.38958332 0.4675 0.36458334 0.5683333 0.35989583 0.59166664 0.3546875 0.6075 0.35 0.61333334 0.34166667 0.6166667 0.3234375 0.6075 0.23125 0.5466667 0.16770834 0.50166667 0.09166667 0.44916666 0.075520836 0.43833333 0.072916664 0.43083334 0.07395833 0.4225 0.08125 0.40583333 0.088541664 0.40083334 0.11770833 0.3825 0.11770833 0.36666667 0.11510417 0.26666668 0.1171875 0.25833333
16 0.44739583 0.35166666 0.45520833 0.39583334 0.45885417 0.5525 0.37916666 0.585 0.35989583 0.5925 0.365625 0.56583333 0.39010417 0.46583334 0.40520832 0.475 0.41510418 0.48333332 0.42083332 0.485 0.42916667 0.48416665 0.43958333 0.41916665 0.44322917 0.37166667 0.446875 0.35083333
19 0.46666667 0.26 0.49895832 0.25916666 0.51770836 0.295 0.5234375 0.2975 0.5640625 0.255 0.5708333 0.2525 0.5864583 0.2525 0.5932292 0.25916666 0.5921875 0.27333334 0.5885417 0.3075 0.5875 0.34583333 0.5885417 0.37583333 0.58802086 0.38333333 0.5833333 0.39833334 0.58125 0.42916667 0.57708335 0.46166667 0.5755208 0.48583335 0.57395834 0.50666666 0.57916665 0.5225 0.58697915 0.5316667 0.5932292 0.5325 0.60520834 0.5275 0.6046875 0.5425 0.5989583 0.55333334 0.59166664 0.5541667 0.57395834 0.5541667 0.553125 0.5541667 0.4828125 0.56166667 0.4734375 0.5625 0.46510416 0.55916667 0.45885417 0.55083334 0.45729166 0.47333333 0.45520833 0.39333335 0.45364583 0.3025 0.45989582 0.2625
10 0.61875 0.16333333 0.66197914 0.1725 0.69322914 0.18666667 0.71770835 0.19833334 0.7416667 0.21666667 0.7526042 0.2275 0.75364584 0.24166666 0.746875 0.28 0.740625 0.31833333 0.7291667 0.35916665 0.72239584 0.38333333 0.7192708 0.39666668 0.7239583 0.405 0.725 0.41166666 0.725 0.42166665 0.71979165 0.4425 0.71666664 0.45666668 0.71770835 0.48 0.7171875 0.5183333 0.7114583 0.535 0.7078125 0.54 0.7005208 0.54083335 0.684375 0.53333336 0.67604166 0.52666664 0.6734375 0.515 0.6734375 0.49666667 0.6671875 0.49 0.6609375 0.49583334 0.653125 0.505 0.64375 0.5133333 0.6109375 0.52666664 0.603125 0.5275 0.5921875 0.5325 0.5875 0.5308333 0.5796875 0.5225 0.57395834 0.5058333 0.5765625 0.46333334 0.58125 0.42333335 0.5828125 0.40083334 0.58802086 0.3825 0.5875 0.33666667 0.5885417 0.30416667 0.59375 0.26 0.59739584 0.22416666 0.6010417 0.18666667 0.60572916 0.17333333
2 0.41458333 0.075833336 0.47708333 0.0 0.68177086 0.0 0.71666664 0.06583333 0.6375 0.16666667 0.6203125 0.1625 0.6046875 0.17416666 0.6015625 0.18666667 0.5984375 0.20833333 0.5619792 0.25666666 0.5234375 0.29833335 0.51875 0.29583332 0.5 0.26083332 0.47239584 0.2 0.415625 0.0825
20 0.28854167 0.73 0.32708332 0.7391667 0.39114583 0.75083333 0.38645834 0.79083335 0.38229167 0.82916665 0.38541666 0.8433333 0.39375 0.84833336 0.403125 0.85083336 0.41145834 0.845 0.43229166 0.8283333 0.44947916 0.8258333 0.4609375 0.82916665 0.47135416 0.835 0.48229167 0.8383333 0.496875 0.8383333 0.5390625 0.82916665 0.575 0.81916666 0.6489583 0.78583336 0.6489583 0.80583334 0.6489583 0.85583335 0.6458333 0.9191667 0.64375 0.9583333 0.63854164 0.9775 0.6328125 0.985 0.6234375 0.9866667 0.5776042 0.9741667 0.53020835 0.95916665 0.5130208 0.9525 0.49947917 0.95416665 0.48333332 0.96416664 0.471875 0.97333336 0.440625 0.9775 0.41145834 0.97083336 0.37760416 0.97333336 0.32708332 0.97 0.29010418 0.9633333 0.28385416 0.9533333 0.28229168 0.9475 0.2828125 0.925 0.278125 0.80333334 0.27708334 0.74333334 0.2796875 0.735
