6 0.47291666 0.5933333 0.4703125 0.6958333 0.50416666 0.67583334 0.5484375 0.6016667 0.48645833 0.5908333 0.47708333 0.58916664
6 0.46770832 0.7375 0.46614584 0.76916665 0.475 0.77166665 0.490625 0.7708333 0.46979168 0.73
6 0.63125 0.61083335 0.61302084 0.6091667 0.62916666 0.63416666 0.63072914 0.6166667
6 0.60729164 0.7425 0.6020833 0.74833333 0.58385414 0.775 0.6067708 0.78 0.60729164 0.7758333 0.6088542 0.75666666 0.6109375 0.7391667
6 0.7036458 0.18666667 0.6947917 0.23416667 0.6869792 0.31666666 0.6609375 0.4125 0.65833336 0.425 0.6640625 0.42916667 0.7671875 0.48583335 0.7708333 0.47916666 0.7796875 0.4075 0.78541666 0.34833333 0.79583335 0.295 0.8109375 0.26416665 0.815625 0.23833333
6 0.6859375 0.2125 0.67083335 0.26666668 0.66822916 0.28416666 0.65833336 0.36416668 0.6557292 0.385 0.6671875 0.3875 0.67604166 0.35583332 0.6875 0.315 0.6947917 0.23416667 0.69739586 0.22166666 0.6890625 0.21416667
6 0.82447916 0.28416666 0.8109375 0.27666667 0.80625 0.275 0.79583335 0.29416665 0.78489584 0.35416666 0.77552086 0.44416666 0.7895833 0.45583335 0.79322916 0.44916666 0.82447916 0.305 0.8265625 0.29083332
6 0.85572916 0.5883333 0.84791666 0.6175 0.88385415 0.6125 0.8619792 0.59
6 0.94322914 0.6041667 0.8734375 0.61333334 0.8442708 0.61833334 0.8286458 0.62166667 0.8265625 0.6308333 0.8442708 0.7425 0.8567708 0.8358333 0.8588542 0.87666667 0.9166667 0.85833335 0.93854165 0.8516667 0.9578125 0.8491667 0.9739583 0.8375 0.975 0.82416666 0.965625 0.7783333 0.9458333 0.6616667 0.94635415 0.6175
6 0.94895834 0.6741667 0.9557292 0.6766667 0.95520836 0.6816667 0.95208335 0.69 0.94895834 0.68
6 0.83489585 0.6816667 0.8255208 0.6958333 0.7875 0.765 0.78125 0.7725 0.78020835 0.78333336 0.7864583 0.79083335 0.8578125 0.8625 0.8567708 0.8325 0.84166664 0.72333336
6 0.5796875 0.545 0.5619792 0.58 0.5046875 0.675 0.46979168 0.6958333 0.46197918 0.7058333 0.46510416 0.72083336 0.50625 0.8041667 0.53125 0.8541667 0.540625 0.84 0.60052085 0.75 0.65260416 0.68416667 0.65052086 0.6766667 0.58958334 0.56583333
