14 0.34791666 0.99916667 0.40729168 0.9558333 0.41458333 0.9608333 0.421875 0.9658333 0.43125 0.955 0.44791666 0.965 0.45364583 0.97083336 0.45572916 0.9841667 0.46041667 0.99 0.46614584 0.985 0.48177084 0.995 0.4796875 1.0
14 0.428125 0.83666664 0.40625 0.9533333 0.421875 0.9658333 0.43177083 0.95416665 0.44739583 0.96416664 0.45520833 0.97 0.50208336 1.0 0.64635414 1.0 0.6489583 0.9816667 0.640625 0.97833335 0.63854164 0.98 0.62604165 0.9725 0.60729164 0.9716667 0.6046875 0.9716667 0.60260415 0.9675 0.57239586 0.95 0.56145835 0.9425 0.46458334 0.87583333 0.45625 0.855 0.45104167 0.8491667 0.44479167 0.8433333 0.43645832 0.84
14 0.46614584 0.9791667 0.46510416 0.98333335 0.4625 0.9866667 0.46041667 0.9891667 0.4578125 0.98583335 0.45625 0.97083336 0.46666667 0.9766667
14 0.484375 0.99 0.48125 1.0 0.50208336 1.0 0.48645833 0.99 0.484375 0.98833334
14 0.4703125 0.87916666 0.47447917 0.8775 0.5552083 0.85833335 0.621875 0.8425 0.6302083 0.84 0.634375 0.8375 0.63958335 0.8358333 0.63645834 0.8283333 0.640625 0.8225 0.6458333 0.8208333 0.653125 0.84166664 0.66510415 0.8775 0.66979164 0.9025 0.6723958 0.9175 0.6713542 0.92083335 0.6703125 0.93333334 0.6625 0.93416667 0.6458333 0.925 0.6432292 0.9191667 0.55885416 0.94 0.47604167 0.8833333
14 0.5494792 0.8433333 0.6401042 0.8233333 0.64635414 0.8208333 0.66510415 0.81666666 0.7109375 0.80583334 0.7234375 0.8066667 0.72760415 0.81 0.73229164 0.815 0.74322915 0.815 0.7447917 0.80583334 0.74427086 0.80333334 0.7447917 0.7975 0.74375 0.7941667 0.7447917 0.7875 0.74322915 0.78333336 0.7338542 0.6975 0.7182292 0.6975 0.7140625 0.7025 0.71302086 0.7125 0.70625 0.715 0.69635415 0.7241667 0.678125 0.72583336 0.55572915 0.75416666 0.546875 0.7525 0.5375 0.76 0.51770836 0.74666667 0.503125 0.75333333 0.50416666 0.76 0.50364584 0.76666665 0.5052083 0.8075 0.50989586 0.83 0.5182292 0.8441667 0.51979166 0.85083336 0.52708334 0.865 0.5307292 0.8641667 0.54010415 0.845
14 0.6947917 0.41666666 0.70729166 0.40333334 0.71875 0.44583333 0.73020834 0.485 0.7390625 0.4775 0.7390625 0.49166667 0.7328125 0.49833333 0.721875 0.49916667 0.5833333 0.62583333 0.56458336 0.6458333 0.565625 0.65166664 0.559375 0.66 0.553125 0.6333333 0.53697914 0.5908333 0.52708334 0.56 0.5338542 0.56083333 0.553125 0.55916667 0.56041664 0.5541667 0.6328125 0.48583335 0.68072915 0.44333333 0.68645835 0.4425 0.6947917 0.43 0.69166666 0.42
14 0.5932292 0.505 0.5395833 0.5491667 0.5234375 0.55916667 0.51666665 0.56083333 0.5151042 0.57166666 0.51458335 0.5858333 0.50677085 0.5783333 0.5015625 0.56916666 0.490625 0.5516667 0.47708333 0.5325 0.47291666 0.52916664 0.471875 0.52166665 0.46614584 0.495 0.47708333 0.49416667 0.5161458 0.46833333 0.63489586 0.37916666 0.66614586 0.35416666 0.6671875 0.35833332 0.65833336 0.3725 0.6578125 0.37833333 0.6671875 0.38583332 0.6828125 0.40666667 0.690625 0.41666666 0.69375 0.42916667 0.68645835 0.44166666 0.6791667 0.4425 0.6578125 0.45333335 0.628125 0.47916666
14 0.5776042 0.33833334 0.5453125 0.38333333 0.53489584 0.38833332 0.521875 0.40916666 0.51666665 0.4025 0.5239583 0.38083333 0.52708334 0.365 0.5317708 0.35416666 0.5265625 0.32166666 0.5989583 0.2175 0.65260416 0.14333333 0.6723958 0.13416667 0.68125 0.13166666 0.684375 0.14166667 0.68645835 0.16583334 0.6802083 0.19416666 0.67604166 0.1975 0.6041667 0.30166668
14 0.50885415 0.365 0.45364583 0.46666667 0.44635418 0.47833332 0.4375 0.48 0.42916667 0.46416667 0.4125 0.45333335 0.4109375 0.44416666 0.41875 0.44 0.42447916 0.415 0.4796875 0.3225 0.54375 0.2175 0.5520833 0.21166667 0.56145835 0.21083333 0.5598958 0.18416667 0.56666666 0.19083333 0.5703125 0.2025 0.5697917 0.22416666 0.56875 0.245 0.5671875 0.2625 0.53333336 0.31166667 0.5260417 0.32166666 0.52760416 0.33416668
14 0.32239583 0.5 0.31822917 0.48916668 0.3171875 0.4775 0.31041667 0.46416667 0.30260417 0.46416667 0.2984375 0.45666668 0.30677083 0.44666666 0.3140625 0.4475 0.32447916 0.43416667 0.33333334 0.42583334 0.44791666 0.25833333 0.44947916 0.24666667 0.44947916 0.23583333 0.45625 0.225 0.46354166 0.23416667 0.47760418 0.26333332 0.48645833 0.28416666 0.48958334 0.29166666 0.49322918 0.30083334 0.46666667 0.34333333 0.42291668 0.4075 0.39114583 0.45166665 0.3859375 0.44583333 0.3765625 0.43833333 0.36510417 0.43166667 0.3484375 0.42666668 0.34010416 0.425 0.340625 0.44583333 0.34010416 0.45666668 0.33229166 0.4725
14 0.33229166 0.6675 0.30729166 0.74833333 0.309375 0.75666666 0.31041667 0.76416665 0.30625 0.7783333 0.2921875 0.7783333 0.23697917 0.7608333 0.24427083 0.7275 0.25208333 0.7125 0.2640625 0.6925 0.26770833 0.6741667 0.30572918 0.5675 0.3109375 0.53833336 0.33020833 0.4775 0.34010416 0.4575 0.34010416 0.42416668 0.35208333 0.4275 0.37760416 0.43916667 0.39166668 0.4525 0.403125 0.46833333 0.39635417 0.47333333 0.38854167 0.49083334 0.38177082 0.50416666 0.35416666 0.59833336
14 0.29791668 0.56083333 0.18802084 0.7391667 0.18020834 0.74333334 0.17291667 0.74333334 0.16770834 0.75083333 0.1546875 0.76666665 0.14895834 0.75416666 0.14427084 0.74 0.1546875 0.7225 0.159375 0.7108333 0.15989584 0.695 0.2265625 0.59166664 0.28802082 0.49083334 0.2953125 0.48166665 0.30260417 0.48 0.2953125 0.47416666 0.30052084 0.46416667 0.30885416 0.46416667 0.31666666 0.48 0.3171875 0.48583335 0.31822917 0.49833333 0.31927082 0.5083333 0.31041667 0.5366667
14 0.24791667 0.64416665 0.2734375 0.66 0.30052084 0.5833333 0.28802082 0.5758333
14 0.27864584 0.8925 0.3234375 0.915 0.34583333 0.9275 0.35416666 0.9025 0.35260418 0.875 0.3484375 0.86083335 0.35208333 0.8466667 0.396875 0.6175 0.40208334 0.59833336 0.4109375 0.5875 0.41458333 0.58166665 0.40885416 0.57166666 0.40416667 0.56666666 0.39947918 0.5733333 0.37604168 0.56333333 0.36666667 0.55833334 0.33385417 0.66583335 0.31927082 0.7416667 0.29739583 0.8491667 0.29479167 0.8541667 0.28541666 0.8625
14 0.16875 0.5883333 0.11770833 0.5566667 0.1078125 0.56 0.09322917 0.5516667 0.104166664 0.5183333 0.1265625 0.4525 0.1375 0.46083334 0.14427084 0.48083332 0.221875 0.5325 0.2515625 0.55083334 0.2109375 0.61583334
14 0.26145834 0.99916667 0.1515625 0.8475 0.14270833 0.8325 0.1296875 0.8258333 0.1140625 0.82 0.11145833 0.81666666 0.13697916 0.7708333 0.14947917 0.75666666 0.15416667 0.7683333 0.1734375 0.7441667 0.18125 0.74333334 0.1796875 0.7683333 0.19635417 0.7866667 0.296875 0.92333335 0.3046875 0.94083333 0.31770834 0.9425 0.33489582 0.9558333 0.33802083 0.96166664 0.340625 0.96416664 0.31302083 1.0
