3 0.62916666 0.13833334 0.6479167 0.13666667 0.66302085 0.13666667 0.66822916 0.14416666 0.6703125 0.155 0.6703125 0.185 0.66770834 0.22083333 0.6635417 0.2475 0.6546875 0.27333334 0.6479167 0.28583333 0.63958335 0.30333334 0.64166665 0.3075 0.65052086 0.31083333 0.6578125 0.31916666 0.6588542 0.33583334 0.659375 0.34916666 0.65729165 0.355 0.65 0.3475 0.64166665 0.3475 0.61822915 0.35666665 0.59375 0.37 0.565625 0.37833333 0.5484375 0.37916666 0.5375 0.37 0.52760416 0.34583333 0.49375 0.2775 0.48125 0.255 0.48072916 0.2275 0.4890625 0.22416666 0.49791667 0.21166667 0.50208336 0.2075 0.5104167 0.20583333 0.54322916 0.18166667 0.56145835 0.1725 0.5755208 0.1675 0.59270835 0.15416667 0.6145833 0.13916667 0.625 0.135
8 0.61354166 0.094166666 0.6734375 0.046666667 0.68854165 0.035 0.69166666 0.0425 0.6984375 0.061666667 0.7015625 0.07666667 0.7036458 0.10333333 0.70677084 0.115 0.72083336 0.14916667 0.74791664 0.205 0.7609375 0.23416667 0.76770836 0.25333333 0.77708334 0.26916668 0.7786458 0.2775 0.77760416 0.28666666 0.77447915 0.2975 0.76875 0.3075 0.759375 0.315 0.7161458 0.35416666 0.70677084 0.365 0.6958333 0.37833333 0.6890625 0.38916665 0.68541664 0.39333335 0.67395836 0.39583334 0.6645833 0.3875 0.6578125 0.37083334 0.64947915 0.3475 0.65729165 0.355 0.65989584 0.35083333 0.6578125 0.31833333 0.65052086 0.31083333 0.64166665 0.3075 0.63958335 0.30333334 0.64739585 0.28583333 0.65520835 0.2725 0.6625 0.24916667 0.66770834 0.22166666 0.6703125 0.185 0.67083335 0.15416667 0.66822916 0.14333333 0.66302085 0.13666667 0.63072914 0.13833334 0.62604165 0.13583334 0.62864584 0.13333334 0.6302083 0.13 0.6197917 0.10166667 0.61145836 0.09583333
8 0.41302082 0.49416667 0.46458334 0.4975 0.52447915 0.5025 0.5942708 0.5075 0.6046875 0.5125 0.6109375 0.5158333 0.6166667 0.5233333 0.61822915 0.5316667 0.61822915 0.5525 0.6166667 0.5883333 0.61510414 0.6433333 0.61354166 0.68666667 0.6119792 0.71166664 0.61041665 0.7183333 0.60572916 0.72583336 0.59947914 0.7291667 0.584375 0.7316667 0.5609375 0.72833335 0.53541666 0.7216667 0.5182292 0.7133333 0.48541668 0.71 0.47239584 0.7058333 0.43541667 0.70666665 0.41458333 0.7083333 0.40052083 0.7058333 0.3921875 0.6958333 0.38958332 0.68416667 0.38958332 0.6725 0.39427084 0.5975 0.39791667 0.5625 0.39739582 0.52666664 0.39739582 0.50416666 0.4046875 0.49666667 0.4078125 0.49333334
8 0.4140625 0.49083334 0.42135417 0.48583335 0.4421875 0.49166667 0.46822917 0.4975 0.41145834 0.49333334
8 0.61927086 0.5475 0.62135416 0.5525 0.62083334 0.565 0.6197917 0.58 0.61614585 0.5925 0.61875 0.54583335
8 0.48333332 0.7108333 0.49427083 0.715 0.515625 0.72 0.52760416 0.7216667 0.5328125 0.7241667 0.54791665 0.7275 0.5640625 0.73083335 0.584375 0.7375 0.59583336 0.7375 0.6010417 0.7341667 0.60572916 0.72583336 0.59947914 0.7291667 0.584375 0.7316667 0.5609375 0.72833335 0.5359375 0.7216667 0.5182292 0.7133333 0.5046875 0.7125 0.4859375 0.71 0.4828125 0.71
8 0.175 0.38 0.1953125 0.35166666 0.240625 0.28833333 0.24583334 0.28416666 0.25208333 0.2825 0.25885418 0.28416666 0.2671875 0.29166666 0.2765625 0.30833334 0.25260416 0.32333332 0.23489584 0.33666667 0.19791667 0.36666667 0.17604166 0.38166666
8 0.278125 0.3075 0.2984375 0.29333332 0.30520833 0.29666665 0.31197917 0.30416667 0.3140625 0.31166667 0.35104167 0.465 0.35260418 0.48083332 0.34791666 0.495 0.34479168 0.50083333 0.33489582 0.505 0.29583332 0.525 0.28020832 0.5341667 0.24791667 0.5566667 0.21302083 0.5808333 0.175 0.61333334 0.1609375 0.6075 0.15625 0.5941667 0.1515625 0.56916666 0.14479166 0.5391667 0.14322917 0.5225 0.14166667 0.51 0.13385417 0.49166667 0.12083333 0.46583334 0.1140625 0.44583333 0.1140625 0.43916667 0.115625 0.42833334 0.11927083 0.42 0.12864584 0.41416666 0.13958333 0.41166666 0.1625 0.39083335 0.178125 0.38083333 0.19895834 0.36666667 0.23333333 0.3375 0.25260416 0.32416666 0.27604166 0.30833334
8 0.34791666 0.44916666 0.39166668 0.50916666 0.39375 0.5233333 0.39375 0.53333336 0.3890625 0.54583335 0.3625 0.57916665 0.353125 0.5883333 0.34427083 0.6 0.34114584 0.60333335 0.32552084 0.6333333 0.30885416 0.6591667 0.29947916 0.66 0.29010418 0.64916664 0.26770833 0.6016667 0.24791667 0.55833334 0.28020832 0.53333336 0.33697918 0.50416666 0.3453125 0.5 0.34791666 0.49583334 0.353125 0.48 0.35104167 0.465 0.3484375 0.45166665
8 0.2171875 0.75666666 0.2328125 0.74083334 0.24791667 0.725 0.26875 0.7058333 0.28854167 0.68416667 0.30625 0.6641667 0.31875 0.6666667 0.32760417 0.67333335 0.33072916 0.6825 0.3484375 0.735 0.35364583 0.75416666 0.37552083 0.81083333 0.38177082 0.83166665 0.38802084 0.83416665 0.3953125 0.8466667 0.40260416 0.87833333 0.40625 0.8908333 0.396875 0.9 0.371875 0.9216667 0.30260417 0.975 0.2875 0.985 0.284375 0.9775 0.26614583 0.91333336 0.2515625 0.8666667 0.2375 0.8325 0.225 0.8125 0.215625 0.7875 0.2140625 0.77666664 0.21510416 0.7658333
3 0.6166667 0.0 0.61510414 0.0075 0.6109375 0.016666668 0.59947914 0.025 0.60052085 0.028333334 0.6041667 0.0475 0.6067708 0.065 0.6041667 0.0875 0.6067708 0.093333334 0.6197917 0.10166667 0.6296875 0.13 0.6276042 0.13333334 0.61510414 0.13916667 0.5942708 0.15333334 0.5755208 0.16833334 0.5619792 0.1725 0.54375 0.18166667 0.51927084 0.19916667 0.50885415 0.20583333 0.50208336 0.20666666 0.49479166 0.21666667 0.48854166 0.22416666 0.48177084 0.22666667 0.47864583 0.22166666 0.4796875 0.1875 0.4796875 0.16833334 0.48125 0.155 0.4796875 0.12083333 0.48229167 0.075833336 0.48489583 0.041666668 0.4890625 0.0
