15 0.45989582 0.545 0.45260417 0.5441667 0.45052084 0.5525 0.45572916 0.56583333 0.46197918 0.55833334 0.46458334 0.5625 0.46822917 0.5575 0.47291666 0.565 0.47864583 0.565 0.48489583 0.56333333 0.5911458 0.48333332 0.6588542 0.43666667 0.6640625 0.4275 0.6666667 0.41583332 0.67083335 0.41166666 0.6744792 0.41166666 0.6744792 0.40333334 0.6734375 0.39666668 0.6703125 0.3925 0.6666667 0.39666668 0.66197914 0.3975 0.65625 0.3925 0.65208334 0.39083335 0.6432292 0.39416668 0.6265625 0.40416667 0.615625 0.40833333 0.61510414 0.41416666 0.57395834 0.44083333 0.5697917 0.44916666 0.525 0.475 0.4703125 0.5133333 0.46510416 0.51916665 0.4625 0.5283333 0.46354166 0.53833336 0.46041667 0.54
15 0.5104167 0.58 0.5083333 0.6666667 0.50885415 0.67333335 0.51197916 0.67833334 0.51770836 0.6816667 0.515625 0.68666667 0.51979166 0.69 0.5151042 0.7033333 0.51927084 0.7083333 0.52552086 0.7083333 0.52552086 0.69416666 0.5286458 0.69083333 0.5286458 0.68583333 0.5328125 0.6825 0.53541666 0.6775 0.5375 0.67083335 0.5390625 0.655 0.54114586 0.6041667 0.54583335 0.5175 0.5125 0.5425
15 0.61354166 0.68083334 0.55625 0.67583334 0.55104166 0.6766667 0.5463542 0.6816667 0.54322916 0.68666667 0.5390625 0.68666667 0.53697914 0.6925 0.5296875 0.6875 0.52760416 0.6933333 0.52760416 0.7 0.53541666 0.7008333 0.5385417 0.7058333 0.5416667 0.705 0.54479164 0.71416664 0.5473958 0.7183333 0.553125 0.72333336 0.6020833 0.7341667 0.6098958 0.69916666
15 0.69322914 0.695 0.64739585 0.68583333 0.6354167 0.7391667 0.72291666 0.75333333 0.75208336 0.75666666 0.75677085 0.75166667 0.7609375 0.74583334 0.76458335 0.7475 0.7671875 0.7416667 0.775 0.74333334 0.7739583 0.7316667 0.7682292 0.7316667 0.76354164 0.72833335 0.75885415 0.72 0.75 0.71 0.7375 0.70416665 0.721875 0.70166665 0.7161458 0.7075 0.7125 0.71 0.7078125 0.71 0.7078125 0.7183333 0.70520836 0.72833335 0.70208335 0.73083335 0.6979167 0.7291667 0.696875 0.725 0.6984375 0.7158333 0.6958333 0.70916665 0.69635415 0.7033333 0.69427085 0.69916666
15 0.6458333 0.5108333 0.6088542 0.7058333 0.60052085 0.7425 0.6 0.75083333 0.6010417 0.7583333 0.603125 0.7658333 0.6020833 0.76916665 0.603125 0.7733333 0.5984375 0.7816667 0.6010417 0.7866667 0.60520834 0.7916667 0.61041665 0.7916667 0.61145836 0.7866667 0.6109375 0.77916664 0.6140625 0.77916664 0.615625 0.7758333 0.6203125 0.7733333 0.6265625 0.7683333 0.63072914 0.76 0.6484375 0.68083334 0.67864585 0.5225 0.69114584 0.45166665 0.6921875 0.44 0.68958336 0.43083334 0.68645835 0.42416668 0.68645835 0.415 0.6890625 0.41083333 0.6880208 0.40666667 0.6848958 0.40416667 0.684375 0.39916667 0.678125 0.4 0.67604166 0.40416667 0.678125 0.41083333 0.67395836 0.4125 0.6723958 0.41666666 0.67083335 0.42 0.665625 0.42666668 0.6614583 0.4375
15 0.6333333 0.47583333 0.60729164 0.47166666 0.58385414 0.48833334 0.57447916 0.49583334 0.575 0.49833333 0.58020836 0.49916667 0.58229166 0.5058333 0.5859375 0.5083333 0.5921875 0.51666665 0.6020833 0.5233333 0.64270836 0.52916664 0.65260416 0.47916666
15 0.7348958 0.485 0.6859375 0.4825 0.6765625 0.535 0.721875 0.53833336
15 0.77135414 0.48666668 0.79322916 0.48833334 0.79895836 0.49166667 0.80364585 0.49833333 0.80677086 0.50416666 0.8098958 0.50333333 0.8119792 0.5083333 0.8171875 0.50416666 0.8197917 0.5075 0.8197917 0.5125 0.8171875 0.515 0.815625 0.5175 0.8151042 0.52 0.8125 0.51916665 0.80885416 0.52416664 0.80572915 0.5233333 0.8015625 0.5308333 0.7963542 0.535 0.78489584 0.5366667 0.7583333 0.5375
15 0.759375 0.385 0.746875 0.43666667 0.74375 0.43583333 0.74427086 0.4475 0.721875 0.54 0.69739586 0.6483333 0.6921875 0.68333334 0.69322914 0.6958333 0.69427085 0.69916666 0.69635415 0.70416665 0.6958333 0.70916665 0.6984375 0.71666664 0.696875 0.72583336 0.6979167 0.7291667 0.70208335 0.73083335 0.70520836 0.72833335 0.7078125 0.7183333 0.7078125 0.71 0.7125 0.71 0.7171875 0.70666665 0.7203125 0.7033333 0.7270833 0.6791667 0.7348958 0.645 0.7609375 0.5258333 0.78125 0.44666666 0.790625 0.39833334 0.790625 0.385 0.78802085 0.3775 0.78541666 0.37166667 0.7859375 0.36333334 0.7890625 0.3525 0.78697914 0.3475 0.7817708 0.34583333 0.78020835 0.34916666 0.778125 0.35916665 0.775 0.3625 0.7729167 0.36666667 0.76770836 0.37 0.76145834 0.3775
15 0.73072916 0.3075 0.6859375 0.28 0.6802083 0.28083333 0.6770833 0.2825 0.6713542 0.29083332 0.66770834 0.28916666 0.66614586 0.29083332 0.65989584 0.28583333 0.6567708 0.2875 0.65625 0.29333332 0.6546875 0.29916668 0.6567708 0.3025 0.6625 0.30333334 0.6645833 0.30833334 0.6671875 0.31 0.66875 0.3175 0.671875 0.3225 0.68072915 0.33166668 0.7609375 0.38 0.76145834 0.37833333 0.7671875 0.37083334 0.7729167 0.36666667 0.775 0.3625 0.778125 0.36 0.78020835 0.34916666 0.7817708 0.34583333 0.78697914 0.3475 0.7890625 0.35333332 0.7859375 0.36333334 0.78541666 0.3725 0.790625 0.385 0.79114586 0.3975 0.85520834 0.4375 0.8625 0.43666667 0.8677083 0.43333334 0.8734375 0.43416667 0.8755208 0.4325 0.8822917 0.44166666 0.884375 0.43666667 0.88645834 0.4275 0.88645834 0.42 0.88125 0.42083332 0.87916666 0.41833332 0.878125 0.41416666 0.8765625 0.41083333 0.875 0.4025 0.86927086 0.3925 0.83229166 0.36583334 0.75989586 0.32333332
15 0.4203125 0.5275 0.3984375 0.6475 0.39739582 0.66 0.39947918 0.67083335 0.40416667 0.685 0.40260416 0.69083333 0.40520832 0.695 0.40260416 0.70416665 0.40572917 0.7083333 0.40885416 0.70916665 0.41041666 0.69666666 0.41458333 0.69416666 0.41458333 0.68833333 0.42135417 0.68333334 0.4265625 0.6741667 0.44375 0.5966667 0.45208332 0.5566667 0.45052084 0.5516667 0.45208332 0.5441667 0.45364583 0.5441667 0.4609375 0.505
15 0.41197917 0.55083334 0.40833333 0.5575 0.40364584 0.56166667 0.39947918 0.56166667 0.39791667 0.5675 0.39427084 0.56916666 0.39635417 0.58166665 0.39114583 0.5825 0.38802084 0.57916665 0.38541666 0.57416666 0.390625 0.56333333 0.3890625 0.5575 0.38541666 0.54833335 0.41770834 0.5283333
15 0.4515625 0.38166666 0.43177083 0.46666667 0.39270833 0.48916668 0.43541667 0.3075 0.45364583 0.235 0.45625 0.23 0.46041667 0.22583333 0.46458334 0.225 0.46510416 0.22083333 0.46927083 0.22 0.46927083 0.21 0.47239584 0.205 0.4765625 0.20666666 0.47708333 0.2125 0.47552082 0.21833333 0.47760418 0.22333333 0.47864583 0.2325 0.48125 0.2425 0.4796875 0.25583333
15 0.47916666 0.36166668 0.48177084 0.36916667 0.48489583 0.37916666 0.48125 0.40416667 0.47447917 0.44333333 0.43229166 0.46666667 0.45 0.39333335 0.45989582 0.36666667 0.4640625 0.36166668 0.47083333 0.36083335 0.46927083 0.355 0.47291666 0.35166666 0.46927083 0.34333333 0.471875 0.33833334 0.47916666 0.33583334 0.47760418 0.35166666 0.48072916 0.3525 0.48072916 0.35666665
15 0.5307292 0.32416666 0.52552086 0.32666665 0.52239585 0.33416668 0.5203125 0.34333333 0.5182292 0.42 0.5494792 0.40333334 0.55052084 0.3375 0.546875 0.3275 0.5416667 0.32416666 0.54114586 0.31833333 0.5390625 0.31583333 0.54270834 0.30416667 0.5364583 0.30166668 0.53020835 0.3025 0.528125 0.305 0.5307292 0.315 0.53020835 0.32
15 0.440625 0.46166667 0.37083334 0.50166667 0.3546875 0.515 0.3484375 0.5233333 0.3484375 0.53333336 0.34427083 0.5341667 0.34427083 0.5391667 0.334375 0.5441667 0.34010416 0.56166667 0.34270832 0.56166667 0.34635416 0.5516667 0.35052082 0.555 0.35260418 0.55333334 0.35677084 0.55916667 0.3625 0.56083333 0.36979166 0.5575 0.43802083 0.51666665 0.48645833 0.49083334 0.559375 0.45416668 0.5703125 0.44833332 0.57395834 0.44083333 0.5755208 0.4275 0.578125 0.42916667 0.5807292 0.4225 0.5875 0.42333335 0.5864583 0.40666667 0.5776042 0.40916666 0.5755208 0.405 0.57239586 0.405 0.5671875 0.40083334 0.5619792 0.39916667 0.5541667 0.40083334 0.49375 0.43166667
