18 0.100520834 0.0 0.102604166 0.025833333 0.10989583 0.045833334 0.11875 0.055 0.14010416 0.0
18 0.046354167 0.018333333 0.017708333 0.005 0.005729167 0.006666667 0.0 0.014166667 0.0 0.24166666 0.0609375 0.26916668 0.10729167 0.2875 0.178125 0.31333333 0.19322917 0.31833333 0.20416667 0.31 0.21145834 0.29583332 0.22708334 0.19666667 0.119791664 0.094166666 0.11510417 0.08083333 0.1140625 0.0675 0.118229166 0.055833332 0.1015625 0.055833332 0.077083334 0.04
18 0.39635417 0.0 0.4046875 0.07083333 0.4078125 0.115833335 0.40677083 0.135 0.425 0.25416666 0.42135417 0.26083332 0.3046875 0.30916667 0.29114583 0.29916668 0.271875 0.16833334 0.26770833 0.13333334 0.31302083 0.0
18 0.52760416 0.065 0.41822916 0.09833334 0.41145834 0.10916667 0.4078125 0.1175 0.40729168 0.13583334 0.425 0.2525 0.43541667 0.33666667 0.45 0.4325 0.45885417 0.445 0.47291666 0.44833332 0.51666665 0.42916667 0.5052083 0.4125 0.50364584 0.39583334 0.5083333 0.3775 0.56927085 0.26833335 0.5572917 0.21 0.5541667 0.18333334 0.5463542 0.09 0.5359375 0.07
18 0.8203125 0.3525 0.79479164 0.35583332 0.6515625 0.37833333 0.6354167 0.37916666 0.6276042 0.39333335 0.6223958 0.41166666 0.6255208 0.4925 0.62395835 0.56916666 0.6244792 0.5833333 0.62916666 0.5933333 0.63697916 0.59833336 0.6979167 0.58666664 0.7671875 0.5733333 0.8041667 0.5675 0.821875 0.565 0.83020836 0.55083334 0.83020836 0.36916667 0.8265625 0.35833332
18 0.8255208 0.26666668 0.8229167 0.275 0.8255208 0.31333333 0.83125 0.34666666 0.8296875 0.36416668 0.83020836 0.37 0.83020836 0.5525 0.83020836 0.5733333 0.8354167 0.5875 0.8432292 0.595 0.94947916 0.58666664 0.9604167 0.5733333 0.96302086 0.55583334 0.96197915 0.39583334 0.9614583 0.35833332 0.9583333 0.33 0.9625 0.29916668 0.9609375 0.26666668 0.94427085 0.2475 0.86145836 0.25583333
18 0.66614586 0.66583335 0.65 0.68 0.59375 0.73333335 0.5796875 0.75083333 0.5484375 0.7758333 0.50364584 0.81416667 0.5005208 0.83 0.49947917 0.83416665 0.5484375 1.0 0.57239586 1.0 0.68541664 0.8925 0.7140625 0.8675 0.7291667 0.855 0.73541665 0.84 0.7348958 0.82416666 0.68177086 0.6691667 0.675 0.665
18 0.5463542 0.74333334 0.52760416 0.74083334 0.5182292 0.735 0.51197916 0.8041667 0.5125 0.8066667 0.5786458 0.75166667 0.5833333 0.7475
18 0.31145832 0.64416665 0.30208334 0.6558333 0.29947916 0.6616667 0.2921875 0.82416666 0.29166666 0.84166664 0.296875 0.85583335 0.30833334 0.8666667 0.3265625 0.86833334 0.3421875 0.86 0.35729167 0.86333334 0.38125 0.87333333 0.41302082 0.87583333 0.45625 0.885 0.490625 0.8908333 0.5026042 0.8775 0.5072917 0.86083335 0.49947917 0.83416665 0.50364584 0.81416667 0.51197916 0.8066667 0.51979166 0.7158333 0.51979166 0.68916667 0.51197916 0.6725 0.48072916 0.6625 0.3375 0.64666665
18 0.41979167 0.9125 0.41875 0.9008333 0.42135417 0.87833333 0.490625 0.8908333 0.5026042 0.8775 0.5072917 0.86083335 0.534375 0.9533333 0.48177084 0.94166666 0.4578125 0.9325 0.43072918 0.93083334 0.425 0.925
18 0.27447918 0.8675 0.27083334 0.9116667 0.2765625 0.92583334 0.28541666 0.93416667 0.34895834 0.945 0.38958332 0.9583333 0.39947918 0.95166665 0.40729168 0.93583333 0.41354167 0.87583333 0.38177082 0.8725 0.35729167 0.86333334 0.34322917 0.86 0.32760417 0.86833334 0.30885416 0.8666667 0.29739583 0.85583335 0.2921875 0.84166664 0.3 0.66 0.30364582 0.65416664 0.3125 0.64416665 0.43802083 0.6575 0.43489584 0.64 0.428125 0.62833333 0.39322916 0.61833334 0.31302083 0.59833336 0.303125 0.605 0.29739583 0.62083334 0.29479167 0.6458333 0.28177083 0.80916667 0.2875 0.8283333 0.2890625 0.8466667 0.28229168 0.8641667
18 0.19375 0.53833336 0.1640625 0.5566667 0.1203125 0.5833333 0.08645833 0.60583335 0.0828125 0.6225 0.08385417 0.63666666 0.12447917 0.79083335 0.1453125 0.86583334 0.1609375 0.91583335 0.16979167 0.92833334 0.18072917 0.9291667 0.21822916 0.9033333 0.240625 0.8833333 0.27395833 0.86833334 0.28125 0.8641667 0.28802082 0.8475 0.28645834 0.82916665 0.27760416 0.7991667 0.23489584 0.6475 0.20989583 0.5475 0.203125 0.54
18 0.65833336 0.3125 0.6255208 0.34333333 0.5942708 0.36666667 0.5776042 0.38916665 0.5171875 0.42833334 0.48645833 0.44583333 0.48125 0.46583334 0.52916664 0.6325 0.5385417 0.63916665 0.5453125 0.6375 0.62395835 0.56916666 0.6255208 0.49333334 0.6223958 0.41166666 0.6276042 0.39333335 0.63489586 0.38 0.6515625 0.37833333 0.696875 0.37083334 0.68333334 0.315 0.67395836 0.31
18 0.65 0.13333334 0.63489586 0.13583334 0.5697917 0.26833335 0.5083333 0.37833333 0.50364584 0.39583334 0.50572914 0.41416666 0.51666665 0.42833334 0.5776042 0.38916665 0.59479165 0.36583334 0.62604165 0.34333333 0.6588542 0.3125 0.67395836 0.30916667 0.68333334 0.315 0.69375 0.35583332 0.72447914 0.3 0.73125 0.28666666 0.73229164 0.2575 0.7135417 0.22916667 0.6765625 0.1725
18 0.79479164 0.345 0.7734375 0.305 0.7192708 0.16916667 0.70520836 0.13916667 0.6958333 0.13333334 0.6880208 0.135 0.6796875 0.13916667 0.665625 0.15666667 0.73229164 0.25833333 0.73125 0.28666666 0.69375 0.35583332 0.696875 0.37083334 0.79895836 0.35583332
18 0.5572917 0.0125 0.55052084 0.014166667 0.51927084 0.05666667 0.5104167 0.071666665 0.52760416 0.065 0.53489584 0.06916667 0.54583335 0.09 0.55677086 0.20916666 0.56927085 0.26833335 0.6322917 0.14 0.5708333 0.026666667 0.5625 0.016666668
18 0.43177083 0.34333333 0.39114583 0.4325 0.37760416 0.46333334 0.37864584 0.47416666 0.38177082 0.48833334 0.48177084 0.59 0.49010417 0.59 0.4984375 0.58416665 0.5072917 0.5575 0.48125 0.46583334 0.48645833 0.44583333 0.5161458 0.42916667 0.47291666 0.4475 0.45833334 0.445 0.45 0.4325 0.43541667 0.33666667
18 0.30677083 0.31083333 0.3046875 0.33166668 0.3046875 0.35416666 0.3 0.3775 0.29270834 0.40083334 0.28125 0.45333335 0.28125 0.46833333 0.28802082 0.485 0.29375 0.49083334 0.32291666 0.49916667 0.37083334 0.5225 0.39947918 0.5366667 0.40989584 0.5325 0.415625 0.5233333 0.38177082 0.48833334 0.37864584 0.47583333 0.378125 0.46166667 0.43541667 0.33666667 0.42552084 0.25416666 0.42135417 0.26083332 0.30729166 0.30833334
18 0.46927083 0.58166665 0.44375 0.65833336 0.43802083 0.6575 0.43489584 0.6408333 0.428125 0.62833333 0.39322916 0.6175 0.44114584 0.5525 0.44270834 0.55083334 0.47135416 0.57916665
18 0.275 0.48 0.26458332 0.49166667 0.26041666 0.505 0.25989583 0.5183333 0.303125 0.605 0.31354168 0.59833336 0.39270833 0.6175 0.44270834 0.55 0.415625 0.5233333 0.40989584 0.53333336 0.3984375 0.5366667 0.32291666 0.49916667 0.29375 0.49083334 0.2875 0.485 0.28177083 0.46916667
18 0.2890625 0.39583334 0.27864584 0.4025 0.24010417 0.51 0.2203125 0.56916666 0.22708334 0.5966667 0.29322916 0.65166664 0.2953125 0.6383333 0.29739583 0.62083334 0.303125 0.605 0.25989583 0.51916665 0.26041666 0.50666666 0.2640625 0.4925 0.28125 0.46916667 0.28125 0.45333335 0.29322916 0.3975
18 0.140625 0.0 0.1140625 0.06666667 0.11510417 0.08083333 0.119791664 0.094166666 0.22864583 0.19833334 0.24010417 0.19666667 0.24791667 0.19333333 0.31302083 0.0
