17 0.43697917 0.62666667 0.403125 0.6408333 0.39270833 0.64 0.384375 0.62666667 0.3796875 0.6175 0.36666667 0.5341667 0.35833332 0.49333334 0.35625 0.4475 0.359375 0.42083332 0.36354166 0.40333334 0.36875 0.3975 0.40677083 0.38666666 0.4328125 0.37416667 0.44010416 0.37166667 0.45677084 0.37166667 0.46927083 0.36666667 0.49427083 0.3475 0.5151042 0.33833334 0.534375 0.32583332 0.54583335 0.33166668 0.5520833 0.34333333 0.55885416 0.37666667 0.5671875 0.41416666 0.58125 0.5083333 0.5864583 0.5425 0.5854167 0.5525 0.5807292 0.5625 0.571875 0.5683333 0.5307292 0.58 0.5104167 0.5875 0.5026042 0.5925 0.49427083 0.5966667 0.4609375 0.61583334
17 0.23958333 0.5708333 0.21927084 0.6025 0.20625 0.61 0.14322917 0.62416667 0.125 0.62666667 0.11770833 0.62166667 0.109375 0.61083335 0.10572917 0.6025 0.10625 0.46666667 0.108333334 0.40083334 0.11302083 0.39 0.119791664 0.3825 0.15 0.3825 0.21666667 0.385 0.22447917 0.385 0.23854166 0.38 0.28333333 0.375 0.30520833 0.37583333 0.31197917 0.38833332 0.31197917 0.43083334 0.30989584 0.46083334 0.3046875 0.49416667 0.3015625 0.50666666 0.2953125 0.525 0.29270834 0.5491667 0.28125 0.57916665 0.26875 0.60833335 0.26458332 0.6125 0.25520834 0.6075 0.24947916 0.595 0.24791667 0.57 0.2453125 0.56416667
17 0.0484375 0.55583334 0.0375 0.5175 0.041666668 0.50166667 0.046875 0.48916668 0.061979167 0.48333332 0.106770836 0.4575 0.10520833 0.6025 0.1078125 0.61 0.1171875 0.6225 0.12447917 0.62666667 0.18229167 0.61583334 0.20677084 0.61083335 0.21979167 0.6025 0.22291666 0.62583333 0.22291666 0.6533333 0.209375 0.68583333 0.20104167 0.70666665 0.1953125 0.73333335 0.18958333 0.7608333 0.19322917 0.7175 0.18802084 0.70166665 0.1828125 0.68916667 0.1390625 0.68 0.128125 0.695 0.088541664 0.73833334 0.0875 0.71166664 0.092708334 0.69083333 0.0890625 0.6775 0.07864583 0.675 0.07447917 0.6641667 0.065104164 0.615 0.053645834 0.5733333
17 0.11666667 1.0 0.047916666 1.0 0.05 0.87083334 0.041145835 0.8125 0.040625 0.795 0.0546875 0.77916664 0.09322917 0.73333335 0.128125 0.695 0.14010416 0.68 0.1828125 0.68833333 0.19270833 0.7158333 0.18802084 0.76416665 0.18802084 0.83416665 0.184375 0.89916664 0.18697916 0.925 0.19479166 0.9508333 0.19270833 0.9691667 0.18645833 1.0 0.15833333 1.0 0.15 0.98583335 0.14375 0.98083335 0.13645834 0.98333335 0.12864584 0.98833334 0.12083333 1.0
17 0.3078125 0.58666664 0.32135418 0.59166664 0.33072916 0.6016667 0.33541667 0.62 0.31979167 0.7425 0.3203125 0.7758333 0.309375 0.87833333 0.30729166 0.89916664 0.29635417 0.91083336 0.2875 0.91083336 0.24427083 0.9008333 0.23802084 0.89916664 0.23177083 0.8875 0.2265625 0.885 0.20572917 0.8933333 0.184375 0.89166665 0.18697916 0.8441667 0.18854167 0.765 0.19010417 0.7558333 0.2 0.7083333 0.2234375 0.65416664 0.2234375 0.62333333 0.21979167 0.6016667 0.23489584 0.5775 0.24427083 0.56416667 0.24583334 0.56416667 0.2484375 0.57416666 0.24947916 0.5941667 0.25520834 0.6066667 0.26354167 0.6116667 0.26822916 0.61 0.28177083 0.5783333
17 0.6375 0.49083334 0.63072914 0.49833333 0.6244792 0.49666667 0.61614585 0.485 0.61145836 0.47166666 0.621875 0.3975 0.62708336 0.385 0.628125 0.36416668 0.63489586 0.36 0.6432292 0.33416668 0.6458333 0.3225 0.6479167 0.29416665 0.646875 0.27916667 0.65416664 0.27166668 0.66197914 0.2625 0.66770834 0.26 0.6869792 0.27333334 0.69635415 0.285 0.70729166 0.30583334 0.71302086 0.315 0.721875 0.315 0.72552085 0.29833335 0.7348958 0.2925 0.77708334 0.29416665 0.8109375 0.29833335 0.82447916 0.3 0.8328125 0.30333334 0.8390625 0.30916667 0.84479165 0.32166666 0.846875 0.335 0.8364583 0.40166667 0.82604164 0.4875 0.82239586 0.51666665 0.7578125 0.5375 0.7473958 0.5375 0.7140625 0.5258333 0.69895834 0.52 0.6869792 0.5133333 0.6770833 0.5133333 0.6692708 0.5058333 0.6614583 0.49583334 0.65260416 0.49166667 0.6458333 0.49166667
17 1.0 0.4975 0.97864586 0.47 0.9713542 0.4675 0.9583333 0.46583334 0.94166666 0.5025 0.9140625 0.54833335 0.89947915 0.57416666 0.88697916 0.59583336 0.88072914 0.6091667 0.8776042 0.61833334 0.8755208 0.635 0.8776042 0.6475 0.8921875 0.6716667 0.92864585 0.72583336 0.9583333 0.7733333 1.0 0.8358333
17 0.8255208 0.7733333 0.7942708 0.75166667 0.778125 0.7441667 0.775 0.7341667 0.7739583 0.68 0.76770836 0.62166667 0.765625 0.5975 0.7729167 0.58 0.78229165 0.5775 0.80833334 0.56666666 0.825 0.56583333 0.83229166 0.5783333 0.86614585 0.5516667 0.9375 0.5108333 0.8880208 0.59166664 0.8776042 0.61583334 0.875 0.63166666 0.878125 0.6483333 0.8979167 0.68083334 0.9546875 0.7683333 0.8984375 0.79 0.8723958 0.7941667 0.85729164 0.7925
17 0.7661458 0.7758333 0.753125 0.7783333 0.73072916 0.7916667 0.70989585 0.79833335 0.70104164 0.8016667 0.6880208 0.7916667 0.7046875 0.75333333 0.709375 0.74333334 0.7083333 0.7133333 0.7036458 0.70916665 0.6692708 0.6741667 0.6640625 0.6191667 0.659375 0.585 0.6614583 0.57 0.66979164 0.56083333 0.7135417 0.5516667 0.74895835 0.5375 0.75572914 0.5375 0.8234375 0.5175 0.8510417 0.5058333 0.86510414 0.5075 0.8734375 0.51916665 0.87708336 0.545 0.8671875 0.5516667 0.8333333 0.5775 0.825 0.56333333 0.80885416 0.56666666 0.7796875 0.5775 0.77135414 0.57916665 0.7651042 0.5975 0.7739583 0.68 0.77447915 0.7341667 0.778125 0.74333334 0.79479164 0.7525 0.81041664 0.7625 0.8015625 0.76916665 0.7828125 0.7608333 0.7739583 0.76666665 0.7734375 0.7758333
17 0.4953125 0.88416666 0.48177084 0.87 0.478125 0.85083336 0.478125 0.8425 0.49791667 0.79583335 0.50677085 0.78 0.5265625 0.7608333 0.5296875 0.74333334 0.5286458 0.7216667 0.5442708 0.69416666 0.5515625 0.66333336 0.55260414 0.6483333 0.56041664 0.6225 0.56927085 0.5933333 0.5755208 0.5875 0.5833333 0.58666664 0.6041667 0.6075 0.6354167 0.64666665 0.6546875 0.6641667 0.6703125 0.675 0.7083333 0.71416664 0.70989585 0.7441667 0.6869792 0.7925 0.6390625 0.89 0.634375 0.8925 0.61927086 0.895 0.6125 0.9216667 0.6166667 0.93333334 0.6171875 0.9508333 0.615625 0.9633333 0.61145836 0.9691667 0.60364586 0.975 0.5963542 0.9725 0.58177084 0.95416665 0.5630208 0.9458333 0.54322916 0.9375 0.525 0.9175
17 0.49479166 1.0 0.47864583 0.97833335 0.47291666 0.9633333 0.48125 0.92333335 0.48958334 0.87833333 0.5416667 0.93666667 0.58177084 0.95416665 0.5932292 0.9691667 0.6015625 0.9741667 0.61041665 0.97083336 0.615625 0.9625 0.6166667 0.9483333 0.62135416 0.9508333 0.61614585 1.0
17 0.7140625 0.7966667 0.7036458 0.845 0.69166666 0.94 0.6875 0.9575 0.67864585 0.9658333 0.671875 0.97 0.6171875 0.9483333 0.6166667 0.93416667 0.61145836 0.9216667 0.6177083 0.89666665 0.6375 0.89166665 0.6869792 0.7916667 0.7015625 0.8025
17 0.60052085 0.59833336 0.621875 0.5966667 0.6354167 0.60083336 0.6536458 0.6066667 0.6635417 0.61083335 0.66822916 0.67333335 0.65260416 0.6625 0.6333333 0.64416665 0.60572916 0.61 0.59791666 0.5991667
17 0.46666667 0.8625 0.45572916 0.87333333 0.44322917 0.8725 0.43645832 0.86583334 0.39791667 0.7558333 0.39114583 0.72 0.37864584 0.68833333 0.38072917 0.67 0.38697916 0.6508333 0.41041666 0.6383333 0.46614584 0.61333334 0.5005208 0.5933333 0.5078125 0.5883333 0.5572917 0.57416666 0.5729167 0.57 0.5755208 0.5725 0.58177084 0.5858333 0.57447916 0.58916664 0.56927085 0.5941667 0.55104166 0.65 0.55104166 0.665 0.54479164 0.6933333 0.53229165 0.6983333 0.51197916 0.7158333 0.50416666 0.7366667 0.49427083 0.7925 0.49427083 0.8025 0.47760418 0.8441667 0.47760418 0.8516667
17 0.5260417 0.76 0.5104167 0.77666664 0.50625 0.78 0.49427083 0.8025 0.49427083 0.79333335 0.50364584 0.7375 0.51145834 0.7158333 0.5328125 0.6975 0.54375 0.69416666 0.528125 0.72083336 0.5296875 0.7425
17 0.5005208 0.27666667 0.4734375 0.25333333 0.45364583 0.23416667 0.44895834 0.22333333 0.44791666 0.20583333 0.5005208 0.050833333 0.5083333 0.025833333 0.5140625 0.019166667 0.525 0.014166667 0.5317708 0.015833333 0.5552083 0.04 0.65520835 0.1475 0.6744792 0.17416666 0.6848958 0.185 0.6901042 0.195 0.6890625 0.21083333 0.6869792 0.21833333 0.68385416 0.22 0.67083335 0.22 0.66197914 0.215 0.653125 0.21833333 0.6479167 0.23 0.6453125 0.25416666 0.64739585 0.29583332 0.6458333 0.32 0.6411458 0.34 0.634375 0.36 0.62083334 0.36916667 0.6109375 0.365 0.5776042 0.3425 0.55260414 0.3175 0.5364583 0.30166668 0.5260417 0.2925
