19 0.21822916 0.70666665 0.21354167 0.72833335 0.21510416 0.7375 0.21666667 0.74583334 0.2484375 0.7658333 0.25260416 0.7625 0.25416666 0.765 0.25572917 0.7675 0.2640625 0.7708333 0.29114583 0.7891667 0.33958334 0.82 0.33958334 0.80583334 0.34895834 0.7291667 0.35416666 0.67 0.35833332 0.6308333 0.3609375 0.625 0.36666667 0.6166667 0.37552083 0.6116667 0.39166668 0.6175 0.37708333 0.6075 0.3390625 0.58416665 0.2984375 0.55916667 0.29739583 0.56416667 0.29427084 0.56666666 0.29270834 0.565 0.29375 0.5566667 0.2765625 0.54583335 0.26510417 0.54083335 0.25885418 0.54083335 0.25208333 0.54833335 0.2484375 0.56333333 0.23385416 0.635
19 0.31770834 0.4025 0.290625 0.47916666 0.2734375 0.52416664 0.275 0.53 0.27552083 0.5341667 0.27083334 0.5325 0.26822916 0.5416667 0.29322916 0.5566667 0.29322916 0.56583333 0.29479167 0.56666666 0.29739583 0.56416667 0.29895833 0.55833334 0.325 0.575 0.38125 0.61083335 0.39270833 0.6175 0.40416667 0.62083334 0.43333334 0.5425 0.38229167 0.49583334 0.33333334 0.45416668 0.32395834 0.445 0.32083333 0.43666667 0.31927082 0.42416668 0.33541667 0.3825 0.346875 0.3425 0.34322917 0.34083334 0.33802083 0.3425 0.33541667 0.34833333 0.33020833 0.36666667
19 0.5671875 0.5525 0.54322916 0.6625 0.5083333 0.6525 0.5083333 0.66 0.50572914 0.66 0.50416666 0.65166664 0.47447917 0.6458333 0.46041667 0.6408333 0.42760417 0.62833333 0.40416667 0.62166667 0.4328125 0.54333335 0.44270834 0.5525 0.44635418 0.54833335 0.4484375 0.55083334 0.446875 0.5566667 0.4765625 0.58166665 0.48385417 0.5825 0.4875 0.5783333 0.49166667 0.5683333 0.49583334 0.5541667 0.50104165 0.56916666 0.5052083 0.58166665 0.509375 0.5875 0.5140625 0.5908333 0.51979166 0.5933333 0.53541666 0.5783333
19 0.39479166 0.245 0.41875 0.2575 0.44270834 0.27916667 0.46458334 0.30333334 0.48958334 0.32083333 0.51197916 0.33916667 0.5109375 0.3425 0.5109375 0.34583333 0.51197916 0.35 0.5140625 0.34916666 0.51666665 0.345 0.5265625 0.35083333 0.54114586 0.365 0.546875 0.375 0.5494792 0.3875 0.54583335 0.40166667 0.5229167 0.47 0.49583334 0.5541667 0.48958334 0.57416666 0.48645833 0.58 0.48385417 0.5825 0.47708333 0.58166665 0.44635418 0.5566667 0.4484375 0.55083334 0.44635418 0.5491667 0.4421875 0.5525 0.4328125 0.54333335 0.40416667 0.51666665 0.36145833 0.47916666 0.32395834 0.44583333 0.32083333 0.43666667 0.31927082 0.425 0.3359375 0.3825 0.35104167 0.33333334 0.36197916 0.3 0.371875 0.265 0.3765625 0.24916667 0.3828125 0.24333334 0.3875 0.24333334
19 0.3203125 0.375 0.309375 0.36083335 0.30729166 0.35166666 0.30885416 0.34 0.3125 0.33166668 0.33854166 0.28083333 0.371875 0.2125 0.3890625 0.17583333 0.39166668 0.1775 0.39270833 0.17833333 0.3953125 0.17833333 0.39583334 0.17333333 0.39322916 0.17 0.40677083 0.14 0.41145834 0.13166666 0.4171875 0.12666667 0.42552084 0.1275 0.43020833 0.13083333 0.45052084 0.16083333 0.47447917 0.19583334 0.503125 0.2325 0.5125 0.24583334 0.48177084 0.2725 0.45520833 0.2925 0.43958333 0.27666667 0.4203125 0.25833333 0.39947918 0.2475 0.38958332 0.24333334 0.38333333 0.24333334 0.37604168 0.24916667 0.3625 0.29916668 0.34739584 0.3425 0.34322917 0.34083334 0.33802083 0.34166667 0.33541667 0.34666666 0.32864583 0.37083334 0.32447916 0.38083333
19 0.5239583 0.235 0.54322916 0.21916667 0.5515625 0.21916667 0.5572917 0.2225 0.56458336 0.24416667 0.5734375 0.27083334 0.5697917 0.275 0.5697917 0.28 0.5755208 0.27916667 0.5942708 0.34333333 0.61354166 0.39416668 0.6401042 0.47166666 0.6411458 0.47916666 0.6390625 0.48916668 0.6322917 0.49916667 0.565625 0.5525 0.5390625 0.575 0.525 0.5883333 0.51979166 0.5933333 0.51354164 0.59166664 0.50625 0.58416665 0.50364584 0.5783333 0.49583334 0.555 0.5130208 0.50166667 0.5494792 0.38833332 0.546875 0.37333333 0.5395833 0.36333334 0.5286458 0.35333332 0.5171875 0.345 0.5140625 0.34916666 0.51197916 0.35 0.5109375 0.34583333 0.5109375 0.3425 0.51145834 0.33916667 0.49791667 0.3275 0.4828125 0.31666666 0.4640625 0.30333334 0.45520833 0.29333332 0.46822917 0.2825 0.48229167 0.2725 0.5125 0.245
19 0.6067708 0.345 0.621875 0.35416666 0.6296875 0.36083335 0.63125 0.36833334 0.6322917 0.37833333 0.6296875 0.3925 0.6234375 0.42166665 0.60729164 0.37833333 0.59375 0.34083334 0.59583336 0.34083334
19 0.60052085 0.52666664 0.5921875 0.56416667 0.5875 0.57666665 0.58020836 0.5808333 0.5765625 0.5808333 0.57395834 0.5808333 0.5630208 0.575 0.5677083 0.5516667 0.6 0.525
19 0.7515625 0.8425 0.8432292 0.87083334 0.86822915 0.87833333 0.87604165 0.875 0.88072914 0.865 0.8833333 0.8425 0.8890625 0.7725 0.90208334 0.6591667 0.89739585 0.6458333 0.8911458 0.6408333 0.84375 0.63 0.8020833 0.62 0.7578125 0.605 0.75677085 0.6091667 0.75416666 0.6116667 0.753125 0.60833335 0.75208336 0.6041667 0.7338542 0.59833336 0.72291666 0.595 0.71770835 0.595 0.71302086 0.59833336 0.70989585 0.6066667 0.7078125 0.6116667 0.70208335 0.6691667 0.6979167 0.7216667 0.6890625 0.78 0.6880208 0.8041667 0.6890625 0.8125 0.69114584 0.8225 0.7005208 0.8283333 0.7260417 0.83666664 0.72760415 0.83166665 0.72864586 0.8283333 0.73125 0.83 0.7317708 0.83666664 0.7416667 0.8408333
19 0.34895834 0.7291667 0.34010416 0.805 0.34010416 0.815 0.340625 0.8283333 0.34895834 0.84 0.37135416 0.8425 0.4015625 0.85 0.4234375 0.85 0.45416668 0.8641667 0.478125 0.87083334 0.47916666 0.8641667 0.4828125 0.86333334 0.4828125 0.87166667 0.51145834 0.8833333 0.5182292 0.87833333 0.525 0.87 0.52552086 0.855 0.53125 0.81916666 0.5484375 0.68583333 0.5484375 0.67333335 0.54270834 0.6625 0.509375 0.6533333 0.5083333 0.66 0.50572914 0.66083336 0.5046875 0.65166664 0.46510416 0.6433333 0.41822916 0.625 0.375 0.6125 0.3703125 0.615 0.36614582 0.6166667 0.3609375 0.62416667 0.35885417 0.63166666 0.3546875 0.66583335
