6 0.4484375 0.018333333 0.44739583 0.015833333 0.36302084 0.05 0.34375 0.06 0.3421875 0.0625 0.3421875 0.06583333 0.3484375 0.096666664 0.3546875 0.1275 0.35729167 0.13333334 0.35989583 0.13583334 0.36197916 0.1425 0.3578125 0.1425 0.36666667 0.1825 0.37291667 0.21666667 0.3734375 0.2625 0.38020834 0.295 0.38125 0.295 0.39322916 0.28833333 0.40260416 0.28 0.41145834 0.2625 0.41458333 0.26083332 0.43072918 0.23333333 0.44270834 0.21916667 0.45885417 0.20166667 0.4703125 0.19 0.4609375 0.16333333 0.45260417 0.14083333 0.45104167 0.13583334 0.45208332 0.09166667 0.45260417 0.050833333 0.45260417 0.039166667
6 0.61354166 0.0 0.6067708 0.0225 0.596875 0.045833334 0.5942708 0.053333335 0.5932292 0.07083333 0.5932292 0.08833333 0.6546875 0.0925 0.68072915 0.095 0.7046875 0.096666664 0.70520836 0.09166667 0.70677084 0.06 0.70677084 0.046666667 0.70520836 0.0058333334 0.7046875 0.0
6 0.3796875 0.32833335 0.36875 0.31416667 0.36354166 0.3075 0.3609375 0.3025 0.35260418 0.29666665 0.35052082 0.29916668 0.33541667 0.3575 0.32916668 0.37 0.32135418 0.39666668 0.30416667 0.45333335 0.31510416 0.46083334 0.34375 0.4775 0.365625 0.4925 0.37239584 0.49416667 0.3828125 0.5025 0.41041666 0.5325 0.4203125 0.545 0.42760417 0.55083334 0.434375 0.555 0.45416668 0.49083334 0.46770832 0.44833332 0.48125 0.4075 0.48385417 0.39416668 0.4765625 0.38666666 0.46822917 0.38083333 0.46197918 0.37916666 0.4390625 0.42 0.43489584 0.43 0.42916667 0.435 0.42760417 0.43916667 0.42447916 0.43416667 0.41197917 0.4025 0.39375 0.35916665 0.38645834 0.33833334 0.38489583 0.33416668
6 0.61041665 0.20916666 0.60625 0.20583333 0.5885417 0.20083334 0.565625 0.19 0.55625 0.185 0.5453125 0.18166667 0.5239583 0.175 0.50364584 0.16916667 0.50208336 0.1725 0.49791667 0.1925 0.5 0.19083333 0.5005208 0.19 0.5026042 0.19083333 0.50885415 0.1975 0.5296875 0.22916667 0.553125 0.25666666 0.55572915 0.2525 0.565625 0.24583334 0.56875 0.24416667 0.5755208 0.24583334 0.58489585 0.2475 0.6 0.24333334 0.596875 0.21416667 0.60364586 0.21333334 0.6088542 0.21333334 0.6098958 0.21333334 0.6109375 0.21333334
6 0.6484375 0.2125 0.61875 0.2125 0.61041665 0.21333334 0.5963542 0.21416667 0.59947914 0.24083333 0.59947914 0.24333334 0.60625 0.24416667 0.6088542 0.24333334 0.6203125 0.235 0.6322917 0.22666667 0.64427084 0.21666667
6 0.6947917 0.19166666 0.7104167 0.17333333 0.72552085 0.16416667 0.7390625 0.2225 0.75677085 0.28333333 0.76875 0.33083335 0.76875 0.33416668 0.7682292 0.335 0.7625 0.33833334 0.75364584 0.34416667 0.75 0.34666666 0.7328125 0.34916666 0.721875 0.35 0.73229164 0.34333333 0.73854166 0.3375 0.74010414 0.335 0.71510416 0.255 0.7057292 0.23083334 0.70208335 0.22 0.69739586 0.2
6 0.6921875 0.17083333 0.6859375 0.175 0.678125 0.1825 0.6484375 0.2125 0.64375 0.2175 0.61822915 0.23666666 0.609375 0.24333334 0.60625 0.24416667 0.6 0.24333334 0.58489585 0.24666667 0.5755208 0.24666667 0.56875 0.24416667 0.5619792 0.24833333 0.5552083 0.25333333 0.55260414 0.25666666 0.57135415 0.27833334 0.5963542 0.30916667 0.6098958 0.32416666 0.6223958 0.34 0.62291664 0.3425 0.62291664 0.34416667 0.60364586 0.38333333 0.58802086 0.41166666 0.58958334 0.42083332 0.5932292 0.42416668 0.59791666 0.42333335 0.60572916 0.42 0.62604165 0.4025 0.6390625 0.39166668 0.66875 0.37166667 0.6947917 0.36166668 0.7234375 0.34916666 0.7338542 0.3425 0.7390625 0.33583334 0.74010414 0.335 0.72291666 0.28 0.7161458 0.2575 0.7015625 0.22 0.69375 0.18916667 0.69322914 0.18083334
6 0.48958334 0.18083334 0.48541668 0.18 0.47864583 0.18166667 0.47395834 0.18583333 0.46979168 0.19 0.4546875 0.20583333 0.4359375 0.22666667 0.43125 0.2325 0.41770834 0.25583333 0.41510418 0.26083332 0.41145834 0.26166666 0.40208334 0.28083333 0.39166668 0.29833335 0.38229167 0.31 0.38020834 0.315 0.3796875 0.32083333 0.3828125 0.32916668 0.39114583 0.35 0.39270833 0.355 0.39739582 0.36666667 0.40989584 0.3975 0.41927084 0.42166665 0.42395833 0.43416667 0.42760417 0.44 0.42864582 0.43583333 0.43541667 0.42916667 0.4390625 0.41916665 0.4625 0.3775 0.484375 0.34916666 0.5015625 0.31583333 0.509375 0.30916667 0.5171875 0.305 0.5317708 0.29583332 0.53489584 0.29166666 0.528125 0.26916668 0.50104165 0.2 0.4953125 0.19083333
6 0.47083333 0.36916667 0.4765625 0.37583333 0.4875 0.38666666 0.49583334 0.39583334 0.51770836 0.4325 0.53541666 0.46333334 0.5390625 0.47 0.5494792 0.48333332 0.5515625 0.485 0.571875 0.44416666 0.5890625 0.41 0.60729164 0.37666667 0.62291664 0.34416667 0.62291664 0.34083334 0.621875 0.33916667 0.60833335 0.32166666 0.596875 0.31 0.5677083 0.27333334 0.5520833 0.25583333 0.52916664 0.22833334 0.515625 0.20833333 0.5083333 0.19666667 0.5026042 0.19083333 0.5 0.19 0.49739584 0.19333333 0.49739584 0.195 0.50104165 0.2 0.51197916 0.2275 0.5239583 0.25916666 0.528125 0.26916668 0.53489584 0.29083332 0.53229165 0.295 0.5130208 0.3075 0.509375 0.30916667 0.5015625 0.31583333 0.484375 0.34916666 0.4703125 0.36833334
6 0.58385414 0.43416667 0.58489585 0.42666668 0.58489585 0.41916665 0.57708335 0.43416667 0.578125 0.43583333 0.5796875 0.4375 0.58125 0.43833333 0.5828125 0.43833333 0.5833333 0.4375
6 0.3953125 0.51666665 0.39375 0.52 0.39583334 0.525 0.41197917 0.555 0.42604166 0.5825 0.44375 0.6175 0.45104167 0.6275 0.46041667 0.6408333 0.46822917 0.6525 0.47291666 0.645 0.48020834 0.6325 0.5052083 0.5933333 0.53020835 0.555 0.5375 0.54 0.54375 0.5375 0.5578125 0.52416664 0.5708333 0.51 0.5765625 0.49833333 0.5776042 0.4925 0.5598958 0.46916667 0.559375 0.46916667 0.5515625 0.485 0.5494792 0.48333332 0.5385417 0.47 0.53541666 0.46416667 0.5229167 0.44166666 0.5005208 0.40416667 0.49583334 0.39583334 0.48854166 0.3875 0.48333332 0.3975 0.48125 0.4075 0.46770832 0.44833332 0.45572916 0.48666668 0.4390625 0.5391667 0.434375 0.5541667 0.42708334 0.55 0.42083332 0.545 0.40885416 0.5308333 0.39791667 0.5183333 0.39583334 0.5158333
6 0.28072917 0.008333334 0.24791667 0.05 0.2421875 0.055833332 0.24010417 0.060833335 0.23177083 0.083333336 0.21770833 0.115 0.20572917 0.13416667 0.20833333 0.13833334 0.22552083 0.15666667 0.24583334 0.1775 0.25885418 0.18916667 0.2578125 0.19833334 0.253125 0.20083334 0.25520834 0.21 0.2578125 0.21416667 0.2609375 0.21416667 0.2703125 0.205 0.28697917 0.19083333 0.29895833 0.18666667 0.31302083 0.17833333 0.34427083 0.15083334 0.35260418 0.14333333 0.3578125 0.1425 0.36197916 0.1425 0.35989583 0.13666667 0.3453125 0.11833333 0.33802083 0.11 0.32604167 0.10166667 0.3171875 0.096666664 0.31354168 0.0925 0.30833334 0.0825 0.29479167 0.045833334
