14 0.7265625 0.7291667 0.74583334 0.7475 0.7786458 0.7625 0.790625 0.7708333 0.7963542 0.7783333 0.76979166 0.8591667 0.7703125 0.87583333 0.7572917 0.875 0.74583334 0.8591667 0.73333335 0.83666664 0.69322914 0.80833334
14 0.66822916 0.68 0.62916666 0.6508333 0.6223958 0.635 0.6125 0.61833334 0.60520834 0.61583334 0.58958334 0.6408333 0.5755208 0.68416667 0.57135415 0.705 0.571875 0.7216667 0.57708335 0.725 0.59375 0.71166664 0.6421875 0.7558333 0.6734375 0.68583333
14 0.72760415 0.54333335 0.7135417 0.56666666 0.70520836 0.575 0.7078125 0.5833333 0.7026042 0.5925 0.67864585 0.54333335 0.6635417 0.5108333 0.6692708 0.50333333 0.6796875 0.50333333 0.7296875 0.4275 0.75677085 0.395 0.8078125 0.32333332 0.8208333 0.30416667 0.82239586 0.29 0.83958334 0.27333334 0.8677083 0.35583332 0.87083334 0.36333334 0.86145836 0.3775 0.8541667 0.38 0.84947914 0.38166666 0.7427083 0.5233333
14 0.6536458 0.1875 0.6588542 0.15916666 0.6588542 0.14916667 0.6640625 0.14666666 0.7140625 0.21833333 0.70416665 0.22833334 0.6109375 0.43583333 0.59739584 0.46583334 0.59583336 0.485 0.590625 0.49 0.5875 0.505 0.5729167 0.5183333 0.56875 0.49583334 0.5625 0.47333333 0.5515625 0.45666668 0.5364583 0.42416668 0.54375 0.41833332 0.553125 0.4225 0.640625 0.21833333 0.6515625 0.19916667
14 0.509375 0.31833333 0.49583334 0.3475 0.4796875 0.34333333 0.475 0.355 0.51458335 0.41083333 0.53020835 0.43333334 0.5395833 0.3925 0.5421875 0.37666667 0.5260417 0.37916666 0.515625 0.385 0.50885415 0.37916666 0.5078125 0.34083334
14 0.578125 0.15333334 0.59479165 0.10916667 0.59479165 0.09916667 0.59947914 0.09916667 0.6020833 0.08833333 0.6109375 0.100833334 0.63385415 0.115833335 0.6614583 0.13916667 0.65260416 0.16 0.6354167 0.16333333 0.62395835 0.19416666 0.5859375 0.17833333 0.58020836 0.16916667
14 0.534375 0.2575 0.5541667 0.18666667 0.5630208 0.16416667 0.565625 0.14083333 0.5734375 0.14083333 0.578125 0.16166666 0.5828125 0.1775 0.59010416 0.18083334 0.62604165 0.195 0.6479167 0.20666666 0.6421875 0.215 0.6145833 0.28083333 0.5708333 0.25916666 0.5598958 0.25833333 0.5484375 0.25916666 0.540625 0.2625
14 0.55260414 0.295 0.54270834 0.2725 0.5390625 0.26666668 0.525 0.25916666 0.5182292 0.28 0.5125 0.31583333 0.50885415 0.33833334 0.5083333 0.37916666 0.515625 0.38416666 0.5239583 0.37833333 0.5421875 0.37833333 0.5677083 0.38666666 0.6020833 0.31083333
14 0.5807292 0.29166666 0.5885417 0.26833335 0.57239586 0.25916666 0.5494792 0.25916666 0.54270834 0.2625 0.53541666 0.25666666 0.534375 0.2625 0.54010415 0.26666668 0.553125 0.29583332 0.57708335 0.3025
14 0.66041666 0.33416668 0.71770835 0.36083335 0.72239584 0.35166666 0.7421875 0.35583332 0.7338542 0.41916665 0.7083333 0.45833334 0.7026042 0.45583335 0.696875 0.44416666 0.62083334 0.415 0.6578125 0.33083335
14 0.7026042 0.23333333 0.7338542 0.24916667 0.75989586 0.245 0.74010414 0.3225 0.7348958 0.335 0.7270833 0.34833333 0.72447914 0.3475 0.7270833 0.335 0.66822916 0.31083333
14 0.73020834 0.545 0.74375 0.5258333 0.7942708 0.59583336 0.7703125 0.62833333 0.6796875 0.8375 0.67760414 0.85833335 0.68177086 0.86833334 0.6723958 0.88166666 0.6380208 0.83666664 0.6177083 0.80583334 0.61614585 0.795 0.6296875 0.7825 0.6296875 0.78583336 0.72760415 0.56416667 0.72760415 0.55583334
