14 0.15 0.27833334 0.14479166 0.27666667 0.13645834 0.2575 0.16145833 0.2425 0.18020834 0.2375 0.190625 0.23083334 0.20833333 0.23416667 0.2078125 0.23833333 0.2046875 0.24083333 0.22708334 0.33416668 0.27552083 0.515 0.2859375 0.5183333 0.29270834 0.53333336 0.26875 0.55 0.23333333 0.56916666 0.2234375 0.58 0.21822916 0.56166667 0.221875 0.5575 0.21822916 0.5308333 0.21822916 0.52 0.15625 0.28333333
14 0.44114584 0.5425 0.43802083 0.5466667 0.425 0.5416667 0.41458333 0.5316667 0.41145834 0.52166665 0.415625 0.515 0.409375 0.5 0.41822916 0.22 0.43072918 0.1925 0.434375 0.1825 0.4421875 0.1775 0.44791666 0.20666666 0.45572916 0.20416667 0.46770832 0.19333333 0.46302083 0.205 0.46145833 0.21833333 0.4671875 0.23583333 0.45729166 0.4575 0.453125 0.455 0.45364583 0.465 0.45677084 0.48333332 0.4546875 0.5125 0.45989582 0.50666666 0.46145833 0.5258333 0.44791666 0.5391667
14 0.53697914 0.72833335 0.5171875 0.75166667 0.50364584 0.7733333 0.49270833 0.78833336 0.48333332 0.77166665 0.47708333 0.75666666 0.46666667 0.72833335 0.4296875 0.66 0.3703125 0.5516667 0.36354166 0.5375 0.3515625 0.52416664 0.34010416 0.50416666 0.33177084 0.5025 0.3625 0.48 0.37916666 0.46166667 0.3859375 0.45083332 0.38697916 0.4475 0.39791667 0.4625 0.4015625 0.47666666 0.409375 0.48666668 0.409375 0.49916667 0.41614583 0.515 0.41145834 0.52 0.4140625 0.53333336 0.42552084 0.5416667 0.43854168 0.54833335 0.4421875 0.5475 0.4765625 0.60583335 0.5239583 0.6816667 0.525 0.69166666 0.5328125 0.705 0.5375 0.7241667
14 0.5046875 0.53333336 0.490625 0.55083334 0.48229167 0.53 0.4578125 0.47916666 0.45416668 0.46583334 0.453125 0.455 0.45833334 0.45833334 0.45885417 0.4625 0.4640625 0.4625 0.4671875 0.4525 0.50885415 0.37666667 0.5697917 0.24666667 0.575 0.2375 0.57395834 0.2225 0.59479165 0.23666666 0.6171875 0.25916666 0.62135416 0.26 0.63125 0.26833335 0.6265625 0.2725 0.61614585 0.28666666 0.546875 0.43833333 0.5078125 0.5225
14 0.56666666 0.415 0.58489585 0.43833333 0.5911458 0.44333333 0.5921875 0.4375 0.59791666 0.4425 0.6041667 0.45333335 0.6010417 0.4575 0.5875 0.46916667 0.5833333 0.4775 0.57708335 0.48333332 0.5338542 0.58416665 0.52239585 0.60083336 0.51458335 0.61333334 0.50677085 0.625 0.49895832 0.6408333 0.46875 0.5941667 0.48854166 0.5475 0.490625 0.5516667 0.5046875 0.53333336 0.5072917 0.5225 0.56041664 0.41
14 0.5375 0.5775 0.60520834 0.475 0.63489586 0.4275 0.64375 0.42083332 0.64947915 0.40583333 0.659375 0.41833332 0.67604166 0.435 0.6822917 0.45083332 0.6822917 0.4625 0.68177086 0.47083333 0.6765625 0.47083333 0.65416664 0.5108333 0.6322917 0.54583335 0.62135416 0.5416667 0.6020833 0.5375 0.59010416 0.5375 0.58697915 0.5416667 0.58177084 0.56 0.5885417 0.57166666 0.58802086 0.57916665 0.59010416 0.59 0.5854167 0.6166667 0.54114586 0.68416667 0.53802085 0.695 0.52760416 0.695 0.525 0.69416666 0.5239583 0.6825 0.4984375 0.64166665 0.5083333 0.62333333 0.534375 0.58416665
14 0.5755208 0.6625 0.55625 0.6816667 0.55260414 0.68666667 0.55052084 0.68916667 0.54010415 0.6925 0.5385417 0.695 0.52760416 0.695 0.53333336 0.705 0.55 0.74583334 0.56145835 0.775 0.5786458 0.65833336
14 0.5885417 0.57166666 0.58229166 0.56083333 0.58697915 0.54083335 0.5911458 0.5375 0.6046875 0.53833336 0.63489586 0.5466667 0.65833336 0.55916667 0.659375 0.5683333 0.65416664 0.57416666 0.6484375 0.59 0.6411458 0.6166667 0.60520834 0.86083335 0.5989583 0.875 0.6046875 0.89166665 0.60729164 0.9008333 0.57447916 0.92 0.53802085 0.91083336 0.5364583 0.87916666 0.5494792 0.8625 0.55364585 0.8308333 0.5619792 0.7725 0.5854167 0.6166667 0.58958334 0.59166664 0.5885417 0.57916665
14 0.65260416 0.585 0.68958336 0.54833335 0.69166666 0.5391667 0.690625 0.5308333 0.703125 0.515 0.709375 0.5366667 0.7270833 0.5933333 0.7291667 0.5975 0.73645836 0.5875 0.73802084 0.6025 0.7348958 0.6116667 0.72291666 0.6125 0.6276042 0.71166664 0.6411458 0.6166667 0.64947915 0.5858333
14 0.66510415 1.0 0.6734375 0.9625 0.665625 0.955 0.66510415 0.9633333 0.6578125 0.9725 0.65208334 0.9675 0.6453125 0.9675 0.6401042 0.9583333 0.58385414 0.915 0.575 0.92083335 0.53802085 0.91 0.53541666 0.87916666 0.5182292 0.86833334 0.51197916 0.8616667 0.50208336 0.85333335 0.49010417 0.855 0.4796875 0.8566667 0.47552082 0.85833335 0.47708333 0.8666667 0.48541668 0.87 0.490625 0.87666667 0.4875 0.8875 0.5125 0.93416667 0.52708334 0.9433333 0.54322916 0.95666665 0.55104166 0.9675 0.5390625 0.9816667 0.5619792 1.0
14 0.35572916 0.79833335 0.34114584 0.7875 0.33541667 0.7866667 0.33229166 0.7783333 0.35729167 0.7375 0.37760416 0.715 0.38802084 0.7008333 0.3921875 0.7008333 0.4 0.7133333 0.39791667 0.7375 0.403125 0.75166667 0.4234375 0.7825 0.48385417 0.88166666 0.490625 0.89416665 0.51197916 0.935 0.5265625 0.9425 0.54375 0.9575 0.55052084 0.9691667 0.515625 1.0 0.47552082 1.0 0.44270834 0.94083333 0.36145833 0.8025
14 0.31666666 1.0 0.428125 0.9175 0.47135416 0.99333334 0.45260417 0.9891667 0.44270834 1.0
14 0.41822916 0.725 0.39010417 0.6975 0.35520834 0.6641667 0.34739584 0.6525 0.34270832 0.6333333 0.34375 0.62916666 0.34166667 0.61583334 0.3453125 0.5975 0.3515625 0.59 0.3515625 0.6166667 0.36458334 0.61 0.37552083 0.6075 0.425 0.65416664 0.43125 0.665 0.46770832 0.72833335 0.48072916 0.7675 0.49270833 0.7891667 0.5151042 0.75416666 0.52239585 0.74833333 0.5307292 0.76166666 0.5307292 0.77416664 0.5364583 0.7875 0.54270834 0.8025 0.5463542 0.825 0.54322916 0.8283333 0.5375 0.81416667 0.528125 0.81 0.51458335 0.81166667 0.484375 0.7875 0.43697917 0.7425
14 0.40052083 0.72083336 0.41354167 0.7216667 0.45520833 0.7583333 0.45572916 0.80083334 0.45520833 0.80916667 0.46197918 0.81166667 0.459375 0.8183333 0.44322917 0.815 0.403125 0.75166667 0.39791667 0.7375 0.39947918 0.7216667
14 0.34739584 0.7991667 0.26770833 0.79083335 0.25729167 0.8 0.23645833 0.7891667 0.23333333 0.78 0.2359375 0.7625 0.2875 0.7658333 0.30052084 0.7775 0.31666666 0.785 0.31666666 0.7441667 0.31197917 0.71 0.37291667 0.7175 0.36354166 0.72833335 0.35625 0.7375 0.33229166 0.7783333 0.33489582 0.7875 0.34010416 0.7875 0.3578125 0.8
14 0.13020833 0.765 0.121875 0.7808333 0.1078125 0.78583336 0.10572917 0.7633333 0.09947917 0.725 0.098958336 0.70666665 0.09791667 0.6791667 0.09947917 0.6641667 0.110416666 0.66333336 0.11510417 0.67 0.1296875 0.67833334 0.14166667 0.6791667 0.25625 0.67833334 0.29010418 0.6775 0.29895833 0.6725 0.3 0.6625 0.30520833 0.6716667 0.31145832 0.69416666 0.31197917 0.7125 0.31770834 0.74333334 0.31614584 0.7841667 0.3015625 0.7775 0.2875 0.7658333 0.2359375 0.76166666 0.22916667 0.7625 0.14166667 0.7658333
14 0.20625 0.19416666 0.19375 0.18833333 0.19166666 0.18833333 0.18177083 0.17166667 0.2203125 0.104166664 0.23125 0.083333336 0.24010417 0.09916667 0.246875 0.1225 0.35989583 0.26 0.3765625 0.28166667 0.39791667 0.29 0.40677083 0.2925 0.36770833 0.35333332 0.3625 0.36583334 0.35104167 0.37416667 0.34479168 0.36 0.35416666 0.35583332 0.27552083 0.26583335 0.21354167 0.195
