7 0.68645835 0.79083335 0.6723958 0.7341667 0.66041666 0.6725 0.6609375 0.65416664 0.653125 0.6375 0.640625 0.6558333 0.61875 0.68083334 0.584375 0.71416664 0.5421875 0.7575 0.5453125 0.76166666 0.54010415 0.7708333 0.53125 0.7733333 0.5171875 0.7866667 0.4875 0.81916666 0.49114582 0.8425 0.50416666 0.8491667 0.5171875 0.85333335 0.55885416 0.8575 0.57447916 0.8525 0.5875 0.8525 0.5932292 0.8591667 0.59166664 0.9075 0.5890625 0.9558333 0.59010416 0.9791667 0.5921875 1.0 0.71979165 1.0 0.78125 0.95 0.77708334 0.9325 0.7682292 0.9116667 0.734375 0.8641667 0.70625 0.82416666 0.6921875 0.81166667 0.68854165 0.8025
7 0.371875 0.8725 0.37552083 0.89666665 0.375 0.91333336 0.37447917 0.925 0.37760416 0.94 0.38541666 0.9716667 0.38958332 1.0 0.59270835 1.0 0.590625 0.98583335 0.58958334 0.9766667 0.5890625 0.9558333 0.5911458 0.92083335 0.5932292 0.86 0.5875 0.8525 0.57447916 0.8525 0.55885416 0.8575 0.5171875 0.85333335 0.5 0.8475 0.49166667 0.8433333 0.49010417 0.84583336 0.4921875 0.88416666 0.49114582 0.915 0.48802084 0.9225 0.48333332 0.9266667 0.46875 0.9275 0.4609375 0.9266667 0.43958333 0.91333336 0.41614583 0.8975 0.39947918 0.88916665 0.3875 0.88166666 0.375 0.8725
0 0.34583333 0.8825 0.38072917 0.95416665 0.37916666 0.9475 0.37447917 0.9241667 0.37552083 0.89666665 0.371875 0.87166667 0.36145833 0.87666667 0.34895834 0.8808333
0 0.32864583 0.88916665 0.303125 0.895 0.284375 0.8975 0.26614583 0.90416664 0.25052083 0.9075 0.23958333 0.9075 0.23125 0.90416664 0.21927084 0.9008333 0.21979167 0.89166665 0.22708334 0.845 0.23072916 0.81416667 0.24583334 0.7375 0.25104168 0.73083335 0.253125 0.725 0.25520834 0.7175 0.25208333 0.68083334 0.24791667 0.6475 0.24427083 0.62083334 0.24010417 0.58666664 0.240625 0.5733333 0.24583334 0.57166666 0.25364584 0.5725 0.26666668 0.5758333 0.33645833 0.595 0.35989583 0.59833336 0.3671875 0.60333335 0.37864584 0.6025 0.41302082 0.59583336 0.44010416 0.5933333 0.46458334 0.58916664 0.47291666 0.59 0.48020834 0.5975 0.4796875 0.6041667 0.47708333 0.67083335 0.47604167 0.72833335 0.47708333 0.76416665 0.48072916 0.79 0.48489583 0.7925 0.4875 0.82 0.49166667 0.8425 0.49010417 0.84583336 0.4921875 0.8875 0.49114582 0.915 0.48802084 0.9225 0.48333332 0.9266667 0.4609375 0.9266667 0.41458333 0.89666665 0.39739582 0.8883333 0.38697916 0.88166666 0.37552083 0.8725 0.371875 0.87166667 0.36197916 0.87666667 0.34479168 0.8825 0.33802083 0.8858333
0 0.5208333 0.72083336 0.478125 0.645 0.47708333 0.6691667 0.4765625 0.7183333 0.47760418 0.7633333 0.48072916 0.79 0.48489583 0.7925 0.48541668 0.7966667 0.50677085 0.78833336 0.53020835 0.775 0.5390625 0.7708333 0.54479164 0.76166666 0.5421875 0.75666666
7 0.28802082 0.28333333 0.29947916 0.2825 0.30833334 0.28666666 0.3171875 0.29333332 0.33385417 0.32 0.34322917 0.31833333 0.3859375 0.31083333 0.48125 0.29333332 0.5005208 0.28583333 0.5078125 0.28583333 0.5083333 0.305 0.5078125 0.35083333 0.51197916 0.4075 0.515625 0.455 0.51770836 0.6016667 0.5083333 0.6041667 0.48125 0.6016667 0.48020834 0.5966667 0.47291666 0.59 0.46458334 0.5883333 0.44375 0.5925 0.425 0.59 0.41666666 0.58416665 0.41145834 0.58 0.3828125 0.5908333 0.36041668 0.59833336 0.3359375 0.595 0.29322916 0.5825 0.29114583 0.58166665 0.29114583 0.55833334 0.29114583 0.50416666 0.2875 0.48166665 0.28541666 0.45166665 0.28541666 0.4375 0.28385416 0.35916665 0.28177083 0.31333333 0.2796875 0.30083334 0.2796875 0.28833333 0.28333333 0.28333333 0.28489584 0.2825
7 0.34895834 0.2125 0.3453125 0.2175 0.3390625 0.21916667 0.334375 0.22 0.33125 0.22333333 0.30104166 0.26833335 0.29583332 0.275 0.28697917 0.28333333 0.30052084 0.2825 0.30833334 0.28666666 0.31770834 0.29416665 0.33385417 0.32083333 0.36666667 0.315 0.3546875 0.24666667 0.35052082 0.21666667
0 0.44114584 0.5925 0.4140625 0.59583336 0.378125 0.6025 0.3671875 0.60333335 0.36041668 0.59833336 0.3828125 0.5908333 0.41145834 0.58 0.4171875 0.585 0.42552084 0.59
7 0.2578125 0.30916667 0.246875 0.32083333 0.23697917 0.31583333 0.22239584 0.30833334 0.18229167 0.3025 0.1515625 0.30083334 0.14791666 0.3025 0.14895834 0.31083333 0.1546875 0.33833334 0.171875 0.40666667 0.17864583 0.43166667 0.18489583 0.46 0.18854167 0.4875 0.19427083 0.52166665 0.19947916 0.57166666 0.203125 0.6116667 0.2046875 0.61 0.21875 0.59833336 0.24010417 0.5825 0.240625 0.5733333 0.24583334 0.5708333 0.25208333 0.5725 0.26458332 0.56666666 0.27760416 0.56 0.290625 0.5566667 0.29166666 0.50416666 0.28802082 0.48166665 0.28541666 0.4525 0.28333333 0.35333332 0.28177083 0.3125 0.2796875 0.30083334 0.28020832 0.2875 0.278125 0.2875 0.2703125 0.29583332
4 0.9875 0.7733333 0.984375 0.7575 0.9828125 0.72833335 0.9848958 0.70666665 0.99322915 0.68666667 1.0 0.67333335 1.0 1.0 0.965625 1.0 0.95 0.985 0.9479167 0.9691667 0.99375 0.82666665 0.99583334 0.8125 0.99427086 0.7975
