9 0.559375 0.8775 0.5234375 0.90833336 0.50625 0.9141667 0.47083333 0.9525 0.45104167 0.9625 0.40364584 1.0 0.38541666 0.93333334 0.353125 0.8283333 0.31979167 0.74333334 0.29270834 0.6691667 0.35052082 0.62083334 0.42395833 0.56666666 0.45572916 0.545 0.47291666 0.61083335 0.49895832 0.7033333 0.53541666 0.815 0.55677086 0.8666667
9 0.52552086 0.7325 0.5729167 0.77666664 0.55833334 0.81916666 0.54791665 0.8441667 0.5359375 0.815 0.5182292 0.7608333 0.5 0.7058333
9 0.5182292 0.91 0.496875 0.95916665 0.47708333 1.0 0.46770832 1.0 0.44270834 0.97 0.4515625 0.9625 0.47083333 0.9533333 0.50677085 0.9141667
9 0.365625 0.87166667 0.32291666 0.8258333 0.28177083 0.785 0.3 0.7416667 0.309375 0.7158333 0.32395834 0.7558333 0.353125 0.8283333 0.36510417 0.8675
9 0.51145834 0.41416666 0.55104166 0.375 0.59010416 0.32666665 0.6171875 0.2925 0.66041666 0.23083334 0.69114584 0.19583334 0.7125 0.23666666 0.74114585 0.30916667 0.7661458 0.35666665 0.80260414 0.42 0.77708334 0.45083332 0.7234375 0.50416666 0.7036458 0.5258333 0.6802083 0.55583334 0.6296875 0.62416667 0.60729164 0.64166665 0.578125 0.58416665 0.5552083 0.5308333 0.52135414 0.47083333 0.5026042 0.42583334
9 0.59479165 0.61833334 0.578125 0.63 0.5625 0.5775 0.5520833 0.54083335 0.54583335 0.515 0.5546875 0.5308333 0.578125 0.5858333
9 0.7875 0.43916667 0.7963542 0.46916667 0.7895833 0.47833332 0.76979166 0.49083334 0.73541665 0.5083333 0.7 0.5316667 0.71666664 0.5125 0.7505208 0.47833332 0.778125 0.45
9 0.5796875 0.33416668 0.54114586 0.3575 0.51770836 0.3675 0.503125 0.3775 0.50677085 0.39416668 0.5125 0.41333333 0.5515625 0.37416667 0.5885417 0.32833335
9 0.7078125 0.22166666 0.72083336 0.2125 0.72864586 0.23833333 0.74114585 0.28083333 0.7552083 0.335 0.7416667 0.31 0.7125 0.23666666 0.7057292 0.22333333
9 0.0203125 0.245 0.065104164 0.22166666 0.1328125 0.1825 0.16770834 0.17166667 0.17916666 0.24833333 0.19739583 0.36333334 0.2171875 0.44416666 0.2359375 0.52916664 0.1671875 0.5625 0.06458333 0.60583335 0.0515625 0.49916667 0.045833334 0.45 0.0484375 0.4275 0.035416666 0.385 0.020833334 0.3225 0.005729167 0.26916668 0.0 0.2625 0.0 0.25666666
