19 0.15833333 0.40416667 0.1859375 0.42666668 0.2453125 0.47333333 0.2859375 0.505 0.2859375 0.5133333 0.28854167 0.5133333 0.29114583 0.51 0.31875 0.5308333 0.3234375 0.54083335 0.32447916 0.555 0.321875 0.56333333 0.30364582 0.62166667 0.2703125 0.5966667 0.25677082 0.58666664 0.24947916 0.5825 0.24375 0.585 0.2375 0.5908333 0.21510416 0.6675 0.20416667 0.70666665 0.17135416 0.6816667 0.09166667 0.6225 0.088541664 0.6141667 0.086979166 0.605 0.086979166 0.59583336 0.09739583 0.5675 0.11145833 0.5316667 0.12447917 0.49333334 0.14270833 0.42666668 0.14635417 0.41416666 0.1515625 0.40666667
19 0.44635418 0.6716667 0.42916667 0.70916665 0.4015625 0.76916665 0.39947918 0.7783333 0.40260416 0.7925 0.41979167 0.8183333 0.42760417 0.82666665 0.43177083 0.82166666 0.43541667 0.825 0.43229166 0.8308333 0.45677084 0.8591667 0.5359375 0.95666665 0.5453125 0.96666664 0.5484375 0.96416664 0.55364585 0.9625 0.5651042 0.94 0.58697915 0.88916665 0.6328125 0.79 0.63125 0.77416664 0.62291664 0.76166666 0.5395833 0.66583335 0.5208333 0.6425 0.51770836 0.6433333 0.51458335 0.6408333 0.5161458 0.6358333 0.50677085 0.625 0.48541668 0.68583333 0.4796875 0.69 0.46875 0.68916667 0.44739583 0.6691667
19 0.4 0.35083333 0.46666667 0.41333333 0.5140625 0.45666668 0.51927084 0.45916668 0.54791665 0.48583335 0.5520833 0.49916667 0.5364583 0.5416667 0.50677085 0.62666667 0.48541668 0.68666667 0.48020834 0.68916667 0.47083333 0.69 0.44635418 0.6675 0.44635418 0.6625 0.44583333 0.6575 0.44270834 0.6566667 0.440625 0.6625 0.40885416 0.62916666 0.37604168 0.6016667 0.32395834 0.5575 0.325 0.555 0.3234375 0.5416667 0.31822917 0.53 0.33385417 0.4875 0.35677084 0.42833334 0.37395832 0.37666667 0.38385418 0.35 0.38802084 0.34666666 0.39270833 0.34666666
19 0.3671875 0.33583334 0.35416666 0.32416666 0.35 0.31666666 0.35052082 0.30166668 0.3765625 0.22833334 0.41510418 0.1225 0.4203125 0.1175 0.428125 0.1175 0.44270834 0.13 0.54479164 0.2275 0.5453125 0.22833334 0.54479164 0.235 0.5473958 0.235 0.55052084 0.23083334 0.57447916 0.2525 0.58229166 0.265 0.58229166 0.275 0.5807292 0.28666666 0.55364585 0.28416666 0.553125 0.28916666 0.55 0.29166666 0.54791665 0.28333333 0.515625 0.28083333 0.51197916 0.28333333 0.509375 0.2875 0.5052083 0.30166668 0.503125 0.44666666 0.465625 0.4125 0.43177083 0.38 0.40104166 0.35166666 0.39166668 0.34666666 0.38802084 0.34666666 0.38333333 0.35083333
19 0.54791665 0.52416664 0.59583336 0.5233333 0.63958335 0.5283333 0.6401042 0.5225 0.6640625 0.495 0.66770834 0.4975 0.66822916 0.48916668 0.68958336 0.4675 0.63177085 0.3325 0.634375 0.325 0.634375 0.31916666 0.62916666 0.32333332 0.6171875 0.28666666 0.60260415 0.29083332 0.58020836 0.28666666 0.55364585 0.28416666 0.55364585 0.29 0.55 0.29166666 0.54791665 0.28333333 0.5151042 0.28 0.509375 0.2875 0.5046875 0.30166668 0.50364584 0.44666666 0.51354164 0.45666668 0.51979166 0.46 0.54791665 0.48666668 0.55260414 0.49916667 0.54583335 0.5175
19 0.67083335 0.1925 0.7182292 0.13916667 0.72760415 0.13583334 0.7359375 0.1425 0.7484375 0.17166667 0.75364584 0.18583333 0.75104165 0.19 0.7526042 0.19416666 0.75677085 0.1925 0.7729167 0.23333333 0.80364585 0.30583334 0.8307292 0.36916667 0.8328125 0.37666667 0.8333333 0.385 0.8328125 0.3925 0.82916665 0.39916667 0.82395834 0.405 0.7729167 0.455 0.7328125 0.5058333 0.7213542 0.51666665 0.71510416 0.51666665 0.7083333 0.5083333 0.68958336 0.4675 0.6322917 0.33333334 0.634375 0.325 0.63385415 0.31916666 0.62864584 0.32333332 0.61614585 0.285 0.61302084 0.27 0.61510414 0.25833333 0.6203125 0.25 0.6489583 0.2175
19 0.8125 0.25916666 0.7682292 0.22083333 0.7828125 0.25583333 0.8015625 0.3 0.82135415 0.34666666 0.8265625 0.33166668 0.8364583 0.30416667 0.8364583 0.28916666 0.8307292 0.275
19 0.7015625 0.69166666 0.63854164 0.55083334 0.63072914 0.5308333 0.63177085 0.5283333 0.63958335 0.5283333 0.640625 0.5225 0.6640625 0.495 0.66822916 0.4975 0.66875 0.48916668 0.68958336 0.4675 0.7083333 0.51 0.7161458 0.51666665 0.72083336 0.51666665 0.734375 0.5058333 0.7734375 0.45583335 0.81614584 0.41416666 0.82239586 0.43 0.84947914 0.49 0.86614585 0.5258333 0.8677083 0.53833336 0.86354166 0.5566667 0.8041667 0.62083334 0.7552083 0.67833334 0.7505208 0.6766667 0.75 0.68333334 0.7421875 0.6958333 0.728125 0.7108333 0.7192708 0.7158333 0.7125 0.7125 0.7083333 0.70666665
19 0.73541665 0.7108333 0.78802085 0.7875 0.825 0.84 0.83020836 0.8425 0.8333333 0.8425 0.83958334 0.84 0.86041665 0.8 0.8598958 0.79333335 0.86354166 0.7941667 0.884375 0.75666666 0.9244792 0.6825 0.9515625 0.63166666 0.9515625 0.6166667 0.94375 0.6025 0.92552084 0.5833333 0.9046875 0.55583334 0.878125 0.51 0.85833335 0.4775 0.8510417 0.47166666 0.84583336 0.47166666 0.8421875 0.47333333 0.86614585 0.5258333 0.86822915 0.53833336 0.86354166 0.5566667 0.821875 0.6016667 0.7786458 0.65 0.7552083 0.67833334 0.7505208 0.6766667 0.75 0.68416667 0.7416667 0.6958333 0.7317708 0.7058333
19 0.16614583 0.8325 0.17760417 0.795 0.1796875 0.7966667 0.18125 0.79583335 0.1828125 0.7925 0.1796875 0.7875 0.19322917 0.7441667 0.20677084 0.69916666 0.21927084 0.65166664 0.2375 0.59166664 0.24427083 0.58416665 0.24895833 0.5825 0.25989583 0.5883333 0.321875 0.6358333 0.36145833 0.6616667 0.37239584 0.67083335 0.37395832 0.67833334 0.37447917 0.69083333 0.36979166 0.70916665 0.35104167 0.77166665 0.32916668 0.8408333 0.3171875 0.8833333 0.31458333 0.8833333 0.31197917 0.885 0.3125 0.8875 0.31510416 0.8908333 0.309375 0.91 0.30260417 0.93583333 0.296875 0.9425 0.29270834 0.94416666 0.28541666 0.9433333 0.27552083 0.9375 0.23229167 0.90416664 0.20833333 0.88666666 0.175 0.8675 0.1671875 0.8575 0.16458334 0.8466667
