14 0.53489584 0.28833333 0.54375 0.295 0.5484375 0.29583332 0.565625 0.33 0.58697915 0.37333333 0.6333333 0.46916667 0.65625 0.515 0.659375 0.52416664 0.659375 0.54833335 0.6671875 0.56916666 0.6802083 0.5525 0.7026042 0.52416664 0.7265625 0.48916668 0.7203125 0.47833332 0.71510416 0.4775 0.69375 0.44916666 0.67552084 0.41166666 0.6578125 0.37416667 0.6546875 0.37166667 0.6140625 0.28833333 0.5864583 0.2375 0.59166664 0.22583333 0.5921875 0.22083333 0.5677083 0.23583333 0.5421875 0.2625 0.52708334 0.27916667
14 0.62083334 0.45333335 0.59270835 0.5225 0.56354165 0.58 0.546875 0.60083336 0.5390625 0.6175 0.53802085 0.62416667 0.55625 0.645 0.5630208 0.65166664 0.63854164 0.5725 0.659375 0.5258333 0.65833336 0.52 0.6546875 0.51166666 0.6234375 0.44833332
14 0.57447916 0.745 0.65208334 0.6641667 0.6979167 0.6116667 0.71197915 0.5908333 0.71979165 0.5675 0.7104167 0.5825 0.7026042 0.56666666 0.7026042 0.5258333 0.70208335 0.525 0.6666667 0.56916666 0.65989584 0.55083334 0.63854164 0.5733333 0.59270835 0.62 0.5640625 0.6508333 0.52552086 0.69166666 0.5171875 0.70166665 0.5072917 0.70666665 0.5239583 0.7575 0.5286458 0.7866667 0.5296875 0.80833334 0.54375 0.79333335 0.5578125 0.75666666 0.56822914 0.745
14 0.57604164 0.7608333 0.64427084 0.81416667 0.6703125 0.83666664 0.68125 0.8491667 0.69322914 0.8625 0.69739586 0.87166667 0.7083333 0.87916666 0.7171875 0.86833334 0.73125 0.81166667 0.7390625 0.7825 0.72291666 0.765 0.70416665 0.7608333 0.64635414 0.7191667 0.61875 0.7 0.5989583 0.7183333 0.575 0.7441667 0.56822914 0.74583334 0.5630208 0.75166667
14 0.54791665 0.6433333 0.5317708 0.6275 0.52916664 0.6325 0.51979166 0.6475 0.52708334 0.65416664 0.5239583 0.6691667 0.509375 0.70416665 0.5171875 0.70166665 0.5619792 0.6533333
14 0.5953125 0.42166665 0.56822914 0.40083334 0.58125 0.485 0.5911458 0.48666668 0.59739584 0.505 0.6 0.50083333 0.6197917 0.44 0.6125 0.425 0.60260415 0.4275
14 0.5140625 0.5225 0.46510416 0.615 0.47708333 0.62666667 0.4953125 0.6433333 0.5203125 0.6458333 0.5286458 0.63416666 0.53125 0.62833333 0.546875 0.6 0.58697915 0.5158333 0.59375 0.4975 0.59166664 0.48666668 0.58177084 0.485 0.58489585 0.5058333 0.58020836 0.5075 0.5703125 0.49583334 0.54322916 0.50666666 0.521875 0.515
14 0.5442708 0.40083334 0.45677084 0.4425 0.44427082 0.4525 0.45885417 0.49 0.46666667 0.50333333 0.478125 0.50916666 0.48229167 0.5316667 0.4828125 0.5366667 0.51666665 0.5208333 0.521875 0.51416665 0.5697917 0.49583334 0.58020836 0.5075 0.58489585 0.50666666 0.58385414 0.49833333 0.5796875 0.475 0.5651042 0.3775 0.5520833 0.39333335
14 0.41041666 0.27333334 0.39375 0.33416668 0.415625 0.38583332 0.44947916 0.41416666 0.47916666 0.43166667 0.54583335 0.4 0.5541667 0.39 0.44583333 0.3125 0.43020833 0.28 0.4171875 0.27083334
14 0.41145834 0.68833333 0.409375 0.69166666 0.42291668 0.715 0.4484375 0.75333333 0.46145833 0.77666664 0.46770832 0.7625 0.46875 0.74666667 0.47395834 0.7391667 0.46927083 0.72083336 0.43125 0.68666667 0.42135417 0.6775 0.41770834 0.68583333
14 0.30989584 0.49583334 0.303125 0.5175 0.290625 0.54333335 0.28020832 0.5675 0.27552083 0.5758333 0.2890625 0.5783333 0.30677083 0.58 0.31979167 0.5883333 0.35625 0.62166667 0.421875 0.6791667 0.44322917 0.69666666 0.46979168 0.72083336 0.47395834 0.7391667 0.48072916 0.75416666 0.484375 0.74 0.4921875 0.73583335 0.5005208 0.7225 0.5083333 0.70416665 0.51197916 0.6975 0.52447915 0.6675 0.52708334 0.65416664 0.51875 0.6458333 0.49583334 0.6425 0.48072916 0.62833333 0.46354166 0.6125 0.44791666 0.60083336 0.44114584 0.61083335 0.43229166 0.5925 0.421875 0.5758333 0.32604167 0.49 0.3234375 0.485
14 0.38489583 0.48 0.37552083 0.485 0.3515625 0.48083332 0.346875 0.48416665 0.34322917 0.50416666 0.34427083 0.5058333 0.40520832 0.56083333 0.42447916 0.5783333 0.42083332 0.56583333 0.41875 0.5525 0.4 0.50916666 0.38697916 0.4775
14 0.3203125 0.31916666 0.378125 0.45416668 0.38854167 0.4825 0.41197917 0.5375 0.41875 0.5525 0.42083332 0.565 0.42552084 0.58166665 0.4328125 0.5941667 0.44114584 0.61083335 0.45364583 0.5908333 0.48229167 0.54083335 0.4828125 0.5316667 0.478125 0.50916666 0.46666667 0.50333333 0.45885417 0.48916668 0.44375 0.4525 0.41510418 0.38583332 0.38229167 0.3075 0.36302084 0.26083332 0.35989583 0.22666667 0.33489582 0.27833334 0.31822917 0.30083334
14 0.46354166 0.5858333 0.478125 0.585 0.48072916 0.58 0.47083333 0.56166667 0.46041667 0.5783333 0.44791666 0.60083336 0.45572916 0.6066667 0.45885417 0.59833336
14 0.44895834 0.415 0.46145833 0.43916667 0.4796875 0.43166667 0.44895834 0.41416666
14 0.42135417 0.21416667 0.36822918 0.1525 0.35677084 0.13083333 0.35052082 0.119166665 0.33854166 0.10916667 0.31614584 0.17583333 0.30729166 0.19666667 0.33177084 0.22583333 0.346875 0.25166667 0.34739584 0.2525 0.35989583 0.22666667 0.36302084 0.26083332 0.38541666 0.2875 0.40104166 0.30666667 0.41041666 0.27333334 0.41666666 0.27083334 0.43072918 0.28 0.44583333 0.3125 0.51927084 0.365 0.51927084 0.34166667 0.5151042 0.325 0.5125 0.31916666 0.43489584 0.23333333
14 0.36614582 0.6383333 0.30989584 0.7475 0.3046875 0.78333336 0.28385416 0.7775 0.27916667 0.7925 0.284375 0.8016667 0.3203125 0.84583336 0.33645833 0.8666667 0.34739584 0.84166664 0.34635416 0.8258333 0.34427083 0.82166666 0.3953125 0.72083336 0.41041666 0.68916667 0.41875 0.6775 0.36822918 0.63166666
14 0.2890625 0.455 0.24739583 0.7083333 0.23489584 0.7225 0.22916667 0.7525 0.27083334 0.7708333 0.284375 0.7775 0.3046875 0.78333336 0.30989584 0.7475 0.30208334 0.72583336 0.3078125 0.68416667 0.31354168 0.6625 0.32708332 0.595 0.31979167 0.5883333 0.30677083 0.58 0.28854167 0.5783333 0.27552083 0.5758333 0.28072917 0.56666666 0.29010418 0.5441667 0.296875 0.53 0.303125 0.5175 0.30989584 0.49583334 0.3234375 0.48416665 0.32604167 0.48916668 0.34322917 0.505 0.34739584 0.48083332 0.35208333 0.44 0.35625 0.43416667 0.359375 0.425 0.3609375 0.41333333 0.35416666 0.39833334 0.29010418 0.36916667 0.2890625 0.3925 0.2890625 0.41916665 0.29270834 0.43333334
14 0.26822916 0.41666666 0.27916667 0.44333333 0.28645834 0.47083333 0.29270834 0.43416667 0.2890625 0.4175 0.2890625 0.38833332 0.29010418 0.36916667 0.29114583 0.36916667 0.31666666 0.38083333 0.30052084 0.33916667 0.275 0.40083334
14 0.2453125 0.29916668 0.19270833 0.43333334 0.184375 0.46166667 0.165625 0.46583334 0.165625 0.47333333 0.17864583 0.4825 0.19739583 0.49333334 0.20260416 0.50333333 0.2140625 0.5158333 0.21458334 0.5341667 0.2171875 0.5341667 0.23385416 0.50333333 0.23385416 0.49833333 0.25520834 0.44833332 0.26875 0.41583332 0.30104166 0.33833334 0.328125 0.27333334 0.33385417 0.25166667 0.340625 0.25416666 0.346875 0.25333333 0.346875 0.2525 0.346875 0.25166667 0.33177084 0.22583333 0.30729166 0.1975 0.30625 0.195 0.2953125 0.1775 0.2875 0.17 0.28229168 0.18166667 0.28489584 0.18416667 0.28489584 0.1875 0.2828125 0.195 0.27916667 0.21166667 0.2796875 0.2175 0.27604166 0.22333333 0.2546875 0.27333334
14 0.2140625 0.30166668 0.2203125 0.32416666 0.22291666 0.3275 0.23125 0.335 0.24635416 0.29583332 0.22083333 0.3 0.215625 0.3
14 0.15677084 0.27916667 0.13541667 0.28333333 0.13333334 0.28583333 0.134375 0.295 0.1375 0.3125 0.15885417 0.33916667 0.19270833 0.43333334 0.20052083 0.41416666 0.22760417 0.34416667 0.20677084 0.29166666 0.2078125 0.28416666 0.20677084 0.25416666 0.19947916 0.24583334 0.19635417 0.2375 0.19375 0.2375 0.18333334 0.2525 0.171875 0.26583335 0.1671875 0.275
14 0.2265625 0.5233333 0.24114583 0.56666666 0.2453125 0.585 0.24791667 0.6175 0.25625 0.6383333 0.259375 0.635 0.26770833 0.5825 0.2828125 0.49333334 0.26145834 0.43416667 0.23385416 0.49833333 0.23385416 0.50333333 0.225 0.51916665
14 0.33125 0.35 0.3203125 0.36416668 0.3171875 0.37583333 0.3171875 0.38166666 0.3515625 0.39666668 0.35416666 0.39833334 0.33333334 0.34833333
14 0.67864585 0.2975 0.66875 0.3125 0.66510415 0.3225 0.6713542 0.33666667 0.6578125 0.375 0.6890625 0.43916667 0.69427085 0.45 0.70208335 0.4275 0.70625 0.4175 0.73333335 0.38333333 0.7421875 0.35916665 0.734375 0.35416666 0.7078125 0.32833335 0.68333334 0.30083334
