8 0.25104168 0.65 0.25364584 0.6458333 0.2609375 0.64166665 0.27447918 0.6358333 0.28125 0.6358333 0.28854167 0.6408333 0.303125 0.65416664 0.32552084 0.67083335 0.34166667 0.68416667 0.37760416 0.7058333 0.40625 0.7216667 0.40677083 0.7275 0.40885416 0.7291667 0.40989584 0.7275 0.41041666 0.7241667 0.41614583 0.7275 0.42708334 0.7341667 0.43854168 0.74083334 0.4390625 0.74083334 0.43541667 0.8308333 0.4359375 0.835 0.43697917 0.8425 0.4390625 0.84583336 0.43697917 0.85083336 0.4359375 0.86 0.42135417 0.90833336 0.42083332 0.91333336 0.41458333 0.9325 0.40833333 0.94416666 0.39947918 0.95166665 0.3953125 0.95166665 0.3890625 0.94666666 0.38385418 0.94 0.36822918 0.92833334 0.35885417 0.9225 0.3578125 0.9225 0.3578125 0.92 0.3578125 0.91833335 0.35729167 0.9166667 0.35625 0.9175 0.3546875 0.9191667 0.353125 0.9191667 0.35208333 0.91833335 0.334375 0.905 0.31302083 0.88916665 0.28802082 0.87083334 0.26927084 0.8575 0.24583334 0.8466667 0.2234375 0.8333333 0.2171875 0.82916665 0.21354167 0.825 0.20989583 0.81666666 0.20885417 0.81166667 0.20885417 0.80333334 0.2109375 0.795 0.21666667 0.78 0.22395833 0.7683333 0.23229167 0.76 0.23489584 0.75333333 0.23697917 0.7441667 0.2375 0.7366667 0.23854166 0.71166664 0.24322917 0.68 0.246875 0.66
8 0.3921875 0.6875 0.39166668 0.7 0.39375 0.71 0.39479166 0.7108333 0.39947918 0.6933333
8 0.43958333 0.7175 0.40885416 0.69916666 0.39947918 0.6933333 0.39479166 0.7108333 0.39375 0.715 0.40625 0.7216667 0.40677083 0.7275 0.40885416 0.7291667 0.40989584 0.7275 0.41041666 0.7241667 0.4171875 0.72833335 0.4265625 0.7341667 0.4390625 0.74083334
8 0.28645834 0.6383333 0.30885416 0.63166666 0.3078125 0.63666666 0.30572918 0.645 0.3 0.6508333 0.28854167 0.6408333 0.2859375 0.63916665
8 0.3109375 0.63166666 0.30885416 0.63166666 0.3078125 0.6375 0.30625 0.64416665 0.3 0.65166664 0.30364582 0.65416664 0.32447916 0.67 0.34166667 0.68416667 0.35989583 0.695 0.390625 0.7133333 0.39166668 0.7 0.3921875 0.6875 0.3578125 0.66833335 0.33177084 0.6533333 0.31822917 0.6433333 0.31354168 0.6383333 0.31197917 0.635
8 0.48385417 0.6425 0.459375 0.63916665 0.45364583 0.6425 0.44947916 0.64916664 0.44635418 0.6533333 0.44375 0.6625 0.4421875 0.67583334 0.43958333 0.7191667 0.4359375 0.81333333 0.43489584 0.8308333 0.43697917 0.84166664 0.43958333 0.8475 0.44375 0.8566667 0.44791666 0.86 0.465625 0.86083335 0.48333332 0.8591667 0.49166667 0.8575 0.49322918 0.85083336 0.4953125 0.85333335 0.49583334 0.8566667 0.51770836 0.85083336 0.5265625 0.8425 0.5296875 0.84 0.53541666 0.84166664 0.5416667 0.84583336 0.5494792 0.85 0.56354165 0.85333335 0.58020836 0.8541667 0.61875 0.8616667 0.6375 0.86583334 0.64375 0.86083335 0.6489583 0.85333335 0.65052086 0.85 0.65416664 0.7816667 0.6536458 0.7441667 0.65625 0.71666664 0.66041666 0.6775 0.659375 0.6691667 0.6557292 0.66 0.6489583 0.655 0.6354167 0.655 0.60833335 0.6558333 0.5697917 0.6525 0.5463542 0.65416664 0.5359375 0.6533333 0.5078125 0.645 0.50572914 0.65 0.503125 0.65 0.503125 0.6433333
8 0.7671875 0.54333335 0.7583333 0.545 0.75104165 0.55333334 0.7473958 0.56416667 0.746875 0.57 0.7473958 0.63166666 0.74583334 0.6725 0.7473958 0.7175 0.7494792 0.74 0.7494792 0.75 0.746875 0.7625 0.746875 0.79583335 0.7494792 0.7975 0.7505208 0.8 0.7473958 0.8016667 0.74895835 0.80833334 0.753125 0.82 0.7546875 0.82666665 0.75364584 0.85833335 0.75364584 0.865 0.7651042 0.8925 0.79479164 0.8958333 0.828125 0.89416665 0.8645833 0.8975 0.871875 0.8908333 0.87604165 0.87666667 0.87708336 0.84166664 0.87291664 0.8016667 0.8697917 0.7991667 0.871875 0.7966667 0.8666667 0.77166665 0.8640625 0.7525 0.86354166 0.7375 0.86302084 0.72833335 0.86822915 0.6958333 0.8677083 0.6816667 0.865625 0.66583335 0.86510414 0.65833336 0.86822915 0.63166666 0.8744792 0.56583333 0.8703125 0.5541667 0.8671875 0.55 0.86510414 0.5475 0.86302084 0.5466667 0.8588542 0.5466667 0.85364586 0.5491667 0.8463542 0.5525 0.84375 0.5541667 0.834375 0.5541667 0.8119792 0.5475 0.79114586 0.54583335
8 0.7526042 0.42083332 0.7760417 0.41083333 0.80833334 0.38916665 0.8234375 0.38416666 0.8385417 0.37166667 0.8645833 0.34583333 0.86927086 0.35 0.8703125 0.34583333 0.87083334 0.34 0.89947915 0.32333332 0.92083335 0.41083333 0.9421875 0.52666664 0.9203125 0.535 0.91770834 0.5308333 0.915625 0.53333336 0.915625 0.5366667 0.8989583 0.5341667 0.89270836 0.5366667 0.8697917 0.5525 0.8645833 0.5466667 0.859375 0.5466667 0.84583336 0.5516667 0.8432292 0.5541667 0.83385414 0.5541667 0.8119792 0.5475 0.76979166 0.54333335 0.7583333 0.545 0.75625 0.5475 0.7390625 0.47333333 0.7338542 0.45583335 0.73541665 0.43833333 0.7390625 0.43
8 0.56354165 0.5025 0.56354165 0.50916666 0.5651042 0.5258333 0.57447916 0.5416667 0.578125 0.55 0.5864583 0.56 0.59166664 0.56666666 0.5963542 0.57916665 0.6166667 0.63416666 0.625 0.655 0.64739585 0.65416664 0.6510417 0.6558333 0.6546875 0.6591667 0.6567708 0.6616667 0.65833336 0.6666667 0.65989584 0.6725 0.66041666 0.6775 0.65520835 0.7275 0.67395836 0.7733333 0.68177086 0.7783333 0.6875 0.78 0.6927083 0.77666664 0.7140625 0.75333333 0.73229164 0.7341667 0.746875 0.715 0.74583334 0.6725 0.7473958 0.6275 0.746875 0.5775 0.7317708 0.5491667 0.70729166 0.49166667 0.6921875 0.4525 0.6875 0.44166666 0.671875 0.48166665 0.6609375 0.52416664 0.6536458 0.5525 0.65 0.56666666 0.64947915 0.57166666 0.6458333 0.575 0.640625 0.5758333 0.634375 0.575 0.628125 0.5708333 0.6145833 0.5541667 0.59479165 0.53333336 0.57135415 0.5108333 0.56614584 0.5058333
8 0.19583334 0.8183333 0.20885417 0.7825 0.2125 0.7708333 0.21510416 0.7608333 0.21510416 0.75333333 0.21510416 0.7425 0.21822916 0.73333335 0.21927084 0.73 0.2359375 0.7008333 0.24166666 0.6875 0.23802084 0.71166664 0.2375 0.7366667 0.23697917 0.7441667 0.23489584 0.75333333 0.23177083 0.76 0.2234375 0.7683333 0.21666667 0.78 0.2109375 0.7941667 0.209375 0.8016667 0.20885417 0.805 0.20833333 0.81083333 0.20989583 0.8175 0.2109375 0.81916666 0.19635417 0.81916666
8 0.35 0.45083332 0.34583333 0.4725 0.340625 0.49583334 0.34583333 0.5308333 0.34739584 0.5416667 0.3515625 0.55916667 0.35364583 0.5708333 0.3578125 0.6116667 0.3578125 0.62416667 0.34479168 0.6325 0.3375 0.635 0.334375 0.635 0.32864583 0.6325 0.32395834 0.62916666 0.31145832 0.63166666 0.31145832 0.6333333 0.31354168 0.6375 0.31822917 0.6433333 0.334375 0.65416664 0.3703125 0.67583334 0.3921875 0.68833333 0.39895833 0.6933333 0.43125 0.7125 0.43958333 0.7175 0.4421875 0.67583334 0.44375 0.6625 0.44635418 0.65416664 0.45364583 0.6425 0.459375 0.63916665 0.48489583 0.6425 0.503125 0.6433333 0.503125 0.65 0.5052083 0.65 0.5052083 0.65 0.5078125 0.64416665 0.5239583 0.65 0.5359375 0.6533333 0.5375 0.6533333 0.5552083 0.59166664 0.55572915 0.585 0.55364585 0.5708333 0.54895836 0.56166667 0.54375 0.55833334 0.5260417 0.5466667 0.5005208 0.52916664 0.4828125 0.51916665 0.48072916 0.5183333 0.46875 0.5325 0.46666667 0.5308333 0.46458334 0.53 0.46354166 0.53333336 0.46510416 0.535 0.46197918 0.5391667 0.4296875 0.5708333 0.4265625 0.5733333 0.41666666 0.57416666 0.4109375 0.57166666 0.39479166 0.54083335 0.3546875 0.46083334
8 0.5203125 0.47 0.5307292 0.47916666 0.54375 0.485 0.5619792 0.5 0.5630208 0.5058333 0.5630208 0.51 0.5651042 0.5258333 0.5651042 0.54083335 0.56458336 0.56166667 0.56354165 0.57 0.5640625 0.58916664 0.5651042 0.6016667 0.5671875 0.61833334 0.5677083 0.62333333 0.5677083 0.64 0.565625 0.6475 0.5619792 0.6533333 0.54791665 0.65416664 0.5395833 0.6533333 0.5390625 0.6533333 0.5390625 0.6483333 0.54583335 0.62416667 0.5552083 0.59166664 0.55572915 0.585 0.55364585 0.5708333 0.54895836 0.56166667 0.5416667 0.5566667 0.5265625 0.5466667 0.50416666 0.5316667 0.496875 0.52666664 0.48072916 0.5175 0.50364584 0.4925
8 0.0 0.62916666 0.033333335 0.56166667 0.0390625 0.5541667 0.059895832 0.50416666 0.083333336 0.495 0.088541664 0.49416667 0.098958336 0.50666666 0.11145833 0.52416664 0.115625 0.53583336 0.128125 0.55 0.16875 0.5925 0.17135416 0.635 0.17239584 0.6525 0.17604166 0.66 0.1828125 0.6675 0.23541667 0.6508333 0.2390625 0.6525 0.24375 0.66583335 0.24427083 0.67333335 0.24166666 0.6875 0.2359375 0.7008333 0.21927084 0.73 0.21510416 0.7425 0.21458334 0.7525 0.215625 0.7608333 0.21197917 0.7733333 0.19479166 0.8208333 0.190625 0.8325 0.18541667 0.8375 0.18229167 0.8408333 0.1765625 0.8408333 0.17395833 0.8408333 0.15729167 0.81916666 0.140625 0.7991667 0.11666667 0.7758333 0.10364583 0.76166666 0.0921875 0.75416666 0.0859375 0.74833333 0.07395833 0.7325 0.044270832 0.71166664 0.044270832 0.7075 0.04375 0.7058333 0.0421875 0.70666665 0.041145835 0.7075 0.040104166 0.7083333 0.030729167 0.7 0.011979166 0.68666667 0.0 0.6791667
8 0.24010417 0.65 0.25260416 0.64666665 0.25104168 0.65 0.246875 0.66 0.24427083 0.6725 0.24375 0.665 0.23958333 0.6533333 0.2359375 0.6508333
8 0.134375 0.47083333 0.15052083 0.46 0.1546875 0.45833334 0.1609375 0.4575 0.16197917 0.45833334 0.15885417 0.4625 0.15625 0.46833333 0.15625 0.47166666 0.159375 0.5058333 0.16302083 0.51916665 0.165625 0.52916664 0.1671875 0.535 0.16614583 0.56083333 0.16770834 0.5775 0.16927083 0.5933333 0.128125 0.55 0.115625 0.53583336 0.11145833 0.52416664 0.0953125 0.5025 0.10104167 0.48583335
8 0.17760417 0.44916666 0.2125 0.44166666 0.26979166 0.42666668 0.296875 0.4225 0.30729166 0.41583332 0.33229166 0.40916666 0.3375 0.4775 0.34114584 0.49916667 0.34635416 0.5341667 0.353125 0.56916666 0.35729167 0.6075 0.3578125 0.62333333 0.34427083 0.6325 0.3375 0.635 0.33385417 0.635 0.32760417 0.63166666 0.3234375 0.62833333 0.3109375 0.63166666 0.30885416 0.63166666 0.28489584 0.6383333 0.28072917 0.6358333 0.275 0.6358333 0.2609375 0.64166665 0.253125 0.64666665 0.2359375 0.6508333 0.18333334 0.6666667 0.17604166 0.66 0.17239584 0.6533333 0.16927083 0.59166664 0.16614583 0.56083333 0.1671875 0.5341667 0.15885417 0.505 0.15572916 0.4725 0.15572916 0.46833333 0.16041666 0.45916668 0.1625 0.45833334 0.16979167 0.45333335
8 0.24322917 0.4125 0.27760416 0.425 0.26979166 0.42666668 0.23072916 0.4375 0.2109375 0.4425 0.17864583 0.44833332 0.184375 0.44416666 0.19322917 0.4425 0.20364584 0.4425 0.20677084 0.44166666 0.215625 0.43666667 0.21979167 0.43666667 0.228125 0.435 0.23541667 0.43166667 0.2421875 0.42083332 0.24322917 0.41416666
8 0.2234375 0.24833333 0.3046875 0.30333334 0.32604167 0.31833333 0.33385417 0.32583332 0.33802083 0.33833334 0.33854166 0.34583333 0.33177084 0.3675 0.32291666 0.39416668 0.31145832 0.415 0.30677083 0.41666666 0.296875 0.4225 0.27760416 0.425 0.24322917 0.4125 0.2421875 0.4 0.23333333 0.36 0.22760417 0.35166666 0.22395833 0.34916666 0.22291666 0.345 0.221875 0.34166667 0.22135417 0.33916667 0.22135417 0.33666667 0.2234375 0.3275 0.22760417 0.31583333 0.228125 0.30166668 0.22604166 0.26833335 0.225 0.25666666
8 0.017708333 0.30166668 0.013020833 0.31083333 0.010416667 0.3225 0.008854167 0.33833334 0.0072916667 0.35833332 0.0203125 0.48916668 0.028125 0.5025 0.0359375 0.5075 0.043229166 0.5075 0.059895832 0.50333333 0.086979166 0.49416667 0.086979166 0.49083334 0.0875 0.48916668 0.088541664 0.48666668 0.090625 0.49083334 0.1015625 0.485 0.134375 0.47083333 0.15052083 0.46 0.15416667 0.45833334 0.15729167 0.4575 0.1609375 0.4575 0.16197917 0.45833334 0.16197917 0.45833334 0.16927083 0.45333335 0.17864583 0.44833332 0.184375 0.44416666 0.19375 0.44166666 0.20364584 0.4425 0.20677084 0.44166666 0.215625 0.4375 0.228125 0.435 0.2359375 0.43166667 0.24270834 0.42083332 0.24322917 0.41416666 0.24322917 0.4125 0.2421875 0.4 0.23333333 0.36083335 0.22760417 0.35166666 0.22447917 0.34916666 0.22135417 0.34 0.22083333 0.33833334 0.22135417 0.33666667 0.2234375 0.32666665 0.22760417 0.31583333 0.228125 0.3025 0.2265625 0.27916667 0.22447917 0.255 0.2234375 0.2475 0.22135417 0.24 0.21822916 0.235 0.21510416 0.23 0.2109375 0.2275 0.20833333 0.22916667 0.20416667 0.23083334 0.2015625 0.23166667 0.16822916 0.25333333 0.1484375 0.26083332 0.13854167 0.26666668 0.125 0.27166668 0.11927083 0.27416667 0.100520834 0.27416667 0.09322917 0.27833334 0.08802083 0.2825 0.08020833 0.285 0.07083333 0.28666666 0.0703125 0.28916666 0.06979167 0.29083332 0.06875 0.2925 0.067708336 0.29166666 0.06614583 0.29083332 0.065625 0.28916666 0.065625 0.28666666 0.04375 0.29166666 0.028645834 0.29583332
8 0.15 0.25833333 0.190625 0.22666667 0.19322917 0.225 0.1953125 0.225 0.19895834 0.22666667 0.20260416 0.23166667 0.17760417 0.24666667 0.16770834 0.25333333 0.1484375 0.26083332
8 0.3375 0.21333334 0.35364583 0.215 0.371875 0.22 0.38958332 0.22166666 0.39270833 0.22333333 0.36927083 0.29916668 0.3875 0.31916666 0.39479166 0.32416666 0.41822916 0.33416668 0.421875 0.335 0.40677083 0.34583333 0.38697916 0.36333334 0.3875 0.37 0.3859375 0.3725 0.3828125 0.36916667 0.35208333 0.405 0.34270832 0.42 0.34166667 0.4275 0.34270832 0.43666667 0.35 0.45 0.34635416 0.47 0.340625 0.49583334 0.3375 0.47833332 0.3328125 0.40916666 0.31145832 0.415 0.32291666 0.39416668 0.3328125 0.36416668 0.3390625 0.34583333 0.33802083 0.3375 0.33333334 0.325 0.32604167 0.3175 0.32135418 0.31416667 0.3234375 0.2975 0.3265625 0.23833333 0.32864583 0.225
8 0.42291668 0.33583334 0.46197918 0.36833334 0.4703125 0.3725 0.4640625 0.3975 0.4625 0.40916666 0.4640625 0.42083332 0.46614584 0.43 0.48854166 0.44833332 0.5203125 0.46916667 0.5026042 0.49416667 0.4796875 0.5183333 0.46875 0.5325 0.46666667 0.53 0.46458334 0.53 0.4640625 0.53333336 0.46510416 0.535 0.46145833 0.5391667 0.42864582 0.57166666 0.42760417 0.5733333 0.41666666 0.57416666 0.4109375 0.5725 0.36145833 0.47333333 0.34322917 0.43666667 0.34166667 0.4275 0.34270832 0.42 0.35208333 0.405 0.38229167 0.36916667 0.3859375 0.3725 0.3875 0.36916667 0.38697916 0.36333334 0.40833333 0.34416667 0.421875 0.335
8 0.44791666 0.093333334 0.43385416 0.08583333 0.42395833 0.08833333 0.4203125 0.0925 0.4171875 0.09583333 0.40416667 0.16333333 0.4 0.18666667 0.39947918 0.19833334 0.39166668 0.2275 0.36927083 0.3 0.39010417 0.32166666 0.3953125 0.32416666 0.421875 0.335 0.4546875 0.36166668 0.4625 0.36916667 0.47083333 0.37416667 0.49479166 0.2825 0.5072917 0.24833333 0.5130208 0.24166666 0.5229167 0.23583333 0.5385417 0.175 0.5364583 0.15583333 0.5317708 0.1475 0.52552086 0.14 0.503125 0.12916666 0.4859375 0.11833333 0.465625 0.10166667 0.46145833 0.09916667
8 0.52447915 0.2375 0.52916664 0.23916666 0.5625 0.27416667 0.5625 0.2825 0.5677083 0.28166667 0.58697915 0.30666667 0.6255208 0.33833334 0.65833336 0.36833334 0.6869792 0.39 0.69166666 0.39416668 0.6953125 0.40666667 0.69375 0.42333335 0.68541664 0.44583333 0.67083335 0.485 0.65 0.56583333 0.65052086 0.57166666 0.64375 0.5758333 0.6333333 0.57416666 0.628125 0.5708333 0.61302084 0.55333334 0.5619792 0.50083333 0.54322916 0.48416665 0.5307292 0.47916666 0.51979166 0.46833333 0.503125 0.45833334 0.48802084 0.44833332 0.47291666 0.43583333 0.46666667 0.43 0.46197918 0.40916666 0.46302083 0.4 0.47291666 0.36666667 0.49479166 0.28416666 0.5072917 0.24916667 0.51197916 0.24083333 0.51666665 0.23833333
8 0.6015625 0.2125 0.5755208 0.22083333 0.5625 0.22166666 0.5546875 0.22833334 0.54895836 0.24083333 0.54895836 0.24666667 0.55052084 0.26166666 0.5630208 0.27416667 0.5625 0.2825 0.5677083 0.28166667 0.58697915 0.30583334 0.60572916 0.3225 0.659375 0.36833334 0.6890625 0.39166668 0.69166666 0.39416668 0.6921875 0.39583334 0.71458334 0.38833332 0.7473958 0.3875 0.7552083 0.38666666 0.76458335 0.38 0.76927084 0.365 0.7526042 0.29166666 0.74635416 0.26083332 0.74114585 0.2475 0.7484375 0.22 0.7494792 0.2 0.7473958 0.18583333 0.74375 0.18666667 0.7171875 0.195 0.684375 0.20416667 0.66979164 0.20416667 0.61614585 0.21333334 0.60572916 0.21416667 0.60520834 0.21833333 0.6020833 0.21916667 0.6020833 0.21666667
8 0.4390625 0.84583336 0.44375 0.85583335 0.44791666 0.86 0.46510416 0.86083335 0.48333332 0.8591667 0.47864583 0.88 0.47395834 0.8825 0.48020834 0.8983333 0.48072916 0.9033333 0.48020834 0.9141667 0.47604167 0.9216667 0.46302083 0.92833334 0.45 0.93833333 0.4375 0.94166666 0.4296875 0.93833333 0.41510418 0.93083334 0.42083332 0.9125 0.42135417 0.90833336 0.4359375 0.8591667 0.43697917 0.85083336
