14 0.48229167 0.35083333 0.47395834 0.37083334 0.46822917 0.37083334 0.46458334 0.37416667 0.46354166 0.37833333 0.465625 0.38083333 0.46041667 0.38916665 0.48697916 0.43333334 0.50104165 0.46 0.50885415 0.4375 0.5151042 0.42166665 0.5296875 0.39083335 0.53541666 0.375
14 0.53802085 0.29 0.59270835 0.3225 0.6171875 0.3325 0.62135416 0.33166668 0.63072914 0.32166666 0.6510417 0.33333334 0.6265625 0.44416666 0.60729164 0.43416667 0.5942708 0.40833333 0.565625 0.39333335 0.5359375 0.37416667 0.47864583 0.34916666
14 0.6296875 0.2025 0.6098958 0.21666667 0.5161458 0.31166667 0.47760418 0.34833333 0.48177084 0.35083333 0.471875 0.36666667 0.46614584 0.37 0.46354166 0.375 0.46458334 0.38083333 0.46145833 0.385 0.4546875 0.39333335 0.43125 0.33166668 0.41979167 0.29416665 0.41979167 0.27583334 0.44010416 0.27583334 0.53229165 0.18583333 0.58802086 0.125 0.60260415 0.09 0.6197917 0.0725 0.6265625 0.096666664 0.65052086 0.16916667 0.6588542 0.18916667 0.64166665 0.20083334
14 0.5453125 0.15833333 0.49427083 0.13416667 0.48385417 0.1275 0.46822917 0.13 0.45416668 0.1125 0.471875 0.086666666 0.4921875 0.048333332 0.503125 0.024166666 0.50625 0.026666667 0.5072917 0.04083333 0.5104167 0.045833334 0.6020833 0.0925 0.5859375 0.1275 0.5552083 0.16166666
14 0.55572915 0.06333333 0.5932292 0.03 0.5963542 0.013333334 0.6020833 0.0 0.6119792 0.0 0.62395835 0.0325 0.64739585 0.10166667 0.63958335 0.1075 0.6302083 0.10666667 0.62083334 0.071666665 0.6020833 0.09166667 0.5541667 0.06666667
14 0.65 0.115 0.67604166 0.12833333 0.68385416 0.12833333 0.69375 0.12583333 0.696875 0.11833333 0.69947916 0.12583333 0.6859375 0.19833334 0.68177086 0.22 0.67291665 0.22333333 0.63854164 0.20333333 0.6421875 0.20166667 0.6588542 0.18916667 0.62916666 0.10666667 0.640625 0.108333334
14 0.63489586 0.20583333 0.6453125 0.22 0.6515625 0.21166667 0.63645834 0.20083334
14 0.63072914 0.20666666 0.6255208 0.22333333 0.61614585 0.21166667 0.6296875 0.2025
14 0.6125 0.21833333 0.65416664 0.24 0.671875 0.235 0.68125 0.2375 0.6770833 0.275 0.6588542 0.32 0.653125 0.33583334 0.65260416 0.3325 0.6302083 0.32 0.5484375 0.28083333 0.6109375 0.215
14 0.53697914 0.18083334 0.49166667 0.16 0.48645833 0.1525 0.48385417 0.13416667 0.4765625 0.13083333 0.47083333 0.155 0.45625 0.20166667 0.44166666 0.24583334 0.46041667 0.24083333 0.475 0.24166666
14 0.49375 0.135 0.5307292 0.1525 0.553125 0.16166666 0.5364583 0.18083334 0.4921875 0.15916666 0.4859375 0.155 0.48697916 0.1425
14 0.46770832 0.1575 0.44114584 0.18583333 0.43020833 0.185 0.425 0.18166667 0.42083332 0.19 0.42864582 0.21916667 0.44166666 0.24666667 0.4703125 0.15666667
14 0.43020833 0.3275 0.41770834 0.32416666 0.40572917 0.32833335 0.39739582 0.32583332 0.4140625 0.2375 0.41927084 0.21583334 0.43020833 0.22333333 0.44114584 0.24583334 0.45989582 0.24083333 0.47395834 0.2425 0.44114584 0.27416667 0.41979167 0.275 0.4203125 0.29333332
14 0.5755208 0.6533333 0.56458336 0.665 0.5578125 0.6625 0.55364585 0.6533333 0.55677086 0.62916666 0.5765625 0.5825 0.590625 0.555 0.6 0.56 0.61145836 0.585 0.61510414 0.5975 0.6333333 0.61 0.72760415 0.7075 0.74427086 0.7183333 0.76197916 0.7266667 0.7682292 0.73083335 0.78020835 0.7425 0.75572914 0.7916667 0.746875 0.81916666 0.7447917 0.8275 0.74583334 0.83916664 0.73645836 0.8358333 0.7296875 0.8308333 0.7239583 0.8225 0.71302086 0.7941667 0.63072914 0.7108333 0.578125 0.6566667
