2 0.24270834 0.6741667 0.2859375 0.7266667 0.3265625 0.7825 0.3328125 0.7891667 0.35729167 0.74333334 0.4296875 0.59833336 0.4328125 0.59 0.33072916 0.6333333 0.25572917 0.66833335
2 0.21614583 0.68666667 0.225 0.7558333 0.2890625 0.7325 0.2890625 0.7325 0.284375 0.72583336 0.271875 0.7108333 0.24635416 0.6791667 0.24166666 0.67333335 0.221875 0.68333334
2 0.38072917 0.69916666 0.46302083 0.6666667 0.44947916 0.55583334 0.43697917 0.58 0.43802083 0.58666664 0.43333334 0.58916664 0.42916667 0.6 0.38541666 0.6875 0.38020834 0.69916666
2 0.4328125 0.41166666 0.46458334 0.44666666 0.48802084 0.47416666 0.43854168 0.5758333 0.43697917 0.57916665 0.4265625 0.52666664 0.41822916 0.47333333 0.41197917 0.43416667 0.4015625 0.3725
2 0.3296875 0.33416668 0.34479168 0.30166668 0.35885417 0.31833333 0.346875 0.325 0.33489582 0.3325 0.32916668 0.335
2 0.415625 0.38916665 0.42395833 0.3875 0.4265625 0.40416667 0.41822916 0.3925
2 0.60364586 0.52916664 0.61875 0.5375 0.81927085 0.6766667 0.84010416 0.6 0.8880208 0.45666668 0.8901042 0.42083332 0.88072914 0.41 0.865625 0.39333335 0.85052085 0.38666666 0.8354167 0.38166666 0.8020833 0.35916665 0.78489584 0.345 0.7671875 0.3275 0.68854165 0.27 0.68385416 0.2675 0.6197917 0.475
2 0.6223958 0.46333334 0.5864583 0.45583335 0.5963542 0.315 0.59947914 0.25083333 0.60260415 0.16833334 0.6567708 0.17416666 0.7760417 0.19166666 0.8171875 0.1975 0.8484375 0.205 0.84375 0.28333333 0.83697915 0.38083333 0.83697915 0.38166666 0.83385414 0.38083333 0.81354165 0.36666667 0.8020833 0.35916665 0.7807292 0.34 0.76770836 0.32666665 0.73229164 0.30166668 0.69114584 0.27083334 0.6890625 0.27 0.68385416 0.2675 0.6359375 0.42083332
2 0.66770834 0.57666665 0.69895834 0.6533333 0.7328125 0.6175 0.66770834 0.57166666
2 0.66614586 0.5758333 0.68333334 0.6458333 0.69375 0.6408333 0.66770834 0.5775 0.66770834 0.57666665
2 0.8421875 0.30916667 0.8375 0.38166666 0.8489583 0.38583332 0.865625 0.3925 0.8901042 0.42 0.85 0.33166668
2 0.8890625 0.44916666 0.8979167 0.4425 0.890625 0.42166665 0.88958335 0.43416667 0.88854164 0.44916666
2 0.1546875 0.40666667 0.2609375 0.365 0.33385417 0.33333334 0.38802084 0.30083334 0.38958332 0.30083334 0.42760417 0.53333336 0.43802083 0.58666664 0.33697918 0.62916666 0.215625 0.68583333 0.20625 0.69083333 0.19895834 0.6475 0.1703125 0.51166666 0.16822916 0.485 0.15729167 0.42916667
