11 0.18802084 0.21 0.14739583 0.2025 0.14479166 0.225 0.14427084 0.24083333 0.1359375 0.37083334 0.13229166 0.43166667 0.13125 0.45916668 0.1359375 0.47083333 0.153125 0.47416666 0.25260416 0.48083332 0.34895834 0.49083334 0.3625 0.48166665 0.365625 0.425 0.35989583 0.2225 0.34791666 0.22166666 0.30885416 0.2275 0.24010417 0.24583334 0.22447917 0.24916667 0.203125 0.22333333 0.19791667 0.2175
5 0.35677084 0.17333333 0.246875 0.19583334 0.23385416 0.20666666 0.2109375 0.23083334 0.2234375 0.24833333 0.31041667 0.2275 0.35364583 0.2225 0.36041668 0.2225 0.36510417 0.44666666 0.41302082 0.44416666 0.40208334 0.38583332 0.38125 0.32 0.365625 0.27833334 0.38854167 0.26166666 0.36197916 0.1875
8 0.4234375 0.10166667 0.35677084 0.15083334 0.35416666 0.16416667 0.3578125 0.17666666 0.38802084 0.26166666 0.4859375 0.195 0.50572914 0.1775 0.49427083 0.14916667 0.4859375 0.11833333 0.48177084 0.08583333 0.471875 0.0725 0.46145833 0.06583333 0.446875 0.0775
5 0.540625 0.15 0.5046875 0.17833333 0.44114584 0.225 0.38489583 0.265 0.36510417 0.27916667 0.40364584 0.39166668 0.4234375 0.46416667 0.44895834 0.59166664 0.45833334 0.5933333 0.5385417 0.5341667 0.6197917 0.47416666 0.60833335 0.44583333 0.5890625 0.41416666 0.5734375 0.36583334 0.56458336 0.31166667 0.56041664 0.26833335 0.5473958 0.21 0.5463542 0.17333333
6 0.56354165 0.096666664 0.5578125 0.14916667 0.5473958 0.19166666 0.55 0.2225 0.56145835 0.265 0.59375 0.26583335 0.59583336 0.255 0.60364586 0.2575 0.61614585 0.26833335 0.69739586 0.2125 0.7036458 0.14083333 0.6645833 0.13083333 0.56875 0.093333334
14 0.76927084 0.16416667 0.6140625 0.27 0.60260415 0.25416666 0.59479165 0.25416666 0.5942708 0.27416667 0.6140625 0.3725 0.6234375 0.36083335 0.6609375 0.33 0.78541666 0.23916666 0.80104166 0.25166667 0.8098958 0.24416667 0.80677086 0.23166667 0.79322916 0.19166666 0.7828125 0.155 0.77135414 0.15416667 0.76770836 0.1575
2 0.82916665 0.26583335 0.8541667 0.33416668 0.8484375 0.33 0.81875 0.275
2 0.840625 0.49 0.7682292 0.5858333 0.87083334 0.5425 0.8734375 0.5325 0.86510414 0.4775 0.8609375 0.47083333 0.8515625 0.47833332
13 0.8859375 0.44666666 0.8541667 0.47583333 0.821875 0.5133333 0.74583334 0.6116667 0.73125 0.62166667 0.71875 0.6141667 0.6692708 0.5025 0.64479166 0.46083334 0.6432292 0.44583333 0.6510417 0.43166667 0.7630208 0.2975 0.790625 0.25833333 0.7994792 0.25166667 0.80833334 0.25333333 0.82395834 0.28333333 0.8854167 0.40166667 0.8911458 0.415 0.8921875 0.435
2 0.6458333 0.35 0.76145834 0.29916668 0.64270836 0.445 0.64479166 0.45916668 0.66510415 0.49833333 0.6953125 0.55833334 0.7171875 0.61083335 0.6536458 0.6383333 0.6203125 0.44 0.60833335 0.36833334 0.6125 0.36916667 0.61822915 0.36666667 0.62604165 0.35916665
4 0.40260416 0.555 0.384375 0.56416667 0.36927083 0.575 0.35416666 0.5933333 0.34583333 0.6333333 0.346875 0.675 0.35833332 0.715 0.37708333 0.7391667 0.403125 0.75333333 0.42864582 0.75 0.4546875 0.7225 0.46770832 0.68333334 0.4765625 0.6716667 0.51927084 0.65166664 0.5708333 0.63416666 0.578125 0.62583333 0.57916665 0.61083335 0.5729167 0.5675 0.56614584 0.5575 0.5395833 0.5683333 0.46145833 0.5941667 0.4484375 0.5933333 0.43541667 0.565 0.4140625 0.555
9 0.13229166 0.38416666 0.0828125 0.5083333 0.07083333 0.5391667 0.06875 0.55833334 0.0515625 0.55833334 0.030729167 0.565 0.0 0.56666666 0.0 0.16833334 0.13645834 0.1875 0.13854167 0.18666667 0.14375 0.24333334 0.140625 0.29333332 0.1359375 0.36416668
