14 0.48229167 0.19416666 0.475 0.205 0.46510416 0.1925 0.4796875 0.1525 0.4890625 0.13333334 0.49375 0.11833333 0.5072917 0.1075 0.509375 0.1125 0.50572914 0.12 0.6276042 0.22916667 0.6614583 0.26583335 0.67083335 0.25 0.68177086 0.255 0.6671875 0.3025 0.6588542 0.32333332 0.63697916 0.34166667 0.63177085 0.32333332 0.6203125 0.3175 0.48958334 0.195
14 0.33020833 0.22583333 0.32395834 0.2175 0.31927082 0.2025 0.3125 0.17583333 0.32239583 0.18 0.32760417 0.19 0.3421875 0.16666667 0.346875 0.15416667 0.3515625 0.15666667 0.38125 0.18833333 0.41614583 0.24083333 0.46197918 0.31666666 0.47864583 0.335 0.48802084 0.35 0.4921875 0.35166666 0.496875 0.35166666 0.50208336 0.3625 0.49270833 0.37083334 0.45364583 0.41583332 0.44270834 0.4275 0.43958333 0.425 0.43697917 0.42166665 0.4421875 0.4075 0.43125 0.38416666
14 0.25989583 0.40666667 0.24947916 0.3975 0.23854166 0.38416666 0.23802084 0.37833333 0.25625 0.36166668 0.28020832 0.34833333 0.296875 0.345 0.30833334 0.3425 0.30729166 0.35166666 0.3015625 0.355 0.30520833 0.365 0.3140625 0.39666668 0.38125 0.5833333 0.38645834 0.60083336 0.39114583 0.605 0.40052083 0.62083334 0.40729168 0.62416667 0.40833333 0.62916666 0.38177082 0.64666665 0.37708333 0.6525 0.36614582 0.6591667 0.36041668 0.6475 0.35208333 0.665 0.34479168 0.67083335 0.3390625 0.67833334 0.33541667 0.66333336 0.34375 0.6425 0.33333334 0.62166667 0.27916667 0.4625
14 0.38385418 0.78583336 0.3390625 0.74666667 0.32604167 0.7425 0.321875 0.745 0.32239583 0.7316667 0.33072916 0.705 0.34947917 0.66833335 0.353125 0.6641667 0.36041668 0.6483333 0.36875 0.6691667 0.3640625 0.6741667 0.4375 0.7341667 0.50885415 0.7966667 0.5317708 0.8066667 0.5416667 0.81333333 0.55052084 0.8183333 0.5395833 0.835 0.5234375 0.85333335 0.515625 0.8575 0.51197916 0.8666667 0.5125 0.87083334 0.51927084 0.88666666 0.521875 0.895 0.50989586 0.8858333 0.49322918 0.8725 0.43125 0.8258333
14 0.35833332 0.8616667 0.26197916 0.8025 0.23645833 0.80583334 0.253125 0.74083334 0.26302084 0.6975 0.27552083 0.7125 0.34270832 0.76166666 0.39270833 0.79333335 0.44635418 0.83916664 0.4546875 0.8441667 0.43697917 0.9291667 0.42291668 0.9175 0.42447916 0.91333336 0.421875 0.9
14 0.50208336 0.88416666 0.46875 1.0 0.40989584 1.0 0.43125 0.925 0.43697917 0.93 0.4546875 0.8441667 0.50208336 0.88
14 0.478125 0.76666665 0.48697916 0.7316667 0.49010417 0.71416664 0.5005208 0.7183333 0.503125 0.72333336 0.50104165 0.73333335 0.5234375 0.75333333 0.54010415 0.76916665 0.5416667 0.7816667 0.5359375 0.7841667 0.53229165 0.78333336 0.52708334 0.805 0.50885415 0.7975 0.47708333 0.76916665
14 0.5864583 0.7558333 0.51927084 0.9116667 0.50989586 0.92 0.5078125 0.9275 0.496875 0.93333334 0.48645833 0.9583333 0.49947917 0.97833335 0.5203125 1.0 0.5520833 1.0 0.5546875 0.9741667 0.5552083 0.96666664 0.65208334 0.75416666 0.65625 0.74916667 0.6703125 0.74 0.6703125 0.7316667 0.6614583 0.7158333 0.65729165 0.7225 0.64166665 0.70666665
14 0.5239583 0.75 0.52760416 0.7341667 0.5359375 0.7575 0.5390625 0.76666665 0.5234375 0.75166667
14 0.54895836 0.80083334 0.5395833 0.76916665 0.5265625 0.7291667 0.5130208 0.69083333 0.5182292 0.68916667 0.5265625 0.69 0.534375 0.69416666 0.6432292 0.6066667 0.71510416 0.60583335 0.721875 0.6308333 0.72239584 0.65416664 0.71770835 0.6575 0.7140625 0.64416665 0.6432292 0.70416665 0.6375 0.71 0.58385414 0.7575 0.56927085 0.76916665 0.5651042 0.7808333 0.5619792 0.785 0.5572917 0.79083335 0.5572917 0.79833335 0.55 0.8041667
14 0.4 0.7025 0.40572917 0.6816667 0.44427082 0.5975 0.4875 0.50666666 0.49010417 0.49583334 0.49166667 0.485 0.50625 0.505 0.5338542 0.53583336 0.5395833 0.54083335 0.47708333 0.66833335 0.44270834 0.7375
14 0.47760418 0.525 0.47291666 0.49333334 0.45677084 0.47083333 0.44895834 0.455 0.44791666 0.43916667 0.50625 0.42166665 0.5109375 0.41916665 0.5171875 0.42833334 0.5140625 0.43333334 0.50989586 0.43666667 0.50572914 0.45083332 0.49895832 0.45666668 0.48958334 0.46916667 0.4859375 0.48 0.490625 0.47833332 0.490625 0.48666668 0.48802084 0.505
14 0.509375 0.45 0.5026042 0.45583335 0.49322918 0.465 0.48697916 0.47833332 0.49166667 0.47916666 0.49739584 0.49 0.5375 0.5375 0.54270834 0.54583335 0.5484375 0.5475 0.553125 0.52416664 0.55677086 0.51416665 0.56354165 0.5083333 0.6119792 0.46083334 0.66979164 0.41083333 0.68854165 0.39666668 0.69114584 0.3875 0.69635415 0.38916665 0.70520836 0.40083334 0.7109375 0.38416666 0.70104164 0.36916667 0.66614586 0.31833333 0.6625 0.31833333 0.65989584 0.32333332 0.63645834 0.3425 0.58020836 0.3875 0.52708334 0.43 0.5203125 0.43833333 0.5130208 0.44416666
14 0.5234375 0.42833334 0.5171875 0.42833334 0.5130208 0.42 0.5161458 0.39166668 0.53541666 0.34083334 0.54479164 0.32666665 0.5520833 0.3375 0.55625 0.34833333 0.56458336 0.35583332 0.57239586 0.36 0.5921875 0.37666667 0.528125 0.43
14 0.653125 0.43083334 0.7239583 0.48583335 0.728125 0.49083334 0.74791664 0.49333334 0.7427083 0.51166666 0.7291667 0.5158333 0.70729166 0.5175 0.6411458 0.52 0.58958334 0.48416665 0.60625 0.46666667 0.6510417 0.4275
14 0.5416667 0.5491667 0.559375 0.6308333 0.5671875 0.6666667 0.53541666 0.6933333 0.52552086 0.69 0.5182292 0.68833333 0.51666665 0.68583333 0.5 0.6225 0.5390625 0.5416667
14 0.5729167 0.6075 0.56614584 0.61833334 0.5578125 0.625 0.55677086 0.6141667 0.553125 0.5233333 0.55833334 0.5133333 0.5640625 0.50916666 0.5630208 0.5158333 0.6322917 0.52166665 0.653125 0.52 0.7265625 0.5183333 0.74427086 0.51166666 0.7640625 0.4975 0.784375 0.5 0.7817708 0.625 0.76354164 0.62083334 0.7572917 0.60833335 0.7114583 0.60583335 0.63125 0.6066667
14 0.6791667 0.335 0.6765625 0.275 0.6828125 0.25416666 0.6744792 0.24916667 0.6713542 0.19083333 0.6723958 0.17 0.6671875 0.16 0.6640625 0.13916667 0.66614586 0.125 0.72552085 0.1225 0.73125 0.12666667 0.7270833 0.13916667 0.7265625 0.14583333 0.72291666 0.16 0.7296875 0.32916668 0.73541665 0.44416666 0.74322915 0.45583335 0.7395833 0.4775 0.71770835 0.48 0.67864585 0.45 0.68541664 0.43666667 0.68333334 0.40333334 0.68854165 0.3975 0.69114584 0.3875 0.6958333 0.38916665 0.70520836 0.4 0.71197915 0.38416666 0.68385416 0.34333333
14 0.40208334 0.22 0.38020834 0.1875 0.35729167 0.16166666 0.35104167 0.15666667 0.34322917 0.14666666 0.36979166 0.100833334 0.3875 0.0675 0.38802084 0.0575 0.40208334 0.068333335 0.40416667 0.07416666 0.41614583 0.111666664 0.4265625 0.1325 0.51770836 0.27333334 0.5385417 0.305 0.5463542 0.2975 0.5572917 0.30833334 0.5520833 0.31416667 0.53541666 0.3425 0.51354164 0.40166667 0.509375 0.3975 0.50208336 0.3825 0.49427083 0.37333333 0.50208336 0.36083335 0.496875 0.35083333 0.4921875 0.35166666 0.46197918 0.30333334
