17 0.19375 0.2225 0.159375 0.31333333 0.13020833 0.38833332 0.1296875 0.40083334 0.1296875 0.41083333 0.13229166 0.42166665 0.1375 0.43 0.16666667 0.4525 0.20208333 0.48 0.26770833 0.52666664 0.29322916 0.5466667 0.3015625 0.55333334 0.30833334 0.55333334 0.315625 0.5475 0.32083333 0.5416667 0.34270832 0.47 0.35260418 0.43416667 0.33489582 0.39833334 0.30833334 0.35333332 0.29895833 0.34333333 0.29739583 0.32166666 0.29583332 0.3125 0.28958333 0.295 0.28020832 0.2775 0.26666668 0.26583335 0.25 0.26083332 0.23177083 0.25333333 0.2234375 0.24666667 0.21927084 0.23833333 0.22291666 0.23 0.21770833 0.22 0.21354167 0.2175 0.20729166 0.21583334 0.2015625 0.21666667 0.19791667 0.22
17 0.14270833 0.35083333 0.1328125 0.34416667 0.12447917 0.345 0.114583336 0.35166666 0.10104167 0.39666668 0.07604167 0.47166666 0.07395833 0.48666668 0.072916664 0.49333334 0.058333334 0.52916664 0.044270832 0.56166667 0.040104166 0.585 0.040104166 0.5941667 0.0515625 0.6566667 0.06302083 0.6641667 0.07604167 0.6675 0.0921875 0.6675 0.114583336 0.66583335 0.12552084 0.6675 0.1375 0.71666664 0.140625 0.7291667 0.14947917 0.7266667 0.15833333 0.71666664 0.16666667 0.6875 0.17552084 0.6641667 0.18020834 0.6475 0.1953125 0.6066667 0.2140625 0.57 0.23020834 0.52916664 0.2390625 0.50666666 0.20677084 0.48416665 0.14114584 0.43333334 0.13541667 0.42583334 0.13229166 0.42 0.1296875 0.41166666 0.1296875 0.38833332 0.14427084 0.35
17 0.2 0.74916667 0.21302083 0.69 0.22135417 0.6525 0.2234375 0.6433333 0.22395833 0.62916666 0.23333333 0.565 0.23958333 0.51166666 0.24375 0.5108333 0.3 0.5525 0.30729166 0.5566667 0.3140625 0.5675 0.31927082 0.57916665 0.325 0.58666664 0.33177084 0.5908333 0.34375 0.6141667 0.34635416 0.6175 0.3546875 0.63916665 0.35885417 0.66 0.35677084 0.6616667 0.3484375 0.6575 0.34427083 0.6558333 0.3390625 0.6566667 0.34010416 0.6666667 0.34791666 0.7008333 0.35208333 0.71416664 0.3515625 0.74833333 0.34739584 0.7841667 0.34166667 0.73083335 0.33697918 0.7225 0.33125 0.7158333 0.325 0.715 0.28541666 0.7225 0.24322917 0.7341667 0.20104167 0.75083333
17 0.13385417 0.765 0.12916666 0.77166665 0.125 0.78333336 0.12552084 0.7916667 0.13177083 0.83 0.1375 0.855 0.13854167 0.87 0.14010416 0.88666666 0.140625 0.94666666 0.1421875 0.9866667 0.14427084 0.99333334 0.14895834 1.0 0.15520833 1.0 0.18489583 0.97583336 0.19895834 0.97083336 0.21510416 0.9608333 0.23645833 0.94 0.24895833 0.93 0.26302084 0.975 0.29166666 0.97083336 0.34427083 0.965 0.35104167 0.9633333 0.3546875 0.9558333 0.35833332 0.94666666 0.3609375 0.93416667 0.3609375 0.9225 0.3546875 0.8541667 0.346875 0.785 0.34166667 0.73 0.33697918 0.72083336 0.3296875 0.71416664 0.32291666 0.71416664 0.24375 0.7341667 0.20052083 0.75083333 0.18385416 0.7558333 0.15833333 0.75666666 0.14895834 0.7583333 0.1375 0.7625
17 0.26927084 1.0 0.26041666 0.9691667 0.2484375 0.93 0.23645833 0.94 0.21510416 0.9608333 0.19791667 0.9716667 0.184375 0.975 0.15520833 1.0
17 0.35625 0.8575 0.3609375 0.845 0.37395832 0.8233333 0.38958332 0.7916667 0.39791667 0.77916664 0.4015625 0.775 0.40625 0.77416664 0.41354167 0.77416664 0.43854168 0.8075 0.46614584 0.8516667 0.49010417 0.8975 0.50572914 0.9316667 0.50677085 0.94416666 0.5046875 0.9575 0.48489583 0.9875 0.47760418 1.0 0.2703125 1.0 0.26354167 0.97583336 0.33541667 0.9658333 0.35104167 0.96416664 0.35885417 0.94666666 0.3609375 0.93333334 0.36145833 0.92333335 0.3546875 0.85833335
17 0.50677085 0.9533333 0.5203125 0.9533333 0.5375 0.9625 0.5484375 0.97 0.5572917 0.9766667 0.56666666 1.0 0.47708333 1.0 0.5046875 0.9575
17 0.59375 0.93583333 0.55260414 0.9725 0.546875 0.9683333 0.540625 0.96416664 0.53020835 0.95916665 0.51927084 0.9533333 0.50625 0.9525 0.50677085 0.9458333 0.50572914 0.9316667 0.49375 0.90416664 0.48020834 0.87833333 0.48125 0.875 0.50104165 0.85333335 0.51770836 0.83666664 0.5625 0.78333336 0.57135415 0.7725 0.57395834 0.765 0.575 0.7558333 0.5729167 0.74583334 0.5546875 0.7075 0.56354165 0.7 0.5828125 0.7575 0.6041667 0.81583333 0.59791666 0.8975 0.5942708 0.935
17 0.59791666 1.0 0.56666666 1.0 0.5572917 0.9775 0.553125 0.97333336 0.59375 0.93666667 0.59010416 0.98 0.59270835 0.98833334 0.59479165 0.99333334 0.596875 0.9975
17 0.6578125 0.685 0.64270836 0.68416667 0.6322917 0.6816667 0.6234375 0.6791667 0.61875 0.6816667 0.6140625 0.69 0.6119792 0.70166665 0.6125 0.71166664 0.6145833 0.73833334 0.6119792 0.75 0.60729164 0.7875 0.6041667 0.8183333 0.59010416 0.98 0.5942708 0.9925 0.5984375 1.0 0.74791664 1.0 0.746875 0.93583333 0.75104165 0.8725 0.75208336 0.855 0.7515625 0.82916665 0.75572914 0.8125 0.7578125 0.8 0.759375 0.7891667 0.76145834 0.7425 0.76354164 0.7158333 0.76354164 0.70916665 0.7583333 0.69666666 0.753125 0.6933333 0.74322915 0.69 0.6802083 0.68666667 0.6640625 0.685
17 0.74010414 0.68833333 0.7515625 0.67083335 0.7572917 0.66333336 0.7609375 0.6616667 0.7682292 0.66083336 0.7734375 0.6616667 0.778125 0.6675 0.8046875 0.7225 0.82239586 0.76 0.8364583 0.7916667 0.8421875 0.805 0.84270835 0.81166667 0.83958334 0.83166665 0.84010416 0.835 0.84166664 0.83916664 0.84583336 0.8441667 0.85 0.8466667 0.859375 0.8491667 0.86927086 0.9066667 0.8671875 0.90833336 0.8625 0.9216667 0.8588542 0.93916667 0.85572916 0.9525 0.8510417 0.9625 0.8296875 1.0 0.7671875 1.0 0.75885415 0.9825 0.753125 0.96666664 0.7473958 0.95166665 0.7473958 0.93666667 0.75104165 0.875 0.7515625 0.85833335 0.7515625 0.82916665 0.75625 0.81 0.759375 0.78833336 0.76145834 0.7425 0.7640625 0.71416664 0.76354164 0.7083333 0.7583333 0.69666666 0.7526042 0.6925 0.7447917 0.69 0.7390625 0.69
17 0.6645833 0.68333334 0.69166666 0.6691667 0.71302086 0.66083336 0.7296875 0.66 0.7390625 0.6525 0.7395833 0.6458333 0.74114585 0.62833333 0.74114585 0.6166667 0.74635416 0.6066667 0.7609375 0.58916664 0.7708333 0.5783333 0.77916664 0.5708333 0.7838542 0.57 0.7885417 0.57166666 0.790625 0.575 0.7994792 0.59833336 0.8296875 0.6675 0.83489585 0.6816667 0.82395834 0.7225 0.8177083 0.74833333 0.78333336 0.68 0.7786458 0.66833335 0.7729167 0.6616667 0.76875 0.66083336 0.75989586 0.6616667 0.75625 0.6641667 0.7390625 0.68916667 0.7 0.6875 0.665625 0.68583333
17 0.9453125 0.68833333 0.9635417 0.69166666 0.97239584 0.69166666 0.98020834 0.6875 0.98802084 0.6816667 0.99375 0.6741667 1.0 0.67333335 1.0 0.91 0.98333335 0.9141667 0.9609375 0.9125 0.9380208 0.9175 0.9322917 0.92833334 0.92552084 0.9316667 0.915625 0.93416667 0.9046875 0.93833333 0.89270836 0.93833333 0.88177085 0.9325 0.87708336 0.9266667 0.871875 0.9166667 0.8697917 0.9066667 0.859375 0.8475 0.8484375 0.7475 0.8463542 0.72 0.85520834 0.7033333 0.86354166 0.695 0.871875 0.69166666 0.88697916 0.6875 0.9036458 0.68583333 0.915625 0.68666667 0.9234375 0.68833333 0.9291667 0.6933333 0.93333334 0.695 0.93854165 0.69416666 0.9421875 0.6925 0.94427085 0.69
17 0.83125 1.0 1.0 1.0 1.0 0.91 0.98333335 0.91333336 0.9604167 0.9125 0.93854165 0.9175 0.93177086 0.9291667 0.9234375 0.9325 0.91197914 0.93583333 0.9046875 0.93833333 0.89166665 0.93916667 0.8828125 0.93333334 0.87708336 0.9275 0.871875 0.9166667 0.86927086 0.9075 0.8666667 0.91 0.8640625 0.92 0.85520834 0.9533333 0.8296875 1.0
17 0.87395835 0.37 0.8776042 0.36666667 0.93177086 0.38083333 0.9927083 0.39666668 0.9994792 0.4025 1.0 0.5 0.98802084 0.55833334 0.984375 0.5683333 0.98020834 0.56666666 0.97760415 0.5783333 0.9796875 0.59 0.9890625 0.62166667 0.99322915 0.64916664 0.99583334 0.665 0.99375 0.6725 0.98854166 0.68083334 0.98333335 0.68583333 0.9734375 0.69 0.96197915 0.69 0.9421875 0.6875 0.92395836 0.6875 0.8822917 0.68416667 0.8520833 0.6775 0.8453125 0.6666667 0.84270835 0.65416664 0.84375 0.64416665 0.85052085 0.635 0.853125 0.62916666 0.85572916 0.6175 0.85572916 0.6091667 0.85 0.5925 0.8442708 0.58 0.84375 0.56916666 0.84375 0.54583335 0.8666667 0.5425 0.87864584 0.54083335 0.884375 0.53333336 0.8890625 0.5225 0.8734375 0.3725
17 0.98072916 0.11 0.97291666 0.108333334 0.959375 0.11333334 0.92552084 0.13166666 0.8802083 0.15583333 0.86354166 0.165 0.8578125 0.17 0.853125 0.17916666 0.85052085 0.19083333 0.8489583 0.19833334 0.8515625 0.2175 0.85833335 0.22833334 0.8734375 0.22583333 0.875 0.23666666 0.8734375 0.25666666 0.86822915 0.26916668 0.86614585 0.28166667 0.87291664 0.37 0.8776042 0.36833334 0.990625 0.3975 0.99895835 0.4025 1.0 0.2575 0.996875 0.1725 0.9921875 0.1225 0.9869792 0.1125
17 0.72239584 0.33 0.7203125 0.2925 0.71979165 0.26833335 0.7234375 0.25666666 0.7270833 0.24833333 0.821875 0.22666667 0.84739584 0.22166666 0.8541667 0.22583333 0.86041665 0.235 0.8666667 0.29333332 0.87864584 0.4225 0.88958335 0.5225 0.88489586 0.5341667 0.8776042 0.5416667 0.84375 0.5466667 0.7651042 0.57 0.7578125 0.5733333 0.7807292 0.5083333 0.7963542 0.47166666 0.80572915 0.44916666 0.8098958 0.4325 0.80677086 0.415 0.803125 0.40666667 0.72864586 0.33833334
17 0.88645834 0.15083334 0.884375 0.13583334 0.8703125 0.07833333 0.8625 0.050833333 0.8598958 0.035833333 0.8510417 0.0 0.73541665 0.0 0.7338542 0.0175 0.7359375 0.039166667 0.74114585 0.053333335 0.7453125 0.06916667 0.7473958 0.086666666 0.74583334 0.1375 0.75 0.21166667 0.75208336 0.2425 0.846875 0.22083333 0.8541667 0.225 0.85572916 0.22416666 0.8510417 0.21666667 0.8489583 0.19583334 0.85260415 0.17916666 0.85833335 0.16666667 0.865625 0.1625 0.88697916 0.15083334
17 0.540625 0.0 0.5421875 0.008333334 0.57395834 0.07833333 0.61875 0.16083333 0.625 0.17 0.6390625 0.17583333 0.64947915 0.1775 0.6770833 0.19666667 0.70520836 0.21166667 0.7114583 0.2125 0.72083336 0.20333333 0.7270833 0.18166667 0.74010414 0.10166667 0.7421875 0.0625 0.7359375 0.038333334 0.7338542 0.0125 0.73541665 0.0
17 0.475 0.17 0.44114584 0.2075 0.42291668 0.23166667 0.41458333 0.24333334 0.40520832 0.25083333 0.37760416 0.27333334 0.36875 0.28416666 0.346875 0.2975 0.33541667 0.30666667 0.33125 0.32 0.33541667 0.3425 0.34895834 0.36416668 0.36510417 0.43333334 0.39947918 0.5183333 0.40885416 0.52166665 0.41875 0.5133333 0.45208332 0.475 0.52552086 0.4025 0.55833334 0.36583334 0.565625 0.35583332 0.56666666 0.34833333 0.5671875 0.3375 0.5625 0.32166666 0.52135414 0.23083334 0.49583334 0.17666666 0.48802084 0.17 0.48125 0.16916667
17 0.47291666 0.5475 0.45572916 0.54083335 0.44010416 0.54333335 0.40572917 0.545 0.37552083 0.57416666 0.34635416 0.6166667 0.35520834 0.6408333 0.35833332 0.66 0.35677084 0.6625 0.34322917 0.6558333 0.37083334 0.70416665 0.3890625 0.735 0.38802084 0.7416667 0.39947918 0.7758333 0.4015625 0.775 0.41354167 0.7733333 0.4359375 0.80333334 0.46822917 0.8541667 0.4796875 0.87833333 0.48125 0.875 0.5171875 0.8375 0.55833334 0.7891667 0.571875 0.7708333 0.57395834 0.7625 0.575 0.75666666 0.57239586 0.7441667 0.5520833 0.7008333 0.51927084 0.6375 0.49114582 0.5858333 0.47708333 0.56083333 0.47291666 0.5516667
17 0.4796875 0.56416667 0.4734375 0.535 0.47239584 0.5233333 0.47291666 0.5158333 0.47916666 0.50333333 0.48177084 0.5 0.49375 0.495 0.5052083 0.4925 0.5171875 0.4925 0.52447915 0.49916667 0.5286458 0.49916667 0.534375 0.49583334 0.53802085 0.49166667 0.54010415 0.48916668 0.5421875 0.48583335 0.54322916 0.47833332 0.5442708 0.4725 0.5515625 0.46083334 0.5671875 0.44583333 0.584375 0.42083332 0.6098958 0.39333335 0.6203125 0.38333333 0.62708336 0.38166666 0.63697916 0.385 0.64427084 0.3975 0.64635414 0.4075 0.63854164 0.4375 0.62083334 0.4875 0.6078125 0.51166666 0.5942708 0.5475 0.59375 0.5541667 0.5942708 0.56416667 0.596875 0.5775 0.6177083 0.6016667 0.634375 0.6225 0.64635414 0.635 0.59947914 0.6716667 0.5625 0.7008333 0.5552083 0.7075 0.55104166 0.6983333 0.50625 0.6141667 0.4796875 0.56583333
17 0.6828125 0.6725 0.64635414 0.6358333 0.5630208 0.7008333 0.58020836 0.75 0.5911458 0.7808333 0.6041667 0.815 0.6109375 0.75166667 0.6140625 0.7391667 0.6119792 0.7025 0.61302084 0.69 0.6203125 0.68083334 0.6234375 0.6791667 0.6411458 0.68333334 0.66510415 0.685 0.66510415 0.6825 0.68333334 0.6741667
17 0.80260414 0.4075 0.74895835 0.35833332 0.7239583 0.3325 0.7203125 0.32916668 0.70520836 0.31416667 0.6984375 0.31 0.6947917 0.30916667 0.6880208 0.31083333 0.68125 0.315 0.66197914 0.3675 0.646875 0.40916666 0.63854164 0.43916667 0.6255208 0.475 0.62083334 0.4875 0.60729164 0.51166666 0.5932292 0.54833335 0.5942708 0.565 0.596875 0.5783333 0.6223958 0.6066667 0.64635414 0.635 0.68333334 0.67333335 0.71302086 0.66083336 0.728125 0.6591667 0.7359375 0.63416666 0.74114585 0.6166667 0.75989586 0.5675 0.78125 0.50666666 0.80572915 0.44916666 0.8098958 0.43333334 0.80677086 0.415
17 0.23072916 0.00083333335 0.22760417 0.0033333334 0.22447917 0.009166666 0.221875 0.06916667 0.21875 0.1475 0.21666667 0.195 0.2171875 0.19916667 0.21822916 0.20333333 0.221875 0.2075 0.2265625 0.21416667 0.23020834 0.21666667 0.2765625 0.22166666 0.2921875 0.2225 0.31354168 0.21583334 0.32135418 0.21 0.328125 0.20833333 0.33489582 0.20916666 0.3390625 0.215 0.34375 0.21833333 0.34739584 0.21833333 0.35364583 0.21833333 0.35989583 0.2175 0.36927083 0.2225 0.38177082 0.22416666 0.390625 0.225 0.396875 0.22416666 0.4015625 0.22166666 0.40572917 0.21666667 0.409375 0.2075 0.41145834 0.195 0.4171875 0.17833333 0.42708334 0.14416666 0.43489584 0.08 0.43489584 0.020833334 0.43125 0.013333334 0.4234375 0.00083333335 0.384375 0.0 0.37916666 0.004166667 0.36145833 0.006666667 0.32395834 0.0033333334 0.28072917 0.0 0.25572917 0.0
