13 0.5104167 0.00083333335 0.6635417 0.0 0.70208335 0.20333333 0.7057292 0.23583333 0.70208335 0.25083333 0.65416664 0.27333334 0.57395834 0.30583334 0.56145835 0.29583332 0.559375 0.27916667 0.5453125 0.20666666 0.515625 0.030833334 0.51197916 0.01
11 0.22395833 0.52916664 0.23125 0.49416667 0.2421875 0.46666667 0.24947916 0.44916666 0.25572917 0.4375 0.2578125 0.43416667 0.28125 0.47166666 0.29583332 0.49166667 0.32135418 0.54 0.34427083 0.58166665 0.35833332 0.59583336 0.36822918 0.62 0.37291667 0.635 0.35364583 0.6575 0.33802083 0.6716667 0.30364582 0.70916665 0.28802082 0.7325 0.27083334 0.75166667 0.24322917 0.78333336 0.2171875 0.805 0.20885417 0.795 0.18177083 0.745 0.15364583 0.67083335 0.13072917 0.62 0.12135417 0.60083336 0.15364583 0.5708333 0.1953125 0.545 0.21302083 0.5366667 0.2171875 0.5425 0.22135417 0.53333336
5 0.28229168 0.40833333 0.38541666 0.34083334 0.41822916 0.31833333 0.44791666 0.35666665 0.45729166 0.3825 0.471875 0.46333334 0.47760418 0.4825 0.48333332 0.4975 0.47708333 0.56166667 0.47552082 0.58416665 0.46614584 0.58416665 0.4078125 0.61083335 0.3734375 0.62916666 0.3609375 0.5941667 0.3453125 0.58 0.3109375 0.5175 0.29947916 0.49416667 0.27916667 0.4625 0.25989583 0.4325 0.265625 0.42416668 0.27083334 0.415
14 0.428125 0.19583334 0.5046875 0.28833333 0.54479164 0.34083334 0.5671875 0.36916667 0.5765625 0.38166666 0.5890625 0.38083333 0.60052085 0.37 0.61875 0.34416667 0.62916666 0.325 0.63125 0.3175 0.6171875 0.30583334 0.6109375 0.305 0.59947914 0.29833335 0.5734375 0.30833334 0.56041664 0.29916668 0.55625 0.275 0.55052084 0.23833333 0.53333336 0.21916667 0.50416666 0.1775 0.48645833 0.15333334 0.47083333 0.1325 0.46041667 0.11666667 0.4609375 0.1025 0.45260417 0.0975 0.43697917 0.13083333 0.41875 0.16666667 0.40885416 0.195 0.4140625 0.2 0.41927084 0.2
8 0.5734375 0.38833332 0.5328125 0.455 0.48697916 0.43333334 0.48333332 0.42916667 0.45677084 0.3725 0.45052084 0.355 0.42135417 0.31833333 0.378125 0.25 0.36822918 0.2275 0.36822918 0.21916667 0.36927083 0.20833333 0.37447917 0.19333333 0.39270833 0.17 0.42135417 0.135 0.43333334 0.108333334 0.44635418 0.086666666 0.45208332 0.08166666 0.4609375 0.07666667 0.47239584 0.08 0.4828125 0.11666667 0.49479166 0.14083333 0.5234375 0.18666667 0.546875 0.2275 0.5484375 0.23166667 0.5234375 0.20333333 0.4921875 0.1575 0.46666667 0.12166667 0.4625 0.11833333 0.46197918 0.09916667 0.45260417 0.09583333 0.43854168 0.12 0.42083332 0.16166666 0.409375 0.18416667 0.40677083 0.19583334 0.41458333 0.2 0.42083332 0.20166667 0.428125 0.19916667 0.4609375 0.24 0.53489584 0.33166668 0.5734375 0.38083333
6 0.7057292 0.24333334 0.7296875 0.3225 0.684375 0.35583332 0.6453125 0.3875 0.6328125 0.39666668 0.62604165 0.37916666 0.6223958 0.36583334 0.61927086 0.34583333 0.63177085 0.325 0.63177085 0.31833333 0.6302083 0.315 0.61875 0.30583334 0.6088542 0.30083334 0.60052085 0.29666665 0.68958336 0.26 0.7 0.25583333 0.7026042 0.2525
2 0.621875 0.4825 0.72291666 0.59 0.7765625 0.6458333 0.8015625 0.6741667 0.778125 0.7216667 0.7578125 0.76416665 0.73541665 0.8225 0.7135417 0.87916666 0.70416665 0.8958333 0.678125 0.87666667 0.5338542 0.7475 0.51770836 0.7325 0.54895836 0.6616667 0.584375 0.565 0.61614585 0.48666668
5 0.61354166 0.8225 0.5260417 0.7441667 0.5151042 0.7325 0.55260414 0.64666665 0.5854167 0.5575 0.61510414 0.4825 0.61510414 0.475 0.6088542 0.47333333 0.56822914 0.47 0.48958334 0.43833333 0.48802084 0.43833333 0.48229167 0.52416664 0.4765625 0.5941667 0.46927083 0.6308333 0.45208332 0.70416665 0.44479167 0.74333334 0.44010416 0.76416665 0.44479167 0.7733333 0.5161458 0.79583335 0.5833333 0.81916666 0.6125 0.83166665
5 0.621875 0.475 0.6614583 0.5225 0.66614586 0.4925 0.6640625 0.48833334 0.6510417 0.48833334 0.6432292 0.48333332 0.6322917 0.47583333
4 0.41822916 0.9941667 0.41822916 0.9775 0.4234375 0.95416665 0.44166666 0.92833334 0.46666667 0.91 0.48385417 0.9125 0.51197916 0.9266667 0.52552086 0.9483333 0.5338542 0.9775 0.53489584 0.9975
9 0.0 0.16666667 0.065625 0.17333333 0.14166667 0.19166666 0.1390625 0.2225 0.14375 0.24416667 0.13854167 0.35 0.134375 0.37166667 0.118229166 0.4175 0.08958333 0.49166667 0.07083333 0.5375 0.07239583 0.56083333 0.06666667 0.55833334 0.053125 0.56 0.039583333 0.5675 0.018229166 0.56583333 0.0 0.5708333
