4 0.36145833 0.43583333 0.33802083 0.5625 0.33020833 0.57 0.31770834 0.5783333 0.3109375 0.5825 0.29635417 0.5991667 0.2859375 0.62916666 0.28229168 0.65 0.2828125 0.68 0.284375 0.69666666 0.29166666 0.72333336 0.30104166 0.7425 0.32604167 0.7675 0.34791666 0.7708333 0.35833332 0.77 0.375 0.7583333 0.38229167 0.75166667 0.39479166 0.73083335 0.40260416 0.70916665 0.40625 0.68666667 0.4046875 0.6558333 0.40208334 0.6383333 0.396875 0.62 0.39010417 0.6041667 0.38541666 0.5925 0.38697916 0.5683333 0.4140625 0.4275 0.41197917 0.415 0.40677083 0.40916666 0.375 0.39333335 0.36770833 0.40166667 0.36302084 0.42583334
4 0.346875 0.49916667 0.33177084 0.5083333 0.32239583 0.5158333 0.3109375 0.5325 0.30364582 0.55 0.29947916 0.5683333 0.296875 0.5858333 0.296875 0.5991667 0.31041667 0.58166665 0.32864583 0.57166666 0.33802083 0.56333333 0.34947917 0.49833333
4 0.3984375 0.52166665 0.4078125 0.535 0.41510418 0.5541667 0.42083332 0.5758333 0.42239583 0.5925 0.421875 0.61333334 0.41979167 0.63 0.415625 0.64416665 0.4125 0.6575 0.40572917 0.6691667 0.40416667 0.655 0.4015625 0.63666666 0.39635417 0.62 0.38802084 0.60083336 0.38541666 0.5933333 0.38645834 0.57 0.39635417 0.52
4 0.36145833 0.37083334 0.35677084 0.38083333 0.3515625 0.39666668 0.34479168 0.4125 0.340625 0.4175 0.24427083 0.44916666 0.24010417 0.45833334 0.2390625 0.4625 0.240625 0.48583335 0.24583334 0.5158333 0.24739583 0.52 0.25104168 0.52416664 0.25572917 0.525 0.3453125 0.4975 0.34895834 0.49666667 0.3671875 0.40083334 0.375 0.39333335 0.40625 0.40916666 0.41145834 0.41416666 0.4140625 0.42833334 0.39635417 0.52 0.39947918 0.5225 0.40833333 0.5366667 0.41614583 0.5366667 0.428125 0.5316667 0.44375 0.52 0.453125 0.50333333 0.4609375 0.48916668 0.46614584 0.47333333 0.46927083 0.45416668 0.46979168 0.43416667 0.46875 0.4125 0.4625 0.39083335 0.45364583 0.37 0.44479167 0.35833332 0.43697917 0.34916666 0.41875 0.34 0.40520832 0.33666667 0.39322916 0.34 0.37916666 0.34916666 0.36979166 0.3575
4 0.63958335 0.555 0.6432292 0.5925 0.6432292 0.61583334 0.63645834 0.64166665 0.62708336 0.66333336 0.6171875 0.67833334 0.60520834 0.6875 0.5885417 0.6958333 0.5786458 0.69416666 0.56927085 0.695 0.5546875 0.68666667 0.54479164 0.6791667 0.53541666 0.6666667 0.5208333 0.63416666 0.5171875 0.6016667 0.51875 0.5733333 0.52447915 0.5475 0.53541666 0.5258333 0.546875 0.5075 0.56458336 0.49833333 0.5734375 0.49583334 0.596875 0.49666667 0.6223958 0.55833334 0.6265625 0.56083333 0.6328125 0.56083333
4 0.54270834 0.20333333 0.5578125 0.20333333 0.58125 0.21833333 0.59739584 0.2375 0.60625 0.2625 0.61145836 0.28583333 0.61145836 0.31166667 0.60833335 0.3375 0.60625 0.35333332 0.60520834 0.365 0.60833335 0.37666667 0.665625 0.5133333 0.6645833 0.5225 0.66197914 0.53 0.6380208 0.5566667 0.6328125 0.56 0.62708336 0.56083333 0.62291664 0.55833334 0.5953125 0.49333334 0.56614584 0.42583334 0.55833334 0.41333333 0.5494792 0.41 0.5364583 0.40916666 0.5161458 0.39583334 0.5046875 0.38416666 0.490625 0.3575 0.48489583 0.33416668 0.4828125 0.30166668 0.484375 0.28083333 0.49270833 0.25083333 0.50416666 0.22833334 0.5161458 0.21416667 0.53333336 0.20666666
4 0.67395836 0.35833332 0.68541664 0.37 0.70520836 0.39583334 0.70677084 0.40666667 0.70416665 0.41666666 0.659375 0.49916667 0.63125 0.43 0.66302085 0.36833334 0.66770834 0.36083335
4 0.7942708 0.63166666 0.79270834 0.6616667 0.7859375 0.69 0.7807292 0.7 0.77447915 0.715 0.7708333 0.72333336 0.7708333 0.7325 0.79583335 0.8925 0.7921875 0.9033333 0.7890625 0.90833336 0.75416666 0.9175 0.74895835 0.915 0.7447917 0.90166664 0.721875 0.7575 0.7140625 0.74083334 0.69114584 0.7225 0.6765625 0.6983333 0.66822916 0.6741667 0.6635417 0.6433333 0.66822916 0.60333335 0.6791667 0.57666665 0.6927083 0.5541667 0.715625 0.54 0.7328125 0.5391667 0.7473958 0.5425 0.7583333 0.55083334 0.76197916 0.5725 0.76666665 0.5908333 0.778125 0.6141667 0.7890625 0.6275
4 0.94635415 0.30583334 0.91614586 0.27833334 0.9125 0.27583334 0.90625 0.27833334 0.9010417 0.28166667 0.84270835 0.425 0.8307292 0.43666667 0.8052083 0.445 0.790625 0.45333335 0.7760417 0.47166666 0.76197916 0.50666666 0.7583333 0.54 0.7583333 0.5525 0.76145834 0.5683333 0.7651042 0.59 0.7765625 0.6116667 0.7890625 0.6275 0.796875 0.635 0.81614584 0.6433333 0.8359375 0.64416665 0.84947914 0.64 0.86614585 0.6275 0.88072914 0.60833335 0.8890625 0.5875 0.89375 0.56 0.8953125 0.54 0.8911458 0.5108333 0.8859375 0.49 0.8859375 0.47666666 0.95 0.32416666 0.95104164 0.31583333
4 0.9546875 0.3575 0.94322914 0.35083333 0.9390625 0.34916666 0.88697916 0.47333333 0.8859375 0.48916668 0.8911458 0.50916666 0.8958333 0.5391667 0.89375 0.5625 0.88854164 0.59 0.88072914 0.60833335 0.8666667 0.6275 0.8489583 0.64 0.846875 0.6433333 0.8364583 0.705 0.83958334 0.7125 0.8442708 0.7183333 0.87708336 0.73083335 0.88177085 0.73 0.8880208 0.7266667 0.91770834 0.5708333 0.9244792 0.5566667 0.95677084 0.5325 0.97552085 0.49833333 0.98541665 0.45833334 0.9859375 0.43083334 0.9817708 0.40583333 0.97239584 0.38 0.9614583 0.365
4 0.39427084 0.73083335 0.40520832 0.86 0.4015625 0.86833334 0.39739582 0.87166667 0.36510417 0.88 0.36041668 0.87666667 0.35729167 0.87166667 0.35625 0.865 0.34895834 0.77166665 0.35885417 0.76916665 0.371875 0.7625 0.38177082 0.75333333 0.3921875 0.73583335
