19 0.41302082 0.385 0.3828125 0.4225 0.3796875 0.43 0.37552083 0.43 0.35677084 0.47666666 0.34791666 0.5058333 0.31458333 0.5825 0.30625 0.605 0.30625 0.62 0.31197917 0.63166666 0.33697918 0.66833335 0.35416666 0.68833333 0.37864584 0.7291667 0.38541666 0.7416667 0.39427084 0.7375 0.42552084 0.6766667 0.46614584 0.5858333 0.47864583 0.5541667 0.47708333 0.55 0.478125 0.5466667 0.4828125 0.5466667 0.49635416 0.5158333 0.50208336 0.5025 0.5015625 0.48916668 0.49791667 0.48 0.42447916 0.3975 0.41822916 0.3875
19 0.48958334 0.30333334 0.48020834 0.31166667 0.46354166 0.35083333 0.4671875 0.35583332 0.4671875 0.36 0.4640625 0.36 0.4609375 0.35833332 0.43854168 0.4125 0.4765625 0.45583335 0.51875 0.44583333 0.52447915 0.4475 0.5296875 0.45333335 0.53229165 0.46916667 0.53541666 0.51166666 0.5328125 0.5125 0.53020835 0.5158333 0.5328125 0.51916665 0.5359375 0.52 0.540625 0.5825 0.54791665 0.565 0.546875 0.5466667 0.5494792 0.5366667 0.565625 0.52416664 0.5786458 0.445 0.58229166 0.43666667 0.5859375 0.4325 0.5776042 0.395 0.55052084 0.36583334 0.5359375 0.35 0.503125 0.31083333 0.4953125 0.30666667
19 0.43177083 0.775 0.41822916 0.7725 0.41197917 0.7625 0.409375 0.74833333 0.40520832 0.71666664 0.4390625 0.6475 0.46354166 0.59166664 0.47916666 0.555 0.47708333 0.55 0.47760418 0.5466667 0.48333332 0.5466667 0.50208336 0.5025 0.50208336 0.48916668 0.49791667 0.48 0.4765625 0.45583335 0.50677085 0.44916666 0.5182292 0.44666666 0.525 0.4475 0.52916664 0.4525 0.53229165 0.46916667 0.53541666 0.5108333 0.5328125 0.51166666 0.5307292 0.5158333 0.53333336 0.52 0.53541666 0.52 0.5416667 0.60333335 0.54479164 0.6508333 0.5494792 0.7375 0.54791665 0.75 0.54270834 0.75916666 0.5390625 0.7608333 0.5385417 0.7633333 0.44583333 0.7725
19 0.42239583 0.7816667 0.42552084 0.7866667 0.43072918 0.79083335 0.4375 0.79 0.49791667 0.7725 0.5229167 0.7658333 0.4734375 0.77 0.44166666 0.7733333 0.43177083 0.775 0.41927084 0.7725
19 0.55677086 0.7216667 0.54479164 0.64 0.5494792 0.7391667 0.5484375 0.7475 0.5463542 0.75333333 0.54322916 0.7575 0.54114586 0.76 0.5463542 0.76 0.5494792 0.75666666 0.55625 0.75416666 0.559375 0.74583334 0.559375 0.7375
19 0.553125 0.58166665 0.5442708 0.62333333 0.5442708 0.63416666 0.5453125 0.63916665 0.5484375 0.6475 0.55885416 0.655 0.57916665 0.66333336
19 0.6010417 0.4975 0.565625 0.52416664 0.5786458 0.44416666 0.5828125 0.43583333 0.5859375 0.43166667 0.590625 0.45166665 0.59583336 0.45083332 0.59739584 0.45333335 0.59583336 0.4575 0.5921875 0.46083334
19 0.73802084 0.6591667 0.6713542 0.71166664 0.67864585 0.715 0.68177086 0.71166664 0.68333334 0.71166664 0.68385416 0.7183333 0.7135417 0.73333335 0.71979165 0.7325 0.725 0.7266667
19 0.734375 0.4525 0.6203125 0.51666665 0.6125 0.51666665 0.60520834 0.50916666 0.6010417 0.49833333 0.5494792 0.5366667 0.54583335 0.54833335 0.5484375 0.56583333 0.5578125 0.5975 0.6015625 0.73583335 0.6078125 0.7475 0.6125 0.75 0.62135416 0.74916667 0.6890625 0.6975 0.7421875 0.6558333 0.7421875 0.645 0.7453125 0.64666665 0.746875 0.6508333 0.7760417 0.625 0.78020835 0.6166667 0.78125 0.605 0.77916664 0.5941667 0.7369792 0.46083334
19 0.81614584 0.4075 0.7916667 0.38083333 0.74791664 0.34166667 0.7182292 0.3025 0.7348958 0.36833334 0.7348958 0.37166667 0.7328125 0.37416667 0.7328125 0.3775 0.73802084 0.37916666 0.74895835 0.42 0.75 0.43333334 0.7473958 0.44083333 0.74010414 0.45083332 0.7348958 0.45333335 0.76770836 0.5575 0.7703125 0.56666666 0.80104166 0.5025 0.8276042 0.44333333 0.828125 0.42916667 0.82395834 0.41666666
19 0.6744792 0.17083333 0.62916666 0.19416666 0.6098958 0.20583333 0.5833333 0.2225 0.55572915 0.2375 0.5494792 0.24666667 0.55052084 0.26333332 0.5765625 0.3875 0.578125 0.39583334 0.59010416 0.45083332 0.5963542 0.45083332 0.5963542 0.4575 0.59166664 0.46 0.6015625 0.50083333 0.60520834 0.5083333 0.6119792 0.51666665 0.62083334 0.51666665 0.6692708 0.48916668 0.73125 0.45416668 0.734375 0.4525 0.7395833 0.45166665 0.746875 0.44166666 0.75 0.4325 0.74895835 0.42 0.73802084 0.37916666 0.73333335 0.3775 0.73333335 0.37416667 0.73541665 0.37166667 0.73541665 0.36833334 0.71666664 0.2975 0.6984375 0.22083333 0.6890625 0.18416667 0.6828125 0.17416666
19 0.31041667 0.67 0.303125 0.6766667 0.25833333 0.76666665 0.22916667 0.8208333 0.22708334 0.83666664 0.23072916 0.8491667 0.253125 0.88 0.25572917 0.875 0.25833333 0.875 0.25833333 0.87916666 0.25572917 0.88416666 0.2890625 0.9275 0.31614584 0.96666664 0.33489582 0.99083334 0.33802083 1.0 0.37864584 1.0 0.41875 0.9225 0.4453125 0.87333333 0.446875 0.8625 0.44270834 0.8466667 0.41302082 0.8041667 0.38645834 0.76916665 0.34479168 0.71166664 0.34166667 0.7125 0.340625 0.70416665 0.3265625 0.68416667 0.31770834 0.6716667
