6 0.2234375 0.5625 0.22291666 0.5908333 0.22447917 0.6508333 0.225 0.66583335 0.23489584 0.7366667 0.23541667 0.74083334 0.2390625 0.74083334 0.2484375 0.73833334 0.2890625 0.7191667 0.33072916 0.7025 0.34114584 0.7008333 0.375 0.7008333 0.38958332 0.69166666 0.38541666 0.655 0.365625 0.5158333 0.3546875 0.51916665 0.32291666 0.54583335 0.31927082 0.54583335 0.290625 0.56083333 0.2828125 0.56416667 0.27083334 0.565 0.2515625 0.56583333 0.2296875 0.55833334
6 0.23229167 0.47833332 0.22083333 0.51666665 0.20885417 0.55583334 0.19166666 0.6141667 0.18645833 0.6325 0.19166666 0.6358333 0.2140625 0.6475 0.225 0.65416664 0.22291666 0.59166664 0.2234375 0.5625 0.2296875 0.5575 0.2515625 0.56583333 0.2828125 0.56416667 0.30677083 0.5525 0.30572918 0.55 0.28697917 0.53333336 0.24375 0.48416665
6 0.35885417 0.475 0.3546875 0.48416665 0.34739584 0.49333334 0.3109375 0.53 0.29791668 0.54333335 0.30572918 0.5491667 0.30677083 0.5525 0.31927082 0.5466667 0.32239583 0.54583335 0.3546875 0.51916665 0.36510417 0.5158333 0.365625 0.51666665 0.3734375 0.57166666 0.38072917 0.62083334 0.384375 0.65 0.409375 0.635 0.42447916 0.61833334 0.40364584 0.5683333 0.3859375 0.5316667 0.3671875 0.50083333
6 0.290625 0.72833335 0.2984375 0.7425 0.303125 0.7475 0.30885416 0.75333333 0.32552084 0.72 0.33177084 0.7025 0.33072916 0.7025 0.28854167 0.7191667 0.28645834 0.72
6 0.475 0.79 0.47604167 0.8525 0.47760418 0.87583333 0.49739584 0.8725 0.51979166 0.85083336 0.5541667 0.85 0.6041667 0.8566667 0.6145833 0.8591667 0.63125 0.86 0.6296875 0.7966667 0.6276042 0.7416667 0.6234375 0.685 0.621875 0.67083335 0.60260415 0.67083335 0.5963542 0.6775 0.57135415 0.68666667 0.5640625 0.68666667 0.55052084 0.69166666 0.521875 0.6933333 0.48125 0.69666666 0.47447917 0.6975 0.47916666 0.72833335 0.4796875 0.75916666
6 0.528125 0.6325 0.52239585 0.6525 0.5208333 0.6791667 0.5161458 0.6933333 0.55052084 0.69166666 0.5640625 0.68666667 0.57135415 0.68666667 0.5963542 0.6775 0.5989583 0.6741667 0.584375 0.6616667 0.5786458 0.6575 0.5630208 0.64916664 0.53541666 0.63416666
6 0.6333333 0.6983333 0.6276042 0.7183333 0.62604165 0.72083336 0.6244792 0.695
6 0.5083333 0.87583333 0.54479164 0.8983333 0.57604164 0.92 0.57916665 0.91833335 0.5833333 0.9033333 0.5833333 0.8925 0.58958334 0.8541667 0.55364585 0.85 0.51979166 0.85083336 0.5005208 0.8691667
6 0.5541667 0.26 0.55052084 0.2825 0.55052084 0.29166666 0.54791665 0.3375 0.54270834 0.39583334 0.5416667 0.40416667 0.54010415 0.41416666 0.53020835 0.44916666 0.5234375 0.4675 0.5208333 0.46833333 0.51770836 0.495 0.521875 0.49916667 0.6078125 0.5341667 0.62916666 0.54333335 0.63385415 0.52 0.634375 0.5058333 0.640625 0.39083335 0.6411458 0.3625 0.6567708 0.32083333 0.65833336 0.31916666 0.66041666 0.31666666 0.66197914 0.2925 0.6302083 0.28166667 0.61041665 0.28416666 0.55677086 0.25916666
6 0.67083335 0.32083333 0.6734375 0.3375 0.678125 0.3775 0.67864585 0.38416666 0.68177086 0.41 0.68541664 0.45666668 0.6880208 0.49166667 0.6880208 0.49666667 0.67760414 0.50083333 0.66822916 0.50083333 0.66302085 0.5 0.63489586 0.5 0.6375 0.45166665 0.640625 0.38416666 0.6411458 0.3625 0.65625 0.3225
6 0.53541666 0.51416665 0.5359375 0.52166665 0.54010415 0.5208333 0.55052084 0.51916665 0.5578125 0.51416665 0.534375 0.50416666
6 0.51875 0.34583333 0.521875 0.39083335 0.52447915 0.40416667 0.5286458 0.435 0.52916664 0.4525 0.5307292 0.44833332 0.54010415 0.41416666 0.54270834 0.39583334 0.5473958 0.3425 0.5416667 0.34
6 0.265625 0.2 0.21979167 0.21583334 0.19375 0.22166666 0.1609375 0.2375 0.16302083 0.24583334 0.17395833 0.2725 0.19270833 0.3275 0.21197917 0.38416666 0.2140625 0.39666668 0.22395833 0.43583333 0.22760417 0.44916666 0.23229167 0.46083334 0.30416667 0.39916667 0.32552084 0.38416666 0.309375 0.345 0.27916667 0.28 0.271875 0.265 0.27395833 0.26083332 0.27135417 0.22166666 0.26822916 0.20916666 0.26770833 0.2025
