3 0.55 0.9891667 0.4984375 0.8675 0.47864583 0.81916666 0.47708333 0.8125 0.47760418 0.7975 0.5078125 0.765 0.56041664 0.7175 0.58385414 0.7083333 0.615625 0.67333335 0.63177085 0.6591667 0.64427084 0.6641667 0.6479167 0.6766667 0.6510417 0.71 0.66041666 0.735 0.665625 0.7683333 0.6625 0.79083335 0.6625 0.79833335 0.6765625 0.8025 0.6869792 0.8025 0.7036458 0.81333333 0.70729166 0.82916665 0.70625 0.835 0.6828125 0.8625 0.65729165 0.8908333 0.628125 0.93 0.5703125 0.98583335 0.5625 0.9941667 0.55625 0.99333334
3 0.20885417 0.7075 0.17760417 0.6775 0.1609375 0.6666667 0.128125 0.6325 0.084375 0.5883333 0.07760417 0.56916666 0.08177083 0.5525 0.11354167 0.47833332 0.14947917 0.42833334 0.16770834 0.40416667 0.18125 0.40416667 0.20104167 0.42833334 0.2203125 0.45 0.2390625 0.47416666 0.271875 0.535 0.28541666 0.57166666 0.284375 0.58166665 0.26875 0.5783333 0.25885418 0.5783333 0.25729167 0.585 0.26041666 0.6166667 0.2625 0.6358333 0.24270834 0.6533333 0.23177083 0.6616667 0.215625 0.69
3 0.45052084 0.6458333 0.4359375 0.6191667 0.43072918 0.595 0.4140625 0.57666665 0.36875 0.49833333 0.346875 0.44833332 0.34375 0.4325 0.35208333 0.4075 0.40885416 0.34833333 0.459375 0.295 0.46979168 0.29416665 0.47760418 0.30583334 0.51458335 0.40166667 0.5463542 0.49083334 0.55885416 0.5233333 0.5598958 0.5325 0.5598958 0.54083335 0.515625 0.56416667 0.4828125 0.575 0.48802084 0.5975 0.48177084 0.62166667 0.47291666 0.6408333 0.45833334 0.64916664
3 0.3890625 0.5366667 0.35625 0.56 0.33333334 0.585 0.32239583 0.5966667 0.3140625 0.605 0.2984375 0.6066667 0.2875 0.5908333 0.28645834 0.575 0.27239582 0.5308333 0.30052084 0.42583334 0.321875 0.37083334 0.371875 0.28416666 0.3796875 0.28166667 0.3921875 0.305 0.4125 0.3425 0.36197916 0.39416668 0.35104167 0.4075 0.34375 0.43166667 0.34479168 0.4475 0.36875 0.50166667
3 0.3046875 0.40583333 0.26354167 0.37833333 0.23177083 0.35416666 0.22604166 0.34833333 0.22291666 0.33083335 0.22916667 0.31333333 0.24635416 0.30916667 0.25885418 0.3025 0.2484375 0.28 0.24791667 0.2525 0.2453125 0.22916667 0.25052083 0.17166667 0.26145834 0.15833333 0.26875 0.15666667 0.29895833 0.165 0.36510417 0.19 0.425 0.215 0.43385416 0.2225 0.43854168 0.23833333 0.42552084 0.32583332 0.415625 0.34 0.4140625 0.34083334 0.39583334 0.30916667 0.38125 0.28 0.371875 0.28166667 0.34739584 0.32416666 0.32083333 0.37
3 0.2203125 0.3425 0.1640625 0.33166668 0.12708333 0.32583332 0.0921875 0.31583333 0.092708334 0.305 0.1046875 0.2825 0.12447917 0.21833333 0.13541667 0.205 0.13802083 0.1975 0.14010416 0.16666667 0.15989584 0.093333334 0.16458334 0.09166667 0.171875 0.10666667 0.17864583 0.13916667 0.18229167 0.14416666 0.2015625 0.14416666 0.20989583 0.14416666 0.22708334 0.1625 0.240625 0.1675 0.24583334 0.1625 0.25677082 0.14833333 0.26979166 0.14416666 0.27916667 0.14583333 0.28854167 0.16 0.26979166 0.155 0.26354167 0.15583333 0.25052083 0.16916667 0.24427083 0.22416666 0.24427083 0.22916667 0.246875 0.25666666 0.24583334 0.28 0.25833333 0.30333334 0.24322917 0.30916667 0.2296875 0.31 0.22135417 0.33166668
3 0.5390625 0.28583333 0.47552082 0.22333333 0.45208332 0.19166666 0.43958333 0.17416666 0.43958333 0.14916667 0.44479167 0.135 0.453125 0.13333334 0.4671875 0.14 0.48645833 0.1225 0.50677085 0.095 0.53125 0.055 0.5442708 0.051666666 0.5484375 0.0725 0.5515625 0.09833334 0.56458336 0.1125 0.5734375 0.13 0.58229166 0.14916667 0.5833333 0.17666666 0.590625 0.18666667 0.6067708 0.21 0.59947914 0.23416667 0.59270835 0.22 0.5828125 0.205 0.57916665 0.21166667 0.575 0.25333333 0.575 0.2825 0.5677083 0.31166667 0.55572915 0.305 0.5473958 0.29583332
3 0.6703125 0.58166665 0.6255208 0.5425 0.6119792 0.5308333 0.5953125 0.52166665 0.58802086 0.5083333 0.590625 0.49083334 0.60364586 0.48833334 0.61145836 0.48916668 0.6145833 0.4725 0.6145833 0.4375 0.628125 0.37083334 0.64270836 0.32416666 0.6489583 0.32333332 0.6640625 0.32666665 0.6901042 0.35583332 0.7213542 0.37083334 0.74010414 0.3825 0.7583333 0.38833332 0.79114586 0.41166666 0.7984375 0.42333335 0.80052084 0.435 0.7864583 0.495 0.7604167 0.6025 0.7505208 0.6325 0.74010414 0.6383333 0.7036458 0.6116667 0.684375 0.59583336
3 0.65208334 0.27416667 0.6265625 0.21666667 0.621875 0.17666666 0.615625 0.15666667 0.59947914 0.145 0.5807292 0.11083333 0.5786458 0.0925 0.6166667 0.0275 0.653125 0.0 0.68333334 0.0 0.69947916 0.0 0.71979165 0.0625 0.7213542 0.105 0.7348958 0.1225 0.74791664 0.13666667 0.759375 0.15916666 0.7526042 0.17583333 0.7114583 0.235 0.6765625 0.26833335 0.66041666 0.28083333
3 0.16197917 0.8666667 0.23020834 0.93416667 0.25364584 0.9558333 0.2671875 0.97 0.2765625 0.9775 0.28854167 0.97583336 0.29322916 0.97 0.30625 0.92583334 0.325 0.8858333 0.33385417 0.86333334 0.3359375 0.835 0.34166667 0.81166667 0.353125 0.7775 0.3609375 0.7575 0.365625 0.7391667 0.3640625 0.7266667 0.34635416 0.69416666 0.31927082 0.6791667 0.30520833 0.67833334 0.27708334 0.6775 0.27604166 0.6591667 0.28072917 0.64 0.28072917 0.63 0.27604166 0.61833334 0.26197916 0.6375 0.2453125 0.65166664 0.23385416 0.66333336 0.2171875 0.68916667 0.19583334 0.74583334 0.171875 0.8016667 0.16041666 0.8325 0.1578125 0.84166664 0.1578125 0.8575
