3 0.023958333 0.135 0.0 0.175 0.0 0.40083334 0.0 0.43416667 0.009375 0.445 0.028125 0.44083333 0.07604167 0.36583334 0.07604167 0.31416667 0.094791666 0.32333332 0.118229166 0.3125 0.13541667 0.29333332 0.13697916 0.27333334 0.09947917 0.17333333 0.06822917 0.18666667 0.053125 0.18833333 0.041145835 0.1775 0.030729167 0.13666667
8 0.1703125 0.14333333 0.1140625 0.16 0.0921875 0.17583333 0.058854166 0.19 0.040104166 0.17916666 0.030729167 0.13916667 0.022916667 0.0975 0.0 0.03 0.0 0.0 0.1578125 0.0 0.18229167 0.0975 0.18385416 0.115833335 0.178125 0.135
15 0.28958333 0.018333333 0.16197917 0.0225 0.15416667 0.0 0.28958333 0.0
0 0.39270833 0.0058333334 0.34010416 0.023333333 0.29114583 0.0225 0.28802082 0.0 0.4828125 0.0 0.490625 0.038333334 0.43697917 0.018333333 0.40052083 0.0033333334
9 0.26927084 0.17333333 0.25885418 0.27 0.23020834 0.445 0.23958333 0.45416668 0.32708332 0.4825 0.38489583 0.48 0.42447916 0.46083334 0.46875 0.44833332 0.478125 0.42416668 0.49479166 0.3575 0.49739584 0.32333332 0.45677084 0.33416668 0.45052084 0.26333332 0.31354168 0.18833333 0.28177083 0.17166667
13 0.14583333 0.31 0.2625 0.20083334 0.265625 0.21333334 0.24635416 0.35166666 0.228125 0.44583333 0.2421875 0.45583335 0.328125 0.4825 0.3765625 0.47833332 0.37916666 0.49 0.34583333 0.5183333 0.26770833 0.60583335 0.25052083 0.59833336 0.24114583 0.5725 0.159375 0.37916666 0.14166667 0.33583334 0.1421875 0.32166666
18 0.13697916 0.56583333 0.108333334 0.56333333 0.092708334 0.57666665 0.0921875 0.59833336 0.0921875 0.62416667 0.09010417 0.6558333 0.08958333 0.7133333 0.083333336 0.74333334 0.08541667 0.77416664 0.104166664 0.785 0.13489583 0.7841667 0.171875 0.795 0.2828125 0.80583334 0.29895833 0.8041667 0.309375 0.78833336 0.31354168 0.7525 0.31875 0.6166667 0.3125 0.5941667 0.30260417 0.5833333 0.2890625 0.5825 0.26822916 0.60833335 0.253125 0.60583335 0.24010417 0.5783333 0.17916666 0.5783333 0.159375 0.5725
12 0.56458336 0.3125 0.5026042 0.325 0.45833334 0.33416668 0.453125 0.31083333 0.44635418 0.225 0.44791666 0.18333334 0.49010417 0.17583333 0.6098958 0.15666667 0.66197914 0.14583333 0.6927083 0.14083333 0.68854165 0.16666667 0.6901042 0.22416666 0.6979167 0.27 0.7036458 0.28 0.65520835 0.29083332 0.58020836 0.31083333
2 0.56145835 0.34083334 0.62083334 0.465 0.5630208 0.51 0.5375 0.53333336 0.51197916 0.55083334 0.5 0.565 0.496875 0.58 0.5 0.61083335 0.52239585 0.6816667 0.45729166 0.75916666 0.36875 0.5783333 0.34322917 0.525 0.37916666 0.4925 0.37916666 0.4825 0.41041666 0.4675 0.44375 0.45583335 0.46927083 0.45 0.48385417 0.41166666 0.496875 0.34916666 0.5229167 0.32333332 0.55052084 0.315
18 0.6703125 0.42833334 0.6166667 0.46666667 0.5442708 0.525 0.5296875 0.54 0.50416666 0.55916667 0.4984375 0.57166666 0.4984375 0.6091667 0.53333336 0.7133333 0.5453125 0.74333334 0.56041664 0.7475 0.5859375 0.7266667 0.60833335 0.7075 0.6177083 0.69416666 0.6890625 0.6575 0.72083336 0.63166666 0.7291667 0.6166667 0.7291667 0.585 0.71197915 0.58 0.68385416 0.56583333 0.6510417 0.54583335 0.6244792 0.52666664 0.64166665 0.495 0.6645833 0.44833332
7 0.7734375 0.26333332 0.7104167 0.23083334 0.7036458 0.23916666 0.6958333 0.26166666 0.70625 0.2825 0.69427085 0.28416666 0.68645835 0.33666667 0.6822917 0.37416667 0.69166666 0.39 0.6703125 0.43916667 0.6484375 0.48166665 0.62708336 0.5275 0.640625 0.54 0.67552084 0.56083333 0.72760415 0.5825 0.74114585 0.5933333 0.77760416 0.6383333 0.8119792 0.6775 0.8177083 0.6533333 0.828125 0.57666665 0.8255208 0.51 0.8442708 0.4675 0.88489586 0.385 0.90208334 0.355 0.903125 0.33166668 0.83229166 0.29583332 0.8119792 0.27583334
4 0.7682292 0.6433333 0.78020835 0.66 0.8052083 0.6725 0.7640625 0.62083334 0.76354164 0.6358333
4 0.846875 0.6591667 0.8645833 0.63666666 0.8765625 0.59583336 0.87395835 0.53583336 0.8520833 0.48833334 0.84166664 0.47333333 0.82447916 0.51166666 0.8286458 0.5366667 0.8286458 0.5758333 0.8234375 0.6141667 0.815625 0.6625 0.8119792 0.67833334 0.828125 0.6725 0.83489585 0.66833335
16 0.7 0.6675 0.52447915 0.85083336 0.5 0.8825 0.5442708 0.99833333 0.6927083 1.0 0.7625 0.93333334 0.8046875 0.8933333 0.7973958 0.86333334 0.71197915 0.65416664
1 0.9057292 0.7891667 0.80052084 0.8383333 0.79114586 0.8433333 0.79791665 0.865 0.8052083 0.8933333 0.76875 0.9241667 0.7875 1.0 0.83125 0.9766667 0.95625 0.94166666 0.978125 0.95416665 0.9671875 0.89916664 0.94427085 0.7658333 0.9192708 0.78333336
