18 0.8541667 0.6933333 0.85833335 0.675 0.87083334 0.66083336 0.9 0.615 0.93645835 0.5516667 0.9375 0.5366667 0.9348958 0.5175 0.890625 0.45916668 0.84375 0.39916667 0.8286458 0.39833334 0.821875 0.4025 0.8046875 0.43416667 0.8078125 0.4425 0.8072917 0.45916668 0.7963542 0.61583334 0.79322916 0.6308333 0.78541666 0.6433333 0.78125 0.645 0.7390625 0.62916666 0.7125 0.61833334 0.7057292 0.61833334 0.696875 0.6433333 0.69895834 0.6616667 0.7036458 0.6725 0.7395833 0.7191667 0.76197916 0.74833333 0.78489584 0.77666664 0.79114586 0.7808333 0.8015625 0.7808333 0.8109375 0.77416664 0.8489583 0.7025
18 0.6927083 0.39833334 0.72864586 0.41083333 0.7729167 0.41333333 0.79479164 0.4175 0.80625 0.43833333 0.8072917 0.445 0.796875 0.61 0.79375 0.63 0.784375 0.645 0.7578125 0.6358333 0.7203125 0.62083334 0.7114583 0.6175 0.690625 0.6175 0.66302085 0.62 0.625 0.61583334 0.58958334 0.6075 0.58177084 0.5975 0.5776042 0.585 0.5786458 0.5566667 0.58697915 0.5675 0.5989583 0.57 0.64375 0.53 0.70104164 0.48166665 0.7046875 0.4725 0.70729166 0.45583335 0.70208335 0.43666667 0.68645835 0.3975
18 0.6421875 0.26166666 0.67604166 0.3675 0.6901042 0.40416667 0.7046875 0.44083333 0.7083333 0.45583335 0.70625 0.47 0.70208335 0.48083332 0.646875 0.5283333 0.60052085 0.56916666 0.58802086 0.5675 0.5796875 0.5566667 0.55260414 0.4625 0.51875 0.37833333 0.48802084 0.29833335 0.48697916 0.28 0.4921875 0.26333332 0.5151042 0.24 0.546875 0.20833333 0.590625 0.17166667 0.6010417 0.17166667 0.6098958 0.1775 0.6140625 0.18583333
18 0.60729164 0.105 0.60572916 0.12083333 0.60729164 0.175 0.61041665 0.17833333 0.6515625 0.29416665 0.6546875 0.30333334 0.6770833 0.295 0.70625 0.295 0.7963542 0.2825 0.8171875 0.27583334 0.8265625 0.2625 0.8296875 0.24333334 0.8234375 0.15916666 0.8140625 0.0725 0.8046875 0.058333334 0.78697914 0.055833332 0.75416666 0.060833335 0.6901042 0.0825 0.6713542 0.08083333 0.628125 0.079166666 0.615625 0.08416667 0.6098958 0.0925
18 0.51197916 0.05666667 0.53489584 0.07833333 0.5520833 0.12166667 0.55260414 0.1225 0.56145835 0.1125 0.5729167 0.1175 0.60625 0.14166667 0.60729164 0.175 0.6010417 0.17166667 0.5911458 0.17166667 0.59010416 0.17166667 0.5572917 0.1975 0.503125 0.25083333 0.49166667 0.2625 0.4859375 0.27833334 0.48697916 0.29833335 0.5130208 0.36666667 0.44010416 0.37333333 0.41354167 0.3775 0.39895833 0.3625 0.39583334 0.34583333 0.396875 0.335 0.425 0.26083332 0.46770832 0.14666666 0.503125 0.06583333 0.5083333 0.06
18 0.44270834 0.7375 0.5234375 0.7083333 0.5619792 0.6933333 0.56822914 0.6791667 0.5708333 0.67 0.5572917 0.5775 0.54583335 0.5225 0.53489584 0.4975 0.5307292 0.47166666 0.5390625 0.46416667 0.54010415 0.43416667 0.5130208 0.36666667 0.4375 0.37416667 0.40572917 0.3775 0.39739582 0.3925 0.39895833 0.42833334 0.42604166 0.5083333 0.43125 0.5208333 0.43020833 0.535 0.4265625 0.54833335 0.40885416 0.56666666 0.41041666 0.5675 0.4234375 0.6766667 0.42864582 0.7216667 0.43541667 0.7316667
18 0.28854167 0.58666664 0.32291666 0.6458333 0.35729167 0.6975 0.396875 0.76166666 0.42135417 0.8041667 0.42395833 0.81916666 0.42239583 0.835 0.41666666 0.84833336 0.3828125 0.89666665 0.34375 0.9533333 0.32864583 0.96666664 0.32135418 0.9633333 0.31302083 0.95416665 0.27291667 0.8858333 0.2546875 0.8525 0.23541667 0.82 0.21979167 0.78 0.2015625 0.77 0.184375 0.74083334 0.18333334 0.71416664 0.2109375 0.6691667 0.26822916 0.5783333 0.28125 0.57916665
18 0.33385417 0.62833333 0.40104166 0.57166666 0.41145834 0.56416667 0.42760417 0.5475 0.43177083 0.5225 0.39114583 0.40833333 0.3734375 0.3575 0.36041668 0.34416667 0.353125 0.34416667 0.2734375 0.41833332 0.22291666 0.46666667 0.18541667 0.4975 0.18020834 0.50916666 0.17916666 0.5258333 0.1890625 0.5541667 0.20572917 0.58916664 0.22291666 0.6475 0.26875 0.5775 0.28385416 0.58 0.29010418 0.5883333 0.31927082 0.6383333
18 0.09947917 0.26666668 0.08802083 0.345 0.084895834 0.39333335 0.07864583 0.4175 0.06666667 0.44166666 0.050520834 0.49333334 0.034895834 0.56666666 0.043229166 0.595 0.10520833 0.62583333 0.16510417 0.6566667 0.178125 0.6458333 0.1953125 0.5683333 0.17916666 0.5283333 0.18020834 0.51 0.18489583 0.49666667 0.21354167 0.47416666 0.23385416 0.38166666 0.24375 0.34 0.23541667 0.31583333 0.2125 0.305 0.19322917 0.31666666 0.165625 0.32666665 0.1515625 0.31583333 0.15 0.30666667 0.14635417 0.27166668 0.11510417 0.2575
18 0.36302084 0.27166668 0.38802084 0.34 0.403125 0.38333333 0.39791667 0.3925 0.3984375 0.42333335 0.396875 0.42333335 0.37395832 0.35666665 0.3609375 0.34583333 0.353125 0.34416667 0.30104166 0.39166668 0.25885418 0.43166667 0.23541667 0.37333333 0.24375 0.34083334 0.23645833 0.31583333 0.2203125 0.31 0.22395833 0.29916668 0.26770833 0.28916666 0.34635416 0.27833334 0.35989583 0.2725
18 0.1515625 0.1 0.20260416 0.090833336 0.21145834 0.0825 0.3109375 0.060833335 0.3453125 0.055833332 0.35520834 0.07 0.36458334 0.17916666 0.37135416 0.25166667 0.3640625 0.27083334 0.34010416 0.28 0.2625 0.29 0.22291666 0.3 0.20677084 0.30833334 0.18697916 0.31916666 0.16510417 0.32583332 0.15052083 0.31583333 0.14479166 0.265 0.1328125 0.14166667 0.13333334 0.11333334 0.13854167 0.10583334
18 0.8723958 0.285 0.9265625 0.315 0.9713542 0.33916667 0.9895833 0.34916666 0.99322915 0.35833332 0.99583334 0.37416667 0.9921875 0.3875 0.9734375 0.4525 0.9458333 0.5525 0.91979164 0.6575 0.91614586 0.6775 0.9067708 0.685 0.9010417 0.6816667 0.87291664 0.665 0.8703125 0.6616667 0.9145833 0.5925 0.93645835 0.55083334 0.9369792 0.5366667 0.934375 0.5183333 0.9015625 0.47333333 0.8515625 0.40833333 0.84270835 0.39916667 0.8296875 0.39833334 0.8463542 0.3275 0.85364586 0.30166668 0.8619792 0.28833333 0.8666667 0.2875
