2 0.40625 0.68833333 0.48697916 0.73833334 0.54322916 0.77666664 0.5572917 0.725 0.55625 0.7183333 0.58125 0.6333333 0.5932292 0.59166664 0.59791666 0.56083333 0.6088542 0.5183333 0.5953125 0.5058333 0.5546875 0.4775 0.5317708 0.4625 0.503125 0.44666666 0.51979166 0.555 0.521875 0.5708333 0.51770836 0.575 0.5208333 0.5758333 0.5260417 0.605 0.53020835 0.6375 0.49791667 0.6433333 0.39166668 0.68083334
2 0.5911458 0.26 0.5260417 0.215 0.45989582 0.16416667 0.4546875 0.18333334 0.48020834 0.20416667 0.51145834 0.2275 0.52708334 0.2425 0.509375 0.29083332 0.5046875 0.29083332 0.50677085 0.295 0.49895832 0.31916666 0.4890625 0.34916666 0.49947917 0.4125 0.5046875 0.44666666 0.53541666 0.465 0.55833334 0.47916666 0.60364586 0.33166668 0.61875 0.28166667 0.6041667 0.26833335
2 0.27135417 0.70166665 0.32552084 0.85 0.33125 0.8641667 0.3359375 0.86583334 0.33541667 0.875 0.35 0.9191667 0.39166668 0.87833333 0.46927083 0.7941667 0.48645833 0.7775 0.49947917 0.7608333 0.496875 0.74916667 0.4953125 0.7441667 0.39322916 0.68083334 0.3625 0.68916667 0.34895834 0.6933333 0.3453125 0.6375 0.3046875 0.64 0.24895833 0.6375
2 0.30989584 0.3175 0.32708332 0.47583333 0.34114584 0.62083334 0.34479168 0.6375 0.35 0.6933333 0.38854167 0.6816667 0.4671875 0.6533333 0.5005208 0.64166665 0.5296875 0.63916665 0.528125 0.615 0.521875 0.57666665 0.51770836 0.5758333 0.5208333 0.57 0.51979166 0.55583334 0.50416666 0.44333333 0.4890625 0.34916666 0.48125 0.29583332 0.475 0.285 0.475 0.2725 0.43333334 0.27916667 0.38385418 0.29083332 0.3234375 0.30166668 0.30833334 0.30583334
2 0.36770833 0.12666667 0.33229166 0.22333333 0.325 0.245 0.28072917 0.355 0.2671875 0.39 0.25989583 0.40583333 0.25364584 0.4225 0.2625 0.4325 0.296875 0.4625 0.31822917 0.48333332 0.328125 0.49166667 0.31041667 0.32 0.30885416 0.305 0.3546875 0.29583332 0.409375 0.28416666 0.44635418 0.2775 0.475 0.27166668 0.47552082 0.28416666 0.48177084 0.2975 0.48958334 0.34833333 0.50677085 0.29583332 0.5052083 0.29166666 0.509375 0.29083332 0.5171875 0.26916668 0.52760416 0.2425 0.5078125 0.22416666 0.45364583 0.18333334 0.42395833 0.15083334 0.3890625 0.12166667 0.375 0.10666667
2 0.21510416 0.3625 0.21302083 0.50416666 0.2125 0.5391667 0.2109375 0.555 0.2109375 0.60083336 0.2109375 0.6358333 0.21510416 0.6358333 0.2484375 0.64 0.24895833 0.6383333 0.30572918 0.64 0.3453125 0.6375 0.34114584 0.62083334 0.33645833 0.57 0.32864583 0.49166667 0.3265625 0.49 0.27239582 0.44083333 0.25364584 0.42333335 0.26145834 0.40333334 0.27552083 0.37 0.29947916 0.30833334 0.315625 0.26833335 0.2859375 0.265 0.215625 0.2625 0.215625 0.31333333 0.21875 0.31416667 0.21510416 0.31833333
2 0.23177083 0.24416667 0.21770833 0.2625 0.24270834 0.26333332 0.23541667 0.25083333
2 0.15520833 0.34 0.12708333 0.37833333 0.11145833 0.39583334 0.096354164 0.41916665 0.090625 0.43083334 0.09375 0.435 0.110416666 0.46833333 0.11510417 0.47083333 0.11510417 0.48 0.14583333 0.5375 0.20104167 0.64166665 0.22447917 0.68333334 0.23125 0.6925 0.23854166 0.7083333 0.24479167 0.7216667 0.2578125 0.70416665 0.2671875 0.69166666 0.24947916 0.63916665 0.2390625 0.63916665 0.21510416 0.6358333 0.21145834 0.6358333 0.2109375 0.6325 0.2109375 0.5575 0.21302083 0.5391667 0.21510416 0.36666667 0.21510416 0.32 0.21875 0.3125 0.21614583 0.31333333 0.215625 0.265 0.19791667 0.2925 0.17708333 0.31583333
2 0.7114583 0.048333332 0.6921875 0.028333334 0.66770834 0.0 0.7328125 0.0
2 0.09791667 0.039166667 0.17552084 0.0 0.0671875 0.0 0.0765625 0.044166666 0.08229167 0.04083333
