2 0.26041666 0.52166665 0.21979167 0.555 0.20677084 0.56416667 0.20833333 0.5708333 0.2203125 0.60583335 0.23697917 0.5858333 0.27135417 0.5466667
2 0.24479167 0.48166665 0.23697917 0.49833333 0.20989583 0.56166667 0.225 0.55083334 0.26145834 0.5208333 0.24583334 0.48333332
2 0.24375 0.47833332 0.21770833 0.49666667 0.21770833 0.50083333 0.2265625 0.5225 0.2453125 0.48083332
2 0.20625 0.56916666 0.171875 0.6475 0.12291667 0.7525 0.10364583 0.79583335 0.123958334 0.81416667 0.1734375 0.86333334 0.22604166 0.9266667 0.24947916 0.95416665 0.25416666 0.9433333 0.26614583 0.9216667 0.29895833 0.8516667 0.2859375 0.8075 0.26614583 0.7416667 0.23854166 0.6625 0.2234375 0.6325 0.21510416 0.61333334 0.2203125 0.60583335 0.20833333 0.5725
2 0.29947916 0.8516667 0.309375 0.88166666 0.31875 0.9 0.34895834 0.88 0.334375 0.85 0.30677083 0.7941667 0.2640625 0.70916665 0.23854166 0.6625 0.265625 0.74083334
2 0.36197916 0.43083334 0.35416666 0.4425 0.34739584 0.45 0.3109375 0.49583334 0.26979166 0.54833335 0.21510416 0.6125 0.22447917 0.63416666 0.24479167 0.6741667 0.26302084 0.70666665 0.29583332 0.7733333 0.35416666 0.89 0.36979166 0.92333335 0.37395832 0.92 0.42135417 0.8566667 0.44114584 0.83 0.44479167 0.8275 0.4515625 0.81583333 0.5005208 0.75083333 0.51145834 0.7341667 0.50104165 0.7133333 0.48958334 0.69166666 0.46145833 0.63416666 0.42291668 0.55583334 0.41197917 0.5308333 0.3890625 0.48333332 0.3859375 0.48333332 0.3859375 0.47583333 0.37291667 0.45 0.36302084 0.43166667
2 0.24010417 0.24583334 0.20208333 0.28583333 0.17760417 0.31166667 0.19427083 0.35833332 0.1984375 0.35666665 0.19739583 0.3625 0.22916667 0.4425 0.24583334 0.4825 0.27135417 0.54583335 0.31302083 0.49333334 0.3078125 0.47166666 0.28125 0.3825 0.2421875 0.24916667
2 0.3265625 0.165 0.30572918 0.17666666 0.23645833 0.22333333 0.2375 0.23 0.240625 0.245 0.24270834 0.25 0.24375 0.255 0.26666668 0.3325 0.28541666 0.3975 0.3078125 0.47166666 0.3125 0.49333334 0.346875 0.45083332 0.35416666 0.4425 0.36197916 0.43083334 0.36458334 0.43416667 0.3859375 0.47666666 0.38541666 0.48333332 0.38958332 0.48333332 0.40364584 0.5133333 0.40520832 0.5158333 0.41510418 0.50416666 0.42604166 0.49583334 0.46145833 0.46916667 0.4765625 0.45833334 0.490625 0.44416666 0.49375 0.43916667 0.49166667 0.42333335 0.49114582 0.42 0.48541668 0.40166667 0.46614584 0.3425 0.44375 0.27333334 0.41927084 0.18916667 0.409375 0.15916666 0.39895833 0.1225 0.32864583 0.16416667
2 0.32552084 0.15916666 0.31302083 0.1725 0.32708332 0.165 0.32708332 0.16166666
2 0.509375 0.23166667 0.4953125 0.24416667 0.44739583 0.28333333 0.465625 0.34166667 0.49114582 0.42 0.49375 0.43916667 0.490625 0.44416666 0.47447917 0.45916668 0.4390625 0.48583335 0.41875 0.50083333 0.415625 0.50416666 0.4046875 0.5158333 0.41302082 0.5325 0.4234375 0.5575 0.44583333 0.6016667 0.44947916 0.5991667 0.56458336 0.50166667 0.5921875 0.48 0.5890625 0.46916667 0.57916665 0.44 0.5671875 0.40833333 0.559375 0.37833333 0.5390625 0.3125 0.51979166 0.25333333 0.5125 0.23333333
2 0.49166667 0.21083333 0.4625 0.27083334 0.49010417 0.24833333 0.50989586 0.23166667
2 0.4953125 0.56083333 0.509375 0.5783333 0.51979166 0.59 0.5515625 0.62666667 0.56822914 0.64666665 0.575 0.65416664 0.57916665 0.6458333 0.6098958 0.5783333 0.64166665 0.5108333 0.6723958 0.44833332 0.67760414 0.43333334 0.6770833 0.43083334 0.6244792 0.3675 0.5755208 0.31083333 0.5260417 0.24916667 0.52135414 0.24333334 0.51354164 0.23583333 0.5171875 0.24666667 0.55052084 0.34833333 0.5578125 0.37333333 0.56666666 0.40583333 0.5796875 0.44083333 0.5885417 0.46583334 0.5921875 0.48083332 0.58697915 0.48333332 0.55104166 0.5125 0.50416666 0.5525
2 0.7125 0.046666667 0.6979167 0.030833334 0.66770834 0.0 0.7359375 0.0
2 0.13489583 0.0025 0.16927083 0.06666667 0.18385416 0.054166667 0.2265625 0.0 0.13333334 0.0
