18 0.4953125 0.0 0.49270833 0.06666667 0.49010417 0.1075 0.48645833 0.11833333 0.478125 0.12666667 0.4671875 0.12916666 0.4234375 0.12416667 0.3953125 0.12 0.38072917 0.11833333 0.4078125 0.034166668 0.41979167 0.0
18 0.9380208 0.225 0.93072915 0.21083333 0.91979164 0.20666666 0.8359375 0.1275 0.7796875 0.083333336 0.76354164 0.071666665 0.7552083 0.075833336 0.7494792 0.08916666 0.7083333 0.22333333 0.7057292 0.24166666 0.70677084 0.255 0.7109375 0.26666668 0.71770835 0.27833334 0.78697914 0.3325 0.8234375 0.3625 0.86041665 0.39333335 0.87083334 0.40583333 0.88489586 0.40416667 0.8921875 0.3875 0.90520835 0.34833333 0.9114583 0.31666666 0.9244792 0.29583332 0.93333334 0.25916666 0.9375 0.2475 0.9390625 0.23666666
18 0.7416667 0.10916667 0.6953125 0.1425 0.628125 0.185 0.5765625 0.21833333 0.5734375 0.22333333 0.5708333 0.23083334 0.5697917 0.2425 0.59947914 0.355 0.61041665 0.39916667 0.6901042 0.37833333 0.70104164 0.375 0.7390625 0.34583333 0.75364584 0.33666667 0.7760417 0.32333332 0.72864586 0.28833333 0.7171875 0.27916667 0.7104167 0.26583335 0.70677084 0.255 0.70520836 0.24083333 0.70885414 0.22083333 0.73854166 0.12416667 0.74322915 0.1075
18 0.9869792 0.53 0.96979165 0.50666666 0.9375 0.46333334 0.90208334 0.415 0.8875 0.40416667 0.88489586 0.40416667 0.8703125 0.40666667 0.8588542 0.39083335 0.8109375 0.35 0.78489584 0.39583334 0.75208336 0.45416668 0.75 0.4725 0.7505208 0.48333332 0.75364584 0.49083334 0.78541666 0.53833336 0.8421875 0.43416667 0.8546875 0.41666666 0.859375 0.415 0.8645833 0.415 0.8697917 0.41666666 0.8984375 0.46083334 0.91302085 0.48083332 0.9265625 0.50333333 0.94375 0.53333336 0.94895834 0.5441667 0.95 0.56083333 0.9010417 0.6475 0.8796875 0.67833334 0.8833333 0.68416667 0.8880208 0.68666667 0.89375 0.68916667 0.90416664 0.68583333 0.9302083 0.64666665 0.9536458 0.605 0.9859375 0.555 0.9875 0.535
18 0.78229165 0.5391667 0.7765625 0.56 0.77239585 0.56333333 0.7671875 0.56583333 0.7609375 0.56916666 0.7703125 0.57 0.7786458 0.5808333 0.78125 0.5975 0.778125 0.6141667 0.76458335 0.6691667 0.75364584 0.7175 0.79322916 0.785 0.8072917 0.785 0.8098958 0.7825 0.8489583 0.7275 0.8744792 0.68916667 0.88072914 0.6766667 0.90208334 0.6458333 0.95 0.56083333 0.9484375 0.54333335 0.915625 0.48666668 0.8833333 0.43833333 0.8697917 0.41666666 0.8640625 0.415 0.85625 0.415 0.8541667 0.41666666 0.840625 0.4375 0.79583335 0.51916665 0.78489584 0.53833336
18 0.75208336 0.56583333 0.7083333 0.5475 0.65833336 0.5233333 0.603125 0.505 0.5921875 0.5108333 0.5854167 0.5183333 0.57604164 0.54833335 0.5541667 0.6575 0.5494792 0.6791667 0.5494792 0.6933333 0.5541667 0.70666665 0.55885416 0.71166664 0.56822914 0.7191667 0.6166667 0.73083335 0.6609375 0.74083334 0.6744792 0.7416667 0.6859375 0.75 0.7125 0.7675 0.72864586 0.77166665 0.74010414 0.7675 0.74791664 0.74666667 0.7546875 0.7133333 0.77916664 0.6091667 0.78125 0.5975 0.77760416 0.58 0.7703125 0.57 0.75989586 0.5683333
18 0.57447916 0.54583335 0.54375 0.5425 0.534375 0.5491667 0.525 0.575 0.509375 0.72583336 0.5072917 0.75 0.50677085 0.7708333 0.5026042 0.8041667 0.5026042 0.8275 0.5 0.85083336 0.5015625 0.8616667 0.50677085 0.87166667 0.5125 0.87833333 0.5317708 0.87583333 0.54895836 0.8691667 0.55833334 0.8775 0.5786458 0.8808333 0.6119792 0.88666666 0.62291664 0.8808333 0.6296875 0.8625 0.63385415 0.7941667 0.63697916 0.77166665 0.6359375 0.7558333 0.6375 0.73583335 0.57395834 0.72 0.5671875 0.7191667 0.55364585 0.705 0.5494792 0.69166666 0.54895836 0.6766667 0.5572917 0.6458333 0.5765625 0.54583335
18 0.73802084 0.5575 0.734375 0.4175 0.7338542 0.38166666 0.7270833 0.3725 0.7203125 0.36833334 0.703125 0.37333333 0.60572916 0.39916667 0.52135414 0.41916665 0.51770836 0.42416668 0.5151042 0.43083334 0.51458335 0.44333333 0.5260417 0.56666666 0.5286458 0.56333333 0.5338542 0.54583335 0.5375 0.545 0.5416667 0.54333335 0.5473958 0.54333335 0.57604164 0.54583335 0.58125 0.5308333 0.58489585 0.5175 0.59375 0.50916666 0.603125 0.505 0.6645833 0.525 0.73072916 0.5575 0.73854166 0.56083333
18 0.6046875 0.38583332 0.59375 0.3825 0.5807292 0.37 0.5296875 0.35583332 0.52239585 0.35416666 0.53229165 0.4075 0.53541666 0.41666666 0.5984375 0.40166667 0.61145836 0.39916667 0.6078125 0.3875
18 0.5203125 0.3525 0.51197916 0.34583333 0.5072917 0.34333333 0.50364584 0.34416667 0.41458333 0.39666668 0.3921875 0.41166666 0.38854167 0.42333335 0.38697916 0.43 0.38958332 0.4375 0.43802083 0.635 0.46458334 0.73083335 0.46666667 0.7366667 0.471875 0.74 0.4796875 0.74 0.4953125 0.73 0.50885415 0.7175 0.50989586 0.715 0.52552086 0.5725 0.5265625 0.56583333 0.51458335 0.43833333 0.515625 0.42833334 0.51770836 0.42333335 0.521875 0.42083332 0.5338542 0.4175 0.52708334 0.37916666 0.5229167 0.36166668
18 0.440625 0.6575 0.40885416 0.59583336 0.396875 0.57666665 0.41875 0.6558333 0.44010416 0.725 0.44114584 0.73583335 0.45677084 0.72083336 0.45989582 0.71416664 0.44739583 0.67083335 0.44583333 0.66583335
18 0.39010417 0.55583334 0.38229167 0.55 0.3765625 0.54833335 0.37135416 0.5491667 0.28125 0.62 0.23541667 0.6591667 0.19114584 0.68916667 0.18802084 0.69666666 0.18958333 0.70916665 0.19114584 0.72083336 0.23177083 0.84833336 0.2390625 0.8775 0.24427083 0.8875 0.25 0.8883333 0.25885418 0.88166666 0.375 0.7975 0.42083332 0.7658333 0.4359375 0.755 0.43854168 0.7475 0.440625 0.73583335 0.440625 0.7266667 0.39270833 0.5625
18 0.30520833 0.91833335 0.290625 0.8975 0.271875 0.87083334 0.28125 0.865 0.37447917 0.79833335 0.4109375 0.77166665 0.39583334 0.79333335 0.38958332 0.8025 0.37864584 0.82166666 0.34791666 0.87666667 0.328125 0.91083336 0.32291666 0.91833335 0.31614584 0.9216667 0.30833334 0.9225
18 0.22291666 0.665 0.19895834 0.65416664 0.18958333 0.6433333 0.16770834 0.62666667 0.1328125 0.605 0.12135417 0.6116667 0.11666667 0.6166667 0.08802083 0.73333335 0.07083333 0.7966667 0.072916664 0.81166667 0.077083334 0.82166666 0.08958333 0.825 0.19322917 0.87666667 0.25885418 0.90833336 0.271875 0.9125 0.28020832 0.91333336 0.28697917 0.91083336 0.28958333 0.89666665 0.27239582 0.87166667 0.25052083 0.8883333 0.24322917 0.8883333 0.2390625 0.87666667 0.23125 0.8475 0.19166666 0.7241667 0.1875 0.69666666 0.190625 0.68833333 0.2203125 0.6691667 0.22447917 0.6675
18 0.37916666 0.425 0.36979166 0.4125 0.36510417 0.40916666 0.36041668 0.40916666 0.34479168 0.41333333 0.22447917 0.44916666 0.17291667 0.4675 0.1578125 0.47416666 0.15260416 0.48333332 0.15260416 0.49333334 0.16458334 0.5675 0.17552084 0.6333333 0.19010417 0.6458333 0.19895834 0.655 0.22395833 0.66583335 0.23541667 0.6591667 0.303125 0.6025 0.36875 0.55083334 0.37395832 0.5491667 0.37760416 0.5491667 0.39166668 0.5566667 0.38177082 0.5325 0.378125 0.5175 0.3796875 0.5125 0.38177082 0.49666667 0.3796875 0.445
18 0.25833333 0.0 0.24583334 0.03 0.24322917 0.043333333 0.24635416 0.05666667 0.24791667 0.061666667 0.3171875 0.1325 0.34479168 0.15833333 0.3484375 0.16083333 0.3515625 0.1625 0.35729167 0.1625 0.36666667 0.15416667 0.37447917 0.13583334 0.41666666 0.009166666 0.41927084 0.0
