6 0.3234375 0.4625 0.24583334 0.585 0.2546875 0.60833335 0.29895833 0.6483333 0.31927082 0.69166666 0.3359375 0.605 0.36354166 0.6225 0.42864582 0.6483333 0.43802083 0.62416667 0.40208334 0.5825 0.3734375 0.57916665 0.36354166 0.56916666 0.37083334 0.5341667 0.34322917 0.49166667 0.33333334 0.47416666
6 0.18697916 0.0675 0.19479166 0.104166664 0.20677084 0.12083333 0.23697917 0.30916667 0.27916667 0.28833333 0.34947917 0.2525 0.34114584 0.22916667 0.32083333 0.145 0.30104166 0.0125
6 0.278125 0.28916666 0.24635416 0.42416668 0.25364584 0.42916667 0.29479167 0.445 0.32604167 0.46166667 0.3734375 0.5225 0.3875 0.46916667 0.40364584 0.4225 0.41145834 0.4225 0.415625 0.40583333 0.42291668 0.41 0.43645832 0.3625 0.396875 0.33416668 0.371875 0.32 0.3125 0.27
6 0.375 0.5175 0.36354166 0.5683333 0.3734375 0.57916665 0.40104166 0.58166665 0.45416668 0.6075 0.48177084 0.64166665 0.49010417 0.6483333 0.49375 0.64416665 0.51354164 0.5808333 0.50677085 0.47083333 0.4703125 0.44833332 0.41666666 0.405 0.41510418 0.40666667 0.41041666 0.42416668 0.40260416 0.42333335 0.38489583 0.47666666
6 0.33333334 0.615 0.3109375 0.73833334 0.30208334 0.78 0.3109375 0.78583336 0.38697916 0.79583335 0.41354167 0.8075 0.44583333 0.8283333 0.45364583 0.8308333 0.46145833 0.7941667 0.48697916 0.6675 0.47291666 0.6558333 0.42604166 0.64666665 0.3640625 0.62166667 0.3359375 0.605
6 0.49270833 0.3625 0.49427083 0.4 0.49947917 0.40833333 0.5072917 0.48083332 0.5140625 0.58416665 0.51458335 0.5908333 0.57708335 0.5991667 0.61145836 0.54333335 0.609375 0.52 0.60052085 0.5308333 0.59739584 0.5308333 0.5296875 0.38583332 0.54114586 0.3725 0.5609375 0.35833332 0.5708333 0.34833333 0.57135415 0.34416667 0.53333336 0.35583332 0.4953125 0.36166668
6 0.63645834 0.50083333 0.6265625 0.51416665 0.61041665 0.545 0.5734375 0.60333335 0.55572915 0.62916666 0.55 0.6333333 0.53697914 0.655 0.5375 0.6591667 0.55572915 0.68916667 0.55885416 0.7075 0.62291664 0.7758333 0.62864584 0.74916667 0.640625 0.7025 0.66875 0.68333334 0.70729166 0.6458333 0.70729166 0.6375 0.6890625 0.59833336 0.6557292 0.5808333 0.64427084 0.5675 0.6515625 0.55083334 0.6578125 0.5308333 0.6401042 0.5
6 0.54479164 0.67 0.5046875 0.71 0.48072916 0.7341667 0.48333332 0.7441667 0.49427083 0.7675 0.5072917 0.79 0.55104166 0.88916665 0.55364585 0.90833336 0.5651042 0.9275 0.58125 0.9125 0.6390625 0.84 0.65260416 0.8258333 0.64375 0.8025 0.625 0.77 0.62291664 0.7758333 0.55833334 0.70666665 0.5552083 0.6875
6 0.846875 0.7266667 0.83177084 0.74833333 0.74114585 0.8525 0.73020834 0.86083335 0.72447914 0.87416667 0.78541666 0.9866667 0.7916667 0.9975 0.8041667 0.9816667 0.8828125 0.895 0.8953125 0.8833333 0.903125 0.87833333 0.9135417 0.8625 0.85260415 0.7291667 0.85 0.725
6 0.85572916 0.5541667 0.7572917 0.62333333 0.7963542 0.7441667 0.80364585 0.7808333 0.82239586 0.76 0.83802086 0.74 0.846875 0.725 0.8510417 0.72583336 0.88072914 0.79 0.91822916 0.77 0.915625 0.75416666 0.87604165 0.6533333 0.8640625 0.56916666 0.8588542 0.55333334
6 0.65208334 0.24333334 0.63385415 0.26416665 0.59270835 0.33 0.5697917 0.35 0.55677086 0.36166668 0.5421875 0.37 0.52916664 0.38583332 0.59791666 0.5325 0.609375 0.52 0.61822915 0.49833333 0.625 0.4825 0.6328125 0.47833332 0.6484375 0.45833334 0.63489586 0.42416668 0.7 0.36 0.66302085 0.2725 0.6567708 0.24833333
6 0.7036458 0.34833333 0.6953125 0.38416666 0.68541664 0.44 0.66614586 0.5108333 0.64427084 0.56666666 0.6546875 0.58 0.68958336 0.59833336 0.7453125 0.6333333 0.7515625 0.6025 0.7494792 0.58916664 0.7786458 0.4825 0.7963542 0.42333335 0.7963542 0.405 0.7114583 0.35083333
6 0.7765625 0.49416667 0.75 0.585 0.7515625 0.59 0.7661458 0.5775 0.790625 0.54833335 0.79791665 0.5375 0.79114586 0.5183333 0.77708334 0.49
6 0.71979165 0.6166667 0.70677084 0.6333333 0.68958336 0.5991667
6 0.72552085 0.33333334 0.70989585 0.35 0.73645836 0.36666667 0.73229164 0.34583333 0.72864586 0.33333334
6 0.69895834 0.36166668 0.6354167 0.42416668 0.6671875 0.5058333 0.68541664 0.43833333 0.6953125 0.38166666 0.70104164 0.3625
6 0.84583336 0.225 0.82916665 0.24916667 0.78802085 0.30916667 0.7739583 0.3225 0.734375 0.35916665 0.73802084 0.36833334 0.796875 0.40583333 0.7973958 0.42583334 0.7765625 0.49083334 0.7895833 0.5133333 0.821875 0.465 0.8432292 0.43333334 0.9010417 0.38 0.9192708 0.36916667 0.85260415 0.23333333
6 0.7984375 0.04916667 0.78333336 0.10333333 0.7651042 0.21333334 0.7630208 0.2225 0.8307292 0.24666667 0.84583336 0.22583333 0.853125 0.23416667 0.86822915 0.265 0.9010417 0.28666666 0.921875 0.21416667 0.93541664 0.11333334 0.9328125 0.108333334 0.8520833 0.086666666 0.8265625 0.07416666
6 0.56354165 0.0 0.5921875 0.0925 0.61875 0.2075 0.6265625 0.2325 0.6302083 0.235 0.7078125 0.17166667 0.72447914 0.15583333 0.7192708 0.1375 0.7 0.094166666 0.6796875 0.0
6 0.0640625 0.3625 0.048958335 0.55083334 0.0578125 0.5516667 0.14270833 0.5516667 0.16197917 0.545 0.18802084 0.5708333 0.2078125 0.58 0.22239584 0.49 0.23020834 0.3975 0.1796875 0.3975 0.1375 0.385 0.08020833 0.365
