19 0.32291666 0.51 0.31510416 0.5108333 0.3109375 0.51166666 0.30885416 0.5175 0.3078125 0.5258333 0.30260417 0.53333336 0.29114583 0.5341667 0.2875 0.535 0.22864583 0.58666664 0.20520833 0.605 0.19947916 0.615 0.1984375 0.62083334 0.1984375 0.62833333 0.20625 0.65 0.22604166 0.71 0.24166666 0.75416666 0.25572917 0.79583335 0.26302084 0.8175 0.2671875 0.82 0.26614583 0.82666665 0.27708334 0.85833335 0.28020832 0.87333333 0.28229168 0.8775 0.28697917 0.8808333 0.29427084 0.87916666 0.35260418 0.8308333 0.38541666 0.80333334 0.40052083 0.79 0.40677083 0.7808333 0.40833333 0.7625 0.39479166 0.7175 0.39166668 0.72 0.38854167 0.7175 0.38854167 0.71416664 0.3921875 0.7108333 0.36458334 0.62083334 0.33125 0.5183333 0.32864583 0.51666665
19 0.3625 0.3325 0.35625 0.335 0.35 0.34583333 0.31979167 0.4175 0.315625 0.45666668 0.3109375 0.50166667 0.309375 0.5125 0.3140625 0.51 0.32291666 0.51 0.32864583 0.51666665 0.33229166 0.5183333 0.34635416 0.565 0.36822918 0.6333333 0.39427084 0.66 0.42135417 0.6933333 0.42708334 0.6933333 0.43645832 0.6875 0.47083333 0.60833335 0.49635416 0.5525 0.5104167 0.52166665 0.5109375 0.5158333 0.5104167 0.50916666 0.50416666 0.49416667 0.47239584 0.45833334 0.428125 0.44833332 0.42395833 0.44166666 0.41666666 0.42583334 0.41927084 0.39916667 0.39791667 0.37333333 0.39375 0.37333333 0.3921875 0.3675 0.3703125 0.34
19 0.38229167 0.07 0.375 0.0725 0.37135416 0.07666667 0.3640625 0.0925 0.353125 0.12166667 0.35677084 0.125 0.35572916 0.12916666 0.35 0.12916666 0.32135418 0.20583333 0.29895833 0.25666666 0.28541666 0.29 0.30885416 0.295 0.3234375 0.29916668 0.32708332 0.305 0.3296875 0.31083333 0.32864583 0.33333334 0.3234375 0.3775 0.3328125 0.38666666 0.35 0.34666666 0.35572916 0.335 0.36197916 0.3325 0.36979166 0.33916667 0.39166668 0.36666667 0.39322916 0.37333333 0.39791667 0.37333333 0.41927084 0.3975 0.43229166 0.28583333 0.43645832 0.22333333 0.43958333 0.21333334 0.44322917 0.20916666 0.446875 0.20833333 0.49270833 0.22166666 0.49427083 0.21333334 0.49427083 0.19833334 0.490625 0.1875 0.40572917 0.094166666
19 0.5708333 0.24166666 0.4921875 0.22166666 0.4484375 0.20916666 0.44375 0.20916666 0.43958333 0.21416667 0.43645832 0.22166666 0.43125 0.29666665 0.42552084 0.34333333 0.41666666 0.42583334 0.42291668 0.43833333 0.428125 0.44833332 0.46822917 0.4575 0.51197916 0.46833333 0.559375 0.48 0.5598958 0.475 0.5625 0.47166666 0.5640625 0.475 0.5640625 0.4825 0.5932292 0.4875 0.6010417 0.485 0.60572916 0.47416666 0.6078125 0.4675 0.61927086 0.35 0.6265625 0.27416667 0.62395835 0.2625 0.62083334 0.2575 0.61510414 0.25333333 0.58697915 0.24583334 0.58697915 0.24916667 0.58385414 0.2525 0.58177084 0.245
19 0.53697914 0.615 0.48385417 0.61083335 0.47135416 0.60833335 0.43697917 0.68666667 0.42864582 0.6925 0.42239583 0.81333333 0.4234375 0.82916665 0.42864582 0.84 0.434375 0.8433333 0.45885417 0.8466667 0.50416666 0.845 0.56666666 0.8516667 0.5671875 0.845 0.56927085 0.8433333 0.571875 0.84583336 0.57239586 0.8525 0.6010417 0.8525 0.6109375 0.8475 0.61354166 0.8383333 0.6145833 0.8333333 0.6197917 0.7025 0.6223958 0.635 0.62083334 0.62833333 0.6177083 0.62416667 0.615625 0.62166667 0.6078125 0.6191667 0.58229166 0.6175 0.58177084 0.62166667 0.5796875 0.62333333 0.578125 0.62083334 0.5776042 0.6175
19 0.64375 0.3425 0.6411458 0.35083333 0.6453125 0.35666665 0.64427084 0.36 0.6411458 0.36 0.6390625 0.35916665 0.62135416 0.42833334 0.59270835 0.5308333 0.5864583 0.55833334 0.5890625 0.57416666 0.59583336 0.585 0.6421875 0.6141667 0.6901042 0.57 0.71875 0.545 0.73333335 0.5308333 0.73072916 0.5316667 0.7291667 0.52416664 0.72760415 0.5233333 0.72552085 0.525 0.7265625 0.5325 0.6984375 0.54583335 0.6927083 0.54583335 0.68541664 0.5416667 0.6802083 0.52666664 0.65416664 0.3925
19 0.659375 0.29833335 0.65260416 0.31 0.65052086 0.31833333 0.65729165 0.31416667 0.6791667 0.30416667 0.6703125 0.29916668 0.66510415 0.29666665
19 0.69635415 0.2975 0.68541664 0.30166668 0.6848958 0.30916667 0.6822917 0.30666667 0.6802083 0.30333334 0.65833336 0.31333333 0.65052086 0.31833333 0.64427084 0.32666665 0.6432292 0.34083334 0.65520835 0.39833334 0.66875 0.47 0.6802083 0.5283333 0.6859375 0.5416667 0.69322914 0.5466667 0.7 0.54583335 0.7265625 0.5325 0.72552085 0.5258333 0.72760415 0.5225 0.7291667 0.52416664 0.73020834 0.53 0.73125 0.53 0.74791664 0.5208333 0.8015625 0.495 0.85833335 0.4675 0.86302084 0.46 0.8645833 0.44666666 0.84739584 0.36333334 0.82239586 0.25416666 0.8151042 0.24583334 0.80677086 0.24333334 0.76979166 0.2625 0.7265625 0.28666666
19 0.8979167 0.33166668 0.8671875 0.32166666 0.8484375 0.31083333 0.8328125 0.2975 0.83697915 0.31833333 0.8520833 0.385 0.8645833 0.44583333 0.86302084 0.46 0.8588542 0.4675 0.76145834 0.51416665 0.7609375 0.515 0.7583333 0.525 0.75677085 0.535 0.7734375 0.585 0.815625 0.6066667 0.8744792 0.6375 0.88177085 0.6375 0.88645834 0.635 0.89166665 0.62416667 0.89947915 0.58 0.89739585 0.57666665 0.89635414 0.5733333 0.8979167 0.57166666 0.90052086 0.57166666 0.915625 0.49333334 0.93854165 0.38916665 0.94114584 0.36916667 0.9401042 0.35666665 0.934375 0.34916666 0.91822916 0.34083334
19 0.63125 0.625 0.6255208 0.63416666 0.6244792 0.64416665 0.6265625 0.65416664 0.6890625 0.8308333 0.69166666 0.82916665 0.6953125 0.83 0.69375 0.83416665 0.69166666 0.8383333 0.70885414 0.8825 0.71302086 0.885 0.71979165 0.8858333 0.7265625 0.88 0.78489584 0.82416666 0.82708335 0.785 0.8328125 0.7733333 0.8333333 0.765 0.83125 0.7558333 0.81927085 0.72 0.81458336 0.72 0.81354165 0.71666664 0.81614584 0.7133333 0.778125 0.60083336 0.7552083 0.53 0.75208336 0.525 0.74427086 0.5225 0.7348958 0.53 0.6411458 0.615
19 0.165625 0.26 0.14947917 0.2575 0.14322917 0.26166666 0.13802083 0.27333334 0.1328125 0.31833333 0.13072917 0.35333332 0.1234375 0.4025 0.1171875 0.47 0.118229166 0.47333333 0.1203125 0.48583335 0.12552084 0.49166667 0.15729167 0.49916667 0.16041666 0.49333334 0.1625 0.49416667 0.16302083 0.5 0.2140625 0.51 0.25364584 0.5233333 0.2921875 0.5341667 0.303125 0.53333336 0.30729166 0.5275 0.30989584 0.5108333 0.32708332 0.34833333 0.33020833 0.3125 0.32708332 0.305 0.32291666 0.3 0.21041666 0.27083334 0.18802084 0.26583335 0.1875 0.27 0.18541667 0.27333334 0.18333334 0.27083334 0.18385416 0.26416665
