6 0.24739583 0.46916667 0.21770833 0.53583336 0.19895834 0.58 0.19739583 0.58416665 0.1984375 0.58666664 0.20052083 0.58666664 0.24739583 0.58 0.27552083 0.5708333 0.31302083 0.5675 0.31458333 0.565 0.33072916 0.56583333 0.33177084 0.5783333 0.3359375 0.6383333 0.33697918 0.67333335 0.36145833 0.5941667 0.3609375 0.5875 0.35625 0.5808333 0.35520834 0.5758333 0.346875 0.5733333 0.33489582 0.56416667 0.31510416 0.5491667 0.28125 0.52916664 0.26458332 0.49333334 0.26302084 0.485 0.25 0.46916667
6 0.41770834 0.3475 0.41927084 0.36166668 0.4265625 0.38333333 0.44479167 0.4525 0.45 0.48083332 0.45520833 0.5108333 0.46302083 0.56166667 0.46822917 0.5825 0.50989586 0.5525 0.55885416 0.5208333 0.57447916 0.51 0.5703125 0.48666668 0.5671875 0.48333332 0.54322916 0.435 0.534375 0.4125 0.53489584 0.38083333 0.525 0.3075 0.5239583 0.2925 0.521875 0.28416666 0.48333332 0.3125 0.459375 0.32 0.44270834 0.3325
6 0.403125 0.38666666 0.403125 0.42 0.40520832 0.4625 0.4078125 0.4725 0.42135417 0.55 0.42291668 0.5575 0.428125 0.55583334 0.45989582 0.54083335 0.45572916 0.5133333 0.44479167 0.45333335 0.43229166 0.40666667 0.4265625 0.38416666 0.425 0.37833333 0.41666666 0.38 0.40885416 0.37916666 0.403125 0.3825
6 0.54895836 0.34916666 0.5375 0.35333332 0.5317708 0.35583332 0.53541666 0.38166666 0.53489584 0.41333333 0.54322916 0.435 0.5619792 0.47333333 0.56354165 0.46833333 0.55260414 0.35
6 0.55052084 0.52916664 0.55572915 0.5316667 0.565625 0.52666664 0.56458336 0.5175 0.55 0.52666664
6 0.6067708 0.725 0.5989583 0.74666667 0.5807292 0.7816667 0.5385417 0.86083335 0.5375 0.86833334 0.5473958 0.8833333 0.5911458 0.9125 0.6125 0.92333335 0.61510414 0.94 0.61875 0.955 0.62708336 0.97833335 0.6375 1.0 0.6692708 1.0 0.69895834 0.93916667 0.71302086 0.895 0.7213542 0.87333333 0.71197915 0.8591667 0.6713542 0.8233333 0.66041666 0.8125 0.62864584 0.755 0.6171875 0.735
6 0.6515625 0.7675 0.665625 0.7725 0.690625 0.7758333 0.6901042 0.7975 0.68958336 0.80333334 0.68385416 0.835 0.6703125 0.8225 0.66041666 0.81166667 0.63177085 0.76166666
6 0.5854167 0.7425 0.58229166 0.76916665 0.58229166 0.7783333 0.5989583 0.74666667
6 0.57135415 0.90416664 0.56458336 0.955 0.5619792 0.9875 0.6020833 1.0 0.6375 1.0 0.62708336 0.9775 0.61927086 0.9558333 0.6145833 0.93833333 0.6125 0.92333335 0.59270835 0.91333336 0.590625 0.9116667 0.57239586 0.9
6 0.67604166 0.99666667 0.6765625 0.985 0.66979164 1.0 0.67552084 1.0
6 0.18125 0.58916664 0.18333334 0.62583333 0.1875 0.6525 0.19427083 0.66583335 0.1984375 0.72333336 0.20052083 0.75333333 0.21197917 0.755 0.21666667 0.75166667 0.25989583 0.7216667 0.2703125 0.71416664 0.2765625 0.70916665 0.31666666 0.74083334 0.3234375 0.745 0.3375 0.745 0.33802083 0.7133333 0.3359375 0.63916665 0.33072916 0.56583333 0.31458333 0.565 0.31302083 0.5675 0.27552083 0.5708333 0.24739583 0.58 0.19895834 0.5875 0.19739583 0.58416665
