6 0.27604166 0.92 0.2609375 1.0 0.43229166 1.0 0.41770834 0.9916667 0.39739582 0.98833334 0.34270832 0.96166664 0.29114583 0.92083335
6 0.46145833 0.86 0.44583333 1.0 0.54479164 1.0 0.55052084 1.0 0.51979166 0.94916666 0.48072916 0.8875 0.46458334 0.86333334
6 0.5083333 0.7008333 0.4828125 0.76166666 0.46770832 0.7783333 0.4515625 0.8441667 0.46770832 0.8666667 0.54270834 0.9875 0.55052084 1.0 0.61510414 0.865 0.61927086 0.8591667 0.60833335 0.84 0.5651042 0.795 0.51666665 0.7083333
6 0.421875 0.57666665 0.4140625 0.58916664 0.39895833 0.6716667 0.36614582 0.7425 0.34427083 0.7891667 0.39479166 0.84 0.440625 0.87833333 0.45052084 0.85 0.45364583 0.8375 0.46822917 0.7775 0.47916666 0.745 0.515625 0.66833335 0.5208333 0.6525 0.49010417 0.62416667 0.446875 0.585 0.43489584 0.5783333
6 0.28177083 0.4975 0.22291666 0.65416664 0.23125 0.66333336 0.32916668 0.7266667 0.35416666 0.7658333 0.36979166 0.7325 0.35833332 0.67083335 0.35 0.6641667 0.28802082 0.6408333 0.29583332 0.60583335 0.3078125 0.5516667 0.315625 0.5283333
6 0.3328125 0.4725 0.3140625 0.53333336 0.30677083 0.5541667 0.28802082 0.64166665 0.29791668 0.64416665 0.35104167 0.6641667 0.35989583 0.6716667 0.40104166 0.66083336 0.41510418 0.5858333 0.4234375 0.5758333 0.43958333 0.58 0.45677084 0.5933333 0.46666667 0.54333335 0.45677084 0.53583336 0.43802083 0.5258333 0.3890625 0.51916665 0.3734375 0.50916666 0.34010416 0.47416666
6 0.36041668 0.6775 0.36979166 0.73333335 0.39895833 0.6691667 0.4 0.6616667 0.35833332 0.6716667
6 0.20677084 0.29833335 0.20885417 0.36333334 0.2234375 0.475 0.24427083 0.46583334 0.27760416 0.45 0.28385416 0.3925 0.2984375 0.32083333 0.3171875 0.32916668 0.36145833 0.35833332 0.36302084 0.2875 0.34739584 0.28666666 0.27604166 0.2975 0.23645833 0.2975 0.2171875 0.295
6 0.41302082 0.38416666 0.38385418 0.3675 0.359375 0.3575 0.31666666 0.32916668 0.2984375 0.32166666 0.2828125 0.39583334 0.27708334 0.45666668 0.27395833 0.49833333 0.28229168 0.49583334 0.325 0.49833333 0.33333334 0.4725 0.33802083 0.4725 0.36875 0.505 0.390625 0.52 0.4078125 0.5208333 0.40989584 0.48916668 0.41197917 0.46833333 0.41354167 0.3925
6 0.4125 0.31833333 0.40989584 0.34583333 0.41354167 0.38583332 0.41302082 0.46583334 0.4078125 0.52166665 0.44166666 0.5275 0.46666667 0.5425 0.46145833 0.5708333 0.5171875 0.56583333 0.5130208 0.48333332 0.45885417 0.445 0.4625 0.43166667 0.49479166 0.31666666 0.47291666 0.32083333 0.44791666 0.33083335 0.44166666 0.33833334 0.43541667 0.335
6 0.5755208 0.44583333 0.5130208 0.58416665 0.51979166 0.5941667 0.59739584 0.665 0.6197917 0.7108333 0.63645834 0.73 0.70104164 0.5925 0.6927083 0.58 0.65052086 0.53833336 0.63125 0.525 0.58802086 0.46 0.5807292 0.44833332
6 0.51458335 0.2225 0.5072917 0.23666666 0.49739584 0.31166667 0.49270833 0.325 0.45885417 0.44416666 0.515625 0.48583335 0.5494792 0.505 0.55885416 0.48333332 0.56354165 0.45083332 0.58385414 0.3625 0.60520834 0.28666666 0.5807292 0.27166668 0.5375 0.24083333
6 0.5286458 0.0 0.5484375 0.115 0.56041664 0.2275 0.62291664 0.20666666 0.6265625 0.18083334 0.6458333 0.19666667 0.66302085 0.18833333 0.6578125 0.15416667 0.6515625 0.135 0.63072914 0.0 0.5671875 0.0
6 0.62135416 0.215 0.60833335 0.27916667 0.596875 0.3275 0.5755208 0.39666668 0.578125 0.40333334 0.63177085 0.4325 0.67552084 0.45916668 0.6822917 0.43166667 0.69114584 0.35 0.71302086 0.2825 0.7234375 0.24416667 0.7234375 0.23083334 0.70729166 0.22 0.6640625 0.2 0.6515625 0.195 0.64479166 0.19666667 0.6265625 0.18166667
6 0.79791665 0.23666666 0.78541666 0.2525 0.76354164 0.3025 0.709375 0.3525 0.69947916 0.3575 0.6890625 0.36833334 0.70625 0.42 0.7291667 0.47 0.740625 0.47666666 0.765625 0.4875 0.7729167 0.46916667 0.83229166 0.39916667 0.8421875 0.39 0.853125 0.3875 0.8619792 0.37083334 0.82447916 0.29333332 0.803125 0.245
6 0.4875 0.6191667 0.5078125 0.615 0.51197916 0.6433333 0.4890625 0.62333333
6 0.5130208 0.6741667 0.47864583 0.74583334 0.46875 0.77666664 0.48333332 0.76166666 0.5083333 0.7008333 0.51770836 0.7083333 0.5229167 0.7183333 0.515625 0.675
6 0.875 0.79833335 0.84375 0.825 0.796875 0.8575 0.7390625 0.88166666 0.76770836 1.0 0.85260415 1.0 0.8567708 0.99083334 0.89635414 0.9841667 0.9114583 0.9766667 0.9166667 0.9658333 0.8984375 0.88 0.87916666 0.81916666 0.8765625 0.80083334
6 0.8125 0.52 0.809375 0.53333336 0.8078125 0.56166667 0.84947914 0.6 0.84739584 0.62916666 0.83958334 0.6425 0.8208333 0.6958333 0.80364585 0.76 0.88125 0.7941667 0.88385415 0.755 0.89635414 0.65166664 0.90625 0.5975 0.9171875 0.56083333 0.90833336 0.555 0.8229167 0.52 0.815625 0.5175
6 0.7640625 0.5283333 0.75625 0.54 0.74791664 0.575 0.73541665 0.6325 0.72760415 0.66333336 0.72552085 0.6816667 0.70520836 0.715 0.6958333 0.73833334 0.70520836 0.74833333 0.7369792 0.7683333 0.79270834 0.81666666 0.7994792 0.7925 0.8 0.7633333 0.8046875 0.75416666 0.82135415 0.69416666 0.83958334 0.64166665 0.84791666 0.6275 0.84947914 0.59833336 0.76666665 0.52666664
6 0.7135417 0.4625 0.7078125 0.47333333 0.70416665 0.5258333 0.6953125 0.57916665 0.69635415 0.585 0.70104164 0.59166664 0.6880208 0.62083334 0.68645835 0.63416666 0.6744792 0.67 0.67083335 0.69416666 0.6770833 0.6983333 0.70625 0.7133333 0.725 0.6816667 0.728125 0.66333336 0.7494792 0.56916666 0.7552083 0.5425 0.75625 0.54 0.7661458 0.5258333 0.80052084 0.55583334 0.80572915 0.5308333 0.8098958 0.515 0.8098958 0.50666666 0.79895836 0.50166667 0.7526042 0.4825 0.7317708 0.4725 0.7203125 0.46583334 0.715625 0.4625
6 0.0640625 0.80083334 0.019270834 0.88 0.0 0.91083336 0.0 1.0 0.1546875 1.0 0.17916666 0.9583333 0.16927083 0.93833333 0.134375 0.91083336 0.12447917 0.8933333 0.0765625 0.81333333
