6 0.2 0.35833332 0.13541667 0.41333333 0.0546875 0.45416668 0.10364583 0.62416667 0.1671875 0.57 0.18697916 0.43666667 0.22916667 0.46333334 0.20729166 0.365
6 0.09947917 0.69 0.11354167 0.75083333 0.114583336 0.78583336 0.12083333 0.81916666 0.1265625 0.8616667 0.14114584 0.855 0.20625 0.81166667 0.2875 0.7783333 0.26614583 0.69166666 0.25833333 0.73583335 0.2421875 0.725 0.1765625 0.69666666 0.15625 0.68833333 0.14583333 0.67333335 0.13177083 0.6741667 0.0984375 0.6816667
6 0.3375 0.27916667 0.3265625 0.2825 0.31822917 0.2975 0.29375 0.31666666 0.26354167 0.33833334 0.21354167 0.35916665 0.20989583 0.36583334 0.2109375 0.38 0.22916667 0.46333334 0.2671875 0.485 0.296875 0.49833333 0.30989584 0.49083334 0.31875 0.4825 0.36979166 0.47 0.37447917 0.46416667 0.35677084 0.37083334 0.34166667 0.28083333
6 0.28697917 0.54 0.30677083 0.5466667 0.32447916 0.555 0.328125 0.51666665 0.33958334 0.51916665 0.41041666 0.55 0.43697917 0.5575 0.44427082 0.48 0.44947916 0.435 0.4421875 0.41666666 0.4390625 0.4075 0.38854167 0.41166666 0.36458334 0.41333333 0.37447917 0.46416667 0.3703125 0.47 0.31875 0.4825 0.3078125 0.4925 0.296875 0.49916667 0.2859375 0.5366667
6 0.32447916 0.56 0.31510416 0.6591667 0.31145832 0.70666665 0.3046875 0.7391667 0.30208334 0.75333333 0.30416667 0.7633333 0.33541667 0.7733333 0.39010417 0.7891667 0.41302082 0.79583335 0.4203125 0.77166665 0.4171875 0.71 0.41354167 0.68583333 0.41875 0.6408333 0.44114584 0.56416667 0.4328125 0.5566667 0.41302082 0.55 0.35625 0.52666664 0.33958334 0.51916665 0.328125 0.5175
6 0.48697916 0.165 0.421875 0.2125 0.384375 0.23833333 0.38645834 0.26 0.39947918 0.28333333 0.42552084 0.33916667 0.4375 0.39333335 0.44114584 0.41333333 0.45 0.43666667 0.45260417 0.44333333 0.47552082 0.42416668 0.49427083 0.4075 0.525 0.37666667 0.553125 0.34666666 0.54375 0.32416666 0.5234375 0.29666665 0.51458335 0.28833333 0.5072917 0.24416667 0.49427083 0.19083333 0.49010417 0.17333333
6 0.56145835 0.2425 0.5265625 0.30166668 0.5442708 0.32416666 0.553125 0.34583333 0.54791665 0.3525 0.50104165 0.40083334 0.4890625 0.41333333 0.47291666 0.4275 0.51875 0.52166665 0.5265625 0.5158333 0.5598958 0.45583335 0.5630208 0.34583333 0.57604164 0.35 0.63177085 0.3625 0.60572916 0.30333334
6 0.5598958 0.46 0.55885416 0.5225 0.5494792 0.58666664 0.55 0.60583335 0.59375 0.6041667 0.6171875 0.6016667 0.6203125 0.5833333 0.59791666 0.5233333 0.6010417 0.49833333 0.65833336 0.5075 0.6578125 0.47916666 0.6515625 0.44916666 0.66979164 0.41583332 0.67604166 0.39416668 0.6770833 0.36916667 0.6203125 0.36 0.5875 0.3525 0.57135415 0.35 0.5630208 0.34583333
6 0.7036458 0.515 0.65520835 0.5075 0.6010417 0.49833333 0.59791666 0.52166665 0.6203125 0.5833333 0.6171875 0.60083336 0.6015625 0.6375 0.5786458 0.68416667 0.5729167 0.705 0.57135415 0.7175 0.6088542 0.72 0.64166665 0.7316667 0.6635417 0.74 0.6770833 0.6766667 0.6901042 0.635 0.7083333 0.5325
6 0.1859375 0.43666667 0.16770834 0.56583333 0.14583333 0.6741667 0.1546875 0.6875 0.25885418 0.7341667 0.26510417 0.69666666 0.26510417 0.6725 0.2796875 0.55833334 0.29739583 0.49833333 0.26354167 0.4825
