14 0.29375 0.37 0.33697918 0.385 0.33697918 0.395 0.32864583 0.40416667 0.3 0.46166667 0.27916667 0.455 0.28020832 0.46916667 0.2734375 0.46833333 0.26614583 0.47083333 0.26458332 0.47166666 0.26822916 0.44666666 0.27239582 0.41 0.27395833 0.39416668 0.27447918 0.38 0.27760416 0.36916667 0.284375 0.36416668 0.290625 0.365 0.29114583 0.36833334
14 0.35208333 0.5108333 0.36614582 0.49916667 0.375 0.5075 0.38177082 0.51 0.38489583 0.51166666 0.3875 0.5208333 0.37447917 0.565 0.3671875 0.58416665 0.36770833 0.58666664 0.38072917 0.585 0.39322916 0.58666664 0.39947918 0.595 0.4265625 0.61333334 0.42916667 0.62166667 0.44947916 0.67 0.4703125 0.7225 0.47864583 0.73833334 0.4890625 0.7658333 0.49270833 0.7816667 0.496875 0.7916667 0.503125 0.80083334 0.49895832 0.8325 0.484375 0.8283333 0.471875 0.8175 0.46927083 0.81583333 0.46041667 0.82666665 0.45677084 0.8333333 0.45208332 0.81333333 0.44583333 0.8041667 0.41510418 0.7183333 0.39895833 0.6791667 0.38020834 0.6358333 0.365625 0.6016667 0.3578125 0.58166665 0.3515625 0.56666666 0.34791666 0.555 0.3453125 0.5391667 0.33541667 0.53583336 0.3375 0.5325 0.3421875 0.5233333 0.3484375 0.5133333 0.3515625 0.5108333
14 0.50625 0.6741667 0.49010417 0.72 0.48125 0.7241667 0.478125 0.7366667 0.484375 0.7525 0.48958334 0.76666665 0.51197916 0.78333336 0.53541666 0.8066667 0.54010415 0.80916667 0.54895836 0.7816667 0.5520833 0.74333334 0.5578125 0.72333336 0.5520833 0.7058333 0.5390625 0.695 0.5072917 0.6741667
14 0.44479167 0.62666667 0.49322918 0.665 0.51197916 0.6775 0.54010415 0.6958333 0.55260414 0.7058333 0.55833334 0.72333336 0.56458336 0.7341667 0.56927085 0.7391667 0.5854167 0.74833333 0.60260415 0.68416667 0.61354166 0.6408333 0.6088542 0.6358333 0.5942708 0.625 0.584375 0.62916666 0.5755208 0.62916666 0.5364583 0.595 0.5171875 0.6041667 0.50989586 0.60833335 0.49375 0.6041667 0.49322918 0.56333333 0.48125 0.55333334 0.48177084 0.56083333 0.4859375 0.5725 0.47760418 0.575 0.4359375 0.5783333 0.4203125 0.575 0.4046875 0.57666665 0.40416667 0.5525 0.41666666 0.5316667 0.4171875 0.49833333 0.409375 0.48583335 0.41145834 0.47916666 0.40208334 0.47333333 0.39479166 0.49416667 0.38697916 0.52166665 0.3796875 0.5466667 0.37447917 0.56416667 0.36927083 0.5783333 0.3671875 0.58416665 0.36770833 0.58666664 0.38020834 0.585 0.39322916 0.58666664 0.4 0.595 0.41822916 0.6075 0.42760417 0.6141667 0.44114584 0.62416667
14 0.5473958 0.5908333 0.56875 0.5883333 0.59270835 0.59 0.58802086 0.6075 0.58385414 0.6125 0.58125 0.62916666 0.57604164 0.63 0.55104166 0.6075 0.54375 0.6016667 0.5473958 0.59166664
14 0.57239586 0.50416666 0.6276042 0.50416666 0.6765625 0.505 0.70625 0.50333333 0.7125 0.50333333 0.71875 0.50083333 0.71875 0.50416666 0.7171875 0.50666666 0.7161458 0.5225 0.71302086 0.54833335 0.71197915 0.5775 0.71302086 0.60333335 0.71197915 0.61583334 0.70885414 0.61583334 0.70208335 0.6116667 0.70208335 0.60583335 0.69427085 0.6 0.678125 0.595 0.6479167 0.59166664 0.6322917 0.5883333 0.621875 0.5875 0.59270835 0.59 0.58177084 0.58916664 0.56875 0.5883333 0.5578125 0.58916664 0.55 0.59 0.5473958 0.59 0.540625 0.59166664 0.5359375 0.595 0.515625 0.605 0.50989586 0.6075 0.49375 0.60333335 0.49322918 0.5625 0.49375 0.49083334 0.51666665 0.48583335 0.5239583 0.48833334 0.53541666 0.50083333 0.5572917 0.50416666 0.5703125 0.50333333
14 0.57239586 0.4575 0.615625 0.465 0.6197917 0.46666667 0.61614585 0.49166667 0.615625 0.50333333 0.61510414 0.50416666 0.57239586 0.50416666 0.5708333 0.50333333 0.5578125 0.50333333 0.5552083 0.50333333 0.55833334 0.49333334 0.5671875 0.46416667 0.5697917 0.45666668
14 0.47916666 0.42833334 0.490625 0.42583334 0.4953125 0.4375 0.496875 0.45583335 0.49375 0.47416666 0.49010417 0.4975 0.48229167 0.5275 0.478125 0.5366667 0.4734375 0.52916664 0.475 0.5175 0.47604167 0.49916667 0.47760418 0.465 0.478125 0.42916667
14 0.42395833 0.3425 0.41979167 0.44833332 0.4171875 0.49916667 0.41666666 0.5316667 0.40416667 0.5525 0.40416667 0.57666665 0.42135417 0.575 0.43645832 0.5783333 0.46875 0.5758333 0.47760418 0.575 0.4859375 0.57166666 0.48177084 0.56083333 0.48125 0.55333334 0.47864583 0.5366667 0.47291666 0.52916664 0.475 0.5175 0.47708333 0.4725 0.478125 0.44833332 0.478125 0.42833334 0.478125 0.34583333 0.48020834 0.27083334 0.48125 0.25083333 0.48541668 0.23333333 0.48697916 0.2225 0.48645833 0.2125 0.49322918 0.21083333 0.49583334 0.20583333 0.49739584 0.2 0.4984375 0.19333333 0.49739584 0.1875 0.490625 0.18833333 0.47291666 0.185 0.45833334 0.17916666 0.44010416 0.17916666 0.42604166 0.17916666 0.415625 0.185 0.41770834 0.19833334 0.421875 0.21833333 0.42291668 0.23583333 0.42552084 0.25083333 0.42552084 0.28083333 0.42447916 0.33333334
14 0.36510417 0.48583335 0.39322916 0.49916667 0.39479166 0.49333334 0.40208334 0.47333333 0.41145834 0.47916666 0.409375 0.48583335 0.4171875 0.49833333 0.42083332 0.41666666 0.38697916 0.40583333 0.39635417 0.4175 0.40416667 0.42666668 0.40885416 0.4325 0.396875 0.45166665 0.38333333 0.465 0.36614582 0.47166666 0.36145833 0.48333332
14 0.384375 0.37083334 0.41041666 0.34583333 0.41875 0.33583334 0.4234375 0.355 0.42083332 0.41666666 0.38645834 0.40583333 0.36979166 0.385 0.37395832 0.38 0.378125 0.37666667 0.38177082 0.37333333
14 0.34739584 0.305 0.3921875 0.255 0.421875 0.22333333 0.4234375 0.23833333 0.42552084 0.25083333 0.42552084 0.28416666 0.42447916 0.33 0.41875 0.33583334 0.40989584 0.34583333 0.3875 0.3675 0.38385418 0.37166667 0.38125 0.37333333 0.378125 0.37666667 0.37447917 0.38 0.36927083 0.385 0.36145833 0.37416667 0.36145833 0.36833334 0.353125 0.34916666 0.34166667 0.33333334 0.33125 0.315 0.328125 0.315 0.32760417 0.30166668 0.3453125 0.30666667
14 0.3375 0.22 0.3453125 0.19833334 0.35208333 0.18166667 0.35208333 0.16833334 0.38489583 0.24833333 0.38854167 0.25916666 0.34895834 0.30416667 0.3453125 0.30666667 0.33802083 0.305 0.321875 0.26083332 0.32916668 0.2425
14 0.23385416 0.29583332 0.28072917 0.19166666 0.296875 0.15916666 0.30260417 0.1375 0.30729166 0.11833333 0.3078125 0.11083333 0.31510416 0.1275 0.32708332 0.1525 0.33958334 0.16833334 0.34427083 0.1625 0.35208333 0.16916667 0.35208333 0.18166667 0.3296875 0.24083333 0.32135418 0.26166666 0.27083334 0.3675 0.2515625 0.4075 0.24322917 0.42583334 0.23697917 0.43916667 0.234375 0.46833333 0.2171875 0.485 0.21197917 0.46583334 0.2046875 0.44833332 0.19635417 0.43083334 0.18333334 0.41333333 0.1703125 0.40083334 0.175 0.39083335 0.18697916 0.38333333 0.19895834 0.3725 0.23125 0.30166668
14 0.31979167 0.07666667 0.33229166 0.0975 0.33802083 0.12666667 0.34114584 0.14583333 0.3515625 0.16916667 0.34427083 0.1625 0.33958334 0.16833334 0.32708332 0.1525 0.32395834 0.14583333 0.3078125 0.11083333 0.30729166 0.11833333 0.296875 0.15916666 0.28697917 0.17833333 0.2828125 0.17083333 0.27395833 0.17166667 0.26510417 0.15 0.265625 0.14166667 0.30260417 0.0975 0.31770834 0.079166666
14 0.50677085 0.245 0.5265625 0.24833333 0.52708334 0.26333332 0.5203125 0.30333334 0.50989586 0.31583333 0.50625 0.35166666 0.478125 0.34416667 0.4796875 0.29833335 0.48020834 0.27083334 0.49583334 0.25333333 0.50416666 0.245
14 0.46041667 0.1775 0.490625 0.14416666 0.503125 0.123333335 0.5078125 0.11666667 0.50572914 0.10916667 0.51458335 0.105 0.52135414 0.12416667 0.54010415 0.19 0.5484375 0.22333333 0.54322916 0.22416666 0.534375 0.22166666 0.5328125 0.21166667 0.52916664 0.21333334 0.5265625 0.2225 0.5104167 0.24 0.50364584 0.24583334 0.49635416 0.25333333 0.48020834 0.27083334 0.48125 0.25 0.48541668 0.23416667 0.48697916 0.22166666 0.48645833 0.2125 0.49322918 0.21083333 0.49583334 0.20666666 0.49739584 0.2 0.4984375 0.19333333 0.49739584 0.1875 0.49114582 0.1875 0.47239584 0.185 0.45833334 0.17916666
14 0.5109375 0.44166666 0.5703125 0.45666668 0.615625 0.465 0.621875 0.4675 0.64270836 0.46833333 0.659375 0.46916667 0.671875 0.485 0.67760414 0.48666668 0.67760414 0.47333333 0.6734375 0.47083333 0.678125 0.44666666 0.6744792 0.43083334 0.6744792 0.4075 0.671875 0.37916666 0.6692708 0.36583334 0.65833336 0.36916667 0.66041666 0.37833333 0.65520835 0.38166666 0.61614585 0.37416667 0.57604164 0.36583334 0.55885416 0.36166668 0.55625 0.36416668 0.54010415 0.365 0.534375 0.35666665 0.50572914 0.35166666 0.478125 0.34416667 0.478125 0.42916667 0.47916666 0.4275 0.490625 0.42583334 0.49479166 0.43666667 0.5104167 0.44166666
14 0.596875 0.34166667 0.6 0.37083334 0.5807292 0.36666667 0.55885416 0.36166668 0.56354165 0.35416666 0.5734375 0.34833333 0.59479165 0.34166667
14 0.62083334 0.23916666 0.6921875 0.22 0.7260417 0.21166667 0.73333335 0.20333333 0.74114585 0.19833334 0.74635416 0.19083333 0.7572917 0.19083333 0.75677085 0.20916666 0.7546875 0.24583334 0.75677085 0.24666667 0.76875 0.28583333 0.76927084 0.30083334 0.759375 0.30916667 0.75208336 0.30833334 0.7328125 0.29916668 0.6713542 0.31833333 0.6203125 0.33333334 0.5953125 0.34166667 0.5796875 0.34666666 0.5734375 0.34833333 0.56354165 0.35416666 0.55885416 0.36166668 0.55572915 0.36416668 0.54010415 0.36416668 0.534375 0.35583332 0.52760416 0.29 0.52760416 0.26166666 0.5265625 0.24833333 0.5260417 0.245 0.54322916 0.23833333 0.565625 0.24833333 0.59791666 0.2475 0.6177083 0.2425
14 0.55572915 0.24083333 0.59583336 0.24083333 0.59739584 0.24333334 0.60052085 0.24666667 0.59791666 0.2475 0.565625 0.24833333 0.54895836 0.24083333 0.553125 0.24
14 0.5317708 0.14583333 0.58177084 0.1375 0.596875 0.13083333 0.60833335 0.125 0.6203125 0.13333334 0.62291664 0.14333333 0.6234375 0.23833333 0.6203125 0.23916666 0.6177083 0.2425 0.60052085 0.24666667 0.59583336 0.24083333 0.55677086 0.24083333 0.553125 0.24 0.54895836 0.24083333 0.54322916 0.23833333 0.5260417 0.245 0.5265625 0.24833333 0.50677085 0.245 0.50416666 0.245 0.5104167 0.24 0.51875 0.23083334 0.5265625 0.2225 0.5296875 0.21333334 0.5328125 0.21166667 0.534375 0.22166666 0.54322916 0.22416666 0.5484375 0.22333333 0.5416667 0.19666667 0.5395833 0.18833333 0.53229165 0.16333333 0.52760416 0.14666666 0.53020835 0.14583333
14 0.52552086 0.0625 0.553125 0.06333333 0.5854167 0.064166665 0.596875 0.064166665 0.59270835 0.09166667 0.5854167 0.10166667 0.58697915 0.135 0.5807292 0.13833334 0.534375 0.145 0.5328125 0.11 0.53020835 0.085 0.521875 0.064166665
14 0.42916667 0.16083333 0.475 0.15083334 0.48489583 0.15083334 0.47291666 0.16416667 0.46145833 0.17583333 0.45833334 0.17916666 0.4265625 0.17916666 0.415625 0.185 0.41875 0.20333333 0.42135417 0.21666667 0.421875 0.22333333 0.390625 0.25666666 0.39166668 0.23916666 0.39270833 0.2075 0.39270833 0.17166667 0.3921875 0.1425 0.396875 0.14 0.39739582 0.14916667 0.42291668 0.16333333
14 0.30052084 0.46 0.24270834 0.5833333 0.22708334 0.6066667 0.2125 0.61 0.21041666 0.6175 0.20260416 0.62833333 0.21666667 0.655 0.24739583 0.7 0.2578125 0.7108333 0.26927084 0.6933333 0.278125 0.6558333 0.33645833 0.53333336 0.35364583 0.50416666 0.36614582 0.47166666 0.38333333 0.465 0.396875 0.45083332 0.40885416 0.4325 0.378125 0.395 0.35989583 0.37166667 0.3421875 0.35166666 0.33697918 0.365 0.33697918 0.395 0.32864583 0.40416667 0.3015625 0.45833334
