15 0.74010414 0.5341667 0.75416666 0.66583335 0.76197916 0.75333333 0.7651042 0.7758333 0.7671875 0.7808333 0.7703125 0.78583336 0.77239585 0.78833336 0.77552086 0.7875 0.7760417 0.7941667 0.77916664 0.795 0.7786458 0.7991667 0.77552086 0.8066667 0.7765625 0.8075 0.77916664 0.81 0.7817708 0.81083333 0.78489584 0.80916667 0.7885417 0.8075 0.7890625 0.8041667 0.7875 0.79583335 0.7890625 0.7941667 0.79114586 0.79 0.7916667 0.78333336 0.7942708 0.77916664 0.7963542 0.7733333 0.79583335 0.765 0.7890625 0.67833334 0.78125 0.5975 0.7708333 0.50916666 0.7604167 0.43 0.75677085 0.41916665 0.75364584 0.41416666 0.74895835 0.41083333 0.7484375 0.40583333 0.74583334 0.40333334 0.74427086 0.4025 0.74322915 0.39333335 0.7416667 0.38916665 0.73802084 0.39 0.73229164 0.39666668 0.7359375 0.40583333 0.7338542 0.40916666 0.7348958 0.41333333 0.73333335 0.41583332 0.7296875 0.42333335 0.728125 0.43083334 0.72864586 0.44916666 0.7338542 0.49
15 0.8119792 0.585 0.809375 0.5875 0.80625 0.5941667 0.8020833 0.59166664 0.8 0.5925 0.7984375 0.59583336 0.7973958 0.59833336 0.79322916 0.6 0.79010415 0.60083336 0.78229165 0.6091667 0.79010415 0.68583333 0.81041664 0.64 0.8125 0.6358333 0.8140625 0.62916666 0.81354165 0.6166667 0.8130208 0.6116667 0.81145835 0.6075 0.8119792 0.605 0.8125 0.6025 0.8119792 0.6 0.81614584 0.5925 0.81614584 0.58916664 0.8130208 0.5833333
15 0.775 0.51166666 0.7796875 0.51666665 0.78333336 0.52416664 0.784375 0.5316667 0.78697914 0.5325 0.7875 0.5375 0.7963542 0.53833336 0.7953125 0.5475 0.7942708 0.55 0.79270834 0.55 0.7875 0.5475 0.78489584 0.55 0.7828125 0.5525 0.7807292 0.5516667 0.7786458 0.5541667 0.7760417 0.55583334 0.7708333 0.50916666 0.771875 0.50916666
15 0.634375 0.4375 0.7338542 0.49 0.74114585 0.54833335 0.7026042 0.5308333 0.6 0.475 0.575 0.45583335 0.5703125 0.44666666 0.56875 0.43583333 0.56614584 0.43666667 0.5630208 0.43583333 0.56354165 0.43 0.55833334 0.4275 0.55677086 0.42 0.559375 0.41416666 0.56145835 0.41416666 0.5671875 0.42 0.56927085 0.41666666 0.57239586 0.42 0.57604164 0.41666666 0.5807292 0.41166666 0.5875 0.41166666 0.6010417 0.41833332
15 0.57135415 0.6958333 0.43229166 0.71666664 0.38958332 0.7175 0.37760416 0.7158333 0.37239584 0.7058333 0.37083334 0.7008333 0.3671875 0.6975 0.36041668 0.7008333 0.35885417 0.68666667 0.36197916 0.6766667 0.3671875 0.67833334 0.36770833 0.6816667 0.37083334 0.68 0.3734375 0.6725 0.37916666 0.6675 0.39583334 0.665 0.4234375 0.66583335 0.46666667 0.66 0.56145835 0.6433333 0.5875 0.64166665 0.5921875 0.645 0.59375 0.65166664 0.60052085 0.6508333 0.6 0.6591667 0.609375 0.6558333 0.61041665 0.6625 0.6088542 0.6716667 0.60625 0.675 0.6020833 0.67333335 0.5963542 0.675 0.59583336 0.685 0.59166664 0.69083333 0.5828125 0.69416666
15 0.5390625 0.73083335 0.515625 0.8441667 0.5104167 0.855 0.5015625 0.85833335 0.49895832 0.8616667 0.4984375 0.87583333 0.49166667 0.875 0.4875 0.8691667 0.49166667 0.86083335 0.49010417 0.855 0.490625 0.84833336 0.48645833 0.83916664 0.48541668 0.8283333 0.4875 0.81666666 0.50885415 0.705 0.54583335 0.7
15 0.55885416 0.51 0.5515625 0.515 0.54583335 0.5258333 0.5203125 0.6508333 0.55625 0.64416665 0.57447916 0.55 0.5765625 0.53833336 0.5755208 0.5258333 0.5703125 0.51666665 0.5703125 0.51 0.575 0.5 0.56875 0.4925 0.5640625 0.5025 0.56041664 0.5083333
15 0.4734375 0.6041667 0.4734375 0.6141667 0.475 0.62 0.478125 0.625 0.47552082 0.62916666 0.47708333 0.635 0.4765625 0.6425 0.4734375 0.6483333 0.47604167 0.65166664 0.48020834 0.655 0.48229167 0.6525 0.48333332 0.63916665 0.4875 0.6408333 0.48958334 0.63416666 0.4984375 0.6275 0.503125 0.6225 0.49635416 0.6141667 0.49322918 0.6175 0.48958334 0.6141667 0.49010417 0.61 0.48541668 0.6125 0.47864583 0.61 0.47552082 0.6066667
15 0.47604167 0.5416667 0.49583334 0.57 0.49895832 0.5775 0.49947917 0.58416665 0.49791667 0.595 0.5015625 0.60083336 0.5078125 0.60583335 0.50885415 0.61 0.50625 0.6091667 0.50677085 0.61333334 0.50677085 0.61833334 0.50364584 0.6225 0.5026042 0.62166667 0.49635416 0.6141667 0.49322918 0.6175 0.48958334 0.6141667 0.49010417 0.61 0.48541668 0.6125 0.47864583 0.61 0.47552082 0.60583335 0.4734375 0.6041667 0.47291666 0.60583335 0.46979168 0.6025 0.43333334 0.5516667 0.38697916 0.48416665 0.33125 0.40333334 0.31770834 0.38166666 0.31614584 0.3725 0.3171875 0.36333334 0.3140625 0.36333334 0.31197917 0.35833332 0.31302083 0.35416666 0.30520833 0.3475 0.30625 0.34416667 0.30885416 0.34333333 0.30833334 0.33916667 0.31145832 0.33416668 0.31302083 0.33416668 0.31822917 0.3425 0.32291666 0.34333333 0.32708332 0.34083334 0.33333334 0.34166667 0.33958334 0.34583333 0.37239584 0.39416668 0.4421875 0.49416667
15 0.46875 0.6125 0.46666667 0.6191667 0.46458334 0.62333333 0.46145833 0.62666667 0.45729166 0.63 0.45520833 0.6308333 0.45520833 0.6358333 0.453125 0.6375 0.45260417 0.6433333 0.45260417 0.6525 0.4453125 0.6525 0.44114584 0.6508333 0.44166666 0.63416666 0.44166666 0.62916666 0.44270834 0.62666667 0.43958333 0.6225 0.4375 0.6141667 0.4375 0.6075 0.44166666 0.58166665 0.44479167 0.5675 0.46875 0.60083336 0.47083333 0.6041667
15 0.36822918 0.56 0.30572918 0.64666665 0.27916667 0.68333334 0.25989583 0.7083333 0.25364584 0.72 0.253125 0.72833335 0.2546875 0.73333335 0.25208333 0.73833334 0.253125 0.7416667 0.24479167 0.7475 0.246875 0.755 0.25052083 0.7608333 0.2578125 0.75 0.26197916 0.75 0.2640625 0.7475 0.26666668 0.75083333 0.271875 0.7525 0.27552083 0.7525 0.28489584 0.7441667 0.321875 0.69666666 0.38229167 0.6125 0.42916667 0.545 0.40520832 0.5108333
15 0.30885416 0.42416668 0.2640625 0.5775 0.26145834 0.5833333 0.2578125 0.5875 0.253125 0.5858333 0.25104168 0.5925 0.2484375 0.5933333 0.24739583 0.6075 0.24427083 0.605 0.23958333 0.6041667 0.23541667 0.59833336 0.234375 0.5925 0.23854166 0.5883333 0.23854166 0.5825 0.23958333 0.58 0.23645833 0.5733333 0.23489584 0.565 0.23489584 0.55916667 0.2359375 0.5491667 0.2578125 0.46916667 0.30729166 0.30333334 0.32135418 0.26166666 0.3265625 0.2525 0.3359375 0.25083333 0.3390625 0.24916667 0.33958334 0.2375 0.34479168 0.23666666 0.34947917 0.24 0.35364583 0.24333334 0.3484375 0.255 0.35052082 0.26 0.35052082 0.26833335 0.3515625 0.27833334 0.33489582 0.3425 0.3328125 0.34166667 0.32708332 0.34083334 0.32291666 0.34333333 0.31822917 0.3425 0.31302083 0.33416668 0.31145832 0.33416668 0.30833334 0.33916667 0.30885416 0.34333333 0.30677083 0.34416667 0.30520833 0.3475 0.31302083 0.35416666 0.31197917 0.35833332 0.3140625 0.36333334 0.3171875 0.36333334 0.31614584 0.3725 0.31770834 0.38166666 0.3203125 0.38583332 0.31927082 0.39333335
15 0.5234375 0.33583334 0.49375 0.495 0.48385417 0.54583335 0.48229167 0.55 0.45416668 0.51 0.4921875 0.32166666 0.49947917 0.29333332 0.5046875 0.285 0.5109375 0.285 0.5109375 0.27833334 0.5151042 0.27166668 0.5161458 0.26166666 0.521875 0.2625 0.5265625 0.26833335 0.521875 0.27833334 0.5234375 0.28583333 0.52708334 0.2975 0.528125 0.31
15 0.5307292 0.37916666 0.528125 0.37666667 0.50677085 0.45166665 0.5005208 0.48166665 0.49427083 0.50416666 0.48854166 0.5325 0.48541668 0.5366667 0.48333332 0.54833335 0.48645833 0.54833335 0.48541668 0.55333334 0.4859375 0.55583334 0.49375 0.5675 0.49583334 0.5708333 0.49895832 0.5775 0.49947917 0.585 0.49791667 0.595 0.5015625 0.60083336 0.5078125 0.605 0.5140625 0.58 0.51666665 0.5708333 0.51875 0.57 0.51979166 0.56333333 0.5296875 0.52 0.534375 0.50083333 0.54895836 0.44416666 0.56458336 0.38583332 0.5776042 0.3375 0.5786458 0.33 0.578125 0.31833333 0.578125 0.31333333 0.575 0.30916667 0.5765625 0.30416667 0.57447916 0.3 0.5796875 0.28833333 0.5776042 0.28583333 0.575 0.28166667 0.5729167 0.28666666 0.5703125 0.2925 0.5677083 0.2925 0.565625 0.29333332 0.56458336 0.29833335 0.5609375 0.29916668 0.55677086 0.3 0.55 0.31166667
15 0.75416666 0.665 0.76145834 0.74666667 0.73125 0.81583333 0.7083333 0.8691667 0.70416665 0.87833333 0.7005208 0.8833333 0.6947917 0.8875 0.68958336 0.8883333 0.68385416 0.88666666 0.68385416 0.89166665 0.68072915 0.89416665 0.67864585 0.89 0.67395836 0.9 0.6703125 0.8983333 0.6671875 0.8908333 0.66822916 0.88916665 0.6744792 0.8825 0.67395836 0.87666667 0.6765625 0.8725 0.6744792 0.86333334 0.675 0.85333335 0.678125 0.8441667 0.69166666 0.80833334 0.7161458 0.75083333
