14 0.26979166 0.80833334 0.39739582 0.86333334 0.41614583 0.87083334 0.43385416 0.86583334 0.440625 0.8675 0.43541667 0.8983333 0.43020833 0.93 0.42552084 0.95916665 0.42291668 0.9691667 0.4140625 0.96666664 0.40625 0.96 0.39947918 0.95 0.38072917 0.94166666 0.26822916 0.89166665 0.24427083 0.88166666 0.2375 0.8808333 0.221875 0.88666666 0.21614583 0.8833333 0.22083333 0.8641667 0.24322917 0.7925 0.25104168 0.7966667
15 0.27708334 0.4875 0.2703125 0.48416665 0.2765625 0.4775 0.28072917 0.475 0.28177083 0.48416665 0.2859375 0.48416665 0.29583332 0.4875 0.30572918 0.49666667 0.33697918 0.5466667 0.40208334 0.6691667 0.43020833 0.7275 0.42135417 0.7391667 0.43489584 0.7675 0.4375 0.7758333 0.43229166 0.78 0.428125 0.7725 0.42239583 0.76666665 0.4140625 0.76166666 0.40572917 0.75416666 0.38020834 0.7058333 0.33072916 0.6091667 0.29895833 0.555 0.27864584 0.515 0.27760416 0.50083333 0.27708334 0.495
2 0.4328125 0.7266667 0.4640625 0.6975 0.49791667 0.6716667 0.4984375 0.685 0.50625 0.70166665 0.5203125 0.7133333 0.58489585 0.7525 0.62708336 0.7725 0.63177085 0.76916665 0.63958335 0.75666666 0.6453125 0.7125 0.64635414 0.695 0.65520835 0.6525 0.66197914 0.6191667 0.68645835 0.68416667 0.72239584 0.7816667 0.7182292 0.78583336 0.70208335 0.79833335 0.6421875 0.85083336 0.5140625 0.9658333 0.45260417 0.8125 0.43802083 0.7733333 0.43489584 0.7683333 0.42135417 0.74
10 0.5619792 0.375 0.56875 0.3675 0.5765625 0.36833334 0.5854167 0.38083333 0.5942708 0.395 0.59583336 0.43166667 0.6 0.43166667 0.61614585 0.42 0.6322917 0.41416666 0.6802083 0.41083333 0.68958336 0.41916665 0.6947917 0.43 0.69427085 0.4475 0.68541664 0.48083332 0.68072915 0.5108333 0.67552084 0.54083335 0.67083335 0.55083334 0.6645833 0.5566667 0.66302085 0.5683333 0.6645833 0.58666664 0.6609375 0.62166667 0.6458333 0.6958333 0.6453125 0.70916665 0.6401042 0.7558333 0.6328125 0.7683333 0.6265625 0.7733333 0.5828125 0.75166667 0.5234375 0.715 0.50677085 0.7025 0.49791667 0.6825 0.4984375 0.66583335 0.5052083 0.62333333 0.5130208 0.58916664 0.528125 0.545 0.540625 0.51166666 0.5390625 0.50416666 0.5385417 0.4925 0.54479164 0.46666667 0.54895836 0.44666666 0.55677086 0.40166667
16 0.68125 0.55833334 0.6640625 0.5883333 0.66302085 0.57 0.6640625 0.5566667 0.6713542 0.55083334 0.67395836 0.5441667
11 0.16979167 0.18916667 0.25052083 0.22333333 0.2828125 0.23666666 0.31510416 0.25333333 0.2984375 0.32833335 0.2640625 0.50416666 0.25625 0.5416667 0.24166666 0.56583333 0.21927084 0.54583335 0.20572917 0.52916664 0.196875 0.52 0.1875 0.49833333 0.18177083 0.4875 0.171875 0.48416665 0.16197917 0.48416665 0.1390625 0.505 0.11510417 0.5175 0.119791664 0.495 0.13541667 0.41583332 0.14375 0.3675 0.14635417 0.31666666 0.16614583 0.2
4 0.29479167 0.38166666 0.3015625 0.35666665 0.30677083 0.34333333 0.3171875 0.32916668 0.33229166 0.31666666 0.34739584 0.31083333 0.36666667 0.31166667 0.38385418 0.3225 0.35677084 0.3725 0.33645833 0.41333333 0.32552084 0.41666666 0.30364582 0.44333333 0.30885416 0.44916666 0.34114584 0.48666668 0.365625 0.5108333 0.38489583 0.54 0.39010417 0.56166667 0.39479166 0.56166667 0.40677083 0.525 0.425 0.5425 0.44427082 0.6016667 0.45208332 0.62666667 0.45052084 0.63916665 0.4375 0.6525 0.41770834 0.665 0.41197917 0.6641667 0.40572917 0.6508333 0.384375 0.58666664 0.37135416 0.5425 0.3625 0.51916665 0.35208333 0.5108333 0.34166667 0.5083333 0.3328125 0.50416666 0.32083333 0.49583334 0.30885416 0.48 0.29947916 0.46 0.29322916 0.435 0.29166666 0.405
1 0.42604166 0.2425 0.4296875 0.2275 0.43541667 0.2175 0.44479167 0.21416667 0.4546875 0.2225 0.44375 0.22333333 0.45 0.2375 0.4640625 0.25083333 0.47239584 0.26333332 0.48229167 0.2825 0.51145834 0.3025 0.509375 0.31166667 0.49270833 0.33333334 0.48020834 0.35416666 0.46041667 0.40083334 0.41458333 0.49666667 0.40625 0.52666664 0.3953125 0.56166667 0.39010417 0.56166667 0.38541666 0.54083335 0.36510417 0.51 0.3375 0.4825 0.30364582 0.44333333 0.325 0.41666666 0.33697918 0.41333333 0.35520834 0.375 0.384375 0.3225 0.41979167 0.26
16 0.49322918 0.27 0.5619792 0.37583333 0.553125 0.42083332 0.5494792 0.44583333 0.53802085 0.4925 0.5390625 0.50416666 0.54114586 0.5125 0.5286458 0.545 0.51145834 0.5925 0.49791667 0.6691667 0.48958334 0.6533333 0.45260417 0.595 0.42552084 0.5425 0.40677083 0.5258333 0.41458333 0.49666667 0.44791666 0.4275 0.46302083 0.39416668 0.48125 0.35166666 0.49270833 0.33333334 0.509375 0.3125 0.51145834 0.3025 0.48385417 0.28333333
4 0.815625 0.0 0.809375 0.006666667 0.7994792 0.0125 0.7864583 0.0175 0.765625 0.016666668 0.75 0.009166666 0.74322915 0.0
12 0.59739584 0.18333334 0.696875 0.2775 0.8130208 0.37666667 0.8130208 0.38333333 0.8052083 0.40333334 0.7708333 0.48916668 0.74791664 0.5391667 0.68541664 0.48083332 0.69375 0.44833332 0.6947917 0.43 0.6901042 0.41916665 0.6796875 0.41083333 0.65416664 0.4125 0.6328125 0.41333333 0.62291664 0.4175 0.61510414 0.41166666 0.6098958 0.405 0.5953125 0.39583334 0.58489585 0.38 0.57708335 0.36916667 0.56822914 0.3675 0.56458336 0.37166667 0.5552083 0.36583334 0.5390625 0.34 0.59166664 0.19
1 0.8390625 0.64916664 0.8677083 0.6525 0.8890625 0.65833336 0.9234375 0.6591667 1.0 0.66083336 1.0 0.8066667 0.9848958 0.80833334 0.86145836 0.8041667 0.82916665 0.8075 0.8 0.81416667 0.7864583 0.80833334 0.79583335 0.7275 0.80364585 0.6333333 0.8151042 0.6333333 0.83020836 0.64666665
5 0.008854167 0.81333333 0.058333334 0.6333333 0.078125 0.555 0.090625 0.56 0.121875 0.59 0.16041666 0.625 0.24583334 0.685 0.27291667 0.6958333 0.2640625 0.72583336 0.21979167 0.86583334 0.19947916 0.96 0.18541667 0.955 0.1703125 0.9433333 0.13385417 0.9008333 0.091145836 0.86083335 0.055729166 0.835 0.030208332 0.82666665 0.020833334 0.82666665
