18 0.15052083 0.105 0.19583334 0.1225 0.2359375 0.13666667 0.26614583 0.14916667 0.27552083 0.15666667 0.27864584 0.16583334 0.28020832 0.17583333 0.28072917 0.1825 0.25416666 0.17666666 0.23697917 0.1725 0.165625 0.1675 0.15833333 0.1725 0.15052083 0.1825 0.14635417 0.20083334 0.146875 0.22083333 0.14635417 0.37 0.14791666 0.38 0.15104167 0.38833332 0.15625 0.39583334 0.16354166 0.39916667 0.1734375 0.40166667 0.2453125 0.39833334 0.25104168 0.39833334 0.25104168 0.40166667 0.24479167 0.405 0.2375 0.41416666 0.23489584 0.42166665 0.23385416 0.48 0.134375 0.46833333 0.11770833 0.46666667 0.11145833 0.46 0.106770836 0.45166665 0.10520833 0.4425 0.1203125 0.24916667 0.13541667 0.1175 0.14375 0.108333334
18 0.2875 0.1775 0.35416666 0.1775 0.3625 0.18166667 0.36927083 0.18833333 0.37291667 0.19666667 0.37447917 0.20666666 0.375 0.21666667 0.3765625 0.37 0.375 0.38083333 0.37239584 0.38916665 0.36927083 0.39333335 0.3609375 0.4 0.35208333 0.40166667 0.27135417 0.4 0.26510417 0.39916667 0.25104168 0.3975 0.2203125 0.39916667 0.17395833 0.40166667 0.1625 0.39916667 0.15625 0.39583334 0.15104167 0.3875 0.14791666 0.38 0.14635417 0.37 0.14635417 0.2 0.15052083 0.1825 0.15885417 0.17166667 0.16614583 0.1675 0.2140625 0.17166667 0.23854166 0.17333333 0.28072917 0.18166667 0.28385416 0.17916666
18 0.36354166 0.40083334 0.4453125 0.4 0.44947916 0.40333334 0.45572916 0.41 0.45833334 0.4175 0.45885417 0.4625 0.453125 0.46333334 0.4359375 0.45916668 0.42552084 0.45916668 0.4203125 0.46083334 0.4125 0.47083333 0.40989584 0.48166665 0.40885416 0.51916665 0.40989584 0.54 0.41041666 0.5541667 0.40677083 0.60583335 0.4046875 0.62916666 0.36666667 0.62833333 0.3125 0.62583333 0.28645834 0.62583333 0.2546875 0.63 0.23489584 0.55083334 0.23385416 0.47916666 0.23541667 0.42 0.23697917 0.415 0.24270834 0.40666667 0.2453125 0.40416667 0.2515625 0.40166667 0.2640625 0.40083334 0.296875 0.40416667 0.31666666 0.40166667 0.359375 0.40083334
18 0.2828125 0.7341667 0.2875 0.7191667 0.29270834 0.6975 0.3 0.67 0.30729166 0.65 0.31197917 0.6383333 0.32083333 0.6325 0.32916668 0.6333333 0.33854166 0.6408333 0.35208333 0.655 0.37604168 0.67083335 0.38229167 0.67833334 0.38697916 0.6875 0.40052083 0.69416666 0.3984375 0.765 0.39947918 0.80333334 0.403125 0.8125 0.4125 0.81666666 0.43020833 0.8183333 0.45208332 0.82166666 0.5 0.8283333 0.49322918 0.85083336 0.4703125 0.93833333 0.46197918 0.95166665 0.45677084 0.9558333 0.45 0.9575 0.4453125 0.95666665 0.43177083 0.945 0.40052083 0.9225 0.36354166 0.8975 0.34583333 0.8858333 0.33489582 0.87666667 0.32864583 0.86833334 0.32447916 0.8625 0.31510416 0.855 0.2953125 0.85 0.2734375 0.835 0.28802082 0.82666665 0.29427084 0.81416667 0.2953125 0.8025 0.29427084 0.7941667 0.28125 0.73833334
18 0.46145833 0.46416667 0.48020834 0.4675 0.49270833 0.46416667 0.53125 0.46833333 0.5421875 0.495 0.54791665 0.50416666 0.5494792 0.50666666 0.5494792 0.54 0.54895836 0.5775 0.54791665 0.5991667 0.5442708 0.7625 0.54270834 0.8075 0.5375 0.82 0.5307292 0.83 0.51979166 0.83 0.5 0.8275 0.42916667 0.81916666 0.4125 0.81666666 0.403125 0.81333333 0.39895833 0.8041667 0.39791667 0.76166666 0.4015625 0.68583333 0.40520832 0.62583333 0.4109375 0.5541667 0.409375 0.51916665 0.41041666 0.48333332 0.4125 0.47 0.4203125 0.46083334 0.42916667 0.45916668 0.43489584 0.46083334 0.45364583 0.46333334
18 0.49114582 0.41416666 0.49375 0.41166666 0.496875 0.40916666 0.5026042 0.40583333 0.50677085 0.405 0.53125 0.46833333 0.49322918 0.46416667 0.48072916 0.4675 0.47864583 0.46666667 0.4890625 0.42083332
18 0.6041667 0.5341667 0.625 0.5366667 0.6984375 0.5391667 0.6984375 0.5416667 0.69375 0.56333333 0.6557292 0.7216667 0.6489583 0.7275 0.6411458 0.73 0.634375 0.725 0.6109375 0.7083333 0.59583336 0.6975 0.58697915 0.6875 0.5729167 0.6766667 0.55833334 0.6666667 0.546875 0.66333336 0.55 0.5075 0.553125 0.51 0.55833334 0.5108333 0.5640625 0.51 0.5697917 0.5075 0.5942708 0.48416665 0.5942708 0.50666666 0.5963542 0.5225 0.59947914 0.52916664
18 0.47395834 0.1925 0.534375 0.12416667 0.5390625 0.119166665 0.5453125 0.11833333 0.553125 0.12166667 0.5598958 0.1275 0.57239586 0.1575 0.5953125 0.21666667 0.5953125 0.25833333 0.5984375 0.37166667 0.5984375 0.39 0.5984375 0.41583332 0.59739584 0.44666666 0.5953125 0.4825 0.5932292 0.48666668 0.59010416 0.48833334 0.56927085 0.5075 0.5630208 0.5108333 0.55625 0.5108333 0.55052084 0.5083333 0.5484375 0.5058333 0.54270834 0.49666667 0.53020835 0.46666667 0.5015625 0.39166668 0.4875 0.35416666 0.48333332 0.345 0.46927083 0.3125 0.45104167 0.27 0.44322917 0.25333333 0.4421875 0.24166666 0.44166666 0.22916667 0.44479167 0.21916667 0.46302083 0.20166667 0.46927083 0.1975
18 0.64270836 0.19416666 0.6625 0.19333333 0.6901042 0.19 0.71510416 0.19083333 0.7234375 0.19416666 0.7265625 0.19583334 0.73125 0.20416667 0.7338542 0.21166667 0.7359375 0.22416666 0.73645836 0.27 0.7375 0.3225 0.7348958 0.37416667 0.7338542 0.445 0.73125 0.48166665 0.73072916 0.5108333 0.7296875 0.5225 0.7265625 0.5325 0.7213542 0.5391667 0.7161458 0.54083335 0.69739586 0.5391667 0.6489583 0.5366667 0.6041667 0.535 0.59947914 0.5283333 0.59583336 0.52 0.5942708 0.5058333 0.5942708 0.48583335 0.5953125 0.48333332 0.59739584 0.44416666 0.5984375 0.39583334 0.5953125 0.28166667 0.59479165 0.23583333 0.59583336 0.215 0.59791666 0.20583333 0.603125 0.19833334 0.6125 0.1925 0.62708336 0.1925
18 0.7369792 0.235 0.78489584 0.17916666 0.83177084 0.125 0.83958334 0.1225 0.8463542 0.125 0.8520833 0.13416667 0.8802083 0.19416666 0.9166667 0.27916667 0.9171875 0.28916666 0.9145833 0.30416667 0.9109375 0.31166667 0.8744792 0.34833333 0.8578125 0.36583334 0.84166664 0.38916665 0.8098958 0.42833334 0.7609375 0.4875 0.7546875 0.49166667 0.74791664 0.49166667 0.74114585 0.48916668 0.73854166 0.48583335 0.73229164 0.47083333 0.7338542 0.44416666 0.73541665 0.37 0.7369792 0.32416666 0.73645836 0.23666666
18 0.7734375 0.4775 0.7916667 0.57916665 0.7984375 0.6025 0.80052084 0.62083334 0.803125 0.64416665 0.8078125 0.6691667 0.81614584 0.69416666 0.82916665 0.75083333 0.828125 0.76 0.82239586 0.77416664 0.81875 0.7783333 0.7270833 0.81666666 0.7046875 0.82666665 0.6979167 0.825 0.6927083 0.8183333 0.6890625 0.81083333 0.68645835 0.79583335 0.6802083 0.7583333 0.67395836 0.7108333 0.6671875 0.67333335 0.69947916 0.5391667 0.71666664 0.54083335 0.7213542 0.5391667 0.7265625 0.5341667 0.73020834 0.52166665 0.73072916 0.5108333 0.7317708 0.4725 0.74010414 0.48916668 0.74375 0.49083334 0.7484375 0.49166667 0.7552083 0.49166667 0.7609375 0.48666668 0.7729167 0.47416666
18 0.096354164 0.56916666 0.190625 0.5058333 0.20833333 0.49416667 0.21458334 0.49583334 0.22291666 0.50166667 0.22604166 0.5133333 0.24739583 0.6041667 0.27083334 0.69166666 0.29479167 0.79583335 0.2953125 0.80333334 0.29427084 0.81416667 0.2890625 0.82666665 0.28697917 0.82916665 0.2578125 0.8425 0.2421875 0.8475 0.23645833 0.8475 0.23385416 0.8441667 0.23072916 0.84166664 0.228125 0.8441667 0.221875 0.8525 0.21927084 0.86083335 0.21510416 0.87 0.19322917 0.8958333 0.18645833 0.8975 0.17864583 0.89416665 0.1765625 0.8908333 0.146875 0.79583335 0.11354167 0.67833334 0.09010417 0.59833336 0.08958333 0.5933333 0.090625 0.5833333 0.0921875 0.5775
