9 0.82239586 0.6875 0.8140625 0.70166665 0.809375 0.7108333 0.796875 0.72 0.8286458 0.7975 0.8666667 0.8825 0.85 0.76916665 0.8442708 0.7391667 0.8307292 0.7083333 0.83229166 0.70416665 0.82708335 0.7
9 0.9994792 0.5283333 1.0 0.66833335 0.9916667 0.655 0.9890625 0.64166665 0.9890625 0.62333333 0.9859375 0.62333333 0.9895833 0.61583334 0.9895833 0.6091667 0.9791667 0.5566667 0.9609375 0.56916666 0.93645835 0.58 0.9427083 0.5675 0.9515625 0.55916667 0.95625 0.56166667 0.95729166 0.56083333 0.95729166 0.55583334 0.97864586 0.54 0.990625 0.53333336
9 0.40520832 0.36416668 0.4390625 0.41833332 0.45833334 0.4625 0.4703125 0.46083334 0.5328125 0.5341667 0.50625 0.5883333 0.46458334 0.66583335 0.434375 0.72 0.4234375 0.745 0.40572917 0.7891667 0.37916666 0.845 0.3609375 0.8208333 0.2953125 0.73833334 0.2703125 0.6983333 0.23645833 0.65416664 0.25520834 0.62083334 0.2984375 0.55333334 0.34583333 0.46916667 0.39114583 0.38333333
9 0.36614582 0.41416666 0.30677083 0.46083334 0.26354167 0.49333334 0.23385416 0.525 0.26666668 0.6016667 0.3046875 0.5425 0.35677084 0.44916666 0.37864584 0.41
9 0.47708333 0.6483333 0.48229167 0.6625 0.48802084 0.6716667 0.5078125 0.71416664 0.45364583 0.7675 0.43489584 0.79083335 0.39375 0.81666666 0.40520832 0.7891667 0.42708334 0.735 0.43697917 0.715 0.47083333 0.6533333
9 0.33541667 0.8041667 0.34895834 0.85583335 0.35260418 0.8566667 0.371875 0.8358333 0.328125 0.7808333 0.33177084 0.79333335 0.33697918 0.7941667
9 0.69947916 0.030833334 0.69895834 0.13083333 0.6953125 0.28833333 0.6984375 0.35833332 0.69322914 0.36083335 0.696875 0.365 0.69947916 0.42583334 0.64635414 0.43083334 0.6223958 0.4275 0.6145833 0.42416668 0.5963542 0.42166665 0.59166664 0.41 0.5765625 0.37 0.5453125 0.28666666 0.54010415 0.26083332 0.5296875 0.23333333 0.52239585 0.115833335 0.5208333 0.0625 0.55052084 0.06 0.61354166 0.055 0.6380208 0.05 0.6557292 0.05 0.6765625 0.039166667 0.68958336 0.035
9 0.59270835 0.41833332 0.5833333 0.41416666 0.575 0.41166666 0.5807292 0.38 0.59010416 0.4075 0.59479165 0.41833332
9 0.64270836 0.039166667 0.6567708 0.045 0.66197914 0.0475 0.6536458 0.04916667 0.640625 0.05
9 0.61875 0.43 0.6875 0.46166667 0.7239583 0.4775 0.7375 0.47833332 0.7421875 0.4675 0.7625 0.32666665 0.7708333 0.25583333 0.78333336 0.195 0.78020835 0.18916667 0.784375 0.18833333 0.8 0.13 0.8046875 0.11666667 0.7828125 0.10166667 0.72760415 0.079166666 0.7005208 0.06916667 0.6953125 0.29 0.6984375 0.35916665 0.69322914 0.36166668 0.69739586 0.36583334 0.69947916 0.425 0.66614586 0.42916667 0.64427084 0.43 0.6203125 0.42916667 0.61354166 0.425
9 0.97864586 0.5566667 0.9890625 0.6091667 0.9890625 0.61583334 0.98541665 0.62333333 0.9890625 0.62333333 0.9895833 0.6425 0.9916667 0.6558333 1.0 0.6675 1.0 0.945 0.99114585 0.9533333 0.97760415 0.9533333 0.9640625 0.97 0.93958336 0.9775 0.9203125 0.98583335 0.88645834 0.9941667 0.88385415 0.9766667 0.87083334 0.9075 0.865625 0.8666667 0.84947914 0.7658333 0.8432292 0.73833334 0.8307292 0.7083333 0.83177084 0.70416665 0.8265625 0.7 0.8151042 0.6458333 0.84166664 0.635 0.865625 0.62583333 0.890625 0.6066667 0.92760414 0.585 0.9614583 0.5683333
