12 0.24166666 0.5475 0.2578125 0.5733333 0.24114583 0.58 0.24010417 0.5466667
12 0.35052082 0.47916666 0.32083333 0.5108333 0.28229168 0.55083334 0.25625 0.575 0.24166666 0.58 0.2484375 0.74833333 0.23333333 0.75166667 0.25520834 0.7966667 0.29270834 0.7575 0.3234375 0.71 0.34375 0.68333334 0.35260418 0.6675 0.39114583 0.625 0.4078125 0.6125 0.415625 0.60833335 0.4328125 0.59583336 0.41145834 0.55916667 0.37604168 0.5133333 0.35520834 0.4825
12 0.33489582 0.7 0.378125 0.7625 0.41875 0.8208333 0.3828125 0.8908333 0.3421875 0.95916665 0.29479167 0.8775 0.27291667 0.8491667 0.26197916 0.82 0.2171875 0.75416666 0.23333333 0.75166667 0.2546875 0.7975 0.29166666 0.7575 0.325 0.70916665 0.33177084 0.69916666
12 0.38958332 0.25 0.42708334 0.3325 0.44635418 0.38916665 0.47135416 0.43666667 0.48229167 0.455 0.49322918 0.47166666 0.5140625 0.5225 0.54322916 0.56916666 0.5421875 0.5758333 0.50208336 0.615 0.47552082 0.65416664 0.47135416 0.65833336 0.45677084 0.6425 0.4328125 0.5941667 0.41145834 0.55833334 0.3765625 0.515 0.35260418 0.4775 0.3078125 0.4 0.29739583 0.36583334 0.30104166 0.35 0.38177082 0.25416666
12 0.51927084 0.67583334 0.54375 0.68666667 0.60833335 0.7416667 0.6302083 0.7633333 0.6734375 0.80333334 0.72291666 0.85833335 0.73541665 0.8666667 0.753125 0.79833335 0.78333336 0.69916666 0.746875 0.66833335 0.696875 0.62666667 0.64739585 0.5758333 0.6020833 0.53 0.56666666 0.515 0.5395833 0.58416665 0.5151042 0.6675
12 0.52447915 0.68666667 0.47760418 0.82666665 0.4953125 0.8475 0.53333336 0.87416667 0.5807292 0.89666665 0.58489585 0.85833335 0.61510414 0.74833333 0.54270834 0.68666667 0.5260417 0.6791667
12 0.534375 0.32583332 0.578125 0.3375 0.6046875 0.35083333 0.61614585 0.36166668 0.63385415 0.36166668 0.67864585 0.37083334 0.734375 0.385 0.721875 0.505 0.71666664 0.5675 0.6869792 0.56166667 0.60260415 0.5308333 0.56666666 0.515 0.50416666 0.49916667 0.49166667 0.47083333 0.4703125 0.43666667 0.48802084 0.3275 0.51145834 0.3225
12 0.67291665 0.56083333 0.6671875 0.59166664 0.66614586 0.5933333 0.61354166 0.5416667 0.6046875 0.5308333 0.6734375 0.5575
12 0.7192708 0.2975 0.8359375 0.35166666 0.7953125 0.5441667 0.7734375 0.68916667 0.71875 0.64416665 0.696875 0.62666667 0.6671875 0.5941667 0.67291665 0.5575 0.6869792 0.56166667 0.71666664 0.5675 0.721875 0.49333334 0.73541665 0.385 0.70677084 0.37833333 0.7140625 0.3325
12 0.13958333 0.35416666 0.20520833 0.35083333 0.24583334 0.34583333 0.24583334 0.39916667 0.24270834 0.42166665 0.24427083 0.46333334 0.24322917 0.4825 0.24583334 0.5025 0.23958333 0.54083335 0.24479167 0.6525 0.2484375 0.74916667 0.15833333 0.75916666 0.14010416 0.7583333 0.14479166 0.66083336 0.140625 0.5808333 0.13802083 0.56 0.1421875 0.52 0.13958333 0.45083332 0.140625 0.38
