15 0.6255208 0.41833332 0.6244792 0.42083332 0.6223958 0.43166667 0.6197917 0.4325 0.61822915 0.43833333 0.61875 0.44083333 0.6125 0.445 0.6098958 0.44833332 0.60572916 0.47333333 0.6015625 0.52916664 0.6 0.52916664 0.5984375 0.55583334 0.596875 0.6116667 0.5963542 0.63166666 0.59583336 0.63916665 0.5942708 0.68583333 0.58958334 0.70416665 0.59270835 0.7058333 0.59166664 0.7583333 0.5921875 0.7683333 0.5942708 0.7758333 0.59947914 0.7816667 0.59947914 0.7866667 0.6 0.79083335 0.60260415 0.7925 0.6015625 0.80333334 0.60260415 0.805 0.60729164 0.8066667 0.6088542 0.80583334 0.60833335 0.7925 0.6125 0.7916667 0.61302084 0.7841667 0.621875 0.77166665 0.6244792 0.74083334 0.6328125 0.54583335 0.6375 0.46083334 0.6354167 0.45083332 0.6302083 0.4425 0.63072914 0.43833333 0.628125 0.43416667 0.63072914 0.42333335
15 0.34166667 0.77 0.33645833 0.7708333 0.33802083 0.775 0.3359375 0.7816667 0.33958334 0.79 0.34427083 0.7816667 0.34791666 0.7875 0.35208333 0.78583336 0.3609375 0.79 0.37708333 0.78333336 0.44166666 0.73833334 0.50625 0.70166665 0.546875 0.6791667 0.55572915 0.6691667 0.55833334 0.66 0.5619792 0.6575 0.56354165 0.6508333 0.5708333 0.6483333 0.5708333 0.63916665 0.56614584 0.6333333 0.56145835 0.6383333 0.5578125 0.63666666 0.55677086 0.63916665 0.55052084 0.6308333 0.54322916 0.62916666 0.5390625 0.63 0.4546875 0.6766667 0.37395832 0.73 0.35572916 0.74333334 0.34895834 0.7558333 0.346875 0.76416665 0.34322917 0.7658333
15 0.32916668 0.7366667 0.32135418 0.7425 0.32552084 0.75166667 0.32708332 0.75333333 0.33229166 0.74583334 0.33541667 0.74916667 0.33802083 0.74583334 0.35104167 0.7475 0.35520834 0.74333334 0.3859375 0.7158333 0.47083333 0.6333333 0.5083333 0.5991667 0.52552086 0.5808333 0.52916664 0.5708333 0.5296875 0.56333333 0.53229165 0.56333333 0.5338542 0.5575 0.5395833 0.5525 0.53541666 0.53833336 0.5296875 0.545 0.52708334 0.5441667 0.5234375 0.54583335 0.515625 0.5416667 0.5083333 0.5416667 0.4921875 0.555 0.409375 0.63 0.34739584 0.69166666 0.33802083 0.705 0.33333334 0.71416664 0.33177084 0.72333336 0.33229166 0.7316667
15 0.34166667 0.5208333 0.33333334 0.5183333 0.3359375 0.5375 0.34270832 0.53333336 0.3453125 0.5366667 0.34947917 0.5366667 0.35520834 0.54583335 0.36666667 0.54833335 0.40208334 0.53833336 0.5234375 0.505 0.5619792 0.495 0.56614584 0.48 0.5703125 0.47416666 0.57708335 0.4775 0.5776042 0.47166666 0.5755208 0.455 0.56927085 0.4575 0.565625 0.45583335 0.56354165 0.45583335 0.5572917 0.44916666 0.54322916 0.44833332 0.35989583 0.49833333 0.35208333 0.50333333 0.34739584 0.5133333 0.34322917 0.5158333
15 0.7036458 0.36583334 0.7015625 0.3625 0.69895834 0.36333334 0.69375 0.35666665 0.68541664 0.35333332 0.6020833 0.375 0.49895832 0.41083333 0.48854166 0.4175 0.48333332 0.42583334 0.48333332 0.43 0.48020834 0.42916667 0.478125 0.4375 0.46822917 0.4375 0.47083333 0.44833332 0.478125 0.445 0.48020834 0.45083332 0.48385417 0.44916666 0.49166667 0.45666668 0.4984375 0.46083334 0.55 0.44333333 0.60572916 0.425 0.653125 0.41 0.69375 0.3975 0.69947916 0.3875 0.7005208 0.38083333 0.7046875 0.37833333 0.71197915 0.37833333 0.71197915 0.36666667 0.70989585 0.36333334 0.70416665 0.3675
15 0.41510418 0.39666668 0.4078125 0.39666668 0.40625 0.40333334 0.40989584 0.41833332 0.415625 0.41083333 0.4171875 0.41416666 0.42083332 0.41416666 0.4234375 0.42083332 0.42864582 0.42333335 0.44270834 0.42416668 0.6145833 0.3675 0.6265625 0.36083335 0.63177085 0.34666666 0.634375 0.34166667 0.6401042 0.34583333 0.6421875 0.33416668 0.63958335 0.325 0.634375 0.32666665 0.6302083 0.32583332 0.628125 0.325 0.62135416 0.31666666 0.6125 0.3175 0.42916667 0.37666667 0.421875 0.3825 0.41927084 0.3925 0.41510418 0.39333335
15 0.47916666 0.215 0.478125 0.22833334 0.475 0.22583333 0.47291666 0.2275 0.46770832 0.2225 0.46145833 0.2225 0.44895834 0.2325 0.421875 0.25833333 0.32395834 0.36 0.29583332 0.39583334 0.290625 0.40666667 0.28854167 0.415 0.28958333 0.42166665 0.2875 0.42583334 0.28854167 0.43166667 0.2796875 0.43666667 0.2828125 0.445 0.28958333 0.45166665 0.29114583 0.44166666 0.29375 0.44416666 0.29739583 0.44083333 0.30208334 0.44166666 0.3078125 0.44166666 0.34791666 0.395 0.40520832 0.33583334 0.465625 0.275 0.47864583 0.26 0.48020834 0.25666666 0.47916666 0.245 0.48229167 0.24416667 0.48333332 0.24166666 0.48177084 0.23666666 0.48802084 0.23333333 0.4890625 0.22833334 0.48697916 0.22166666 0.484375 0.22083333
15 0.29375 0.51416665 0.2859375 0.5175 0.28854167 0.5275 0.29583332 0.5325 0.29895833 0.5325 0.29947916 0.52166665 0.30260417 0.52166665 0.303125 0.52 0.30885416 0.52166665 0.31354168 0.52166665 0.3265625 0.5083333 0.39427084 0.41416666 0.42864582 0.37166667 0.4671875 0.32 0.47395834 0.30916667 0.47447917 0.3 0.4734375 0.29416665 0.47552082 0.29166666 0.47447917 0.28416666 0.484375 0.28 0.4765625 0.26333332 0.47135416 0.275 0.46927083 0.27083334 0.46354166 0.2775 0.41354167 0.3275 0.40260416 0.33833334 0.3765625 0.375 0.3203125 0.44833332 0.29375 0.4875 0.29322916 0.49833333 0.29479167 0.50416666 0.2921875 0.50666666 0.2921875 0.5108333
15 0.440625 0.21833333 0.42760417 0.21666667 0.26822916 0.22416666 0.253125 0.22583333 0.24479167 0.23166667 0.2390625 0.23833333 0.2390625 0.245 0.2359375 0.24583334 0.23541667 0.25083333 0.22708334 0.25 0.22916667 0.2675 0.23177083 0.26833335 0.234375 0.265 0.2359375 0.2675 0.24114583 0.2675 0.2453125 0.275 0.2546875 0.27833334 0.3828125 0.27 0.41197917 0.26833335 0.45 0.23166667 0.44791666 0.22416666 0.4453125 0.22
15 0.059375 0.0 0.028125 0.009166666 0.020833334 0.015 0.016666668 0.0275 0.014583333 0.034166668 0.009895833 0.038333334 0.0026041667 0.0375 0.0026041667 0.051666666 0.0072916667 0.06333333 0.016145833 0.05666667 0.0203125 0.06 0.026041666 0.0575 0.035416666 0.0625 0.049479168 0.064166665 0.10989583 0.04083333 0.2125 0.0
