4 0.36302084 0.4975 0.35677084 0.5125 0.34947917 0.5208333 0.33541667 0.5341667 0.32604167 0.53833336 0.30885416 0.5391667 0.30260417 0.5575 0.29895833 0.58166665 0.29791668 0.5991667 0.29895833 0.62 0.30416667 0.6458333 0.31145832 0.6616667 0.3265625 0.685 0.33072916 0.6975 0.33125 0.7125 0.32395834 0.8625 0.32864583 0.87333333 0.334375 0.87416667 0.36770833 0.87833333 0.3734375 0.865 0.38020834 0.7158333 0.38125 0.705 0.38854167 0.69083333 0.4 0.67833334 0.40989584 0.665 0.41770834 0.6425 0.42083332 0.6308333 0.42291668 0.6191667 0.4234375 0.6041667 0.42291668 0.585 0.4203125 0.56916666 0.41666666 0.5516667 0.40729168 0.5308333 0.39739582 0.51666665 0.38697916 0.50666666 0.371875 0.5
4 0.37447917 0.4625 0.36927083 0.4825 0.36197916 0.5 0.35677084 0.5125 0.34270832 0.52666664 0.334375 0.53333336 0.325 0.5375 0.30833334 0.5391667 0.29739583 0.535 0.29166666 0.5325 0.2828125 0.5258333 0.26979166 0.50333333 0.2609375 0.47916666 0.25729167 0.46416667 0.25520834 0.44333333 0.25729167 0.42083332 0.26510417 0.385 0.27916667 0.36083335 0.290625 0.3475 0.30989584 0.33833334 0.321875 0.3375 0.33541667 0.3425 0.34270832 0.3425 0.3515625 0.33833334 0.42864582 0.22916667 0.43489584 0.23166667 0.43958333 0.23916666 0.45989582 0.27583334 0.4578125 0.28916666 0.44895834 0.30416667 0.38802084 0.38666666 0.38072917 0.39833334 0.37552083 0.41416666 0.37552083 0.43666667 0.37552083 0.4525
4 0.25364584 0.43583333 0.24375 0.44 0.24114583 0.44333333 0.23958333 0.45166665 0.24270834 0.50416666 0.24739583 0.5108333 0.25052083 0.51416665 0.2546875 0.51416665 0.27291667 0.51 0.26979166 0.50333333 0.2609375 0.48 0.25729167 0.465 0.25520834 0.44416666 0.25625 0.43583333
4 0.42604166 0.3425 0.42291668 0.34 0.38489583 0.39166668 0.38072917 0.39833334 0.37552083 0.41333333 0.37552083 0.45166665 0.37395832 0.465 0.36927083 0.48083332 0.36354166 0.49666667 0.38697916 0.50666666 0.39791667 0.5158333 0.40833333 0.5341667 0.41041666 0.5366667 0.42239583 0.53333336 0.43020833 0.53 0.446875 0.51416665 0.4609375 0.48666668 0.4671875 0.46416667 0.46927083 0.4475 0.46927083 0.43333334 0.46822917 0.41916665 0.4640625 0.39916667 0.4609375 0.38583332 0.45416668 0.37166667 0.4484375 0.36083335 0.43854168 0.35 0.43072918 0.34583333
4 0.7109375 0.74083334 0.7213542 0.7441667 0.7338542 0.74583334 0.7505208 0.74083334 0.76354164 0.7325 0.76875 0.7266667 0.7765625 0.7175 0.78697914 0.6983333 0.796875 0.6675 0.7984375 0.6475 0.7984375 0.62333333 0.7963542 0.6066667 0.7895833 0.585 0.78229165 0.5675 0.76979166 0.55083334 0.759375 0.5416667 0.746875 0.53333336 0.7348958 0.5325 0.72083336 0.5325 0.70885414 0.5375 0.69895834 0.5425 0.68541664 0.5575 0.67291665 0.5783333 0.6666667 0.6 0.6635417 0.6166667 0.66197914 0.6383333 0.659375 0.65166664 0.6567708 0.6566667 0.56614584 0.74 0.5625 0.74666667 0.5619792 0.75416666 0.57916665 0.8041667 0.58229166 0.8075 0.58697915 0.81083333 0.68125 0.73 0.69375 0.73 0.7046875 0.73583335
4 0.7171875 0.7525 0.7114583 0.74083334 0.7203125 0.7441667 0.7328125 0.74583334 0.7505208 0.7416667 0.7630208 0.73333335 0.76979166 0.72583336 0.76770836 0.7416667 0.76927084 0.75166667 0.78697914 0.8958333 0.7859375 0.9033333 0.7796875 0.91 0.746875 0.91833335 0.74114585 0.91583335 0.73802084 0.91083336 0.7369792 0.9 0.7192708 0.7558333
4 0.60520834 0.48083332 0.5984375 0.49 0.5911458 0.49833333 0.5776042 0.49833333 0.5708333 0.49916667 0.55364585 0.5083333 0.54479164 0.51666665 0.5359375 0.52916664 0.5296875 0.54 0.5239583 0.55833334 0.5203125 0.575 0.51875 0.5883333 0.5182292 0.605 0.51927084 0.6141667 0.52239585 0.6383333 0.52552086 0.64666665 0.53541666 0.6675 0.5515625 0.68833333 0.5625 0.69416666 0.57447916 0.69916666 0.5921875 0.6983333 0.6067708 0.69 0.6145833 0.685 0.6276042 0.6675 0.63958335 0.6408333 0.64375 0.6175 0.64427084 0.5941667 0.64375 0.57666665 0.6078125 0.48333332
4 0.6625 0.35916665 0.66041666 0.36083335 0.6380208 0.41 0.6666667 0.48 0.7005208 0.40583333 0.70208335 0.4 0.7005208 0.3925 0.6984375 0.3875 0.671875 0.3575 0.66979164 0.35583332 0.665625 0.35666665
4 0.63125 0.3775 0.63072914 0.38583332 0.6380208 0.41083333 0.66875 0.48583335 0.68854165 0.535 0.6880208 0.5425 0.6875 0.5491667 0.65416664 0.5833333 0.6510417 0.5833333 0.6458333 0.57916665 0.64375 0.57666665 0.6088542 0.48416665 0.60520834 0.48 0.59166664 0.445 0.5864583 0.435 0.57916665 0.42833334 0.5697917 0.42666668 0.5572917 0.42416668 0.54479164 0.41666666 0.52916664 0.4 0.51666665 0.37583333 0.51145834 0.35 0.5078125 0.32083333 0.51458335 0.28583333 0.5208333 0.26916668 0.5286458 0.24833333 0.5453125 0.23083334 0.5572917 0.22333333 0.5729167 0.22 0.584375 0.22083333 0.6015625 0.22916667 0.6145833 0.2425 0.62291664 0.25583333 0.63385415 0.28 0.6375 0.29583332 0.63854164 0.32916668 0.63645834 0.34416667 0.6333333 0.3625
4 0.17708333 0.6025 0.25989583 0.5516667 0.2671875 0.5541667 0.271875 0.56416667 0.28229168 0.6091667 0.28020832 0.62 0.24791667 0.6425 0.190625 0.6766667 0.1875 0.68083334 0.18177083 0.69 0.17708333 0.7158333 0.1734375 0.7275 0.16875 0.7391667 0.16302083 0.74833333 0.153125 0.7608333 0.140625 0.76916665 0.13333334 0.7733333 0.12291667 0.77416664 0.1125 0.775 0.096875 0.7675 0.084895834 0.7583333 0.075 0.74333334 0.06458333 0.715 0.0609375 0.6975 0.059375 0.6716667 0.061979167 0.64666665 0.07395833 0.6141667 0.0890625 0.5933333 0.10520833 0.5825 0.11666667 0.57916665 0.13541667 0.58166665 0.15052083 0.59166664 0.1609375 0.60333335 0.16770834 0.605
