1 0.06875 0.5908333 0.08385417 0.5825 0.08385417 0.615 0.18229167 0.62416667 0.2421875 0.63916665 0.26041666 0.62583333 0.271875 0.6066667 0.27864584 0.6225 0.26822916 0.7191667 0.25572917 0.795 0.24583334 0.78583336 0.24375 0.7608333 0.23645833 0.75333333 0.2171875 0.7583333 0.15260416 0.75666666 0.0984375 0.74583334 0.084895834 0.7583333 0.067708336 0.7658333 0.06979167 0.7316667 0.07239583 0.68083334 0.06979167 0.60833335
3 0.40104166 0.80333334 0.44635418 0.78833336 0.47291666 0.785 0.50364584 0.77666664 0.52239585 0.7775 0.5296875 0.78833336 0.52916664 0.80916667 0.5307292 0.8525 0.52760416 0.91833335 0.5385417 0.94 0.5385417 0.9741667 0.5385417 0.9975 0.39114583 1.0 0.38697916 0.98333335 0.39010417 0.94166666 0.40052083 0.9033333 0.40104166 0.8858333 0.38958332 0.8675 0.38333333 0.835 0.38854167 0.815 0.39375 0.81166667
4 0.39375 0.6375 0.40989584 0.61 0.43072918 0.59 0.446875 0.5858333 0.46302083 0.58666664 0.48229167 0.59583336 0.49739584 0.6175 0.51145834 0.64666665 0.5130208 0.6875 0.5109375 0.7108333 0.50208336 0.7416667 0.48489583 0.76916665 0.47239584 0.77916664 0.46302083 0.7816667 0.44583333 0.7841667 0.42864582 0.77916664 0.4109375 0.76416665 0.39375 0.77166665 0.33958334 0.81 0.31145832 0.82916665 0.30364582 0.83166665 0.29322916 0.81333333 0.28385416 0.7775 0.29010418 0.7608333 0.33229166 0.735 0.35989583 0.70916665 0.37864584 0.69416666 0.38854167 0.67833334 0.38854167 0.6591667 0.390625 0.6525
2 0.896875 0.13333334 1.0 0.22416666 1.0 0.4025 0.928125 0.5758333 0.9265625 0.60333335 0.90729165 0.5858333 0.79791665 0.48916668 0.77552086 0.46666667 0.85 0.25 0.88072914 0.16166666 0.8911458 0.1425
13 0.7708333 0.47833332 0.8677083 0.57 0.89166665 0.5933333 0.8984375 0.6066667 0.8984375 0.62083334 0.86822915 0.68583333 0.8328125 0.765 0.8265625 0.7825 0.81875 0.7875 0.7916667 0.76416665 0.7078125 0.6816667 0.74583334 0.5466667 0.75885415 0.50416666 0.76770836 0.48416665
8 0.39270833 0.18416667 0.4046875 0.21333334 0.425 0.24916667 0.44375 0.315 0.45520833 0.35666665 0.45572916 0.36333334 0.45364583 0.37333333 0.45 0.3825 0.44479167 0.38583332 0.39375 0.43083334 0.33333334 0.4775 0.31302083 0.49416667 0.29583332 0.515 0.28541666 0.5258333 0.28020832 0.5308333 0.275 0.5316667 0.2703125 0.5308333 0.26302084 0.52416664 0.259375 0.515 0.24947916 0.48833334 0.24739583 0.47833332 0.24583334 0.4625 0.2421875 0.44833332 0.2359375 0.4375 0.22552083 0.4175 0.21145834 0.38083333 0.2078125 0.36666667 0.2078125 0.36 0.20885417 0.34833333 0.2125 0.33833334 0.21510416 0.335 0.284375 0.27916667 0.30625 0.2625 0.3265625 0.24083333 0.34895834 0.21916667 0.365625 0.20416667 0.378125 0.1925 0.38697916 0.18583333 0.38958332 0.18416667 0.39270833 0.1825
12 0.4203125 0.40833333 0.44583333 0.38583332 0.45 0.38166666 0.45364583 0.37416667 0.45364583 0.37333333 0.45572916 0.36333334 0.45520833 0.35666665 0.44583333 0.32333332 0.44322917 0.31416667 0.44166666 0.3075 0.446875 0.29916668 0.453125 0.29583332 0.46927083 0.32333332 0.48229167 0.35333332 0.4859375 0.35166666 0.48802084 0.3525 0.48854166 0.355 0.4875 0.3575 0.4859375 0.36 0.49739584 0.38333333 0.5052083 0.39666668 0.5125 0.40166667 0.51770836 0.40166667 0.5229167 0.3975 0.5265625 0.395 0.53697914 0.4275 0.5473958 0.45416668 0.5520833 0.46166667 0.55625 0.46666667 0.559375 0.47583333 0.56145835 0.48583335 0.5541667 0.4925 0.5416667 0.5075 0.54322916 0.51166666 0.55364585 0.5341667 0.56927085 0.56083333 0.5828125 0.58666664 0.58177084 0.6025 0.5828125 0.61333334 0.5875 0.625 0.58229166 0.6325 0.5286458 0.68666667 0.52447915 0.68666667 0.51145834 0.64666665 0.4921875 0.6 0.47239584 0.5491667 0.45677084 0.5133333 0.453125 0.5058333 0.4484375 0.48666668 0.44166666 0.46333334 0.42864582 0.43083334 0.42291668 0.41666666
18 0.5885417 0.62583333 0.59947914 0.6358333 0.6098958 0.6425 0.60729164 0.6358333 0.5875 0.595 0.5833333 0.58666664 0.58229166 0.5941667 0.58229166 0.60083336 0.58229166 0.60583335 0.5828125 0.6125 0.584375 0.6175 0.5875 0.62416667
6 0.5619792 0.48416665 0.6 0.44416666 0.62864584 0.40833333 0.6359375 0.4025 0.6479167 0.4275 0.653125 0.45 0.6635417 0.485 0.6734375 0.50916666 0.6765625 0.52166665 0.68958336 0.53833336 0.7026042 0.56166667 0.71666664 0.58416665 0.72447914 0.60833335 0.69895834 0.6325 0.67760414 0.6508333 0.6614583 0.65416664 0.653125 0.6575 0.6510417 0.6625 0.64635414 0.6666667 0.6401042 0.675 0.6322917 0.69166666 0.628125 0.68333334 0.609375 0.6408333 0.60260415 0.62666667 0.59166664 0.6016667 0.5828125 0.5858333 0.55677086 0.5375 0.553125 0.5308333 0.54270834 0.5108333 0.5416667 0.5075 0.54895836 0.49916667 0.5546875 0.49166667 0.5609375 0.48666668
18 0.73541665 0.35583332 0.7317708 0.47083333 0.7291667 0.5525 0.728125 0.56333333 0.7239583 0.5683333 0.7239583 0.57666665 0.72083336 0.58 0.71770835 0.58416665 0.725 0.6075 0.71875 0.61333334 0.69947916 0.6325 0.67760414 0.6508333 0.653125 0.6575 0.6515625 0.66333336 0.64479166 0.67 0.66197914 0.68333334 0.675 0.6925 0.6828125 0.6975 0.68958336 0.7 0.69739586 0.69666666 0.7036458 0.69 0.70729166 0.6825 0.7234375 0.62416667 0.74375 0.5525 0.75625 0.5125 0.75885415 0.50166667 0.7703125 0.47666666 0.778125 0.455 0.784375 0.43416667 0.7885417 0.4225 0.78802085 0.41083333 0.78697914 0.4025 0.78333336 0.39583334 0.7640625 0.37833333 0.74010414 0.35916665 0.7369792 0.35583332
18 0.61145836 0.23083334 0.65625 0.235 0.70885414 0.23583333 0.7203125 0.23583333 0.7239583 0.23666666 0.7291667 0.23833333 0.7338542 0.24416667 0.73802084 0.255 0.73854166 0.26583335 0.7359375 0.34083334 0.7348958 0.35833332 0.7338542 0.42916667 0.7296875 0.52166665 0.728125 0.56333333 0.7239583 0.5675 0.7234375 0.57666665 0.7171875 0.58416665 0.7015625 0.55916667 0.6901042 0.53833336 0.67760414 0.5233333 0.675 0.515 0.6713542 0.50166667 0.66302085 0.4825 0.65208334 0.44333333 0.64739585 0.42666668 0.63697916 0.4025 0.6354167 0.4025 0.62708336 0.41083333 0.6041667 0.43916667 0.5921875 0.45166665 0.59479165 0.40666667 0.5963542 0.3775 0.59739584 0.3425 0.59791666 0.3025 0.59791666 0.29083332 0.61041665 0.275 0.6140625 0.26833335 0.61614585 0.25916666 0.6166667 0.25 0.61302084 0.24 0.6098958 0.2325
19 0.50625 0.034166668 0.5640625 0.1525 0.5885417 0.1975 0.60520834 0.22416666 0.6098958 0.2325 0.61354166 0.24166666 0.61510414 0.24916667 0.61614585 0.25416666 0.6140625 0.265 0.6119792 0.2725 0.60625 0.27916667 0.59375 0.29666665 0.56822914 0.3325 0.52447915 0.39583334 0.51666665 0.40166667 0.5140625 0.40166667 0.5078125 0.39916667 0.50364584 0.39416668 0.48645833 0.36083335 0.48854166 0.355 0.48802084 0.35166666 0.484375 0.35083333 0.4828125 0.3525 0.46770832 0.32166666 0.45625 0.3 0.4515625 0.29416665 0.42552084 0.24916667 0.41770834 0.235 0.4015625 0.20333333 0.3921875 0.18166667 0.3921875 0.175 0.39479166 0.16333333 0.42447916 0.1225 0.47395834 0.055 0.4921875 0.030833334 0.496875 0.030833334 0.503125 0.034166668
1 0.0 0.3675 0.040625 0.3675 0.08802083 0.365 0.06875 0.4125 0.065625 0.45416668 0.067708336 0.63 0.06979167 0.7008333 0.0010416667 0.6975 0.0 0.6933333
