17 0.109375 0.038333334 0.19791667 0.079166666 0.24010417 0.11333334 0.24635416 0.13166666 0.24114583 0.16083333 0.2375 0.1625 0.23697917 0.1675 0.2390625 0.16833334 0.20989583 0.2925 0.20677084 0.30166668 0.19791667 0.29916668 0.19322917 0.31333333 0.19947916 0.375 0.1875 0.40416667 0.1828125 0.4125 0.175 0.425 0.123958334 0.41 0.07447917 0.39333335 0.058333334 0.38583332 0.055208333 0.36333334 0.059895832 0.3175 0.0625 0.26416665 0.0796875 0.15833333 0.08802083 0.09583333 0.0921875 0.094166666 0.092708334 0.090833336 0.08958333 0.09 0.09375 0.055 0.09791667 0.045
17 0.39895833 0.24583334 0.3921875 0.28166667 0.39739582 0.29416665 0.40572917 0.3 0.44270834 0.30583334 0.4859375 0.3425 0.48958334 0.3575 0.48802084 0.37 0.43802083 0.47666666 0.4171875 0.5275 0.4109375 0.53 0.409375 0.5125 0.41510418 0.48666668 0.4140625 0.47 0.40625 0.45833334 0.39895833 0.45666668 0.38177082 0.4625 0.36145833 0.48416665 0.33072916 0.5341667 0.32916668 0.535 0.28489584 0.52666664 0.28333333 0.52666664 0.25052083 0.4775 0.25104168 0.45916668 0.253125 0.445 0.290625 0.37833333 0.35989583 0.26166666 0.37708333 0.22833334 0.38697916 0.22666667 0.39479166 0.235
17 0.4265625 0.52666664 0.4578125 0.5258333 0.51927084 0.5758333 0.5203125 0.58166665 0.5239583 0.5825 0.5442708 0.60083336 0.5473958 0.6308333 0.51927084 0.705 0.4796875 0.8025 0.4734375 0.81166667 0.46197918 0.81333333 0.45833334 0.8125 0.440625 0.79083335 0.43958333 0.7825 0.4359375 0.7866667 0.3734375 0.70666665 0.31354168 0.63916665 0.29947916 0.6191667 0.29895833 0.595 0.33072916 0.53333336 0.36145833 0.48416665 0.38177082 0.46166667 0.39895833 0.45666668 0.40677083 0.45916668 0.4140625 0.47083333 0.415625 0.48666668 0.409375 0.5125 0.41041666 0.53 0.4171875 0.5283333
17 0.60364586 0.595 0.6109375 0.6333333 0.61822915 0.7275 0.58697915 0.81666666 0.57447916 0.8375 0.56458336 0.84166664 0.5395833 0.81583333 0.5046875 0.7658333 0.4921875 0.7725 0.5473958 0.63166666 0.546875 0.62416667 0.59375 0.6
17 0.60833335 0.335 0.63177085 0.4375 0.6546875 0.54583335 0.65208334 0.5625 0.64635414 0.57166666 0.6010417 0.59583336 0.546875 0.625 0.54375 0.6 0.525 0.5825 0.5208333 0.58166665 0.51979166 0.5758333 0.49427083 0.555 0.48541668 0.49833333 0.46197918 0.42666668 0.48854166 0.36916667 0.48958334 0.3575 0.4859375 0.3425 0.4484375 0.31 0.540625 0.25166667 0.57239586 0.235 0.5854167 0.24333334 0.5885417 0.24916667
17 0.46041667 0.4775 0.48333332 0.49166667 0.48541668 0.49916667 0.49427083 0.555 0.45885417 0.52666664 0.43177083 0.52666664 0.44583333 0.48083332 0.45104167 0.47833332
17 0.6067708 0.20833333 0.6614583 0.2225 0.7234375 0.24166666 0.725 0.2475 0.72760415 0.24583334 0.72864586 0.2425 0.7552083 0.25333333 0.7651042 0.27166668 0.7651042 0.28083333 0.74583334 0.44083333 0.7390625 0.475 0.7317708 0.48916668 0.7260417 0.4925 0.6979167 0.48583335 0.6953125 0.48083332 0.6921875 0.48333332 0.6380208 0.46416667 0.63072914 0.43166667 0.6171875 0.37333333 0.5890625 0.2475 0.5859375 0.2425 0.59010416 0.21583334 0.59479165 0.2175 0.6020833 0.20916666
17 0.5104167 0.029166667 0.56041664 0.096666664 0.60729164 0.175 0.60833335 0.1875 0.60625 0.20416667 0.603125 0.20666666 0.5953125 0.21666667 0.58958334 0.21583334 0.5854167 0.21083333 0.571875 0.235 0.54375 0.25 0.47239584 0.295 0.44895834 0.31 0.44375 0.30416667 0.41145834 0.30166668 0.40677083 0.3 0.39739582 0.295 0.39270833 0.28083333 0.39895833 0.24583334 0.39635417 0.23583333 0.38958332 0.22833334 0.4078125 0.19166666 0.48125 0.0525 0.49583334 0.03
17 0.74895835 0.47833332 0.8151042 0.51166666 0.8229167 0.52666664 0.8265625 0.5391667 0.7942708 0.6641667 0.78020835 0.71666664 0.7640625 0.74083334 0.7578125 0.745 0.74791664 0.74083334 0.746875 0.73333335 0.7421875 0.73583335 0.7083333 0.7191667 0.6359375 0.6641667 0.62708336 0.6483333 0.6119792 0.6375 0.6109375 0.6308333 0.6041667 0.595 0.64739585 0.5708333 0.65208334 0.56083333 0.6546875 0.5466667 0.6375 0.46416667 0.69166666 0.48416665 0.6958333 0.48083332 0.69895834 0.48666668 0.7270833 0.4925 0.7317708 0.4875 0.7390625 0.475
17 0.034895834 0.4125 0.072916664 0.39333335 0.15625 0.42 0.175 0.42416668 0.1828125 0.4125 0.18697916 0.4125 0.2078125 0.5833333 0.21666667 0.6716667 0.20833333 0.6933333 0.19895834 0.70166665 0.11145833 0.7183333 0.09583333 0.7191667 0.06822917 0.73333335 0.055208333 0.7275 0.052083332 0.71416664 0.05 0.62916666 0.044791665 0.58666664 0.044270832 0.56 0.028645834 0.47666666 0.030729167 0.47 0.027604166 0.46583334 0.023958333 0.43166667 0.028645834 0.41833332
