15 0.42239583 0.37 0.41770834 0.37 0.41770834 0.38333333 0.415625 0.38583332 0.415625 0.39 0.41510418 0.395 0.41145834 0.405 0.40989584 0.41166666 0.409375 0.41833332 0.41145834 0.43833333 0.41979167 0.49666667 0.43802083 0.62333333 0.44322917 0.6675 0.4515625 0.72583336 0.45520833 0.74 0.4609375 0.74916667 0.4671875 0.755 0.46822917 0.76166666 0.47239584 0.76416665 0.47447917 0.775 0.47916666 0.775 0.48072916 0.77166665 0.47864583 0.7625 0.47916666 0.75666666 0.47916666 0.74916667 0.48385417 0.7391667 0.484375 0.73 0.484375 0.7125 0.4734375 0.63416666 0.46666667 0.58666664 0.4546875 0.505 0.44739583 0.45083332 0.4375 0.40333334 0.434375 0.39666668 0.42708334 0.3925 0.42708334 0.38583332 0.425 0.385 0.425 0.37083334
15 0.41822916 0.34 0.42447916 0.33833334 0.47135416 0.31083333 0.47604167 0.31 0.47864583 0.31 0.48229167 0.31166667 0.48489583 0.31666666 0.4890625 0.31416667 0.490625 0.31833333 0.496875 0.31166667 0.49895832 0.3125 0.5005208 0.31916666 0.50104165 0.3275 0.5005208 0.32916668 0.49322918 0.32833335 0.49322918 0.33416668 0.490625 0.335 0.49010417 0.34083334 0.48854166 0.34916666 0.47864583 0.35916665 0.42708334 0.39083335 0.42708334 0.38583332 0.425 0.385 0.425 0.37083334 0.42239583 0.37 0.41770834 0.37083334 0.41770834 0.38333333 0.415625 0.38583332 0.41510418 0.395 0.4125 0.4025 0.40989584 0.40416667 0.41145834 0.37916666 0.40885416 0.35833332 0.40260416 0.35
15 0.3734375 0.3675 0.34635416 0.3825 0.32291666 0.3975 0.2828125 0.4225 0.27552083 0.43083334 0.27447918 0.435 0.27447918 0.44083333 0.271875 0.4425 0.27135417 0.4475 0.2625 0.4475 0.26302084 0.45583335 0.26510417 0.46333334 0.2671875 0.46333334 0.27291667 0.4575 0.275 0.4625 0.27760416 0.46333334 0.2796875 0.46 0.28385416 0.4675 0.28697917 0.46916667 0.29166666 0.47 0.29739583 0.46916667 0.3203125 0.45333335 0.37552083 0.4225 0.378125 0.37916666 0.38072917 0.3625
15 0.371875 0.4475 0.36979166 0.44916666 0.36979166 0.45416668 0.3609375 0.4575 0.36197916 0.46583334 0.3640625 0.46666667 0.3671875 0.47333333 0.37239584 0.46583334 0.37291667 0.46583334 0.37395832 0.4475
15 0.41041666 0.47 0.415625 0.46833333 0.4109375 0.4375 0.409375 0.41833332 0.4078125 0.44916666 0.40989584 0.45083332 0.40885416 0.46916667
15 0.41614583 0.495 0.41197917 0.4975 0.40677083 0.495 0.4046875 0.5233333 0.40364584 0.53333336 0.42916667 0.565 0.42552084 0.53583336 0.41927084 0.49416667
15 0.4015625 0.6075 0.440625 0.6458333 0.43489584 0.6016667 0.43125 0.5775 0.40260416 0.54833335 0.40104166 0.56916666 0.39947918 0.5858333 0.39739582 0.6041667
15 0.31302083 0.50083333 0.31302083 0.5083333 0.31510416 0.5158333 0.3453125 0.55083334 0.3515625 0.56 0.36458334 0.57166666 0.36614582 0.5566667 0.36927083 0.5158333 0.33020833 0.47833332 0.32708332 0.47916666 0.3234375 0.48 0.31875 0.48416665 0.3171875 0.48166665 0.31458333 0.4825 0.31197917 0.47 0.30677083 0.47333333 0.30416667 0.48 0.30416667 0.48833334 0.30677083 0.48916668 0.3109375 0.49 0.30989584 0.495 0.31145832 0.4975
15 0.3203125 0.59 0.35989583 0.615 0.35833332 0.6375 0.35572916 0.66583335 0.23645833 0.5925 0.22604166 0.585 0.22083333 0.57666665 0.21979167 0.57166666 0.21979167 0.56416667 0.21666667 0.5625 0.215625 0.55916667 0.2078125 0.56083333 0.20833333 0.55 0.209375 0.54583335 0.215625 0.5491667 0.21666667 0.5525 0.21822916 0.54833335 0.221875 0.55 0.2234375 0.5491667 0.22604166 0.5441667 0.2296875 0.5416667 0.23333333 0.54083335 0.23802084 0.54083335 0.2421875 0.5425
15 0.35885417 0.7133333 0.34166667 0.715 0.3390625 0.7175 0.33697918 0.7266667 0.334375 0.72583336 0.33177084 0.7266667 0.33020833 0.73 0.32135418 0.72583336 0.32135418 0.7325 0.32291666 0.74666667 0.32395834 0.75 0.33020833 0.74333334 0.33072916 0.74666667 0.33385417 0.7475 0.3359375 0.74666667 0.3359375 0.75333333 0.33854166 0.75916666 0.3421875 0.76166666 0.35052082 0.765 0.37395832 0.7658333 0.4328125 0.7658333 0.47291666 0.7658333 0.47239584 0.76416665 0.46875 0.76166666 0.4671875 0.755 0.4609375 0.74916667 0.45520833 0.74 0.4515625 0.72583336 0.45 0.71416664 0.37447917 0.71416664 0.375 0.72 0.371875 0.72083336 0.37239584 0.7341667 0.36458334 0.7341667 0.36458334 0.7191667 0.36145833 0.7191667 0.35989583 0.7133333
15 0.3953125 0.69166666 0.41979167 0.70666665 0.42291668 0.70666665 0.4265625 0.70666665 0.4296875 0.705 0.43385416 0.6975 0.43697917 0.7 0.43802083 0.7 0.44010416 0.69666666 0.4484375 0.7025 0.44635418 0.69 0.4421875 0.69 0.44166666 0.685 0.4375 0.68416667 0.4375 0.6766667 0.43645832 0.6716667 0.42708334 0.66 0.39270833 0.63666666 0.39114583 0.6525 0.38802084 0.68333334 0.3875 0.68666667
15 0.4859375 0.7658333 0.5473958 0.7633333 0.55260414 0.7608333 0.5552083 0.75916666 0.55625 0.7558333 0.55677086 0.7475 0.559375 0.74583334 0.5609375 0.7416667 0.5598958 0.74 0.5609375 0.73 0.55677086 0.725 0.55260414 0.7225 0.5473958 0.7183333 0.54583335 0.7125 0.51354164 0.715 0.5125 0.7125 0.49895832 0.7125 0.49791667 0.71416664 0.484375 0.7158333 0.48385417 0.73 0.48385417 0.7391667 0.47916666 0.74916667 0.47916666 0.7558333 0.47864583 0.76166666 0.4796875 0.76666665
15 0.47708333 0.6225 0.5078125 0.6566667 0.5109375 0.66583335 0.5109375 0.67583334 0.51354164 0.6775 0.51354164 0.68333334 0.5171875 0.68416667 0.52239585 0.685 0.52135414 0.68833333 0.5208333 0.695 0.51875 0.6975 0.5182292 0.7 0.5109375 0.6925 0.50885415 0.695 0.5072917 0.695 0.5052083 0.68916667 0.50208336 0.6933333 0.49791667 0.695 0.49427083 0.695 0.49010417 0.6933333 0.48020834 0.68416667 0.47552082 0.64666665 0.47083333 0.6175
15 0.49427083 0.63666666 0.5395833 0.68583333 0.5296875 0.63166666 0.52447915 0.605 0.47916666 0.555 0.45885417 0.53333336 0.46458334 0.5708333 0.46979168 0.6091667
15 0.48645833 0.5275 0.48645833 0.535 0.4875 0.5425 0.49010417 0.5491667 0.5 0.565 0.52239585 0.5941667 0.5125 0.53583336 0.5078125 0.5125 0.5015625 0.5108333 0.49427083 0.5125 0.49270833 0.50916666 0.4890625 0.5108333 0.4828125 0.50166667 0.47864583 0.5075 0.48489583 0.5175 0.48333332 0.5225 0.484375 0.5258333
15 0.50208336 0.47666666 0.50885415 0.51916665 0.5130208 0.53833336 0.52239585 0.5941667 0.52447915 0.605 0.5296875 0.63 0.5395833 0.68666667 0.54479164 0.71 0.5463542 0.7158333 0.5473958 0.7183333 0.5520833 0.7225 0.55625 0.725 0.5609375 0.73083335 0.5598958 0.74 0.5609375 0.7416667 0.56614584 0.7425 0.5708333 0.7391667 0.57395834 0.73833334 0.5734375 0.735 0.56927085 0.725 0.571875 0.7225 0.5703125 0.7158333 0.57447916 0.71 0.5755208 0.705 0.5734375 0.68416667 0.56458336 0.6358333 0.546875 0.5366667 0.5265625 0.42333335 0.51875 0.3775 0.5130208 0.36916667 0.50885415 0.3675 0.5072917 0.36083335 0.50364584 0.36083335 0.50208336 0.35083333 0.49895832 0.34833333 0.49583334 0.35166666 0.49427083 0.35166666 0.49114582 0.355 0.49583334 0.36583334 0.49427083 0.36833334 0.49479166 0.37416667 0.49010417 0.38 0.48958334 0.38666666 0.49635416 0.44083333
15 0.4765625 0.44416666 0.49583334 0.43666667 0.48958334 0.38666666 0.47552082 0.39166668 0.43854168 0.4075 0.44739583 0.45083332 0.44739583 0.45416668
15 0.53020835 0.4225 0.55260414 0.4125 0.58385414 0.39333335 0.5911458 0.38416666 0.5921875 0.37333333 0.5942708 0.37083334 0.59479165 0.36666667 0.603125 0.36583334 0.6041667 0.3575 0.59791666 0.34583333 0.5963542 0.34583333 0.5932292 0.35583332 0.5921875 0.35083333 0.58697915 0.3525 0.58489585 0.34833333 0.578125 0.34666666 0.5697917 0.34916666 0.5171875 0.375 0.51875 0.3775 0.5265625 0.4225
15 0.575 0.71416664 0.58125 0.7083333 0.58489585 0.71 0.5875 0.7075 0.5921875 0.71666664 0.59375 0.7125 0.5953125 0.70916665 0.5963542 0.70416665 0.5963542 0.6983333 0.59010416 0.6975 0.590625 0.6925 0.58697915 0.69 0.5875 0.6825 0.5828125 0.67083335 0.5786458 0.6641667 0.5671875 0.65166664 0.56927085 0.6625 0.5734375 0.685 0.5755208 0.7058333 0.57447916 0.71 0.57135415 0.71416664
15 0.58802086 0.675 0.61354166 0.7033333 0.64947915 0.73833334 0.653125 0.74 0.65625 0.7416667 0.6588542 0.7416667 0.66197914 0.74083334 0.665625 0.7391667 0.6671875 0.74333334 0.6692708 0.74333334 0.6713542 0.74083334 0.67395836 0.74666667 0.67552084 0.74666667 0.67552084 0.7425 0.678125 0.745 0.68177086 0.7441667 0.68177086 0.735 0.67552084 0.7341667 0.67604166 0.72833335 0.671875 0.72333336 0.671875 0.7133333 0.66822916 0.7033333 0.6567708 0.68666667 0.60364586 0.62833333 0.5677083 0.5858333 0.5520833 0.56583333 0.559375 0.6075 0.5671875 0.6508333 0.5677083 0.65166664 0.57916665 0.6641667
15 0.56354165 0.74333334 0.5671875 0.74583334 0.5697917 0.74583334 0.5708333 0.7391667 0.56614584 0.7425 0.5630208 0.7425
15 0.39791667 0.32666665 0.3921875 0.32833335 0.3921875 0.33083335 0.39322916 0.34083334 0.3890625 0.34083334 0.38854167 0.34583333 0.39010417 0.35083333 0.38541666 0.35416666 0.38072917 0.36333334 0.378125 0.37916666 0.3734375 0.45833334 0.3703125 0.4975 0.36666667 0.55 0.36041668 0.60833335 0.35520834 0.67583334 0.35572916 0.6933333 0.35885417 0.705 0.36145833 0.7075 0.36197916 0.7083333 0.35989583 0.7133333 0.36145833 0.7191667 0.36458334 0.72 0.36458334 0.7341667 0.37239584 0.73333335 0.371875 0.72083336 0.375 0.72 0.37447917 0.7125 0.37864584 0.71 0.38333333 0.7033333 0.38697916 0.69 0.39010417 0.6641667 0.39270833 0.63666666 0.39583334 0.635 0.39583334 0.6125 0.39947918 0.5858333 0.403125 0.5425 0.4078125 0.4825 0.40989584 0.45083332 0.4078125 0.44916666 0.409375 0.42 0.41145834 0.37916666 0.40885416 0.35833332 0.40208334 0.34916666 0.403125 0.3425 0.40052083 0.34083334 0.39947918 0.34 0.39947918 0.32833335
