14 0.37395832 0.74583334 0.35520834 0.7375 0.34635416 0.72833335 0.34166667 0.7158333 0.34166667 0.7008333 0.34635416 0.69083333 0.35572916 0.6816667 0.38333333 0.5733333 0.42447916 0.43 0.42395833 0.375 0.42916667 0.36 0.43489584 0.36083335 0.465625 0.395 0.5005208 0.39833334 0.49791667 0.41916665 0.49583334 0.42666668 0.49166667 0.4325 0.4859375 0.44166666 0.47916666 0.45 0.47552082 0.45666668 0.44166666 0.59833336 0.4140625 0.69416666 0.41510418 0.72083336 0.37708333 0.74666667
14 0.490625 0.43666667 0.49635416 0.5675 0.4921875 0.65416664 0.43958333 0.7 0.428125 0.7 0.428125 0.69 0.440625 0.6716667 0.44270834 0.66833335 0.44427082 0.5875 0.475 0.4575 0.4796875 0.44833332 0.48645833 0.44
14 0.36197916 0.7441667 0.37239584 0.7783333 0.39583334 0.8475 0.4109375 0.825 0.47447917 0.76916665 0.54322916 0.715 0.56145835 0.7025 0.56666666 0.6975 0.57239586 0.6958333 0.5854167 0.6958333 0.59010416 0.69416666 0.59739584 0.6816667 0.5651042 0.5966667 0.5572917 0.5808333 0.54791665 0.60333335 0.53020835 0.62416667 0.49270833 0.6533333 0.4390625 0.70166665 0.41666666 0.72 0.37760416 0.7475 0.3671875 0.74333334
14 0.5984375 0.56666666 0.584375 0.5758333 0.56666666 0.57416666 0.5630208 0.5783333 0.5630208 0.5908333 0.578125 0.6325 0.59739584 0.6816667 0.6010417 0.6775 0.6046875 0.66083336 0.60833335 0.655 0.6119792 0.63166666 0.60052085 0.56583333
14 0.57447916 0.4325 0.553125 0.46833333 0.55833334 0.58166665 0.5625 0.585 0.565625 0.56583333 0.5932292 0.5316667
14 0.5515625 0.34083334 0.49114582 0.3375 0.48854166 0.34416667 0.46979168 0.35 0.47604167 0.36083335 0.48333332 0.36666667 0.48697916 0.39666668 0.50104165 0.3975 0.4984375 0.41833332 0.49583334 0.4275 0.49010417 0.435 0.496875 0.57416666 0.50416666 0.6433333 0.52552086 0.6275 0.546875 0.605 0.5578125 0.58 0.5520833 0.4675 0.5473958 0.38 0.5442708 0.37416667 0.55052084 0.35333332 0.55260414 0.34583333
14 0.44427082 0.32833335 0.44322917 0.35666665 0.44427082 0.36166668 0.44791666 0.375 0.46510416 0.39583334 0.48645833 0.39666668 0.48385417 0.36583334 0.47552082 0.36 0.46927083 0.3475 0.48854166 0.3425 0.48854166 0.33666667
14 0.596875 0.3125 0.5625 0.28 0.54375 0.24583334 0.5416667 0.25666666 0.540625 0.27083334 0.5208333 0.30333334 0.51458335 0.30916667 0.49791667 0.30916667 0.5015625 0.32833335 0.50416666 0.3375 0.5515625 0.34 0.5421875 0.31916666 0.565625 0.32166666 0.5786458 0.32166666 0.5932292 0.31666666
14 0.565625 0.38583332 0.56354165 0.37166667 0.553125 0.345 0.54583335 0.3675
14 0.6 0.3 0.59583336 0.30166668 0.5989583 0.31083333 0.59739584 0.3125 0.5921875 0.3175 0.5776042 0.32083333 0.5515625 0.32 0.5421875 0.31833333 0.55885416 0.36 0.56354165 0.3725 0.565625 0.38583332 0.5776042 0.45 0.5942708 0.53583336 0.6119792 0.63166666 0.609375 0.6641667 0.6078125 0.675 0.61145836 0.68333334 0.615625 0.67583334 0.6255208 0.6716667 0.653125 0.6641667 0.6614583 0.66333336 0.6635417 0.6675 0.6692708 0.6616667 0.68333334 0.6616667 0.68385416 0.6558333 0.6828125 0.6408333 0.6666667 0.6091667 0.64427084 0.4975 0.6125 0.31 0.60520834 0.30416667
14 0.7609375 0.41833332 0.75625 0.42083332 0.7473958 0.45 0.65 0.52416664 0.6640625 0.595 0.6666667 0.61 0.69739586 0.58416665 0.77447915 0.5316667 0.7807292 0.5308333 0.78489584 0.5316667 0.7875 0.5375 0.79010415 0.53833336 0.79479164 0.5308333 0.7651042 0.43583333 0.7640625 0.43
14 0.69739586 0.62 0.67604166 0.6025 0.6979167 0.5833333 0.7421875 0.5541667 0.69947916 0.6166667
14 0.62916666 0.34916666 0.6171875 0.33583334 0.621875 0.36416668
14 0.6765625 0.265 0.6666667 0.2725 0.659375 0.285 0.659375 0.30666667 0.6479167 0.32416666 0.640625 0.3325 0.62916666 0.34916666 0.621875 0.36416668 0.63854164 0.4675 0.6432292 0.45833334 0.6640625 0.42583334 0.68385416 0.40166667 0.71666664 0.37333333 0.7192708 0.37 0.7213542 0.365 0.7270833 0.35916665 0.73020834 0.35166666 0.68385416 0.28166667 0.6791667 0.26916668
14 0.70104164 0.4175 0.68385416 0.40083334 0.66302085 0.4275 0.64270836 0.45916668 0.640625 0.46416667 0.68072915 0.50083333 0.6875 0.495 0.69114584 0.48583335 0.73229164 0.44 0.728125 0.43166667 0.70104164 0.43916667 0.696875 0.4375 0.696875 0.43333334 0.69635415 0.42083332 0.69947916 0.42583334 0.7046875 0.42416668
14 0.703125 0.38666666 0.7026042 0.4075 0.70208335 0.41833332 0.7046875 0.42416668 0.69895834 0.42666668 0.696875 0.42166665 0.696875 0.43666667 0.7005208 0.43916667 0.7291667 0.43166667 0.759375 0.41833332 0.76354164 0.41833332 0.77135414 0.4175 0.775 0.4125 0.7708333 0.4 0.76666665 0.39083335 0.7609375 0.3975 0.7609375 0.32 0.7546875 0.135 0.7609375 0.079166666 0.75625 0.060833335 0.7395833 0.07083333 0.72083336 0.086666666 0.7083333 0.104166664 0.70520836 0.08916666 0.703125 0.0825 0.6979167 0.085 0.6958333 0.090833336 0.69895834 0.090833336 0.7005208 0.20666666 0.7026042 0.3075 0.70208335 0.31 0.7296875 0.35166666 0.7270833 0.35916665 0.7213542 0.365 0.7192708 0.37083334 0.7161458 0.375 0.703125 0.38583332
14 0.7114583 0.475 0.71770835 0.45666668 0.73229164 0.44083333 0.7291667 0.4325 0.7552083 0.42083332 0.7546875 0.42416668 0.74791664 0.44916666 0.70989585 0.47833332
14 0.778125 0.47333333 0.825 0.33416668 0.83125 0.32583332 0.83489585 0.32333332 0.8364583 0.31666666 0.8375 0.31083333 0.7890625 0.26416665 0.775 0.25166667 0.76979166 0.26833335 0.7661458 0.30333334 0.7661458 0.31583333 0.76197916 0.32583332 0.7609375 0.33 0.7609375 0.3975 0.76666665 0.39083335 0.76927084 0.39583334 0.7729167 0.40583333 0.77447915 0.4125 0.77135414 0.4175 0.76145834 0.41833332 0.75989586 0.42083332 0.7640625 0.42916667
14 0.8276042 0.3975 0.825 0.41 0.8229167 0.42583334 0.8177083 0.4375 0.7828125 0.49 0.7942708 0.5308333 0.790625 0.5391667 0.7875 0.53833336 0.784375 0.5316667 0.78125 0.5316667 0.775 0.5325 0.7427083 0.55333334 0.69739586 0.62083334 0.6828125 0.63916665 0.68385416 0.65416664 0.6828125 0.6625 0.6692708 0.6616667 0.6671875 0.665 0.68125 0.68833333 0.696875 0.7191667 0.7036458 0.7416667 0.70729166 0.7275 0.7192708 0.7216667 0.73125 0.69416666 0.8046875 0.5808333 0.8489583 0.50666666 0.8546875 0.5058333 0.85625 0.50166667 0.8567708 0.49 0.8484375 0.46 0.840625 0.435 0.83020836 0.40666667
14 0.8958333 0.44083333 0.90520835 0.46083334 0.9213542 0.50166667 0.9328125 0.5366667 0.93541664 0.545 0.9302083 0.5441667 0.92291665 0.54333335 0.9078125 0.5575 0.834375 0.65166664 0.7828125 0.7191667 0.76666665 0.7341667 0.75364584 0.7341667 0.7625 0.715 0.76354164 0.70916665 0.75625 0.69666666 0.7421875 0.67833334 0.8203125 0.555 0.84947914 0.50666666 0.85520834 0.50666666 0.8567708 0.50166667 0.8723958 0.4775 0.89270836 0.4425
14 0.5416667 0.8525 0.53802085 0.8525 0.5239583 0.8625 0.51770836 0.87666667 0.5161458 0.8833333 0.53697914 0.9216667 0.5578125 0.9625 0.5640625 0.955 0.57239586 0.94666666 0.57604164 0.93333334 0.5859375 0.9116667 0.64375 0.8425 0.5442708 0.85083336
14 0.534375 0.85 0.51927084 0.85083336 0.51354164 0.855 0.5104167 0.86583334 0.503125 0.8725 0.49791667 0.87416667 0.49427083 0.87583333 0.49114582 0.87 0.48854166 0.8475 0.48854166 0.8041667 0.49322918 0.765 0.49479166 0.755 0.49947917 0.7525 0.5203125 0.77 0.6770833 0.7525 0.70104164 0.75 0.70416665 0.7441667 0.70625 0.7275 0.71979165 0.7225 0.7203125 0.8075 0.7203125 0.83166665 0.7135417 0.8466667 0.7114583 0.83416665 0.6401042 0.84166664 0.5421875 0.85083336 0.54010415 0.8525 0.5375 0.8525
14 0.67864585 0.6875 0.61354166 0.75916666 0.70104164 0.74916667 0.7046875 0.7416667 0.6947917 0.715 0.68125 0.6875
14 0.36041668 0.21333334 0.359375 0.23 0.36770833 0.26333332 0.37083334 0.28166667 0.38177082 0.4075 0.38229167 0.5308333 0.3765625 0.56333333 0.37447917 0.5758333 0.37604168 0.57666665 0.38229167 0.5758333 0.425 0.42916667 0.42395833 0.3775 0.42864582 0.35916665 0.42447916 0.25416666 0.43125 0.22833334 0.42708334 0.19666667 0.42083332 0.205 0.39166668 0.2075 0.371875 0.21
