9 0.2953125 0.67 0.32291666 0.74916667 0.33489582 0.78333336 0.34427083 0.8025 0.35520834 0.8325 0.38958332 0.95 0.403125 1.0 0.41875 0.99 0.42760417 0.98083335 0.4421875 0.97 0.45833334 0.9583333 0.47760418 0.94666666 0.49479166 0.9225 0.52552086 0.905 0.5520833 0.8858333 0.56041664 0.87666667 0.53489584 0.81083333 0.51458335 0.75166667 0.496875 0.69416666 0.48333332 0.65416664 0.46302083 0.57 0.45677084 0.545 0.40833333 0.57916665 0.36458334 0.6075 0.30104166 0.6616667 0.29635417 0.6666667
9 0.3109375 0.7158333 0.29010418 0.76416665 0.2828125 0.78583336 0.3671875 0.87416667 0.35364583 0.82916665 0.34375 0.80083334 0.334375 0.7825 0.31197917 0.7191667
9 0.44427082 0.97 0.46145833 0.9916667 0.4671875 1.0 0.4765625 1.0 0.51979166 0.9091667 0.49479166 0.9225 0.47708333 0.9475 0.45833334 0.9583333 0.44322917 0.9683333
9 0.50104165 0.7058333 0.5125 0.7183333 0.5734375 0.775 0.5734375 0.77666664 0.54791665 0.8441667 0.53541666 0.8125 0.51354164 0.75 0.5 0.705
9 0.68958336 0.19583334 0.646875 0.25 0.5963542 0.32083333 0.5375 0.3875 0.5359375 0.39416668 0.53020835 0.39583334 0.50572914 0.42333335 0.50416666 0.42833334 0.5442708 0.5158333 0.5640625 0.54833335 0.59375 0.62166667 0.60572916 0.64166665 0.621875 0.63416666 0.6390625 0.6125 0.63854164 0.6075 0.64270836 0.6066667 0.6880208 0.545 0.71302086 0.51166666 0.75572914 0.47083333 0.790625 0.43333334 0.80052084 0.42 0.7765625 0.37166667 0.7546875 0.34083334 0.73333335 0.29166666 0.70520836 0.22
9 0.70677084 0.22333333 0.7192708 0.2125 0.7328125 0.2525 0.7578125 0.345 0.75416666 0.34 0.7125 0.23833333 0.7057292 0.2225
9 0.7864583 0.43916667 0.79583335 0.47416666 0.7729167 0.48833334 0.69895834 0.5316667 0.71302086 0.5108333 0.75625 0.47 0.7859375 0.43916667
9 0.546875 0.5225 0.55885416 0.56333333 0.571875 0.61083335 0.57916665 0.6308333 0.59270835 0.62 0.5828125 0.5941667 0.5640625 0.54833335 0.5463542 0.51916665
9 0.503125 0.3775 0.5130208 0.415 0.5307292 0.395 0.53541666 0.39416668 0.53697914 0.3875 0.5921875 0.32583332 0.54322916 0.3575 0.5421875 0.36333334 0.53697914 0.36083335 0.5171875 0.36833334
9 0.16770834 0.1875 0.16770834 0.2475 0.16875 0.2925 0.17135416 0.3275 0.17604166 0.36333334 0.1765625 0.445 0.2234375 0.44333333 0.225 0.43833333 0.22864583 0.44333333 0.28958333 0.43916667 0.375 0.43833333 0.41145834 0.42916667 0.409375 0.395 0.40885416 0.36666667 0.40885416 0.32083333 0.40625 0.23583333 0.40208334 0.17833333 0.39791667 0.15916666 0.39583334 0.15916666 0.35729167 0.16833334 0.27239582 0.18416667 0.221875 0.19083333 0.21927084 0.19416666 0.21458334 0.19 0.17239584 0.18833333
