2 0.34895834 0.0 0.35052082 0.020833334 0.35364583 0.030833334 0.35677084 0.09 0.35572916 0.14916667 0.35520834 0.19083333 0.35520834 0.23083334 0.3578125 0.28333333 0.35833332 0.305 0.37552083 0.3025 0.40885416 0.30083334 0.45885417 0.30333334 0.52760416 0.30333334 0.54114586 0.30333334 0.54010415 0.28333333 0.5375 0.27083334 0.5317708 0.059166666 0.52916664 0.0
2 0.62916666 0.0 0.5911458 0.12 0.5765625 0.16666667 0.5755208 0.18083334 0.58489585 0.18916667 0.6015625 0.2075 0.6614583 0.25666666 0.77447915 0.35 0.7890625 0.36 0.81354165 0.27583334 0.84739584 0.16583334 0.86927086 0.096666664 0.8677083 0.094166666 0.79479164 0.04083333 0.740625 0.0
2 0.8265625 0.06333333 0.815625 0.029166667 0.809375 0.0 0.7416667 0.0 0.7526042 0.008333334 0.78489584 0.0325 0.8046875 0.0475 0.825 0.061666667
2 0.83125 0.21916667 0.8489583 0.205 0.8640625 0.19083333 0.853125 0.14833333 0.84010416 0.19
2 0.6078125 0.21333334 0.62135416 0.26583335 0.64739585 0.35833332 0.6510417 0.3675 0.69166666 0.335 0.721875 0.3075 0.6796875 0.27166668 0.64375 0.2425 0.6177083 0.22083333 0.6125 0.21666667
2 0.6015625 0.083333336 0.5734375 0.105 0.57239586 0.10916667 0.5833333 0.14416666 0.5854167 0.1375 0.6010417 0.0875
2 0.3546875 0.2325 0.32604167 0.235 0.32447916 0.24833333 0.32291666 0.26583335 0.32291666 0.33916667 0.3203125 0.41083333 0.31614584 0.56666666 0.31458333 0.625 0.37135416 0.62583333 0.49166667 0.62916666 0.5005208 0.6275 0.50104165 0.62166667 0.5005208 0.5566667 0.49947917 0.4425 0.5046875 0.32416666 0.5052083 0.30416667 0.48385417 0.30416667 0.44635418 0.30333334 0.42239583 0.3025 0.3984375 0.30166668 0.36979166 0.30416667 0.3578125 0.305 0.35729167 0.27166668 0.35520834 0.24333334
2 0.31458333 0.5875 0.28020832 0.54833335 0.23385416 0.49833333 0.215625 0.4775 0.21458334 0.47583333 0.2453125 0.40916666 0.31197917 0.2625 0.3546875 0.16083333 0.35520834 0.16083333 0.35520834 0.20083334 0.3546875 0.23166667 0.33072916 0.23416667 0.32552084 0.23416667 0.32291666 0.265 0.32291666 0.26666668 0.32239583 0.29416665 0.32239583 0.33083335 0.32239583 0.34416667 0.31875 0.43833333 0.31510416 0.57916665
2 0.353125 0.62666667 0.36770833 0.6433333 0.3734375 0.6333333 0.37604168 0.62666667 0.35364583 0.62583333
2 0.22447917 0.45333335 0.21041666 0.45833334 0.2109375 0.46583334 0.22135417 0.5341667 0.23229167 0.6175 0.23958333 0.66583335 0.2546875 0.6933333 0.275 0.7325 0.3328125 0.71416664 0.36927083 0.7008333 0.40260416 0.69 0.45416668 0.6725 0.47604167 0.6641667 0.46614584 0.62916666 0.40364584 0.6275 0.3765625 0.62666667 0.3734375 0.63416666 0.36770833 0.64416665 0.36770833 0.64416665 0.353125 0.62666667 0.35260418 0.62583333 0.33229166 0.62583333 0.31458333 0.625 0.31458333 0.625 0.31510416 0.5883333 0.3109375 0.5833333 0.26041666 0.5275 0.22708334 0.49166667 0.215625 0.47833332 0.21458334 0.47583333 0.2234375 0.45583335
2 0.4765625 0.665 0.48541668 0.68833333 0.49375 0.71166664 0.50625 0.755 0.5265625 0.815 0.52760416 0.81583333 0.540625 0.80333334 0.58229166 0.76916665 0.684375 0.68083334 0.7296875 0.64 0.73645836 0.63416666 0.73645836 0.6325 0.7104167 0.55583334 0.68072915 0.4575 0.6557292 0.38166666 0.62708336 0.40583333 0.5640625 0.46 0.5005208 0.51416665 0.5005208 0.55833334 0.50104165 0.6166667 0.5015625 0.6225 0.50104165 0.62833333 0.49583334 0.62833333 0.49114582 0.62916666 0.46614584 0.62833333 0.475 0.66
2 0.57239586 0.77916664 0.5807292 0.7825 0.66041666 0.80583334 0.7328125 0.83 0.7864583 0.84833336 0.8 0.85333335 0.8020833 0.8308333 0.8130208 0.71416664 0.82604164 0.5775 0.8265625 0.5708333 0.7864583 0.55833334 0.72083336 0.5375 0.7036458 0.5316667 0.7270833 0.60333335 0.7375 0.6333333 0.73645836 0.635 0.6578125 0.7058333 0.584375 0.7683333
2 0.67864585 0.9816667 0.65416664 0.9683333 0.59947914 0.9425 0.5203125 0.9025 0.45520833 0.86833334 0.45104167 0.8675 0.4546875 0.845 0.48541668 0.69 0.49322918 0.71166664 0.5072917 0.75666666 0.5260417 0.81583333 0.528125 0.81666666 0.53333336 0.81166667 0.5416667 0.80333334 0.57135415 0.77916664 0.58229166 0.7841667 0.62708336 0.7966667 0.65208334 0.8041667 0.65625 0.805 0.69166666 0.81666666 0.7026042 0.8208333 0.690625 0.91333336
2 0.0765625 1.0 0.01875 0.86833334 0.009895833 0.84833336 0.035416666 0.8208333 0.1796875 0.6625 0.21927084 0.61833334 0.225 0.6325 0.23802084 0.66333336 0.26770833 0.7191667 0.30677083 0.7991667 0.32760417 0.84583336 0.32552084 0.85083336 0.26927084 0.91583335 0.19114584 1.0
