9 0.26666668 0.9316667 0.275 0.8808333 0.28385416 0.835 0.28958333 0.83 0.29322916 0.8041667 0.29947916 0.80083334 0.31979167 0.775 0.33958334 0.7725 0.34322917 0.77416664 0.353125 0.7658333 0.421875 0.74 0.48645833 0.75083333 0.5296875 0.75916666 0.5307292 0.7775 0.525 0.8433333 0.5171875 0.89916664 0.5140625 0.9225 0.5104167 0.94083333 0.50416666 0.985 0.5052083 1.0 0.421875 1.0 0.38020834 0.9775 0.35885417 0.96166664 0.33697918 0.955 0.28697917 0.93666667
9 0.484375 0.69083333 0.4953125 0.6933333 0.575 0.7058333 0.6489583 0.7241667 0.64479166 0.76916665 0.62395835 0.9508333 0.62135416 0.99916667 0.50625 1.0 0.5046875 0.98583335 0.5109375 0.93833333 0.51458335 0.92083335 0.525 0.8441667 0.53125 0.7775 0.5296875 0.75916666 0.47083333 0.74833333 0.4796875 0.69166666
9 0.43645832 0.6175 0.47760418 0.63 0.49010417 0.64 0.49010417 0.6533333 0.49166667 0.665 0.48802084 0.69083333 0.48020834 0.69166666 0.47083333 0.74916667 0.42239583 0.7391667 0.35364583 0.765 0.35416666 0.7625 0.40572917 0.675
9 0.3109375 0.7825 0.3140625 0.7183333 0.32760417 0.7475 0.34166667 0.7725 0.3203125 0.77416664 0.31041667 0.7866667
9 0.17447917 0.5316667 0.2078125 0.46666667 0.240625 0.405 0.2640625 0.37083334 0.29479167 0.33166668 0.30520833 0.34833333 0.3375 0.40416667 0.36145833 0.4575 0.37083334 0.47 0.38489583 0.4775 0.4625 0.56583333 0.43697917 0.6175 0.40364584 0.67833334 0.3515625 0.76666665 0.34322917 0.7733333 0.34166667 0.7725 0.32708332 0.745 0.31458333 0.7183333 0.3046875 0.7033333 0.28177083 0.665 0.26927084 0.6425 0.2609375 0.6166667 0.25260416 0.6091667 0.23697917 0.5966667 0.20677084 0.56583333 0.19635417 0.55833334 0.18072917 0.54083335
9 0.52447915 0.6125 0.5463542 0.5975 0.5546875 0.61333334 0.57135415 0.5925 0.58697915 0.5708333 0.5963542 0.55833334 0.60520834 0.5575 0.6333333 0.53 0.6484375 0.5783333 0.6557292 0.5933333 0.7083333 0.7891667 0.73125 0.87 0.690625 0.9008333 0.6557292 0.935 0.62395835 0.96 0.62604165 0.9375 0.64427084 0.7683333 0.6489583 0.72333336 0.571875 0.705 0.49739584 0.69416666 0.4921875 0.66583335 0.490625 0.65166664 0.490625 0.64 0.5083333 0.655 0.51354164 0.6433333
9 0.3515625 0.35166666 0.36302084 0.31833333 0.3984375 0.23583333 0.428125 0.26416665 0.49375 0.33833334 0.55833334 0.4025 0.58020836 0.42333335 0.59166664 0.44 0.5625 0.5175 0.5317708 0.58666664 0.52447915 0.6125 0.5083333 0.655 0.4796875 0.63 0.44791666 0.5966667 0.46302083 0.56666666 0.425 0.5233333 0.38541666 0.4775 0.37135416 0.47 0.3609375 0.4575 0.3375 0.40416667 0.33333334 0.39666668
9 0.44270834 0.27666667 0.45416668 0.26166666 0.46927083 0.24833333 0.47604167 0.245 0.49739584 0.21583334 0.50572914 0.21166667 0.54010415 0.165 0.55 0.18166667 0.5520833 0.18916667 0.5625 0.21333334 0.5942708 0.28 0.625 0.33916667 0.65416664 0.39666668 0.65833336 0.40166667 0.6822917 0.44166666 0.67552084 0.45416668 0.65208334 0.48666668 0.6234375 0.52416664 0.596875 0.555 0.5875 0.57 0.5708333 0.5933333 0.5546875 0.6125 0.5463542 0.5966667 0.5364583 0.57666665 0.56354165 0.51416665 0.59166664 0.44 0.58020836 0.42333335 0.49583334 0.34 0.44114584 0.27916667
9 0.27135417 0.058333334 0.3140625 0.0 0.45260417 0.0 0.5005208 0.08166666 0.5494792 0.165 0.5442708 0.17166667 0.54010415 0.16416667 0.50572914 0.21083333 0.496875 0.21583334 0.47552082 0.245 0.46979168 0.24833333 0.45520833 0.26083332 0.4421875 0.27583334 0.44114584 0.28 0.42760417 0.26333332 0.3984375 0.23583333 0.38385418 0.27 0.36041668 0.215 0.340625 0.17666666 0.3234375 0.145 0.2828125 0.08 0.27135417 0.0625
9 0.58697915 0.25083333 0.6119792 0.23833333 0.62291664 0.23166667 0.6984375 0.18916667 0.73541665 0.29333332 0.7348958 0.29916668 0.74322915 0.3225 0.7682292 0.41333333 0.7291667 0.43833333 0.72083336 0.44166666 0.7 0.4525 0.67864585 0.46833333 0.6578125 0.47916666 0.67552084 0.45333335 0.6822917 0.44166666 0.6588542 0.40166667 0.6546875 0.3975 0.6354167 0.36 0.58229166 0.25416666
9 0.6796875 0.13 0.7359375 0.090833336 0.74010414 0.090833336 0.8203125 0.034166668 0.8307292 0.054166667 0.8453125 0.09 0.84947914 0.11333334 0.8854167 0.21916667 0.909375 0.29583332 0.92395836 0.33916667 0.88177085 0.37416667 0.86145836 0.3875 0.8463542 0.405 0.82239586 0.4225 0.7796875 0.4575 0.77135414 0.435 0.76666665 0.415 0.7682292 0.41333333 0.7604167 0.38416666 0.7609375 0.375 0.759375 0.36083335 0.75364584 0.34333333 0.74791664 0.32916668 0.7359375 0.29416665 0.6979167 0.18833333 0.684375 0.15333334 0.67864585 0.13333334
9 0.284375 0.96166664 0.28697917 0.93666667 0.34010416 0.9558333 0.35885417 0.96166664 0.3796875 0.9766667 0.37552083 0.97833335 0.34947917 0.97 0.34322917 0.9716667 0.29322916 0.9633333
