18 0.6421875 0.5025 0.6234375 0.5108333 0.61822915 0.51916665 0.61510414 0.5316667 0.62291664 0.58 0.6453125 0.62083334 0.65833336 0.64166665 0.66614586 0.655 0.69739586 0.6358333 0.7140625 0.62583333 0.75625 0.6016667 0.76875 0.5941667 0.7729167 0.595 0.78125 0.6016667 0.78489584 0.6091667 0.79322916 0.655 0.8463542 0.635 0.8598958 0.62583333 0.8609375 0.61 0.8390625 0.51 0.82395834 0.43583333 0.7473958 0.465 0.6723958 0.49166667 0.6671875 0.49166667
18 0.74427086 0.245 0.6484375 0.27 0.63697916 0.27416667 0.63125 0.28916666 0.6333333 0.3075 0.65260416 0.46083334 0.6557292 0.47833332 0.6671875 0.49166667 0.6734375 0.49083334 0.76458335 0.45916668 0.82916665 0.43416667 0.859375 0.42416668 0.865625 0.40916666 0.8645833 0.3925 0.85260415 0.33916667 0.846875 0.325 0.83489585 0.3225 0.8364583 0.31 0.84270835 0.2875 0.84270835 0.26833335 0.84010416 0.245 0.8307292 0.23333333 0.79322916 0.23666666
18 0.46875 0.64 0.50364584 0.69916666 0.5359375 0.74916667 0.5453125 0.765 0.5651042 0.80583334 0.5864583 0.8433333 0.5953125 0.8541667 0.6010417 0.8525 0.6078125 0.8475 0.6703125 0.75166667 0.6557292 0.6925 0.65625 0.67083335 0.66197914 0.65833336 0.6666667 0.6558333 0.6510417 0.62916666 0.6380208 0.6075 0.6098958 0.55583334 0.5932292 0.5283333 0.5859375 0.5416667 0.5619792 0.59833336 0.54375 0.6383333 0.5375 0.64416665 0.5338542 0.6475 0.5234375 0.64416665 0.48385417 0.5933333 0.46875 0.5775 0.4609375 0.58916664 0.45729166 0.6041667 0.45729166 0.6175 0.4625 0.6325
18 0.61041665 0.31166667 0.57395834 0.26916668 0.56875 0.265 0.57604164 0.30833334 0.584375 0.3775 0.5854167 0.38833332 0.5828125 0.3975 0.57708335 0.41 0.5140625 0.42916667 0.45989582 0.445 0.4375 0.49166667 0.4296875 0.5125 0.43020833 0.52916664 0.43333334 0.5375 0.4640625 0.5725 0.47291666 0.5808333 0.5046875 0.62 0.52447915 0.64416665 0.534375 0.6475 0.54375 0.63916665 0.56666666 0.5875 0.5885417 0.53583336 0.60520834 0.50666666 0.6479167 0.42166665 0.63697916 0.3425
18 0.4625 0.08916666 0.42083332 0.09833334 0.41197917 0.11333334 0.4109375 0.123333335 0.42916667 0.29 0.44583333 0.43 0.44947916 0.4375 0.45833334 0.445 0.50104165 0.4325 0.5776042 0.41 0.584375 0.3925 0.5859375 0.3875 0.5765625 0.30916667 0.5651042 0.24666667 0.55833334 0.21416667 0.5572917 0.1875 0.55572915 0.1525 0.5515625 0.083333336 0.5463542 0.075833336 0.53802085 0.0675 0.496875 0.08
18 0.33333334 0.1925 0.2984375 0.20583333 0.29270834 0.215 0.28958333 0.22916667 0.29583332 0.26333332 0.30416667 0.30166668 0.30989584 0.30916667 0.31197917 0.3375 0.3078125 0.42416668 0.3078125 0.465 0.31197917 0.52 0.31458333 0.5316667 0.33489582 0.53333336 0.41145834 0.52416664 0.4296875 0.5233333 0.43020833 0.5108333 0.4375 0.49083334 0.45104167 0.46416667 0.45104167 0.43833333 0.446875 0.43166667 0.44479167 0.42416668 0.434375 0.33083335 0.41666666 0.17666666 0.41666666 0.17 0.40260416 0.1725 0.34375 0.18916667
18 0.20416667 0.19583334 0.10729167 0.19833334 0.0890625 0.2 0.080729164 0.215 0.07760417 0.22583333 0.07604167 0.26916668 0.0828125 0.3675 0.08177083 0.39166668 0.12083333 0.37666667 0.1296875 0.375 0.1375 0.3775 0.14322917 0.38166666 0.1484375 0.39166668 0.1515625 0.405 0.15416667 0.42333335 0.23802084 0.415 0.28541666 0.40833333 0.29375 0.40583333 0.30208334 0.39416668 0.30416667 0.385 0.30104166 0.305 0.3 0.2825 0.28958333 0.23 0.29322916 0.21166667 0.29427084 0.205 0.29114583 0.1975 0.28177083 0.18333334 0.25989583 0.18583333 0.24270834 0.1975 0.23072916 0.19833334 0.2171875 0.195
18 0.033854168 0.41666666 0.0125 0.43 0.0072916667 0.44333333 0.0052083335 0.45416668 0.008854167 0.46916667 0.015104166 0.48833334 0.021354167 0.51 0.022395832 0.52416664 0.026041666 0.5441667 0.036458332 0.5566667 0.038020834 0.56666666 0.041145835 0.61 0.04375 0.625 0.047916666 0.6666667 0.060416665 0.7375 0.061979167 0.74916667 0.067708336 0.7583333 0.071875 0.7625 0.090625 0.76166666 0.1625 0.7275 0.1984375 0.70666665 0.20520833 0.68916667 0.20625 0.67833334 0.20520833 0.66583335 0.1953125 0.62416667 0.171875 0.5083333 0.15833333 0.46583334 0.15364583 0.42083332 0.15260416 0.41083333 0.15 0.3975 0.14635417 0.3875 0.14270833 0.38166666 0.13697916 0.37666667 0.12916666 0.37416667 0.11875 0.37666667 0.079166666 0.39333335
18 0.22552083 0.73083335 0.30520833 0.755 0.37135416 0.775 0.38958332 0.7783333 0.3953125 0.77166665 0.39947918 0.7625 0.41614583 0.6 0.41822916 0.5683333 0.40989584 0.5525 0.37395832 0.5466667 0.35052082 0.54583335 0.3296875 0.5341667 0.31354168 0.5316667 0.29895833 0.5275 0.2890625 0.52166665 0.25104168 0.5075 0.23697917 0.505 0.22708334 0.5 0.21614583 0.49833333 0.20625 0.51 0.20208333 0.54583335 0.2 0.56166667 0.1921875 0.60833335 0.19739583 0.6308333 0.20416667 0.6616667 0.20572917 0.66833335 0.20625 0.6766667 0.20520833 0.68833333 0.1984375 0.70666665 0.18958333 0.71166664 0.18958333 0.71666664 0.2015625 0.72083336 0.21510416 0.7275
18 0.38854167 0.89666665 0.41875 0.9 0.44375 0.89916664 0.45885417 0.905 0.47760418 0.9033333 0.5005208 0.9125 0.5239583 0.9241667 0.54791665 0.92583334 0.553125 0.9225 0.5572917 0.91333336 0.5671875 0.81 0.5421875 0.75916666 0.50625 0.7033333 0.49791667 0.69083333 0.43645832 0.67583334 0.40885416 0.6691667 0.39947918 0.7625 0.39635417 0.77166665 0.38958332 0.7783333 0.371875 0.775 0.34947917 0.7675 0.34322917 0.835 0.340625 0.86833334 0.34739584 0.88416666 0.3515625 0.8883333 0.36875 0.89416665
18 0.70677084 0.63 0.6625 0.65833336 0.65625 0.6725 0.6557292 0.69166666 0.6703125 0.75 0.6822917 0.79333335 0.6958333 0.86583334 0.7182292 0.9525 0.7260417 0.97 0.7375 0.98083335 0.753125 0.97333336 0.8109375 0.93416667 0.8421875 0.9166667 0.8515625 0.905 0.853125 0.89166665 0.8484375 0.86833334 0.8364583 0.81666666 0.80625 0.72 0.80260414 0.7083333 0.78489584 0.61083335 0.7807292 0.60083336 0.771875 0.595 0.76770836 0.595 0.721875 0.62166667
