16 0.3859375 0.5366667 0.44166666 0.5925 0.50625 0.6625 0.4625 0.7708333 0.43177083 0.84583336 0.41666666 0.8691667 0.39791667 0.9425 0.38385418 0.98333335 0.37708333 0.9816667 0.315625 0.9458333 0.26302084 0.9008333 0.234375 0.87916666 0.24583334 0.81083333 0.28854167 0.70416665 0.33229166 0.5708333 0.34010416 0.5541667 0.3796875 0.53583336
16 0.50572914 0.41833332 0.5307292 0.4525 0.534375 0.4625 0.57916665 0.5775 0.6088542 0.64416665 0.58802086 0.6925 0.575 0.7183333 0.51770836 0.845 0.5072917 0.87166667 0.49166667 0.9033333 0.4328125 0.8433333 0.48385417 0.72 0.50677085 0.6616667 0.43072918 0.5808333 0.48125 0.4775 0.49427083 0.46416667 0.49010417 0.45166665 0.50208336 0.42166665
16 0.7260417 0.20083334 0.7583333 0.2725 0.78333336 0.34583333 0.8125 0.42 0.75989586 0.4775 0.7046875 0.50333333 0.6567708 0.52666664 0.66510415 0.595 0.61302084 0.6558333 0.60833335 0.64916664 0.609375 0.64416665 0.5833333 0.5858333 0.5395833 0.47416666 0.5296875 0.45 0.5161458 0.4225 0.5286458 0.4075 0.5796875 0.355 0.6255208 0.31166667 0.65260416 0.28333333 0.6692708 0.25916666 0.70677084 0.215 0.71979165 0.20833333
16 0.87083334 0.0 0.8171875 0.09916667 0.80677086 0.10333333 0.7953125 0.15 0.7760417 0.15583333 0.72239584 0.15833333 0.6822917 0.11833333 0.640625 0.06333333 0.6354167 0.045833334 0.65208334 0.015 0.6666667 0.0
16 0.45260417 0.0 0.62916666 0.0 0.64375 0.13333334 0.65625 0.19666667 0.6588542 0.20583333 0.64270836 0.26583335 0.60729164 0.27083334 0.57708335 0.29416665 0.50104165 0.32583332 0.45520833 0.018333333
16 0.22864583 0.0 0.4015625 0.0 0.39166668 0.0475 0.39322916 0.0775 0.31458333 0.12083333 0.23645833 0.16333333 0.26354167 0.27916667 0.20104167 0.26416665 0.2015625 0.2575 0.21302083 0.14083333 0.2265625 0.0058333334
16 0.41197917 0.07083333 0.44479167 0.24 0.465625 0.34166667 0.49322918 0.46416667 0.48072916 0.47833332 0.42395833 0.51 0.378125 0.53583336 0.33854166 0.555 0.33020833 0.5516667 0.30989584 0.48166665 0.30260417 0.39583334 0.26302084 0.27416667 0.23854166 0.17416666 0.23645833 0.165 0.3265625 0.11333334 0.40416667 0.0725
16 0.16875 0.32416666 0.2265625 0.31333333 0.27291667 0.30833334 0.30208334 0.3925 0.30989584 0.48333332 0.33020833 0.55083334 0.34010416 0.55583334 0.33229166 0.5708333 0.2921875 0.6925 0.27864584 0.72833335 0.22447917 0.7416667 0.19583334 0.745 0.1859375 0.55333334 0.18177083 0.44583333 0.17552084 0.40916666 0.16770834 0.33083335
16 0.0 0.48083332 0.025520833 0.415 0.038541667 0.42666668 0.1015625 0.50166667 0.12552084 0.5416667 0.1859375 0.6025 0.18854167 0.60833335 0.1953125 0.745 0.20677084 0.7441667 0.17604166 0.8225 0.14010416 0.90416664 0.13177083 0.9033333 0.044791665 0.80333334 0.0 0.7625
16 0.8364583 0.5683333 0.85052085 0.69083333 0.86302084 0.76166666 0.8796875 0.8375 0.8640625 0.84833336 0.7505208 0.89166665 0.7057292 0.835 0.7005208 0.7975 0.69375 0.7841667 0.68854165 0.7325 0.66875 0.62916666 0.65729165 0.5275 0.70625 0.5025 0.7734375 0.47166666 0.8229167 0.45166665 0.83020836 0.53
