14 0.30208334 0.57166666 0.34375 0.5883333 0.33489582 0.6175 0.32135418 0.62833333 0.315625 0.6383333 0.31354168 0.64916664 0.321875 0.66083336 0.334375 0.66833335 0.30260417 0.66083336 0.30052084 0.585
14 0.3890625 0.67833334 0.37916666 0.68916667 0.3640625 0.685 0.34375 0.67583334 0.33072916 0.6666667 0.31770834 0.6566667 0.3140625 0.64916664 0.31510416 0.6375 0.32239583 0.62666667 0.33541667 0.61583334 0.35208333 0.5575 0.3578125 0.5325 0.36979166 0.5308333 0.378125 0.51916665 0.38541666 0.5183333 0.41927084 0.51416665 0.3890625 0.62666667 0.38489583 0.6325 0.390625 0.6775
14 0.39583334 0.60583335 0.39010417 0.67083335 0.38802084 0.6566667 0.38385418 0.6325 0.38854167 0.62666667
14 0.38958332 0.7075 0.37916666 0.7058333 0.36302084 0.6925 0.3578125 0.68333334 0.37916666 0.68916667 0.390625 0.6775 0.390625 0.7
14 0.16770834 0.4025 0.17291667 0.39666668 0.19166666 0.41 0.24322917 0.42833334 0.24583334 0.51416665 0.18854167 0.49166667 0.17864583 0.4975 0.171875 0.50416666 0.15677084 0.5 0.1734375 0.43166667 0.17552084 0.40916666 0.16822916 0.41
14 0.23854166 0.38583332 0.24270834 0.39333335 0.25625 0.39583334 0.290625 0.38416666 0.3 0.36083335 0.30260417 0.37333333 0.30260417 0.39416668 0.3 0.42666668 0.2984375 0.46583334 0.30052084 0.60333335 0.3015625 0.69916666 0.3 0.745 0.29479167 0.715 0.28489584 0.7225 0.24322917 0.745 0.24270834 0.73083335 0.24947916 0.6825 0.24947916 0.6383333 0.24427083 0.5466667 0.2453125 0.49166667 0.24270834 0.42416668 0.23854166 0.4
14 0.39947918 0.31833333 0.396875 0.32916668 0.3984375 0.34416667 0.39739582 0.3625 0.38541666 0.41916665 0.40208334 0.4275 0.43958333 0.43 0.44947916 0.39 0.46197918 0.37666667 0.46458334 0.36666667 0.4640625 0.3525 0.45833334 0.34 0.42447916 0.325 0.4078125 0.31833333 0.403125 0.31833333
14 0.33802083 0.46416667 0.29947916 0.45083332 0.29791668 0.46333334 0.29947916 0.535 0.34270832 0.55083334 0.34895834 0.55833334 0.35260418 0.5525 0.35520834 0.54 0.35572916 0.5325 0.35104167 0.53 0.34895834 0.46833333
14 0.35 0.40833333 0.3484375 0.47 0.35104167 0.52916664 0.35729167 0.5325 0.37135416 0.5308333 0.37864584 0.51916665 0.421875 0.5133333 0.43541667 0.5158333 0.47760418 0.5208333 0.546875 0.52666664 0.5578125 0.53333336 0.5708333 0.54 0.5796875 0.5375 0.5828125 0.50333333 0.5828125 0.46166667 0.57916665 0.43833333 0.5734375 0.42666668 0.56354165 0.42333335 0.553125 0.43333334 0.51458335 0.43583333 0.4328125 0.43 0.4 0.4275 0.38229167 0.41833332 0.36822918 0.4075
14 0.20208333 0.5341667 0.19010417 0.5125 0.18385416 0.51416665 0.178125 0.5466667 0.17083333 0.5908333 0.16770834 0.63 0.1765625 0.63166666 0.19791667 0.6175 0.2484375 0.64166665 0.24479167 0.5491667
