19 0.10104167 0.22 0.094791666 0.24083333 0.0984375 0.25166667 0.10729167 0.26083332 0.1640625 0.3025 0.22135417 0.34416667 0.22604166 0.3425 0.225 0.3475 0.23854166 0.35916665 0.253125 0.37083334 0.25989583 0.37 0.26770833 0.355 0.29322916 0.265 0.31458333 0.1875 0.31458333 0.17166667 0.3078125 0.1575 0.284375 0.13916667 0.28229168 0.14333333 0.28072917 0.14583333 0.278125 0.14416666 0.27916667 0.13583334 0.23177083 0.10166667 0.15885417 0.04916667 0.15260416 0.05 0.14791666 0.053333335 0.14375 0.058333334 0.14166667 0.07416666 0.13229166 0.10916667 0.12708333 0.14 0.118229166 0.17083333 0.10885417 0.19666667
19 0.33489582 0.1225 0.3734375 0.071666665 0.37604168 0.07416666 0.37864584 0.07333333 0.37760416 0.06666667 0.40208334 0.0375 0.4078125 0.035 0.41354167 0.038333334 0.41927084 0.045833334 0.43541667 0.08 0.4625 0.14083333 0.4859375 0.18583333 0.48958334 0.1975 0.49010417 0.20916666 0.4875 0.22 0.48020834 0.22833334 0.46875 0.2425 0.44583333 0.205 0.41979167 0.16916667 0.4140625 0.16666667 0.40729168 0.16916667 0.39583334 0.1875 0.38541666 0.20666666 0.3875 0.2125 0.38697916 0.2175 0.38125 0.21416667 0.36510417 0.24416667 0.3203125 0.3225 0.31041667 0.29833335 0.29270834 0.26916668 0.31458333 0.1875 0.31458333 0.17166667 0.30833334 0.1575 0.30677083 0.155 0.32135418 0.13916667
19 0.31510416 0.33083335 0.2953125 0.36583334 0.29114583 0.37666667 0.29166666 0.3825 0.29322916 0.39 0.29583332 0.39916667 0.31458333 0.4275 0.34583333 0.475 0.36927083 0.51416665 0.38072917 0.52916664 0.38697916 0.5325 0.39322916 0.5316667 0.40208334 0.5225 0.42395833 0.485 0.45729166 0.42583334 0.48854166 0.37416667 0.4875 0.37 0.48802084 0.36416668 0.490625 0.365 0.49270833 0.36666667 0.51145834 0.33833334 0.5151042 0.3275 0.5151042 0.31333333 0.5104167 0.30416667 0.46927083 0.24166666 0.45052084 0.2125 0.42604166 0.1775 0.4203125 0.16916667 0.41354167 0.16666667 0.40729168 0.17 0.38541666 0.20666666 0.3875 0.2125 0.38697916 0.21666667 0.38125 0.21416667 0.36614582 0.24333334 0.31927082 0.32416666
19 0.3171875 0.4425 0.31145832 0.47916666 0.30416667 0.52166665 0.2984375 0.56 0.30104166 0.5625 0.3015625 0.56666666 0.296875 0.5683333 0.2921875 0.59833336 0.2890625 0.615 0.290625 0.62416667 0.29427084 0.6333333 0.30729166 0.6408333 0.34739584 0.66 0.38229167 0.6825 0.40520832 0.67333335 0.41041666 0.67083335 0.415625 0.58666664 0.41927084 0.52416664 0.42135417 0.48916668 0.39791667 0.5283333 0.39375 0.5308333 0.3875 0.5325 0.38125 0.53 0.36041668 0.49916667 0.34010416 0.46666667 0.31875 0.43416667
19 0.49895832 0.475 0.5296875 0.47833332 0.5546875 0.48083332 0.5619792 0.48583335 0.5671875 0.49583334 0.56822914 0.5075 0.56458336 0.55 0.5609375 0.5825 0.55364585 0.7125 0.55052084 0.71166664 0.5473958 0.71416664 0.5473958 0.7175 0.553125 0.7216667 0.5484375 0.7658333 0.54322916 0.7775 0.53697914 0.7808333 0.5229167 0.77916664 0.47760418 0.7683333 0.4375 0.76 0.41927084 0.67583334 0.41510418 0.67083335 0.4109375 0.6716667 0.42083332 0.48916668 0.4390625 0.45916668 0.45833334 0.46416667 0.48541668 0.4725
19 0.46510416 0.4125 0.46302083 0.43583333 0.45885417 0.46416667 0.4390625 0.45833334 0.46510416 0.41416666
19 0.5125 0.34083334 0.54114586 0.36833334 0.54114586 0.37583333 0.5442708 0.37833333 0.5453125 0.37333333 0.5541667 0.38 0.57395834 0.39916667 0.5765625 0.41083333 0.57708335 0.42 0.57395834 0.4325 0.5708333 0.4325 0.5260417 0.395 0.521875 0.39416668 0.5161458 0.39666668 0.5109375 0.41583332 0.49427083 0.47333333 0.459375 0.46416667 0.465625 0.4125 0.48854166 0.375 0.4875 0.36916667 0.48802084 0.365 0.49270833 0.3675 0.5109375 0.33833334
19 0.61927086 0.47083333 0.63854164 0.48416665 0.6119792 0.59583336 0.58020836 0.71416664 0.5697917 0.745 0.56145835 0.75083333 0.55677086 0.75083333 0.55104166 0.74916667 0.55364585 0.7225 0.5473958 0.7183333 0.5473958 0.7125 0.5541667 0.7125 0.56145835 0.5825 0.56822914 0.50916666 0.5677083 0.49666667 0.5619792 0.48416665 0.5541667 0.48 0.53125 0.47833332 0.49375 0.47416666 0.5151042 0.39916667 0.5171875 0.39666668 0.5229167 0.39416668 0.528125 0.39666668 0.57135415 0.4325 0.59375 0.45166665
19 0.69635415 0.47166666 0.759375 0.5108333 0.8125 0.5425 0.8197917 0.55 0.8234375 0.55916667 0.82395834 0.57 0.81614584 0.5966667 0.79583335 0.6741667 0.78229165 0.73583335 0.7786458 0.75333333 0.7729167 0.7633333 0.76927084 0.7658333 0.7625 0.765 0.73020834 0.7425 0.68177086 0.71 0.64166665 0.69 0.6401042 0.6791667 0.6375 0.6816667 0.63489586 0.68666667 0.6088542 0.66833335 0.603125 0.6625 0.6015625 0.65416664 0.6010417 0.6383333 0.64166665 0.47416666 0.646875 0.45333335 0.65416664 0.44916666 0.6666667 0.45166665 0.6880208 0.46666667 0.68958336 0.47666666 0.6958333 0.47
19 0.2484375 0.76 0.25625 0.80083334 0.2734375 0.9008333 0.28333333 0.94916666 0.290625 0.9575 0.29791668 0.9608333 0.32447916 0.9475 0.32604167 0.93583333 0.33020833 0.94166666 0.36302084 0.92833334 0.44427082 0.89666665 0.45625 0.88916665 0.45989582 0.87416667 0.4421875 0.78 0.41927084 0.675 0.41510418 0.67 0.40208334 0.6741667 0.3625 0.6925 0.31875 0.7133333 0.2890625 0.72333336 0.28802082 0.7325 0.28333333 0.7275 0.2640625 0.7366667 0.2546875 0.7425 0.24895833 0.75166667
