15 0.67395836 0.5808333 0.73802084 0.68416667 0.7473958 0.7058333 0.74635416 0.7183333 0.746875 0.7225 0.74635416 0.7275 0.7526042 0.7366667 0.74895835 0.74333334 0.7453125 0.74583334 0.7416667 0.7475 0.74010414 0.7375 0.734375 0.7366667 0.7338542 0.73333335 0.72291666 0.7325 0.7078125 0.7108333 0.65833336 0.63166666 0.60520834 0.54333335 0.596875 0.52916664 0.59479165 0.5283333 0.58489585 0.5083333 0.57604164 0.48916668 0.575 0.47666666 0.5755208 0.46833333 0.57395834 0.46333334 0.57239586 0.45833334 0.56666666 0.4525 0.56875 0.44583333 0.571875 0.44083333 0.57395834 0.44 0.5786458 0.45083332 0.5833333 0.4525 0.58489585 0.45333335 0.59583336 0.455 0.6 0.45833334 0.6515625 0.5441667 0.67291665 0.5783333
15 0.6197917 0.62166667 0.6244792 0.60583335 0.63177085 0.5875 0.65416664 0.625 0.65208334 0.63 0.64375 0.6475 0.63854164 0.6508333 0.6333333 0.65166664 0.63177085 0.6558333 0.628125 0.6566667 0.62708336 0.66083336 0.6234375 0.6666667 0.6197917 0.665 0.615625 0.6566667 0.6166667 0.6533333 0.62135416 0.64916664 0.62083334 0.6433333 0.6223958 0.64 0.6197917 0.6325 0.6197917 0.62666667
15 0.70520836 0.62833333 0.7682292 0.595 0.76875 0.59166664 0.77552086 0.58916664 0.80364585 0.575 0.809375 0.575 0.81458336 0.57916665 0.81822914 0.585 0.81927085 0.5833333 0.8229167 0.5858333 0.8286458 0.58 0.8333333 0.58666664 0.8333333 0.59583336 0.82708335 0.5966667 0.825 0.6025 0.82239586 0.6025 0.8197917 0.6125 0.8151042 0.61833334 0.8052083 0.62583333 0.7291667 0.67 0.7036458 0.62833333
15 0.61927086 0.6791667 0.6645833 0.6525 0.66979164 0.65 0.6953125 0.69083333 0.63854164 0.7225 0.61822915 0.68
15 0.7526042 0.6558333 0.76145834 0.6575 0.76770836 0.6625 0.76927084 0.6641667 0.77135414 0.6616667 0.7739583 0.66333336 0.778125 0.6591667 0.7817708 0.6591667 0.7838542 0.6625 0.7838542 0.66583335 0.7817708 0.6675 0.78020835 0.67 0.77760416 0.67083335 0.778125 0.6775 0.77708334 0.68083334 0.77447915 0.68 0.77239585 0.69083333 0.7671875 0.7 0.759375 0.70666665 0.746875 0.715 0.746875 0.7058333 0.73802084 0.68416667 0.7296875 0.67
15 0.6614583 0.76666665 0.7234375 0.7325 0.7083333 0.71166664 0.6953125 0.69083333 0.6380208 0.7225 0.659375 0.76416665
15 0.41666666 0.47166666 0.41875 0.46666667 0.42291668 0.46083334 0.43489584 0.455 0.52916664 0.4275 0.525 0.43166667 0.5208333 0.4425 0.5072917 0.48583335 0.5052083 0.4875 0.4515625 0.50333333 0.4375 0.5058333 0.4265625 0.5058333 0.42291668 0.505 0.41875 0.49916667 0.4171875 0.4925 0.41458333 0.49416667 0.4125 0.4925 0.41145834 0.49083334 0.40625 0.495 0.40364584 0.4925 0.40260416 0.48916668 0.4015625 0.4825 0.4015625 0.47583333 0.40989584 0.48 0.4109375 0.47916666 0.4109375 0.475 0.41302082 0.47166666
15 0.54322916 0.41416666 0.54375 0.41166666 0.54375 0.40416667 0.546875 0.40333334 0.5520833 0.40583333 0.5578125 0.41166666 0.5541667 0.4175 0.55104166 0.42166665 0.55364585 0.42583334 0.5515625 0.43333334 0.55260414 0.43833333 0.553125 0.45083332 0.54895836 0.4675 0.53541666 0.5158333 0.5052083 0.6166667 0.4703125 0.73583335 0.46458334 0.75083333 0.45625 0.7558333 0.45572916 0.7625 0.44791666 0.7633333 0.44791666 0.775 0.4390625 0.7758333 0.43854168 0.7725 0.44270834 0.7608333 0.44166666 0.75666666 0.44166666 0.75 0.4390625 0.73333335 0.44010416 0.7175 0.4703125 0.61333334 0.5078125 0.48583335 0.52135414 0.44166666 0.52552086 0.4325 0.52916664 0.42666668 0.5364583 0.4225 0.540625 0.4225 0.540625 0.41833332 0.5421875 0.415
15 0.55260414 0.42 0.5953125 0.40833333 0.61927086 0.4025 0.6265625 0.40583333 0.62916666 0.41 0.6302083 0.41166666 0.63125 0.40916666 0.63489586 0.40916666 0.63645834 0.41416666 0.63958335 0.41166666 0.64427084 0.40916666 0.64635414 0.41416666 0.64739585 0.42416668 0.6458333 0.42583334 0.63854164 0.42583334 0.6380208 0.42833334 0.63645834 0.43 0.63489586 0.43 0.63489586 0.43666667 0.6322917 0.44416666 0.628125 0.4475 0.62395835 0.45 0.60520834 0.45666668 0.6 0.45833334 0.59583336 0.455 0.58489585 0.45416668 0.5828125 0.4525 0.5786458 0.45083332 0.57395834 0.44 0.571875 0.44083333 0.56875 0.44583333 0.56666666 0.45333335 0.57239586 0.45833334 0.57447916 0.465 0.5734375 0.46583334 0.5640625 0.47083333 0.546875 0.47583333 0.5494792 0.46666667 0.553125 0.45166665 0.55260414 0.43916667 0.5515625 0.4325 0.55364585 0.42583334 0.5515625 0.42166665
15 0.37864584 0.7775 0.37864584 0.7675 0.38125 0.7583333 0.409375 0.71 0.41041666 0.7075 0.47708333 0.59 0.44010416 0.71666664 0.4390625 0.7325 0.425 0.75416666 0.40260416 0.79083335 0.39322916 0.7941667 0.38541666 0.7925 0.38385418 0.7966667 0.38072917 0.7966667 0.37864584 0.8075 0.375 0.80833334 0.3703125 0.8 0.36875 0.7916667 0.37552083 0.7866667 0.37447917 0.7816667 0.37604168 0.7783333
15 0.5395833 0.50666666 0.54375 0.50916666 0.54479164 0.51416665 0.54791665 0.52 0.5421875 0.52416664 0.54322916 0.5283333 0.5390625 0.5308333 0.5416667 0.5391667 0.5395833 0.5441667 0.534375 0.53583336 0.53229165 0.5325 0.5296875 0.5391667 0.5328125 0.5491667 0.5307292 0.55333334 0.5317708 0.56 0.53229165 0.5708333 0.5026042 0.62333333 0.5385417 0.5058333
15 0.4453125 0.815 0.4515625 0.815 0.45625 0.81333333 0.46302083 0.805 0.46927083 0.79583335 0.4921875 0.7441667 0.55052084 0.62416667 0.540625 0.6041667 0.534375 0.5875 0.5328125 0.5758333 0.53125 0.5808333 0.49635416 0.6525 0.49270833 0.6591667 0.475 0.72 0.4703125 0.7366667 0.46458334 0.75083333 0.45625 0.7558333 0.45572916 0.7625 0.4484375 0.76416665 0.44791666 0.775 0.4390625 0.7758333 0.43854168 0.7775 0.43645832 0.785 0.43697917 0.79333335 0.43645832 0.795 0.43802083 0.80083334 0.43645832 0.80333334 0.43489584 0.8075 0.4359375 0.81 0.42916667 0.8183333 0.43333334 0.825 0.43854168 0.82916665 0.440625 0.82916665 0.440625 0.8175 0.44375 0.8183333 0.4453125 0.81583333
15 0.5484375 0.54583335 0.55833334 0.5275 0.5640625 0.5225 0.57135415 0.5225 0.5734375 0.51916665 0.5776042 0.5183333 0.58125 0.5083333 0.5854167 0.51166666 0.58802086 0.5158333 0.5885417 0.52 0.58229166 0.525 0.58385414 0.5275 0.5833333 0.5316667 0.58125 0.5341667 0.5833333 0.54 0.5833333 0.5491667 0.5807292 0.56083333 0.5729167 0.58 0.56041664 0.55833334 0.5546875 0.55083334 0.5515625 0.54833335 0.5473958 0.5475
15 0.5734375 0.5808333 0.603125 0.6483333 0.6177083 0.68 0.659375 0.76416665 0.6614583 0.76666665 0.66302085 0.76916665 0.67604166 0.7991667 0.678125 0.81166667 0.67604166 0.8258333 0.67604166 0.83 0.6765625 0.8358333 0.675 0.8375 0.6791667 0.8475 0.6791667 0.85 0.675 0.8541667 0.6723958 0.85333335 0.66875 0.84166664 0.6645833 0.8408333 0.6635417 0.8358333 0.659375 0.8358333 0.6515625 0.83 0.62708336 0.7875 0.596875 0.7241667 0.5630208 0.6525 0.55104166 0.62666667 0.55 0.62333333 0.5395833 0.6025 0.534375 0.58666664 0.5328125 0.575 0.5317708 0.56 0.5307292 0.5541667 0.53229165 0.55 0.53020835 0.5391667 0.5317708 0.5325 0.540625 0.545 0.5421875 0.5475 0.5453125 0.5475 0.55364585 0.5491667 0.55625 0.5516667 0.5609375 0.55916667 0.5729167 0.58
15 0.5833333 0.6016667 0.6067708 0.56083333 0.61145836 0.5541667 0.63177085 0.5883333 0.6197917 0.615 0.60260415 0.6458333 0.5833333 0.6016667
15 0.4734375 0.8 0.5005208 0.7525 0.5598958 0.64666665 0.56927085 0.6666667 0.5786458 0.685 0.5130208 0.805 0.49583334 0.83 0.490625 0.8358333 0.484375 0.83416665 0.48385417 0.83916664 0.48125 0.8408333 0.47864583 0.8408333 0.475 0.85333335 0.46927083 0.8466667 0.465625 0.84 0.47239584 0.8308333 0.47135416 0.8258333 0.47395834 0.8233333 0.471875 0.81916666 0.47135416 0.80916667
15 0.5609375 0.77916664 0.56145835 0.77166665 0.5651042 0.76166666 0.57604164 0.7525 0.60364586 0.7391667 0.6171875 0.7675 0.625 0.7841667 0.57916665 0.80333334 0.5734375 0.8025 0.56822914 0.80083334 0.5630208 0.795 0.56041664 0.79833335 0.5578125 0.795 0.55625 0.7925 0.553125 0.7941667 0.54895836 0.79833335 0.54895836 0.7875 0.54895836 0.78583336 0.55677086 0.785 0.5572917 0.77916664
15 0.65052086 0.5391667 0.69166666 0.42583334 0.72447914 0.3325 0.72864586 0.32666665 0.734375 0.32583332 0.73645836 0.32583332 0.73854166 0.3225 0.74114585 0.3225 0.74114585 0.30833334 0.7453125 0.30833334 0.75208336 0.31416667 0.75104165 0.32166666 0.74583334 0.32833335 0.74895835 0.33083335 0.746875 0.33583334 0.74895835 0.34166667 0.7494792 0.35 0.7484375 0.36083335 0.7359375 0.39833334 0.6984375 0.5075 0.6723958 0.5775 0.64947915 0.54083335
