15 0.34635416 0.29916668 0.34427083 0.30916667 0.340625 0.31166667 0.34010416 0.31666666 0.3328125 0.31333333 0.32604167 0.31833333 0.30989584 0.34916666 0.2328125 0.49666667 0.234375 0.49666667 0.23697917 0.49333334 0.24479167 0.48833334 0.25677082 0.48916668 0.275 0.495 0.32239583 0.40583333 0.346875 0.35416666 0.35104167 0.34166667 0.3484375 0.32583332 0.35104167 0.32 0.34947917 0.31583333 0.3546875 0.30666667
15 0.20885417 0.54083335 0.19635417 0.56666666 0.19114584 0.5758333 0.19010417 0.58666664 0.19322917 0.5991667 0.19010417 0.6025 0.190625 0.6091667 0.1859375 0.6175 0.1875 0.62 0.18802084 0.6225 0.19114584 0.625 0.19427083 0.61333334 0.19895834 0.615 0.20104167 0.6091667 0.20625 0.6116667 0.21510416 0.60583335 0.23697917 0.56583333 0.24947916 0.5425 0.24791667 0.5416667 0.23697917 0.53 0.23177083 0.5175 0.22760417 0.5158333 0.225 0.51166666
15 0.3390625 0.39166668 0.33489582 0.38833332 0.33229166 0.3875 0.33072916 0.39 0.3296875 0.39 0.32760417 0.395 0.32864583 0.4 0.32604167 0.39916667 0.325 0.40166667 0.32447916 0.4075 0.31927082 0.41083333 0.31354168 0.42166665 0.30989584 0.4425 0.3 0.50333333 0.33229166 0.5133333 0.34166667 0.43666667 0.340625 0.4225 0.33541667 0.4125 0.33802083 0.4075 0.33645833 0.40333334 0.33489582 0.4025 0.33697918 0.39583334
15 0.2828125 0.62916666 0.278125 0.67 0.27864584 0.6716667 0.2734375 0.7316667 0.2734375 0.7425 0.27552083 0.7558333 0.28125 0.7625 0.2796875 0.76666665 0.28229168 0.76916665 0.28125 0.7808333 0.284375 0.78333336 0.2890625 0.7825 0.28958333 0.77 0.29322916 0.76666665 0.29375 0.7625 0.29947916 0.7558333 0.30416667 0.7391667 0.31041667 0.68083334 0.3234375 0.5675 0.29114583 0.5566667
15 0.35677084 0.5941667 0.3515625 0.625 0.34635416 0.64916664 0.34375 0.6625 0.34322917 0.67083335 0.3453125 0.6825 0.34791666 0.68666667 0.34583333 0.68916667 0.34635416 0.6933333 0.34791666 0.6958333 0.3484375 0.6983333 0.34427083 0.7083333 0.35104167 0.7133333 0.353125 0.7 0.35572916 0.70166665 0.359375 0.69916666 0.35885417 0.69416666 0.36770833 0.69166666 0.371875 0.68333334 0.38645834 0.62583333 0.39375 0.5875 0.35989583 0.5775
15 0.4296875 0.335 0.421875 0.33333334 0.42083332 0.34666666 0.41666666 0.3475 0.41510418 0.355 0.40729168 0.36083335 0.40208334 0.37333333 0.3703125 0.5258333 0.40520832 0.5366667 0.43333334 0.38083333 0.43333334 0.37166667 0.42760417 0.35916665 0.42916667 0.35416666 0.42916667 0.35083333 0.4265625 0.34916666 0.4296875 0.33916667
15 0.5359375 0.30333334 0.534375 0.30166668 0.52916664 0.30416667 0.5286458 0.31 0.5307292 0.31833333 0.5286458 0.32083333 0.52916664 0.325 0.53020835 0.3275 0.52552086 0.33083335 0.521875 0.34083334 0.5234375 0.36 0.5484375 0.50416666 0.57447916 0.655 0.5796875 0.6675 0.5864583 0.6691667 0.5885417 0.67333335 0.590625 0.675 0.59583336 0.68666667 0.6020833 0.68083334 0.6 0.67333335 0.603125 0.6675 0.6 0.6616667 0.6041667 0.6508333 0.6046875 0.6358333 0.5984375 0.5883333 0.57239586 0.435 0.55104166 0.3325 0.54322916 0.325 0.54270834 0.31916666 0.5390625 0.31583333 0.53802085 0.30916667
15 0.434375 0.755 0.42552084 0.75333333 0.42604166 0.76666665 0.43333334 0.76416665 0.434375 0.7675 0.44010416 0.7683333 0.44583333 0.7841667 0.4546875 0.7891667 0.54791665 0.81166667 0.64739585 0.83916664 0.65416664 0.8375 0.6614583 0.82666665 0.66510415 0.8283333 0.66822916 0.825 0.675 0.8283333 0.67760414 0.8175 0.6692708 0.81416667 0.6666667 0.8066667 0.6635417 0.8075 0.6588542 0.79583335 0.6489583 0.7866667 0.6166667 0.77666664 0.615625 0.77166665 0.60520834 0.7733333 0.5203125 0.7475 0.45416668 0.73583335 0.44375 0.74083334 0.44114584 0.75 0.43645832 0.74833333
15 0.715625 0.68083334 0.721875 0.67083335 0.728125 0.68666667 0.7182292 0.69166666 0.7203125 0.69666666 0.71770835 0.7 0.71979165 0.70666665 0.715625 0.72 0.67552084 0.7633333 0.65 0.7875 0.6489583 0.7866667 0.6166667 0.77666664 0.61510414 0.7708333 0.60572916 0.7733333 0.6088542 0.77166665 0.65729165 0.7216667 0.6614583 0.715 0.6671875 0.7108333 0.70104164 0.68 0.7057292 0.6816667 0.70885414 0.68416667 0.7109375 0.68083334 0.7135417 0.6791667
15 0.5572917 0.82666665 0.5239583 0.865 0.521875 0.8691667 0.52239585 0.87833333 0.51979166 0.88166666 0.51875 0.8858333 0.51979166 0.89 0.5171875 0.89416665 0.51458335 0.89416665 0.51354164 0.89916664 0.51666665 0.9066667 0.52239585 0.91083336 0.525 0.89916664 0.528125 0.90166664 0.53020835 0.8983333 0.5359375 0.90416664 0.5421875 0.9025 0.5640625 0.8808333 0.6109375 0.82916665 0.56614584 0.81666666
15 0.42239583 0.775 0.40416667 0.7875 0.40052083 0.79583335 0.3984375 0.8041667 0.3953125 0.8041667 0.39479166 0.8066667 0.39427084 0.81333333 0.38697916 0.81416667 0.38697916 0.825 0.3921875 0.8325 0.39791667 0.825 0.40104166 0.825 0.40260416 0.8225 0.41145834 0.8308333 0.41822916 0.83166665 0.47916666 0.795 0.4546875 0.7891667 0.44583333 0.78333336 0.44010416 0.7675 0.43489584 0.7675
15 0.578125 0.67 0.5260417 0.70666665 0.47708333 0.7391667 0.5203125 0.7475 0.5390625 0.75333333 0.56354165 0.7366667 0.56458336 0.7341667 0.6020833 0.7058333 0.60520834 0.6983333 0.60625 0.6875 0.609375 0.6875 0.6109375 0.6825 0.6171875 0.68333334 0.61614585 0.6691667 0.6125 0.65833336 0.6067708 0.66833335 0.603125 0.66583335 0.60260415 0.6675 0.6 0.6725 0.6020833 0.68083334 0.5953125 0.68666667 0.59010416 0.6741667 0.5885417 0.67333335 0.5864583 0.67 0.58177084 0.6691667
15 0.53125 0.43333334 0.44739583 0.42416668 0.44166666 0.4275 0.43958333 0.43666667 0.4375 0.43416667 0.434375 0.435 0.43333334 0.44 0.42552084 0.44 0.42395833 0.44666666 0.42604166 0.4475 0.42760417 0.455 0.428125 0.45833334 0.43333334 0.4525 0.43541667 0.45666668 0.43854168 0.45583335 0.43854168 0.46083334 0.4421875 0.46833333 0.44895834 0.47166666 0.47864583 0.47833332 0.5453125 0.48583335 0.5364583 0.43416667
15 0.5453125 0.5275 0.52239585 0.535 0.47552082 0.55083334 0.47135416 0.5541667 0.46822917 0.56166667 0.46614584 0.5683333 0.46770832 0.5733333 0.47447917 0.57416666 0.47291666 0.59 0.46822917 0.5875 0.4703125 0.5925 0.47708333 0.5966667 0.48645833 0.59833336 0.528125 0.58666664 0.5609375 0.5758333 0.5520833 0.525
15 0.6828125 0.50333333 0.678125 0.49583334 0.6723958 0.4925 0.6588542 0.4925 0.62135416 0.50416666 0.5859375 0.515 0.5942708 0.56583333 0.6765625 0.5375 0.684375 0.52666664 0.68541664 0.52 0.6880208 0.52 0.68958336 0.5183333 0.68958336 0.5158333 0.6984375 0.51416665 0.696875 0.50333333 0.6890625 0.5058333 0.6880208 0.50166667 0.6859375 0.50083333
15 0.6713542 0.4525 0.66510415 0.46 0.6645833 0.455 0.6614583 0.455 0.65989584 0.455 0.6578125 0.44833332 0.65052086 0.44333333 0.64375 0.4425 0.5729167 0.4375 0.58177084 0.49 0.6234375 0.49333334 0.65 0.49083334 0.6557292 0.48666668 0.659375 0.47916666 0.659375 0.475 0.6625 0.47666666 0.6635417 0.475 0.6645833 0.47166666 0.6723958 0.47583333 0.6744792 0.47166666 0.6723958 0.455
15 0.228125 0.50166667 0.22083333 0.49583334 0.21875 0.50916666 0.22552083 0.51166666 0.22760417 0.5158333 0.23177083 0.5175 0.23645833 0.52916664 0.24791667 0.5416667 0.33177084 0.57 0.434375 0.59833336 0.44947916 0.59833336 0.45520833 0.5925 0.459375 0.5883333 0.46614584 0.585 0.47239584 0.59 0.47447917 0.57416666 0.46770832 0.57416666 0.46614584 0.56916666 0.4640625 0.56666666 0.46197918 0.5675 0.45833334 0.55916667 0.45052084 0.55083334 0.35572916 0.5208333 0.25677082 0.49 0.2453125 0.48833334 0.23802084 0.49333334 0.234375 0.49666667 0.2296875 0.4975
