3 0.13854167 0.40916666 0.1125 0.43083334 0.079166666 0.48416665 0.058854166 0.5175 0.108333334 0.5491667 0.114583336 0.55583334 0.11927083 0.5625 0.16145833 0.5808333 0.18697916 0.6016667 0.190625 0.615 0.18697916 0.625 0.1640625 0.6691667 0.17447917 0.6933333 0.19322917 0.7158333 0.20729166 0.715 0.22239584 0.69416666 0.2375 0.64416665 0.23697917 0.6116667 0.23697917 0.5941667 0.24635416 0.5858333 0.26145834 0.5941667 0.271875 0.58166665 0.2765625 0.5725 0.26354167 0.55916667 0.25520834 0.5158333 0.22916667 0.45083332 0.21145834 0.42916667 0.16927083 0.41916665 0.153125 0.41583332
3 0.13125 0.3875 0.114583336 0.3475 0.114583336 0.32916668 0.13802083 0.29666665 0.209375 0.235 0.246875 0.2125 0.290625 0.25416666 0.3140625 0.29083332 0.32604167 0.3625 0.3359375 0.40083334 0.3203125 0.4 0.3015625 0.385 0.30104166 0.41416666 0.28802082 0.43166667 0.24427083 0.43166667 0.20885417 0.42583334 0.15989584 0.41416666 0.14114584 0.40916666
3 0.37552083 0.5925 0.34583333 0.59583336 0.33697918 0.59166664 0.33385417 0.5725 0.33072916 0.55083334 0.33697918 0.43666667 0.340625 0.38666666 0.34322917 0.37 0.34947917 0.36 0.36822918 0.36416668 0.38385418 0.37 0.41458333 0.37416667 0.4390625 0.3825 0.48958334 0.39083335 0.51197916 0.4 0.5130208 0.41666666 0.5046875 0.47 0.5052083 0.48666668 0.50364584 0.5058333 0.49583334 0.50916666 0.49010417 0.51416665 0.4875 0.52416664 0.4875 0.5375 0.49427083 0.56583333 0.49010417 0.59 0.47864583 0.6 0.46145833 0.5975 0.45208332 0.5975 0.43697917 0.6066667 0.425 0.62 0.39583334 0.5875 0.3890625 0.55916667 0.38177082 0.5833333
3 0.42864582 0.79583335 0.446875 0.805 0.46145833 0.81083333 0.49114582 0.81666666 0.5609375 0.80083334 0.60729164 0.78833336 0.6140625 0.7808333 0.6166667 0.76 0.6125 0.70666665 0.61041665 0.68416667 0.6041667 0.6325 0.6 0.58166665 0.59479165 0.55833334 0.58697915 0.5491667 0.5640625 0.555 0.5234375 0.5733333 0.50572914 0.5783333 0.49114582 0.59 0.47864583 0.6 0.453125 0.59833336 0.43645832 0.6075 0.4234375 0.6225 0.41979167 0.62583333 0.4171875 0.64416665 0.41979167 0.67583334 0.42760417 0.71 0.4453125 0.75 0.45 0.7575 0.446875 0.7633333 0.43020833 0.7783333 0.42760417 0.79083335
3 0.49895832 0.5825 0.49375 0.56333333 0.4875 0.5366667 0.48854166 0.52416664 0.49114582 0.5133333 0.4984375 0.50916666 0.5109375 0.50916666 0.51666665 0.5108333 0.52447915 0.5075 0.534375 0.49666667 0.5520833 0.48666668 0.5572917 0.48583335 0.56614584 0.49333334 0.57239586 0.49833333 0.578125 0.4875 0.58020836 0.4625 0.5807292 0.455 0.5885417 0.435 0.59791666 0.42583334 0.60260415 0.42583334 0.61614585 0.46666667 0.6333333 0.5133333 0.6770833 0.635 0.6869792 0.66 0.6848958 0.6791667 0.67291665 0.68916667 0.6166667 0.7425 0.6140625 0.7133333 0.609375 0.6716667 0.6046875 0.6325 0.60052085 0.5808333 0.5953125 0.5575 0.58697915 0.5475 0.559375 0.55583334 0.52447915 0.57166666 0.5046875 0.57666665
3 0.365625 0.35833332 0.34583333 0.335 0.34583333 0.31833333 0.34739584 0.3 0.37604168 0.23666666 0.41458333 0.15583333 0.425 0.13583334 0.4375 0.13166666 0.44895834 0.1425 0.48385417 0.19166666 0.5317708 0.27666667 0.56041664 0.32416666 0.5630208 0.33833334 0.56145835 0.3525 0.55572915 0.3575 0.54114586 0.36083335 0.53229165 0.36916667 0.521875 0.37666667 0.5234375 0.385 0.51927084 0.415 0.5109375 0.4425 0.51354164 0.4175 0.51354164 0.4 0.49375 0.39083335 0.48645833 0.38583332 0.45208332 0.38333333 0.43802083 0.38083333 0.41458333 0.37333333 0.38177082 0.3675 0.3671875 0.36166668
3 0.34427083 0.33666667 0.3375 0.345 0.33229166 0.28583333 0.33177084 0.23916666 0.32239583 0.13166666 0.32239583 0.100833334 0.3265625 0.08 0.33177084 0.08 0.33645833 0.08833333 0.3421875 0.100833334 0.35520834 0.11333334 0.37291667 0.12416667 0.4078125 0.12416667 0.42291668 0.12416667 0.43958333 0.13 0.42395833 0.135 0.3875 0.21083333 0.34895834 0.295 0.34635416 0.30333334 0.34427083 0.3225 0.34427083 0.33083335
3 0.5229167 0.40166667 0.5364583 0.42 0.5630208 0.45833334 0.5734375 0.4675 0.5786458 0.46166667 0.57916665 0.45666668 0.5885417 0.43166667 0.5890625 0.4175 0.5885417 0.40583333 0.6109375 0.37166667 0.625 0.345 0.6296875 0.33666667 0.6411458 0.33916667 0.6515625 0.3325 0.6614583 0.32583332 0.6635417 0.32333332 0.64166665 0.28333333 0.62604165 0.2575 0.6125 0.25083333 0.6125 0.2425 0.61302084 0.23666666 0.59375 0.185 0.5796875 0.1575 0.5729167 0.13833334 0.56927085 0.14083333 0.5307292 0.23416667 0.52135414 0.25666666 0.5338542 0.2775 0.55677086 0.31583333 0.5609375 0.32333332 0.56354165 0.33666667 0.5619792 0.35583332 0.55625 0.35916665 0.5416667 0.3625 0.5296875 0.37333333 0.5229167 0.37916666 0.5239583 0.3825 0.5229167 0.3975
3 0.6333333 0.34 0.6380208 0.385 0.646875 0.46416667 0.65208334 0.49666667 0.65520835 0.51916665 0.66197914 0.525 0.6692708 0.5275 0.71770835 0.5108333 0.78229165 0.47833332 0.790625 0.46916667 0.79583335 0.46 0.79791665 0.4525 0.7953125 0.42916667 0.79010415 0.39166668 0.77916664 0.3575 0.7708333 0.305 0.75677085 0.26333332 0.7578125 0.24666667 0.7572917 0.225 0.7552083 0.20333333 0.74791664 0.19333333 0.7348958 0.19583334 0.7 0.215 0.6723958 0.23666666 0.6614583 0.2525 0.65260416 0.26583335 0.6390625 0.25583333 0.63125 0.2475 0.6255208 0.2475 0.6203125 0.25166667 0.62135416 0.25333333 0.62604165 0.25583333 0.66510415 0.3225 0.66041666 0.32833335 0.6411458 0.34
3 0.08229167 0.76916665 0.0 0.74916667 0.0 0.60333335 0.0 0.50333333 0.00052083336 0.49416667 0.020833334 0.495 0.06302083 0.525 0.11302083 0.55333334 0.116145834 0.56416667 0.1625 0.58416665 0.184375 0.6016667 0.18854167 0.6191667 0.16927083 0.6525 0.13802083 0.71 0.15104167 0.72083336 0.15625 0.7366667 0.15677084 0.775 0.13854167 0.7925 0.111979164 0.78333336
