15 0.35364583 0.3475 0.34895834 0.39333335 0.3453125 0.38833332 0.34114584 0.38666666 0.3375 0.38833332 0.33072916 0.38833332 0.3296875 0.38 0.33020833 0.37583333 0.33802083 0.375 0.33958334 0.37 0.340625 0.3675 0.34270832 0.36 0.34583333 0.35166666 0.35052082 0.34666666
15 0.36979166 0.2925 0.38177082 0.29 0.38489583 0.2925 0.384375 0.2975 0.38125 0.30833334 0.38333333 0.31833333 0.38958332 0.32833335 0.39010417 0.34166667 0.38072917 0.39416668 0.37708333 0.40916666 0.37864584 0.42833334 0.37604168 0.45416668 0.35520834 0.6725 0.34895834 0.6791667 0.34479168 0.6825 0.34322917 0.6875 0.34322917 0.69083333 0.34322917 0.70166665 0.33177084 0.69916666 0.33177084 0.6975 0.334375 0.68583333 0.33125 0.6816667 0.33177084 0.6775 0.32395834 0.6741667 0.32395834 0.66833335 0.33072916 0.5733333 0.34947917 0.39083335 0.35364583 0.3475 0.35885417 0.32416666 0.36041668 0.31583333 0.365625 0.31166667 0.36875 0.31 0.37083334 0.3075 0.37135416 0.305 0.3703125 0.30166668
15 0.56614584 0.2525 0.5755208 0.24583334 0.5776042 0.2625 0.56927085 0.26416665 0.5651042 0.26416665 0.5640625 0.27083334 0.56354165 0.28083333 0.5572917 0.29 0.5140625 0.31666666 0.45364583 0.34833333 0.421875 0.36416668 0.42760417 0.335 0.43333334 0.305 0.5203125 0.25666666 0.55104166 0.2425 0.5578125 0.24666667 0.56041664 0.25166667 0.5625 0.25333333 0.5625 0.25333333
15 0.4671875 0.435 0.47083333 0.44666666 0.4625 0.455 0.4640625 0.45833334 0.46145833 0.4625 0.45989582 0.47333333 0.45625 0.48666668 0.43958333 0.5133333 0.39270833 0.5733333 0.36145833 0.6175 0.35989583 0.6175 0.36770833 0.53833336 0.36770833 0.53333336 0.42395833 0.4625 0.44322917 0.44333333 0.44791666 0.44416666 0.45364583 0.4475 0.45520833 0.44416666 0.45885417 0.44416666 0.46145833 0.445 0.46458334 0.44166666
15 0.278125 0.7108333 0.275 0.7083333 0.27760416 0.7 0.2796875 0.6958333 0.278125 0.69416666 0.27708334 0.68833333 0.28020832 0.685 0.28125 0.6825 0.28177083 0.67583334 0.28177083 0.6691667 0.28333333 0.6625 0.28854167 0.65416664 0.3203125 0.60333335 0.32916668 0.58666664 0.3296875 0.58916664 0.325 0.65416664 0.32395834 0.67083335 0.31875 0.6791667 0.30260417 0.7 0.2984375 0.7 0.29583332 0.7 0.2890625 0.69916666 0.28697917 0.70416665 0.28333333 0.7033333 0.28229168 0.70416665 0.28125 0.7108333 0.28020832 0.7125
15 0.6166667 0.34083334 0.6197917 0.34416667 0.62135416 0.34833333 0.61354166 0.35666665 0.6125 0.36083335 0.61145836 0.36666667 0.6109375 0.38 0.6078125 0.38833332 0.5989583 0.40333334 0.5625 0.44416666 0.55885416 0.42666668 0.5541667 0.4175 0.55052084 0.41416666 0.54583335 0.41333333 0.5442708 0.40583333 0.54375 0.39833334 0.5859375 0.35333332 0.5911458 0.34833333 0.6046875 0.35 0.60520834 0.34916666 0.6078125 0.34583333 0.609375 0.34583333 0.61145836 0.345 0.61354166 0.34166667
15 0.53020835 0.40333334 0.534375 0.39416668 0.5395833 0.39 0.5421875 0.4 0.54375 0.4025 0.54479164 0.41 0.54583335 0.41416666 0.54791665 0.41416666 0.55104166 0.415 0.5546875 0.41916665 0.5572917 0.42333335 0.559375 0.4275 0.5625 0.445 0.5729167 0.51416665 0.60260415 0.7291667 0.60260415 0.74 0.6010417 0.7475 0.59791666 0.75416666 0.5963542 0.75666666 0.59583336 0.76166666 0.5963542 0.7658333 0.596875 0.77 0.5984375 0.77666664 0.6 0.7783333 0.59739584 0.7808333 0.5953125 0.7825 0.5911458 0.7841667 0.59010416 0.78333336 0.5890625 0.7708333 0.58697915 0.7708333 0.5854167 0.76666665 0.58489585 0.7633333 0.58020836 0.7608333 0.575 0.7558333 0.5708333 0.74583334 0.56875 0.7375 0.565625 0.72333336 0.55833334 0.66833335 0.54583335 0.5883333 0.53020835 0.45666668 0.5296875 0.44333333 0.5296875 0.43416667 0.53020835 0.42666668 0.534375 0.41833332 0.53541666 0.41583332 0.534375 0.41 0.53489584 0.40666667 0.53125 0.405
15 0.409375 0.56916666 0.41197917 0.5758333 0.41458333 0.58 0.41770834 0.5733333 0.41927084 0.5708333 0.42239583 0.57166666 0.42395833 0.5708333 0.42447916 0.5708333 0.42552084 0.5708333 0.4296875 0.5725 0.43489584 0.57166666 0.4390625 0.5733333 0.45260417 0.5625 0.50364584 0.51 0.5296875 0.48083332 0.5317708 0.4775 0.53229165 0.47666666 0.53229165 0.47583333 0.5296875 0.45166665 0.52916664 0.43583333 0.5296875 0.4275 0.5338542 0.42 0.53541666 0.41583332 0.534375 0.40916666 0.534375 0.40833333 0.53125 0.41166666 0.47604167 0.47583333 0.46041667 0.49083334 0.45260417 0.49916667 0.43802083 0.51666665 0.43489584 0.5183333 0.4234375 0.5341667 0.421875 0.53583336 0.4203125 0.54 0.41927084 0.5466667 0.41875 0.555 0.41666666 0.555 0.41510418 0.5575 0.41510418 0.56 0.41510418 0.5625 0.415625 0.565 0.41354167 0.565 0.41041666 0.5675
15 0.41822916 0.65166664 0.41875 0.66 0.41875 0.6675 0.41979167 0.6675 0.42760417 0.66333336 0.42760417 0.6666667 0.4296875 0.6675 0.4328125 0.6675 0.434375 0.67333335 0.43802083 0.6791667 0.44166666 0.6816667 0.47083333 0.6816667 0.528125 0.6791667 0.559375 0.6791667 0.55833334 0.67083335 0.5546875 0.6475 0.5515625 0.6275 0.546875 0.6275 0.46822917 0.63 0.4484375 0.6308333 0.4390625 0.635 0.43489584 0.64 0.43385416 0.64416665 0.43229166 0.64666665 0.4296875 0.6475 0.42760417 0.6475 0.42760417 0.6525 0.42395833 0.6525 0.41979167 0.6525
15 0.6723958 0.64166665 0.6734375 0.64916664 0.67395836 0.6558333 0.67291665 0.66 0.6713542 0.66333336 0.6692708 0.665 0.6640625 0.6591667 0.66302085 0.66083336 0.66197914 0.6616667 0.65989584 0.6616667 0.6578125 0.6691667 0.6557292 0.6725 0.653125 0.675 0.6479167 0.67583334 0.6322917 0.6766667 0.5953125 0.6775 0.5921875 0.65166664 0.58958334 0.635 0.5885417 0.62666667 0.62083334 0.62583333 0.63854164 0.625 0.6479167 0.62583333 0.6510417 0.62666667 0.6557292 0.6308333 0.6588542 0.6358333 0.659375 0.6425 0.6625 0.64166665 0.66302085 0.64166665 0.6640625 0.6433333 0.66510415 0.6475 0.6666667 0.64666665 0.66979164 0.64416665
15 0.7583333 0.6041667 0.75989586 0.6016667 0.7604167 0.5966667 0.7604167 0.59166664 0.7583333 0.59 0.7578125 0.58916664 0.753125 0.59 0.7526042 0.58916664 0.75104165 0.585 0.7494792 0.5858333 0.74895835 0.58166665 0.74791664 0.575 0.746875 0.5725 0.74375 0.5683333 0.7390625 0.56333333 0.73802084 0.5625 0.6140625 0.5133333 0.5765625 0.49833333 0.5708333 0.49583334 0.5703125 0.4975 0.5765625 0.5391667 0.5776042 0.5491667 0.61875 0.56583333 0.69166666 0.5966667 0.7161458 0.605 0.7296875 0.61 0.73645836 0.61083335 0.7395833 0.6091667 0.7421875 0.60583335 0.7447917 0.6016667 0.74635416 0.60583335 0.74895835 0.6066667 0.75 0.6066667 0.75 0.6 0.75364584 0.6025 0.75572914 0.6041667
15 0.5161458 0.50916666 0.5161458 0.50166667 0.51770836 0.4975 0.5260417 0.49916667 0.5265625 0.4975 0.52760416 0.495 0.528125 0.495 0.5317708 0.49666667 0.53333336 0.49166667 0.534375 0.4925 0.5375 0.52166665 0.5390625 0.5308333 0.5390625 0.5325 0.5375 0.5316667 0.53489584 0.53 0.5317708 0.52416664 0.53020835 0.5175 0.5296875 0.5158333 0.5286458 0.5175 0.528125 0.5175 0.52708334 0.5175 0.52552086 0.5158333 0.525 0.5125 0.5239583 0.51 0.51875 0.51 0.51875 0.51
15 0.75677085 0.63166666 0.75989586 0.6333333 0.7630208 0.63666666 0.76666665 0.6408333 0.76770836 0.6458333 0.7630208 0.64916664 0.75989586 0.6508333 0.759375 0.65166664 0.7604167 0.65416664 0.759375 0.6591667 0.7572917 0.6616667 0.759375 0.66583335 0.75885415 0.67083335 0.75885415 0.67583334 0.75677085 0.68333334 0.7291667 0.73 0.7135417 0.71166664 0.70677084 0.7058333 0.7036458 0.7033333 0.6984375 0.705 0.6979167 0.705 0.7057292 0.69166666 0.734375 0.64916664 0.7395833 0.645 0.7447917 0.6433333 0.7494792 0.645 0.75 0.64416665 0.7515625 0.6425 0.75364584 0.6425 0.7552083 0.64416665 0.75572914 0.63416666
15 0.6802083 0.71416664 0.68333334 0.705 0.68645835 0.69916666 0.68958336 0.69666666 0.69375 0.705 0.6958333 0.705 0.69895834 0.70416665 0.703125 0.7033333 0.71302086 0.7108333 0.725 0.72583336 0.72864586 0.73 0.78489584 0.80333334 0.8520833 0.8908333 0.85833335 0.90166664 0.859375 0.9066667 0.8588542 0.9166667 0.86041665 0.9191667 0.8619792 0.92083335 0.8619792 0.9241667 0.86145836 0.9266667 0.8625 0.92833334 0.86510414 0.93083334 0.86875 0.93416667 0.86614585 0.94166666 0.8625 0.945 0.86041665 0.9475 0.8588542 0.9458333 0.85572916 0.9375 0.853125 0.93833333 0.85260415 0.9375 0.85 0.94 0.84479165 0.94166666 0.8385417 0.93833333 0.8333333 0.9325 0.7369792 0.81083333 0.69635415 0.7558333 0.6890625 0.745 0.6875 0.7416667 0.6880208 0.7316667 0.6890625 0.72583336 0.6880208 0.725 0.68645835 0.7225 0.68645835 0.71666664 0.684375 0.7183333 0.6796875 0.71666664
15 0.5697917 0.8925 0.5729167 0.9008333 0.58020836 0.905 0.58177084 0.89416665 0.58385414 0.89416665 0.5854167 0.89416665 0.5875 0.89 0.58958334 0.89416665 0.5932292 0.895 0.6 0.8933333 0.61875 0.87333333 0.6880208 0.78333336 0.7026042 0.765 0.7 0.76166666 0.6880208 0.7441667 0.6875 0.7416667 0.6875 0.73333335 0.6890625 0.72583336 0.6859375 0.7225 0.68645835 0.71666664 0.68385416 0.7183333 0.675 0.73083335 0.63854164 0.78 0.5989583 0.8308333 0.584375 0.84833336 0.5796875 0.85583335 0.578125 0.8625 0.5786458 0.86833334 0.57916665 0.875 0.57708335 0.87583333 0.57604164 0.8775 0.57708335 0.885 0.57135415 0.89
15 0.44739583 0.08916666 0.45572916 0.0925 0.4546875 0.10666667 0.45833334 0.11666667 0.46197918 0.12666667 0.46197918 0.14833333 0.4359375 0.29166666 0.41145834 0.42 0.4046875 0.44333333 0.39635417 0.44333333 0.3953125 0.44583333 0.390625 0.45 0.39322916 0.46166667 0.38958332 0.46416667 0.38229167 0.46166667 0.38020834 0.45833334 0.38333333 0.44583333 0.38020834 0.44333333 0.38177082 0.435 0.37864584 0.42833334 0.37760416 0.41 0.39427084 0.32166666 0.43385416 0.115833335 0.4375 0.10583334 0.44375 0.10166667 0.44791666 0.09916667 0.44791666 0.095
