19 0.24322917 0.42916667 0.22135417 0.44416666 0.1890625 0.4625 0.18072917 0.47666666 0.18385416 0.48833334 0.19895834 0.54333335 0.2375 0.68416667 0.24166666 0.68416667 0.24375 0.68666667 0.2390625 0.6933333 0.25104168 0.7375 0.25729167 0.7441667 0.26770833 0.7475 0.2828125 0.73833334 0.3796875 0.675 0.37916666 0.6691667 0.38229167 0.6691667 0.384375 0.66083336 0.38020834 0.65833336 0.378125 0.605 0.375 0.605 0.3734375 0.6016667 0.375 0.5991667 0.36197916 0.5525 0.34895834 0.5 0.3359375 0.435 0.32395834 0.39333335 0.31666666 0.38666666 0.31041667 0.38833332 0.275 0.41083333
19 0.2265625 0.42166665 0.20989583 0.35916665 0.18697916 0.27333334 0.1859375 0.26083332 0.18645833 0.24833333 0.19479166 0.23583333 0.2765625 0.1875 0.31302083 0.16666667 0.321875 0.1675 0.32708332 0.17666666 0.3328125 0.2025 0.34479168 0.25583333 0.35416666 0.29666665 0.34114584 0.37083334 0.33333334 0.42083332 0.32447916 0.39166668 0.31510416 0.385 0.30625 0.39083335 0.25052083 0.42416668 0.23020834 0.43833333
19 0.38229167 0.7225 0.38541666 0.82 0.38802084 0.8875 0.39322916 0.8983333 0.40520832 0.9 0.4296875 0.89416665 0.5296875 0.8875 0.5359375 0.8725 0.53541666 0.84583336 0.5286458 0.65833336 0.525 0.5875 0.5203125 0.58166665 0.496875 0.58 0.38958332 0.5908333 0.3828125 0.5966667 0.378125 0.605 0.38125 0.6591667 0.384375 0.66083336 0.3828125 0.6691667 0.3796875 0.6691667
19 0.38072917 0.27916667 0.4390625 0.31083333 0.48229167 0.33 0.49895832 0.335 0.49895832 0.34583333 0.50364584 0.345 0.5046875 0.33916667 0.5203125 0.345 0.5364583 0.3525 0.54114586 0.36 0.5421875 0.37083334 0.5317708 0.43 0.50572914 0.5775 0.49739584 0.57916665 0.478125 0.575 0.46510416 0.56916666 0.46354166 0.56083333 0.4609375 0.56416667 0.45260417 0.56166667 0.38177082 0.5275 0.35364583 0.5175 0.34166667 0.46166667 0.3328125 0.42 0.35364583 0.29583332 0.35729167 0.28583333 0.36145833 0.28 0.3703125 0.27583334
19 0.5828125 0.33333334 0.5953125 0.34583333 0.6234375 0.3875 0.684375 0.46416667 0.68541664 0.48 0.6802083 0.49666667 0.6234375 0.61083335 0.6125 0.61083335 0.609375 0.6125 0.6088542 0.61583334 0.60625 0.615 0.6046875 0.60833335 0.5697917 0.6066667 0.565625 0.6141667 0.5625 0.6225 0.56145835 0.64 0.559375 0.7008333 0.52916664 0.6616667 0.52552086 0.5875 0.5203125 0.58166665 0.49739584 0.58 0.50625 0.5775 0.5364583 0.40416667 0.56875 0.34083334 0.57604164 0.33416668
19 0.559375 0.7008333 0.5541667 0.8233333 0.55572915 0.8333333 0.559375 0.83916664 0.56614584 0.84583336 0.5942708 0.84583336 0.59583336 0.83916664 0.5984375 0.8383333 0.5989583 0.8466667 0.7005208 0.85333335 0.73020834 0.855 0.7369792 0.8516667 0.740625 0.8466667 0.7427083 0.83416665 0.7505208 0.6741667 0.75208336 0.6425 0.74895835 0.62833333 0.74375 0.62166667 0.69947916 0.61833334 0.6609375 0.61583334 0.6223958 0.6116667 0.6125 0.61083335 0.6098958 0.6125 0.609375 0.6175 0.60625 0.615 0.6046875 0.6075 0.5697917 0.6075 0.56875 0.60833335 0.56614584 0.6125 0.5625 0.6225
19 0.68072915 0.18083334 0.6567708 0.21916667 0.634375 0.25333333 0.5953125 0.31333333 0.59791666 0.31916666 0.596875 0.32333332 0.5921875 0.3175 0.58958334 0.3225 0.5828125 0.3325 0.5953125 0.34583333 0.6296875 0.39583334 0.659375 0.4325 0.6848958 0.465 0.68541664 0.47916666 0.6791667 0.49833333 0.665625 0.5275 0.6713542 0.52666664 0.6947917 0.49 0.6947917 0.48166665 0.7 0.48333332 0.7296875 0.435 0.728125 0.38 0.72447914 0.33166668 0.72864586 0.31916666 0.7328125 0.31333333 0.74427086 0.31 0.7921875 0.305 0.74895835 0.23666666 0.72239584 0.19583334 0.7036458 0.16416667 0.69739586 0.16166666 0.68854165 0.17083333
19 0.73125 0.45166665 0.734375 0.5108333 0.7348958 0.54333335 0.73854166 0.5475 0.7359375 0.55083334 0.7369792 0.59 0.73854166 0.60833335 0.7421875 0.6141667 0.75 0.6175 0.80052084 0.6066667 0.8671875 0.60083336 0.875 0.59166664 0.87864584 0.5783333 0.8776042 0.53333336 0.8723958 0.53 0.87291664 0.52416664 0.8776042 0.5225 0.8734375 0.42083332 0.87135416 0.365 0.8697917 0.305 0.865625 0.29583332 0.85520834 0.295 0.7895833 0.30666667 0.74635416 0.31 0.73229164 0.3125 0.728125 0.32 0.72447914 0.33083335 0.728125 0.3825 0.73020834 0.44
19 0.46197918 0.56416667 0.46302083 0.5683333 0.46510416 0.57666665 0.46979168 0.5825 0.49739584 0.58 0.478125 0.575 0.46510416 0.56916666 0.46354166 0.56083333
19 0.041145835 0.4875 0.020833334 0.5125 0.016145833 0.52166665 0.0140625 0.5316667 0.016666668 0.5441667 0.0421875 0.5833333 0.047395833 0.58 0.049479168 0.5825 0.046354167 0.59 0.08229167 0.64416665 0.128125 0.71666664 0.15052083 0.74833333 0.1546875 0.74833333 0.16458334 0.74833333 0.1875 0.71166664 0.22708334 0.64916664 0.18697916 0.50083333 0.18177083 0.4825 0.18177083 0.475 0.18854167 0.46333334 0.165625 0.42083332 0.16145833 0.42333335 0.15833333 0.42166665 0.1609375 0.41416666 0.13802083 0.37666667 0.134375 0.37416667 0.12864584 0.37166667 0.123958334 0.37333333 0.11875 0.37916666 0.0765625 0.44
