15 0.21666667 0.4925 0.1890625 0.41083333 0.16979167 0.34833333 0.16927083 0.33666667 0.1703125 0.3275 0.17083333 0.32083333 0.16979167 0.31833333 0.171875 0.3125 0.16770834 0.3075 0.16666667 0.30416667 0.16875 0.30083334 0.17291667 0.29833335 0.17604166 0.3025 0.178125 0.3025 0.17916666 0.30666667 0.18125 0.31 0.18333334 0.31416667 0.18697916 0.31583333 0.19322917 0.32083333 0.19947916 0.32833335 0.25364584 0.48916668 0.21666667 0.49333334
15 0.28697917 0.485 0.25416666 0.48916668 0.2046875 0.32416666 0.17395833 0.22416666 0.17135416 0.20916666 0.1734375 0.20333333 0.17760417 0.19416666 0.175 0.18833333 0.1703125 0.18083334 0.17239584 0.17583333 0.17604166 0.17083333 0.17916666 0.175 0.1828125 0.185 0.1890625 0.19 0.1953125 0.1925 0.20104167 0.1975
15 0.40364584 0.21083333 0.26770833 0.265 0.25729167 0.26666668 0.25 0.2675 0.24739583 0.26583335 0.24375 0.26166666 0.24166666 0.25666666 0.23958333 0.25666666 0.23697917 0.25333333 0.23385416 0.2525 0.22708334 0.255 0.22552083 0.25166667 0.225 0.24333334 0.22552083 0.2375 0.23177083 0.2425 0.234375 0.2375 0.23697917 0.23583333 0.23854166 0.23 0.24166666 0.2225 0.24895833 0.2175 0.3875 0.1625
15 0.40833333 0.22166666 0.40364584 0.21 0.3875 0.16166666 0.38125 0.14333333 0.378125 0.13 0.37708333 0.12166667 0.37760416 0.11333334 0.37708333 0.10666667 0.37916666 0.1025 0.37760416 0.0975 0.37239584 0.09166667 0.37395832 0.08833333 0.37760416 0.083333336 0.37916666 0.0825 0.38333333 0.09583333 0.3875 0.093333334 0.38958332 0.09916667 0.3953125 0.09916667 0.40104166 0.10333333 0.41770834 0.14166667 0.42135417 0.155 0.45729166 0.25333333 0.50625 0.38916665 0.5083333 0.40166667 0.5072917 0.41333333 0.5046875 0.41916665 0.5046875 0.42333335 0.5083333 0.43333334 0.50989586 0.4375 0.5015625 0.4425 0.50104165 0.44416666 0.49791667 0.4325 0.49479166 0.43583333 0.49270833 0.42583334 0.48645833 0.42583334 0.48020834 0.4175 0.4734375 0.40083334 0.41770834 0.24916667
15 0.37395832 0.375 0.36510417 0.37416667 0.35833332 0.37083334 0.353125 0.36083335 0.34895834 0.36083335 0.346875 0.355 0.34427083 0.35583332 0.34010416 0.35416666 0.33958334 0.35083333 0.33958334 0.345 0.34166667 0.34333333 0.34322917 0.3375 0.34739584 0.34166667 0.35052082 0.34166667 0.35260418 0.34083334 0.35625 0.33333334 0.3625 0.3275 0.3703125 0.325 0.378125 0.32583332 0.37916666 0.32916668 0.37395832 0.335 0.37291667 0.34166667 0.37291667 0.35583332 0.3734375 0.3675
15 0.3953125 0.32583332 0.4453125 0.32583332 0.46458334 0.3775 0.409375 0.37583333 0.40208334 0.33416668 0.396875 0.32666665
15 0.3796875 0.4075 0.37395832 0.37333333 0.37291667 0.35666665 0.37291667 0.34083334 0.37395832 0.335 0.37916666 0.32916668 0.37864584 0.325 0.38072917 0.32 0.3765625 0.31583333 0.3765625 0.31416667 0.37864584 0.30916667 0.38020834 0.30666667 0.38229167 0.30583334 0.384375 0.30333334 0.3875 0.31 0.3890625 0.31583333 0.3921875 0.31916666 0.39270833 0.32333332 0.39427084 0.32583332 0.39635417 0.32583332 0.39791667 0.3275 0.40208334 0.335 0.41302082 0.40083334 0.42604166 0.49 0.42395833 0.49 0.41770834 0.47583333 0.39583334 0.47416666 0.38958332 0.47416666
15 0.39739582 0.5283333 0.41510418 0.6475 0.41927084 0.6641667 0.4234375 0.67 0.42708334 0.6725 0.43125 0.6725 0.43229166 0.67833334 0.4359375 0.67833334 0.4359375 0.68583333 0.43697917 0.69166666 0.43802083 0.69166666 0.440625 0.69 0.44270834 0.6875 0.44739583 0.68583333 0.44739583 0.6825 0.44479167 0.67583334 0.4453125 0.6725 0.44583333 0.66583335 0.44791666 0.65833336 0.4484375 0.64916664 0.44739583 0.61833334 0.44166666 0.585 0.4296875 0.5083333 0.42395833 0.51166666 0.4203125 0.51916665 0.41302082 0.525 0.39947918 0.52666664
15 0.23229167 0.54583335 0.25364584 0.6191667 0.25989583 0.63666666 0.26875 0.6425 0.27083334 0.6483333 0.27447918 0.64916664 0.27708334 0.6575 0.27864584 0.6616667 0.2828125 0.66 0.28489584 0.6558333 0.28177083 0.645 0.284375 0.6333333 0.2859375 0.61583334 0.284375 0.60583335 0.26770833 0.54
15 0.2828125 0.54 0.284375 0.54583335 0.2859375 0.5475 0.28802082 0.54583335 0.290625 0.5441667 0.29166666 0.54083335 0.29114583 0.53833336
15 0.32395834 0.63166666 0.3203125 0.62833333 0.31666666 0.6225 0.3140625 0.6166667 0.309375 0.53583336 0.34270832 0.5325 0.3453125 0.6166667 0.34375 0.6225 0.33958334 0.62583333 0.33854166 0.62916666 0.33802083 0.63416666 0.33645833 0.6358333 0.33645833 0.645 0.3390625 0.65 0.33697918 0.65166664 0.3328125 0.6525 0.33072916 0.6525 0.32708332 0.65 0.32447916 0.6475 0.32604167 0.6425 0.32708332 0.6383333 0.32552084 0.6358333
15 0.25885418 0.6358333 0.21302083 0.645 0.20677084 0.64916664 0.20052083 0.65833336 0.196875 0.66 0.19427083 0.6616667 0.19375 0.66583335 0.19270833 0.6675 0.18541667 0.6675 0.184375 0.67 0.18333334 0.675 0.18489583 0.68083334 0.18645833 0.68416667 0.19270833 0.6791667 0.1953125 0.68083334 0.19791667 0.68 0.20104167 0.68666667 0.20885417 0.6933333 0.22447917 0.6933333 0.33958334 0.67083335 0.38802084 0.66333336 0.40208334 0.6625 0.4171875 0.6566667 0.41458333 0.64666665 0.40989584 0.6116667 0.36614582 0.6141667 0.34479168 0.61833334 0.34375 0.6225 0.340625 0.625 0.33854166 0.62833333 0.33854166 0.6333333 0.3359375 0.6358333 0.33645833 0.645 0.33854166 0.65 0.33072916 0.6525 0.325 0.6475 0.32708332 0.6383333 0.32552084 0.635 0.32395834 0.63166666 0.31979167 0.62833333 0.31770834 0.62416667 0.284375 0.63 0.28385416 0.6358333 0.28177083 0.6433333 0.284375 0.6558333 0.28333333 0.65833336 0.27916667 0.6616667 0.27395833 0.6483333 0.27083334 0.6483333 0.26875 0.6425
15 0.32916668 0.6825 0.29947916 0.69166666 0.296875 0.6958333 0.29375 0.7 0.28958333 0.70416665 0.2859375 0.7058333 0.2859375 0.7125 0.28125 0.7133333 0.278125 0.7108333 0.27708334 0.7175 0.27760416 0.7241667 0.2796875 0.72583336 0.28541666 0.72583336 0.28802082 0.7275 0.290625 0.7275 0.29375 0.735 0.29635417 0.7375 0.303125 0.74 0.30729166 0.7391667 0.3140625 0.74 0.446875 0.7025 0.49947917 0.68583333 0.5072917 0.6775 0.50885415 0.67083335 0.5104167 0.6641667 0.51458335 0.66333336 0.5151042 0.65833336 0.521875 0.665 0.5234375 0.6566667 0.52239585 0.64666665 0.5208333 0.6408333 0.5151042 0.6458333 0.5130208 0.6425 0.5078125 0.6425 0.5026042 0.63666666 0.49635416 0.6333333 0.44895834 0.6483333 0.44791666 0.6575 0.44583333 0.6666667 0.44479167 0.67833334 0.44739583 0.6825 0.44739583 0.68666667 0.44322917 0.68833333 0.43802083 0.6925 0.43645832 0.69166666 0.4359375 0.67833334 0.4328125 0.67833334 0.43177083 0.6725 0.42760417 0.67333335 0.42447916 0.67083335 0.41927084 0.665 0.4171875 0.6575 0.35052082 0.6775
15 0.4203125 0.15166667 0.4453125 0.1425 0.45 0.1425 0.45572916 0.14916667 0.45833334 0.15 0.4609375 0.15 0.46302083 0.1525 0.46979168 0.14833333 0.47135416 0.15833333 0.47135416 0.165 0.46822917 0.16666667 0.4625 0.16583334 0.4625 0.17083333 0.45989582 0.17166667 0.45833334 0.1825 0.4546875 0.1875 0.4375 0.19916667
15 0.48489583 0.32833335 0.53489584 0.33083335 0.56354165 0.3375 0.571875 0.34333333 0.57708335 0.3525 0.58020836 0.35666665 0.58385414 0.3575 0.5885417 0.35583332 0.58958334 0.36083335 0.58802086 0.3725 0.58697915 0.375 0.5833333 0.375 0.58177084 0.37083334 0.5765625 0.37333333 0.575 0.37416667 0.571875 0.38083333 0.56666666 0.38333333 0.5026042 0.37916666 0.48645833 0.33416668
15 0.3078125 0.4825 0.3015625 0.30583334 0.3015625 0.29083332 0.30520833 0.28 0.31041667 0.27583334 0.31197917 0.27 0.3109375 0.2625 0.31145832 0.2575 0.31354168 0.25416666 0.31875 0.2525 0.32239583 0.25333333 0.32395834 0.25666666 0.321875 0.2675 0.325 0.27 0.325 0.27583334 0.3296875 0.28 0.33333334 0.29333332 0.34010416 0.47833332 0.31979167 0.48083332
15 0.25677082 0.48833334 0.20885417 0.495 0.20104167 0.49916667 0.19791667 0.5025 0.19583334 0.5075 0.19479166 0.51416665 0.19166666 0.5158333 0.18802084 0.5158333 0.18333334 0.515 0.18177083 0.51666665 0.18229167 0.5233333 0.1828125 0.52916664 0.18333334 0.5341667 0.18958333 0.5316667 0.19166666 0.53333336 0.1921875 0.5366667 0.19739583 0.53583336 0.19947916 0.5366667 0.20416667 0.54333335 0.20677084 0.5441667 0.2125 0.5466667 0.309375 0.5366667 0.3390625 0.5325 0.40208334 0.52666664 0.41354167 0.525 0.4203125 0.51916665 0.4234375 0.51166666 0.42916667 0.5075 0.434375 0.51 0.43697917 0.5108333 0.4375 0.50666666 0.43802083 0.50083333 0.43645832 0.4925 0.434375 0.48583335 0.43125 0.48916668 0.42760417 0.48916668 0.42447916 0.49 0.41770834 0.47583333 0.4140625 0.47583333 0.38802084 0.475 0.321875 0.48083332 0.27916667 0.48666668 0.26302084 0.4875
