8 0.25677082 0.61083335 0.24479167 0.6066667 0.24270834 0.61 0.240625 0.605 0.20572917 0.5933333 0.20260416 0.6333333 0.20104167 0.64 0.19270833 0.6558333 0.1921875 0.66583335 0.1984375 0.6825 0.203125 0.705 0.20416667 0.70916665 0.20416667 0.7325 0.20208333 0.745 0.19791667 0.7525 0.190625 0.755 0.1796875 0.7558333 0.16510417 0.75666666 0.16302083 0.7775 0.16458334 0.7891667 0.1671875 0.7991667 0.16979167 0.80583334 0.17135416 0.81 0.17604166 0.81166667 0.196875 0.8175 0.2140625 0.81666666 0.2171875 0.8125 0.2171875 0.81666666 0.22604166 0.81666666 0.24010417 0.8208333 0.25677082 0.81166667 0.26041666 0.8066667 0.26458332 0.785 0.27447918 0.7525 0.28020832 0.7391667 0.27447918 0.7291667 0.27135417 0.72083336 0.27083334 0.7125 0.27083334 0.7 0.26458332 0.69166666 0.2625 0.67833334 0.25989583 0.61833334 0.259375 0.6125
8 0.28177083 0.7025 0.31510416 0.69666666 0.31979167 0.69916666 0.32291666 0.69916666 0.33125 0.7 0.36510417 0.6933333 0.39739582 0.6983333 0.42239583 0.7 0.46510416 0.7025 0.46979168 0.7033333 0.47552082 0.69916666 0.48177084 0.69083333 0.4828125 0.6766667 0.48072916 0.61333334 0.48177084 0.50916666 0.48020834 0.49833333 0.47447917 0.48916668 0.47083333 0.48666668 0.4671875 0.48416665 0.44427082 0.48833334 0.40520832 0.48916668 0.36927083 0.49083334 0.340625 0.48833334 0.31770834 0.48333332 0.315625 0.48833334 0.3140625 0.48333332 0.29739583 0.4825 0.28072917 0.4825 0.27239582 0.48333332 0.265625 0.48833334 0.25989583 0.49416667 0.25572917 0.5075 0.25364584 0.55916667 0.25520834 0.58916664 0.259375 0.61583334 0.26041666 0.62166667 0.26197916 0.67333335 0.26354167 0.68666667 0.26510417 0.6925 0.26927084 0.6983333 0.27135417 0.7 0.27916667 0.7033333
8 0.33333334 0.7316667 0.346875 0.7366667 0.38541666 0.7416667 0.39010417 0.74083334 0.39583334 0.73833334 0.40052083 0.7341667 0.40364584 0.7275 0.40364584 0.72083336 0.40520832 0.69916666 0.36770833 0.69416666 0.36458334 0.6933333 0.33177084 0.7 0.31927082 0.69916666 0.315625 0.69666666 0.27864584 0.7025 0.27083334 0.7 0.27135417 0.7216667 0.275 0.7291667 0.28020832 0.73833334 0.29010418 0.7183333 0.29427084 0.71666664 0.303125 0.7158333 0.30677083 0.7158333 0.31354168 0.7158333 0.31927082 0.71666664 0.3234375 0.7183333 0.32916668 0.7275
8 0.38958332 0.7441667 0.3796875 0.7816667 0.37552083 0.79583335 0.36510417 0.78 0.3359375 0.74083334 0.3296875 0.72833335 0.334375 0.7316667 0.34739584 0.73583335 0.36927083 0.7391667 0.38541666 0.7416667 0.38958332 0.74083334
8 0.41510418 0.7008333 0.40885416 0.7316667 0.40364584 0.7525 0.40260416 0.7625 0.390625 0.81333333 0.42552084 0.855 0.42552084 0.8641667 0.43020833 0.86333334 0.4328125 0.8666667 0.46302083 0.835 0.46666667 0.83666664 0.46666667 0.82916665 0.48177084 0.81583333 0.49895832 0.80333334 0.45885417 0.7025 0.43385416 0.7 0.415625 0.69916666
8 0.2328125 0.82916665 0.2234375 0.8441667 0.22239584 0.85083336 0.22291666 0.86 0.22708334 0.87166667 0.2390625 0.88416666 0.2484375 0.8983333 0.2671875 0.9191667 0.275 0.9266667 0.28177083 0.93333334 0.32552084 1.0 0.42708334 1.0 0.44635418 0.96666664 0.43072918 0.92833334 0.42291668 0.9091667 0.42083332 0.9008333 0.42083332 0.8908333 0.42239583 0.88166666 0.4265625 0.87416667 0.43229166 0.8666667 0.43072918 0.86333334 0.42552084 0.8641667 0.42552084 0.85583335 0.39114583 0.81416667 0.37395832 0.7925 0.3359375 0.74083334 0.33020833 0.7291667 0.32395834 0.7183333 0.31927082 0.71666664 0.30416667 0.715 0.29010418 0.7183333 0.28020832 0.73833334 0.275 0.75166667 0.26458332 0.785 0.26041666 0.8066667 0.25677082 0.81166667 0.2390625 0.8208333
8 0.44947916 0.9716667 0.45885417 1.0 0.540625 1.0 0.553125 0.9825 0.55833334 0.9683333 0.5619792 0.9558333 0.5671875 0.95166665 0.57604164 0.94916666 0.5854167 0.94083333 0.65833336 0.87166667 0.6614583 0.8641667 0.6635417 0.855 0.6640625 0.8466667 0.66041666 0.8433333 0.6588542 0.83416665 0.6567708 0.8283333 0.6296875 0.7658333 0.5932292 0.8025 0.546875 0.8516667 0.54322916 0.865 0.5375 0.87 0.5317708 0.87 0.5265625 0.865 0.5171875 0.8475 0.49947917 0.80333334 0.48177084 0.81583333 0.46666667 0.82916665 0.46666667 0.83666664 0.46302083 0.8358333 0.43125 0.8675 0.421875 0.8825 0.42083332 0.89416665 0.42083332 0.90166664 0.42291668 0.9091667 0.44635418 0.9658333
8 0.5677083 0.5825 0.53229165 0.6116667 0.5260417 0.62083334 0.52239585 0.62083334 0.50208336 0.63916665 0.5015625 0.64666665 0.49947917 0.6475 0.49791667 0.6433333 0.48229167 0.66083336 0.4828125 0.6775 0.48229167 0.68666667 0.48177084 0.69083333 0.47604167 0.69916666 0.4703125 0.7033333 0.45885417 0.7025 0.46614584 0.72 0.4890625 0.7783333 0.50364584 0.815 0.51770836 0.8491667 0.5260417 0.865 0.53229165 0.87 0.53697914 0.87 0.54322916 0.8641667 0.546875 0.8516667 0.5984375 0.79833335 0.63854164 0.75666666 0.653125 0.74083334 0.67083335 0.72583336 0.6979167 0.70416665 0.70208335 0.6983333 0.7036458 0.68833333 0.7036458 0.68 0.7005208 0.67 0.67604166 0.61583334 0.66614586 0.605 0.6609375 0.585 0.6536458 0.5475 0.5921875 0.5575 0.5786458 0.5708333
8 0.57708335 0.55833334 0.5572917 0.565 0.53802085 0.5683333 0.53229165 0.6125 0.5677083 0.5825 0.5921875 0.5575
8 0.7203125 0.5258333 0.7109375 0.5225 0.709375 0.52916664 0.70729166 0.5233333 0.69114584 0.52 0.6869792 0.5316667 0.68072915 0.5425 0.67083335 0.5441667 0.6536458 0.5475 0.65989584 0.5825 0.66614586 0.605 0.67552084 0.6166667 0.7 0.6691667 0.7015625 0.67333335 0.7057292 0.66333336 0.7109375 0.6591667 0.71875 0.65833336 0.72447914 0.6641667 0.7427083 0.67833334 0.74427086 0.6641667 0.75885415 0.57166666 0.759375 0.555 0.7546875 0.545 0.75104165 0.5366667 0.7260417 0.5275
8 0.834375 0.40083334 0.82708335 0.40666667 0.8125 0.41416666 0.790625 0.42583334 0.77239585 0.4375 0.7447917 0.44916666 0.73645836 0.4575 0.73229164 0.47 0.7328125 0.48666668 0.740625 0.515 0.74583334 0.535 0.75104165 0.5375 0.759375 0.555 0.75885415 0.56666666 0.7572917 0.5825 0.7682292 0.63416666 0.77239585 0.6408333 0.77552086 0.64166665 0.7807292 0.645 0.7859375 0.645 0.7994792 0.6333333 0.8177083 0.62 0.84947914 0.5933333 0.8828125 0.5708333 0.89166665 0.56333333 0.8979167 0.56166667 0.9046875 0.56083333 0.91614586 0.56333333 0.91614586 0.55583334 0.9192708 0.5625 0.9369792 0.555 0.9458333 0.55 0.91510415 0.4075 0.89947915 0.3475 0.8703125 0.3675 0.86927086 0.37333333 0.8640625 0.37083334 0.8442708 0.39083335
8 0.6765625 0.7275 0.6822917 0.72833335 0.68541664 0.7241667 0.6880208 0.7316667 0.68958336 0.7316667 0.69739586 0.7183333 0.70104164 0.7 0.69739586 0.70416665 0.671875 0.725
8 0.678125 0.7633333 0.6713542 0.7825 0.65989584 0.815 0.6578125 0.8258333 0.65833336 0.83166665 0.65989584 0.8425 0.6640625 0.8466667 0.6645833 0.85083336 0.678125 0.8591667 0.696875 0.87416667 0.721875 0.89 0.76927084 0.925 0.79479164 0.9475 0.8098958 0.95666665 0.8229167 0.96666664 0.83802086 0.97833335 0.84479165 0.9791667 0.8520833 0.98 0.8567708 0.9741667 0.86041665 0.9658333 0.86875 0.9316667 0.8755208 0.8858333 0.8802083 0.865 0.89635414 0.81416667 0.89635414 0.8041667 0.89270836 0.79083335 0.88958335 0.7841667 0.85364586 0.7583333 0.84479165 0.755 0.83802086 0.75083333 0.825 0.74583334 0.8119792 0.7375 0.80572915 0.73333335 0.7973958 0.72583336 0.7859375 0.71416664 0.7729167 0.7058333 0.7427083 0.67833334 0.7182292 0.65833336 0.7161458 0.65833336 0.7114583 0.6591667 0.70625 0.6625 0.7015625 0.6741667 0.7036458 0.68 0.7036458 0.6875 0.70208335 0.6983333 0.7005208 0.70166665 0.696875 0.7183333 0.6890625 0.73333335 0.6828125 0.74666667 0.6802083 0.75333333
8 0.653125 0.32833335 0.6171875 0.33833334 0.6140625 0.34416667 0.61145836 0.33916667 0.54270834 0.36166668 0.5421875 0.36916667 0.5395833 0.37916666 0.53697914 0.3875 0.53697914 0.4075 0.53697914 0.49 0.53541666 0.5475 0.53489584 0.57 0.5395833 0.5683333 0.55625 0.565 0.5786458 0.5575 0.59270835 0.5575 0.6484375 0.54833335 0.6536458 0.5475 0.68072915 0.5416667 0.6869792 0.5308333 0.69166666 0.5183333 0.6770833 0.37916666 0.6744792 0.34583333 0.6713542 0.34 0.66302085 0.33 0.659375 0.32916668
8 0.54114586 0.33166668 0.51197916 0.33166668 0.4828125 0.33416668 0.44947916 0.33666667 0.45572916 0.3625 0.46041667 0.36333334 0.46510416 0.36666667 0.4671875 0.37333333 0.4703125 0.385 0.47604167 0.43333334 0.4578125 0.4425 0.43229166 0.45166665 0.409375 0.46 0.4078125 0.48833334 0.4109375 0.48833334 0.4234375 0.48833334 0.44427082 0.48833334 0.4671875 0.48416665 0.475 0.49 0.4796875 0.49833333 0.48177084 0.51 0.48125 0.6066667 0.48125 0.615 0.521875 0.62083334 0.5260417 0.62 0.5328125 0.6116667 0.53489584 0.5933333 0.534375 0.5733333 0.53697914 0.48916668 0.5375 0.3875 0.54270834 0.36916667 0.54270834 0.33166668
8 0.3515625 0.48666668 0.37552083 0.47666666 0.4015625 0.46333334 0.41302082 0.45833334 0.45 0.44583333 0.475 0.43416667 0.47604167 0.43416667 0.4703125 0.385 0.46666667 0.37166667 0.46510416 0.36666667 0.45989582 0.36333334 0.45572916 0.3625 0.4484375 0.33333334 0.43958333 0.30166668 0.43541667 0.27916667 0.4203125 0.2025 0.41458333 0.19333333 0.409375 0.19 0.40208334 0.18833333 0.396875 0.18916667 0.31145832 0.23666666 0.30104166 0.245 0.2953125 0.2575 0.29322916 0.26666668 0.29375 0.27666667 0.31979167 0.36333334 0.32552084 0.38166666 0.33125 0.42166665 0.340625 0.48833334 0.34739584 0.48833334
8 0.40885416 0.47 0.40833333 0.48416665 0.4078125 0.48916668 0.36927083 0.49 0.346875 0.48833334 0.35104167 0.48666668 0.375 0.4775 0.40052083 0.46416667 0.409375 0.46
8 0.31510416 0.39083335 0.2890625 0.39166668 0.28177083 0.39166668 0.27604166 0.3975 0.2703125 0.4075 0.26979166 0.4175 0.26927084 0.4525 0.27239582 0.475 0.2734375 0.47916666 0.2765625 0.48333332 0.28072917 0.4825 0.3140625 0.48333332 0.315625 0.48916668 0.31770834 0.48416665 0.340625 0.4875 0.334375 0.44333333 0.32708332 0.395 0.32708332 0.39083335
8 0.30885416 0.3375 0.30677083 0.3625 0.30208334 0.39166668 0.31510416 0.39083335 0.32708332 0.39166668 0.32552084 0.38166666 0.309375 0.32833335
8 0.33854166 0.21583334 0.33489582 0.21583334 0.3265625 0.22083333 0.3234375 0.22916667 0.32291666 0.23 0.34375 0.21833333
8 0.44114584 0.2475 0.44166666 0.25166667 0.4359375 0.2825 0.42864582 0.245
8 0.46041667 0.17666666 0.453125 0.185 0.4484375 0.195 0.446875 0.20666666 0.44895834 0.21416667 0.45 0.21916667
8 0.471875 0.13 0.459375 0.18 0.44739583 0.23 0.44166666 0.25166667 0.4359375 0.2825 0.4390625 0.30166668 0.44583333 0.31 0.4671875 0.3225 0.484375 0.33333334 0.50885415 0.33166668 0.5416667 0.33166668 0.54270834 0.33333334 0.54270834 0.36083335 0.61145836 0.33916667 0.6145833 0.345 0.6171875 0.33833334 0.653125 0.32833335 0.6567708 0.32916668 0.66302085 0.31333333 0.67864585 0.24 0.67864585 0.2325 0.67395836 0.22166666 0.66614586 0.21333334 0.65416664 0.20833333 0.62916666 0.19916667 0.6203125 0.195 0.6125 0.19416666 0.603125 0.1975 0.59479165 0.19333333 0.58697915 0.1875 0.58125 0.175 0.575 0.17083333 0.5307292 0.14416666 0.48958334 0.12 0.484375 0.12 0.47864583 0.12166667
8 0.55052084 0.11083333 0.54583335 0.1125 0.51875 0.13666667 0.5385417 0.14916667 0.57395834 0.17 0.5630208 0.12166667 0.5546875 0.1125
8 0.74427086 0.19 0.725 0.19666667 0.703125 0.20166667 0.6703125 0.205 0.6515625 0.2075 0.66614586 0.21333334 0.67395836 0.22166666 0.67864585 0.23333333 0.67864585 0.24166666 0.6625 0.31333333 0.6567708 0.32916668 0.6635417 0.33 0.67291665 0.3425 0.67395836 0.345 0.6791667 0.39833334 0.6848958 0.39833334 0.70416665 0.39333335 0.7182292 0.3925 0.7421875 0.39416668 0.75572914 0.39166668 0.7630208 0.3825 0.765625 0.37416667 0.765625 0.36666667 0.7583333 0.33 0.7453125 0.265 0.74010414 0.24916667 0.7494792 0.21916667 0.75 0.1975 0.746875 0.19
8 0.26458332 0.25166667 0.24010417 0.25916666 0.17916666 0.27083334 0.119791664 0.27666667 0.10520833 0.31916666 0.07395833 0.3925 0.075 0.41166666 0.07760417 0.47583333 0.080729164 0.48916668 0.090625 0.5 0.09947917 0.50083333 0.13802083 0.48916668 0.1390625 0.48166665 0.140625 0.4875 0.15 0.4875 0.24947916 0.46666667 0.27083334 0.46166667 0.26927084 0.4525 0.2703125 0.4075 0.27552083 0.3975 0.28177083 0.39166668 0.290625 0.39166668 0.28489584 0.375 0.28385416 0.36416668 0.28697917 0.3525 0.29114583 0.3375 0.29166666 0.31 0.290625 0.265 0.28854167 0.25916666 0.2828125 0.2525 0.275 0.24833333
8 0.0359375 0.54 0.010416667 0.54 0.0 0.54 0.0 0.5441667 0.0 0.76666665 0.01875 0.765 0.025 0.7633333 0.028645834 0.75916666 0.030208332 0.76166666 0.038541667 0.76166666 0.072916664 0.755 0.109375 0.75416666 0.1203125 0.75416666 0.1375 0.7525 0.1546875 0.755 0.16510417 0.75666666 0.18229167 0.7558333 0.19010417 0.755 0.19791667 0.75333333 0.2015625 0.7441667 0.20416667 0.73333335 0.20416667 0.70916665 0.1984375 0.6825 0.19270833 0.66583335 0.1921875 0.6566667 0.20052083 0.64 0.20260416 0.63416666 0.20729166 0.57166666 0.203125 0.5575 0.1984375 0.545 0.1953125 0.54333335 0.1703125 0.5441667 0.15416667 0.5491667 0.14427084 0.5491667 0.091145836 0.55 0.06979167 0.54583335 0.044791665 0.54083335 0.040104166 0.5491667 0.038541667 0.54333335
