17 0.30833334 0.445 0.27291667 0.46 0.24739583 0.47333333 0.23645833 0.4775 0.22552083 0.47833332 0.1890625 0.48166665 0.171875 0.48416665 0.165625 0.48666668 0.15989584 0.49416667 0.15364583 0.50916666 0.15572916 0.5366667 0.1625 0.6191667 0.16614583 0.6558333 0.16770834 0.7 0.17083333 0.7175 0.17604166 0.725 0.18229167 0.72583336 0.21145834 0.7133333 0.20729166 0.7083333 0.20416667 0.6925 0.2046875 0.6691667 0.20416667 0.63916665 0.20520833 0.62583333 0.20885417 0.60833335 0.22083333 0.585 0.2234375 0.5758333 0.22395833 0.57 0.22395833 0.5575 0.2203125 0.55 0.21458334 0.5466667 0.20677084 0.5441667 0.1984375 0.5375 0.19583334 0.52666664 0.19635417 0.51416665 0.19895834 0.50666666 0.20520833 0.49916667 0.21666667 0.49083334 0.22552083 0.48916668 0.24895833 0.49 0.25104168 0.49 0.26510417 0.48666668 0.3109375 0.465 0.34270832 0.45333335 0.35520834 0.44833332 0.359375 0.44583333 0.35416666 0.44 0.34427083 0.43333334 0.32135418 0.44 0.31927082 0.44666666 0.31666666 0.44166666
17 0.40364584 0.55916667 0.43854168 0.5858333 0.3890625 0.5833333 0.396875 0.555
17 0.44635418 0.5875 0.45416668 0.58916664 0.45885417 0.5933333 0.46354166 0.60583335 0.46770832 0.6075 0.4828125 0.6025 0.49114582 0.58916664 0.49739584 0.58 0.50572914 0.575 0.5151042 0.575 0.51875 0.5808333 0.5208333 0.6025 0.51979166 0.6175 0.5265625 0.6566667 0.53020835 0.6791667 0.53125 0.7033333 0.5317708 0.74833333 0.5317708 0.77166665 0.5317708 0.795 0.5307292 0.8025 0.5265625 0.81 0.521875 0.81333333 0.51197916 0.81333333 0.47708333 0.81333333 0.46979168 0.81166667 0.4625 0.80333334 0.45416668 0.79833335 0.44739583 0.80083334 0.43645832 0.81083333 0.4265625 0.81416667 0.41666666 0.81333333 0.4078125 0.81083333 0.38541666 0.8208333 0.36979166 0.8283333 0.35625 0.8283333 0.34739584 0.835 0.3390625 0.83416665 0.33072916 0.8258333 0.32708332 0.8175 0.32604167 0.74833333 0.32447916 0.6983333 0.32604167 0.6225 0.32916668 0.60333335 0.334375 0.58666664 0.34010416 0.58166665 0.35572916 0.58166665 0.35989583 0.5908333 0.36197916 0.5825 0.38802084 0.5833333 0.38958332 0.5833333 0.4390625 0.5858333
17 0.40833333 0.82916665 0.42239583 0.8433333 0.43125 0.84833336 0.43958333 0.8475 0.44375 0.8425 0.46197918 0.80333334 0.45416668 0.79833335 0.44739583 0.80083334 0.4359375 0.81083333 0.42708334 0.81333333 0.4171875 0.81333333 0.4078125 0.81083333 0.396875 0.81583333 0.40260416 0.82166666
17 0.7260417 0.22416666 0.71875 0.22583333 0.71302086 0.23166667 0.69895834 0.275 0.6869792 0.31 0.66875 0.36 0.6458333 0.41333333 0.62604165 0.47 0.628125 0.47916666 0.62395835 0.47916666 0.61822915 0.4975 0.6171875 0.50666666 0.61822915 0.51916665 0.621875 0.5308333 0.62708336 0.535 0.6958333 0.5783333 0.74114585 0.60833335 0.74583334 0.60833335 0.7515625 0.6041667 0.75677085 0.6 0.759375 0.5925 0.7838542 0.5075 0.79479164 0.47583333 0.79583335 0.45833334 0.8098958 0.42333335 0.821875 0.39916667 0.83020836 0.3725 0.83229166 0.35916665 0.834375 0.3275 0.83385414 0.31416667 0.83125 0.30416667 0.8276042 0.295 0.81614584 0.28916666 0.7963542 0.28166667 0.78229165 0.28166667 0.7526042 0.28583333 0.7453125 0.28583333 0.7395833 0.2825 0.73333335 0.22666667 0.73020834 0.225
17 0.7375 0.22916667 0.7703125 0.25833333 0.7729167 0.265 0.771875 0.27166668 0.7708333 0.27666667 0.7729167 0.2825 0.753125 0.28583333 0.74583334 0.28583333 0.7395833 0.2825 0.73333335 0.22666667
17 0.82447916 0.2725 0.8140625 0.27166668 0.80572915 0.27416667 0.7953125 0.28083333 0.796875 0.28083333 0.82708335 0.29416665 0.83125 0.305 0.83385414 0.31416667 0.834375 0.3275 0.83229166 0.3575 0.83020836 0.3725 0.821875 0.39916667 0.8098958 0.42333335 0.7963542 0.45833334 0.7953125 0.47416666 0.7859375 0.50166667 0.7895833 0.5133333 0.79322916 0.5158333 0.7973958 0.5158333 0.803125 0.5158333 0.8119792 0.50916666 0.81666666 0.50333333 0.828125 0.44666666 0.83802086 0.39583334 0.840625 0.38 0.8411458 0.37083334 0.84791666 0.34083334 0.8489583 0.32083333 0.846875 0.3 0.84166664 0.28416666 0.8354167 0.27833334 0.83020836 0.275
17 0.7078125 0.20916666 0.6796875 0.19166666 0.671875 0.19333333 0.66197914 0.20166667 0.65729165 0.21833333 0.63958335 0.29166666 0.63072914 0.32416666 0.6177083 0.38916665 0.6177083 0.4075 0.6197917 0.42416668 0.625 0.43166667 0.63072914 0.43416667 0.6380208 0.43416667 0.64739585 0.40916666 0.6692708 0.35916665 0.68645835 0.31083333 0.71302086 0.23166667 0.7192708 0.22583333 0.7265625 0.22416666 0.7296875 0.22416666
17 0.265625 0.72 0.26822916 0.72833335 0.271875 0.7325 0.27552083 0.7341667 0.28177083 0.7341667 0.2859375 0.7341667 0.29010418 0.7325 0.29427084 0.72583336 0.29739583 0.72583336 0.30677083 0.7291667 0.31510416 0.73583335 0.321875 0.745 0.32604167 0.755 0.32552084 0.73833334 0.325 0.7 0.31041667 0.70166665 0.2828125 0.70666665 0.26354167 0.7108333
17 0.28802082 0.47583333 0.26458332 0.48666668 0.25 0.49 0.22552083 0.48916668 0.21614583 0.49166667 0.2046875 0.49916667 0.19947916 0.50666666 0.19635417 0.51416665 0.19583334 0.5275 0.1984375 0.5375 0.20572917 0.5441667 0.2140625 0.5466667 0.2203125 0.55 0.22395833 0.5575 0.22395833 0.56916666 0.2234375 0.5758333 0.21979167 0.5858333 0.20885417 0.60833335 0.20520833 0.625 0.20416667 0.64 0.2046875 0.67 0.20416667 0.69416666 0.20677084 0.7075 0.21614583 0.72 0.225 0.72 0.24947916 0.71416664 0.2859375 0.7058333 0.32447916 0.7 0.32604167 0.62166667 0.32916668 0.60333335 0.334375 0.58666664 0.340625 0.58166665 0.35572916 0.58166665 0.35989583 0.5908333 0.36197916 0.5825 0.38854167 0.58416665 0.40677083 0.52166665 0.40572917 0.49833333 0.396875 0.45 0.39010417 0.44 0.38385418 0.435 0.3765625 0.435 0.35572916 0.44833332 0.30260417 0.46916667
