9 0.69114584 0.5133333 0.68125 0.64166665 0.6770833 0.715 0.6744792 0.79833335 0.68958336 0.79083335 0.72864586 0.76666665 0.75885415 0.75333333 0.83697915 0.7225 0.8796875 0.70916665 0.8703125 0.6675 0.8567708 0.58916664 0.85364586 0.585 0.85364586 0.5725 0.84791666 0.54 0.8385417 0.46083334 0.7640625 0.48666668 0.6947917 0.5125
9 0.45364583 0.8566667 0.44791666 0.865 0.4390625 0.89 0.38541666 1.0 0.49427083 1.0 0.50572914 0.99 0.47708333 0.91833335 0.45625 0.8616667
9 0.53802085 0.46666667 0.53020835 0.52416664 0.5286458 0.54083335 0.52552086 0.5908333 0.56875 0.6475 0.5651042 0.6525 0.55 0.68333334 0.5317708 0.7125 0.5078125 0.75 0.5140625 0.76166666 0.5046875 0.7783333 0.5015625 0.82916665 0.5015625 0.8466667 0.50989586 0.845 0.54114586 0.85083336 0.56354165 0.85083336 0.590625 0.85083336 0.61510414 0.8566667 0.63385415 0.8525 0.640625 0.8566667 0.671875 0.8675 0.67395836 0.81 0.6770833 0.7158333 0.6802083 0.65416664 0.69114584 0.5133333 0.69166666 0.5025 0.68854165 0.5025 0.6723958 0.49666667 0.61927086 0.48916668 0.6171875 0.4875 0.60833335 0.4875 0.60572916 0.49 0.59166664 0.48833334 0.5776042 0.4825 0.5640625 0.475 0.5416667 0.46833333
9 0.3375 0.685 0.32916668 0.7033333 0.30104166 0.7366667 0.2734375 0.78333336 0.2609375 0.80333334 0.25104168 0.83166665 0.22864583 0.8691667 0.25 0.895 0.25625 0.9 0.25520834 0.91 0.26197916 0.9191667 0.26822916 0.9225 0.29010418 0.96166664 0.31302083 1.0 0.38541666 1.0 0.43958333 0.88916665 0.44791666 0.865 0.46979168 0.8333333 0.51145834 0.76666665 0.51458335 0.76166666 0.50677085 0.74833333 0.50104165 0.73833334 0.48385417 0.71166664 0.45885417 0.68833333 0.4484375 0.67333335 0.4359375 0.65166664 0.42552084 0.62833333 0.40729168 0.6408333 0.39166668 0.65166664 0.36510417 0.67 0.34583333 0.68 0.340625 0.68
9 0.27864584 0.77166665 0.25416666 0.7966667 0.24114583 0.81083333 0.24583334 0.8258333 0.25 0.8333333 0.2515625 0.8308333 0.26041666 0.8041667 0.2796875 0.7725
9 0.43229166 0.45 0.41145834 0.45333335 0.41614583 0.46333334 0.428125 0.505 0.43541667 0.52416664 0.4421875 0.5441667 0.45677084 0.59583336 0.45833334 0.60583335 0.42604166 0.62666667 0.42552084 0.62833333 0.4359375 0.6525 0.44947916 0.675 0.459375 0.68833333 0.48385417 0.7125 0.49583334 0.7291667 0.5078125 0.75 0.5359375 0.705 0.55104166 0.6825 0.5651042 0.6533333 0.56875 0.6475 0.56666666 0.645 0.5234375 0.5875 0.5072917 0.5683333 0.47604167 0.52166665 0.4609375 0.5 0.434375 0.45166665
9 0.32239583 0.41833332 0.31354168 0.425 0.29583332 0.45166665 0.27916667 0.47333333 0.27447918 0.47333333 0.26197916 0.47083333 0.234375 0.49083334 0.1875 0.51916665 0.17239584 0.52916664 0.1734375 0.53833336 0.1890625 0.58916664 0.19895834 0.62 0.2125 0.6533333 0.22864583 0.7083333 0.23541667 0.7241667 0.2578125 0.78 0.296875 0.73833334 0.3109375 0.7241667 0.32916668 0.7033333 0.3375 0.68416667 0.340625 0.68 0.34635416 0.6791667 0.36614582 0.6691667 0.42552084 0.62833333 0.42552084 0.62666667 0.45833334 0.60583335 0.45729166 0.595 0.44010416 0.53833336 0.42864582 0.50666666 0.41666666 0.46416667 0.41145834 0.45416668 0.39427084 0.45416668 0.36927083 0.4575 0.321875 0.45416668 0.32291666 0.42083332
9 0.32239583 0.10916667 0.27916667 0.1525 0.26041666 0.185 0.24739583 0.1975 0.22916667 0.21 0.20729166 0.22916667 0.2015625 0.2325 0.1890625 0.2425 0.1578125 0.25916666 0.116145834 0.29 0.1203125 0.29666665 0.14270833 0.35583332 0.16458334 0.425 0.18697916 0.48166665 0.196875 0.5125 0.23645833 0.48916668 0.2609375 0.47166666 0.27552083 0.45166665 0.296875 0.42916667 0.30885416 0.41833332 0.3234375 0.4075 0.32291666 0.3775 0.32604167 0.33916667 0.32864583 0.25666666 0.33229166 0.18916667 0.33385417 0.17583333 0.34791666 0.18083334 0.325 0.119166665
9 0.43645832 0.45166665 0.44791666 0.47583333 0.46041667 0.5 0.48020834 0.5275 0.5083333 0.5708333 0.52708334 0.5541667 0.52916664 0.5308333 0.5375 0.4675 0.5078125 0.46416667 0.45677084 0.45416668 0.43958333 0.45083332
9 0.5552083 0.40083334 0.5546875 0.45166665 0.55364585 0.47166666 0.56458336 0.475 0.57604164 0.48166665 0.5911458 0.4875 0.5953125 0.48333332 0.5911458 0.4725 0.5703125 0.4275 0.56458336 0.41666666
9 0.46979168 0.17666666 0.44322917 0.20666666 0.48020834 0.19916667 0.47239584 0.17916666
9 0.440625 0.205 0.43229166 0.20416667 0.40729168 0.20416667 0.38958332 0.19416666 0.36458334 0.18583333 0.34635416 0.18083334 0.334375 0.17583333 0.33229166 0.19083333 0.32864583 0.25 0.3265625 0.3225 0.32552084 0.345 0.32291666 0.37583333 0.32291666 0.41416666 0.321875 0.45416668 0.371875 0.4575 0.39270833 0.45416668 0.4109375 0.45333335 0.43229166 0.45 0.44010416 0.45 0.48541668 0.46 0.5046875 0.46416667 0.5375 0.4675 0.5541667 0.47166666 0.55572915 0.37333333 0.55625 0.3125 0.55885416 0.25 0.55625 0.195 0.48229167 0.19916667 0.44427082 0.20583333
9 0.55572915 0.025833333 0.5338542 0.08916666 0.50885415 0.15 0.490625 0.19833334 0.55625 0.195 0.55885416 0.25333333 0.55625 0.31333333 0.5703125 0.32333332 0.6234375 0.3675 0.6375 0.38666666 0.65260416 0.4025 0.67395836 0.42333335 0.6822917 0.4025 0.7026042 0.33916667 0.7140625 0.31 0.715625 0.29 0.73541665 0.23916666 0.75104165 0.19583334 0.7505208 0.18583333 0.69322914 0.14416666 0.66302085 0.11666667 0.5765625 0.04083333
