15 0.29739583 0.51416665 0.2859375 0.51416665 0.27916667 0.5183333 0.27083334 0.53 0.26979166 0.5316667 0.26666668 0.53333336 0.26510417 0.535 0.2609375 0.5325 0.2578125 0.5375 0.2578125 0.54333335 0.26614583 0.5441667 0.26666668 0.55 0.26927084 0.5525 0.27291667 0.55583334 0.27916667 0.56333333 0.2859375 0.56666666 0.29427084 0.56666666 0.30625 0.54583335 0.3265625 0.5125
15 0.32864583 0.61833334 0.371875 0.61333334 0.41614583 0.6075 0.4109375 0.6025 0.40885416 0.5933333 0.40677083 0.565 0.33958334 0.57 0.33333334 0.5808333 0.30885416 0.62 0.31458333 0.62083334
15 0.39947918 0.5083333 0.37447917 0.51 0.37083334 0.51 0.36666667 0.52 0.33958334 0.57 0.3734375 0.5675 0.40677083 0.565 0.403125 0.5075
15 0.371875 0.39666668 0.37916666 0.4225 0.3796875 0.43083334 0.37864584 0.445 0.37604168 0.45083332 0.378125 0.45666668 0.37604168 0.46083334 0.37447917 0.46166667 0.37083334 0.46416667 0.3671875 0.46333334 0.365625 0.45916668 0.359375 0.45666668 0.3546875 0.45416668 0.35052082 0.44583333 0.3328125 0.38833332 0.30677083 0.3025 0.34375 0.30166668
15 0.33854166 0.24916667 0.28958333 0.25 0.284375 0.255 0.28125 0.26166666 0.27760416 0.26333332 0.27552083 0.26666668 0.26510417 0.2675 0.26510417 0.27666667 0.26614583 0.285 0.26927084 0.285 0.275 0.28083333 0.2765625 0.285 0.2796875 0.28416666 0.28125 0.2925 0.28645834 0.29833335 0.29375 0.3 0.30677083 0.3025 0.34375 0.30166668 0.36770833 0.30333334 0.39114583 0.30416667 0.38958332 0.27416667 0.390625 0.26 0.3921875 0.25333333 0.39479166 0.24916667
15 0.2625 0.11666667 0.26822916 0.12583333 0.26822916 0.13083333 0.26927084 0.13333334 0.265625 0.1425 0.26510417 0.15166667 0.26666668 0.16583334 0.29114583 0.25 0.3265625 0.24916667 0.321875 0.23083334 0.29479167 0.14166667 0.28802082 0.12916666 0.27864584 0.125 0.27708334 0.12083333 0.27395833 0.12 0.26979166 0.10666667 0.265625 0.111666664
15 0.38958332 0.13833334 0.38489583 0.13833334 0.38229167 0.14 0.38333333 0.15333334 0.38125 0.1575 0.38020834 0.1625 0.3796875 0.16416667 0.37552083 0.17166667 0.3734375 0.18083334 0.3734375 0.24916667 0.39479166 0.24916667 0.39635417 0.24416667 0.396875 0.23666666 0.396875 0.22333333 0.40104166 0.22 0.40572917 0.22 0.40572917 0.205 0.40260416 0.1775 0.39427084 0.16 0.39114583 0.15333334 0.38958332 0.1525
15 0.40885416 0.24166666 0.41458333 0.24416667 0.42083332 0.25083333 0.42239583 0.26083332 0.42864582 0.32 0.43541667 0.43666667 0.4390625 0.5233333 0.440625 0.55916667 0.440625 0.57916665 0.4390625 0.5925 0.43645832 0.6016667 0.43125 0.6066667 0.43177083 0.6125 0.4296875 0.6166667 0.43541667 0.62333333 0.43333334 0.6275 0.43020833 0.63 0.42447916 0.63166666 0.42239583 0.61833334 0.41927084 0.615 0.41927084 0.61 0.41614583 0.6066667 0.41145834 0.6025 0.409375 0.5941667 0.40677083 0.565 0.403125 0.50666666 0.3953125 0.36916667 0.39114583 0.30083334 0.38958332 0.27333334 0.390625 0.25916666 0.3921875 0.25333333 0.39427084 0.24916667 0.39635417 0.245 0.396875 0.23666666 0.396875 0.2225 0.40104166 0.21916667 0.40677083 0.22 0.40677083 0.225 0.40677083 0.23666666
15 0.37552083 0.3075 0.37864584 0.385 0.38020834 0.43166667 0.38229167 0.48 0.38333333 0.49666667 0.384375 0.50333333 0.38697916 0.50916666 0.39427084 0.5083333 0.403125 0.5083333 0.40052083 0.45916668 0.39427084 0.35166666 0.39166668 0.30416667 0.375 0.30333334
15 0.44635418 0.50166667 0.47760418 0.50083333 0.48541668 0.505 0.490625 0.50666666 0.49114582 0.5158333 0.496875 0.5175 0.496875 0.5208333 0.5046875 0.5175 0.50625 0.52 0.50625 0.5275 0.5046875 0.53 0.49635416 0.52916664 0.49635416 0.5341667 0.490625 0.53583336 0.4890625 0.54333335 0.4859375 0.5475 0.48125 0.55083334 0.47552082 0.55333334 0.44010416 0.5566667 0.43854168 0.5025
15 0.440625 0.6025 0.47552082 0.6 0.5203125 0.5975 0.5265625 0.5941667 0.5286458 0.58916664 0.53020835 0.58166665 0.534375 0.58166665 0.53541666 0.575 0.54270834 0.5808333 0.5453125 0.5725 0.5453125 0.565 0.5442708 0.56166667 0.53489584 0.56416667 0.5338542 0.56 0.5307292 0.55916667 0.52760416 0.5516667 0.52239585 0.5475 0.5203125 0.5466667 0.48645833 0.5475 0.48125 0.55083334 0.47552082 0.55333334 0.440625 0.5566667 0.440625 0.57916665 0.4390625 0.59166664 0.43645832 0.6016667 0.434375 0.60333335
15 0.44010416 0.6125 0.4578125 0.6041667 0.46458334 0.60083336 0.48541668 0.5991667 0.5203125 0.5975 0.52708334 0.5933333 0.5286458 0.58916664 0.53020835 0.58166665 0.534375 0.58166665 0.53541666 0.575 0.54270834 0.5808333 0.5453125 0.5725 0.5453125 0.565 0.5442708 0.56166667 0.5385417 0.56333333 0.56614584 0.54583335 0.57916665 0.5675 0.5875 0.5875 0.5359375 0.61833334 0.46197918 0.65416664 0.42447916 0.67 0.41979167 0.6691667 0.41302082 0.665 0.4109375 0.6641667 0.4078125 0.66333336 0.40208334 0.67 0.3984375 0.66083336 0.39739582 0.6533333 0.39791667 0.65166664 0.40572917 0.6533333 0.4046875 0.64666665 0.40625 0.64416665 0.4078125 0.64416665 0.40989584 0.64416665 0.41354167 0.6308333 0.4203125 0.62416667 0.42291668 0.62166667 0.42447916 0.63166666 0.43020833 0.63 0.43333334 0.6275 0.43541667 0.6225 0.43020833 0.6175
15 0.5911458 0.5933333 0.61510414 0.6375 0.640625 0.68333334 0.67291665 0.74333334 0.68958336 0.7733333 0.6953125 0.7775 0.69895834 0.7783333 0.7005208 0.7783333 0.70416665 0.78333336 0.7078125 0.7816667 0.709375 0.7841667 0.709375 0.7875 0.7125 0.7866667 0.715625 0.78583336 0.7171875 0.785 0.71770835 0.77916664 0.71302086 0.77416664 0.71302086 0.7675 0.7140625 0.7608333 0.71458334 0.755 0.7125 0.7425 0.690625 0.6975 0.66510415 0.6458333 0.63854164 0.595 0.60625 0.53583336 0.5859375 0.5025 0.58125 0.49833333 0.5765625 0.49833333 0.56927085 0.50166667 0.56614584 0.49583334 0.5640625 0.495 0.559375 0.48666668 0.55364585 0.49416667 0.55885416 0.50333333 0.55833334 0.51 0.5598958 0.51416665 0.5598958 0.5175 0.5598958 0.52666664 0.56145835 0.53333336 0.56614584 0.54583335 0.57916665 0.5675 0.5885417 0.58916664
15 0.6078125 0.5208333 0.615625 0.52166665 0.61875 0.52416664 0.62083334 0.52666664 0.62291664 0.525 0.62604165 0.525 0.62708336 0.5275 0.6333333 0.52166665 0.63645834 0.5233333 0.6375 0.52916664 0.63697916 0.5375 0.63072914 0.5375 0.63072914 0.54 0.628125 0.5416667 0.628125 0.5491667 0.62708336 0.55583334 0.621875 0.56416667 0.6067708 0.5366667 0.60052085 0.5258333
15 0.43385416 0.3025 0.5005208 0.30083334 0.50625 0.29666665 0.5104167 0.29 0.5109375 0.28333333 0.51458335 0.28333333 0.515625 0.28166667 0.5229167 0.28666666 0.5239583 0.27833334 0.5234375 0.26916668 0.5171875 0.27083334 0.51458335 0.26583335 0.5104167 0.265 0.50885415 0.2575 0.5046875 0.25166667 0.4984375 0.24916667 0.41875 0.24916667 0.42083332 0.25083333 0.42239583 0.26166666 0.42708334 0.30333334
15 0.44375 0.30666667 0.44739583 0.36333334 0.45052084 0.40916666 0.4546875 0.46583334 0.4578125 0.50166667 0.47708333 0.50083333 0.48541668 0.50416666 0.48958334 0.5058333 0.48697916 0.46333334 0.47864583 0.34416667 0.47552082 0.30166668 0.44322917 0.3025
15 0.44479167 0.18333334 0.44427082 0.185 0.44635418 0.19416666 0.44479167 0.1975 0.44427082 0.2 0.440625 0.20666666 0.43802083 0.21583334 0.4375 0.2225 0.43854168 0.24916667 0.4703125 0.24916667 0.46770832 0.2225 0.46302083 0.20833333 0.45989582 0.2025 0.45989582 0.195 0.45625 0.1925 0.4578125 0.18 0.45416668 0.17833333 0.45104167 0.17916666 0.44895834 0.18083334
15 0.24791667 0.6433333 0.20989583 0.70666665 0.20729166 0.715 0.20677084 0.7266667 0.20833333 0.73583335 0.20833333 0.7391667 0.20260416 0.74583334 0.2046875 0.75166667 0.2109375 0.755 0.215625 0.74583334 0.2171875 0.7425 0.22447917 0.7425 0.2296875 0.74 0.26458332 0.69083333 0.29791668 0.63666666 0.33333334 0.58166665 0.3671875 0.52 0.371875 0.5058333 0.37239584 0.495 0.375 0.49166667 0.37447917 0.485 0.37604168 0.4825 0.3765625 0.47833332 0.37864584 0.47166666 0.37395832 0.46166667 0.37135416 0.46333334 0.36822918 0.46916667 0.365625 0.4775 0.36302084 0.4775 0.3609375 0.48 0.35520834 0.48 0.34895834 0.48083332 0.34427083 0.48416665 0.30572918 0.54583335 0.2890625 0.57666665 0.27604166 0.5966667
