6 0.32864583 0.62666667 0.36041668 0.6308333 0.38125 0.6375 0.4046875 0.62583333 0.42291668 0.64916664 0.43333334 0.63 0.4375 0.6166667 0.4484375 0.6125 0.45364583 0.61083335 0.46770832 0.61 0.46875 0.79 0.45364583 0.795 0.44322917 0.7925 0.40625 0.7841667 0.3890625 0.7916667 0.33072916 0.81416667 0.3125 0.815 0.31302083 0.76666665 0.31666666 0.68916667 0.3140625 0.62833333
6 0.3703125 0.57916665 0.39427084 0.6116667 0.39583334 0.63 0.38072917 0.6375 0.36145833 0.6308333 0.32916668 0.62666667 0.31927082 0.6275 0.31822917 0.61083335 0.32604167 0.61 0.33489582 0.5991667
6 0.228125 0.37666667 0.30052084 0.395 0.33802083 0.405 0.3328125 0.42666668 0.32083333 0.5075 0.31145832 0.55 0.315625 0.5875 0.31770834 0.6116667 0.31927082 0.62666667 0.3140625 0.6275 0.31458333 0.6475 0.23541667 0.6325 0.19895834 0.62583333 0.20104167 0.605 0.21510416 0.55583334 0.21822916 0.50166667 0.22447917 0.37666667
6 0.43958333 0.33833334 0.484375 0.42083332 0.5171875 0.47666666 0.5083333 0.48416665 0.49375 0.49083334 0.4375 0.61833334 0.4328125 0.63 0.42291668 0.64916664 0.403125 0.62333333 0.39427084 0.61083335 0.36302084 0.56916666 0.33697918 0.52916664 0.35 0.5058333 0.40625 0.40916666 0.42604166 0.35416666 0.4328125 0.3425
6 0.44583333 0.30833334 0.50104165 0.32166666 0.56875 0.32916668 0.58489585 0.335 0.5859375 0.35583332 0.58229166 0.38916665 0.575 0.43083334 0.571875 0.43916667 0.56927085 0.45833334 0.5697917 0.49166667 0.5625 0.49833333 0.55 0.495 0.5260417 0.48833334 0.5161458 0.4875 0.5072917 0.485 0.51770836 0.47666666 0.48229167 0.41833332 0.44010416 0.33916667 0.4328125 0.3425 0.4265625 0.35416666 0.42291668 0.36333334 0.42395833 0.31333333 0.42760417 0.30833334 0.43958333 0.30666667
6 0.5161458 0.20416667 0.56822914 0.17583333 0.5796875 0.17583333 0.58177084 0.19166666 0.58229166 0.22833334 0.5854167 0.2475 0.5911458 0.28333333 0.596875 0.3275 0.5989583 0.34333333 0.5859375 0.35 0.5854167 0.33583334 0.5697917 0.33 0.5026042 0.32166666 0.44010416 0.30666667 0.43229166 0.30833334 0.42395833 0.2425 0.43333334 0.23666666 0.49479166 0.21916667
6 0.45104167 0.15166667 0.48958334 0.22083333 0.434375 0.23583333 0.42395833 0.2425 0.43229166 0.30666667 0.42708334 0.30833334 0.42447916 0.31416667 0.42239583 0.36416668 0.4109375 0.39583334 0.40729168 0.40833333 0.39739582 0.42416668 0.34791666 0.33 0.33177084 0.3 0.34010416 0.28833333 0.3515625 0.28166667 0.38229167 0.24666667 0.40833333 0.215 0.44635418 0.15416667
6 0.4921875 0.5233333 0.5208333 0.5125 0.5395833 0.5058333 0.5515625 0.4975 0.5520833 0.5083333 0.56041664 0.5525 0.5640625 0.5733333 0.5619792 0.5808333 0.56927085 0.5883333 0.5864583 0.6425 0.60520834 0.69083333 0.61302084 0.7241667 0.603125 0.7291667 0.55260414 0.7608333 0.5125 0.7866667 0.5078125 0.7675 0.49791667 0.7183333 0.46666667 0.59833336 0.4578125 0.5708333 0.47604167 0.5308333
6 0.58229166 0.48333332 0.61145836 0.50416666 0.6265625 0.505 0.6625 0.5208333 0.678125 0.5283333 0.70520836 0.5325 0.71770835 0.53833336 0.7135417 0.5575 0.6958333 0.6791667 0.690625 0.71666664 0.6744792 0.70916665 0.64635414 0.69 0.6255208 0.675 0.62291664 0.67 0.5953125 0.665 0.5859375 0.6425 0.56875 0.5875 0.5625 0.5808333 0.5640625 0.5725 0.559375 0.54583335 0.5697917 0.49166667 0.571875 0.4825
6 0.23854166 0.6333333 0.31510416 0.6483333 0.3171875 0.68916667 0.31302083 0.765 0.30260417 0.7683333 0.2828125 0.7783333 0.26770833 0.78833336 0.25104168 0.78583336
