2 0.57447916 0.17916666 0.5854167 0.13916667 0.60364586 0.07833333 0.61041665 0.054166667 0.62083334 0.028333334 0.62916666 0.0 0.7395833 0.0 0.7739583 0.025 0.83125 0.06583333 0.83125 0.07333333 0.83489585 0.07 0.8666667 0.09166667 0.8697917 0.096666664 0.84739584 0.165 0.8359375 0.20166667 0.8125 0.28166667 0.79010415 0.35333332 0.7885417 0.35833332 0.7526042 0.3325 0.7526042 0.32833335 0.7494792 0.33 0.7104167 0.29833335 0.66041666 0.25583333 0.6375 0.2375 0.6046875 0.20916666 0.59010416 0.19416666 0.5828125 0.18583333 0.57708335 0.18333334
2 0.6067708 0.2125 0.61302084 0.2325 0.6197917 0.2575 0.62864584 0.2925 0.6401042 0.33083335 0.6479167 0.35833332 0.65052086 0.36833334 0.6822917 0.34166667 0.68333334 0.3375 0.6848958 0.33833334 0.72291666 0.30833334 0.67083335 0.265 0.6302083 0.23083334 0.60625 0.21083333
2 0.8307292 0.22 0.8489583 0.205 0.86354166 0.19166666 0.85364586 0.14916667 0.83697915 0.19916667
2 0.82708335 0.061666667 0.81927085 0.0375 0.8151042 0.025 0.809375 0.0 0.7395833 0.0 0.80833334 0.05 0.825 0.061666667
2 0.81666666 0.5075 0.86302084 0.4625 0.8666667 0.46583334 0.86614585 0.46 0.90052086 0.42833334 0.91875 0.4775 0.93854165 0.53 0.95 0.5675 0.9557292 0.5825 0.9692708 0.6116667 0.9859375 0.65166664 0.9927083 0.665 0.9890625 0.67 0.9578125 0.6958333 0.95625 0.6958333 0.95520836 0.6975 0.9369792 0.71416664 0.92395836 0.6691667 0.9067708 0.6041667 0.8776042 0.49333334 0.86927086 0.46916667 0.84947914 0.48416665 0.81458336 0.5108333
2 0.7135417 0.60083336 0.75 0.5675 0.8151042 0.5108333 0.86875 0.46916667 0.87708336 0.4925 0.9125 0.62583333 0.9421875 0.7341667 0.94635415 0.74833333 0.9458333 0.75083333 0.9453125 0.75333333 0.9479167 0.75416666 0.9546875 0.77666664 0.959375 0.7941667 0.95989585 0.79833335 0.94166666 0.81666666 0.88854164 0.8616667 0.8463542 0.89416665 0.82916665 0.9091667 0.81875 0.9241667 0.8078125 0.9033333 0.79583335 0.87916666 0.796875 0.875 0.79322916 0.875 0.78333336 0.8375 0.77760416 0.82 0.7630208 0.7683333 0.75 0.72833335 0.74322915 0.705 0.73072916 0.65833336 0.7140625 0.6066667
2 0.6979167 0.62916666 0.7046875 0.62416667 0.7161458 0.61333334 0.7317708 0.6616667 0.7494792 0.7275 0.7625 0.76666665 0.7765625 0.8183333 0.7875 0.8525 0.78020835 0.84166664 0.765625 0.805 0.7447917 0.74916667 0.7416667 0.7366667 0.7140625 0.67333335 0.7 0.6358333
2 0.35520834 0.21333334 0.34635416 0.23416667 0.33958334 0.25833333 0.334375 0.29166666 0.32552084 0.32666665 0.3015625 0.42 0.28541666 0.49166667 0.27864584 0.5125 0.28072917 0.515 0.28125 0.5175 0.278125 0.51916665 0.2671875 0.56 0.26458332 0.5708333 0.28802082 0.58416665 0.31666666 0.6 0.353125 0.62083334 0.40625 0.6508333 0.4421875 0.67083335 0.44322917 0.6675 0.453125 0.61833334 0.45208332 0.61583334 0.45208332 0.6141667 0.45364583 0.6125 0.45572916 0.61083335 0.46614584 0.55 0.47239584 0.51666665 0.49583334 0.42583334 0.50572914 0.38833332 0.51354164 0.355 0.5161458 0.34 0.521875 0.32416666 0.5265625 0.30666667 0.48854166 0.28333333 0.46197918 0.26666668 0.45416668 0.26333332 0.43958333 0.25833333 0.42552084 0.24666667 0.40625 0.2325 0.3765625 0.21916667 0.36197916 0.21333334
2 0.27135417 0.5375 0.24270834 0.505 0.21510416 0.47416666 0.21927084 0.465 0.22864583 0.44416666 0.26041666 0.37583333 0.29791668 0.295 0.33489582 0.2125 0.359375 0.155 0.40833333 0.21083333 0.45364583 0.26333332 0.43958333 0.25833333 0.40729168 0.23333333 0.36458334 0.21416667 0.3625 0.21333334 0.35572916 0.2125 0.346875 0.23333333 0.33958334 0.25833333 0.334375 0.29333332 0.32395834 0.33416668 0.30729166 0.39666668 0.2953125 0.4475 0.27864584 0.5125 0.28125 0.515 0.28072917 0.51666665 0.278125 0.51916665 0.27239582 0.54
2 0.22239584 0.455 0.21041666 0.45916668 0.2109375 0.4675 0.21979167 0.52666664 0.22864583 0.58416665 0.23229167 0.6066667 0.2359375 0.6333333 0.2421875 0.685 0.25 0.74666667 0.28854167 0.73083335 0.29010418 0.72833335 0.29270834 0.73083335 0.34375 0.71 0.38229167 0.6975 0.40625 0.68916667 0.4234375 0.6816667 0.45364583 0.6716667 0.47552082 0.6641667 0.48697916 0.6575 0.48541668 0.645 0.47135416 0.5275 0.45520833 0.61083335 0.45416668 0.6125 0.45208332 0.6141667 0.453125 0.6191667 0.4421875 0.67083335 0.37083334 0.6308333 0.31510416 0.5991667 0.26458332 0.5708333 0.27239582 0.5391667 0.24895833 0.51166666 0.21510416 0.47416666 0.2234375 0.455
2 0.5828125 0.14333333 0.571875 0.1075 0.6020833 0.083333336 0.5890625 0.12833333 0.58489585 0.14
