15 0.17708333 0.62833333 0.17447917 0.6275 0.17083333 0.62333333 0.1703125 0.61833334 0.17291667 0.6125 0.17760417 0.61 0.17864583 0.6141667 0.18125 0.6141667
15 0.1640625 0.70166665 0.14270833 0.6625 0.14166667 0.655 0.14375 0.6475 0.14166667 0.63916665 0.13854167 0.635 0.13489583 0.6308333 0.13854167 0.62416667 0.140625 0.62 0.14479166 0.61833334 0.1484375 0.61833334 0.14947917 0.62833333 0.153125 0.6308333 0.15989584 0.62833333 0.1671875 0.6308333 0.17552084 0.6408333
15 0.19270833 0.74916667 0.2671875 0.88166666 0.28385416 0.91 0.28854167 0.91333336 0.29479167 0.91333336 0.30104166 0.9175 0.30364582 0.9241667 0.30625 0.9241667 0.3109375 0.9175 0.31458333 0.9116667 0.3078125 0.905 0.3078125 0.895 0.30989584 0.8883333 0.30989584 0.88166666 0.20260416 0.68333334 0.19479166 0.73583335
15 0.203125 0.6816667 0.28541666 0.78333336 0.3328125 0.84583336 0.3421875 0.8575 0.34895834 0.8616667 0.35677084 0.86083335 0.36197916 0.86333334 0.36458334 0.8625 0.36822918 0.8675 0.36979166 0.8725 0.375 0.86333334 0.37604168 0.8541667 0.3703125 0.8525 0.3703125 0.8466667 0.36822918 0.8441667 0.36666667 0.83 0.36197916 0.82 0.25677082 0.67833334 0.21197917 0.62583333 0.2078125 0.6533333
15 0.1578125 0.7775 0.1609375 0.7841667 0.1609375 0.79083335 0.16145833 0.79583335 0.16041666 0.80333334 0.1609375 0.80833334 0.1703125 0.80916667 0.171875 0.8066667 0.17135416 0.79833335 0.17447917 0.7916667 0.17552084 0.7875 0.18072917 0.78583336 0.18541667 0.77916664 0.19114584 0.75916666 0.19322917 0.7475 0.203125 0.68083334 0.21354167 0.62083334 0.234375 0.52 0.24791667 0.45166665 0.25052083 0.43416667 0.24791667 0.42333335 0.24375 0.4175 0.24322917 0.41 0.24479167 0.405 0.246875 0.3975 0.24270834 0.39333335 0.23958333 0.39083335 0.23645833 0.39333335 0.23489584 0.405 0.23125 0.41166666 0.22708334 0.41333333 0.22291666 0.41916665 0.215625 0.44 0.18802084 0.5808333 0.18385416 0.5925 0.18072917 0.61333334 0.175 0.64166665 0.1609375 0.72583336 0.15520833 0.7583333 0.1546875 0.76666665
15 0.32083333 0.42166665 0.23333333 0.525 0.2234375 0.5758333 0.2359375 0.5808333 0.246875 0.575 0.3171875 0.495
15 0.32135418 0.41833332 0.3265625 0.3675 0.33020833 0.35583332 0.33385417 0.3525 0.334375 0.34583333 0.33489582 0.34083334 0.3375 0.34 0.33802083 0.33 0.3390625 0.32583332 0.3421875 0.32583332 0.34739584 0.3275 0.34635416 0.34083334 0.34947917 0.34416667 0.3484375 0.3525 0.35364583 0.35666665 0.35729167 0.36583334 0.35729167 0.37666667 0.35416666 0.46 0.35208333 0.4625 0.34791666 0.46333334 0.33958334 0.45916668 0.33645833 0.4675 0.33645833 0.47166666 0.34427083 0.47333333 0.34375 0.48 0.3484375 0.485 0.35104167 0.49833333 0.34114584 0.68083334 0.3390625 0.6933333 0.33125 0.71 0.32916668 0.7158333 0.325 0.72083336 0.32447916 0.7341667 0.31875 0.7316667 0.31979167 0.72 0.3171875 0.7133333 0.3171875 0.70916665 0.3109375 0.69916666 0.30989584 0.68416667 0.3171875 0.49166667 0.3203125 0.42166665
15 0.35625 0.44916666 0.40104166 0.39166668 0.40677083 0.37666667 0.40885416 0.36666667 0.40885416 0.35416666 0.4109375 0.35 0.41510418 0.3475 0.41770834 0.34416667 0.41770834 0.34083334 0.41354167 0.33583334 0.409375 0.33916667 0.40520832 0.34083334 0.40052083 0.34416667 0.39114583 0.34333333 0.384375 0.34583333 0.35729167 0.37666667 0.3546875 0.44833332
15 0.4109375 0.48583335 0.371875 0.4575 0.36770833 0.45583335 0.36145833 0.45583335 0.35729167 0.45833334 0.3546875 0.46 0.35208333 0.46166667 0.34895834 0.46333334 0.34010416 0.46 0.33697918 0.46666667 0.33645833 0.47083333 0.34427083 0.47333333 0.34375 0.47916666 0.3484375 0.48583335 0.35416666 0.50166667 0.40364584 0.54 0.48020834 0.6016667 0.53020835 0.64416665 0.53697914 0.6458333 0.54583335 0.645 0.5473958 0.64416665 0.5515625 0.6425 0.55677086 0.6458333 0.55885416 0.6475 0.56145835 0.6375 0.56354165 0.6325 0.56041664 0.62833333 0.55625 0.62833333 0.5546875 0.62166667 0.55260414 0.61833334 0.55052084 0.605 0.540625 0.59166664 0.41458333 0.4875
15 0.390625 0.5316667 0.35677084 0.6041667 0.34739584 0.62833333 0.34739584 0.64 0.3484375 0.6458333 0.3484375 0.6508333 0.34479168 0.655 0.34270832 0.6591667 0.34479168 0.6675 0.3484375 0.67 0.35208333 0.6666667 0.35416666 0.6625 0.35989583 0.6616667 0.36145833 0.6575 0.36822918 0.6558333 0.37135416 0.655 0.42135417 0.55333334 0.39270833 0.53
15 0.41197917 0.485 0.46822917 0.375 0.47395834 0.36416668 0.48072916 0.35833332 0.4859375 0.35833332 0.49166667 0.35833332 0.49322918 0.3575 0.496875 0.35166666 0.49895832 0.34666666 0.5026042 0.34916666 0.50677085 0.355 0.5078125 0.36333334 0.50364584 0.36583334 0.49947917 0.36666667 0.49635416 0.36916667 0.49947917 0.375 0.5005208 0.38166666 0.5 0.39 0.49479166 0.4025 0.44114584 0.51 0.41458333 0.4875
15 0.6203125 0.3925 0.58697915 0.37416667 0.5807292 0.37583333 0.571875 0.38166666 0.56822914 0.38 0.56614584 0.38166666 0.56041664 0.37916666 0.55677086 0.38333333 0.55625 0.3925 0.5578125 0.395 0.565625 0.39416668 0.5671875 0.39833334 0.56927085 0.39916667 0.5708333 0.4125 0.5765625 0.4175 0.61927086 0.4475
15 0.62083334 0.38916665 0.6223958 0.365 0.6223958 0.3575 0.6244792 0.35 0.6276042 0.34333333 0.63177085 0.34 0.63177085 0.33166668 0.6328125 0.3175 0.63854164 0.31583333 0.64479166 0.3175 0.64375 0.32833335 0.64635414 0.335 0.6453125 0.34166667 0.65260416 0.35416666 0.6546875 0.375 0.65260416 0.55333334 0.6510417 0.6716667 0.646875 0.68416667 0.64375 0.6933333 0.64270836 0.7 0.6302083 0.6958333 0.62916666 0.69 0.62291664 0.6825 0.62083334 0.6691667 0.61927086 0.44666666 0.62083334 0.39083335
15 0.6546875 0.41333333 0.778125 0.48666668 0.7828125 0.49666667 0.7859375 0.50916666 0.7895833 0.5133333 0.79583335 0.515 0.7953125 0.5225 0.79322916 0.5325 0.7885417 0.5341667 0.7859375 0.5258333 0.78020835 0.52666664 0.7729167 0.5316667 0.7682292 0.5325 0.6536458 0.46583334 0.65416664 0.415
15 0.23229167 0.4075 0.24583334 0.32416666 0.25052083 0.27666667 0.24739583 0.265 0.24583334 0.25833333 0.2453125 0.25083333 0.24375 0.24916667 0.2453125 0.24 0.24375 0.23416667 0.23958333 0.23333333 0.23645833 0.23583333 0.23333333 0.245 0.23072916 0.24916667 0.22552083 0.2525 0.2234375 0.25583333 0.21666667 0.27083334 0.19791667 0.39916667 0.17291667 0.54333335 0.17083333 0.5675 0.17135416 0.5775 0.17395833 0.585 0.1765625 0.59 0.178125 0.5966667 0.178125 0.60083336 0.17864583 0.6141667 0.18072917 0.61333334 0.18385416 0.5941667 0.18802084 0.5808333 0.21614583 0.4375 0.22239584 0.41916665 0.22864583 0.4125 0.23229167 0.41166666
