18 0.30520833 0.009166666 0.31770834 0.0 0.46197918 0.0 0.46927083 0.021666666 0.48333332 0.044166666 0.490625 0.054166667 0.5005208 0.061666667 0.50885415 0.08 0.51875 0.10166667 0.51875 0.10166667 0.51458335 0.10333333 0.5104167 0.11833333 0.51666665 0.18 0.5083333 0.195 0.50104165 0.2025 0.49583334 0.19916667 0.48958334 0.2125 0.48958334 0.225 0.478125 0.24 0.46197918 0.27 0.45260417 0.27666667 0.43854168 0.27666667 0.42083332 0.25083333 0.40520832 0.21666667 0.390625 0.195 0.32604167 0.09583333 0.303125 0.05 0.2984375 0.039166667 0.30052084 0.018333333 0.30364582 0.010833333
1 0.123958334 0.059166666 0.1421875 0.0675 0.15833333 0.086666666 0.16510417 0.0975 0.1859375 0.1025 0.2640625 0.11833333 0.32135418 0.13083333 0.33333334 0.115 0.33697918 0.12083333 0.33489582 0.1975 0.32864583 0.23 0.32552084 0.24833333 0.32760417 0.27833334 0.32708332 0.29833335 0.32239583 0.30583334 0.31302083 0.30166668 0.30052084 0.28083333 0.28385416 0.2675 0.23802084 0.25333333 0.16302083 0.23583333 0.14114584 0.245 0.1265625 0.24583334 0.1203125 0.24583334 0.12552084 0.1925 0.123958334 0.14333333 0.123958334 0.100833334 0.125 0.071666665
2 0.0015625 0.3225 0.08385417 0.335 0.16041666 0.34166667 0.1828125 0.3425 0.19166666 0.3475 0.18385416 0.5 0.1796875 0.69083333 0.175 0.7366667 0.16458334 0.73833334 0.069270834 0.7291667 0.0 0.7291667
13 0.3046875 0.36666667 0.31458333 0.37 0.37447917 0.41916665 0.3984375 0.43916667 0.43229166 0.53833336 0.45 0.5858333 0.45572916 0.59583336 0.4640625 0.60333335 0.46822917 0.605 0.43489584 0.6983333 0.42395833 0.71416664 0.4046875 0.70666665 0.24010417 0.57666665 0.23697917 0.5683333 0.23697917 0.55833334 0.24635416 0.5233333 0.28385416 0.41333333 0.2953125 0.37333333
8 0.353125 0.29083332 0.40833333 0.23833333 0.41145834 0.23583333 0.42083332 0.255 0.43645832 0.27916667 0.45260417 0.28083333 0.46354166 0.26833335 0.478125 0.24333334 0.5104167 0.33666667 0.55 0.44166666 0.56458336 0.47 0.5677083 0.48666668 0.56614584 0.50166667 0.55625 0.5133333 0.52239585 0.54 0.5083333 0.56166667 0.48802084 0.5858333 0.47239584 0.60083336 0.4640625 0.60083336 0.45416668 0.58916664 0.44479167 0.5683333 0.3984375 0.43666667 0.3875 0.42083332 0.37135416 0.3825 0.353125 0.3425 0.34895834 0.3275 0.34739584 0.31666666 0.34791666 0.30666667
3 0.52239585 0.10166667 0.615625 0.16666667 0.64479166 0.1875 0.6625 0.20583333 0.66510415 0.23333333 0.65989584 0.25083333 0.6489583 0.25666666 0.6302083 0.255 0.615625 0.295 0.60520834 0.315 0.5984375 0.3425 0.59270835 0.36666667 0.58385414 0.37 0.5703125 0.35916665 0.559375 0.32583332 0.54583335 0.315 0.5286458 0.28916666 0.5151042 0.2675 0.50572914 0.24416667 0.4921875 0.23083334 0.49114582 0.22 0.490625 0.21416667 0.49635416 0.20416667 0.50104165 0.20666666 0.5104167 0.1925 0.5171875 0.18166667 0.51354164 0.13166666 0.5109375 0.11833333 0.51458335 0.1075
9 0.6791667 0.46 0.73072916 0.58 0.778125 0.69083333 0.6880208 0.76166666 0.6296875 0.81416667 0.5942708 0.85083336 0.5708333 0.87416667 0.5265625 0.75333333 0.5234375 0.735 0.571875 0.6 0.59010416 0.5625 0.6234375 0.5208333 0.6510417 0.49 0.67291665 0.45833334
16 0.74583334 0.0 0.871875 0.044166666 0.96875 0.064166665 0.99322915 0.0725 1.0 0.0825 1.0 0.11 0.9760417 0.2025 0.965625 0.32333332 0.91510415 0.25083333 0.9046875 0.24583334 0.8921875 0.25416666 0.86041665 0.30833334 0.85 0.32 0.71510416 0.29166666 0.7161458 0.27 0.734375 0.0775 0.74375 0.0016666667
19 0.775 0.45666668 0.7828125 0.43833333 0.84270835 0.35416666 0.8625 0.31 0.88697916 0.265 0.89739585 0.2525 0.9046875 0.24916667 0.90989584 0.25083333 0.9171875 0.25916666 0.96979165 0.33333334 0.9921875 0.3575 1.0 0.37416667 1.0 0.3975 0.9973958 0.41416666 0.9088542 0.5425 0.88177085 0.5883333 0.87395835 0.60333335 0.853125 0.58666664 0.853125 0.5575 0.84791666 0.54083335 0.84270835 0.51916665 0.8296875 0.5208333 0.8296875 0.53583336 0.8255208 0.54583335 0.78697914 0.48666668 0.77708334 0.47
15 0.8119792 0.8775 0.8046875 0.84583336 0.8119792 0.6625 0.8203125 0.5525 0.8276042 0.54583335 0.8296875 0.53583336 0.83229166 0.5341667 0.8307292 0.5233333 0.83697915 0.5208333 0.8411458 0.52166665 0.8432292 0.5316667 0.8463542 0.5416667 0.85 0.55 0.8515625 0.56083333 0.8520833 0.5825 0.84739584 0.6691667 0.83802086 0.82416666 0.83802086 0.8825 0.83177084 0.8933333 0.828125 0.8975 0.83020836 0.9033333 0.8296875 0.90833336 0.8229167 0.9091667 0.81666666 0.9066667 0.8171875 0.8983333 0.81875 0.89 0.8140625 0.8833333 0.81145835 0.87916666
4 0.115625 0.0 0.104166664 0.016666668 0.094791666 0.030833334 0.07395833 0.041666668 0.041145835 0.035833333 0.021875 0.025833333 0.0 0.009166666 0.0 0.0
