2 0.27604166 0.33333334 0.24791667 0.31583333 0.24791667 0.31083333 0.24583334 0.30916667 0.24427083 0.3125 0.20885417 0.28916666 0.23125 0.20833333 0.24791667 0.155 0.25833333 0.111666664 0.2765625 0.035 0.31666666 0.06 0.35833332 0.0875 0.4015625 0.11666667 0.428125 0.13166666 0.45625 0.1475 0.4828125 0.15916666 0.4890625 0.16166666 0.48229167 0.20666666 0.47708333 0.23083334 0.475 0.23916666 0.47083333 0.26416665 0.46510416 0.29083332 0.45833334 0.31333333 0.45364583 0.33083335 0.44947916 0.34583333 0.43802083 0.385 0.42760417 0.42083332 0.4109375 0.41 0.37239584 0.39333335 0.3625 0.38666666 0.31822917 0.35916665 0.28854167 0.34
2 0.56041664 0.47833332 0.53489584 0.5133333 0.5109375 0.46583334 0.51354164 0.4625 0.51145834 0.45916668 0.50885415 0.46166667 0.49739584 0.43916667 0.48072916 0.40416667 0.46822917 0.3825 0.45416668 0.35416666 0.45 0.345 0.46354166 0.29583332 0.47135416 0.26166666 0.475 0.2375 0.4828125 0.205 0.4890625 0.16166666 0.471875 0.155 0.45572916 0.1475 0.44947916 0.14416666 0.46822917 0.11833333 0.4796875 0.10666667 0.49010417 0.0925 0.5026042 0.07833333 0.51770836 0.06 0.5338542 0.09 0.546875 0.115 0.58177084 0.1775 0.6145833 0.23833333 0.64166665 0.29 0.640625 0.29416665 0.64375 0.29333332 0.64947915 0.305 0.6671875 0.33833334 0.64270836 0.37166667 0.6177083 0.40083334 0.609375 0.41 0.59583336 0.42833334 0.5807292 0.45083332
2 0.3375 0.82 0.2984375 0.9 0.26875 0.8666667 0.27083334 0.8616667 0.26822916 0.86 0.26666668 0.8641667 0.25729167 0.85083336 0.24322917 0.8333333 0.2203125 0.805 0.19895834 0.7783333 0.1703125 0.74583334 0.14270833 0.715 0.11927083 0.68833333 0.102604166 0.66833335 0.0984375 0.6616667 0.10520833 0.65166664 0.12083333 0.6225 0.146875 0.57166666 0.16770834 0.5316667 0.18385416 0.50166667 0.20208333 0.46666667 0.21927084 0.435 0.23125 0.45 0.24427083 0.46583334 0.2734375 0.5025 0.29947916 0.5341667 0.33229166 0.5758333 0.371875 0.62416667 0.3796875 0.6325 0.37864584 0.635 0.37864584 0.6383333 0.38072917 0.6383333 0.38229167 0.6358333 0.40989584 0.6716667 0.38125 0.7291667 0.35677084 0.7775
2 0.19791667 0.87416667 0.1828125 0.90833336 0.1796875 0.9075 0.1796875 0.915 0.1578125 0.9608333 0.13125 0.9275 0.102604166 0.8933333 0.0734375 0.8641667 0.0203125 0.80916667 0.0015625 0.7891667 0.027083334 0.7416667 0.030729167 0.7425 0.030208332 0.73833334 0.052083332 0.6975 0.08125 0.6425 0.119791664 0.56333333 0.15885417 0.48416665 0.1640625 0.47083333 0.1875 0.49416667 0.15416667 0.5575 0.146875 0.57166666 0.11927083 0.62666667 0.10520833 0.6508333 0.0984375 0.6616667 0.103125 0.6691667 0.14322917 0.7158333 0.18645833 0.76416665 0.2 0.77916664 0.228125 0.815 0.20833333 0.8541667
2 0.083333336 1.0 0.07083333 0.96 0.0671875 0.9316667 0.10572917 0.8975 0.13177083 0.9275 0.1578125 0.96166664 0.17916666 0.915 0.17916666 0.90833336 0.1828125 0.90833336 0.2 0.87083334 0.228125 0.815 0.24791667 0.83916664 0.275 0.91 0.29479167 0.9633333 0.309375 1.0
2 0.65520835 1.0 0.48541668 1.0 0.45729166 0.9058333 0.43177083 0.8183333 0.43489584 0.81583333 0.43333334 0.81083333 0.43020833 0.8125 0.41458333 0.7583333 0.46510416 0.7175 0.5234375 0.6741667 0.553125 0.6508333 0.57239586 0.6383333 0.5885417 0.6925 0.59010416 0.7 0.6276042 0.8258333 0.6479167 0.9058333 0.6625 0.95916665 0.665625 0.97583336 0.6713542 0.99 0.6713542 0.9925 0.6578125 0.99666667
2 0.6098958 0.6625 0.6197917 0.6016667 0.62291664 0.55916667 0.6276042 0.51666665 0.63697916 0.44083333 0.6375 0.405 0.63958335 0.39833334 0.675 0.41083333 0.72447914 0.42666668 0.7453125 0.43416667 0.7604167 0.43916667 0.78541666 0.445 0.8046875 0.45416668 0.803125 0.48083332 0.7994792 0.5108333 0.79375 0.55916667 0.7828125 0.6508333 0.77135414 0.76 0.7682292 0.7625 0.76979166 0.76666665 0.7661458 0.81583333 0.72291666 0.80333334 0.64375 0.7725 0.6078125 0.7583333 0.603125 0.7441667 0.6041667 0.7025 0.6067708 0.7025 0.60625 0.7 0.60364586 0.6983333 0.60833335 0.6775
2 0.71302086 0.0 0.69427085 0.0 0.6713542 0.0 0.70104164 0.036666665 0.7140625 0.014166667 0.72291666 0.0
2 0.30104166 0.4625 0.31145832 0.39416668 0.31770834 0.35916665 0.371875 0.39333335 0.4109375 0.40916666 0.42760417 0.42166665 0.45 0.345 0.46875 0.38333333 0.48125 0.40583333 0.50104165 0.44583333 0.50885415 0.46083334 0.51145834 0.46 0.51354164 0.4625 0.5109375 0.46583334 0.53489584 0.5133333 0.53697914 0.5108333 0.534375 0.5208333 0.5265625 0.58666664 0.5161458 0.6508333 0.5005208 0.6433333 0.45104167 0.6275 0.4 0.60833335 0.3421875 0.5875 0.30677083 0.54333335 0.29791668 0.5325 0.290625 0.5233333
2 0.0 0.0 0.0 0.34666666 0.008333334 0.3475 0.008854167 0.34666666 0.018229166 0.34833333 0.032291666 0.35833332 0.0796875 0.3575 0.10625 0.35583332 0.100520834 0.3425 0.10104167 0.3125 0.102604166 0.24333334 0.1 0.18833333 0.10208333 0.13333334 0.106770836 0.0925 0.11302083 0.055833332 0.110416666 0.050833333 0.11354167 0.04916667 0.1140625 0.035 0.115625 0.0
