6 0.12916666 0.034166668 0.047916666 0.16416667 0.08125 0.19333333 0.121875 0.24333334 0.14791666 0.3125 0.1578125 0.33 0.2125 0.25166667 0.16041666 0.21916667 0.1578125 0.20916666 0.17708333 0.16 0.18229167 0.12666667 0.13645834 0.044166666
6 0.19739583 0.0775 0.18177083 0.12916666 0.17708333 0.16 0.1578125 0.20666666 0.1609375 0.21916667 0.2171875 0.255 0.2734375 0.3 0.29479167 0.3225 0.30677083 0.2875 0.3359375 0.1825 0.32604167 0.1625 0.25625 0.125 0.2125 0.083333336
6 0.40052083 0.025833333 0.36822918 0.061666667 0.3578125 0.061666667 0.30833334 0.08583333 0.29947916 0.0975 0.31979167 0.1475 0.34895834 0.2075 0.36197916 0.26916668 0.371875 0.30333334 0.42916667 0.2575 0.4703125 0.22166666 0.44583333 0.15916666 0.41666666 0.11 0.40885416 0.0525
6 0.18854167 0.28666666 0.20416667 0.335 0.21145834 0.4875 0.21510416 0.50166667 0.32135418 0.45916668 0.31979167 0.4375 0.30260417 0.355 0.3 0.30833334 0.29791668 0.31333333 0.29479167 0.3225 0.27395833 0.30083334 0.21197917 0.25166667
6 0.13385417 0.5525 0.13645834 0.5975 0.15885417 0.7241667 0.17916666 0.7158333 0.2203125 0.685 0.30989584 0.66 0.27708334 0.48666668 0.19427083 0.54083335 0.14427084 0.54583335
6 0.34010416 0.48333332 0.32135418 0.5283333 0.29270834 0.56666666 0.30885416 0.6533333 0.35625 0.7158333 0.3671875 0.69 0.39270833 0.62333333 0.4171875 0.5783333 0.35208333 0.58166665 0.34479168 0.57416666 0.34947917 0.5183333 0.34479168 0.51416665
6 0.6010417 0.32583332 0.52447915 0.39 0.4625 0.415 0.49114582 0.4075 0.49635416 0.41333333 0.5005208 0.51 0.496875 0.58 0.5651042 0.52916664 0.64270836 0.4925 0.6041667 0.33666667
6 0.3984375 0.62166667 0.39166668 0.62583333 0.38541666 0.655 0.36041668 0.7825 0.34375 0.8225 0.340625 0.8466667 0.4390625 0.9141667 0.44791666 0.8875 0.44739583 0.865 0.46875 0.75916666 0.49114582 0.7025 0.490625 0.69 0.45572916 0.6616667 0.4046875 0.62666667
6 0.5125 0.875 0.49947917 0.895 0.45729166 0.9241667 0.4484375 0.9425 0.47864583 1.0 0.57395834 1.0 0.6119792 0.95166665 0.60625 0.9508333 0.5359375 0.985 0.53489584 0.9608333 0.5203125 0.9075
6 0.6791667 0.73083335 0.675 0.7758333 0.67291665 0.8825 0.67552084 0.9116667 0.69375 0.9075 0.73333335 0.9058333 0.8171875 0.9433333 0.81822914 0.91833335 0.8203125 0.8425 0.82447916 0.77916664 0.7953125 0.75666666 0.73125 0.74833333 0.6869792 0.7316667
6 0.603125 0.33083335 0.6041667 0.33666667 0.64270836 0.4925 0.57916665 0.52166665 0.578125 0.55916667 0.621875 0.57166666 0.6859375 0.5875 0.684375 0.56083333 0.68958336 0.46916667 0.7104167 0.3725 0.7104167 0.36
6 0.73541665 0.45833334 0.72447914 0.4875 0.7015625 0.5725 0.684375 0.61833334 0.66197914 0.6483333 0.6614583 0.655 0.69322914 0.69666666 0.74427086 0.75 0.75416666 0.75166667 0.7682292 0.6875 0.7708333 0.6691667 0.8171875 0.58416665 0.8265625 0.5675 0.82916665 0.555 0.81822914 0.5441667
6 0.75677085 0.33333334 0.70416665 0.46166667 0.68854165 0.4875 0.6859375 0.5325 0.7057292 0.55583334 0.7260417 0.48333332 0.73541665 0.45916668 0.796875 0.52 0.80052084 0.50166667 0.83958334 0.44833332 0.8442708 0.43333334 0.8307292 0.42 0.790625 0.37 0.78489584 0.37833333 0.76666665 0.34166667
6 0.82135415 0.5441667 0.865625 0.56416667 0.90729165 0.58666664 0.89947915 0.6116667 0.88385415 0.6616667 0.8734375 0.7241667 0.86822915 0.8 0.8588542 0.805 0.79479164 0.75666666 0.76197916 0.74083334 0.7651042 0.7316667 0.76927084 0.72833335 0.78541666 0.64416665 0.8052083 0.605 0.8265625 0.5683333 0.828125 0.555
6 0.82916665 0.1075 0.81041664 0.13 0.7729167 0.1875 0.7348958 0.23 0.72760415 0.23416667 0.71770835 0.245 0.7453125 0.3025 0.78541666 0.37833333 0.79375 0.36666667 0.80833334 0.33666667 0.85572916 0.27916667 0.890625 0.25166667 0.8958333 0.23833333 0.88489586 0.22583333 0.8666667 0.18333334 0.85052085 0.15583333 0.8354167 0.11666667
6 0.73333335 0.0016666667 0.62708336 0.06666667 0.6119792 0.06666667 0.6020833 0.07666667 0.640625 0.23666666 0.653125 0.22916667 0.678125 0.20583333 0.7796875 0.1425 0.78125 0.12916666 0.7552083 0.0675 0.7447917 0.05 0.7395833 0.051666666 0.7416667 0.0
6 0.359375 0.39916667 0.34427083 0.57416666 0.35208333 0.58166665 0.42447916 0.5783333 0.49895832 0.5875 0.49739584 0.57916665 0.5 0.51 0.49635416 0.415 0.49010417 0.40666667 0.4609375 0.41583332 0.44270834 0.4225 0.43697917 0.42583334 0.3609375 0.39416668
6 0.50364584 0.81333333 0.5130208 0.875 0.51354164 0.87916666 0.5203125 0.9058333 0.53541666 0.9608333 0.5359375 0.985 0.60625 0.9508333 0.6567708 0.95166665 0.66770834 0.945 0.65833336 0.91083336 0.65416664 0.83 0.65052086 0.7708333 0.6432292 0.77 0.6328125 0.775 0.57604164 0.7991667 0.53125 0.8075 0.52135414 0.8066667 0.5078125 0.81
6 0.56875 0.78333336 0.575 0.7975 0.57447916 0.7991667 0.55364585 0.80333334 0.55885416 0.795
6 0.30885416 0.29833335 0.34635416 0.2775 0.36145833 0.26916668 0.37135416 0.30416667 0.40520832 0.27666667 0.4140625 0.3225 0.43697917 0.42583334 0.43489584 0.425 0.36041668 0.39416668 0.359375 0.4 0.34895834 0.5175 0.34635416 0.515 0.3453125 0.5133333 0.33802083 0.4675 0.32552084 0.39416668 0.3015625 0.325 0.3 0.30666667 0.30208334 0.30083334
6 0.009375 0.0275 0.034375 0.1325 0.047916666 0.2125 0.0 0.2225 0.0 0.028333334
