14 0.25729167 0.4925 0.24427083 0.48166665 0.2328125 0.48833334 0.22552083 0.48833334 0.23177083 0.47083333 0.25833333 0.42333335 0.25833333 0.41666666 0.24583334 0.39666668 0.2546875 0.39416668 0.27291667 0.40166667 0.27760416 0.405 0.28229168 0.4175 0.2796875 0.4225 0.27864584 0.47416666 0.27447918 0.4825 0.2671875 0.50333333
14 0.35208333 0.5808333 0.31458333 0.5466667 0.34010416 0.49 0.34947917 0.48333332 0.353125 0.47833332 0.42395833 0.54083335 0.42916667 0.5466667 0.4359375 0.53 0.44114584 0.53333336 0.41666666 0.6483333 0.409375 0.6408333 0.40260416 0.62833333 0.38072917 0.6075
14 0.74635416 0.48916668 0.66510415 0.4825 0.6479167 0.4925 0.640625 0.49583334 0.62395835 0.49666667 0.62604165 0.375 0.6458333 0.37416667 0.659375 0.38416666 0.68125 0.3925 0.7953125 0.4025 0.8229167 0.40333334 0.83697915 0.40333334 0.85520834 0.38833332 0.86145836 0.3925 0.86614585 0.4125 0.865625 0.45833334 0.86875 0.4775 0.8697917 0.50166667 0.8598958 0.50916666 0.84739584 0.5083333 0.83802086 0.49833333 0.81666666 0.49 0.79010415 0.49
14 0.68333334 0.39083335 0.69114584 0.345 0.69635415 0.34666666 0.709375 0.365 0.740625 0.38 0.7984375 0.40083334 0.6890625 0.39333335
14 0.86875 0.4275 0.87604165 0.435 0.8890625 0.42083332 0.9046875 0.4275 0.88854164 0.5058333 0.8875 0.5341667 0.8723958 0.5283333 0.859375 0.51 0.8703125 0.5025 0.86875 0.47666666 0.8645833 0.4575 0.8666667 0.42666668
14 0.6432292 0.545 0.66197914 0.48333332 0.665625 0.48166665 0.7265625 0.48833334 0.7296875 0.49333334 0.7296875 0.49666667 0.7125 0.51 0.7 0.545 0.6614583 0.555 0.653125 0.555 0.646875 0.5491667
14 0.625 0.5491667 0.62708336 0.62916666 0.62604165 0.665 0.63489586 0.665 0.6432292 0.6625 0.65208334 0.64916664 0.66770834 0.64666665 0.68177086 0.64 0.7661458 0.62 0.7984375 0.6075 0.81666666 0.6041667 0.81666666 0.615 0.82239586 0.61333334 0.8276042 0.60583335 0.8296875 0.56666666 0.83229166 0.50083333 0.8234375 0.5075 0.80677086 0.52 0.79010415 0.52666664 0.72083336 0.54083335 0.69739586 0.5466667 0.65833336 0.55583334 0.65208334 0.555 0.64427084 0.545 0.6375 0.5441667
14 0.6625 0.6558333 0.6359375 0.7375 0.63385415 0.78 0.62916666 0.7775 0.6265625 0.7816667 0.62083334 0.785 0.5671875 0.75666666 0.5697917 0.7325 0.57604164 0.7241667 0.5828125 0.71666664 0.6265625 0.6016667 0.62708336 0.625 0.6255208 0.66583335 0.64166665 0.6641667 0.65260416 0.64916664 0.66510415 0.6475
14 0.6401042 0.29833335 0.63645834 0.29666665 0.640625 0.27916667 0.66197914 0.2975 0.70416665 0.32583332 0.69947916 0.32916668 0.68645835 0.35 0.68125 0.35166666 0.6723958 0.38833332 0.6625 0.38416666 0.6510417 0.37833333 0.64739585 0.375 0.6255208 0.37416667 0.6244792 0.495 0.6375 0.49666667 0.63489586 0.5133333 0.61302084 0.59166664 0.62135416 0.6166667 0.61875 0.62166667 0.6125 0.6175 0.59375 0.61333334 0.5703125 0.60833335 0.5494792 0.6166667 0.5515625 0.5883333 0.5625 0.5733333 0.56145835 0.565 0.5776042 0.5275 0.6255208 0.35666665
14 0.278125 0.475 0.28020832 0.42333335 0.28854167 0.4 0.31614584 0.43333334 0.3578125 0.46333334 0.35052082 0.4825 0.33958334 0.49083334 0.30885416 0.55833334 0.24166666 0.73333335 0.24635416 0.7441667 0.24322917 0.7575 0.23854166 0.7525 0.21302083 0.7325 0.20208333 0.72 0.18385416 0.69416666 0.18697916 0.68333334 0.19270833 0.67833334 0.2 0.67833334 0.27291667 0.48666668
