9 0.24791667 0.715 0.26510417 0.725 0.2671875 0.73 0.28541666 0.735 0.28802082 0.7133333 0.278125 0.7025 0.2765625 0.7008333 0.26145834 0.7075 0.2546875 0.7108333
9 0.06979167 0.55916667 0.063541666 0.595 0.0609375 0.62916666 0.07447917 0.6333333 0.096354164 0.6408333 0.09010417 0.6275 0.084375 0.5925 0.071354166 0.56
9 0.28020832 0.57916665 0.25520834 0.5475 0.253125 0.545 0.24635416 0.5125 0.2390625 0.49333334 0.26041666 0.5225 0.28333333 0.5675 0.28541666 0.57166666 0.28229168 0.57666665
9 0.26875 0.6016667 0.28020832 0.58 0.26927084 0.56666666 0.253125 0.54583335 0.25729167 0.5683333 0.2671875 0.5966667
9 0.1078125 0.38916665 0.1109375 0.3725 0.1171875 0.3775 0.122395836 0.38333333 0.10729167 0.39166668
9 0.1125 0.37 0.13229166 0.33333334 0.16145833 0.28083333 0.1859375 0.2425 0.20885417 0.21333334 0.22604166 0.18666667 0.23333333 0.1825 0.24375 0.1825 0.2828125 0.23916666 0.2984375 0.26166666 0.27552083 0.29833335 0.23958333 0.36333334 0.22760417 0.38416666 0.22239584 0.3975 0.22135417 0.4 0.21510416 0.37333333 0.20833333 0.3475 0.19270833 0.35583332 0.16875 0.36833334 0.1671875 0.36916667 0.13958333 0.375 0.13958333 0.375 0.122395836 0.38416666 0.122395836 0.38333333 0.11666667 0.37666667 0.11145833 0.3725
9 0.29947916 0.26 0.32760417 0.21416667 0.35677084 0.17333333 0.36875 0.16 0.3921875 0.2025 0.41666666 0.23833333 0.46510416 0.32083333 0.48177084 0.35416666 0.4828125 0.35833332 0.45 0.41166666 0.440625 0.42083332 0.415625 0.39333335 0.39479166 0.36916667 0.375 0.35166666 0.3625 0.3775 0.34010416 0.43416667 0.32916668 0.465 0.321875 0.48333332 0.31822917 0.49833333 0.30677083 0.52916664 0.29427084 0.55583334 0.2859375 0.57166666 0.27135417 0.5425 0.26041666 0.5208333 0.23854166 0.48916668 0.22083333 0.4625 0.2125 0.43666667 0.2234375 0.39833334 0.228125 0.38416666 0.27604166 0.3 0.2984375 0.26333332
9 0.3828125 0.81666666 0.35625 0.78833336 0.34010416 0.7708333 0.3234375 0.74833333 0.28385416 0.7075 0.27135417 0.695 0.24583334 0.6725 0.23802084 0.6641667 0.27552083 0.5883333 0.29739583 0.55333334 0.30885416 0.52666664 0.31927082 0.49916667 0.3234375 0.48416665 0.35 0.41083333 0.36302084 0.37833333 0.37604168 0.35166666 0.41145834 0.38916665 0.44010416 0.42166665 0.48385417 0.47 0.5140625 0.505 0.5208333 0.5158333 0.4828125 0.59166664 0.45364583 0.64 0.44270834 0.6616667 0.4265625 0.69916666 0.41875 0.71666664 0.4078125 0.75916666 0.38645834 0.815
9 0.3046875 0.98 0.26302084 0.9975 0.2625 1.0 0.32239583 1.0 0.321875 0.9975 0.31510416 0.99
9 0.26041666 0.92833334 0.3078125 0.9816667 0.31875 0.9925 0.3234375 1.0 0.42864582 1.0 0.5052083 1.0 0.5052083 0.98583335 0.4875 0.935 0.46875 0.87083334 0.45677084 0.8258333 0.42916667 0.7825 0.41041666 0.75666666 0.409375 0.75416666 0.40833333 0.7608333 0.38802084 0.81416667 0.38697916 0.81666666 0.3828125 0.81666666 0.340625 0.7725 0.309375 0.8308333 0.29895833 0.8591667 0.28229168 0.89416665 0.27604166 0.89916664 0.2671875 0.915
9 0.46145833 0.63 0.49895832 0.6408333 0.51197916 0.64 0.53697914 0.65416664 0.5765625 0.67833334 0.59375 0.68833333 0.5953125 0.68666667 0.6098958 0.56416667 0.6109375 0.535 0.62135416 0.50666666 0.63385415 0.44916666 0.6333333 0.44583333 0.5671875 0.40916666 0.5140625 0.38583332 0.50104165 0.37833333 0.48072916 0.36333334 0.4796875 0.36333334 0.45208332 0.40833333 0.45 0.41166666 0.44114584 0.42166665 0.48125 0.46583334 0.51354164 0.50333333 0.5151042 0.505 0.5208333 0.515 0.5208333 0.515 0.52135414 0.5158333 0.48229167 0.5933333 0.46614584 0.62 0.4609375 0.62833333
9 0.6067708 0.41333333 0.6421875 0.43 0.6703125 0.44166666 0.69947916 0.44833332 0.7296875 0.45666668 0.7682292 0.46916667 0.77135414 0.44333333 0.7739583 0.40083334 0.7786458 0.35416666 0.790625 0.25583333 0.7953125 0.21916667 0.8041667 0.13083333 0.74114585 0.104166664 0.71770835 0.093333334 0.71197915 0.08583333 0.7036458 0.08 0.6640625 0.0675 0.64479166 0.105 0.63645834 0.2075 0.62708336 0.28583333 0.62604165 0.3075 0.61614585 0.34666666 0.6109375 0.37916666 0.60729164 0.40333334
9 0.60625 0.18416667 0.5734375 0.14 0.55625 0.119166665 0.5109375 0.04916667 0.48229167 0.00083333335 0.48697916 0.0 0.70416665 0.0 0.67604166 0.04083333 0.6640625 0.06666667 0.64427084 0.105 0.64270836 0.11083333 0.6166667 0.16916667
9 0.27604166 0.7008333 0.2625 0.70666665 0.24479167 0.7158333 0.22916667 0.7325 0.20885417 0.74583334 0.159375 0.7808333 0.13385417 0.79583335 0.12291667 0.74833333 0.108333334 0.68083334 0.1015625 0.6525 0.091145836 0.62833333 0.084895834 0.59166664 0.0703125 0.5566667 0.047395833 0.5058333 0.0390625 0.48083332 0.0359375 0.46 0.027604166 0.44583333 0.0625 0.41916665 0.108333334 0.39166668 0.1390625 0.375 0.1671875 0.36916667 0.20833333 0.3475 0.22135417 0.40166667 0.21145834 0.43583333 0.22083333 0.46416667 0.2390625 0.49333334 0.24583334 0.5125 0.25729167 0.5683333 0.26822916 0.60083336 0.2375 0.66333336 0.2390625 0.6675 0.26614583 0.6925
