18 0.36145833 0.050833333 0.3515625 0.0625 0.34635416 0.090833336 0.45260417 0.15916666 0.46770832 0.16833334 0.4921875 0.18333334 0.53125 0.2 0.5375 0.215 0.5385417 0.225 0.50885415 0.375 0.5182292 0.36833334 0.5208333 0.36416668 0.56041664 0.19 0.55572915 0.17083333 0.55052084 0.16333333 0.5234375 0.14416666 0.36822918 0.054166667
18 0.7921875 0.17916666 0.7609375 0.18166667 0.74375 0.18 0.7057292 0.175 0.69895834 0.18083334 0.69322914 0.1925 0.6880208 0.38083333 0.69166666 0.39 0.6979167 0.39833334 0.75364584 0.4 0.78541666 0.39916667 0.82395834 0.40583333 0.8828125 0.40666667 0.896875 0.4025 0.90625 0.38583332 0.9125 0.33083335 0.91822916 0.2025 0.9114583 0.18416667 0.90625 0.17833333 0.82708335 0.18
18 0.8 0.41333333 0.79583335 0.40666667 0.79270834 0.40083334 0.8234375 0.40583333 0.8177083 0.41333333 0.80885416 0.41583332
18 0.88697916 0.048333332 0.8744792 0.0575 0.78125 0.17833333 0.84010416 0.18 0.90625 0.17916666 0.91197914 0.185 0.91875 0.20166667 0.9145833 0.29083332 0.9515625 0.24916667 0.9760417 0.22166666 0.9791667 0.205 0.97552085 0.19416666 0.95625 0.16 0.93125 0.115 0.91770834 0.09166667 0.9067708 0.059166666 0.8989583 0.04916667
18 0.9453125 0.0875 0.92864585 0.075833336 0.9125 0.075 0.91822916 0.093333334 0.9458333 0.14083333 0.9526042 0.1125 0.9505208 0.09833334
18 0.7505208 0.0058333334 0.71666664 0.14833333 0.7135417 0.17583333 0.7625 0.18166667 0.7796875 0.17916666 0.875 0.05666667 0.87864584 0.054166667 0.8510417 0.0375 0.8140625 0.0125 0.790625 0.0 0.75572914 0.0
18 0.5932292 0.6125 0.57708335 0.625 0.53333336 0.6775 0.49375 0.70916665 0.4296875 0.7675 0.42395833 0.785 0.42604166 0.80333334 0.48072916 0.93583333 0.48958334 0.9475 0.50208336 0.9483333 0.58177084 0.87666667 0.5963542 0.8516667 0.6328125 0.82166666 0.6614583 0.7916667 0.6666667 0.76916665 0.65833336 0.73833334 0.609375 0.6175 0.60052085 0.6125
18 0.59791666 0.565 0.5776042 0.625 0.5932292 0.61333334 0.603125 0.6125 0.609375 0.6175 0.6614583 0.74666667 0.6666667 0.76916665 0.6614583 0.7916667 0.6333333 0.82166666 0.59583336 0.8516667 0.58177084 0.87833333 0.5541667 0.9008333 0.59947914 0.93916667 0.61354166 0.935 0.66822916 0.7925 0.71197915 0.67333335 0.7125 0.6533333 0.7026042 0.64 0.6734375 0.61333334 0.646875 0.5925 0.6223958 0.565 0.6125 0.55833334 0.6041667 0.56166667
18 0.5572917 0.49333334 0.5442708 0.49333334 0.49322918 0.5516667 0.47760418 0.57666665 0.46197918 0.60583335 0.44322917 0.62416667 0.4265625 0.63416666 0.390625 0.6725 0.3875 0.68666667 0.3890625 0.69916666 0.42395833 0.7808333 0.4296875 0.76666665 0.4953125 0.7083333 0.5338542 0.6775 0.578125 0.62416667 0.59583336 0.57166666 0.5708333 0.5108333
18 0.34479168 0.09 0.32708332 0.100833334 0.28854167 0.28833333 0.29479167 0.31416667 0.4875 0.41333333 0.49583334 0.41083333 0.503125 0.40166667 0.5385417 0.225 0.5359375 0.21 0.53229165 0.20166667 0.49010417 0.18166667 0.4578125 0.16166666 0.38333333 0.11416667
