19 0.35572916 0.0 0.315625 0.06583333 0.30364582 0.0825 0.31875 0.0
19 0.28020832 0.14833333 0.30885416 0.21 0.334375 0.26333332 0.35104167 0.29333332 0.37239584 0.34166667 0.38072917 0.3475 0.38802084 0.34666666 0.3953125 0.33833334 0.42760417 0.3 0.4375 0.27916667 0.45364583 0.26083332 0.4671875 0.24333334 0.48125 0.2275 0.48645833 0.22 0.4875 0.20333333 0.45 0.12416667 0.4453125 0.11083333 0.41979167 0.0625 0.40989584 0.04083333 0.396875 0.023333333 0.38645834 0.005 0.3828125 0.0 0.35729167 0.0 0.34010416 0.025833333 0.3109375 0.07083333 0.2984375 0.08833333 0.27864584 0.108333334 0.27447918 0.11333334 0.27291667 0.12083333 0.27395833 0.1325 0.27708334 0.13916667
19 0.30416667 0.50416666 0.3390625 0.5225 0.40104166 0.55333334 0.43125 0.56666666 0.4421875 0.5733333 0.45416668 0.57416666 0.459375 0.56916666 0.4640625 0.5625 0.46614584 0.5466667 0.4828125 0.45 0.4953125 0.38333333 0.49583334 0.36083335 0.49479166 0.35416666 0.49010417 0.34333333 0.434375 0.325 0.42552084 0.3225 0.41354167 0.31833333 0.40364584 0.32833335 0.39375 0.34083334 0.38854167 0.34666666 0.38072917 0.34666666 0.371875 0.34166667 0.36822918 0.3325 0.34635416 0.285 0.3390625 0.2825 0.33020833 0.27833334 0.3265625 0.2825 0.32239583 0.29 0.31927082 0.3025 0.3 0.39916667 0.28697917 0.4675 0.28541666 0.48083332 0.28697917 0.49 0.29114583 0.5 0.296875 0.50333333
19 0.19270833 0.41416666 0.25833333 0.37416667 0.30729166 0.3425 0.30989584 0.34333333 0.30989584 0.35 0.296875 0.41083333 0.28697917 0.46666667 0.28541666 0.48166665 0.28645834 0.49 0.29114583 0.5 0.296875 0.50333333 0.30416667 0.505 0.31354168 0.50916666 0.3421875 0.525 0.37239584 0.5391667 0.3640625 0.5441667 0.2734375 0.60083336 0.2296875 0.6275 0.2234375 0.62833333 0.21822916 0.62416667 0.21614583 0.6141667 0.2125 0.58916664 0.19270833 0.485 0.18541667 0.44083333 0.18541667 0.43166667 0.18645833 0.42416668 0.1890625 0.42083332
19 0.53802085 0.38166666 0.59479165 0.38166666 0.5989583 0.38166666 0.6041667 0.385 0.6078125 0.39333335 0.61041665 0.4025 0.61041665 0.42166665 0.6015625 0.5808333 0.59947914 0.6358333 0.59791666 0.6575 0.59739584 0.66583335 0.5942708 0.6775 0.5859375 0.68333334 0.56875 0.68333334 0.5416667 0.6791667 0.54479164 0.66833335 0.5463542 0.6566667 0.54270834 0.6425 0.51979166 0.61583334 0.48177084 0.58 0.46354166 0.56416667 0.47239584 0.50916666 0.47760418 0.475 0.48645833 0.42833334 0.49114582 0.40666667 0.49479166 0.39 0.49635416 0.3775 0.5239583 0.38083333
19 0.5015625 0.35916665 0.5203125 0.3725 0.5296875 0.37833333 0.53020835 0.37833333 0.52916664 0.38 0.5234375 0.38083333 0.50416666 0.37833333 0.49635416 0.37833333 0.49635416 0.3725 0.49635416 0.3675 0.496875 0.365
19 0.4203125 0.31166667 0.43229166 0.32 0.43697917 0.32333332 0.43854168 0.32583332 0.43645832 0.32583332 0.42239583 0.32083333 0.4125 0.31833333 0.41458333 0.31583333 0.41666666 0.3125 0.41822916 0.31083333
19 0.26197916 0.7558333 0.24114583 0.66333336 0.23541667 0.6375 0.2328125 0.62583333 0.2375 0.62166667 0.26666668 0.605 0.30416667 0.5825 0.33333334 0.56416667 0.3640625 0.54333335 0.36614582 0.545 0.3671875 0.55333334 0.38229167 0.6483333 0.3984375 0.73 0.40520832 0.7525 0.34947917 0.75666666 0.27760416 0.7575 0.2625 0.7583333
19 0.465625 0.87666667 0.48802084 0.8125 0.521875 0.72833335 0.5390625 0.68333334 0.54270834 0.6775 0.5442708 0.6675 0.5453125 0.66083336 0.5453125 0.65833336 0.54583335 0.65416664 0.54375 0.645 0.5421875 0.6425 0.51145834 0.6075 0.47083333 0.56916666 0.46354166 0.56333333 0.4609375 0.5683333 0.45572916 0.5725 0.44739583 0.57416666 0.41770834 0.56083333 0.41458333 0.56083333 0.40625 0.58416665 0.38802084 0.6325 0.384375 0.64416665 0.3828125 0.64916664 0.38541666 0.6625 0.39166668 0.695 0.3984375 0.73 0.403125 0.74666667 0.40520832 0.7525 0.41145834 0.75666666 0.415625 0.7625 0.41822916 0.7708333 0.41875 0.78833336 0.41875 0.86333334 0.43697917 0.8808333 0.44739583 0.8908333 0.45364583 0.8933333 0.4578125 0.8933333 0.46041667 0.88916665 0.46197918 0.88666666
19 0.25260416 0.9741667 0.2953125 0.97583336 0.36145833 0.9741667 0.3859375 0.9725 0.40833333 0.9725 0.41510418 0.9691667 0.4203125 0.9625 0.42239583 0.95416665 0.42239583 0.945 0.41979167 0.86333334 0.41822916 0.8566667 0.41822916 0.815 0.41822916 0.7825 0.41822916 0.7708333 0.415625 0.7625 0.4109375 0.75666666 0.40520832 0.7525 0.35 0.75666666 0.27916667 0.7583333 0.25572917 0.75916666 0.24322917 0.7583333 0.23854166 0.7625 0.23333333 0.7683333 0.23229167 0.7825 0.2359375 0.865 0.24114583 0.9216667 0.24114583 0.94666666 0.2421875 0.96416664 0.246875 0.97083336 0.24895833 0.97333336
19 0.46875 0.0 0.45416668 0.08 0.44791666 0.11666667 0.4109375 0.044166666 0.40104166 0.029166667 0.39375 0.016666668 0.38177082 0.0 0.45572916 0.0
