6 0.20572917 0.51416665 0.19635417 0.5416667 0.16354166 0.59833336 0.13489583 0.6475 0.1453125 0.66583335 0.19166666 0.69916666 0.20572917 0.71416664 0.21510416 0.72 0.22291666 0.74333334 0.23229167 0.77 0.23645833 0.7775 0.24791667 0.79 0.27760416 0.7225 0.30260417 0.6475 0.30572918 0.635 0.3 0.62833333 0.259375 0.59833336 0.25208333 0.5941667 0.2421875 0.5883333 0.23854166 0.5833333 0.23072916 0.56333333 0.21302083 0.5208333 0.20989583 0.5158333
6 0.38125 0.3975 0.39479166 0.43 0.40885416 0.46333334 0.41979167 0.48916668 0.428125 0.52916664 0.434375 0.55 0.43854168 0.5908333 0.44427082 0.6116667 0.46302083 0.6 0.45260417 0.54083335 0.44166666 0.49583334 0.44166666 0.47583333 0.484375 0.46666667 0.4921875 0.46416667 0.51458335 0.4475 0.50416666 0.40916666 0.5015625 0.4075 0.5 0.39833334 0.48958334 0.35083333 0.4859375 0.33333334 0.47864583 0.31083333 0.4171875 0.36416668
6 0.45833334 0.61 0.46354166 0.6358333 0.46614584 0.6358333 0.465625 0.615 0.46354166 0.6 0.45833334 0.60333335
6 0.46666667 0.6425 0.46822917 0.69916666 0.47083333 0.72333336 0.5161458 0.71 0.58489585 0.68583333 0.5833333 0.6616667 0.5786458 0.65 0.57239586 0.61333334 0.56614584 0.58 0.55885416 0.5275 0.55104166 0.47 0.55104166 0.45166665 0.54479164 0.43 0.51354164 0.44833332 0.49270833 0.46416667 0.48385417 0.46666667 0.45104167 0.47333333 0.4421875 0.47583333 0.44166666 0.495 0.45260417 0.54 0.4609375 0.58916664 0.46354166 0.6025 0.46614584 0.615
6 0.45833334 0.62666667 0.41614583 0.7033333 0.42447916 0.7175 0.45520833 0.74083334 0.46614584 0.75166667 0.48385417 0.7658333 0.4859375 0.76916665 0.50208336 0.81666666 0.5109375 0.8441667 0.51927084 0.85333335 0.5494792 0.81666666 0.5520833 0.81083333 0.5416667 0.80333334 0.55 0.7733333 0.5776042 0.71166664 0.59479165 0.6875 0.5911458 0.6691667 0.5875 0.655 0.5786458 0.64666665 0.5786458 0.64916664 0.5833333 0.6616667 0.58489585 0.68583333 0.5203125 0.7083333 0.47135416 0.72333336 0.46822917 0.69916666 0.46614584 0.6358333 0.46354166 0.6358333 0.4609375 0.62333333
6 0.55833334 0.81416667 0.58385414 0.8275 0.62604165 0.8566667 0.6479167 0.87083334 0.65416664 0.85333335 0.6546875 0.83916664 0.66822916 0.76 0.67395836 0.73333335 0.69166666 0.68583333 0.7026042 0.6625 0.7046875 0.64166665 0.6984375 0.63666666 0.6828125 0.6308333 0.65833336 0.6225 0.5854167 0.615 0.58489585 0.64 0.5885417 0.65833336 0.59166664 0.67 0.59479165 0.6875 0.57708335 0.71166664 0.55052084 0.7733333 0.5416667 0.8025 0.5520833 0.81166667
6 0.5630208 0.82 0.5598958 0.88916665 0.55572915 0.92583334 0.55625 0.95916665 0.6359375 0.9683333 0.66875 0.97083336 0.6692708 0.93666667 0.6671875 0.92583334 0.665625 0.90166664 0.66197914 0.83666664 0.66302085 0.825 0.6703125 0.7758333 0.6723958 0.7558333 0.67395836 0.73583335 0.66822916 0.7608333 0.6546875 0.83916664 0.65416664 0.8525 0.6479167 0.87083334 0.58697915 0.83 0.5833333 0.8275 0.5630208 0.81583333
6 0.5828125 0.6166667 0.57395834 0.6225 0.578125 0.6458333 0.5807292 0.64916664 0.58802086 0.6558333 0.58489585 0.63916665 0.5859375 0.615
6 0.6296875 0.485 0.60625 0.5316667 0.625 0.58916664 0.6125 0.60333335 0.5854167 0.615 0.6276042 0.6191667 0.65833336 0.62166667 0.69114584 0.6333333 0.7260417 0.575 0.7291667 0.5725 0.7348958 0.55833334 0.7057292 0.5258333 0.67760414 0.5466667 0.6479167 0.5675 0.6411458 0.54333335 0.63697916 0.50666666
6 0.5765625 0.43416667 0.59583336 0.49416667 0.60729164 0.5325 0.62604165 0.58916664 0.61302084 0.60333335 0.5864583 0.615 0.57447916 0.6225 0.56666666 0.57666665 0.5598958 0.5283333 0.55104166 0.46833333 0.5515625 0.46 0.55364585 0.45833334 0.55833334 0.44833332
6 0.5828125 0.34 0.58385414 0.35333332 0.60052085 0.39583334 0.61041665 0.42333335 0.61302084 0.42416668 0.6145833 0.43666667 0.6296875 0.48583335 0.63697916 0.50666666 0.6411458 0.5425 0.6479167 0.5675 0.6770833 0.5475 0.70885414 0.5225 0.75 0.49166667 0.74635416 0.46666667 0.7359375 0.45083332 0.71770835 0.40583333 0.69947916 0.34583333 0.68854165 0.28833333 0.68645835 0.275 0.6489583 0.29083332
6 0.20520833 0.41833332 0.21875 0.46666667 0.24114583 0.5566667 0.24583334 0.57916665 0.25729167 0.5775 0.2796875 0.55083334 0.29791668 0.5316667 0.36979166 0.495 0.3890625 0.48 0.36979166 0.41916665 0.33802083 0.32083333 0.3328125 0.32166666 0.32135418 0.33166668 0.29114583 0.375 0.26666668 0.40833333 0.25416666 0.41 0.21770833 0.4075
