8 0.46614584 0.32333332 0.47135416 0.32166666 0.49895832 0.34583333 0.53333336 0.37333333 0.51979166 0.4175 0.5125 0.45166665 0.5151042 0.46666667 0.5239583 0.4825 0.5520833 0.49666667 0.54114586 0.5308333 0.521875 0.5925 0.5015625 0.66 0.48177084 0.71666664 0.47552082 0.72083336 0.46875 0.7216667 0.4609375 0.7183333 0.44010416 0.70166665 0.3734375 0.6425 0.36510417 0.62833333 0.36354166 0.62083334 0.3671875 0.59833336 0.38072917 0.555 0.38854167 0.53333336 0.40416667 0.5 0.4234375 0.44333333 0.43125 0.41666666 0.45260417 0.33083335 0.45833334 0.32583332
8 0.54322916 0.5275 0.5911458 0.5366667 0.60625 0.54083335 0.61354166 0.5475 0.6171875 0.55333334 0.62135416 0.56166667 0.6223958 0.5675 0.6197917 0.58416665 0.6109375 0.62833333 0.6020833 0.655 0.5984375 0.66 0.59583336 0.6716667 0.59791666 0.67833334 0.6020833 0.6975 0.603125 0.7216667 0.60052085 0.73333335 0.5963542 0.7425 0.5890625 0.75083333 0.5755208 0.7475 0.553125 0.7375 0.5161458 0.725 0.48333332 0.7133333 0.5026042 0.65833336 0.5416667 0.53
8 0.39114583 0.66 0.39270833 0.6741667 0.3953125 0.685 0.39895833 0.6925 0.43385416 0.7033333 0.44322917 0.705 0.3921875 0.6591667
8 0.047916666 0.5158333 0.06822917 0.47166666 0.0765625 0.45166665 0.084375 0.44666666 0.09375 0.4475 0.104166664 0.45583335 0.12604167 0.47583333 0.09791667 0.48916668 0.048958335 0.5175
8 0.013020833 0.5858333 0.036458332 0.5416667 0.038541667 0.55583334 0.044270832 0.58166665 0.046875 0.5933333 0.048958335 0.6016667 0.057291668 0.62083334 0.0640625 0.6333333 0.065104164 0.6408333 0.0640625 0.65416664 0.06302083 0.65833336 0.051041666 0.6458333 0.024479168 0.61583334 0.014583333 0.605 0.013541667 0.5966667
8 0.1265625 0.475 0.14479166 0.46083334 0.18385416 0.4325 0.21458334 0.41583332 0.22552083 0.4175 0.23229167 0.42166665 0.23541667 0.42833334 0.24322917 0.47583333 0.2515625 0.515 0.25416666 0.5316667 0.2640625 0.59166664 0.26458332 0.60083336 0.25989583 0.6141667 0.2546875 0.62083334 0.2265625 0.63916665 0.20677084 0.65166664 0.16302083 0.67333335 0.146875 0.68083334 0.13229166 0.68666667 0.116145834 0.6958333 0.100520834 0.7133333 0.08645833 0.7241667 0.0796875 0.7216667 0.071354166 0.70916665 0.067708336 0.69 0.06302083 0.66 0.06458333 0.6533333 0.065104164 0.6383333 0.0640625 0.6325 0.05625 0.6191667 0.0484375 0.6 0.038541667 0.5541667 0.036979165 0.54 0.038020834 0.53 0.041666668 0.52166665 0.052083332 0.515 0.09739583 0.49 0.12604167 0.47666666
8 0.1078125 0.70666665 0.118229166 0.7158333 0.1265625 0.725 0.13697916 0.7425 0.14635417 0.75916666 0.1734375 0.7975 0.18125 0.79833335 0.1875 0.795 0.19114584 0.7916667 0.19635417 0.7816667 0.17135416 0.7816667 0.16145833 0.7733333 0.15729167 0.765 0.15520833 0.7375 0.1546875 0.7 0.15729167 0.6775 0.14739583 0.68 0.13125 0.6875 0.116145834 0.69666666
8 0.2390625 0.44083333 0.24947916 0.43333334 0.265625 0.43 0.271875 0.4325 0.278125 0.4425 0.27916667 0.45083332 0.27760416 0.47833332 0.2765625 0.4925 0.278125 0.5025 0.28125 0.5158333 0.28229168 0.52666664 0.28229168 0.5425 0.28177083 0.56916666 0.28229168 0.58916664 0.28645834 0.6116667 0.28802082 0.64 0.29270834 0.70416665 0.29427084 0.755 0.29270834 0.76666665 0.28697917 0.7758333 0.27291667 0.7775 0.19583334 0.7816667 0.17083333 0.7808333 0.16145833 0.7733333 0.1578125 0.765 0.1546875 0.7375 0.1546875 0.7 0.15729167 0.6766667 0.21041666 0.64916664 0.2546875 0.62083334 0.26041666 0.6125 0.26510417 0.6 0.26354167 0.58916664 0.25677082 0.545 0.25208333 0.51416665 0.2421875 0.47 0.2375 0.44333333
8 0.1484375 0.45666668 0.1515625 0.44583333 0.15625 0.44333333 0.16979167 0.44333333 0.14895834 0.4575
8 0.590625 0.15 0.6197917 0.1625 0.6703125 0.18666667 0.6979167 0.2025 0.7046875 0.21416667 0.7078125 0.2275 0.70677084 0.23583333 0.69166666 0.30166668 0.68541664 0.32083333 0.67604166 0.3475 0.6546875 0.42833334 0.64947915 0.45416668 0.6411458 0.49083334 0.63854164 0.51166666 0.6328125 0.53 0.6276042 0.5375 0.61927086 0.54083335 0.61510414 0.54 0.603125 0.5308333 0.59375 0.5208333 0.58697915 0.51166666 0.5796875 0.5 0.57395834 0.4975 0.56614584 0.49833333 0.5552083 0.49833333 0.5375 0.49 0.5234375 0.48083332 0.5161458 0.46916667 0.51354164 0.45833334 0.5125 0.45166665 0.51979166 0.4175 0.54010415 0.35416666 0.54895836 0.32083333 0.55625 0.27583334 0.56666666 0.21416667 0.5765625 0.16166666 0.58229166 0.15416667
