14 0.26041666 0.6408333 0.27291667 0.65166664 0.27552083 0.66333336 0.28229168 0.69916666 0.271875 0.69166666 0.26145834 0.6675 0.25416666 0.6525
14 0.29166666 0.7125 0.25 0.7525 0.24114583 0.76416665 0.24270834 0.7725 0.23541667 0.7825 0.22760417 0.7808333 0.22604166 0.77166665 0.22552083 0.74833333 0.22291666 0.7341667 0.18958333 0.655 0.1421875 0.5366667 0.12760417 0.5275 0.119791664 0.52 0.11875 0.50666666 0.13125 0.49083334 0.15416667 0.4625 0.18229167 0.44583333 0.18541667 0.46166667 0.18489583 0.4875 0.19739583 0.52166665 0.25208333 0.645 0.25729167 0.65833336 0.27135417 0.69166666 0.2828125 0.7008333 0.29270834 0.7075
14 0.25520834 0.7966667 0.33802083 0.9633333 0.34010416 0.99083334 0.35052082 1.0 0.375 1.0 0.39947918 0.9525 0.41197917 0.93583333 0.40572917 0.9241667 0.39791667 0.9166667 0.38541666 0.91833335 0.35416666 0.8575 0.29166666 0.7158333 0.24166666 0.7633333
14 0.24114583 0.7916667 0.32916668 1.0 0.34791666 1.0 0.34010416 0.99083334 0.3375 0.96166664 0.2421875 0.76666665 0.24322917 0.7733333 0.23645833 0.7825
14 0.39583334 0.9725 0.384375 0.9825 0.3890625 0.9716667 0.39270833 0.96416664
14 0.40052083 0.87333333 0.39739582 0.85833335 0.3859375 0.8566667 0.36458334 0.8775 0.3484375 0.8433333 0.35 0.82916665 0.3375 0.73583335 0.35208333 0.75083333 0.3953125 0.7966667 0.4015625 0.81916666 0.40520832 0.87416667
14 0.48854166 0.93 0.48229167 0.91333336 0.4796875 0.89916664 0.453125 0.865 0.39479166 0.79583335 0.33697918 0.7325 0.32708332 0.7316667 0.3171875 0.7325 0.30625 0.7225 0.3078125 0.71416664 0.32083333 0.6691667 0.34739584 0.6375 0.35625 0.6325 0.365625 0.65 0.3859375 0.6766667 0.4671875 0.77916664 0.509375 0.8275 0.5260417 0.8283333 0.53333336 0.82916665 0.521875 0.85583335 0.50989586 0.9025 0.49739584 0.92833334
14 0.29895833 0.5566667 0.25052083 0.595 0.23854166 0.6141667 0.20729166 0.54 0.20520833 0.525 0.2140625 0.525 0.225 0.52166665 0.28802082 0.47416666 0.284375 0.5325 0.284375 0.5541667 0.29375 0.5491667 0.3125 0.53833336 0.31875 0.54
14 0.32447916 0.6325 0.3203125 0.59 0.315625 0.58166665 0.31197917 0.5575 0.31041667 0.54833335 0.315625 0.555 0.33229166 0.5575 0.33802083 0.56333333 0.35520834 0.63166666 0.34739584 0.6383333 0.32708332 0.66
14 0.378125 0.62916666 0.384375 0.6741667 0.371875 0.6575 0.3671875 0.65 0.3734375 0.63916665 0.37552083 0.63
14 0.38958332 0.63 0.38697916 0.64 0.3828125 0.6458333 0.37916666 0.63666666 0.37916666 0.6308333 0.38645834 0.6275
14 0.45572916 0.6458333 0.390625 0.6275 0.46979168 0.61083335 0.5546875 0.59833336 0.5703125 0.60833335 0.571875 0.6 0.5786458 0.5908333 0.58802086 0.58166665 0.5963542 0.58166665 0.5984375 0.5858333 0.59791666 0.6025 0.59375 0.65416664 0.58958334 0.68 0.5864583 0.69666666 0.58229166 0.69666666 0.5708333 0.6816667 0.54322916 0.675 0.46510416 0.6483333
14 0.334375 0.54833335 0.35104167 0.53583336 0.36145833 0.5391667 0.40260416 0.53 0.48958334 0.52166665 0.5 0.5341667 0.5015625 0.5183333 0.55625 0.51166666 0.559375 0.5225 0.5651042 0.56666666 0.57135415 0.59833336 0.5703125 0.6066667 0.55364585 0.5975 0.3859375 0.62833333 0.37552083 0.62916666 0.3734375 0.6375 0.3671875 0.6508333 0.36145833 0.64 0.35572916 0.6308333 0.34270832 0.58 0.33541667 0.5541667
14 0.2890625 0.44833332 0.28854167 0.47583333 0.28385416 0.5391667 0.28385416 0.5541667 0.31302083 0.53833336 0.3203125 0.5391667 0.35833332 0.5341667 0.44791666 0.5233333 0.48802084 0.5183333 0.49114582 0.5233333 0.5005208 0.5341667 0.5005208 0.515 0.50677085 0.47166666 0.50572914 0.44416666 0.50364584 0.42833334 0.5005208 0.42 0.49322918 0.42416668 0.4765625 0.43333334 0.3875 0.44583333 0.3125 0.455 0.30729166 0.4575 0.2984375 0.45166665 0.29375 0.44416666
14 0.40260416 0.36333334 0.38645834 0.37416667 0.37552083 0.3925 0.36979166 0.4025 0.31197917 0.455 0.4015625 0.44416666 0.42447916 0.44 0.4203125 0.42416668 0.409375 0.38 0.40520832 0.365
14 0.46979168 0.21416667 0.51666665 0.2425 0.5161458 0.26 0.5203125 0.275 0.51770836 0.2875 0.490625 0.425 0.47604167 0.43333334 0.43645832 0.43833333 0.44166666 0.41416666 0.47239584 0.26333332 0.47239584 0.25333333 0.46875 0.2225
14 0.52552086 0.2375 0.5796875 0.21833333 0.5828125 0.22166666 0.584375 0.22666667 0.58489585 0.24833333 0.5786458 0.26666668 0.5890625 0.33666667 0.6041667 0.47083333 0.5953125 0.4775 0.6067708 0.51 0.6109375 0.5366667 0.61614585 0.55583334 0.62135416 0.56666666 0.62395835 0.56666666 0.6234375 0.575 0.5989583 0.58416665 0.59583336 0.58166665 0.5875 0.5808333 0.5807292 0.58916664 0.5703125 0.5941667 0.565625 0.56666666 0.55833334 0.51416665 0.5442708 0.4125 0.53125 0.31333333 0.52916664 0.28916666 0.521875 0.275 0.515625 0.25916666 0.51666665 0.24416667 0.51927084 0.23916666
14 0.6375 0.23166667 0.61041665 0.24833333 0.59791666 0.25583333 0.590625 0.25583333 0.59479165 0.24833333 0.5890625 0.23416667 0.5854167 0.24833333 0.5807292 0.26833335 0.61510414 0.46916667 0.63385415 0.44666666 0.6588542 0.40916666 0.634375 0.25333333 0.63958335 0.23916666
14 0.72864586 0.30833334 0.7296875 0.3175 0.72447914 0.33166668 0.69427085 0.37166667 0.65520835 0.41583332 0.61510414 0.46916667 0.6010417 0.47333333 0.59479165 0.47833332 0.6067708 0.51166666 0.615625 0.53833336 0.6197917 0.5525 0.6197917 0.56 0.62291664 0.56666666 0.62916666 0.56333333 0.63697916 0.5491667 0.684375 0.4875 0.7578125 0.39416668 0.7661458 0.38583332 0.7578125 0.35166666 0.7395833 0.3075 0.7338542 0.30083334
14 0.68333334 0.54583335 0.6375 0.55 0.65520835 0.5275 0.6703125 0.5075 0.67395836 0.5125 0.67864585 0.5175 0.6791667 0.52916664 0.68177086 0.5375 0.6869792 0.5341667 0.6859375 0.54
14 0.038020834 0.43166667 0.0625 0.48916668 0.06875 0.50166667 0.08177083 0.50083333 0.15572916 0.46333334 0.184375 0.44583333 0.2640625 0.41 0.278125 0.4025 0.28020832 0.39333335 0.271875 0.37 0.26041666 0.35416666 0.26458332 0.335 0.26354167 0.32 0.25833333 0.31833333 0.24583334 0.33 0.078125 0.40083334 0.056770835 0.40833333 0.040104166 0.40166667 0.036979165 0.41916665
14 0.34635416 0.12833333 0.34635416 0.19 0.34322917 0.235 0.35208333 0.2425 0.36822918 0.22916667 0.4359375 0.2225 0.46875 0.22083333 0.4703125 0.21333334 0.4828125 0.22 0.54375 0.22 0.5463542 0.23083334 0.55104166 0.21083333 0.55677086 0.16666667 0.559375 0.11083333 0.54791665 0.12083333 0.5328125 0.1325 0.3984375 0.13833334 0.35885417 0.13583334 0.35260418 0.12416667
14 0.2109375 0.70916665 0.22239584 0.735 0.22708334 0.74583334 0.21979167 0.745 0.20989583 0.735 0.20677084 0.7225
