18 0.2953125 0.3225 0.35104167 0.25583333 0.353125 0.2575 0.371875 0.37083334 0.38125 0.42166665 0.38541666 0.44583333 0.39166668 0.49333334 0.3953125 0.5183333 0.40104166 0.52916664 0.4125 0.53583336 0.48697916 0.5058333 0.48802084 0.5108333 0.4875 0.5283333 0.45416668 0.57666665 0.40833333 0.6375 0.39583334 0.65416664 0.390625 0.655 0.40052083 0.6333333 0.40052083 0.6166667 0.39895833 0.6091667 0.39739582 0.60583335 0.36614582 0.57166666 0.35052082 0.5566667 0.3390625 0.5366667 0.3046875 0.4975 0.2984375 0.495 0.253125 0.40916666 0.24739583 0.39833334 0.24895833 0.37916666 0.2703125 0.3525
18 0.35989583 0.18916667 0.42708334 0.16416667 0.47083333 0.14833333 0.48333332 0.15583333 0.48854166 0.16666667 0.50625 0.30083334 0.50625 0.3425 0.5130208 0.37583333 0.51979166 0.39833334 0.534375 0.46 0.53541666 0.46916667 0.5260417 0.48666668 0.48541668 0.50666666 0.41302082 0.535 0.4015625 0.52916664 0.39427084 0.5183333 0.39114583 0.49083334 0.38645834 0.45333335 0.38385418 0.43416667 0.37395832 0.38 0.35208333 0.25416666 0.34635416 0.2225 0.3484375 0.21083333 0.3515625 0.20083334
18 0.49635416 0.15583333 0.53541666 0.16166666 0.59479165 0.16333333 0.60520834 0.18166667 0.60364586 0.30416667 0.6010417 0.355 0.5828125 0.37666667 0.57447916 0.38666666 0.5359375 0.38416666 0.515625 0.3825 0.5130208 0.37583333 0.50677085 0.34333333 0.50625 0.30083334 0.4890625 0.1675 0.484375 0.15666667
18 0.396875 0.14666666 0.4546875 0.15166667 0.4546875 0.15416667 0.38333333 0.17916666 0.38385418 0.16416667 0.390625 0.15416667
18 0.659375 0.20083334 0.728125 0.20416667 0.8276042 0.2025 0.8640625 0.20166667 0.87708336 0.2175 0.8776042 0.22833334 0.8734375 0.41083333 0.8671875 0.42416668 0.8567708 0.43333334 0.7338542 0.42333335 0.70729166 0.32666665 0.696875 0.29916668 0.690625 0.29166666 0.68177086 0.29 0.66614586 0.29916668 0.65052086 0.31583333 0.65208334 0.22083333 0.6557292 0.2125
18 0.73854166 0.5208333 0.76770836 0.53833336 0.8171875 0.5491667 0.8421875 0.555 0.8520833 0.5775 0.8510417 0.5833333 0.8442708 0.62166667 0.83958334 0.66583335 0.825 0.7708333 0.81145835 0.88 0.80104166 0.89666665 0.77916664 0.89416665 0.7171875 0.87166667 0.68333334 0.86083335 0.67604166 0.84583336 0.675 0.8358333 0.68645835 0.75416666 0.7125 0.70416665 0.7135417 0.6825 0.7114583 0.6766667 0.7015625 0.6625 0.70885414 0.6533333 0.7104167 0.61333334 0.7109375 0.5808333 0.71666664 0.5375 0.7234375 0.5275
18 0.553125 0.4875 0.60520834 0.55083334 0.6354167 0.5908333 0.67395836 0.6333333 0.70104164 0.6641667 0.7114583 0.675 0.7140625 0.6825 0.7125 0.7033333 0.65729165 0.81666666 0.64166665 0.8475 0.6302083 0.85333335 0.621875 0.84833336 0.58125 0.80083334 0.53020835 0.7425 0.46927083 0.67583334 0.465625 0.6666667 0.46458334 0.64666665 0.465625 0.6383333 0.5151042 0.52916664 0.534375 0.48833334 0.5416667 0.48666668
18 0.38020834 0.6766667 0.4140625 0.67333335 0.43489584 0.665 0.4640625 0.6566667 0.465625 0.66583335 0.46875 0.67333335 0.51145834 0.72333336 0.5796875 0.7975 0.58177084 0.8066667 0.58385414 0.84 0.5776042 0.8591667 0.56822914 0.86833334 0.5609375 0.86833334 0.54791665 0.87166667 0.51979166 0.87666667 0.44947916 0.87916666 0.44427082 0.8808333 0.4390625 0.8875 0.40833333 0.8958333 0.38854167 0.905 0.38125 0.9058333 0.37135416 0.8975 0.365625 0.8858333 0.3609375 0.8566667 0.3515625 0.7341667 0.3546875 0.72833335 0.3765625 0.6791667
18 0.18697916 0.80916667 0.240625 0.8725 0.265625 0.89916664 0.27760416 0.89916664 0.28333333 0.89166665 0.315625 0.81916666 0.35260418 0.7325 0.37708333 0.68 0.390625 0.655 0.40052083 0.6333333 0.40052083 0.6175 0.3984375 0.6075 0.38020834 0.5875 0.35104167 0.5575 0.34010416 0.53833336 0.3046875 0.4975 0.29739583 0.495 0.2875 0.49833333 0.27760416 0.5183333 0.26041666 0.55833334 0.23697917 0.6041667 0.18958333 0.705 0.16979167 0.74583334 0.16510417 0.7558333 0.16302083 0.76666665 0.165625 0.78333336 0.16875 0.7891667
18 0.5755208 0.42 0.58020836 0.43666667 0.6171875 0.54333335 0.63489586 0.5908333 0.63645834 0.5908333 0.66614586 0.62583333 0.7015625 0.66333336 0.709375 0.6533333 0.70989585 0.6166667 0.7109375 0.5833333 0.7161458 0.5391667 0.72291666 0.5283333 0.73802084 0.5208333 0.7671875 0.5375 0.77552086 0.54 0.7473958 0.46833333 0.7416667 0.455 0.73333335 0.4225 0.71197915 0.34333333 0.7078125 0.32833335 0.6979167 0.30083334 0.69166666 0.2925 0.6822917 0.29 0.6666667 0.29833335 0.65 0.31583333 0.61875 0.34166667 0.60729164 0.3525 0.60052085 0.35666665 0.5755208 0.385 0.571875 0.40333334 0.5734375 0.41166666
18 0.14375 0.22916667 0.15833333 0.22333333 0.17552084 0.22333333 0.20052083 0.2375 0.2015625 0.21833333 0.25 0.19416666 0.25989583 0.19833334 0.2671875 0.20833333 0.28541666 0.3225 0.28645834 0.3325 0.24895833 0.37833333 0.246875 0.39666668 0.2515625 0.40666667 0.2859375 0.47333333 0.29791668 0.495 0.2875 0.49833333 0.27552083 0.5225 0.259375 0.56 0.19270833 0.5808333 0.18333334 0.5833333 0.17239584 0.5708333 0.16979167 0.5575 0.1515625 0.41 0.1390625 0.28166667 0.13697916 0.24083333
