21 0.26927084 0.7683333 0.23645833 0.82666665 0.234375 0.84166664 0.24375 0.86833334 0.2640625 0.88666666 0.278125 0.88666666 0.29947916 0.87916666 0.32291666 0.8883333 0.3390625 0.9141667 0.35416666 0.915 0.3609375 0.89916664 0.35989583 0.8775 0.35364583 0.75333333 0.3421875 0.70916665 0.34479168 0.7025 0.3578125 0.7 0.38125 0.6766667 0.39947918 0.5708333 0.3953125 0.55083334 0.38333333 0.53833336 0.3109375 0.50166667 0.25989583 0.47583333 0.24375 0.48583335 0.24114583 0.495 0.23229167 0.5675 0.24114583 0.63416666 0.24114583 0.68916667 0.26666668 0.7558333
21 0.091145836 0.6141667 0.20052083 0.535 0.22604166 0.5133333 0.234375 0.52666664 0.23541667 0.5275 0.23229167 0.56916666 0.24166666 0.63666666 0.24166666 0.69166666 0.2578125 0.735 0.25989583 0.7425 0.18125 0.80333334 0.1296875 0.83166665 0.096875 0.8541667 0.07447917 0.88166666 0.0 0.97 0.0 0.6666667
21 0.06875 0.5775 0.096875 0.6091667 0.094791666 0.6116667 0.0 0.66583335 0.057291668 0.5758333 0.06458333 0.57416666
21 0.25989583 0.3675 0.29322916 0.41083333 0.3359375 0.47916666 0.35677084 0.52416664 0.35677084 0.525 0.26302084 0.4775 0.26041666 0.47583333 0.24895833 0.4825 0.21770833 0.47416666 0.21979167 0.39916667 0.21927084 0.39 0.23229167 0.39666668 0.24427083 0.37083334 0.25260416 0.36666667
21 0.409375 0.6025 0.44947916 0.7291667 0.4421875 0.75416666 0.35677084 0.81583333 0.35364583 0.75166667 0.3421875 0.70916665 0.3453125 0.7025 0.359375 0.7 0.38125 0.6766667 0.396875 0.5875
21 0.484375 0.48083332 0.5182292 0.5366667 0.521875 0.5516667 0.5203125 0.56916666 0.51354164 0.5758333 0.46354166 0.65166664 0.43697917 0.68833333 0.40989584 0.6041667 0.396875 0.58666664 0.39947918 0.5708333 0.39583334 0.55083334 0.384375 0.53833336 0.3578125 0.52416664 0.334375 0.47583333 0.32604167 0.46333334 0.2875 0.40416667 0.2609375 0.36833334 0.25364584 0.3675 0.2421875 0.345 0.234375 0.345 0.234375 0.33666667 0.24114583 0.31833333 0.27395833 0.26916668 0.29895833 0.25916666 0.31979167 0.19833334 0.328125 0.185 0.34270832 0.19083333 0.42395833 0.37416667 0.45104167 0.44666666 0.46927083 0.46416667
21 0.8515625 0.50666666 0.89270836 0.54083335 0.9192708 0.5858333 0.9203125 0.6041667 0.9135417 0.6116667 0.8411458 0.68083334 0.7973958 0.7608333 0.78229165 0.765 0.7447917 0.7108333 0.7296875 0.65833336 0.7109375 0.5733333 0.7171875 0.53333336 0.70989585 0.5225 0.6947917 0.54 0.66510415 0.56166667 0.6536458 0.5625 0.646875 0.54583335 0.6734375 0.4475 0.678125 0.445 0.7421875 0.475 0.7651042 0.48083332 0.7942708 0.46833333 0.8140625 0.5025 0.83125 0.53333336 0.8489583 0.5316667 0.8463542 0.505
21 0.675 0.16083333 0.7416667 0.22 0.790625 0.31666666 0.79322916 0.32333332 0.8296875 0.3025 0.85364586 0.31 0.8625 0.325 0.8640625 0.34166667 0.8520833 0.38333333 0.8432292 0.45333335 0.84583336 0.50416666 0.8484375 0.5316667 0.8307292 0.5325 0.7942708 0.4675 0.7640625 0.48083332 0.7421875 0.475 0.6765625 0.445 0.59479165 0.38166666 0.58697915 0.36583334 0.596875 0.32416666 0.65520835 0.17 0.66302085 0.16
21 0.71302086 0.9058333 0.77708334 0.9225 0.79583335 0.925 0.7953125 0.9116667 0.815625 0.8566667 0.82395834 0.8491667 0.83489585 0.8541667 0.83489585 0.87416667 0.8677083 1.0 0.71302086 1.0 0.70416665 0.92583334 0.70677084 0.9141667
21 0.18489583 0.8025 0.196875 0.8066667 0.21614583 0.81 0.23541667 0.825 0.234375 0.8433333 0.24322917 0.8691667 0.2640625 0.8883333 0.2390625 0.94083333 0.23333333 0.9633333 0.21197917 0.99916667 0.13489583 1.0 0.1125 0.93666667 0.077083334 0.88 0.096354164 0.85583335 0.12708333 0.8325 0.17135416 0.80833334
