20 0.7552083 0.061666667 0.721875 0.08833333 0.70104164 0.12083333 0.675 0.155 0.64427084 0.1875 0.6791667 0.29583332 0.7125 0.4075 0.73541665 0.48833334 0.7484375 0.56416667 0.759375 0.615 0.78229165 0.6816667 0.8421875 0.655 0.90729165 0.60333335 0.91197914 0.5825 0.90416664 0.5441667 0.875 0.43333334
20 0.8703125 0.23416667 0.84739584 0.23666666 0.83385414 0.22916667 0.8098958 0.23083334 0.87604165 0.43666667 0.89166665 0.49666667 0.8984375 0.44666666 0.9114583 0.4 0.9166667 0.3575 0.91302085 0.33083335 0.88645834 0.28333333 0.8723958 0.23416667
20 0.10885417 0.6375 0.0515625 0.73333335 0.008854167 0.79 0.0067708334 0.81166667 0.014583333 0.8325 0.079166666 0.9033333 0.1296875 0.9633333 0.14114584 0.9683333 0.14895834 0.9575 0.20208333 0.82 0.22916667 0.77666664 0.2546875 0.715 0.25625 0.68916667 0.23958333 0.6275 0.2578125 0.5941667 0.31875 0.52166665 0.34322917 0.48666668 0.3234375 0.455 0.25625 0.35833332 0.21979167 0.3225 0.20677084 0.33333334 0.1640625 0.41833332 0.13958333 0.50083333 0.1265625 0.56333333 0.13541667 0.5966667
20 0.53802085 0.83416665 0.52239585 0.82416666 0.46822917 0.8075 0.3859375 0.77416664 0.33645833 0.74833333 0.28385416 0.73 0.25260416 0.7191667 0.22916667 0.77666664 0.20208333 0.82 0.1578125 0.93333334 0.153125 0.9458333 0.18385416 0.96166664 0.2609375 0.9866667 0.31458333 1.0 0.53333336 1.0 0.53541666 0.9583333 0.52760416 0.925 0.53697914 0.86833334 0.5463542 0.84166664
20 0.7270833 0.5541667 0.72083336 0.5541667 0.68333334 0.57916665 0.65520835 0.6066667 0.6479167 0.61333334 0.6145833 0.6475 0.59947914 0.67333335 0.5875 0.725 0.57604164 0.7583333 0.5630208 0.77916664 0.5265625 0.775 0.496875 0.77416664 0.46666667 0.79 0.4546875 0.8016667 0.51145834 0.8208333 0.5234375 0.825 0.546875 0.84 0.54583335 0.8433333 0.5364583 0.8691667 0.5286458 0.925 0.53541666 0.96 0.5338542 1.0 0.55 0.93583333 0.62708336 0.915 0.6802083 0.83 0.8 0.75416666 0.80572915 0.7391667 0.79895836 0.7291667 0.7494792 0.5858333 0.734375 0.55833334
20 0.88177085 0.665 0.7875 0.6975 0.79791665 0.7266667 0.8052083 0.74 0.8 0.75333333 0.74322915 0.79 0.775 0.915 0.7875 0.97 0.7984375 1.0 0.9557292 1.0 0.92604166 0.94916666 0.91770834 0.8975 0.9135417 0.87333333 0.9010417 0.7441667 0.88645834 0.67583334
20 0.909375 0.75333333 0.91041666 0.6716667 0.90260416 0.6075 0.8442708 0.6533333 0.78229165 0.68083334 0.7875 0.69666666 0.88177085 0.6641667 0.88697916 0.675 0.90052086 0.74583334 0.9135417 0.875 0.9114583 0.7675
20 0.09010417 0.2 0.08229167 0.19583334 0.06822917 0.205 0.028125 0.35333332 0.030729167 0.37083334 0.0984375 0.45583335 0.13802083 0.5 0.1640625 0.41916665 0.20625 0.3325 0.21666667 0.32583332 0.18854167 0.28416666 0.118229166 0.22
20 0.42760417 0.41333333 0.42135417 0.39666668 0.39010417 0.37666667 0.35989583 0.36916667 0.325 0.37833333 0.28229168 0.395 0.32447916 0.45666668 0.34322917 0.485 0.3171875 0.5233333 0.27760416 0.56916666 0.35520834 0.5966667 0.37083334 0.605 0.39114583 0.61833334 0.39739582 0.61 0.40885416 0.525 0.42604166 0.45083332 0.43020833 0.425
20 0.6567708 0.23 0.60364586 0.1825 0.5755208 0.14916667 0.55833334 0.14416666 0.5463542 0.15166667 0.51197916 0.26833335 0.5125 0.29583332 0.50989586 0.32333332 0.47916666 0.40916666 0.4421875 0.48666668 0.40260416 0.56333333 0.39739582 0.6091667 0.39114583 0.61833334 0.3859375 0.61833334 0.37239584 0.6483333 0.378125 0.6725 0.47083333 0.76916665 0.484375 0.7783333 0.49739584 0.7733333 0.509375 0.775 0.553125 0.66583335 0.5890625 0.535 0.6234375 0.44583333 0.66822916 0.2975 0.67552084 0.28416666
20 0.36979166 0.07416666 0.2953125 0.1275 0.23385416 0.1975 0.2234375 0.215 0.24270834 0.235 0.278125 0.2975 0.31822917 0.37916666 0.32708332 0.37833333 0.359375 0.36833334 0.38958332 0.37583333 0.4203125 0.39583334 0.42604166 0.40916666 0.43020833 0.42416668 0.42604166 0.4525 0.40833333 0.5258333 0.40364584 0.56083333 0.46145833 0.44666666 0.48020834 0.4075 0.50364584 0.34 0.46614584 0.305 0.41979167 0.19083333 0.38072917 0.09833334 0.37291667 0.083333336
20 0.9046875 0.0058333334 0.909375 0.0 0.9760417 0.0 0.95520836 0.095 0.95104164 0.10166667 0.9609375 0.16916667 0.98125 0.23 0.9869792 0.24 1.0 0.245 1.0 0.45 0.96979165 0.41583332 0.93854165 0.37416667 0.9109375 0.325 0.88645834 0.2825 0.8671875 0.2175 0.846875 0.16916667 0.83958334 0.13583334 0.8463542 0.1125 0.865625 0.07 0.89739585 0.015833333
