9 0.24583334 0.35666665 0.23697917 0.3525 0.23333333 0.375 0.23854166 0.37166667 0.24270834 0.36666667 0.24583334 0.35916665
9 0.26302084 0.32 0.25364584 0.3175 0.246875 0.3525 0.24635416 0.3575 0.25520834 0.33583334 0.26197916 0.3225
9 0.334375 0.34666666 0.31354168 0.3225 0.2953125 0.30333334 0.27708334 0.28666666 0.26510417 0.31333333 0.26145834 0.32416666 0.25520834 0.33666667 0.246875 0.35583332 0.2453125 0.36083335 0.24322917 0.3675 0.25052083 0.35833332 0.25364584 0.3575 0.26666668 0.35416666 0.2953125 0.34833333 0.32760417 0.3475 0.33385417 0.34666666
9 0.3359375 0.34666666 0.33854166 0.34333333 0.34947917 0.34166667 0.37604168 0.3475 0.4078125 0.35916665 0.4125 0.36166668 0.40520832 0.41833332 0.396875 0.40916666 0.3859375 0.40083334 0.36927083 0.38416666 0.36927083 0.3725 0.3671875 0.34833333 0.36458334 0.34833333 0.34739584 0.3475 0.34583333 0.3475 0.33958334 0.34666666 0.3375 0.34666666
9 0.29947916 0.6308333 0.32291666 0.6566667 0.34739584 0.67583334 0.35989583 0.6958333 0.38177082 0.7266667 0.39010417 0.7083333 0.40729168 0.6616667 0.41927084 0.62 0.4375 0.5875 0.44479167 0.56 0.45104167 0.5416667 0.47760418 0.47833332 0.45364583 0.45333335 0.43541667 0.43916667 0.4203125 0.43333334 0.40572917 0.42083332 0.40416667 0.4175 0.39583334 0.40833333 0.390625 0.405 0.38489583 0.4 0.36927083 0.385 0.3703125 0.43333334 0.37135416 0.46333334 0.37239584 0.48083332 0.37083334 0.54583335 0.37083334 0.55 0.36666667 0.5975 0.365625 0.61083335 0.36510417 0.6166667 0.36458334 0.6325 0.340625 0.63166666 0.30989584 0.63 0.29895833 0.63
9 0.39635417 0.69166666 0.42447916 0.69916666 0.42760417 0.68583333 0.43541667 0.6558333 0.43802083 0.6358333 0.44479167 0.58916664 0.45104167 0.5466667 0.4515625 0.5416667 0.44583333 0.5575 0.4453125 0.56 0.4390625 0.5825 0.4375 0.5875 0.42447916 0.6116667 0.41927084 0.62083334 0.40989584 0.6525 0.40729168 0.6616667 0.3984375 0.685
9 0.40677083 0.42083332 0.42395833 0.425 0.45260417 0.42916667 0.46510416 0.4325 0.465625 0.43416667 0.46302083 0.4625 0.453125 0.4525 0.44010416 0.4425 0.43541667 0.43833333 0.4203125 0.43333334 0.40729168 0.4225
9 0.2046875 0.63416666 0.20052083 0.63416666 0.20104167 0.62666667 0.2046875 0.6275
9 0.19479166 0.6816667 0.209375 0.68833333 0.22552083 0.69166666 0.24583334 0.69916666 0.27604166 0.71416664 0.3265625 0.73083335 0.353125 0.7366667 0.37395832 0.7441667 0.37604168 0.72 0.37291667 0.7158333 0.359375 0.6958333 0.34635416 0.675 0.321875 0.6575 0.29791668 0.63 0.259375 0.62833333 0.20572917 0.62666667 0.2046875 0.635 0.19947916 0.66333336 0.19583334 0.67833334
9 0.19739583 0.4125 0.16197917 0.40916666 0.153125 0.40833333 0.15260416 0.41833332 0.14479166 0.4475 0.13541667 0.45916668 0.1296875 0.46166667 0.12864584 0.4775 0.13072917 0.50333333 0.1328125 0.5283333 0.1359375 0.54333335 0.13958333 0.55333334 0.14114584 0.5833333 0.14375 0.63 0.1609375 0.6275 0.2015625 0.62666667 0.26510417 0.62833333 0.3203125 0.63 0.36458334 0.6325 0.36510417 0.6166667 0.36666667 0.5966667 0.37083334 0.5491667 0.371875 0.47833332 0.37083334 0.45916668 0.36875 0.37083334 0.36666667 0.34833333 0.346875 0.34833333 0.3390625 0.3475 0.29583332 0.34916666 0.2640625 0.355 0.25052083 0.35833332 0.23854166 0.3725 0.22135417 0.38333333
