18 0.14427084 0.905 0.1203125 0.9058333 0.116145834 0.9075 0.106770836 0.9 0.104166664 0.8883333 0.10520833 0.7575 0.104166664 0.6641667 0.104166664 0.58166665 0.103125 0.5625 0.10520833 0.5541667 0.111979164 0.545 0.13177083 0.54333335 0.15625 0.5466667 0.2265625 0.5475 0.2375 0.5491667 0.24322917 0.55833334 0.24583334 0.5683333 0.24322917 0.6425 0.23802084 0.6766667 0.23489584 0.6958333 0.23645833 0.72083336 0.24739583 0.7583333 0.24947916 0.8016667 0.25052083 0.8808333 0.24427083 0.89416665 0.23958333 0.8983333 0.2140625 0.90166664
18 0.43385416 0.4775 0.36927083 0.45666668 0.34947917 0.4525 0.321875 0.44666666 0.26822916 0.43416667 0.25 0.43 0.24427083 0.425 0.234375 0.42666668 0.22916667 0.4325 0.2234375 0.445 0.21927084 0.5225 0.23020834 0.5375 0.22708334 0.5475 0.2375 0.5491667 0.2421875 0.5566667 0.24479167 0.5683333 0.24427083 0.6433333 0.25625 0.6508333 0.3765625 0.69666666 0.40364584 0.705 0.4109375 0.7033333 0.41875 0.68916667 0.43854168 0.5375 0.44375 0.50083333 0.44114584 0.49
18 0.31927082 0.4275 0.3109375 0.41083333 0.28385416 0.35583332 0.28177083 0.3375 0.28541666 0.32416666 0.30364582 0.31 0.36197916 0.22833334 0.38020834 0.20916666 0.39114583 0.2125 0.396875 0.21916667 0.42708334 0.2825 0.48333332 0.3975 0.5140625 0.45916668 0.51666665 0.47666666 0.5104167 0.49666667 0.43125 0.5925 0.44427082 0.50083333 0.4421875 0.49083334 0.43541667 0.4775 0.35989583 0.455 0.33072916 0.4475 0.32708332 0.435
18 0.64270836 0.245 0.6020833 0.27916667 0.5578125 0.31916666 0.54114586 0.33083335 0.51458335 0.355 0.49635416 0.37 0.47708333 0.38416666 0.51458335 0.45916668 0.5171875 0.47583333 0.5104167 0.49583334 0.49479166 0.51666665 0.51770836 0.5875 0.52135414 0.5941667 0.52708334 0.57 0.5317708 0.56333333 0.5890625 0.5325 0.60520834 0.52166665 0.60364586 0.5058333 0.61041665 0.48416665 0.68333334 0.3475 0.6890625 0.34666666 0.66041666 0.25166667 0.64947915 0.24333334
18 0.6765625 0.20833333 0.65729165 0.24916667 0.65989584 0.25083333 0.6890625 0.34583333 0.69895834 0.34833333 0.70625 0.355 0.7494792 0.42083332 0.76979166 0.45166665 0.79322916 0.4875 0.8109375 0.50916666 0.828125 0.4675 0.83802086 0.43916667 0.8484375 0.41583332 0.846875 0.39833334 0.8411458 0.38166666 0.8197917 0.3575 0.790625 0.32166666 0.75572914 0.28333333 0.74791664 0.28 0.73854166 0.26916668 0.72760415 0.25166667 0.6979167 0.21833333 0.690625 0.20666666 0.68385416 0.20666666 0.6791667 0.20583333
18 0.62604165 0.55083334 0.60625 0.5233333 0.60364586 0.50666666 0.6098958 0.48416665 0.68333334 0.3475 0.69114584 0.34833333 0.69895834 0.34833333 0.70729166 0.355 0.76458335 0.44416666 0.79010415 0.48416665 0.81458336 0.5158333 0.84010416 0.55 0.84270835 0.55833334 0.8432292 0.575 0.83020836 0.6025 0.7994792 0.66583335 0.7682292 0.72 0.759375 0.725 0.75104165 0.72333336 0.7348958 0.7033333 0.71510416 0.67 0.69947916 0.6475 0.64375 0.575 0.6359375 0.56416667
18 0.5442708 0.6983333 0.53802085 0.6691667 0.52552086 0.6066667 0.521875 0.5908333 0.5265625 0.57 0.5317708 0.5625 0.5911458 0.5316667 0.60520834 0.52166665 0.67291665 0.6125 0.6859375 0.6816667 0.6901042 0.70916665 0.690625 0.73333335 0.70104164 0.7733333 0.70885414 0.80833334 0.7078125 0.8225 0.7057292 0.83416665 0.7015625 0.8408333 0.6645833 0.8625 0.6645833 0.8175 0.65989584 0.725 0.65520835 0.7025 0.6489583 0.695 0.61041665 0.695 0.5598958 0.69916666 0.55052084 0.7008333
18 0.27864584 0.745 0.27708334 0.7341667 0.278125 0.72083336 0.28020832 0.7108333 0.3046875 0.6691667 0.3703125 0.695 0.4015625 0.705 0.41041666 0.7033333 0.41927084 0.69083333 0.43177083 0.59166664 0.475 0.5416667 0.51875 0.6066667 0.5203125 0.6125 0.5208333 0.62416667 0.5203125 0.635 0.5046875 0.6625 0.43125 0.78583336 0.39583334 0.8475 0.38072917 0.87333333 0.37552083 0.8775 0.36822918 0.87666667 0.36145833 0.87416667 0.3453125 0.8441667 0.32864583 0.8175 0.31927082 0.8 0.30416667 0.77916664
18 0.665625 0.87666667 0.66614586 0.9066667 0.66197914 0.9175 0.6546875 0.9275 0.63125 0.93 0.5729167 0.93083334 0.54322916 0.93 0.51770836 0.93 0.50104165 0.93083334 0.48645833 0.935 0.45885417 0.9375 0.45364583 0.93416667 0.44583333 0.9225 0.43854168 0.7758333 0.43802083 0.775 0.48020834 0.705 0.5473958 0.7008333 0.55052084 0.70166665 0.5671875 0.69916666 0.6098958 0.6958333 0.64947915 0.6958333 0.6557292 0.7033333 0.659375 0.725 0.66510415 0.81916666 0.66510415 0.86083335
18 0.13020833 0.5416667 0.12864584 0.45833334 0.13229166 0.4175 0.1296875 0.40416667 0.1265625 0.39166668 0.121875 0.28833333 0.125 0.2725 0.13125 0.2625 0.1390625 0.25916666 0.24375 0.2475 0.25520834 0.25083333 0.26302084 0.25833333 0.2671875 0.27 0.26822916 0.34333333 0.2703125 0.39916667 0.2703125 0.43416667 0.25104168 0.43 0.24270834 0.425 0.234375 0.42666668 0.22708334 0.43416667 0.2234375 0.44416666 0.21927084 0.5225 0.2296875 0.5375 0.2265625 0.5466667 0.1546875 0.54583335
