9 0.42135417 0.7425 0.44270834 0.7658333 0.44583333 0.7725 0.42916667 0.7991667 0.42239583 0.75166667
9 0.15989584 0.6875 0.2046875 0.61333334 0.28177083 0.5075 0.284375 0.5058333 0.29791668 0.5308333 0.31666666 0.5708333 0.32395834 0.57916665 0.35208333 0.63416666 0.3671875 0.6591667 0.3296875 0.68416667 0.29791668 0.7058333 0.28020832 0.7183333 0.25572917 0.73 0.22708334 0.7558333 0.24270834 0.80833334 0.2296875 0.795 0.22135417 0.77916664 0.20052083 0.75333333 0.190625 0.7341667 0.19166666 0.7291667 0.18958333 0.72833335 0.18697916 0.73083335 0.16197917 0.6925
9 0.16458334 0.6983333 0.17239584 0.7175 0.17604166 0.71416664 0.16458334 0.6975
9 0.28489584 0.29166666 0.2765625 0.2975 0.24114583 0.33916667 0.2375 0.34416667 0.22239584 0.35833332 0.17552084 0.40583333 0.16197917 0.4225 0.13072917 0.44916666 0.12864584 0.4575 0.125 0.45333335 0.080729164 0.48833334 0.108333334 0.56166667 0.14010416 0.63666666 0.1609375 0.68583333 0.20520833 0.61333334 0.28229168 0.5075 0.28385416 0.5058333 0.3 0.5341667 0.3171875 0.5708333 0.32083333 0.57416666 0.36354166 0.52916664 0.37708333 0.51416665 0.35572916 0.46916667 0.3515625 0.45 0.33229166 0.40166667 0.29947916 0.31666666 0.29010418 0.29916668
9 0.35989583 0.42333335 0.4078125 0.4525 0.44791666 0.48333332 0.47708333 0.49833333 0.50104165 0.51416665 0.5307292 0.52666664 0.53229165 0.5341667 0.53802085 0.5283333 0.5796875 0.5516667 0.5619792 0.6383333 0.5395833 0.71666664 0.53489584 0.755 0.52708334 0.80083334 0.48385417 0.7775 0.48385417 0.77166665 0.48072916 0.77416664 0.4265625 0.7416667 0.41979167 0.73833334 0.396875 0.64666665 0.38177082 0.65166664 0.36770833 0.6591667 0.35052082 0.6325 0.32395834 0.58 0.3203125 0.57416666 0.3765625 0.51416665 0.35572916 0.47083333 0.35260418 0.45
9 0.6328125 0.2625 0.6578125 0.31583333 0.67552084 0.3425 0.690625 0.3775 0.6958333 0.39166668 0.68177086 0.41 0.67864585 0.43083334 0.6645833 0.47083333 0.65729165 0.5133333 0.6390625 0.56416667 0.6354167 0.58416665 0.5921875 0.6425 0.55833334 0.69083333 0.55104166 0.6791667 0.5625 0.6375 0.5796875 0.55083334 0.53802085 0.52916664 0.53333336 0.5341667 0.53020835 0.5258333 0.4984375 0.5133333 0.46875 0.49416667 0.45 0.48416665 0.45885417 0.47 0.53541666 0.38333333 0.6015625 0.30166668 0.60364586 0.30583334 0.6041667 0.29833335 0.62916666 0.26416665
9 0.52239585 0.12416667 0.53333336 0.13333334 0.5541667 0.15666667 0.5671875 0.16916667 0.5854167 0.20416667 0.60833335 0.22916667 0.6145833 0.24833333 0.6276042 0.265 0.60520834 0.2975 0.60364586 0.30583334 0.6015625 0.3025 0.55572915 0.35833332 0.5083333 0.415 0.4609375 0.4675 0.45052084 0.48416665 0.43958333 0.4675 0.4234375 0.4525 0.40833333 0.44166666 0.38489583 0.415 0.40833333 0.37083334 0.41302082 0.37416667 0.41041666 0.36666667 0.43333334 0.32333332 0.453125 0.285 0.4640625 0.25083333 0.49791667 0.1725 0.51927084 0.12583333
9 0.63958335 0.275 0.65052086 0.28583333 0.6484375 0.29 0.646875 0.29166666 0.6390625 0.27666667
9 0.94166666 0.5058333 0.97760415 0.6225 0.98125 0.6508333 1.0 0.6958333 1.0 0.8725 0.99375 0.87916666 0.9947917 0.89 0.97291666 0.9125 0.9328125 0.95916665 0.92552084 0.9675 0.90208334 0.8975 0.90208334 0.8925 0.89739585 0.8691667 0.88958335 0.8466667 0.87864584 0.82916665 0.8588542 0.79583335 0.84166664 0.7525 0.83385414 0.7291667 0.8203125 0.7058333 0.803125 0.67 0.8442708 0.6 0.878125 0.5975 0.8828125 0.5975 0.8776042 0.555 0.94166666 0.50333333
9 0.87708336 0.55 0.8833333 0.59833336 0.8442708 0.6 0.87083334 0.5566667
9 0.9760417 0.54583335 0.95520836 0.5466667 0.95416665 0.5466667 0.9421875 0.50666666 0.94166666 0.5025 0.8776042 0.55583334 0.87604165 0.54833335 0.90208334 0.50916666 0.90833336 0.49916667 0.90625 0.49083334 0.90989584 0.4925 0.9390625 0.4475 0.93854165 0.44166666 0.90208334 0.3825 0.88385415 0.36416668 0.8697917 0.36083335 0.86614585 0.35416666 0.86302084 0.2875 0.85729164 0.21833333 0.85729164 0.19 0.91979164 0.18833333 0.92760414 0.19333333 1.0 0.19166666 1.0 0.545
9 0.8286458 0.26083332 0.7984375 0.30833334 0.79791665 0.31333333 0.79479164 0.3125 0.734375 0.405 0.7171875 0.43 0.67760414 0.48166665 0.66041666 0.5083333 0.6713542 0.5308333 0.6901042 0.5575 0.70104164 0.58 0.7125 0.61 0.7338542 0.645 0.7640625 0.6925 0.778125 0.71416664 0.80260414 0.6725 0.84479165 0.6 0.87135416 0.5541667 0.8765625 0.55 0.90833336 0.5 0.9067708 0.49 0.91041666 0.49166667 0.9390625 0.44666666 0.9390625 0.44333333 0.903125 0.385 0.88385415 0.36333334 0.8697917 0.36083335 0.865625 0.3575 0.8578125 0.3325 0.846875 0.29583332 0.83177084 0.26416665
9 0.69375 0.26833335 0.71197915 0.26583335 0.73541665 0.26 0.79895836 0.255 0.8588542 0.245 0.8619792 0.27833334 0.86354166 0.35166666 0.84739584 0.29583332 0.83229166 0.26416665 0.82916665 0.26083332 0.7973958 0.31166667 0.7963542 0.31333333 0.7942708 0.31333333 0.71458334 0.43416667 0.7109375 0.3925 0.70989585 0.37083334 0.7026042 0.3425 0.69322914 0.27166668
9 0.396875 0.6475 0.42239583 0.75166667 0.43020833 0.8075 0.44791666 0.87 0.46302083 0.91833335 0.4609375 0.9241667 0.4671875 0.92583334 0.48385417 0.9775 0.45572916 1.0 0.3015625 1.0 0.28333333 0.93333334 0.26145834 0.865 0.234375 0.7816667 0.2265625 0.7558333 0.25677082 0.7291667 0.28020832 0.7183333 0.2984375 0.705 0.31822917 0.6933333 0.35729167 0.66583335 0.38072917 0.6525
