18 0.0921875 0.3775 0.15520833 0.3325 0.19010417 0.30916667 0.21354167 0.28833333 0.25260416 0.25416666 0.2625 0.24583334 0.26979166 0.24916667 0.27760416 0.25416666 0.27916667 0.2625 0.259375 0.2675 0.25572917 0.27083334 0.24895833 0.28333333 0.24791667 0.28916666 0.24947916 0.30666667 0.25416666 0.34666666 0.2609375 0.39416668 0.265625 0.43666667 0.26927084 0.47666666 0.271875 0.4925 0.24895833 0.51166666 0.23697917 0.5208333 0.17239584 0.57166666 0.14479166 0.5925 0.13541667 0.59 0.12760417 0.58416665 0.12447917 0.57416666 0.11145833 0.52916664 0.098958336 0.4875 0.08385417 0.43833333 0.077083334 0.41416666 0.0765625 0.40333334 0.0796875 0.39416668 0.0828125 0.38416666
18 0.28072917 0.26 0.3671875 0.23916666 0.3765625 0.2375 0.38333333 0.24166666 0.39010417 0.2525 0.39375 0.28166667 0.39479166 0.315 0.39375 0.3325 0.38854167 0.34 0.38489583 0.34333333 0.371875 0.3775 0.36041668 0.41166666 0.36145833 0.42083332 0.36302084 0.43083334 0.36875 0.43833333 0.4125 0.47083333 0.41822916 0.5225 0.41875 0.5325 0.41458333 0.5366667 0.409375 0.5425 0.40572917 0.5475 0.40260416 0.55833334 0.39947918 0.5933333 0.3484375 0.60583335 0.29010418 0.61833334 0.28385416 0.615 0.2796875 0.60833335 0.27708334 0.5991667 0.27552083 0.5833333 0.27552083 0.53583336 0.275 0.51 0.27135417 0.49166667 0.26927084 0.47333333 0.25989583 0.38333333 0.2484375 0.29416665 0.2484375 0.29083332 0.25 0.28166667 0.25677082 0.2675 0.25989583 0.26666668
18 0.4109375 0.245 0.46822917 0.2725 0.5 0.28916666 0.60364586 0.35416666 0.60729164 0.36166668 0.6098958 0.375 0.6088542 0.38416666 0.5885417 0.46583334 0.5671875 0.5541667 0.5619792 0.5625 0.55572915 0.56666666 0.54895836 0.56666666 0.53333336 0.555 0.46822917 0.51166666 0.41302082 0.47083333 0.36875 0.43916667 0.36302084 0.43 0.35989583 0.41 0.38541666 0.34333333 0.39375 0.33333334 0.39479166 0.3175 0.39427084 0.2925 0.396875 0.26666668 0.39947918 0.25583333 0.40520832 0.24833333
18 0.421875 0.5341667 0.47604167 0.5441667 0.49791667 0.54833335 0.534375 0.55583334 0.54114586 0.56166667 0.5463542 0.57166666 0.54583335 0.5858333 0.5375 0.69416666 0.53333336 0.74333334 0.52760416 0.77916664 0.52708334 0.81 0.528125 0.8433333 0.52708334 0.8808333 0.51979166 0.8958333 0.5109375 0.9033333 0.5052083 0.90416664 0.45833334 0.89416665 0.40416667 0.88666666 0.3953125 0.8808333 0.38958332 0.8725 0.38541666 0.8591667 0.38645834 0.8333333 0.42916667 0.795 0.43177083 0.7866667 0.43385416 0.775 0.4328125 0.7658333 0.41354167 0.72083336 0.40364584 0.705 0.39895833 0.69083333 0.39583334 0.67583334 0.39947918 0.59583336 0.40208334 0.56416667 0.403125 0.5525 0.40677083 0.545 0.4171875 0.5341667
18 0.44114584 0.52166665 0.44114584 0.51166666 0.44322917 0.50166667 0.44635418 0.49583334 0.5317708 0.5541667 0.525 0.5541667 0.44791666 0.53833336
18 0.7104167 0.72583336 0.71510416 0.7366667 0.7171875 0.7608333 0.725 0.83416665 0.73072916 0.8775 0.73333335 0.9175 0.73020834 0.9275 0.72291666 0.93833333 0.70520836 0.945 0.68854165 0.9458333 0.675 0.945 0.66614586 0.945 0.6557292 0.9458333 0.6453125 0.9508333 0.6354167 0.9583333 0.62708336 0.96416664 0.6119792 0.9675 0.5796875 0.98083335 0.5453125 0.99333334 0.53541666 0.9941667 0.528125 0.9891667 0.52135414 0.9791667 0.51770836 0.9658333 0.5109375 0.9033333 0.51979166 0.8958333 0.52708334 0.8808333 0.5286458 0.8425 0.52708334 0.805 0.528125 0.7808333 0.53020835 0.7658333 0.5328125 0.7658333 0.5463542 0.8 0.55104166 0.8016667 0.55833334 0.8025 0.5625 0.80083334 0.60260415 0.75916666 0.62864584 0.81 0.63489586 0.81416667 0.64270836 0.81583333 0.6484375 0.81333333 0.65208334 0.80916667 0.6713542 0.7866667 0.7036458 0.7425 0.70677084 0.73
18 0.5859375 0.48333332 0.60833335 0.53333336 0.6203125 0.56583333 0.5932292 0.6016667 0.56458336 0.6375 0.5598958 0.6558333 0.5598958 0.6691667 0.5651042 0.685 0.60260415 0.76 0.5619792 0.8016667 0.5578125 0.80333334 0.5463542 0.8 0.5307292 0.7608333 0.5328125 0.74666667 0.54270834 0.63166666 0.5463542 0.5733333 0.540625 0.56 0.5484375 0.56583333 0.5552083 0.56666666 0.5625 0.56333333 0.5671875 0.55333334 0.58489585 0.48166665
18 0.62291664 0.5625 0.64947915 0.535 0.66197914 0.51666665 0.678125 0.4875 0.7057292 0.45333335 0.7135417 0.44916666 0.72291666 0.4475 0.7338542 0.4575 0.74375 0.4775 0.775 0.5466667 0.75364584 0.6775 0.74635416 0.68666667 0.73072916 0.705 0.71770835 0.7183333 0.7083333 0.7275 0.7026042 0.7441667 0.67083335 0.7875 0.6479167 0.81416667 0.64270836 0.81666666 0.6354167 0.815 0.628125 0.81 0.6020833 0.7583333 0.56458336 0.68416667 0.5598958 0.67 0.5598958 0.6558333 0.56458336 0.6375 0.6015625 0.5908333 0.61927086 0.5675
18 0.809375 0.38916665 0.9192708 0.43583333 0.9265625 0.44916666 0.9291667 0.46166667 0.92552084 0.48166665 0.9192708 0.5225 0.91302085 0.5733333 0.89635414 0.67833334 0.8822917 0.76416665 0.87708336 0.77416664 0.87083334 0.78 0.86145836 0.7775 0.8171875 0.7583333 0.7625 0.735 0.7552083 0.73 0.75104165 0.72083336 0.74895835 0.7075 0.753125 0.6791667 0.765625 0.60333335 0.77552086 0.54333335 0.7921875 0.43 0.7963542 0.40833333 0.8020833 0.3975
18 0.66302085 0.26666668 0.7640625 0.20916666 0.771875 0.20583333 0.78020835 0.20833333 0.7885417 0.21666667 0.79270834 0.225 0.80052084 0.27666667 0.80833334 0.31666666 0.8229167 0.395 0.8098958 0.38916665 0.8015625 0.39833334 0.7973958 0.4075 0.79114586 0.43583333 0.77447915 0.5466667 0.7369792 0.46333334 0.7348958 0.45916668 0.7239583 0.44833332 0.7140625 0.44833332 0.7078125 0.45166665 0.6947917 0.46666667 0.684375 0.4075 0.678125 0.37416667 0.671875 0.34916666 0.66041666 0.31416667 0.65729165 0.30083334 0.6546875 0.28916666 0.6567708 0.28
18 0.5364583 0.083333336 0.5442708 0.079166666 0.5520833 0.08 0.5630208 0.08916666 0.5984375 0.13416667 0.646875 0.19583334 0.6703125 0.23083334 0.6802083 0.235 0.6880208 0.24 0.6953125 0.24833333 0.6635417 0.26666668 0.6567708 0.28 0.65416664 0.28916666 0.66041666 0.31416667 0.6734375 0.35416666 0.6765625 0.36833334 0.6744792 0.37583333 0.64635414 0.44 0.64166665 0.445 0.6328125 0.44416666 0.6255208 0.44083333 0.62135416 0.4375 0.6015625 0.41416666 0.6088542 0.38583332 0.6098958 0.37583333 0.6078125 0.3625 0.6041667 0.355 0.5130208 0.2975 0.484375 0.28 0.4734375 0.2675 0.46822917 0.2575 0.4671875 0.25166667 0.46666667 0.23583333 0.46979168 0.22416666 0.48072916 0.19833334 0.5286458 0.09583333
18 0.7494792 0.061666667 0.8489583 0.09916667 0.9458333 0.14416666 0.9515625 0.14833333 0.9536458 0.15416667 0.95625 0.16416667 0.9557292 0.17333333 0.9453125 0.2125 0.92291665 0.30083334 0.91510415 0.33416668 0.909375 0.34916666 0.90520835 0.3575 0.8979167 0.36166668 0.8890625 0.3625 0.8697917 0.35083333 0.85 0.33916667 0.8072917 0.31083333 0.80052084 0.27666667 0.79322916 0.22583333 0.7890625 0.2175 0.7796875 0.2075 0.77239585 0.20583333 0.7609375 0.21083333 0.71510416 0.23666666 0.73541665 0.08083333 0.73854166 0.07083333 0.74375 0.064166665
18 0.19010417 0.77416664 0.32135418 0.6358333 0.34947917 0.6075 0.3546875 0.605 0.36302084 0.60583335 0.3703125 0.6141667 0.39583334 0.675 0.39947918 0.6925 0.40364584 0.70666665 0.41354167 0.7216667 0.43229166 0.76416665 0.43333334 0.7758333 0.43177083 0.78583336 0.428125 0.79583335 0.38489583 0.8358333 0.3703125 0.8525 0.27916667 0.95416665 0.265625 0.9691667 0.2546875 0.9683333 0.24895833 0.96166664 0.2421875 0.9508333 0.2328125 0.9266667 0.22552083 0.9058333 0.21875 0.89416665 0.2140625 0.87916666 0.20625 0.8616667 0.1953125 0.83916664 0.18645833 0.8175 0.18177083 0.80083334 0.1828125 0.7891667
