19 0.4953125 0.0 0.609375 0.0 0.62395835 0.0 0.6411458 0.0075 0.64427084 0.014166667 0.64427084 0.029166667 0.6432292 0.05 0.63177085 0.13916667 0.62135416 0.24083333 0.61822915 0.27666667 0.6177083 0.29333332 0.61614585 0.29916668 0.61302084 0.305 0.60729164 0.30583334 0.59947914 0.3075 0.50572914 0.2825 0.48958334 0.28 0.478125 0.27583334 0.47395834 0.27 0.47083333 0.2575 0.47135416 0.24666667 0.48385417 0.1475 0.49270833 0.0725 0.4953125 0.0325 0.49739584 0.004166667
8 0.3078125 0.08416667 0.3453125 0.07416666 0.35520834 0.085 0.36197916 0.096666664 0.375 0.23166667 0.37552083 0.27416667 0.37395832 0.28583333 0.36979166 0.29333332 0.36197916 0.29833335 0.2890625 0.32083333 0.22864583 0.33166668 0.21666667 0.335 0.1984375 0.34166667 0.18541667 0.3475 0.17083333 0.3525 0.16354166 0.35 0.159375 0.34 0.15520833 0.32083333 0.1515625 0.29666665 0.15052083 0.28 0.153125 0.26083332 0.1453125 0.2375 0.134375 0.18 0.134375 0.1575 0.13489583 0.14166667 0.14635417 0.13 0.19895834 0.12 0.24739583 0.11333334 0.275 0.1 0.29270834 0.093333334 0.30052084 0.08833333
1 0.0 0.3625 0.057291668 0.37083334 0.09427083 0.37 0.08958333 0.39083335 0.078125 0.41916665 0.0703125 0.43166667 0.06458333 0.4525 0.0609375 0.47833332 0.046875 0.6558333 0.046875 0.6741667 0.0484375 0.68333334 0.05625 0.69666666 0.055729166 0.70166665 0.041666668 0.70166665 0.0 0.69083333
4 0.21822916 0.33583334 0.23072916 0.35 0.2390625 0.37083334 0.246875 0.39166668 0.2546875 0.42083332 0.2515625 0.4425 0.24270834 0.4825 0.22916667 0.50333333 0.21510416 0.52166665 0.20208333 0.52916664 0.19270833 0.5308333 0.17916666 0.5316667 0.17552084 0.54083335 0.1703125 0.55083334 0.1265625 0.6641667 0.11770833 0.68666667 0.110416666 0.68333334 0.10104167 0.67333335 0.0796875 0.6558333 0.075 0.6458333 0.078125 0.6333333 0.08958333 0.6066667 0.1265625 0.5125 0.13229166 0.49 0.12916666 0.47083333 0.125 0.4525 0.1203125 0.43166667 0.1203125 0.40583333 0.13541667 0.3625 0.14166667 0.35083333 0.14635417 0.345 0.15625 0.3325 0.16145833 0.34833333 0.1671875 0.355 0.178125 0.3525 0.19635417 0.345 0.21197917 0.33833334
3 0.31770834 0.565 0.34791666 0.59166664 0.40208334 0.65416664 0.41041666 0.6691667 0.4171875 0.68 0.42552084 0.7058333 0.41979167 0.7158333 0.38802084 0.7758333 0.365625 0.8025 0.3640625 0.815 0.36302084 0.82416666 0.35520834 0.8408333 0.34010416 0.86583334 0.2734375 0.79833335 0.24375 0.7575 0.21302083 0.71666664 0.21614583 0.70416665 0.246875 0.66583335 0.265625 0.6433333 0.29427084 0.6458333 0.28802082 0.62333333 0.29010418 0.60833335 0.29739583 0.58416665 0.3015625 0.5725 0.30989584 0.56333333
5 0.39739582 0.5933333 0.45416668 0.57916665 0.50416666 0.5566667 0.52447915 0.5425 0.5421875 0.5366667 0.55677086 0.5258333 0.57447916 0.56916666 0.58125 0.5991667 0.5703125 0.6275 0.5630208 0.65833336 0.56614584 0.6766667 0.57135415 0.685 0.59270835 0.705 0.5989583 0.7316667 0.6078125 0.7866667 0.61927086 0.8408333 0.61875 0.84833336 0.61354166 0.8541667 0.54270834 0.88666666 0.5182292 0.9 0.47604167 0.915 0.46302083 0.9191667 0.44479167 0.92 0.44010416 0.8225 0.43020833 0.7291667 0.425 0.7083333 0.425 0.69916666 0.41666666 0.67083335 0.40572917 0.6358333 0.4 0.6125 0.39791667 0.60583335
13 0.7484375 0.535 0.7994792 0.47583333 0.81354165 0.46583334 0.81822914 0.46833333 0.8265625 0.48833334 0.8984375 0.6591667 0.9223958 0.7158333 0.9234375 0.7375 0.91770834 0.75083333 0.8276042 0.84583336 0.8140625 0.85583335 0.8078125 0.855 0.80260414 0.8408333 0.7260417 0.6591667 0.70729166 0.6091667 0.70416665 0.59583336 0.7083333 0.5833333 0.721875 0.57 0.7328125 0.565 0.7359375 0.5625 0.7453125 0.5466667
18 0.7260417 0.17833333 0.7427083 0.19666667 0.7572917 0.21666667 0.775 0.22916667 0.79895836 0.255 0.8177083 0.26833335 0.82239586 0.2775 0.82395834 0.29 0.81614584 0.31833333 0.80833334 0.34166667 0.80052084 0.36166668 0.78802085 0.3975 0.7671875 0.47833332 0.765625 0.495 0.76197916 0.5125 0.75104165 0.5316667 0.7369792 0.55833334 0.73229164 0.56333333 0.7213542 0.5675 0.6734375 0.52666664 0.63177085 0.48166665 0.625 0.46833333 0.6255208 0.44916666 0.63177085 0.42083332 0.65833336 0.34333333 0.6791667 0.29 0.6822917 0.2775 0.690625 0.25166667 0.703125 0.20583333 0.7083333 0.19166666 0.7140625 0.18416667
6 0.5619792 0.4225 0.59583336 0.36083335 0.60833335 0.35083333 0.62135416 0.38416666 0.6296875 0.42083332 0.6244792 0.45 0.6244792 0.46833333 0.625 0.47583333 0.628125 0.47666666 0.61822915 0.51416665 0.5932292 0.5675 0.5828125 0.595 0.57708335 0.57666665 0.57447916 0.56666666 0.55833334 0.52916664 0.5494792 0.50416666 0.534375 0.46833333 0.53020835 0.45833334 0.54322916 0.45 0.553125 0.44083333 0.55885416 0.4325
18 0.6744792 0.74583334 0.7 0.67 0.7140625 0.63166666 0.7046875 0.60333335 0.7036458 0.60083336 0.7036458 0.595 0.7078125 0.5825 0.72239584 0.5675 0.7171875 0.56416667 0.6921875 0.5425 0.66041666 0.51416665 0.628125 0.47666666 0.625 0.48916668 0.6177083 0.5125 0.60572916 0.54 0.5859375 0.5883333 0.5807292 0.60333335 0.56822914 0.63416666 0.5651042 0.6566667 0.56822914 0.675 0.57708335 0.69 0.5963542 0.705 0.6333333 0.74333334 0.6536458 0.76416665 0.66302085 0.76166666 0.6692708 0.7583333
20 0.9145833 0.004166667 0.8989583 0.059166666 0.9015625 0.115833335 0.91041666 0.1875 0.92395836 0.22 0.9671875 0.22 1.0 0.2325 1.0 0.40083334 0.978125 0.45166665 0.9609375 0.45583335 0.93854165 0.42583334 0.87291664 0.3475 0.84166664 0.28666666 0.82604164 0.25083333 0.81145835 0.19916667 0.790625 0.13083333 0.78229165 0.10333333 0.790625 0.0775 0.83229166 0.013333334 0.84270835 0.0
15 0.055729166 0.0 0.08958333 0.0 0.08958333 0.0033333334 0.0921875 0.016666668 0.09583333 0.029166667 0.08541667 0.038333334 0.0796875 0.019166667 0.06875 0.01 0.060416665 0.0025
