14 0.434375 0.7841667 0.46354166 0.89 0.48020834 0.8775 0.49375 0.8475 0.6421875 0.72333336 0.659375 0.725 0.6609375 0.7241667 0.6578125 0.7008333 0.6515625 0.7 0.63489586 0.6433333 0.62916666 0.6225 0.625 0.62416667 0.6197917 0.6458333 0.6145833 0.6533333 0.5890625 0.6741667 0.57604164 0.68916667 0.5578125 0.71 0.52447915 0.7375 0.5161458 0.74083334 0.51458335 0.73583335 0.478125 0.7708333 0.4703125 0.7725 0.45833334 0.7783333 0.45104167 0.7725
14 0.46927083 0.66083336 0.48125 0.655 0.48645833 0.645 0.490625 0.6325 0.49375 0.635 0.49947917 0.7341667 0.50364584 0.7416667 0.49427083 0.7425 0.4625 0.7416667 0.34791666 0.75416666 0.31197917 0.755 0.30208334 0.765 0.28645834 0.76 0.2796875 0.7525 0.28072917 0.735 0.28177083 0.7083333 0.28229168 0.67833334 0.2859375 0.665 0.28958333 0.66 0.30052084 0.6666667 0.3265625 0.67333335 0.36145833 0.66833335
14 0.51458335 0.69083333 0.5104167 0.7216667 0.5161458 0.74 0.5286458 0.735 0.56927085 0.6983333 0.5807292 0.68 0.575 0.67 0.5697917 0.6641667 0.5598958 0.6525 0.55677086 0.6483333 0.5083333 0.5175 0.43802083 0.49 0.4640625 0.56416667 0.49166667 0.6333333 0.49895832 0.655 0.5104167 0.68083334
14 0.39635417 0.39666668 0.40208334 0.3775 0.40989584 0.37083334 0.41510418 0.3775 0.41145834 0.385 0.47447917 0.41333333 0.5776042 0.46 0.58125 0.46416667 0.58489585 0.45333335 0.59166664 0.45 0.59583336 0.45416668 0.60052085 0.46916667 0.59739584 0.48333332 0.5921875 0.5158333 0.5885417 0.56083333 0.5640625 0.54333335 0.54114586 0.5316667 0.5072917 0.5158333 0.43802083 0.48916668 0.40260416 0.47166666 0.39114583 0.48583335 0.3828125 0.48
14 0.34739584 0.1925 0.35520834 0.16833334 0.36822918 0.17416666 0.37864584 0.19166666 0.3921875 0.20083334 0.45104167 0.25583333 0.5364583 0.33166668 0.55052084 0.355 0.54114586 0.39416668 0.53333336 0.44083333 0.50885415 0.41416666 0.48385417 0.39333335 0.44270834 0.35083333 0.37447917 0.28833333 0.3421875 0.26166666 0.3328125 0.25 0.32135418 0.25083333 0.33020833 0.2275
14 0.31770834 0.17583333 0.3078125 0.2 0.2984375 0.215 0.290625 0.21 0.28125 0.20666666 0.290625 0.24166666 0.31302083 0.26916668 0.37708333 0.35666665 0.39739582 0.38583332 0.40052083 0.37833333 0.4109375 0.37 0.41458333 0.37666667 0.41145834 0.385 0.453125 0.40416667 0.4734375 0.38166666 0.37760416 0.2925 0.34114584 0.26166666 0.33333334 0.24916667 0.321875 0.25166667 0.328125 0.23166667 0.34375 0.2 0.32760417 0.17666666 0.3203125 0.17666666
14 0.4546875 0.40333334 0.46614584 0.395 0.47083333 0.39083335 0.47447917 0.3925 0.47447917 0.39666668 0.471875 0.40333334 0.46927083 0.40583333 0.4671875 0.41 0.45364583 0.40416667
14 0.23385416 0.32583332 0.303125 0.27583334 0.30416667 0.29 0.30885416 0.30166668 0.3078125 0.3225 0.35260418 0.4225 0.4 0.5316667 0.41145834 0.54333335 0.421875 0.5566667 0.42760417 0.5516667 0.4265625 0.56333333 0.38072917 0.5941667 0.36458334 0.6116667 0.35104167 0.6066667 0.35104167 0.59166664 0.35208333 0.58416665 0.33072916 0.53 0.28385416 0.4275 0.25833333 0.36833334 0.24895833 0.35833332 0.23854166 0.34833333
14 0.3734375 0.4675 0.384375 0.46916667 0.38229167 0.47916666 0.39114583 0.48666668 0.40364584 0.47166666 0.42395833 0.48166665 0.43229166 0.48583335 0.434375 0.5108333 0.4328125 0.5425 0.43385416 0.5625 0.43385416 0.5708333 0.4296875 0.57666665 0.425 0.57416666 0.4234375 0.56666666 0.4265625 0.56333333 0.42760417 0.5516667 0.42135417 0.55583334 0.4109375 0.5416667 0.39947918 0.5308333 0.371875 0.46666667
14 0.321875 0.35083333 0.32760417 0.34583333 0.3375 0.34166667 0.34114584 0.3525 0.34635416 0.37666667 0.3546875 0.4075 0.35885417 0.43666667 0.321875 0.35333332
14 0.2328125 0.43166667 0.24947916 0.41916665 0.27291667 0.40083334 0.29583332 0.45333335 0.2671875 0.44666666 0.24791667 0.44083333 0.23645833 0.44 0.23645833 0.43583333 0.23385416 0.4325
14 0.23125 0.43083334 0.2171875 0.41916665 0.21197917 0.41333333 0.21145834 0.41166666 0.20833333 0.4275 0.20677084 0.45083332 0.20625 0.475 0.20885417 0.49166667 0.21145834 0.5108333 0.21041666 0.4425 0.21302083 0.44083333 0.2203125 0.44083333 0.225 0.44083333 0.23385416 0.44083333 0.23645833 0.44 0.23645833 0.43583333 0.2328125 0.4325
14 0.21197917 0.51416665 0.21458334 0.5325 0.215625 0.53583336 0.22083333 0.535 0.225 0.5316667 0.228125 0.52666664 0.23125 0.5275 0.2375 0.5275 0.24947916 0.5275 0.30677083 0.5366667 0.3359375 0.5441667 0.29635417 0.45333335 0.24895833 0.44083333 0.23697917 0.44 0.23385416 0.44 0.2125 0.44083333 0.21041666 0.4425 0.21145834 0.5108333
14 0.18958333 0.5575 0.20208333 0.5466667 0.215625 0.5366667 0.2125 0.5225 0.2109375 0.5083333 0.20625 0.4725 0.20625 0.46333334 0.203125 0.4775 0.196875 0.5075 0.1921875 0.5441667
14 0.26458332 0.53 0.16875 0.61 0.15989584 0.62416667 0.15520833 0.62583333 0.15 0.63 0.14114584 0.6408333 0.14895834 0.6383333 0.15885417 0.63666666 0.1578125 0.6641667 0.15989584 0.7108333 0.16354166 0.7175 0.16770834 0.7191667 0.17916666 0.71416664 0.18229167 0.7058333 0.19739583 0.6816667 0.21302083 0.66583335 0.29583332 0.5991667 0.33854166 0.56416667 0.34375 0.56333333 0.33645833 0.5441667
14 0.14635417 0.5625 0.1578125 0.5975 0.16302083 0.58416665 0.16979167 0.5725
14 0.14583333 0.48583335 0.13697916 0.4875 0.13020833 0.49083334 0.13072917 0.505 0.13645834 0.52166665 0.14010416 0.52166665 0.1421875 0.52 0.14270833 0.505 0.14479166 0.4925
14 0.18958333 0.25833333 0.18541667 0.23416667 0.18489583 0.21666667 0.2 0.22416666 0.2265625 0.24083333 0.24114583 0.24833333 0.24583334 0.23416667 0.25104168 0.24666667 0.25208333 0.25333333 0.24166666 0.275 0.23541667 0.28916666 0.21458334 0.41333333 0.21041666 0.4125 0.20729166 0.43083334 0.20625 0.46666667 0.19635417 0.5108333 0.19010417 0.5575 0.19583334 0.56416667 0.19270833 0.58416665 0.178125 0.5775 0.14635417 0.56166667 0.12604167 0.5566667 0.119791664 0.555 0.121875 0.5475 0.13072917 0.535 0.1359375 0.5258333 0.14010416 0.5208333 0.14166667 0.5208333 0.14322917 0.5075 0.14791666 0.47416666
14 0.028645834 0.55083334 0.017708333 0.5575 0.008854167 0.56416667 0.005729167 0.5708333 0.0026041667 0.58 0.0 0.58166665 0.0 0.46416667 0.16770834 0.37166667 0.15052083 0.46333334 0.14635417 0.48 0.134375 0.48666668 0.103125 0.5058333
14 0.116145834 0.18833333 0.10989583 0.24 0.104166664 0.27 0.10208333 0.2825 0.098958336 0.29583332 0.0984375 0.3025 0.10885417 0.30583334 0.10989583 0.30083334 0.11302083 0.295 0.1203125 0.295 0.134375 0.30083334 0.17864583 0.31333333 0.18958333 0.2575 0.18489583 0.235 0.18385416 0.23416667 0.14270833 0.21583334 0.1296875 0.2125 0.12291667 0.1925
14 0.25 0.25833333 0.27916667 0.27083334 0.29114583 0.27333334 0.30052084 0.26833335 0.309375 0.265 0.321875 0.28 0.321875 0.30333334 0.32239583 0.32083333 0.32604167 0.32666665 0.325 0.34 0.32291666 0.34833333 0.31927082 0.34916666 0.30833334 0.32333332 0.30885416 0.3025 0.30416667 0.29 0.303125 0.275 0.23385416 0.325 0.23489584 0.335 0.22864583 0.33083335 0.23489584 0.29
14 0.18958333 0.0925 0.17291667 0.0925 0.16666667 0.086666666 0.15989584 0.08833333 0.14427084 0.10166667 0.15833333 0.16333333 0.1625 0.19416666 0.17239584 0.19 0.1796875 0.18583333 0.18177083 0.185 0.1875 0.17916666 0.23229167 0.17916666 0.31979167 0.17583333 0.3328125 0.17666666 0.3515625 0.17666666 0.3546875 0.16916667 0.36510417 0.17166667 0.37083334 0.175 0.37395832 0.18166667 0.38125 0.17666666 0.38541666 0.17583333 0.39010417 0.17083333 0.38802084 0.15166667 0.3859375 0.108333334 0.38489583 0.07416666 0.38125 0.08583333 0.36822918 0.08916666 0.3171875 0.0925 0.20052083 0.093333334
14 0.6171875 0.3375 0.6244792 0.33416668 0.6333333 0.345 0.6557292 0.35416666 0.8130208 0.3925 0.82395834 0.37916666 0.8265625 0.39416668 0.8286458 0.44416666 0.825 0.47083333 0.8208333 0.4975 0.8109375 0.48583335 0.80364585 0.47583333 0.7953125 0.47333333 0.634375 0.44 0.6234375 0.44916666 0.6041667 0.4475 0.60364586 0.40916666 0.60572916 0.38 0.61302084 0.36083335 0.61927086 0.34916666
