0 0.23020834 0.0325 0.290625 0.07083333 0.34479168 0.1 0.3765625 0.11 0.42864582 0.12916666 0.42604166 0.145 0.42291668 0.15083334 0.40625 0.20166667 0.39739582 0.22833334 0.39479166 0.24416667 0.38333333 0.28833333 0.37552083 0.32416666 0.33125 0.3875 0.35677084 0.4375 0.35260418 0.45083332 0.34322917 0.44333333 0.29479167 0.40666667 0.27291667 0.39083335 0.25989583 0.3775 0.24739583 0.375 0.234375 0.37166667 0.1828125 0.35166666 0.17604166 0.35 0.16875 0.34583333 0.17291667 0.31583333 0.18020834 0.29416665 0.19114584 0.265 0.2265625 0.175 0.23177083 0.16416667 0.24270834 0.15833333 0.24114583 0.14 0.22760417 0.035
2 0.4671875 0.19666667 0.5651042 0.37833333 0.5260417 0.40583333 0.51875 0.41583332 0.51927084 0.4275 0.56666666 0.57416666 0.4859375 0.6825 0.3859375 0.49083334 0.35729167 0.4375 0.33125 0.3875 0.40833333 0.2775
16 0.30625 0.5341667 0.3109375 0.5025 0.31302083 0.47916666 0.3171875 0.46833333 0.32760417 0.46583334 0.34166667 0.46333334 0.36041668 0.44583333 0.3734375 0.4675 0.4859375 0.6816667 0.5208333 0.6358333 0.5541667 0.75166667 0.55052084 0.75416666 0.4890625 0.79583335 0.42395833 0.835 0.39114583 0.85 0.37447917 0.7975 0.353125 0.7316667 0.33020833 0.63916665 0.32135418 0.59583336 0.31666666 0.575 0.30416667 0.54333335
1 0.62604165 0.7033333 0.6432292 0.7808333 0.64947915 0.805 0.6567708 0.8425 0.66197914 0.8516667 0.6744792 0.85833335 0.67552084 0.865 0.6723958 0.87416667 0.66875 0.875 0.6359375 0.8591667 0.6302083 0.8666667 0.6010417 0.8933333 0.53229165 0.95 0.5208333 0.9658333 0.5052083 0.9766667 0.50572914 0.98333335 0.49739584 0.99583334 0.4890625 0.955 0.47395834 0.89666665 0.46822917 0.8775 0.46302083 0.87416667 0.46354166 0.8933333 0.45729166 0.885 0.45572916 0.8675 0.475 0.84583336 0.48854166 0.84166664 0.49739584 0.83166665 0.5463542 0.79333335 0.58489585 0.7575 0.6166667 0.715 0.621875 0.7058333
5 0.63697916 0.7275 0.6567708 0.705 0.7447917 0.6041667 0.778125 0.6225 0.78489584 0.6375 0.8286458 0.6791667 0.834375 0.68416667 0.8421875 0.70666665 0.8671875 0.75916666 0.8776042 0.7825 0.92083335 0.8425 0.8911458 0.87166667 0.85572916 0.905 0.83229166 0.93583333 0.8208333 0.95416665 0.81354165 0.97333336 0.79322916 1.0 0.7609375 1.0 0.7473958 0.9575 0.740625 0.93916667 0.7317708 0.925 0.7192708 0.8925 0.7 0.8475 0.6901042 0.8275 0.6791667 0.81416667 0.63854164 0.7475 0.6328125 0.7325
19 0.56666666 0.3775 0.59739584 0.3525 0.63854164 0.31416667 0.65208334 0.3175 0.6567708 0.33 0.7239583 0.5416667 0.73020834 0.5675 0.7291667 0.58 0.72239584 0.58916664 0.69375 0.6125 0.6145833 0.6725 0.60625 0.6741667 0.5989583 0.67 0.56614584 0.5733333 0.51979166 0.43083334 0.51875 0.42583334 0.5182292 0.41666666 0.52708334 0.40583333
21 0.5296875 0.25916666 0.6078125 0.27333334 0.6927083 0.2925 0.78802085 0.32583332 0.7984375 0.33166668 0.80260414 0.3425 0.803125 0.355 0.7973958 0.375 0.76875 0.47583333 0.7453125 0.53833336 0.72291666 0.5366667 0.6869792 0.425 0.65260416 0.31833333 0.6390625 0.31416667 0.6041667 0.34666666 0.5651042 0.37833333 0.4984375 0.25583333
15 0.71666664 0.27083334 0.70885414 0.265 0.7140625 0.25666666 0.71979165 0.26083332 0.7234375 0.26166666 0.725 0.26583335 0.73072916 0.26416665 0.73854166 0.265 0.746875 0.275 0.7760417 0.32166666 0.7192708 0.30166668 0.7161458 0.295 0.7161458 0.28416666 0.71770835 0.27833334
15 0.8078125 0.375 0.7890625 0.42333335 0.78541666 0.4175 0.80104166 0.365
18 0.84166664 0.295 0.84739584 0.2875 0.8541667 0.28333333 0.86354166 0.28166667 0.87291664 0.28666666 0.9010417 0.3125 0.96302086 0.36666667 0.9713542 0.37666667 0.9760417 0.3875 0.9765625 0.40083334 0.97447914 0.4125 0.96510416 0.43583333 0.9302083 0.5075 0.89739585 0.5725 0.8911458 0.5908333 0.88489586 0.6075 0.878125 0.625 0.8645833 0.6641667 0.859375 0.6766667 0.8541667 0.68416667 0.84583336 0.68833333 0.83489585 0.685 0.8052083 0.6558333 0.78541666 0.6375 0.7786458 0.62333333 0.74427086 0.60333335 0.73854166 0.5991667 0.73333335 0.58166665 0.7338542 0.56916666 0.74375 0.5416667 0.76927084 0.47416666 0.79114586 0.4175 0.809375 0.37166667 0.83697915 0.30583334
5 0.8958333 0.029166667 0.9015625 0.0 0.9546875 0.0 1.0 0.026666667 1.0 0.39666668 0.99375 0.42166665 0.9848958 0.43833333 0.96979165 0.425 0.9739583 0.41416666 0.97760415 0.40083334 0.9760417 0.38833332 0.97239584 0.37833333 0.9625 0.36666667 0.8859375 0.29833335 0.8723958 0.28583333 0.8640625 0.28166667 0.85260415 0.28333333 0.846875 0.2875 0.8411458 0.29666665 0.8307292 0.32083333 0.8119792 0.31083333 0.8151042 0.29916668 0.8197917 0.28833333 0.83697915 0.26 0.85260415 0.235 0.8578125 0.19666667 0.88125 0.09916667 0.89479166 0.055
4 0.7270833 0.030833334 0.71979165 0.018333333 0.7171875 0.008333334 0.715625 0.0 0.9015625 0.0 0.8958333 0.028333334 0.89479166 0.038333334 0.84479165 0.035833333 0.83697915 0.031666666 0.8265625 0.028333334 0.82135415 0.0325 0.81875 0.035833333
14 0.07864583 0.28666666 0.09739583 0.2525 0.116145834 0.20083334 0.13125 0.21416667 0.13697916 0.23833333 0.1453125 0.24833333 0.18020834 0.295 0.17239584 0.315 0.16822916 0.345 0.17395833 0.34916666 0.23958333 0.37333333 0.24739583 0.375 0.26875 0.39916667 0.27708334 0.40666667 0.28645834 0.40916666 0.2921875 0.41166666 0.2953125 0.41666666 0.290625 0.42333335 0.26875 0.48166665 0.25625 0.5058333 0.25416666 0.49583334 0.24270834 0.46583334 0.19322917 0.41083333 0.110416666 0.30833334 0.1046875 0.30416667 0.092708334 0.30833334
