6 0.0171875 0.8375 0.0 0.8283333 0.0 0.6275 0.014583333 0.64416665 0.0296875 0.6675 0.056770835 0.6875 0.0921875 0.73083335 0.13125 0.62833333 0.1359375 0.63 0.13072917 0.65166664 0.09375 0.75 0.086979166 0.77166665 0.07447917 0.82166666 0.063541666 0.8616667
6 0.036979165 0.31 0.034895834 0.32833335 0.030208332 0.4725 0.0640625 0.50166667 0.09322917 0.5425 0.1015625 0.5541667 0.12447917 0.58 0.13229166 0.56333333 0.12708333 0.47916666 0.14010416 0.4525 0.15625 0.385 0.15677084 0.36833334 0.1359375 0.36 0.072916664 0.32583332 0.043229166 0.31583333
6 0.2125 0.24083333 0.09166667 0.18916667 0.08802083 0.21666667 0.096875 0.23416667 0.10208333 0.25916666 0.072916664 0.325 0.114583336 0.34833333 0.134375 0.35833332 0.15677084 0.36833334 0.15625 0.38583332 0.140625 0.4525 0.13697916 0.45916668 0.15677084 0.4725 0.165625 0.44166666 0.1796875 0.36166668 0.2109375 0.25833333
6 0.2875 0.075833336 0.23229167 0.0275 0.2140625 0.0 0.1890625 0.0 0.171875 0.041666668 0.13802083 0.123333335 0.1125 0.16583334 0.10572917 0.1875 0.1203125 0.20083334 0.2125 0.24166666 0.2109375 0.26 0.20208333 0.2875 0.203125 0.29166666 0.2109375 0.28166667 0.21666667 0.25916666 0.23958333 0.17583333 0.2640625 0.13333334 0.28385416 0.093333334
6 0.29166666 0.08583333 0.38385418 0.1575 0.37864584 0.1825 0.37447917 0.18583333 0.3609375 0.22166666 0.35677084 0.22416666 0.35833332 0.23 0.33333334 0.30166668 0.3140625 0.36833334 0.3046875 0.38583332 0.29479167 0.365 0.28489584 0.345 0.27916667 0.34583333 0.24010417 0.33 0.21041666 0.31083333 0.21822916 0.28416666 0.25364584 0.17833333 0.271875 0.11666667 0.28489584 0.09166667 0.2875 0.08166666
6 0.29479167 0.36916667 0.29114583 0.5475 0.30572918 0.55 0.30729166 0.54833335 0.4 0.545 0.44010416 0.5575 0.44947916 0.5566667 0.45364583 0.5275 0.45625 0.37583333 0.43958333 0.37416667 0.36354166 0.37833333 0.31302083 0.37083334 0.3046875 0.385 0.296875 0.36833334
6 0.290625 0.49166667 0.2375 0.50666666 0.24010417 0.5366667 0.24791667 0.5541667 0.25 0.5683333 0.25885418 0.6325 0.259375 0.7316667 0.2609375 0.75 0.28645834 0.7416667 0.37291667 0.7216667 0.37291667 0.7008333 0.36458334 0.6525 0.35520834 0.5466667 0.30833334 0.54833335 0.30572918 0.55 0.29114583 0.54833335 0.29166666 0.49166667
6 0.54791665 0.62083334 0.48229167 0.69 0.46875 0.71166664 0.54270834 0.83916664 0.5552083 0.81916666 0.5578125 0.80916667 0.5677083 0.77 0.609375 0.7216667 0.6375 0.69416666 0.6458333 0.6741667 0.6067708 0.62666667 0.59270835 0.6075 0.56822914 0.5883333 0.55572915 0.5808333 0.5520833 0.6
6 0.6984375 0.7108333 0.6078125 0.81333333 0.6276042 0.855 0.65520835 0.9058333 0.68385416 0.9875 0.73229164 0.93833333 0.7760417 0.89666665 0.765625 0.8675 0.74635416 0.835 0.7161458 0.7708333 0.70416665 0.7175
6 0.64635414 0.60833335 0.63645834 0.62166667 0.6255208 0.6483333 0.6458333 0.6741667 0.6380208 0.69416666 0.60833335 0.7225 0.5677083 0.77 0.55885416 0.8041667 0.61145836 0.8883333 0.63125 0.8616667 0.6078125 0.81416667 0.6770833 0.735 0.6984375 0.7108333 0.7036458 0.71666664 0.7083333 0.735 0.7239583 0.7158333 0.69114584 0.6716667 0.6546875 0.6191667
6 0.534375 0.28166667 0.5171875 0.45 0.54375 0.46083334 0.56822914 0.45 0.63177085 0.50333333 0.64635414 0.5258333 0.65625 0.49166667 0.678125 0.375 0.6197917 0.33333334 0.5625 0.2975
6 0.58958334 0.2725 0.5833333 0.2775 0.56458336 0.29916668 0.6109375 0.32833335 0.596875 0.29166666
6 0.47291666 0.4025 0.46666667 0.40916666 0.528125 0.56 0.5395833 0.55 0.56875 0.50416666 0.59010416 0.46916667 0.56822914 0.45 0.54322916 0.46083334 0.5161458 0.44916666 0.52708334 0.34833333 0.5239583 0.3525 0.49947917 0.38166666
6 0.453125 0.14 0.403125 0.18666667 0.38854167 0.21 0.35729167 0.225 0.365625 0.25 0.39739582 0.375 0.4453125 0.37333333 0.45677084 0.37583333 0.45625 0.415 0.47760418 0.3975 0.50208336 0.38 0.5151042 0.3625 0.50989586 0.34333333 0.50416666 0.33333334 0.48020834 0.25 0.45989582 0.16
6 0.5104167 0.0 0.4765625 0.06333333 0.42447916 0.14583333 0.41614583 0.16333333 0.42083332 0.16916667 0.45260417 0.14 0.46041667 0.1625 0.46927083 0.20416667 0.48177084 0.255 0.50208336 0.28416666 0.51197916 0.2625 0.5182292 0.23583333 0.52916664 0.21 0.58489585 0.12583333 0.6041667 0.09916667 0.56875 0.0425 0.5375 0.0
6 0.86875 0.050833333 0.7739583 0.060833335 0.721875 0.060833335 0.73645836 0.16333333 0.7421875 0.22583333 0.75104165 0.22916667 0.76927084 0.22416666 0.7885417 0.21666667 0.7973958 0.21416667 0.8125 0.22416666 0.83802086 0.2175 0.8666667 0.21416667 0.88072914 0.21916667 0.8744792 0.15166667 0.87135416 0.07416666
6 0.709375 0.029166667 0.6692708 0.07083333 0.61302084 0.104166664 0.62083334 0.12666667 0.64270836 0.1425 0.65520835 0.21333334 0.6614583 0.24166666 0.6609375 0.28166667 0.66979164 0.29666665 0.7203125 0.27166668 0.76458335 0.2375 0.7708333 0.22833334 0.76458335 0.225 0.753125 0.22916667 0.7416667 0.22666667 0.73645836 0.16083333 0.72239584 0.06 0.7192708 0.046666667 0.7140625 0.036666665
6 0.79791665 0.245 0.81875 0.32166666 0.82604164 0.34333333 0.82447916 0.3475 0.71979165 0.39916667 0.71302086 0.37166667 0.7114583 0.32 0.70885414 0.29833335 0.7036458 0.27916667 0.721875 0.27083334 0.7661458 0.23666666 0.77135414 0.22916667 0.7671875 0.225 0.79010415 0.21583334
6 0.9 0.3075 0.8802083 0.30833334 0.87135416 0.31666666 0.8328125 0.32333332 0.8197917 0.32333332 0.82604164 0.3425 0.82395834 0.3475 0.7546875 0.3825 0.75677085 0.46583334 0.759375 0.50333333 0.77447915 0.5058333 0.8208333 0.47916666 0.90052086 0.48666668 0.90833336 0.48333332 0.9015625 0.32666665
6 0.010416667 0.4475 0.0026041667 0.4925 0.0 0.5025 0.0 0.62666667 0.014583333 0.64416665 0.0296875 0.6675 0.05625 0.6875 0.077083334 0.7133333 0.0921875 0.7316667 0.12083333 0.655 0.1421875 0.60083336 0.102604166 0.555 0.063541666 0.50166667 0.020833334 0.46416667
