12 0.20989583 0.46666667 0.25833333 0.47666666 0.32083333 0.4925 0.34479168 0.49416667 0.37239584 0.5075 0.40364584 0.51916665 0.43802083 0.52916664 0.465625 0.53333336 0.465625 0.54333335 0.459375 0.60583335 0.45052084 0.69083333 0.44947916 0.6983333 0.428125 0.68916667 0.4 0.6766667 0.3609375 0.6625 0.31822917 0.6508333 0.296875 0.6508333 0.28333333 0.64666665 0.27083334 0.64416665 0.24583334 0.63666666 0.23333333 0.64 0.221875 0.6383333 0.19895834 0.6308333 0.19583334 0.62583333 0.19791667 0.5425 0.19739583 0.5308333 0.20260416 0.4875 0.20520833 0.47333333
12 0.22135417 0.19083333 0.28020832 0.25916666 0.303125 0.28833333 0.33020833 0.31333333 0.34270832 0.32666665 0.359375 0.34 0.38177082 0.36583334 0.39322916 0.42333335 0.40416667 0.4825 0.3921875 0.5133333 0.36927083 0.50666666 0.34270832 0.49333334 0.3328125 0.49166667 0.29791668 0.4625 0.24010417 0.425 0.1921875 0.3875 0.17552084 0.37333333 0.16197917 0.34333333 0.18385416 0.28333333 0.2171875 0.20166667
12 0.38020834 0.35333332 0.48072916 0.31166667 0.48697916 0.35083333 0.50416666 0.44 0.51354164 0.48 0.52552086 0.51166666 0.52552086 0.5275 0.5052083 0.525 0.5046875 0.53333336 0.50572914 0.5708333 0.48697916 0.5883333 0.45833334 0.6125 0.46614584 0.5341667 0.43854168 0.5283333 0.4109375 0.52 0.4046875 0.48166665 0.39375 0.42333335 0.38072917 0.35666665
12 0.540625 0.5258333 0.6088542 0.4525 0.64270836 0.48833334 0.66041666 0.5283333 0.6197917 0.5308333 0.54114586 0.52916664
12 0.44010416 0.6975 0.4421875 0.7325 0.47604167 0.7266667 0.475 0.7191667 0.4578125 0.67833334 0.453125 0.66333336 0.44947916 0.6975
12 0.478125 0.73083335 0.49739584 0.79 0.515625 0.85833335 0.53229165 0.91833335 0.5463542 0.9716667 0.54895836 0.98 0.6041667 0.93333334 0.6546875 0.8983333 0.6567708 0.8933333 0.6401042 0.85333335 0.6166667 0.7825 0.60364586 0.73583335 0.59791666 0.72083336 0.53125 0.72583336 0.50885415 0.7275 0.50677085 0.68083334 0.5052083 0.5708333 0.47447917 0.6 0.45885417 0.61333334 0.453125 0.665 0.4578125 0.68083334 0.47604167 0.72083336
12 0.66197914 0.5275 0.6958333 0.52666664 0.7270833 0.5175 0.75416666 0.51416665 0.75677085 0.5308333 0.76979166 0.675 0.76927084 0.70166665 0.7625 0.70666665 0.7416667 0.70916665 0.73020834 0.7125 0.6765625 0.71416664 0.6390625 0.7175 0.59583336 0.7216667 0.509375 0.7275 0.5072917 0.6816667 0.5046875 0.525 0.54479164 0.53 0.6197917 0.5308333
12 0.7453125 0.71 0.76927084 0.7625 0.73802084 0.795 0.6713542 0.875 0.66041666 0.8425 0.64427084 0.79833335 0.63697916 0.7708333 0.61614585 0.72 0.6859375 0.7133333 0.7291667 0.71416664 0.74114585 0.71
12 0.56927085 0.40083334 0.5953125 0.34416667 0.6119792 0.31916666 0.6458333 0.2575 0.67760414 0.1925 0.6979167 0.13916667 0.7125 0.09833334 0.71875 0.09583333 0.73072916 0.100833334 0.76145834 0.13333334 0.7895833 0.17666666 0.80364585 0.19583334 0.78020835 0.25 0.7583333 0.28 0.74583334 0.30416667 0.71770835 0.375 0.7036458 0.415 0.6921875 0.46083334 0.67604166 0.5 0.66770834 0.5183333 0.64375 0.48916668 0.6088542 0.45166665 0.56927085 0.4075
12 0.1046875 0.44583333 0.14375 0.47666666 0.1625 0.49833333 0.196875 0.5308333 0.19791667 0.5416667 0.19739583 0.56333333 0.19583334 0.62583333 0.1984375 0.63 0.22239584 0.63916665 0.23333333 0.64 0.24635416 0.63666666 0.27083334 0.64416665 0.28333333 0.64666665 0.29635417 0.6508333 0.31770834 0.65166664 0.3078125 0.6791667 0.27083334 0.78583336 0.26302084 0.8016667 0.24479167 0.78583336 0.20260416 0.74333334 0.17395833 0.7175 0.14739583 0.69416666 0.13125 0.6791667 0.09947917 0.6566667 0.08177083 0.6458333 0.042708334 0.6175 0.059375 0.57416666 0.09375 0.485 0.102604166 0.45083332
