18 0.11354167 0.525 0.059375 0.5566667 0.052083332 0.5675 0.0484375 0.5833333 0.0484375 0.59833336 0.056770835 0.63 0.0671875 0.6508333 0.071875 0.68 0.08125 0.7083333 0.090625 0.755 0.10520833 0.81 0.12083333 0.8775 0.125 0.885 0.13385417 0.8908333 0.14322917 0.8925 0.171875 0.87 0.21197917 0.8433333 0.24583334 0.82 0.2546875 0.81083333 0.2578125 0.7991667 0.25885418 0.7875 0.2203125 0.64166665 0.2109375 0.6066667 0.19583334 0.6016667 0.190625 0.5933333 0.18697916 0.59166664 0.1828125 0.5783333 0.18177083 0.56166667 0.18697916 0.5183333 0.13229166 0.5158333
18 0.275 0.39 0.23541667 0.37916666 0.2234375 0.37416667 0.21145834 0.37833333 0.20677084 0.38666666 0.20052083 0.40583333 0.19791667 0.445 0.18697916 0.5175 0.18177083 0.56166667 0.18333334 0.5808333 0.1859375 0.5883333 0.18958333 0.5941667 0.19635417 0.6025 0.2140625 0.6075 0.353125 0.645 0.3890625 0.6525 0.4015625 0.6408333 0.40364584 0.63166666 0.4109375 0.5316667 0.41927084 0.46 0.42083332 0.45083332 0.41875 0.44166666 0.41458333 0.43166667 0.40625 0.4275 0.35416666 0.41666666 0.34479168 0.415 0.28854167 0.39583334
18 0.315625 0.68333334 0.26614583 0.68083334 0.25677082 0.6825 0.24947916 0.6933333 0.246875 0.7008333 0.2453125 0.7083333 0.2453125 0.73583335 0.25885418 0.7866667 0.2578125 0.79833335 0.2546875 0.81166667 0.24635416 0.81916666 0.24479167 0.8208333 0.24427083 0.8666667 0.24739583 0.8858333 0.25260416 0.89916664 0.26302084 0.9066667 0.33020833 0.9075 0.36302084 0.905 0.4265625 0.91 0.45104167 0.9075 0.4578125 0.9025 0.4640625 0.8933333 0.465625 0.885 0.46666667 0.8775 0.46458334 0.7075 0.46197918 0.695 0.45520833 0.68333334 0.45 0.6825 0.38385418 0.7391667 0.3546875 0.76166666 0.3484375 0.76166666 0.3375 0.755 0.33229166 0.7416667 0.33020833 0.7325 0.32135418 0.69666666
18 0.46979168 0.41416666 0.4359375 0.44333333 0.4265625 0.45416668 0.41875 0.46166667 0.41145834 0.5258333 0.403125 0.6358333 0.4015625 0.64 0.38854167 0.6525 0.3015625 0.6308333 0.315625 0.68416667 0.32135418 0.69666666 0.3359375 0.75333333 0.34895834 0.76166666 0.35520834 0.76 0.39635417 0.72833335 0.46979168 0.665 0.4875 0.6533333 0.4921875 0.5758333 0.5 0.56 0.5083333 0.55916667 0.5296875 0.56166667 0.49479166 0.44583333 0.48697916 0.42
18 0.55885416 0.855 0.5552083 0.79833335 0.50989586 0.7941667 0.49010417 0.7891667 0.48020834 0.77 0.48802084 0.6533333 0.47395834 0.6625 0.45052084 0.6816667 0.4546875 0.68333334 0.4625 0.6958333 0.4640625 0.70916665 0.46614584 0.87666667 0.4640625 0.8925 0.45885417 0.9025 0.4484375 0.9091667 0.41927084 0.91083336 0.42239583 0.94916666 0.42864582 0.96416664 0.43697917 0.97 0.49375 0.9633333 0.5546875 0.9525 0.5640625 0.94083333 0.565625 0.93
18 0.6666667 0.58666664 0.63125 0.5833333 0.6015625 0.57416666 0.5296875 0.56083333 0.5046875 0.55833334 0.49947917 0.56 0.49270833 0.575 0.48802084 0.6533333 0.4796875 0.76916665 0.490625 0.7891667 0.5104167 0.7941667 0.55572915 0.7975 0.6244792 0.80583334 0.6869792 0.81083333 0.6848958 0.7316667 0.68385416 0.7191667 0.6828125 0.68916667 0.6770833 0.6508333 0.6703125 0.6225
18 0.79270834 0.52416664 0.73541665 0.53833336 0.67395836 0.555 0.66770834 0.56416667 0.6645833 0.57916665 0.6671875 0.58666664 0.6713542 0.62583333 0.6765625 0.65 0.6828125 0.68666667 0.68385416 0.7225 0.6848958 0.73083335 0.6875 0.81083333 0.69427085 0.88666666 0.7057292 0.9025 0.71197915 0.90416664 0.7265625 0.8983333 0.7890625 0.88166666 0.81041664 0.8775 0.821875 0.87666667 0.8286458 0.87 0.83385414 0.855 0.8276042 0.79583335 0.81927085 0.68916667 0.81145835 0.6325 0.8078125 0.6175 0.8041667 0.55333334 0.80104166 0.5375
18 0.34010416 0.061666667 0.33072916 0.06583333 0.32447916 0.07833333 0.31354168 0.13916667 0.29322916 0.25 0.27552083 0.35916665 0.26979166 0.38166666 0.27083334 0.38916665 0.32552084 0.40916666 0.35364583 0.41583332 0.40520832 0.4275 0.41145834 0.42916667 0.421875 0.36166668 0.3796875 0.24916667 0.371875 0.22583333 0.378125 0.20666666 0.38645834 0.19916667 0.3984375 0.19 0.41979167 0.18583333 0.4265625 0.18416667 0.42447916 0.17166667 0.4265625 0.165 0.45520833 0.12166667 0.45104167 0.115833335 0.36041668 0.0725
18 0.47604167 0.111666664 0.46666667 0.10916667 0.46145833 0.11083333 0.4484375 0.1325 0.4265625 0.165 0.42447916 0.17083333 0.4265625 0.18416667 0.3984375 0.19 0.37708333 0.20666666 0.37239584 0.22583333 0.40364584 0.3125 0.4328125 0.38833332 0.45104167 0.43 0.46979168 0.41416666 0.48697916 0.42 0.5104167 0.49583334 0.55052084 0.45083332 0.5859375 0.41083333 0.5833333 0.39833334 0.575 0.3725 0.5708333 0.34833333 0.56458336 0.2975 0.53229165 0.22416666 0.48958334 0.13583334 0.48333332 0.119166665
18 0.6802083 0.18333334 0.63697916 0.195 0.5708333 0.21166667 0.5630208 0.22333333 0.55885416 0.235 0.565625 0.30583334 0.57239586 0.36166668 0.58229166 0.39583334 0.5864583 0.41166666 0.5859375 0.435 0.584375 0.46416667 0.5864583 0.54 0.59270835 0.54833335 0.6010417 0.55333334 0.6979167 0.5325 0.67552084 0.5175 0.6734375 0.49833333 0.70208335 0.38333333 0.7114583 0.35 0.70677084 0.28166667 0.696875 0.20333333 0.69166666 0.19333333
18 0.7828125 0.35083333 0.73854166 0.31 0.7338542 0.30833334 0.73020834 0.30916667 0.72239584 0.315 0.71666664 0.32916668 0.70989585 0.3525 0.67395836 0.4975 0.67552084 0.5183333 0.70677084 0.5366667 0.7140625 0.54333335 0.7921875 0.5233333 0.80052084 0.53583336 0.80364585 0.5491667 0.80677086 0.6 0.8598958 0.63166666 0.8697917 0.63 0.8776042 0.62083334 0.890625 0.5625 0.9078125 0.49 0.91614586 0.44416666 0.8833333 0.53 0.8703125 0.53833336 0.85 0.5225 0.7890625 0.45416668 0.771875 0.43333334 0.76875 0.41416666 0.7703125 0.405 0.7885417 0.35416666
18 0.87916666 0.14416666 0.87395835 0.14416666 0.8666667 0.14833333 0.85260415 0.18916667 0.8432292 0.21666667 0.83020836 0.25083333 0.8119792 0.29416665 0.7864583 0.35916665 0.76979166 0.4075 0.76875 0.41416666 0.77135414 0.4325 0.81614584 0.485 0.85052085 0.5233333 0.87083334 0.53833336 0.88385415 0.5308333 0.9296875 0.40416667 0.95 0.36 0.9848958 0.27 0.98645836 0.26416665 0.98333335 0.24333334 0.9796875 0.23416667 0.8989583 0.16333333
18 0.0984375 0.15416667 0.08802083 0.17416666 0.092708334 0.295 0.0953125 0.34333333 0.09375 0.38416666 0.08802083 0.49583334 0.100520834 0.515 0.18697916 0.5175 0.19791667 0.44166666 0.2 0.405 0.20677084 0.38666666 0.21354167 0.3775 0.22291666 0.37416667 0.23854166 0.37833333 0.24010417 0.32416666 0.24010417 0.1775 0.22760417 0.16083333 0.125 0.15583333
