6 0.086979166 0.39 0.021354167 0.56 0.06302083 0.5858333 0.13177083 0.61583334 0.153125 0.665 0.16510417 0.675 0.2015625 0.6016667 0.23125 0.51916665 0.1859375 0.49 0.102604166 0.40333334
6 0.24375 0.53 0.215625 0.56666666 0.20104167 0.60333335 0.1671875 0.6675 0.20104167 0.72 0.2484375 0.83916664 0.27864584 0.805 0.29270834 0.77916664 0.32708332 0.74083334 0.34010416 0.7183333 0.31354168 0.6775 0.2671875 0.5883333 0.25104168 0.54083335
6 0.39583334 0.62333333 0.3953125 0.6558333 0.3828125 0.7025 0.3671875 0.7608333 0.3671875 0.79333335 0.42083332 0.8041667 0.484375 0.82416666 0.51458335 0.84 0.54010415 0.6641667 0.48958334 0.65416664
6 0.2328125 0.23 0.2609375 0.4 0.26510417 0.40666667 0.35677084 0.3375 0.3796875 0.33416668 0.39791667 0.32583332 0.37395832 0.15 0.35520834 0.15583333 0.29739583 0.19833334 0.26770833 0.20916666
6 0.203125 0.085 0.20677084 0.12 0.21927084 0.13166666 0.2328125 0.2275 0.275 0.20416667 0.2953125 0.19833334 0.33489582 0.17 0.32552084 0.10916667 0.315625 0.041666668
6 0.246875 0.315 0.20520833 0.36166668 0.21145834 0.3825 0.22864583 0.41 0.24791667 0.42416668 0.24791667 0.44583333 0.278125 0.56333333 0.28229168 0.5625 0.32291666 0.5391667 0.34322917 0.51916665 0.37708333 0.49416667 0.35416666 0.45333335 0.33958334 0.4375 0.3546875 0.41416666 0.34010416 0.37833333 0.33229166 0.35583332 0.26458332 0.40833333 0.25989583 0.4
6 0.384375 0.028333334 0.3984375 0.2125 0.41302082 0.21 0.44270834 0.19666667 0.47083333 0.19916667 0.50989586 0.18666667 0.55260414 0.19 0.54270834 0.0016666667 0.5239583 0.0058333334 0.465625 0.028333334 0.38854167 0.025833333
6 0.4921875 0.19166666 0.5572917 0.23666666 0.5890625 0.23833333 0.6010417 0.15666667 0.6140625 0.12 0.628125 0.01 0.5911458 0.0 0.54270834 0.0 0.5520833 0.19083333 0.5104167 0.18583333
6 0.43177083 0.2475 0.41666666 0.27166668 0.41822916 0.285 0.3984375 0.3375 0.36197916 0.405 0.34010416 0.43666667 0.35729167 0.45916668 0.42135417 0.56333333 0.44010416 0.5225 0.48072916 0.43333334 0.51979166 0.35916665
6 0.53541666 0.39666668 0.5229167 0.41416666 0.5072917 0.46916667 0.44270834 0.5991667 0.5015625 0.655 0.5385417 0.66333336 0.5385417 0.68666667 0.5677083 0.60083336 0.6234375 0.5
6 0.52239585 0.23916666 0.5203125 0.2775 0.53333336 0.34333333 0.53020835 0.40083334 0.5359375 0.3975 0.6067708 0.48083332 0.6401042 0.48 0.6390625 0.46083334 0.6302083 0.4175 0.63072914 0.2875 0.6333333 0.265 0.6333333 0.24083333 0.6041667 0.23916666 0.53333336 0.23833333
6 0.63125 0.35083333 0.62916666 0.415 0.6390625 0.45833334 0.640625 0.48 0.60729164 0.47916666 0.6234375 0.4975 0.61614585 0.5158333 0.7192708 0.54083335 0.7270833 0.42833334 0.73229164 0.36833334 0.725 0.36166668 0.665625 0.3625
6 0.78802085 0.51666665 0.703125 0.56333333 0.69166666 0.5775 0.72447914 0.6958333 0.74114585 0.7916667 0.74635416 0.8 0.796875 0.7575 0.8484375 0.7316667 0.82916665 0.69166666 0.8072917 0.60833335 0.796875 0.51416665
6 0.73020834 0.37583333 0.71979165 0.54 0.7125 0.5425 0.715625 0.555 0.79010415 0.51416665 0.796875 0.5133333 0.80104166 0.5183333 0.86302084 0.50333333 0.83958334 0.34333333 0.8255208 0.33333334 0.815625 0.33916667 0.7369792 0.37333333
6 0.8015625 0.12166667 0.7921875 0.14083333 0.7703125 0.20666666 0.7578125 0.27 0.75208336 0.28666666 0.8078125 0.31916666 0.8229167 0.33166668 0.8833333 0.37666667 0.89635414 0.345 0.909375 0.29916668 0.92604166 0.21916667 0.91875 0.20833333 0.86927086 0.18 0.83177084 0.155 0.8078125 0.13083333
6 0.17447917 0.735 0.14583333 0.75166667 0.08385417 0.805 0.016145833 0.83 0.045833334 1.0 0.07447917 1.0 0.1625 0.92833334 0.20572917 0.9125 0.21302083 0.90416664 0.20260416 0.8641667 0.18958333 0.80583334 0.1765625 0.75
