2 0.2515625 0.5575 0.39479166 0.50916666 0.41770834 0.5025 0.42291668 0.5208333 0.4140625 0.5416667 0.41979167 0.5525 0.42916667 0.56 0.45677084 0.7866667 0.46927083 0.87 0.44635418 0.88 0.37604168 0.9 0.29739583 0.92083335 0.29166666 0.8983333 0.28541666 0.8283333 0.27604166 0.75 0.26770833 0.6983333 0.25 0.56583333
1 0.48229167 0.7175 0.51927084 0.73833334 0.53333336 0.73833334 0.56458336 0.74333334 0.5630208 0.73833334 0.5552083 0.7266667 0.5640625 0.7275 0.57395834 0.73833334 0.5755208 0.75 0.57239586 0.7775 0.56822914 0.7941667 0.5651042 0.8625 0.56041664 0.98083335 0.55833334 0.99333334 0.56041664 0.99916667 0.46197918 1.0 0.478125 0.96666664 0.478125 0.94416666 0.48020834 0.8875 0.48645833 0.79 0.4859375 0.76666665 0.48541668 0.73333335 0.48125 0.7241667
5 0.60364586 0.6775 0.64947915 0.6358333 0.6921875 0.60083336 0.7583333 0.54083335 0.7625 0.54333335 0.78229165 0.5908333 0.78333336 0.6066667 0.81458336 0.7058333 0.83125 0.755 0.84166664 0.7825 0.87395835 0.8408333 0.86614585 0.8466667 0.8286458 0.8725 0.7885417 0.9066667 0.7739583 0.92583334 0.759375 0.9475 0.71458334 0.99333334 0.7057292 0.97583336 0.7026042 0.95666665 0.68385416 0.8925 0.6666667 0.82666665 0.65416664 0.7825 0.6411458 0.7658333 0.60729164 0.69916666 0.6015625 0.6816667
5 0.5182292 0.30333334 0.5385417 0.32916668 0.54010415 0.33916667 0.5390625 0.46 0.55364585 0.46 0.5619792 0.45416668 0.6109375 0.43083334 0.62395835 0.445 0.6640625 0.4875 0.69375 0.51416665 0.6927083 0.5258333 0.6880208 0.54333335 0.64375 0.62583333 0.625 0.65833336 0.60260415 0.67833334 0.6015625 0.6825 0.6067708 0.7 0.5854167 0.74916667 0.57708335 0.745 0.5708333 0.7316667 0.5552083 0.69416666 0.5421875 0.67583334 0.49895832 0.6191667 0.4671875 0.5758333 0.45520833 0.5708333 0.42864582 0.55916667 0.42083332 0.5541667 0.4140625 0.5416667 0.42239583 0.52416664 0.4390625 0.48833334 0.5125 0.31583333
21 0.21041666 0.30166668 0.28072917 0.22833334 0.31041667 0.20166667 0.33489582 0.17833333 0.3578125 0.14916667 0.378125 0.125 0.4171875 0.0875 0.4390625 0.06916667 0.44739583 0.075 0.45416668 0.09 0.45885417 0.11 0.4484375 0.1475 0.46145833 0.1625 0.5109375 0.2225 0.51354164 0.235 0.5109375 0.24666667 0.4921875 0.27583334 0.45104167 0.3325 0.40260416 0.39916667 0.33125 0.47916666 0.2734375 0.5391667 0.26354167 0.5341667 0.2546875 0.51 0.22604166 0.43583333 0.20989583 0.39916667 0.2046875 0.36 0.2109375 0.34 0.20729166 0.315 0.20416667 0.3125
0 0.58697915 0.1775 0.6088542 0.16833334 0.62083334 0.15833333 0.6953125 0.11 0.71197915 0.10333333 0.72083336 0.104166664 0.72291666 0.14583333 0.7192708 0.2175 0.71510416 0.25916666 0.72447914 0.27333334 0.7328125 0.30833334 0.7515625 0.4125 0.7494792 0.41916665 0.7328125 0.42583334 0.70104164 0.42083332 0.6671875 0.4175 0.634375 0.42083332 0.6098958 0.43083334 0.5854167 0.44333333 0.559375 0.45583335 0.5546875 0.46 0.5390625 0.46 0.5395833 0.34333333 0.5390625 0.31166667 0.5385417 0.2675 0.52916664 0.119166665 0.5395833 0.115 0.5421875 0.1275 0.55572915 0.14666666 0.5796875 0.175
15 0.7526042 0.29333332 0.78229165 0.3425 0.8463542 0.4775 0.86510414 0.5208333 0.86927086 0.535 0.86875 0.55333334 0.8697917 0.5575 0.8697917 0.565 0.87291664 0.57666665 0.86614585 0.58 0.86145836 0.56666666 0.85364586 0.565 0.84270835 0.56083333 0.83177084 0.5366667 0.7890625 0.445 0.74114585 0.35416666 0.734375 0.315 0.725 0.275 0.7213542 0.26583335 0.7296875 0.2675 0.740625 0.275
4 0.8203125 0.006666667 0.80833334 0.013333334 0.7895833 0.0225 0.778125 0.021666666 0.76458335 0.0175 0.75364584 0.011666667 0.74427086 0.0 0.83958334 0.0 0.8697917 0.030833334 0.865625 0.0325 0.84166664 0.01 0.83177084 0.005
2 1.0 0.026666667 0.98333335 0.0575 0.9536458 0.1175 0.9484375 0.1175 0.87864584 0.04083333 0.8703125 0.031666666 0.84010416 0.0 1.0 0.0
14 0.14479166 0.33333334 0.1625 0.33083335 0.1765625 0.325 0.20677084 0.315 0.2109375 0.33916667 0.2046875 0.36166668 0.20833333 0.37916666 0.21666667 0.465 0.2359375 0.6383333 0.24010417 0.6458333 0.24375 0.67 0.240625 0.675 0.23020834 0.6775 0.1984375 0.69 0.17864583 0.69 0.18125 0.675 0.184375 0.65416664 0.18125 0.6325 0.1671875 0.50416666 0.153125 0.37916666 0.15052083 0.37 0.14322917 0.36166668 0.1421875 0.34166667
