8 0.409375 0.5525 0.40520832 0.5491667 0.38697916 0.55083334 0.37916666 0.55333334 0.375 0.5575 0.37447917 0.56083333 0.37291667 0.57416666 0.37083334 0.5858333 0.37135416 0.5941667 0.3890625 0.5733333 0.409375 0.5525
8 0.47864583 0.7325 0.47239584 0.73333335 0.5005208 0.70166665 0.5328125 0.6641667 0.5328125 0.6616667 0.5375 0.6666667 0.54270834 0.6766667 0.5453125 0.6925 0.54479164 0.7075 0.540625 0.7191667 0.5364583 0.725 0.5208333 0.7291667 0.49166667 0.7316667
8 0.50364584 0.5425 0.49635416 0.53833336 0.50989586 0.57916665 0.5182292 0.6041667 0.5296875 0.6358333 0.53020835 0.6425 0.53125 0.635 0.53020835 0.6016667 0.5265625 0.5858333 0.5161458 0.5625 0.50989586 0.5491667
8 0.578125 0.43166667 0.57916665 0.42416668 0.58489585 0.41083333 0.59166664 0.40666667 0.6302083 0.3875 0.6322917 0.39166668 0.63385415 0.39166668 0.63489586 0.38583332 0.65989584 0.3775 0.66822916 0.37416667 0.6822917 0.36833334 0.7125 0.35583332 0.7395833 0.34166667 0.7838542 0.3175 0.7890625 0.3175 0.79322916 0.31916666 0.8 0.32583332 0.80364585 0.33416668 0.80677086 0.36 0.8109375 0.39833334 0.81927085 0.44083333 0.83020836 0.5025 0.82916665 0.5133333 0.8229167 0.5258333 0.80364585 0.535 0.775 0.5466667 0.7109375 0.57 0.6953125 0.57416666 0.68958336 0.5783333 0.68177086 0.58666664 0.67552084 0.5858333 0.671875 0.58166665 0.6635417 0.5883333 0.6354167 0.6091667 0.62604165 0.60583335 0.61875 0.59583336 0.60572916 0.555 0.58802086 0.48666668 0.5786458 0.44
8 0.6802083 0.34916666 0.68072915 0.3125 0.68385416 0.305 0.68958336 0.29833335 0.6958333 0.29583332 0.7375 0.29583332 0.73854166 0.3 0.7395833 0.30166668 0.7427083 0.295 0.7515625 0.29833335 0.7661458 0.29916668 0.79270834 0.29416665 0.81927085 0.29166666 0.84583336 0.285 0.884375 0.2775 0.8911458 0.28083333 0.8958333 0.2875 0.8979167 0.29416665 0.89739585 0.3575 0.89635414 0.3975 0.89947915 0.43833333 0.9010417 0.4675 0.90052086 0.47916666 0.89635414 0.485 0.8921875 0.48916668 0.86614585 0.49083334 0.8484375 0.49583334 0.82916665 0.4975 0.81614584 0.42333335 0.8109375 0.39833334 0.80364585 0.33416668 0.8 0.32583332 0.79322916 0.31916666 0.7890625 0.31666666 0.7838542 0.31666666 0.74114585 0.34083334 0.7125 0.355 0.6802083 0.36916667
8 0.628125 0.3775 0.63072914 0.37 0.65625 0.35083333 0.675 0.3425 0.6802083 0.3425 0.6802083 0.36916667 0.66041666 0.3775 0.63489586 0.38583332 0.63385415 0.3925 0.6322917 0.39166668 0.6302083 0.38666666 0.62708336 0.38833332 0.6276042 0.38166666
8 0.5776042 0.4275 0.5677083 0.40666667 0.559375 0.38666666 0.55833334 0.36916667 0.5609375 0.35833332 0.58125 0.32916668 0.5911458 0.3175 0.59583336 0.32 0.5953125 0.31166667 0.6067708 0.29916668 0.61875 0.28916666 0.62708336 0.275 0.6375 0.2575 0.66041666 0.225 0.68385416 0.19333333 0.7 0.16916667 0.7078125 0.16 0.71458334 0.15916666 0.71979165 0.16 0.72552085 0.16666667 0.73125 0.1825 0.7369792 0.20333333 0.7390625 0.21916667 0.7447917 0.22833334 0.75677085 0.23916666 0.76979166 0.25666666 0.78802085 0.2875 0.7921875 0.295 0.7661458 0.29916668 0.7515625 0.2975 0.7421875 0.295 0.74010414 0.30166668 0.73854166 0.29916668 0.73802084 0.295 0.6953125 0.29583332 0.68958336 0.29833335 0.68385416 0.30416667 0.6802083 0.3125 0.6802083 0.3425 0.675 0.3425 0.65625 0.35083333 0.63072914 0.37 0.628125 0.3775 0.62708336 0.3825 0.62708336 0.38833332 0.5911458 0.40666667 0.58489585 0.41083333 0.57916665 0.42416668 0.5786458 0.43
8 0.68854165 0.5808333 0.68958336 0.57916665 0.6958333 0.57416666 0.7708333 0.54833335 0.80677086 0.53333336 0.8208333 0.52666664 0.83385414 0.56333333 0.8375 0.5775 0.83697915 0.59166664 0.8328125 0.6016667 0.80572915 0.62416667 0.78229165 0.64 0.76458335 0.635 0.7260417 0.62166667 0.696875 0.61083335 0.6921875 0.5908333 0.690625 0.5858333
8 0.7234375 0.74583334 0.7078125 0.7025 0.67552084 0.6075 0.6713542 0.5941667 0.6723958 0.5825 0.675 0.5858333 0.68177086 0.58666664 0.6880208 0.58 0.6890625 0.5825 0.690625 0.585 0.696875 0.61083335 0.7359375 0.625 0.78229165 0.64 0.80572915 0.62416667 0.8328125 0.6016667 0.8364583 0.5925 0.8375 0.5775 0.8328125 0.56166667 0.8208333 0.52666664 0.8229167 0.5258333 0.82916665 0.5133333 0.83020836 0.5025 0.82916665 0.4975 0.8489583 0.49666667 0.86614585 0.49083334 0.88489586 0.49 0.8921875 0.5175 0.89947915 0.5366667 0.9135417 0.58 0.9125 0.5908333 0.90833336 0.6041667 0.8953125 0.6125 0.8828125 0.6191667 0.8666667 0.625 0.8578125 0.6325 0.85 0.6433333 0.8234375 0.675 0.79114586 0.70666665 0.775 0.7183333 0.77135414 0.71416664 0.77135414 0.7191667 0.76354164 0.7241667 0.74791664 0.74 0.73541665 0.75083333 0.72864586 0.75
8 0.31979167 0.67833334 0.3203125 0.66583335 0.32447916 0.655 0.35572916 0.61333334 0.38958332 0.5725 0.4109375 0.55083334 0.41666666 0.5416667 0.428125 0.52 0.4421875 0.5 0.446875 0.50333333 0.44791666 0.49833333 0.446875 0.49416667 0.46302083 0.47166666 0.47135416 0.45833334 0.47239584 0.45583335 0.47447917 0.4575 0.48125 0.47833332 0.49635416 0.53833336 0.50625 0.5683333 0.51875 0.60583335 0.5296875 0.6358333 0.5328125 0.6641667 0.51666665 0.68333334 0.47239584 0.73333335 0.44583333 0.76666665 0.4203125 0.8 0.40208334 0.82416666 0.3953125 0.82666665 0.3859375 0.8233333 0.38333333 0.81916666 0.36770833 0.78 0.34583333 0.72833335 0.34270832 0.7225 0.328125 0.7 0.32135418 0.68416667
