2 0.290625 0.38083333 0.30416667 0.38083333 0.32916668 0.3775 0.38125 0.35583332 0.42239583 0.34083334 0.4609375 0.325 0.46354166 0.32833335 0.46614584 0.3225 0.5 0.3125 0.50677085 0.345 0.52447915 0.44833332 0.53489584 0.515 0.546875 0.57916665 0.50989586 0.5941667 0.5078125 0.58916664 0.50625 0.595 0.4625 0.6125 0.396875 0.6383333 0.32916668 0.6616667 0.32239583 0.6625 0.32083333 0.6616667 0.31666666 0.6616667 0.3109375 0.665 0.303125 0.61833334 0.30052084 0.58416665 0.30052084 0.54 0.3 0.50916666 0.29791668 0.4975 0.30052084 0.48416665 0.30104166 0.465 0.2984375 0.44666666 0.29270834 0.42083332 0.290625 0.39833334
2 0.29427084 0.46583334 0.29322916 0.46666667 0.29791668 0.49833333 0.30052084 0.48416665 0.30104166 0.465 0.30052084 0.46
2 0.35625 0.8233333 0.3546875 0.81666666 0.353125 0.805 0.34427083 0.75166667 0.33541667 0.7033333 0.32864583 0.6616667 0.32916668 0.6616667 0.378125 0.64416665 0.4 0.63666666 0.45572916 0.615 0.50364584 0.59583336 0.515625 0.6558333 0.53020835 0.73083335 0.49947917 0.74833333 0.45520833 0.7708333 0.42083332 0.78833336 0.37760416 0.81166667
2 0.31979167 0.9166667 0.30052084 0.89666665 0.30520833 0.8775 0.30833334 0.865 0.32135418 0.825 0.334375 0.785 0.34427083 0.7525 0.353125 0.80583334 0.3546875 0.81666666 0.35625 0.8233333 0.38333333 0.80833334 0.41458333 0.7916667 0.45 0.7733333 0.49791667 0.74916667 0.53020835 0.73083335 0.51197916 0.63916665 0.565625 0.68333334 0.55104166 0.73083335 0.5484375 0.73 0.5473958 0.7316667 0.5494792 0.73583335 0.534375 0.77666664 0.5171875 0.83 0.50572914 0.87 0.49270833 0.91833335 0.478125 0.9675 0.46875 1.0 0.41927084 1.0 0.3953125 0.9825 0.38541666 0.97 0.3671875 0.9583333 0.346875 0.9425 0.32604167 0.92333335
2 0.32083333 0.93916667 0.31458333 0.9116667 0.32239583 0.9191667 0.346875 0.9425 0.36770833 0.9583333 0.38541666 0.97 0.39583334 0.9825 0.41927084 1.0 0.33489582 1.0
2 0.33177084 0.70166665 0.27083334 0.74 0.2859375 0.7966667 0.28958333 0.7975 0.28645834 0.8025 0.30572918 0.875 0.3078125 0.86583334 0.34427083 0.7525 0.334375 0.69916666
2 0.5260417 0.99083334 0.5140625 0.93833333 0.5015625 0.8858333 0.48958334 0.9291667 0.46875 1.0 0.5130208 1.0
2 0.5395833 0.8591667 0.50989586 0.85583335 0.5182292 0.82666665 0.53541666 0.775 0.55 0.73583335 0.5473958 0.7316667 0.5484375 0.73 0.55104166 0.73083335 0.565625 0.68333334 0.5125 0.63916665 0.50364584 0.59583336 0.50625 0.595 0.5078125 0.58916664 0.509375 0.5933333 0.546875 0.58 0.53229165 0.4975 0.52916664 0.475 0.60520834 0.49333334 0.62916666 0.5 0.625 0.55333334 0.6203125 0.61083335 0.6145833 0.6616667 0.6098958 0.70416665 0.6041667 0.7925 0.603125 0.805 0.6015625 0.81 0.603125 0.81 0.596875 0.86833334
2 0.55260414 0.8666667 0.5515625 0.8641667 0.55052084 0.86083335 0.55625 0.8616667 0.5552083 0.8641667 0.55364585 0.86583334
2 0.6166667 0.80333334 0.6020833 0.8183333 0.60260415 0.81 0.6015625 0.81 0.603125 0.805 0.60729164 0.75166667 0.61041665 0.7 0.6145833 0.6575 0.6203125 0.615 0.628125 0.5108333 0.6458333 0.56083333 0.6713542 0.6358333 0.6947917 0.69916666 0.70416665 0.7275 0.6484375 0.77916664 0.6244792 0.7975
2 0.5239583 0.27583334 0.49270833 0.30416667 0.49322918 0.30916667 0.49114582 0.30916667 0.48958334 0.30666667 0.47708333 0.31916666 0.5 0.3125 0.50625 0.34333333 0.515625 0.39416668 0.5286458 0.475 0.59010416 0.49 0.6109375 0.495 0.58958334 0.4475 0.5703125 0.39333335 0.55260414 0.34833333
2 0.590625 0.40416667 0.5776042 0.41416666 0.59010416 0.44916666 0.6109375 0.495 0.6244792 0.49916667 0.603125 0.4375 0.5963542 0.415
2 0.7234375 0.0 0.70208335 0.036666665 0.671875 0.0 0.68125 0.0 0.69375 0.0 0.7135417 0.0
