17 0.5046875 0.17416666 0.49375 0.18083334 0.48958334 0.19333333 0.46197918 0.24666667 0.44427082 0.2825 0.421875 0.33416668 0.41510418 0.34916666 0.41354167 0.36666667 0.41614583 0.37916666 0.46875 0.43583333 0.48958334 0.46083334 0.51354164 0.48583335 0.51927084 0.47833332 0.528125 0.495 0.534375 0.5158333 0.54791665 0.54083335 0.5578125 0.5541667 0.5734375 0.55583334 0.60833335 0.5083333 0.6380208 0.45166665 0.6567708 0.41666666 0.6671875 0.4025 0.66822916 0.385 0.66302085 0.37416667 0.58020836 0.25833333 0.53541666 0.19833334 0.5307292 0.20333333 0.53020835 0.19416666 0.5161458 0.17583333
17 0.5598958 0.13916667 0.53020835 0.20333333 0.53541666 0.19916667 0.6067708 0.29416665 0.6296875 0.3275 0.6510417 0.3575 0.6635417 0.375 0.66822916 0.38583332 0.66770834 0.40333334 0.65625 0.41666666 0.62135416 0.48416665 0.64479166 0.505 0.65260416 0.50666666 0.6635417 0.5 0.68645835 0.43416667 0.6901042 0.41 0.68854165 0.3775 0.69322914 0.36083335 0.6984375 0.355 0.7036458 0.35416666 0.7135417 0.3625 0.7234375 0.36083335 0.7270833 0.35333332 0.728125 0.34 0.7270833 0.33166668 0.7109375 0.30666667 0.6802083 0.2725 0.64739585 0.22833334 0.60052085 0.16833334 0.5796875 0.14 0.5755208 0.13666667 0.56927085 0.1375
17 0.43020833 0.0 0.42864582 0.009166666 0.42864582 0.0175 0.44114584 0.054166667 0.4515625 0.08 0.4578125 0.08916666 0.4640625 0.1075 0.46927083 0.115833335 0.47447917 0.12 0.484375 0.13833334 0.49479166 0.15333334 0.51145834 0.16333333 0.5239583 0.17 0.53489584 0.1675 0.54322916 0.1575 0.55104166 0.13416667 0.5546875 0.115 0.5598958 0.1075 0.5708333 0.125 0.5864583 0.12 0.62395835 0.094166666 0.6645833 0.06583333 0.67083335 0.0475 0.67291665 0.033333335 0.6625 0.0
17 0.73333335 0.0 0.6625 0.0 0.67291665 0.0325 0.67083335 0.046666667 0.665625 0.06333333 0.66822916 0.060833335 0.6848958 0.04083333 0.7005208 0.0325 0.71458334 0.020833334 0.7296875 0.004166667
17 0.61927086 0.11083333 0.61302084 0.108333334 0.60729164 0.10583334 0.62708336 0.0925 0.625 0.09833334 0.6244792 0.105 0.6255208 0.111666664 0.6265625 0.115833335 0.6223958 0.111666664
17 0.965625 0.5175 0.9484375 0.52416664 0.89427084 0.5466667 0.86354166 0.5516667 0.8598958 0.5566667 0.83177084 0.5675 0.8296875 0.575 0.82708335 0.5683333 0.809375 0.575 0.80260414 0.5833333 0.79583335 0.6016667 0.8015625 0.7216667 0.8015625 0.76666665 0.8072917 0.80833334 0.81354165 0.81666666 0.821875 0.815 0.834375 0.8075 0.83489585 0.8 0.83802086 0.80583334 0.8645833 0.7941667 0.88177085 0.7866667 0.9057292 0.77916664 0.9322917 0.77166665 0.9927083 0.7608333 1.0 0.75666666 1.0 0.70166665 0.99583334 0.66833335 0.99322915 0.63666666 0.98072916 0.5375 0.9770833 0.5275 0.9703125 0.5183333
17 1.0 1.0 0.8255208 1.0 0.7963542 0.89666665 0.7875 0.8525 0.7895833 0.83666664 0.7953125 0.8275 0.82135415 0.8175 0.9010417 0.7866667 0.93125 0.7725 0.9921875 0.7608333 1.0 0.75666666
17 0.8911458 0.44916666 0.8541667 0.44 0.77760416 0.4225 0.76875 0.42916667 0.76197916 0.44 0.759375 0.48416665 0.76354164 0.48916668 0.75885415 0.4925 0.7578125 0.5683333 0.76354164 0.5875 0.7640625 0.6025 0.7609375 0.62166667 0.7583333 0.63166666 0.7416667 0.7366667 0.7427083 0.74333334 0.74895835 0.75166667 0.7583333 0.75666666 0.7765625 0.7575 0.79114586 0.755 0.80104166 0.75916666 0.8015625 0.72 0.79583335 0.6025 0.803125 0.58416665 0.809375 0.57416666 0.82708335 0.5683333 0.82916665 0.57416666 0.83177084 0.5675 0.8598958 0.5566667 0.8640625 0.5516667 0.89427084 0.54583335 0.89739585 0.5225 0.8953125 0.5158333 0.8984375 0.5133333 0.9010417 0.46916667 0.8979167 0.4575
17 0.94739586 0.1375 0.85 0.10916667 0.8130208 0.0975 0.80364585 0.10583334 0.79791665 0.1175 0.79270834 0.15583333 0.79583335 0.1625 0.7916667 0.16416667 0.77760416 0.26416665 0.76770836 0.32666665 0.75 0.415 0.7546875 0.43416667 0.76145834 0.44 0.76875 0.42916667 0.778125 0.4225 0.89166665 0.44916666 0.8953125 0.45166665 0.8979167 0.44833332 0.90052086 0.425 0.90625 0.3925 0.9088542 0.36083335 0.9135417 0.34333333 0.90989584 0.32916668 0.9125 0.31666666 0.92552084 0.27666667 0.94427085 0.21666667 0.9447917 0.21166667 0.94375 0.205 0.94739586 0.20583333 0.95677084 0.17 0.9578125 0.16166666 0.95520836 0.1475 0.95208335 0.1425
17 1.0 0.093333334 0.9765625 0.06 0.97083336 0.06 0.9734375 0.051666666 0.9609375 0.034166668 0.953125 0.03 0.94895834 0.033333335 0.8953125 0.1225 0.946875 0.13666667 0.9526042 0.1425 0.95625 0.14916667 0.9578125 0.16083333 0.95677084 0.17 0.94739586 0.20583333 0.94375 0.20416667 0.94427085 0.21583334 0.91979164 0.295 0.91302085 0.315 0.9234375 0.32666665 0.93645835 0.35166666 0.9828125 0.41833332 0.99114585 0.41833332 1.0 0.41333333
17 0.6265625 0.11416667 0.62395835 0.1075 0.6244792 0.09833334 0.6265625 0.09166667 0.6645833 0.06583333 0.665625 0.0625 0.6671875 0.061666667 0.6848958 0.04 0.7005208 0.033333335 0.71770835 0.0175 0.7338542 0.0 0.8307292 0.0 0.8390625 0.030833334 0.85364586 0.07 0.865625 0.11333334 0.81354165 0.09833334 0.80364585 0.10583334 0.79791665 0.1175 0.79270834 0.155 0.79583335 0.1625 0.79114586 0.16416667 0.7817708 0.23416667 0.7546875 0.25416666 0.7125 0.2925 0.7046875 0.29916668 0.67864585 0.27166668 0.6609375 0.2475 0.65052086 0.2075 0.6432292 0.1675 0.6375 0.14333333 0.63072914 0.12666667
17 0.84791666 0.009166666 0.8463542 0.0 0.83125 0.0 0.8390625 0.031666666 0.853125 0.06916667 0.8546875 0.07 0.8546875 0.060833335
17 0.74322915 0.28083333 0.74010414 0.2675 0.75416666 0.25416666 0.7817708 0.23416667 0.76770836 0.3275 0.76666665 0.3325 0.7604167 0.33 0.7526042 0.32166666 0.74583334 0.295
17 0.4625 0.5825 0.45416668 0.5941667 0.45104167 0.60583335 0.45885417 0.7325 0.4703125 0.81583333 0.47552082 0.825 0.48802084 0.8333333 0.50885415 0.8225 0.51666665 0.81166667 0.51770836 0.79333335 0.5234375 0.7916667 0.534375 0.7941667 0.5494792 0.81083333 0.5734375 0.81333333 0.59375 0.82166666 0.61822915 0.82416666 0.6234375 0.81666666 0.6255208 0.82666665 0.6401042 0.83 0.6489583 0.83 0.65833336 0.8208333 0.6625 0.80916667 0.6713542 0.7058333 0.6713542 0.68833333 0.6713542 0.5966667 0.665625 0.585 0.65989584 0.5808333 0.6333333 0.58 0.63125 0.5858333 0.628125 0.58 0.5708333 0.5833333 0.5052083 0.5833333 0.4703125 0.5833333
17 0.34947917 0.81916666 0.340625 0.835 0.33489582 0.8575 0.31927082 0.95416665 0.32395834 0.9575 0.31458333 1.0 0.45572916 1.0 0.475 0.9508333 0.48958334 0.8808333 0.4875 0.8725 0.49114582 0.8725 0.4953125 0.855 0.49166667 0.8408333 0.48854166 0.8333333 0.47552082 0.8258333 0.4703125 0.81666666 0.4203125 0.79583335 0.39322916 0.785 0.38125 0.79583335 0.35885417 0.81333333
17 0.7046875 0.88166666 0.68958336 0.8908333 0.67552084 0.8975 0.6546875 0.89916664 0.640625 0.885 0.62864584 0.87416667 0.61875 0.8516667 0.59791666 0.8441667 0.5671875 0.8233333 0.5463542 0.8675 0.52708334 0.89916664 0.50572914 0.9433333 0.51666665 0.9633333 0.521875 0.96166664 0.5203125 0.97 0.53020835 0.9841667 0.5421875 0.985 0.54479164 0.9816667 0.56666666 1.0 0.6546875 1.0 0.65833336 0.9775 0.6645833 0.9633333 0.67760414 0.95166665 0.68854165 0.93583333 0.7026042 0.905 0.7057292 0.89
17 0.5651042 0.8208333 0.5546875 0.81333333 0.55260414 0.81083333 0.5734375 0.8125 0.5942708 0.82166666 0.61822915 0.82416666 0.6234375 0.81666666 0.6255208 0.82666665 0.63958335 0.82916665 0.6484375 0.82916665 0.6578125 0.8208333 0.6625 0.80916667 0.6640625 0.78833336 0.71875 0.7941667 0.73333335 0.7925 0.740625 0.7891667 0.7473958 0.7891667 0.74791664 0.8475 0.7484375 0.865 0.7494792 0.88416666 0.7447917 0.8958333 0.7359375 0.905 0.72760415 0.90416664 0.72239584 0.8975 0.71979165 0.885 0.7104167 0.8808333 0.70520836 0.88166666 0.69114584 0.89 0.67604166 0.89666665 0.65520835 0.89916664 0.63854164 0.8833333 0.62864584 0.87416667 0.61822915 0.8516667 0.59947914 0.845 0.5671875 0.8233333
17 0.75416666 0.56333333 0.75208336 0.565 0.73020834 0.56333333 0.7171875 0.5575 0.65208334 0.54 0.6484375 0.5441667 0.646875 0.54 0.61875 0.5341667 0.61041665 0.54083335 0.60520834 0.5566667 0.6020833 0.57166666 0.6020833 0.58166665 0.628125 0.5808333 0.63125 0.585 0.6333333 0.58 0.65989584 0.5808333 0.665625 0.585 0.6713542 0.59583336 0.6713542 0.705 0.6645833 0.7875 0.6979167 0.7916667 0.71875 0.7941667 0.73333335 0.79333335 0.74010414 0.7891667 0.74791664 0.78833336 0.75989586 0.75666666 0.7583333 0.75666666 0.7494792 0.75166667 0.7416667 0.7416667 0.7416667 0.73583335 0.7583333 0.6325 0.7640625 0.60333335 0.76354164 0.58666664 0.7578125 0.5675 0.7572917 0.56333333
17 0.42395833 0.65166664 0.4515625 0.62166667 0.453125 0.65 0.45885417 0.7316667 0.46770832 0.7966667 0.4515625 0.795 0.44427082 0.7941667 0.44947916 0.7866667 0.4515625 0.775 0.44947916 0.7683333 0.44427082 0.75916666 0.43645832 0.73833334 0.42708334 0.71416664 0.425 0.6766667
17 0.34739584 0.6191667 0.34791666 0.6333333 0.34739584 0.64 0.328125 0.66083336 0.31822917 0.65416664 0.28697917 0.6791667 0.25729167 0.7075 0.22916667 0.7341667 0.22760417 0.74333334 0.22395833 0.7375 0.21197917 0.74833333 0.20989583 0.77166665 0.2171875 0.7975 0.23125 0.84 0.25104168 0.88666666 0.27291667 0.9266667 0.28697917 0.9475 0.296875 0.94916666 0.30572918 0.94166666 0.325 0.9175 0.33489582 0.855 0.340625 0.835 0.34947917 0.8183333 0.3609375 0.81166667 0.384375 0.7941667 0.39322916 0.7841667 0.434375 0.8016667 0.44895834 0.7891667 0.45104167 0.7758333 0.44895834 0.7658333 0.44427082 0.76 0.42708334 0.71416664 0.40677083 0.67083335 0.38177082 0.62 0.371875 0.6 0.36510417 0.59833336 0.35625 0.6 0.3515625 0.6075
17 0.015625 0.69 0.0 0.7033333 0.0 1.0 0.028645834 1.0 0.0875 0.92 0.12552084 0.86833334 0.12552084 0.8591667 0.128125 0.86 0.14583333 0.835 0.14895834 0.81416667 0.1390625 0.7891667 0.09166667 0.7241667 0.05625 0.6591667 0.044270832 0.6625 0.0359375 0.6716667
17 0.35572916 0.5075 0.3 0.51916665 0.253125 0.53 0.2125 0.535 0.2046875 0.53583336 0.20416667 0.5925 0.19427083 0.645 0.1890625 0.6616667 0.18125 0.66833335 0.1890625 0.68083334 0.19166666 0.6933333 0.19166666 0.7033333 0.16614583 0.73833334 0.16666667 0.75 0.171875 0.76 0.17760417 0.7633333 0.19947916 0.75916666 0.21041666 0.76 0.21145834 0.7475 0.22395833 0.73833334 0.228125 0.74333334 0.22864583 0.7341667 0.28958333 0.6766667 0.31822917 0.65416664 0.32760417 0.66083336 0.34739584 0.6408333 0.34791666 0.6333333 0.346875 0.61833334 0.3515625 0.6075 0.35625 0.60083336 0.36510417 0.5975 0.37239584 0.60083336 0.37552083 0.6066667 0.37083334 0.5233333 0.36302084 0.51166666
17 0.49895832 0.56 0.48489583 0.5825 0.47083333 0.58416665 0.46197918 0.5808333 0.45416668 0.5933333 0.45104167 0.605 0.45208332 0.62166667 0.42291668 0.6525 0.41614583 0.65833336 0.40885416 0.65833336 0.40104166 0.6533333 0.37447917 0.5941667 0.3703125 0.52416664 0.36354166 0.5125 0.35572916 0.5075 0.33541667 0.5108333 0.30364582 0.44 0.30625 0.43583333 0.303125 0.43583333 0.28645834 0.4 0.28541666 0.38333333 0.290625 0.37083334 0.35052082 0.30416667 0.3984375 0.26 0.40729168 0.2575 0.41875 0.26166666 0.43541667 0.30333334 0.415625 0.34833333 0.41354167 0.365 0.41666666 0.38 0.45989582 0.42666668 0.490625 0.4625 0.49270833 0.47333333 0.50104165 0.48916668 0.50885415 0.4875 0.5203125 0.50166667 0.5234375 0.51916665 0.521875 0.53 0.50625 0.55083334
17 0.565625 0.56166667 0.56614584 0.5825 0.484375 0.5833333 0.49947917 0.55916667 0.521875 0.53 0.5234375 0.5183333 0.51979166 0.50083333 0.50885415 0.4875 0.5015625 0.48916668 0.49270833 0.47333333 0.490625 0.46166667 0.51354164 0.485 0.51927084 0.47916666 0.528125 0.49583334 0.53541666 0.5175 0.5473958 0.54 0.5578125 0.55333334 0.5651042 0.5541667
17 0.3859375 0.14583333 0.365625 0.145 0.32135418 0.15166667 0.25729167 0.16583334 0.25520834 0.17333333 0.25208333 0.16666667 0.23020834 0.17333333 0.221875 0.1825 0.21875 0.2 0.23489584 0.30666667 0.23802084 0.3425 0.24375 0.38916665 0.246875 0.4075 0.25260416 0.41916665 0.26354167 0.42333335 0.284375 0.42083332 0.28541666 0.41333333 0.28854167 0.41833332 0.29375 0.41583332 0.28645834 0.39916667 0.28541666 0.38333333 0.29010418 0.37 0.35104167 0.3025 0.3984375 0.26 0.40729168 0.2575 0.41770834 0.26083332 0.43541667 0.30166668 0.44739583 0.2775 0.42864582 0.16583334 0.425 0.1375 0.41666666 0.1275 0.40885416 0.12666667 0.38854167 0.14083333
17 0.17552084 0.0 0.1640625 0.014166667 0.14479166 0.045 0.134375 0.068333335 0.125 0.086666666 0.12291667 0.100833334 0.123958334 0.115 0.12916666 0.12833333 0.13958333 0.14333333 0.17760417 0.18416667 0.20104167 0.21333334 0.21875 0.23833333 0.22604166 0.25 0.21875 0.20083334 0.22135417 0.18333334 0.23020834 0.1725 0.25208333 0.16583334 0.25520834 0.17333333 0.25729167 0.16583334 0.32239583 0.15083334 0.36614582 0.145 0.38385418 0.14666666 0.38385418 0.125 0.3765625 0.108333334 0.35989583 0.09166667 0.35572916 0.093333334 0.35572916 0.085 0.33333334 0.064166665 0.29427084 0.0275 0.27291667 0.008333334 0.26510417 0.01 0.25260416 0.0
17 0.110416666 0.115 0.08229167 0.135 0.0546875 0.15333334 0.049479168 0.16416667 0.051041666 0.19166666 0.048958335 0.2 0.057291668 0.22166666 0.0828125 0.2825 0.10104167 0.32166666 0.11145833 0.33666667 0.11510417 0.34916666 0.11354167 0.36083335 0.122395836 0.3975 0.14270833 0.39583334 0.20260416 0.41083333 0.209375 0.42333335 0.21145834 0.43083334 0.24479167 0.3975 0.2375 0.34 0.23489584 0.30833334 0.2265625 0.25083333 0.20416667 0.21833333 0.17760417 0.18333334 0.13958333 0.14416666 0.1265625 0.12416667 0.123958334 0.115 0.122395836 0.105
17 0.065625 0.3675 0.052604165 0.375 0.041666668 0.39166668 0.032291666 0.3925 0.025520833 0.38666666 0.016145833 0.4125 0.0 0.4725 0.0 0.5975 0.025 0.6041667 0.038541667 0.61333334 0.0984375 0.63666666 0.15572916 0.6575 0.159375 0.6533333 0.16145833 0.6591667 0.17916666 0.6691667 0.18854167 0.6616667 0.19479166 0.6425 0.19791667 0.62416667 0.20416667 0.5908333 0.2046875 0.535 0.20989583 0.46083334 0.21197917 0.43833333 0.20989583 0.425 0.20260416 0.41083333 0.19114584 0.40833333 0.14270833 0.39583334 0.1234375 0.39833334 0.1078125 0.39666668 0.10104167 0.40166667 0.098958336 0.41166666 0.08385417 0.41 0.07864583 0.39916667 0.0765625 0.37916666 0.071354166 0.37333333
