4 0.34583333 0.2925 0.35677084 0.26083332 0.37291667 0.23583333 0.39010417 0.2275 0.40364584 0.225 0.42395833 0.23166667 0.43385416 0.23416667 0.45416668 0.265 0.45833334 0.2775 0.465625 0.29916668 0.4703125 0.32083333 0.4671875 0.355 0.45989582 0.38666666 0.44635418 0.40583333 0.43802083 0.415 0.42916667 0.42 0.4234375 0.425 0.41770834 0.42666668 0.40989584 0.4275 0.39635417 0.43 0.38645834 0.43 0.37708333 0.44 0.34479168 0.50333333 0.33541667 0.5316667 0.32604167 0.535 0.31822917 0.53833336 0.30625 0.55083334 0.30104166 0.55333334 0.2921875 0.5466667 0.28333333 0.5308333 0.27916667 0.5233333 0.278125 0.51666665 0.27864584 0.51 0.28697917 0.5133333 0.29166666 0.5125 0.30104166 0.5058333 0.3046875 0.495 0.315625 0.46333334 0.32083333 0.43416667 0.346875 0.375 0.353125 0.355 0.3546875 0.34 0.35364583 0.33 0.34479168 0.31583333 0.34270832 0.31416667 0.34322917 0.3075
1 0.646875 0.16083333 0.66302085 0.22583333 0.6723958 0.25833333 0.69114584 0.33166668 0.68072915 0.32833335 0.6588542 0.32166666 0.65 0.315 0.63072914 0.31166667 0.6302083 0.32916668 0.58229166 0.3625 0.55 0.3925 0.5307292 0.40416667 0.5182292 0.41583332 0.5140625 0.42416668 0.5078125 0.44166666 0.49791667 0.43166667 0.48645833 0.37583333 0.47395834 0.3375 0.46875 0.31166667 0.4625 0.2875 0.4546875 0.265 0.46614584 0.2675 0.4828125 0.27333334 0.4984375 0.27333334 0.54583335 0.2425 0.6098958 0.19916667 0.62395835 0.19583334 0.63385415 0.18083334 0.64166665 0.16833334
2 0.484375 0.0 0.6770833 0.0 0.6546875 0.094166666 0.64270836 0.14916667 0.6375 0.17166667 0.6328125 0.1825 0.625 0.19333333 0.61145836 0.19666667 0.559375 0.23333333 0.49947917 0.27166668 0.48333332 0.2725 0.459375 0.26666668 0.4546875 0.26416665 0.43229166 0.2325 0.4359375 0.20666666 0.46770832 0.071666665 0.4828125 0.0058333334
7 0.82239586 0.48 0.940625 0.35833332 0.9791667 0.32 0.9848958 0.32833335 0.9973958 0.37583333 1.0 0.6066667 0.9994792 0.73083335 0.946875 0.78333336 0.93645835 0.7816667 0.9244792 0.76666665 0.9192708 0.6925 0.9046875 0.62 0.8541667 0.55916667 0.83489585 0.5258333 0.8255208 0.50166667 0.82239586 0.49166667
9 0.70989585 0.37083334 0.78802085 0.51666665 0.7973958 0.54583335 0.82239586 0.67833334 0.75208336 0.7191667 0.7348958 0.72083336 0.73072916 0.7275 0.7140625 0.7341667 0.6953125 0.74583334 0.678125 0.7683333 0.66770834 0.775 0.65729165 0.72083336 0.63125 0.56166667 0.66041666 0.53583336 0.68072915 0.5208333 0.66041666 0.47083333 0.6328125 0.40583333 0.6255208 0.39166668 0.671875 0.37916666 0.6953125 0.37416667
12 0.42447916 0.62333333 0.5015625 0.5425 0.52760416 0.505 0.5864583 0.43583333 0.6234375 0.3875 0.65 0.445 0.6802083 0.52 0.63072914 0.56166667 0.63177085 0.56666666 0.5963542 0.60833335 0.565625 0.6383333 0.5286458 0.68916667 0.49427083 0.7341667 0.48020834 0.7441667 0.47083333 0.7325 0.45 0.675 0.43072918 0.63666666
3 0.2015625 0.55583334 0.2234375 0.55583334 0.24322917 0.5575 0.2625 0.5625 0.26770833 0.5758333 0.28645834 0.55916667 0.30677083 0.55083334 0.3171875 0.5391667 0.34427083 0.5275 0.35104167 0.5325 0.35729167 0.5491667 0.36145833 0.6766667 0.36458334 0.7325 0.359375 0.76166666 0.34895834 0.77 0.32239583 0.7683333 0.31302083 0.785 0.29270834 0.81166667 0.24635416 0.8183333 0.22291666 0.8125 0.22395833 0.7783333 0.20572917 0.5875 0.20364584 0.57416666
13 0.104166664 0.6175 0.1875 0.6075 0.20729166 0.6075 0.21458334 0.67583334 0.22395833 0.7816667 0.22239584 0.8125 0.21302083 0.8208333 0.16145833 0.8308333 0.1265625 0.84166664 0.1171875 0.84166664 0.10885417 0.8308333 0.10729167 0.80083334 0.103125 0.6525 0.103125 0.6358333
18 0.44427082 0.43 0.47708333 0.42833334 0.48333332 0.43 0.496875 0.43 0.503125 0.43666667 0.5083333 0.44166666 0.5130208 0.42833334 0.5286458 0.42833334 0.54010415 0.42333335 0.55260414 0.42166665 0.5625 0.425 0.5697917 0.435 0.57135415 0.4525 0.5234375 0.50916666 0.5005208 0.54333335 0.44427082 0.6025 0.44010416 0.6075 0.4359375 0.56333333 0.4328125 0.47416666 0.43177083 0.45666668 0.43489584 0.44
18 0.5776042 0.62833333 0.58125 0.68916667 0.58229166 0.72083336 0.58229166 0.7391667 0.578125 0.75083333 0.56875 0.7583333 0.55104166 0.765 0.490625 0.77166665 0.46041667 0.7816667 0.44791666 0.77166665 0.4421875 0.6958333 0.4421875 0.65833336 0.45729166 0.69166666 0.4703125 0.73333335 0.4796875 0.7441667 0.484375 0.74083334 0.49270833 0.7366667 0.51875 0.70416665 0.56614584 0.6375 0.5697917 0.635
3 0.73333335 0.7316667 0.7484375 0.7475 0.7661458 0.75166667 0.78125 0.75166667 0.79479164 0.75166667 0.815625 0.7675 0.8333333 0.7583333 0.8390625 0.7608333 0.84166664 0.78 0.8333333 0.81083333 0.8140625 0.835 0.80572915 0.855 0.8208333 0.8725 0.815625 0.9075 0.8046875 0.93583333 0.79479164 0.9425 0.73333335 0.8925 0.68125 0.8308333 0.68645835 0.8 0.7057292 0.7583333 0.70989585 0.74916667 0.71666664 0.73833334
13 0.3265625 0.77166665 0.32864583 0.7966667 0.32864583 0.8075 0.32395834 0.8125 0.29739583 0.8125 0.2921875 0.8125 0.30625 0.795 0.315625 0.7816667 0.32239583 0.77
8 0.17291667 0.16916667 0.23072916 0.22166666 0.3078125 0.28583333 0.33385417 0.30666667 0.34479168 0.31666666 0.353125 0.33 0.35416666 0.34 0.353125 0.355 0.346875 0.37583333 0.32447916 0.42583334 0.32083333 0.43416667 0.31458333 0.46583334 0.30885416 0.4825 0.30416667 0.495 0.30208334 0.50166667 0.30104166 0.5058333 0.29114583 0.5125 0.28697917 0.5133333 0.27916667 0.5108333 0.25572917 0.48416665 0.24635416 0.47166666 0.1859375 0.425 0.1390625 0.3925 0.10520833 0.3625 0.10208333 0.35583332 0.100520834 0.3425 0.10208333 0.325 0.11875 0.28 0.14270833 0.19833334 0.15208334 0.17083333 0.159375 0.16583334
