12 0.010416667 0.42916667 0.0921875 0.4725 0.0 0.865 0.0 0.4425 0.0036458333 0.42416668
12 0.12447917 0.5825 0.14583333 0.5208333 0.18541667 0.415 0.265625 0.23916666 0.30364582 0.28166667 0.33854166 0.3225 0.28802082 0.43166667 0.27083334 0.475 0.24947916 0.5133333 0.22916667 0.56 0.20520833 0.635 0.16979167 0.61833334 0.14114584 0.59833336
12 0.25833333 0.69666666 0.20833333 0.63166666 0.20677084 0.635 0.17291667 0.62 0.1515625 0.60583335 0.13958333 0.5966667 0.12916666 0.5883333 0.06979167 0.7 0.13541667 0.77416664 0.22760417 0.8925 0.26822916 0.93833333 0.33854166 0.79833335 0.30989584 0.7683333 0.28645834 0.7391667
12 0.39427084 0.09583333 0.40677083 0.18166667 0.40260416 0.20333333 0.40520832 0.23666666 0.40729168 0.26666668 0.4125 0.29333332 0.4125 0.3725 0.41875 0.42666668 0.42395833 0.48166665 0.4625 0.47666666 0.48229167 0.47 0.49791667 0.475 0.50104165 0.46916667 0.49583334 0.38583332 0.49791667 0.3225 0.50208336 0.285 0.49635416 0.26083332 0.48697916 0.145 0.4875 0.07416666 0.465625 0.0725 0.4328125 0.08166666
12 0.81041664 0.065 0.76145834 0.15833333 0.74322915 0.185 0.73645836 0.20666666 0.6479167 0.34 0.7317708 0.46583334 0.80677086 0.33166668 0.89270836 0.18916667 0.86302084 0.15083334 0.8197917 0.08
12 0.7109375 0.55916667 0.73541665 0.69 0.75989586 0.8275 0.765625 0.915 0.85833335 0.88 0.87395835 0.8775 0.86510414 0.7975 0.82604164 0.56166667 0.81927085 0.51 0.778125 0.5283333
12 0.5416667 0.49916667 0.5807292 0.61333334 0.615625 0.7325 0.646875 0.81583333 0.6713542 0.8358333 0.7036458 0.785 0.734375 0.74333334 0.7369792 0.72833335 0.72552085 0.6933333 0.70885414 0.6508333 0.68385416 0.6091667 0.659375 0.5491667 0.65208334 0.525 0.6276042 0.4825 0.6145833 0.44416666 0.6078125 0.42083332 0.58489585 0.45666668 0.5630208 0.47916666 0.5520833 0.49083334
12 0.59947914 0.79583335 0.49635416 0.7775 0.43697917 0.7708333 0.43802083 0.7316667 0.45729166 0.5833333 0.49114582 0.59583336 0.58385414 0.62583333 0.61510414 0.73 0.646875 0.81583333 0.6197917 0.8016667
12 0.62916666 0.82416666 0.63125 0.8408333 0.6125 0.90833336 0.58802086 0.9658333 0.5484375 0.93333334 0.5296875 0.91583335 0.50677085 0.9066667 0.48489583 0.87916666 0.43854168 0.85 0.40416667 0.84 0.37291667 0.81333333 0.415625 0.66833335 0.421875 0.6508333 0.44583333 0.6666667 0.43958333 0.72 0.4375 0.77416664 0.48541668 0.77666664 0.5875 0.795 0.6171875 0.81333333
12 0.07864583 0.06 0.0 0.0175 0.0 0.44083333 0.016666668 0.37083334 0.017708333 0.32166666 0.024479168 0.29 0.029166667 0.27666667 0.040625 0.2125 0.055208333 0.1825 0.059375 0.14333333
