4 0.114583336 0.42666668 0.10520833 0.4125 0.1046875 0.4 0.13072917 0.36 0.13489583 0.3575 0.14114584 0.3575 0.14739583 0.36416668 0.16875 0.40083334 0.21458334 0.47083333 0.22135417 0.47333333 0.22916667 0.47583333 0.23645833 0.47416666 0.24583334 0.47333333 0.25572917 0.47416666 0.26666668 0.47916666 0.278125 0.4875 0.29270834 0.50666666 0.30364582 0.5341667 0.30729166 0.55916667 0.30729166 0.59166664 0.3 0.62 0.2890625 0.6433333 0.27916667 0.655 0.26354167 0.6675 0.25 0.6741667 0.23177083 0.67333335 0.21927084 0.66583335 0.2 0.6483333 0.18333334 0.6091667 0.17916666 0.5858333 0.18072917 0.545 0.1796875 0.53333336 0.17604166 0.52166665 0.15572916 0.49083334
20 0.31041667 0.42333335 0.3203125 0.40833333 0.3296875 0.4025 0.33854166 0.4025 0.34739584 0.41166666 0.3625 0.45083332 0.36666667 0.46416667 0.38177082 0.49833333 0.39635417 0.5475 0.40364584 0.59166664 0.40729168 0.63166666 0.41145834 0.6725 0.42239583 0.7158333 0.4359375 0.74333334 0.45625 0.77416664 0.46354166 0.7875 0.48333332 0.8358333 0.5104167 0.9141667 0.509375 0.9266667 0.5072917 0.935 0.4765625 0.95916665 0.4265625 1.0 0.3609375 1.0 0.34270832 0.95 0.32760417 0.90166664 0.3046875 0.81666666 0.28854167 0.7475 0.28125 0.7058333 0.2796875 0.69416666 0.28072917 0.67583334 0.27864584 0.6558333 0.2890625 0.64416665 0.3 0.6191667 0.3078125 0.59 0.3078125 0.5566667 0.30364582 0.53333336 0.29270834 0.50666666 0.2765625 0.48583335 0.265625 0.4775 0.278125 0.465 0.2921875 0.44833332
15 0.4140625 0.50916666 0.403125 0.58666664 0.4046875 0.6 0.4109375 0.6725 0.42239583 0.71666664 0.42291668 0.71666664 0.42708334 0.6766667 0.434375 0.605 0.4375 0.5733333 0.43020833 0.55333334 0.41927084 0.5233333
10 0.4671875 0.13333334 0.47083333 0.12666667 0.48125 0.1275 0.49010417 0.1375 0.4953125 0.13916667 0.5078125 0.15333334 0.5286458 0.185 0.55104166 0.21833333 0.5609375 0.23083334 0.5729167 0.24666667 0.5875 0.26166666 0.5890625 0.27 0.5890625 0.2825 0.58802086 0.28916666 0.5640625 0.32833335 0.5421875 0.36666667 0.5203125 0.40083334 0.51458335 0.41 0.5046875 0.42166665 0.4953125 0.42916667 0.49427083 0.43583333 0.4921875 0.44666666 0.478125 0.47083333 0.46614584 0.49416667 0.45104167 0.5225 0.4421875 0.53583336 0.43645832 0.535 0.42916667 0.5341667 0.421875 0.53 0.41302082 0.505 0.3953125 0.45 0.390625 0.43 0.39114583 0.41166666 0.38958332 0.40083334 0.38333333 0.39583334 0.37552083 0.40416667 0.36927083 0.41 0.36354166 0.41333333 0.3484375 0.40583333 0.34427083 0.39916667 0.34114584 0.38916665 0.34010416 0.38166666 0.34166667 0.37166667 0.3484375 0.35833332 0.36354166 0.33416668 0.38229167 0.30166668 0.38854167 0.28916666 0.3953125 0.275 0.40208334 0.275 0.409375 0.25583333 0.42760417 0.20833333 0.44375 0.17333333 0.45104167 0.15916666
16 0.35104167 0.33166668 0.37760416 0.30916667 0.35625 0.34583333
16 0.37864584 0.40916666 0.39375 0.45416668 0.4 0.47166666 0.40625 0.48416665 0.39791667 0.45916668 0.3953125 0.45083332 0.390625 0.43083334 0.39114583 0.41166666 0.38958332 0.40166667 0.38385418 0.39583334 0.3765625 0.40333334
16 0.60364586 0.47 0.6223958 0.52 0.63645834 0.56083333 0.63177085 0.57166666 0.5963542 0.6041667 0.5609375 0.63166666 0.54270834 0.64166665 0.53020835 0.645 0.52552086 0.6508333 0.5203125 0.65833336 0.5125 0.67333335 0.5052083 0.68 0.5005208 0.6825 0.4828125 0.66583335 0.46145833 0.6475 0.45416668 0.6175 0.44947916 0.6016667 0.44375 0.5833333 0.43802083 0.5733333 0.421875 0.53 0.42916667 0.53333336 0.44322917 0.53583336 0.45364583 0.5183333 0.47916666 0.47 0.4921875 0.44833332 0.49427083 0.435 0.49583334 0.42916667 0.50625 0.42 0.5171875 0.4075 0.5364583 0.37583333 0.55885416 0.33833334 0.5609375 0.3425 0.5708333 0.3725 0.57916665 0.39833334 0.59270835 0.43916667
4 0.55052084 0.72833335 0.5598958 0.765 0.57239586 0.815 0.5390625 0.89166665 0.5359375 0.88166666 0.52552086 0.8375 0.509375 0.77166665 0.5015625 0.7416667 0.49375 0.7325 0.48958334 0.72833335 0.48020834 0.7241667 0.46979168 0.715 0.46197918 0.7075 0.45208332 0.6925 0.44479167 0.6725 0.440625 0.6566667 0.43802083 0.6325 0.43802083 0.6175 0.44166666 0.59833336 0.44427082 0.5858333 0.446875 0.5925 0.45572916 0.6225 0.46145833 0.64666665 0.5005208 0.6816667 0.50625 0.68 0.51354164 0.6716667 0.52135414 0.6566667 0.53020835 0.645 0.55052084 0.6383333 0.5640625 0.63 0.5630208 0.645 0.56145835 0.6566667 0.5578125 0.6716667 0.5541667 0.6825 0.55260414 0.6875 0.54895836 0.69666666 0.54895836 0.7 0.54375 0.71 0.5364583 0.7225 0.5359375 0.7266667 0.5375 0.7316667 0.5416667 0.73083335 0.5463542 0.72833335
1 0.61614585 0.4975 0.61927086 0.48166665 0.625 0.465 0.625 0.4525 0.62604165 0.445 0.628125 0.43833333 0.6359375 0.44666666 0.6510417 0.46583334 0.6625 0.48 0.68333334 0.4975 0.70677084 0.5158333 0.7036458 0.505 0.70208335 0.49666667 0.7026042 0.4925 0.70625 0.49666667 0.709375 0.50416666 0.71302086 0.5158333 0.7109375 0.5233333 0.70520836 0.52916664 0.696875 0.555 0.6927083 0.56333333 0.69114584 0.5733333 0.68333334 0.59583336 0.6703125 0.6358333 0.66510415 0.64916664 0.6578125 0.68333334 0.6515625 0.7075 0.6484375 0.7291667 0.64947915 0.7475 0.64947915 0.7575 0.646875 0.76916665 0.64427084 0.7841667 0.64270836 0.7975 0.63958335 0.805 0.6041667 0.77 0.5854167 0.75166667 0.55833334 0.73083335 0.5515625 0.72833335 0.5463542 0.72833335 0.5421875 0.7316667 0.53802085 0.7316667 0.53541666 0.72333336 0.5385417 0.7183333 0.5494792 0.69916666 0.5625 0.68 0.5651042 0.6691667 0.57916665 0.6308333 0.5828125 0.6141667 0.6088542 0.5925 0.63177085 0.57166666 0.63645834 0.56166667 0.615625 0.50083333
1 0.79010415 0.7058333 0.80364585 0.7783333 0.81145835 0.83666664 0.8140625 0.8575 0.8286458 0.875 0.8333333 0.8691667 0.846875 0.8591667 0.8598958 0.84583336 0.875 0.8408333 0.8984375 0.8283333 0.96302086 0.78833336 1.0 0.77166665 1.0 0.6066667 0.984375 0.61833334 0.9546875 0.6358333 0.9171875 0.655 0.8921875 0.67 0.87135416 0.68083334 0.83177084 0.69666666 0.81822914 0.7008333 0.8041667 0.695
2 0.5338542 0.9033333 0.5703125 0.945 0.62291664 1.0 0.7916667 1.0 0.8052083 0.9716667 0.82135415 0.93 0.8286458 0.9125 0.84010416 0.885 0.8286458 0.875 0.81041664 0.85333335 0.75416666 0.7941667 0.6557292 0.69 0.6510417 0.7075 0.6479167 0.73 0.6489583 0.75166667 0.6484375 0.76 0.64479166 0.7808333 0.6421875 0.7991667 0.6390625 0.805 0.5942708 0.75916666 0.565625 0.82916665
11 0.07239583 0.58916664 0.09947917 0.59166664 0.11770833 0.5991667 0.13333334 0.6016667 0.14583333 0.605 0.15260416 0.5975 0.1640625 0.5783333 0.17291667 0.56 0.18072917 0.5466667 0.1796875 0.56583333 0.1796875 0.5833333 0.18229167 0.6075 0.19114584 0.6308333 0.2 0.6475 0.215625 0.6625 0.23072916 0.67333335 0.24895833 0.675 0.25104168 0.67333335 0.26041666 0.70166665 0.27864584 0.7733333 0.2875 0.81583333 0.25677082 0.835 0.1921875 0.8775 0.14375 0.9116667 0.1390625 0.8858333 0.11354167 0.7891667 0.08802083 0.6816667 0.071875 0.62583333
