19 0.63385415 0.37416667 0.60729164 0.44416666 0.6234375 0.47583333 0.62291664 0.48583335 0.6197917 0.495 0.6109375 0.50416666 0.56614584 0.56166667 0.56614584 0.5725 0.56927085 0.5808333 0.57916665 0.5908333 0.66875 0.6725 0.68125 0.68333334 0.6869792 0.685 0.690625 0.68333334 0.69427085 0.6775 0.69895834 0.6691667 0.72864586 0.5775 0.74375 0.53833336 0.7625 0.49333334 0.75989586 0.48833334 0.7609375 0.48333332 0.765625 0.485 0.7817708 0.445 0.7838542 0.43416667 0.7817708 0.42333335 0.77708334 0.41666666 0.7421875 0.385 0.66770834 0.3175 0.659375 0.31666666 0.6515625 0.325 0.63645834 0.36666667 0.6390625 0.37083334 0.6375 0.37666667
19 0.49427083 0.42583334 0.4546875 0.3925 0.44895834 0.3925 0.44166666 0.3925 0.43489584 0.40666667 0.390625 0.57916665 0.47604167 0.55083334 0.5005208 0.545 0.5026042 0.5541667 0.5052083 0.5541667 0.50625 0.5425 0.53489584 0.54083335 0.54375 0.545 0.5515625 0.55583334 0.55364585 0.56916666 0.57395834 0.5 0.57604164 0.49166667 0.57447916 0.48083332 0.5677083 0.47333333 0.55625 0.4675 0.5307292 0.455 0.5052083 0.43583333
19 0.4921875 0.3575 0.5265625 0.31083333 0.5317708 0.31 0.53802085 0.31 0.54375 0.31833333 0.58125 0.395 0.61875 0.46416667 0.62395835 0.47666666 0.62291664 0.48583335 0.61927086 0.49666667 0.5546875 0.575 0.55364585 0.5683333 0.5755208 0.49333334 0.57447916 0.48083332 0.56875 0.47333333 0.528125 0.45333335 0.503125 0.43333334 0.4609375 0.3975
19 0.40677083 0.47 0.3953125 0.48833334 0.39375 0.4975 0.3953125 0.51 0.40364584 0.5258333 0.42447916 0.44583333
19 0.334375 0.5375 0.32916668 0.53583336 0.32552084 0.52916664 0.32552084 0.5225
19 0.29270834 0.4825 0.25989583 0.445 0.25208333 0.4325 0.24895833 0.415 0.25104168 0.39833334 0.31354168 0.29083332 0.33489582 0.25166667 0.34166667 0.24666667 0.34791666 0.25166667 0.35572916 0.26083332 0.41302082 0.34833333 0.42552084 0.36166668 0.44635418 0.39083335 0.440625 0.39333335 0.434375 0.40833333 0.42447916 0.44583333 0.40572917 0.47166666 0.39479166 0.48833334 0.39375 0.4975 0.3953125 0.51 0.40416667 0.5258333 0.40260416 0.5308333 0.35833332 0.5491667 0.3453125 0.5541667 0.325 0.52166665 0.30416667 0.495
19 0.32916668 0.56083333 0.30520833 0.57 0.29010418 0.6041667 0.30052084 0.6641667 0.32083333 0.7975 0.32447916 0.79583335 0.3265625 0.7966667 0.325 0.8016667 0.321875 0.8041667 0.32760417 0.85 0.33177084 0.8591667 0.3359375 0.86333334 0.34322917 0.865 0.35104167 0.8616667 0.40416667 0.84 0.4609375 0.8183333 0.46458334 0.81166667 0.46770832 0.80083334 0.46770832 0.78333336 0.4421875 0.7916667 0.42552084 0.7975 0.40833333 0.79833335 0.40052083 0.8 0.39270833 0.79583335 0.3890625 0.78833336 0.38645834 0.75333333 0.38125 0.71166664 0.38020834 0.7025 0.37135416 0.6716667 0.36666667 0.6566667 0.35885417 0.6091667 0.359375 0.5975 0.365625 0.5883333 0.371875 0.58416665 0.390625 0.5783333 0.40260416 0.53
19 0.29270834 0.23916666 0.3625 0.18083334 0.36666667 0.18 0.37395832 0.18583333 0.378125 0.19166666 0.39114583 0.23083334 0.3859375 0.235 0.38645834 0.23833333 0.3890625 0.23916666 0.39270833 0.2375 0.4125 0.29833335 0.44166666 0.38333333 0.42552084 0.36166668 0.4125 0.34833333 0.38229167 0.30083334 0.35364583 0.2575 0.346875 0.25 0.3421875 0.2475 0.334375 0.25166667 0.31458333 0.29 0.27291667 0.36083335 0.26822916 0.34583333 0.26979166 0.34083334 0.26822916 0.33916667 0.265625 0.33833334 0.25104168 0.29166666 0.25104168 0.28416666 0.253125 0.275 0.2625 0.2675
19 0.14739583 0.4275 0.10364583 0.5275 0.103125 0.5375 0.10625 0.54833335 0.110416666 0.555 0.1828125 0.6408333 0.20729166 0.67083335 0.21041666 0.6666667 0.2125 0.6666667 0.21302083 0.6725 0.2109375 0.67583334 0.23541667 0.70416665 0.24010417 0.705 0.2453125 0.70416665 0.2484375 0.7008333 0.2515625 0.695 0.29010418 0.6041667 0.30885416 0.56083333 0.31822917 0.535 0.31822917 0.5275 0.31666666 0.52166665 0.31302083 0.515 0.30052084 0.5 0.29010418 0.48833334 0.2875 0.49166667 0.28541666 0.49083334 0.28645834 0.48416665 0.26145834 0.45833334 0.22604166 0.4175 0.2078125 0.39083335 0.18385416 0.3625 0.17864583 0.3625 0.17552084 0.365 0.17135416 0.37 0.16041666 0.395
19 0.5671875 0.66833335 0.5833333 0.6475 0.590625 0.64416665 0.5942708 0.64666665 0.59791666 0.65166664 0.603125 0.66083336 0.6744792 0.8275 0.6723958 0.8375 0.67604166 0.83916664 0.678125 0.8375 0.6958333 0.87833333 0.69739586 0.89 0.69427085 0.9008333 0.6848958 0.91083336 0.6 1.0 0.56875 1.0 0.5541667 0.96416664 0.55885416 0.95916665 0.5572917 0.955 0.5520833 0.9583333 0.53333336 0.9125 0.49270833 0.81666666 0.478125 0.7808333 0.52552086 0.76416665 0.53229165 0.76166666 0.53125 0.7558333 0.5328125 0.755 0.5364583 0.76 0.5442708 0.7575 0.56614584 0.7475 0.57239586 0.74083334 0.57395834 0.735 0.575 0.72583336 0.57239586 0.70416665
19 0.45208332 0.56 0.37239584 0.585 0.365625 0.58916664 0.36041668 0.5966667 0.35833332 0.6075 0.36041668 0.6175 0.36458334 0.645 0.36927083 0.665 0.37604168 0.6875 0.38072917 0.7058333 0.38645834 0.74916667 0.38854167 0.7758333 0.38958332 0.7891667 0.39322916 0.7966667 0.39895833 0.8 0.40885416 0.79833335 0.425 0.79833335 0.45104167 0.78833336 0.48229167 0.78 0.52552086 0.76416665 0.53229165 0.76166666 0.53125 0.7558333 0.5328125 0.755 0.5364583 0.76 0.54270834 0.7575 0.56614584 0.7475 0.571875 0.74083334 0.57395834 0.7341667 0.575 0.72583336 0.57239586 0.7033333 0.5671875 0.66833335 0.5625 0.63 0.5546875 0.5758333 0.55104166 0.555 0.5442708 0.545 0.53802085 0.54083335 0.534375 0.54083335 0.50625 0.5441667 0.50572914 0.55333334 0.5026042 0.55333334 0.5 0.545 0.47447917 0.5516667
