8 0.30208334 0.85583335 0.2953125 0.8408333 0.284375 0.83166665 0.26145834 0.82416666 0.25104168 0.815 0.246875 0.79583335 0.24739583 0.7866667 0.259375 0.75 0.29635417 0.6791667 0.31770834 0.64 0.33177084 0.6075 0.340625 0.5941667 0.3421875 0.5966667 0.34583333 0.5975 0.34635416 0.59166664 0.34375 0.5875 0.3453125 0.5825 0.36770833 0.54333335 0.371875 0.53583336 0.375 0.53333336 0.38229167 0.5308333 0.38541666 0.5308333 0.390625 0.53333336 0.39739582 0.5416667 0.409375 0.55333334 0.43072918 0.575 0.4328125 0.57916665 0.44583333 0.70666665 0.42552084 0.71666664 0.40364584 0.725 0.35833332 0.725 0.34479168 0.72583336 0.3296875 0.73 0.325 0.7316667 0.31822917 0.73083335 0.31354168 0.73 0.30052084 0.7375 0.2953125 0.7475 0.29479167 0.76416665 0.30416667 0.8566667
8 0.2859375 0.8475 0.2828125 0.84166664 0.28020832 0.8383333 0.27760416 0.83 0.28385416 0.83166665 0.2953125 0.8408333 0.3 0.85083336 0.29270834 0.85 0.2890625 0.84833336
8 0.24947916 0.77916664 0.24635416 0.7708333 0.24479167 0.7658333 0.2375 0.74916667 0.228125 0.7325 0.21875 0.71416664 0.2171875 0.705 0.21666667 0.69166666 0.2171875 0.68333334 0.22708334 0.67333335 0.26979166 0.62833333 0.2859375 0.61583334 0.32552084 0.555 0.33541667 0.54 0.34010416 0.5466667 0.34947917 0.55833334 0.353125 0.5683333 0.3453125 0.5808333 0.34322917 0.5875 0.34635416 0.59166664 0.34583333 0.5975 0.34270832 0.5966667 0.340625 0.5941667 0.33125 0.6075 0.31614584 0.6433333 0.259375 0.75
8 0.65833336 0.31583333 0.69375 0.31083333 0.6958333 0.31166667 0.6979167 0.31333333 0.7005208 0.30833334 0.7348958 0.29916668 0.7739583 0.29 0.78802085 0.2875 0.80052084 0.28 0.8421875 0.27 0.84947914 0.26833335 0.85520834 0.26833335 0.8598958 0.27416667 0.86354166 0.27833334 0.86510414 0.28333333 0.865625 0.3525 0.86302084 0.36666667 0.8640625 0.39 0.86875 0.42666668 0.871875 0.45416668 0.8697917 0.46333334 0.86614585 0.47333333 0.8625 0.47833332 0.859375 0.48083332 0.8151042 0.49083334 0.8078125 0.4925 0.7994792 0.49083334 0.7921875 0.49333334 0.76979166 0.5058333 0.72291666 0.52416664 0.7213542 0.5208333 0.71979165 0.52666664 0.678125 0.5416667 0.66875 0.53583336 0.6640625 0.5275 0.6614583 0.5208333 0.64427084 0.40083334 0.63854164 0.34333333 0.6411458 0.33333334 0.6453125 0.32666665 0.6489583 0.32166666
8 0.63125 0.35666665 0.621875 0.36166668 0.5963542 0.37833333 0.5921875 0.3875 0.58958334 0.41083333 0.5953125 0.4325 0.61354166 0.50416666 0.625 0.54333335 0.6322917 0.5675 0.6411458 0.5783333 0.64739585 0.5825 0.65208334 0.58166665 0.6927083 0.54833335 0.6927083 0.54333335 0.69322914 0.5416667 0.6947917 0.54333335 0.69739586 0.545 0.7125 0.52916664 0.678125 0.5416667 0.6692708 0.53583336 0.6640625 0.5275 0.66197914 0.5208333 0.64375 0.40166667 0.6401042 0.35416666 0.6354167 0.35583332 0.6354167 0.35916665 0.6328125 0.35916665
8 0.77135414 0.245 0.6921875 0.31 0.69114584 0.31083333 0.6953125 0.31083333 0.6979167 0.31333333 0.7005208 0.30833334 0.7875 0.28666666 0.79583335 0.2825 0.7875 0.2475 0.78125 0.24333334 0.77760416 0.2425
8 0.640625 0.5783333 0.6333333 0.57916665 0.628125 0.57416666 0.62291664 0.5683333 0.60833335 0.48583335 0.6322917 0.5675 0.6401042 0.57666665
8 0.70416665 0.54583335 0.68645835 0.5525 0.6927083 0.54833335 0.6927083 0.545 0.69322914 0.5416667 0.6953125 0.5441667 0.6979167 0.545 0.71197915 0.52916664 0.71979165 0.52666664 0.7213542 0.5208333 0.72291666 0.52416664 0.7661458 0.50666666 0.76979166 0.5058333 0.78020835 0.5 0.7661458 0.50916666 0.7390625 0.52166665 0.7270833 0.5283333 0.71458334 0.5375
8 0.41458333 0.1575 0.37552083 0.18083334 0.36822918 0.18916667 0.36614582 0.205 0.36875 0.21916667 0.38645834 0.27833334 0.3921875 0.3 0.4203125 0.38166666 0.42708334 0.3925 0.43385416 0.39333335 0.43958333 0.39333335 0.46927083 0.36833334 0.47291666 0.365 0.47291666 0.35916665 0.47447917 0.35666665 0.478125 0.35916665 0.50208336 0.335 0.54583335 0.29666665 0.5552083 0.29083332 0.59791666 0.26333332 0.61041665 0.2575 0.6140625 0.24666667 0.61302084 0.23416667 0.609375 0.22416666 0.60260415 0.21666667 0.59947914 0.21333334 0.5963542 0.205 0.5942708 0.19833334 0.59166664 0.17416666 0.5864583 0.145 0.5833333 0.1225 0.578125 0.07333333 0.57604164 0.068333335 0.5729167 0.065 0.56458336 0.0625 0.55625 0.064166665 0.5494792 0.068333335 0.5026042 0.1025 0.49427083 0.11416667 0.42083332 0.15416667 0.41875 0.16166666 0.41614583 0.16
8 0.49166667 0.08 0.5026042 0.0825 0.509375 0.08833333 0.509375 0.0975 0.503125 0.1025
8 0.48125 0.41833332 0.46197918 0.37583333 0.47291666 0.365 0.4734375 0.35833332 0.475 0.35666665 0.4796875 0.35833332 0.50625 0.33 0.54270834 0.29916668 0.58489585 0.27166668 0.59375 0.28583333 0.59583336 0.29916668 0.5953125 0.31166667 0.5921875 0.31916666 0.5859375 0.33333334 0.56458336 0.35916665 0.53541666 0.39166668 0.509375 0.42166665 0.5005208 0.43083334 0.49479166 0.4325 0.48958334 0.4275
8 0.365625 0.18333334 0.35989583 0.19 0.35208333 0.19333333 0.31875 0.225 0.31666666 0.23083334 0.31510416 0.24333334 0.3140625 0.2475 0.31458333 0.255 0.31927082 0.2725 0.34427083 0.3425 0.37083334 0.4125 0.37760416 0.41916665 0.38541666 0.42166665 0.42135417 0.385 0.41041666 0.35333332 0.3921875 0.29916668 0.365625 0.2075 0.36822918 0.18916667
8 0.409375 0.0875 0.44895834 0.031666666 0.45364583 0.028333334 0.46302083 0.029166667 0.46770832 0.031666666 0.47395834 0.04 0.5026042 0.1025 0.49375 0.11416667 0.42135417 0.15333334 0.41822916 0.16166666 0.41666666 0.16083333 0.4140625 0.1575 0.375 0.18083334 0.36822918 0.18833333 0.36302084 0.1775 0.36145833 0.16583334 0.36510417 0.145 0.3828125 0.12
8 0.3140625 0.73 0.309375 0.7316667 0.30052084 0.7375 0.29583332 0.7475 0.29479167 0.7633333 0.30416667 0.8566667 0.30364582 0.86833334 0.29895833 0.89 0.29739583 0.9033333 0.30104166 0.91083336 0.30729166 0.92083335 0.31927082 0.9225 0.3609375 0.9166667 0.36770833 0.91333336 0.38385418 0.91 0.40208334 0.9066667 0.42395833 0.905 0.4578125 0.9058333 0.45833334 0.9025 0.45989582 0.9 0.4609375 0.90166664 0.46197918 0.90416664 0.4640625 0.9058333 0.49010417 0.9033333 0.496875 0.905 0.4984375 0.9066667 0.49427083 0.87083334 0.4921875 0.835 0.49635416 0.7816667 0.49791667 0.7708333 0.49947917 0.7475 0.49791667 0.7158333 0.49479166 0.70166665 0.49270833 0.6983333 0.4859375 0.69416666 0.47760418 0.6933333 0.4609375 0.69916666 0.4578125 0.70166665 0.45572916 0.7075 0.45364583 0.7025 0.44427082 0.7075 0.42604166 0.71666664 0.4078125 0.72333336 0.403125 0.725 0.35885417 0.725 0.34427083 0.72583336 0.325 0.7316667 0.31875 0.7316667
