6 0.159375 0.51916665 0.10520833 0.58 0.0640625 0.62416667 0.0765625 0.6508333 0.123958334 0.74583334 0.14791666 0.81083333 0.1515625 0.82416666 0.16875 0.79583335 0.20260416 0.7658333 0.24479167 0.7108333 0.2375 0.69416666 0.2078125 0.645 0.1640625 0.5233333
6 0.30364582 0.41666666 0.26666668 0.47583333 0.22864583 0.5366667 0.2328125 0.54583335 0.24322917 0.565 0.2828125 0.6025 0.29739583 0.6358333 0.34322917 0.715 0.41770834 0.57916665 0.41354167 0.5725 0.3421875 0.49 0.31458333 0.42083332
6 0.36145833 0.7191667 0.31145832 0.745 0.2609375 0.76666665 0.26354167 0.795 0.28958333 0.8933333 0.30364582 1.0 0.33489582 1.0 0.40677083 0.9575 0.409375 0.9558333 0.40416667 0.95 0.4078125 0.935 0.40260416 0.92333335 0.37395832 0.815 0.3734375 0.7758333 0.36875 0.7266667
6 0.42864582 0.87166667 0.39114583 0.88 0.40208334 0.92333335 0.40729168 0.93333334 0.42083332 0.8958333 0.4265625 0.88
6 0.39739582 0.965 0.403125 1.0 0.47760418 1.0 0.434375 0.9716667 0.41197917 0.95166665 0.409375 0.955
6 0.471875 0.72083336 0.4625 0.74666667 0.4359375 0.85833335 0.42760417 0.8775 0.40677083 0.93333334 0.40416667 0.95 0.40729168 0.95416665 0.41302082 0.9525 0.43802083 0.9741667 0.47760418 1.0 0.5109375 1.0 0.5239583 0.93583333 0.5239583 0.92 0.525 0.91 0.5296875 0.9033333 0.55885416 0.8333333 0.5697917 0.8066667 0.5703125 0.80083334 0.49947917 0.74083334 0.4796875 0.7225
6 0.5234375 0.94083333 0.5109375 1.0 0.58125 1.0 0.5484375 0.9583333 0.5265625 0.93666667
6 0.5572917 0.83666664 0.53125 0.90166664 0.5239583 0.91083336 0.5234375 0.93666667 0.5265625 0.93416667 0.5484375 0.9575 0.5807292 0.99833333 0.6177083 1.0 0.6432292 0.9166667 0.6489583 0.8925 0.659375 0.86833334 0.64479166 0.8675 0.59791666 0.8183333 0.5630208 0.85583335
6 0.77760416 0.90166664 0.7552083 0.90833336 0.7192708 0.9191667 0.69322914 0.92833334 0.64427084 0.9166667 0.640625 0.925 0.6322917 0.95416665 0.6375 1.0 0.784375 1.0 0.7838542 0.9625 0.78125 0.91
6 0.6375 0.5758333 0.6088542 0.6125 0.5833333 0.6433333 0.515625 0.6925 0.50625 0.70166665 0.5317708 0.7675 0.5708333 0.8016667 0.5703125 0.805 0.5572917 0.83916664 0.5630208 0.8541667 0.6010417 0.81416667 0.67083335 0.74916667 0.6947917 0.73 0.696875 0.7216667 0.640625 0.58666664
6 0.7942708 0.69416666 0.78229165 0.7366667 0.80104166 0.74583334 0.80625 0.75 0.790625 0.7825 0.7703125 0.82416666 0.7609375 0.835 0.74427086 0.85583335 0.7265625 0.90833336 0.7296875 0.915 0.778125 0.90166664 0.78229165 0.91083336 0.7838542 0.9583333 0.8255208 0.9875 0.83229166 0.96416664 0.8421875 0.9058333 0.88177085 0.7975 0.88958335 0.7733333 0.87708336 0.7633333 0.84166664 0.745 0.8 0.6975
6 0.7057292 0.5966667 0.665625 0.64666665 0.696875 0.72 0.69427085 0.7316667 0.67552084 0.7441667 0.659375 0.75916666 0.70104164 0.82666665 0.72447914 0.87166667 0.73072916 0.8725 0.746875 0.8525 0.7703125 0.82416666 0.79791665 0.7683333 0.80625 0.75 0.7973958 0.7441667 0.78229165 0.7366667 0.7494792 0.68333334 0.7125 0.6016667
6 0.6432292 0.77416664 0.68541664 0.82666665 0.69114584 0.81 0.659375 0.75916666
6 0.68854165 0.5308333 0.68072915 0.54833335 0.66979164 0.5883333 0.6625 0.60333335 0.6536458 0.6166667 0.665625 0.6458333 0.7057292 0.5966667 0.71302086 0.6016667 0.746875 0.67583334 0.7703125 0.6383333 0.775 0.63 0.759375 0.61083335 0.69427085 0.53333336
6 0.5854167 0.38083333 0.5359375 0.48916668 0.5208333 0.52 0.52708334 0.53 0.59166664 0.585 0.609375 0.61083335 0.6375 0.575 0.6411458 0.5883333 0.653125 0.6175 0.6625 0.6041667 0.66979164 0.59 0.68072915 0.5475 0.6880208 0.5316667 0.69427085 0.53333336 0.6979167 0.5375 0.709375 0.51166666 0.6875 0.49083334 0.64947915 0.46 0.6145833 0.42 0.5989583 0.38916665 0.590625 0.38166666
6 0.48020834 0.30333334 0.46927083 0.33833334 0.45989582 0.355 0.41041666 0.4325 0.39583334 0.4475 0.3875 0.46333334 0.3921875 0.47416666 0.46354166 0.5908333 0.47708333 0.56666666 0.4859375 0.54833335 0.521875 0.47583333 0.53489584 0.46416667 0.55052084 0.44 0.565625 0.4175 0.56614584 0.4125 0.48697916 0.30916667 0.48385417 0.30416667
6 0.2796875 0.16916667 0.27291667 0.34 0.26302084 0.3725 0.25729167 0.405 0.29322916 0.41416666 0.30208334 0.4175 0.3046875 0.4175 0.31927082 0.42166665 0.36770833 0.43166667 0.36927083 0.42333335 0.37135416 0.33583334 0.39114583 0.1925 0.29895833 0.17083333
6 0.6109375 0.23083334 0.58125 0.2875 0.5671875 0.33083335 0.55833334 0.34333333 0.54322916 0.35916665 0.57708335 0.39833334 0.5854167 0.38083333 0.59010416 0.38166666 0.5989583 0.38833332 0.61354166 0.41916665 0.65 0.46 0.66979164 0.47666666 0.68541664 0.44833332 0.715625 0.4025 0.7161458 0.39833334 0.70625 0.37833333 0.6901042 0.3625 0.66979164 0.33 0.6536458 0.30583334 0.6223958 0.245
6 0.49322918 0.17833333 0.48125 0.185 0.48020834 0.19333333 0.48489583 0.20583333 0.4890625 0.26833335 0.49166667 0.315 0.5171875 0.34833333 0.57135415 0.3175 0.58125 0.28666666 0.61041665 0.23083334 0.621875 0.24416667 0.6375 0.27333334 0.6322917 0.20666666 0.62135416 0.14 0.61510414 0.1375 0.60625 0.14083333 0.5625 0.16916667 0.55052084 0.17833333 0.5171875 0.17833333 0.49791667 0.17666666
6 0.6510417 0.06333333 0.63958335 0.07833333 0.5953125 0.14583333 0.5953125 0.1475 0.60625 0.14083333 0.61614585 0.1375 0.621875 0.13916667 0.63177085 0.20333333 0.634375 0.2375 0.6375 0.27416667 0.6546875 0.30666667 0.6828125 0.35 0.7078125 0.305 0.7192708 0.27 0.74635416 0.25166667 0.74635416 0.2375 0.7359375 0.21833333 0.68125 0.1225 0.6609375 0.075833336
6 0.87708336 0.47333333 0.871875 0.6016667 0.86145836 0.6741667 0.8546875 0.6791667 0.85520834 0.68666667 0.871875 0.6925 0.9010417 0.70666665 0.915625 0.7158333 0.9583333 0.73583335 0.965625 0.7241667 0.9661458 0.68833333 0.96979165 0.615 0.99114585 0.5075
6 0.06302083 0.30583334 0.041145835 0.40833333 0.025520833 0.46 0.0265625 0.47416666 0.044270832 0.47833332 0.055208333 0.48 0.06666667 0.47583333 0.14947917 0.50666666 0.1671875 0.5233333 0.1828125 0.5233333 0.2125 0.35416666 0.19375 0.34916666 0.17552084 0.3475 0.10729167 0.33166668 0.07239583 0.30583334
