19 0.51145834 0.54333335 0.57916665 0.6125 0.5942708 0.6275 0.5984375 0.635 0.5395833 0.74666667 0.5208333 0.7816667 0.5208333 0.79833335 0.5328125 0.82166666 0.53125 0.8258333 0.43489584 0.8025 0.4328125 0.8016667 0.4296875 0.80833334 0.42760417 0.80583334 0.42760417 0.7991667 0.4140625 0.795 0.44479167 0.77666664 0.49895832 0.75333333 0.49947917 0.7475 0.50364584 0.7525 0.5338542 0.7391667 0.54010415 0.725 0.5385417 0.7108333 0.509375 0.5425
19 0.503125 0.5175 0.50677085 0.5258333 0.50989586 0.5441667 0.53541666 0.6933333 0.5385417 0.7125 0.54010415 0.7241667 0.5338542 0.73833334 0.50364584 0.75166667 0.5 0.7475 0.49947917 0.74833333 0.4984375 0.75333333 0.44479167 0.77666664 0.41354167 0.795 0.409375 0.795 0.41614583 0.76666665 0.4140625 0.75333333 0.40520832 0.74333334 0.34895834 0.71416664 0.346875 0.69916666 0.3859375 0.66 0.40677083 0.6358333 0.41927084 0.6533333 0.42291668 0.6533333 0.428125 0.655 0.43489584 0.64916664 0.46822917 0.575
19 0.5703125 0.87083334 0.5598958 0.99833333 0.5598958 1.0 0.37239584 1.0 0.37552083 0.95 0.3828125 0.9425 0.38645834 0.93333334 0.39114583 0.87833333 0.396875 0.84833336 0.40989584 0.7941667 0.42708334 0.7991667 0.42760417 0.8 0.42708334 0.80583334 0.4296875 0.80833334 0.43333334 0.8016667 0.47552082 0.81166667 0.52916664 0.825 0.5375 0.8275 0.5640625 0.8625
19 0.73229164 0.85583335 0.690625 0.9375 0.67395836 0.96166664 0.66614586 0.9675 0.65833336 0.9691667 0.6484375 0.9625 0.628125 0.94166666 0.6296875 0.9375 0.62916666 0.93666667 0.62708336 0.93666667 0.625 0.93916667 0.6098958 0.9216667 0.5776042 0.8775 0.5703125 0.87 0.53802085 0.8275 0.53229165 0.82166666 0.5208333 0.79833335 0.5208333 0.7808333 0.53697914 0.75083333 0.59739584 0.63666666 0.60625 0.62416667 0.615625 0.62333333 0.6244792 0.6308333 0.675 0.70666665 0.721875 0.76416665 0.71979165 0.77 0.72083336 0.7725 0.72447914 0.7683333 0.7447917 0.7966667 0.746875 0.80583334 0.74375 0.82666665
19 0.38333333 0.6041667 0.40729168 0.635 0.38385418 0.6625 0.346875 0.69916666 0.34375 0.7 0.35833332 0.665 0.35572916 0.655 0.3609375 0.6575
19 0.4140625 0.33416668 0.48697916 0.43083334 0.51666665 0.46833333 0.51875 0.47833332 0.5171875 0.49333334 0.49895832 0.5225 0.4734375 0.56583333 0.46822917 0.575 0.44583333 0.625 0.43489584 0.64916664 0.428125 0.655 0.41979167 0.6525 0.40677083 0.63666666 0.40677083 0.6358333 0.39947918 0.62416667 0.38333333 0.6041667 0.40989584 0.5366667 0.4296875 0.47916666 0.428125 0.46 0.425 0.45416668 0.39635417 0.4225 0.3453125 0.35666665 0.37239584 0.30083334 0.3828125 0.29583332 0.39166668 0.30333334 0.409375 0.3275 0.40885416 0.335 0.40989584 0.335
19 0.32864583 0.3375 0.35052082 0.36416668 0.38854167 0.41166666 0.396875 0.42416668 0.42760417 0.4575 0.4296875 0.47916666 0.4109375 0.53333336 0.38229167 0.6066667 0.3609375 0.6575 0.35625 0.655 0.35572916 0.6558333 0.35833332 0.665 0.34375 0.7008333 0.33541667 0.70916665 0.32916668 0.7075 0.32447916 0.70416665 0.2578125 0.6075 0.24427083 0.59 0.23958333 0.57666665 0.24270834 0.5575 0.2546875 0.5258333 0.25729167 0.52666664 0.25885418 0.525 0.25729167 0.51916665 0.28385416 0.44 0.29479167 0.41333333 0.2984375 0.3925 0.31875 0.34 0.32604167 0.3375
19 0.253125 0.8808333 0.3125 0.91333336 0.3421875 0.9266667 0.36979166 0.9458333 0.37604168 0.94916666 0.38333333 0.94083333 0.38645834 0.93416667 0.39114583 0.87833333 0.39739582 0.845 0.40989584 0.7925 0.41614583 0.7675 0.4140625 0.75333333 0.40572917 0.74333334 0.34895834 0.71416664 0.3375 0.7075 0.3359375 0.7083333 0.32916668 0.7075 0.325 0.70416665 0.31927082 0.69666666 0.28333333 0.6766667 0.28125 0.6816667 0.2796875 0.67833334 0.27916667 0.67333335 0.25729167 0.6591667 0.2484375 0.6558333 0.2421875 0.6616667 0.23854166 0.67 0.22552083 0.76166666 0.21666667 0.81166667 0.2125 0.84583336 0.21510416 0.8591667 0.221875 0.8666667 0.24895833 0.87916666 0.25 0.87416667 0.25208333 0.87333333 0.253125 0.87583333
19 0.30260417 0.67333335 0.30833334 0.69083333 0.31979167 0.69666666 0.30104166 0.67
19 0.6666667 0.27666667 0.7651042 0.33416668 0.79375 0.35083333 0.79791665 0.36333334 0.79791665 0.37166667 0.7729167 0.46916667 0.7505208 0.5683333 0.74114585 0.57166666 0.73020834 0.5683333 0.6140625 0.49916667 0.61354166 0.48916668 0.6109375 0.48916668 0.609375 0.495 0.60833335 0.495 0.5796875 0.47583333 0.57447916 0.46333334 0.5734375 0.45166665 0.6067708 0.31833333 0.6177083 0.26583335 0.6234375 0.25666666 0.62916666 0.255 0.66041666 0.27416667 0.6609375 0.27916667 0.66302085 0.28
