18 0.31354168 0.0475 0.3015625 0.0425 0.28072917 0.036666665 0.26875 0.025 0.25520834 0.015833333 0.22604166 0.0 0.11302083 0.0 0.100520834 0.05666667 0.09583333 0.09166667 0.096875 0.09916667 0.11302083 0.145 0.12604167 0.1875 0.1484375 0.19833334 0.17916666 0.2075 0.2109375 0.21833333 0.221875 0.22083333 0.22760417 0.23166667 0.23541667 0.23583333 0.25572917 0.24916667 0.27552083 0.26166666 0.28541666 0.265 0.2921875 0.26333332 0.29739583 0.25916666 0.303125 0.25 0.31666666 0.2025 0.32916668 0.14416666 0.321875 0.1025 0.31614584 0.06666667 0.315625 0.055 0.31510416 0.050833333
18 0.2375 0.2525 0.22760417 0.23416667 0.21927084 0.23083334 0.20364584 0.22416666 0.19635417 0.2225 0.19114584 0.22083333 0.16614583 0.2125 0.14322917 0.20416667 0.12916666 0.19666667 0.1515625 0.26666668 0.17447917 0.34083334 0.178125 0.36083335 0.178125 0.37583333 0.17604166 0.38583332 0.17239584 0.38833332 0.14166667 0.4075 0.069270834 0.46666667 0.0640625 0.46916667 0.0578125 0.5233333 0.059895832 0.535 0.0640625 0.54583335 0.0734375 0.5475 0.15989584 0.5708333 0.18072917 0.575 0.18645833 0.575 0.1890625 0.5733333 0.1984375 0.56 0.19895834 0.55333334 0.20104167 0.5158333 0.2 0.48083332 0.20052083 0.4725 0.20208333 0.46333334 0.20625 0.4525 0.20833333 0.44833332 0.20885417 0.44 0.21197917 0.4175 0.22864583 0.31666666 0.23697917 0.26333332 0.2375 0.25916666
18 0.21927084 0.48083332 0.2 0.48083332 0.20104167 0.515 0.2 0.535 0.21354167 0.49666667 0.21927084 0.4825
18 0.38697916 0.44166666 0.38697916 0.4325 0.384375 0.42166665 0.38177082 0.415 0.3671875 0.40416667 0.35520834 0.4225 0.34791666 0.4275 0.3390625 0.4275 0.334375 0.4225 0.303125 0.37416667 0.28541666 0.34166667 0.27916667 0.33416668 0.27135417 0.32916668 0.26302084 0.33333334 0.259375 0.33583334 0.25833333 0.33833334 0.234375 0.4225 0.22604166 0.45833334 0.21979167 0.48 0.2015625 0.5316667 0.19947916 0.53833336 0.19895834 0.55583334 0.1984375 0.55916667 0.18958333 0.5733333 0.18177083 0.5991667 0.17395833 0.62083334 0.17395833 0.6333333 0.19375 0.58416665 0.2 0.5825 0.21145834 0.58166665 0.23020834 0.6025 0.2578125 0.63 0.29270834 0.6625 0.31302083 0.6816667 0.34427083 0.57666665 0.3515625 0.5525 0.3546875 0.5366667 0.35885417 0.5225 0.36614582 0.50166667 0.37083334 0.4925 0.38541666 0.44833332 0.3859375 0.44416666
18 0.1796875 0.575 0.1796875 0.60333335 0.18177083 0.59833336 0.18958333 0.5733333 0.18697916 0.575 0.1859375 0.575 0.1796875 0.575
18 0.39895833 0.49416667 0.39427084 0.48666668 0.39270833 0.485 0.38958332 0.48 0.3875 0.48 0.375 0.48 0.36458334 0.50666666 0.35677084 0.53 0.34947917 0.56 0.3203125 0.6566667 0.31354168 0.6816667 0.32552084 0.695 0.33697918 0.6975 0.353125 0.70416665 0.37916666 0.7058333 0.39010417 0.7008333 0.39322916 0.6983333 0.4 0.68833333 0.4 0.68 0.40104166 0.50166667 0.40104166 0.49916667
18 0.37760416 0.76916665 0.37239584 0.75166667 0.35729167 0.73 0.33229166 0.7025 0.32395834 0.6925 0.30989584 0.6791667 0.259375 0.6308333 0.21927084 0.5908333 0.21145834 0.5808333 0.2 0.58166665 0.19322917 0.585 0.16927083 0.6475 0.14895834 0.69916666 0.14270833 0.71666664 0.13802083 0.73 0.13645834 0.73833334 0.1375 0.7475 0.14010416 0.75666666 0.14375 0.765 0.15 0.77416664 0.15833333 0.7816667 0.16979167 0.7875 0.1765625 0.7866667 0.18541667 0.79583335 0.19375 0.81416667 0.22708334 0.8466667 0.26875 0.8958333 0.29479167 0.9216667 0.3015625 0.92333335 0.30729166 0.92333335 0.3140625 0.92 0.31822917 0.91583335 0.340625 0.87333333 0.35520834 0.8441667 0.3671875 0.82 0.378125 0.785 0.3796875 0.77916664
18 0.134375 0.71 0.09427083 0.62666667 0.07239583 0.5925 0.059895832 0.58916664 0.049479168 0.5925 0.038541667 0.605 0.0 0.65166664 0.0 0.84166664 0.013020833 0.87083334 0.027604166 0.8833333 0.038541667 0.89 0.047916666 0.9141667 0.0484375 0.935 0.06302083 0.9633333 0.072916664 0.98083335 0.0796875 0.9875 0.086979166 0.98833334 0.0921875 0.9875 0.10989583 0.9683333 0.13541667 0.93416667 0.19375 0.87 0.19791667 0.855 0.2 0.84166664 0.19166666 0.8225 0.17552084 0.7925 0.17395833 0.7875 0.16822916 0.7866667 0.1578125 0.7808333 0.14427084 0.76916665 0.13802083 0.7525 0.1359375 0.7375 0.13958333 0.725 0.140625 0.72083336
18 0.54479164 0.6566667 0.5390625 0.6375 0.53333336 0.63166666 0.5260417 0.6275 0.51875 0.63 0.47604167 0.6558333 0.421875 0.69083333 0.40885416 0.6933333 0.3609375 0.7133333 0.34791666 0.72 0.35885417 0.7325 0.3734375 0.75333333 0.3796875 0.7783333 0.365625 0.82166666 0.35520834 0.8425 0.359375 0.8641667 0.37083334 0.915 0.37864584 0.92333335 0.38645834 0.92583334 0.39895833 0.92 0.42395833 0.90416664 0.440625 0.9008333 0.46614584 0.88666666 0.49427083 0.87166667 0.5609375 0.835 0.5677083 0.82916665 0.57135415 0.82 0.57395834 0.8066667 0.56927085 0.77916664 0.5515625 0.68583333 0.54791665 0.6691667
18 0.8234375 0.8 0.82239586 0.7891667 0.8177083 0.7783333 0.81145835 0.7683333 0.76354164 0.7025 0.7395833 0.6675 0.72760415 0.6533333 0.70208335 0.6091667 0.6828125 0.57666665 0.675 0.57666665 0.66979164 0.5783333 0.64739585 0.61333334 0.5854167 0.7133333 0.58385414 0.7266667 0.584375 0.7316667 0.6255208 0.7916667 0.6958333 0.8983333 0.72291666 0.9375 0.7260417 0.9433333 0.7317708 0.94666666 0.73802084 0.94666666 0.7427083 0.94666666 0.74895835 0.9375 0.81875 0.81916666 0.82239586 0.80916667
18 0.82135415 0.71166664 0.7994792 0.71 0.81458336 0.72333336 0.82239586 0.7316667
18 1.0 0.51166666 0.9625 0.5183333 0.90052086 0.5308333 0.8744792 0.5341667 0.8390625 0.5416667 0.8255208 0.5441667 0.8208333 0.55333334 0.81822914 0.56166667 0.81614584 0.56916666 0.81875 0.5941667 0.8197917 0.64416665 0.8229167 0.67583334 0.821875 0.71 0.8229167 0.74083334 0.8255208 0.75083333 0.83020836 0.76 0.84010416 0.76166666 0.8484375 0.75916666 0.8744792 0.75083333 0.91041666 0.74833333 1.0 0.72833335
18 0.953125 0.47 0.9484375 0.45833334 0.9458333 0.45166665 0.9135417 0.42333335 0.8890625 0.40083334 0.8796875 0.395 0.8765625 0.46833333 0.8734375 0.5183333 0.8723958 0.535 0.93177086 0.525 0.9390625 0.5233333 0.9447917 0.51416665 0.953125 0.49333334 0.9546875 0.485 0.9546875 0.475
18 0.8802083 0.39333335 0.88072914 0.38666666 0.8796875 0.38333333 0.8765625 0.375 0.85625 0.36583334 0.78333336 0.36583334 0.75364584 0.36583334 0.74791664 0.37333333 0.74427086 0.37833333 0.740625 0.3875 0.740625 0.4625 0.74010414 0.5158333 0.74114585 0.5491667 0.7338542 0.6483333 0.73333335 0.6591667 0.7630208 0.70166665 0.765625 0.7058333 0.76875 0.70916665 0.7838542 0.70916665 0.8 0.71 0.82135415 0.7125 0.8229167 0.6766667 0.8203125 0.6425 0.81822914 0.5925 0.81614584 0.56916666 0.8203125 0.555 0.8255208 0.54333335 0.83125 0.54333335 0.871875 0.5341667 0.8776042 0.44333333 0.8796875 0.39583334
18 0.71510416 0.00083333335 0.72239584 0.026666667 0.73229164 0.07333333 0.7359375 0.1125 0.7578125 0.21 0.7661458 0.23416667 0.77447915 0.2425 0.78802085 0.24333334 0.846875 0.2175 0.890625 0.19833334 0.89947915 0.19333333 0.9046875 0.17583333 0.89947915 0.155 0.89635414 0.1425 0.8901042 0.1125 0.8755208 0.065 0.8671875 0.029166667 0.8609375 0.013333334 0.85833335 0.009166666 0.85729164 0.0
18 0.7427083 0.15166667 0.7296875 0.23 0.72552085 0.26583335 0.7234375 0.28083333 0.72447914 0.28916666 0.7296875 0.30166668 0.7375 0.3075 0.78125 0.33166668 0.821875 0.35083333 0.85260415 0.36583334 0.8588542 0.36583334 0.875 0.37416667 0.8854167 0.38166666 0.9114583 0.39666668 0.91979164 0.39583334 0.9270833 0.38 0.93541664 0.3075 0.9302083 0.2975 0.9213542 0.28666666 0.92604166 0.28416666 0.9421875 0.26583335 0.9484375 0.2425 0.95 0.22333333 0.94739586 0.20916666 0.9171875 0.18416667 0.903125 0.17666666 0.9 0.19083333 0.84479165 0.21833333 0.7864583 0.2425 0.7739583 0.24333334 0.765625 0.2325 0.7572917 0.21083333 0.7494792 0.17416666 0.74375 0.14916667
18 0.69427085 0.1925 0.67864585 0.295 0.671875 0.35666665 0.66614586 0.39666668 0.66510415 0.42666668 0.659375 0.46666667 0.67395836 0.49583334 0.7083333 0.565 0.7161458 0.5708333 0.7234375 0.5708333 0.72760415 0.5683333 0.740625 0.5491667 0.74010414 0.51666665 0.74010414 0.42416668 0.740625 0.385 0.74375 0.3775 0.75364584 0.36583334 0.7817708 0.36583334 0.77708334 0.3575 0.7708333 0.35166666 0.7583333 0.3225 0.75416666 0.31666666 0.73229164 0.30333334 0.7296875 0.3 0.7234375 0.28833333 0.72447914 0.27916667 0.7265625 0.26166666 0.7260417 0.25416666 0.7046875 0.21 0.69895834 0.19916667
18 0.69635415 0.16166666 0.6921875 0.14833333 0.68958336 0.1425 0.62708336 0.12 0.6197917 0.1175 0.61614585 0.11416667 0.59947914 0.11 0.590625 0.10333333 0.58020836 0.10166667 0.5729167 0.10166667 0.56666666 0.10916667 0.5630208 0.11416667 0.55260414 0.2025 0.54895836 0.25916666 0.5338542 0.3625 0.52552086 0.41166666 0.52552086 0.41583332 0.53020835 0.4325 0.53489584 0.44166666 0.5442708 0.44416666 0.6234375 0.475 0.64166665 0.4825 0.646875 0.48166665 0.65208334 0.47666666 0.65833336 0.47 0.659375 0.46833333 0.665625 0.41916665 0.66614586 0.39916667 0.6734375 0.3425 0.6796875 0.28666666 0.6958333 0.17416666 0.696875 0.1675
18 0.49791667 0.0 0.47708333 0.04083333 0.43489584 0.14333333 0.43125 0.15583333 0.4328125 0.16833334 0.43541667 0.18166667 0.44947916 0.20166667 0.4953125 0.255 0.5296875 0.28666666 0.5338542 0.2875 0.5364583 0.2875 0.5442708 0.28166667 0.5453125 0.28083333 0.54895836 0.24666667 0.55260414 0.20333333 0.55833334 0.15916666 0.56354165 0.1125 0.56875 0.105 0.57239586 0.1025 0.5864583 0.1025 0.59270835 0.104166664 0.60364586 0.11333334 0.6166667 0.11333334 0.63958335 0.0525 0.6479167 0.02 0.6458333 0.006666667 0.6432292 0.0 0.6421875 0.0
18 0.50416666 0.265 0.46041667 0.27666667 0.44322917 0.28333333 0.4359375 0.29416665 0.434375 0.30416667 0.46041667 0.465 0.4640625 0.49 0.46927083 0.4975 0.47604167 0.50166667 0.48229167 0.50166667 0.5286458 0.47333333 0.53020835 0.46333334 0.5395833 0.46333334 0.5484375 0.4625 0.559375 0.4675 0.5953125 0.46583334 0.5541667 0.44666666 0.53697914 0.44 0.5338542 0.4375 0.5286458 0.4275 0.52552086 0.41666666 0.5395833 0.32083333 0.54375 0.29416665 0.54479164 0.2825 0.5359375 0.28583333 0.5296875 0.285 0.5125 0.27166668
18 0.30625 0.0 0.30989584 0.018333333 0.31354168 0.04083333 0.315625 0.058333334 0.31614584 0.06916667 0.32864583 0.14416666 0.33020833 0.15083334 0.33697918 0.15583333 0.34166667 0.15916666 0.34479168 0.16 0.35364583 0.15583333 0.44791666 0.1125 0.4640625 0.071666665 0.4484375 0.0
18 0.47395834 0.23083334 0.40260416 0.34583333 0.35989583 0.41416666 0.35 0.42666668 0.346875 0.4275 0.33802083 0.4275 0.3328125 0.42333335 0.29427084 0.35833332 0.28229168 0.33916667 0.2609375 0.30833334 0.25208333 0.2925 0.2515625 0.28666666 0.25052083 0.275 0.25208333 0.26583335 0.25729167 0.2575 0.2609375 0.2525 0.2765625 0.26416665 0.2875 0.265 0.29322916 0.2625 0.30208334 0.25083333 0.30729166 0.23333333 0.3171875 0.19916667 0.32864583 0.14416666 0.33177084 0.1525 0.34375 0.16 0.346875 0.16 0.434375 0.11833333 0.446875 0.11333334 0.43177083 0.1525 0.4328125 0.17083333 0.43489584 0.18166667 0.45729166 0.21083333 0.47083333 0.22666667
18 0.09427083 0.0925 0.08385417 0.071666665 0.075 0.06333333 0.065104164 0.055833332 0.061979167 0.054166667 0.036979165 0.07416666 0.009895833 0.09583333 0.0 0.10333333 0.0 0.305 0.009375 0.325 0.018229166 0.33833334 0.027083334 0.35333332 0.030729167 0.37416667 0.033333335 0.4 0.034375 0.41833332 0.047916666 0.45583335 0.054166667 0.46833333 0.063541666 0.46916667 0.0703125 0.46583334 0.14114584 0.40833333 0.17395833 0.3875 0.17708333 0.38416666 0.17864583 0.37416667 0.17864583 0.36 0.17604166 0.345 0.14895834 0.2575 0.118229166 0.1625 0.098958336 0.105
