6 0.29739583 0.0 0.31041667 0.0475 0.3171875 0.08166666 0.32447916 0.0975 0.34270832 0.11333334 0.35625 0.14083333 0.35729167 0.15083334 0.34895834 0.14916667 0.34114584 0.15083334 0.33125 0.1575 0.3078125 0.16833334 0.2984375 0.17166667 0.29270834 0.1725 0.28072917 0.17583333 0.2703125 0.175 0.24791667 0.18666667 0.24583334 0.18416667 0.24427083 0.1775 0.24114583 0.16916667 0.2515625 0.17583333 0.2546875 0.16583334 0.24895833 0.15333334 0.21770833 0.10583334 0.20677084 0.090833336 0.22291666 0.07083333 0.24739583 0.033333335 0.25208333 0.024166666 0.25833333 0.020833334 0.27760416 0.0033333334 0.284375 0.0
6 0.378125 0.0525 0.421875 0.0675 0.45989582 0.08166666 0.48125 0.090833336 0.48541668 0.0925 0.48125 0.12166667 0.47135416 0.15166667 0.45364583 0.19 0.4515625 0.19583334 0.45260417 0.25666666 0.45260417 0.28083333 0.45 0.2975 0.44114584 0.2975 0.41979167 0.295 0.37135416 0.28833333 0.35364583 0.285 0.34583333 0.28333333 0.34114584 0.2825 0.3421875 0.27416667 0.34583333 0.25166667 0.346875 0.2425 0.3609375 0.20166667 0.3640625 0.18666667 0.3703125 0.14583333 0.37447917 0.10166667 0.37604168 0.0625 0.37708333 0.055833332
6 0.49739584 0.0 0.5234375 0.0 0.51458335 0.018333333 0.5015625 0.005 0.49947917 0.0033333334
6 0.70520836 0.100833334 0.7015625 0.13 0.7015625 0.15916666 0.70520836 0.19333333 0.703125 0.27666667 0.703125 0.285 0.66979164 0.28 0.64166665 0.27083334 0.61354166 0.26833335 0.60833335 0.2675 0.59739584 0.2675 0.57708335 0.26916668 0.56875 0.2675 0.5630208 0.2675 0.54479164 0.245 0.55104166 0.14 0.5541667 0.08916666 0.55572915 0.085 0.5609375 0.08166666 0.5765625 0.086666666 0.60520834 0.1125 0.62291664 0.111666664 0.65520835 0.10666667 0.6848958 0.1075 0.69635415 0.105 0.7026042 0.10166667
6 0.5078125 0.2075 0.5203125 0.21416667 0.53125 0.2275 0.5416667 0.24166666 0.54583335 0.24583334 0.56458336 0.26833335 0.5932292 0.295 0.609375 0.30666667 0.6203125 0.31 0.62708336 0.3225 0.6145833 0.3525 0.61510414 0.3675 0.61510414 0.3775 0.59479165 0.42 0.57135415 0.46916667 0.56354165 0.46333334 0.54895836 0.42583334 0.5385417 0.40166667 0.53229165 0.3875 0.52135414 0.38333333 0.51197916 0.38583332 0.4671875 0.3825 0.45520833 0.36666667 0.4734375 0.32333332 0.4875 0.28416666 0.49375 0.26083332 0.49895832 0.2375 0.5046875 0.2175 0.50625 0.2125
6 0.3046875 0.31416667 0.32135418 0.31083333 0.3546875 0.32833335 0.36302084 0.3225 0.37916666 0.31916666 0.3984375 0.31083333 0.42239583 0.29916668 0.42864582 0.29666665 0.44270834 0.29833335 0.45052084 0.29833335 0.453125 0.31916666 0.45260417 0.3375 0.44427082 0.3375 0.43645832 0.35916665 0.43229166 0.39916667 0.42760417 0.41833332 0.40520832 0.4 0.39270833 0.3925 0.390625 0.3975 0.38229167 0.42166665 0.38229167 0.47333333 0.32916668 0.4875 0.321875 0.49083334 0.31458333 0.43833333 0.31197917 0.40416667 0.30833334 0.34833333 0.30572918 0.32416666 0.30572918 0.3225
6 0.48854166 0.08583333 0.5364583 0.10166667 0.553125 0.108333334 0.55260414 0.12 0.5494792 0.17166667 0.546875 0.21416667 0.54583335 0.24416667 0.540625 0.24 0.5265625 0.22166666 0.52135414 0.21416667 0.51927084 0.21416667 0.5104167 0.20916666 0.5083333 0.2075 0.50208336 0.22583333 0.496875 0.24416667 0.490625 0.27083334 0.4875 0.28583333 0.4765625 0.31416667 0.47083333 0.33083335 0.4640625 0.33 0.459375 0.32833335 0.46197918 0.2975 0.47447917 0.21666667 0.4828125 0.1425 0.48177084 0.12416667 0.48177084 0.1175 0.4859375 0.09166667 0.48697916 0.08833333
6 0.7729167 0.19416666 0.7609375 0.24333334 0.75364584 0.2875 0.7453125 0.34333333 0.7390625 0.37 0.7192708 0.36166668 0.68072915 0.32416666 0.6453125 0.29666665 0.6098958 0.28 0.59010416 0.27 0.6020833 0.26666668 0.61510414 0.2675 0.6255208 0.27 0.6333333 0.27 0.6432292 0.27083334 0.65416664 0.27416667 0.67395836 0.28166667 0.68645835 0.2825 0.7036458 0.285 0.7046875 0.2175 0.70625 0.19583334 0.7046875 0.17916666 0.70208335 0.16333333 0.72239584 0.17833333 0.7484375 0.18833333 0.759375 0.18916667 0.7682292 0.18916667 0.7739583 0.18916667
6 0.37760416 0.55583334 0.41458333 0.58416665 0.4359375 0.6 0.45677084 0.6225 0.47552082 0.63666666 0.48020834 0.62083334 0.49895832 0.54833335 0.53125 0.44583333 0.53697914 0.4275 0.54114586 0.40916666 0.53125 0.40583333 0.50885415 0.38583332 0.49375 0.385 0.47552082 0.38333333 0.46666667 0.3825 0.45625 0.36666667 0.45625 0.36416668 0.4625 0.35 0.45625 0.34166667 0.453125 0.33666667 0.4484375 0.3375 0.44479167 0.3375 0.4390625 0.35083333 0.4359375 0.36083335 0.43333334 0.39166668 0.43229166 0.39833334 0.42916667 0.41333333 0.42708334 0.42 0.425 0.435 0.409375 0.47 0.38541666 0.52666664 0.37864584 0.5441667 0.37708333 0.55333334 0.3765625 0.555
6 0.45729166 0.625 0.4546875 0.65166664 0.44947916 0.6691667 0.44375 0.6816667 0.4046875 0.66333336 0.38177082 0.6475 0.35416666 0.6358333 0.34010416 0.62833333 0.34375 0.61 0.36666667 0.5366667 0.378125 0.5108333 0.3796875 0.49666667 0.38177082 0.4725 0.3828125 0.42583334 0.38177082 0.42083332 0.3921875 0.39083335 0.40729168 0.40166667 0.42760417 0.41833332 0.42447916 0.435 0.40885416 0.47 0.38333333 0.5325 0.37760416 0.5475 0.37708333 0.555 0.38229167 0.55916667 0.4171875 0.5858333 0.43125 0.59583336 0.43697917 0.60083336 0.44895834 0.6141667 0.45729166 0.6225
6 0.19479166 0.07833333 0.20260416 0.0925 0.21875 0.155 0.23645833 0.21416667 0.25416666 0.24583334 0.2640625 0.26333332 0.26979166 0.27666667 0.26510417 0.28333333 0.2375 0.30583334 0.228125 0.31916666 0.215625 0.33583334 0.20416667 0.34583333 0.19479166 0.35583332 0.17864583 0.37166667 0.17083333 0.34166667 0.1359375 0.2475 0.110416666 0.1825 0.1046875 0.17083333 0.128125 0.1475 0.15572916 0.1225 0.17760417 0.1 0.18854167 0.08583333 0.19114584 0.083333336
