18 0.62708336 0.51666665 0.65 0.55916667 0.68072915 0.62833333 0.69427085 0.6525 0.7046875 0.6716667 0.6822917 0.7191667 0.6703125 0.7625 0.65729165 0.77166665 0.6203125 0.8491667 0.60052085 0.80916667 0.5421875 0.7108333 0.5208333 0.67333335 0.51927084 0.6533333 0.525 0.63666666 0.57239586 0.5675 0.6098958 0.5175 0.61614585 0.51666665
18 0.72552085 0.38833332 0.75104165 0.37416667 0.790625 0.34833333 0.825 0.32333332 0.8296875 0.3225 0.8411458 0.33583334 0.85625 0.39333335 0.89166665 0.54833335 0.9109375 0.625 0.90416664 0.64666665 0.87916666 0.66583335 0.8265625 0.69916666 0.77708334 0.64 0.7703125 0.6325 0.75572914 0.57166666 0.740625 0.50916666 0.73645836 0.48666668 0.7182292 0.4175 0.71979165 0.4
18 0.6088542 0.42 0.6614583 0.385 0.7125 0.3475 0.71770835 0.3475 0.728125 0.35416666 0.7359375 0.38166666 0.72552085 0.3875 0.71979165 0.4 0.7182292 0.41666666 0.7375 0.49083334 0.7390625 0.50333333 0.76458335 0.605 0.7703125 0.6308333 0.7505208 0.6091667 0.74010414 0.61083335 0.7338542 0.6166667 0.7270833 0.62583333 0.70520836 0.67083335 0.703125 0.66833335 0.6822917 0.6308333 0.65260416 0.56583333 0.6276042 0.51666665 0.621875 0.51666665 0.60052085 0.44833332 0.60260415 0.43583333
18 0.4640625 0.36166668 0.51770836 0.43833333 0.5515625 0.49 0.55260414 0.5133333 0.55 0.51916665 0.51875 0.57416666 0.46666667 0.655 0.45520833 0.67583334 0.41510418 0.75083333 0.4109375 0.75333333 0.40364584 0.755 0.39895833 0.75333333 0.34322917 0.66833335 0.31145832 0.6166667 0.31145832 0.5908333 0.31614584 0.5825 0.35260418 0.525 0.40572917 0.43083334 0.44635418 0.36083335 0.45989582 0.35833332
18 0.4625 0.66833335 0.47447917 0.7 0.48125 0.7158333 0.48125 0.73 0.48020834 0.74 0.4765625 0.74916667 0.43645832 0.7816667 0.421875 0.79 0.41197917 0.8 0.4 0.8175 0.33020833 0.88416666 0.30520833 0.9066667 0.3015625 0.9075 0.29322916 0.905 0.28697917 0.89916664 0.26666668 0.8441667 0.23177083 0.7425 0.23020834 0.7241667 0.23645833 0.7033333 0.25885418 0.6825 0.296875 0.65 0.31875 0.63 0.31927082 0.63 0.3671875 0.705 0.39947918 0.75333333 0.40520832 0.75416666 0.41458333 0.75166667 0.46041667 0.6666667
18 0.371875 0.2925 0.37291667 0.39333335 0.36979166 0.49 0.36979166 0.49416667 0.3515625 0.52666664 0.346875 0.5341667 0.34479168 0.5341667 0.33020833 0.5275 0.32135418 0.51666665 0.30885416 0.5075 0.30885416 0.5183333 0.30052084 0.5283333 0.25416666 0.5366667 0.24375 0.5233333 0.24166666 0.515 0.23802084 0.43333334 0.234375 0.34166667 0.23229167 0.27416667 0.22604166 0.19916667 0.22916667 0.18583333 0.2390625 0.175 0.3171875 0.1725 0.36197916 0.175 0.37083334 0.19083333 0.37083334 0.2325
18 0.37291667 0.2 0.39322916 0.23666666 0.3890625 0.24416667 0.37135416 0.27166668 0.37135416 0.2
18 0.21875 0.16333333 0.2484375 0.123333335 0.26770833 0.093333334 0.28958333 0.07 0.29895833 0.071666665 0.30677083 0.08 0.32604167 0.1175 0.33958334 0.15166667 0.35208333 0.17416666 0.3 0.17333333 0.25625 0.175 0.23958333 0.17583333 0.23072916 0.185 0.2265625 0.19916667 0.2296875 0.23833333 0.2328125 0.28166667 0.23229167 0.28666666 0.20833333 0.24 0.20104167 0.22666667 0.196875 0.21166667 0.19791667 0.19583334
18 0.39895833 0.23333333 0.428125 0.28666666 0.45677084 0.34 0.4734375 0.37166667 0.47395834 0.375 0.46197918 0.35916665 0.44739583 0.36 0.41979167 0.40583333 0.38072917 0.475 0.3703125 0.49416667 0.37239584 0.36916667 0.37135416 0.27 0.38125 0.2575 0.39739582 0.23
18 0.5072917 0.08 0.52552086 0.11833333 0.55260414 0.17416666 0.5765625 0.22166666 0.61354166 0.29666665 0.6322917 0.33666667 0.63072914 0.35166666 0.62916666 0.3575 0.58020836 0.41916665 0.54114586 0.47 0.5385417 0.47 0.4734375 0.37416667 0.47239584 0.37083334 0.39947918 0.23416667 0.396875 0.22333333 0.39791667 0.2025 0.3984375 0.2 0.43125 0.1525 0.4828125 0.08416667 0.49114582 0.075 0.5026042 0.07666667
18 0.75 0.6091667 0.7661458 0.62666667 0.78020835 0.6433333 0.8052083 0.67333335 0.8171875 0.6875 0.8333333 0.7083333 0.8375 0.725 0.8354167 0.7441667 0.8307292 0.75666666 0.78489584 0.84166664 0.7786458 0.8541667 0.76770836 0.89166665 0.74427086 0.935 0.734375 0.95666665 0.7182292 0.985 0.70729166 0.99083334 0.7015625 0.99083334 0.65833336 0.94 0.61927086 0.89416665 0.61510414 0.8825 0.6166667 0.86 0.6296875 0.8283333 0.6578125 0.77 0.66979164 0.7633333 0.68385416 0.7175 0.725 0.62833333 0.73333335 0.61583334 0.7395833 0.6116667
