14 0.38645834 0.49166667 0.37291667 0.46666667 0.36510417 0.47166666 0.35208333 0.47166666 0.346875 0.47416666 0.3453125 0.42666668 0.3421875 0.435 0.3359375 0.43416667 0.32447916 0.435 0.284375 0.44666666 0.30520833 0.48333332 0.38177082 0.4925
14 0.1796875 0.6591667 0.1890625 0.5925 0.1921875 0.55833334 0.1953125 0.5441667 0.21145834 0.55333334 0.21145834 0.56416667 0.24635416 0.57416666 0.18541667 0.6533333
14 0.24114583 0.46666667 0.24322917 0.48166665 0.24270834 0.52 0.24427083 0.52916664 0.24635416 0.57166666 0.26875 0.5416667 0.275 0.53 0.27291667 0.5158333 0.27864584 0.5075 0.30104166 0.555 0.31354168 0.5725 0.42604166 0.585 0.44427082 0.585 0.446875 0.60083336 0.4640625 0.6 0.46614584 0.5908333 0.45677084 0.56 0.46770832 0.55 0.47083333 0.51 0.46822917 0.47666666 0.43072918 0.49416667 0.38541666 0.4925 0.37552083 0.49166667 0.28802082 0.48166665 0.2625 0.48 0.25833333 0.48 0.24635416 0.4625 0.24270834 0.4625
14 0.35260418 0.3425 0.35677084 0.31583333 0.35833332 0.30333334 0.3609375 0.3175 0.3796875 0.34083334 0.38697916 0.35416666 0.3765625 0.3575 0.36822918 0.35416666 0.35885417 0.345 0.3546875 0.34416667
14 0.13854167 0.7033333 0.12604167 0.7191667 0.12916666 0.7266667 0.134375 0.7325 0.15677084 0.7633333 0.184375 0.7991667 0.19010417 0.79083335 0.18385416 0.7808333 0.19166666 0.76666665 0.31927082 0.5941667 0.32916668 0.57416666 0.31354168 0.5725 0.30052084 0.55333334 0.28072917 0.5108333 0.27864584 0.5083333 0.2734375 0.51416665 0.275 0.52916664 0.26979166 0.54083335 0.203125 0.63 0.1765625 0.6625 0.146875 0.70416665 0.14166667 0.7075
14 0.41614583 0.605 0.40364584 0.60333335 0.375 0.60333335 0.32135418 0.5908333 0.31927082 0.5933333 0.26354167 0.6691667 0.38333333 0.69166666 0.4015625 0.69166666 0.40416667 0.68666667 0.39166668 0.6725 0.39375 0.6591667 0.4 0.6508333 0.41614583 0.61
14 0.27916667 0.8641667 0.29479167 0.8491667 0.296875 0.825 0.32239583 0.81916666 0.396875 0.7816667 0.42135417 0.6775 0.40104166 0.69166666 0.38385418 0.6983333 0.29010418 0.7441667 0.2609375 0.7441667 0.259375 0.7583333 0.26458332 0.8125 0.27083334 0.8433333 0.275 0.8575
14 0.3578125 0.57916665 0.37135416 0.6025 0.37447917 0.60333335 0.40520832 0.60333335 0.41614583 0.60583335 0.41614583 0.61 0.40052083 0.64916664 0.396875 0.65416664 0.40260416 0.6716667 0.409375 0.68416667 0.41979167 0.6775 0.42604166 0.655 0.42604166 0.62916666 0.42552084 0.62083334 0.42760417 0.6116667 0.43125 0.60583335 0.43697917 0.6016667 0.45729166 0.61083335 0.46666667 0.6066667 0.4640625 0.6 0.44739583 0.6 0.44427082 0.585 0.4265625 0.58416665 0.36666667 0.57916665 0.3578125 0.5775
14 0.47447917 0.62166667 0.45729166 0.6116667 0.4375 0.6016667 0.43177083 0.6041667 0.42760417 0.61 0.42604166 0.6191667 0.42604166 0.655 0.4203125 0.685 0.36979166 0.8958333 0.3671875 0.9116667 0.35364583 0.93583333 0.3515625 0.9425 0.3546875 0.9508333 0.37760416 0.95666665 0.41302082 0.97 0.42552084 0.9766667 0.42604166 0.95916665 0.42291668 0.95 0.45833334 0.78583336 0.47916666 0.6875 0.4828125 0.68 0.48854166 0.6766667 0.47708333 0.62666667
14 0.48177084 0.6933333 0.4859375 0.7241667 0.484375 0.7325 0.46770832 0.74333334 0.47864583 0.68833333
14 0.50104165 0.52 0.48958334 0.5325 0.4703125 0.54833335 0.45677084 0.56 0.4671875 0.5941667 0.47916666 0.63666666 0.50677085 0.7558333 0.521875 0.8183333 0.5265625 0.86 0.52708334 0.87333333 0.5328125 0.87583333 0.53697914 0.8808333 0.54583335 0.8691667 0.5859375 0.8258333 0.58125 0.81333333 0.571875 0.79 0.53125 0.6016667 0.51666665 0.5425 0.509375 0.5258333
14 0.37708333 0.45333335 0.39010417 0.4725 0.4046875 0.49333334 0.43072918 0.49333334 0.46458334 0.47833332 0.44166666 0.44166666 0.40885416 0.44583333 0.39322916 0.44666666 0.37916666 0.44833332
14 0.44895834 0.44833332 0.46666667 0.47666666 0.46822917 0.47666666 0.46979168 0.48333332 0.49635416 0.52416664 0.50104165 0.52 0.50885415 0.5258333 0.5171875 0.54333335 0.5260417 0.58166665 0.5375 0.6125 0.5416667 0.62083334 0.54270834 0.6275 0.5421875 0.63416666 0.54375 0.64166665 0.54479164 0.6458333 0.55885416 0.6275 0.59270835 0.5783333 0.6010417 0.56583333 0.59583336 0.5566667 0.59010416 0.5683333 0.584375 0.57416666 0.5807292 0.57 0.5786458 0.55083334 0.565625 0.5375 0.5442708 0.50166667 0.503125 0.43166667 0.45520833 0.44 0.44375 0.44166666
14 0.33697918 0.3475 0.33958334 0.38333333 0.34583333 0.43416667 0.34739584 0.47416666 0.35260418 0.47166666 0.3640625 0.4725 0.37135416 0.46583334 0.37760416 0.4525 0.37916666 0.4475 0.44947916 0.44 0.51770836 0.43 0.5734375 0.41833332 0.5755208 0.41833332 0.5875 0.43083334 0.5932292 0.43 0.596875 0.42666668 0.5911458 0.29916668 0.58125 0.3025 0.5630208 0.31416667 0.5546875 0.32416666 0.5364583 0.32916668 0.478125 0.33916667 0.3875 0.35416666 0.37552083 0.3575 0.36875 0.355 0.36354166 0.35 0.35833332 0.345 0.35260418 0.3425 0.34427083 0.34333333
14 0.421875 0.29666665 0.43020833 0.30916667 0.43489584 0.32 0.440625 0.325 0.4484375 0.33666667 0.45 0.34333333 0.5171875 0.33333334 0.4921875 0.29333332 0.47552082 0.26916668 0.47395834 0.26416665 0.46875 0.24666667 0.46510416 0.24166666
14 0.40677083 0.34833333 0.40729168 0.34416667 0.43125 0.3125 0.43489584 0.32 0.440625 0.32416666 0.4484375 0.33666667 0.45 0.34416667 0.40572917 0.35166666
14 0.7390625 0.4725 0.7416667 0.46833333 0.74322915 0.45083332 0.746875 0.43916667 0.7494792 0.42166665 0.7552083 0.41166666 0.759375 0.40583333 0.79479164 0.43916667 0.7973958 0.41583332 0.79895836 0.40416667 0.8041667 0.39916667 0.80260414 0.3925 0.80104166 0.3925 0.7421875 0.39666668 0.7338542 0.39083335 0.7359375 0.44166666 0.73802084 0.455 0.73854166 0.46666667
14 0.8229167 0.46333334 0.7953125 0.43916667 0.759375 0.405 0.74895835 0.42166665 0.746875 0.43833333 0.74322915 0.45 0.7416667 0.46916667 0.7390625 0.47166666 0.70677084 0.5566667 0.6734375 0.6508333 0.6614583 0.69 0.65729165 0.695 0.6489583 0.7058333 0.63958335 0.7133333 0.63854164 0.7175 0.6489583 0.7325 0.6510417 0.73583335 0.65208334 0.7325 0.6901042 0.77416664 0.69895834 0.78333336 0.70104164 0.78 0.70625 0.77 0.7026042 0.7683333 0.703125 0.75333333 0.7026042 0.74833333 0.7234375 0.695 0.75 0.6225 0.7890625 0.51666665 0.79322916 0.5058333 0.7994792 0.4975 0.8015625 0.49416667 0.809375 0.49 0.81354165 0.4875 0.821875 0.46666667
14 0.821875 0.46166667 0.82447916 0.45666668 0.8578125 0.43583333 0.86302084 0.44 0.86875 0.4525 0.8703125 0.46083334 0.86510414 0.47333333 0.8833333 0.5725 0.89947915 0.65166664 0.8833333 0.6775 0.8765625 0.68083334 0.84583336 0.7 0.815625 0.54 0.8130208 0.5233333 0.80885416 0.51 0.80677086 0.505 0.8015625 0.49666667 0.80104166 0.49416667 0.8130208 0.48833334 0.81354165 0.4875 0.821875 0.46583334 0.82239586 0.46333334
14 0.790625 0.51416665 0.7942708 0.56 0.7963542 0.675 0.80260414 0.71166664 0.8052083 0.72083336 0.8052083 0.725 0.75989586 0.7558333 0.7515625 0.7575 0.746875 0.76166666 0.7427083 0.7675 0.7390625 0.7341667 0.74375 0.7083333 0.74375 0.6775 0.74635416 0.6325 0.7895833 0.5133333
14 0.8640625 0.79333335 0.86302084 0.80583334 0.8619792 0.82 0.86302084 0.8275 0.87135416 0.85 0.875 0.85 0.93125 0.81 0.9359375 0.8075 0.93177086 0.8 0.928125 0.78 0.9213542 0.7625 0.9192708 0.75083333 0.8640625 0.79083335
14 0.928125 0.6325 0.9536458 0.715 0.9604167 0.735 0.9625 0.74333334 0.94375 0.7558333 0.9223958 0.74916667 0.91875 0.75166667 0.86302084 0.79 0.7661458 0.85583335 0.74427086 0.87166667 0.7416667 0.88166666 0.7395833 0.88666666 0.73072916 0.8925 0.721875 0.8925 0.7135417 0.86583334 0.70729166 0.8466667 0.6880208 0.7941667 0.6947917 0.78833336 0.7 0.7816667 0.703125 0.7808333 0.7182292 0.7808333 0.7338542 0.775 0.7427083 0.7683333 0.75885415 0.7558333 0.809375 0.7225 0.8484375 0.6983333 0.884375 0.6775 0.9010417 0.64916664 0.90989584 0.6375 0.92395836 0.6308333
14 0.6223958 0.5075 0.6140625 0.5233333 0.5963542 0.5566667 0.59479165 0.55833334 0.58958334 0.57 0.5833333 0.575 0.5807292 0.57 0.5786458 0.55083334 0.565625 0.5366667 0.503125 0.43166667 0.56927085 0.41916665 0.6098958 0.48833334 0.61510414 0.50166667 0.6203125 0.50333333 0.6223958 0.5 0.62291664 0.50416666
14 0.47135416 0.49166667 0.49427083 0.52666664 0.4890625 0.5325 0.46770832 0.55 0.47083333 0.51 0.46875 0.48666668
14 0.103125 0.4175 0.10989583 0.43166667 0.1109375 0.43916667 0.1203125 0.47833332 0.12447917 0.50416666 0.125 0.5233333 0.12760417 0.52916664 0.13333334 0.52916664 0.1375 0.525 0.14114584 0.5058333 0.15416667 0.4975 0.27864584 0.44833332 0.32552084 0.43416667 0.33645833 0.43416667 0.3421875 0.43583333 0.34427083 0.42583334 0.33854166 0.37666667 0.33072916 0.3525 0.31875 0.3325 0.30572918 0.33 0.29427084 0.33083335 0.271875 0.3575 0.14427084 0.40833333 0.13020833 0.41 0.115625 0.40833333 0.10885417 0.41333333
