14 0.3953125 0.36583334 0.3140625 0.39666668 0.3015625 0.4025 0.2921875 0.395 0.27083334 0.39333335 0.26041666 0.395 0.26614583 0.41583332 0.27916667 0.46583334 0.28958333 0.5125 0.29635417 0.51166666 0.3 0.49 0.36354166 0.46916667 0.4875 0.42166665 0.50885415 0.43166667 0.5125 0.43083334 0.5130208 0.42 0.5104167 0.38666666 0.50104165 0.335 0.49479166 0.3125 0.48541668 0.3125 0.4703125 0.34333333 0.41354167 0.3575
14 0.48333332 0.46166667 0.46354166 0.4725 0.45416668 0.47166666 0.4484375 0.46916667 0.45729166 0.5258333 0.459375 0.54 0.45364583 0.5575 0.45885417 0.56583333 0.46875 0.5733333 0.46614584 0.5783333 0.47291666 0.5683333 0.4796875 0.5466667 0.4828125 0.5125 0.484375 0.46916667
14 0.40989584 0.46166667 0.39270833 0.4575 0.33854166 0.47833332 0.33385417 0.53333336 0.42916667 0.5541667 0.4296875 0.54583335 0.4125 0.4725
14 0.4296875 0.55916667 0.43697917 0.57916665 0.45208332 0.5683333 0.45416668 0.5566667 0.45989582 0.5391667 0.4421875 0.43916667 0.40729168 0.4525 0.42708334 0.53333336 0.43020833 0.54583335 0.4296875 0.5541667
14 0.328125 0.57416666 0.3125 0.5875 0.32291666 0.595 0.32291666 0.605 0.3140625 0.61333334 0.30677083 0.615 0.30364582 0.6075 0.30729166 0.5858333 0.303125 0.5758333 0.29947916 0.5525 0.30208334 0.48916668 0.33854166 0.4775 0.3296875 0.57166666
14 0.34739584 0.35416666 0.38958332 0.36333334 0.38958332 0.36666667 0.34375 0.38583332
14 0.26197916 0.4175 0.25677082 0.44583333 0.25208333 0.47916666 0.24739583 0.5283333 0.2640625 0.5366667 0.28854167 0.5275 0.30052084 0.525 0.30208334 0.48916668 0.3 0.49 0.29635417 0.5133333 0.28958333 0.5133333 0.265625 0.41166666
14 0.37447917 0.22416666 0.35833332 0.235 0.35989583 0.2425 0.3640625 0.245 0.36302084 0.25083333 0.36666667 0.255 0.36770833 0.27166668 0.39010417 0.3675 0.4125 0.3575 0.42291668 0.355 0.3984375 0.2525 0.39479166 0.24 0.38958332 0.23666666 0.37916666 0.22666667
14 0.32291666 0.215 0.33177084 0.22666667 0.33854166 0.22916667 0.34166667 0.2425 0.35416666 0.27916667 0.35052082 0.3275 0.346875 0.36 0.34375 0.38583332 0.3109375 0.3975 0.31354168 0.3175 0.32135418 0.26 0.32760417 0.24083333 0.33385417 0.23416667 0.32291666 0.22083333
14 0.22604166 0.31916666 0.23541667 0.31833333 0.23177083 0.32666665 0.3125 0.34666666 0.31041667 0.39916667 0.3015625 0.40166667 0.29166666 0.395 0.27239582 0.3925 0.26041666 0.39416668 0.26510417 0.41166666 0.259375 0.41333333 0.24375 0.41 0.2390625 0.41583332 0.22083333 0.425 0.21510416 0.425 0.21822916 0.39666668 0.22552083 0.3275
