9 0.17291667 0.39833334 0.15 0.43666667 0.1328125 0.46916667 0.10885417 0.51166666 0.0921875 0.5425 0.100520834 0.54333335 0.15520833 0.54583335 0.20729166 0.55583334 0.2046875 0.595 0.203125 0.6175 0.19791667 0.6766667 0.190625 0.7183333 0.221875 0.7658333 0.22708334 0.76416665 0.22604166 0.7708333 0.25885418 0.81416667 0.26197916 0.80916667 0.28072917 0.7708333 0.29114583 0.75 0.30052084 0.7391667 0.31302083 0.7133333 0.340625 0.66083336 0.34166667 0.64916664 0.34635416 0.64916664 0.35625 0.62833333 0.31354168 0.59583336 0.26458332 0.56166667 0.25416666 0.5541667 0.25260416 0.5566667 0.2515625 0.5566667 0.23541667 0.54 0.25989583 0.48833334 0.26145834 0.4725 0.2328125 0.42666668 0.20885417 0.3925 0.19739583 0.3775 0.190625 0.365
9 0.3109375 0.30333334 0.29427084 0.35666665 0.28958333 0.38 0.2828125 0.4025 0.28020832 0.41916665 0.27083334 0.44333333 0.2625 0.46416667 0.26145834 0.47166666 0.26041666 0.48833334 0.24739583 0.51416665 0.2359375 0.5391667 0.25104168 0.5566667 0.25260416 0.5566667 0.25416666 0.5541667 0.32760417 0.60583335 0.35572916 0.6275 0.37083334 0.63916665 0.38645834 0.6475 0.41041666 0.6691667 0.41458333 0.6675 0.415625 0.675 0.45 0.7033333 0.46614584 0.6533333 0.4859375 0.58166665 0.48854166 0.5625 0.4984375 0.5316667 0.50885415 0.50916666 0.5203125 0.47083333 0.52135414 0.45916668 0.48802084 0.435 0.48489583 0.44083333 0.484375 0.4325 0.44166666 0.405 0.42447916 0.39333335 0.39583334 0.36916667 0.3625 0.34083334 0.3140625 0.30416667
9 0.39375 0.34666666 0.45 0.3375 0.48385417 0.325 0.50989586 0.31666666 0.50364584 0.37416667 0.5026042 0.39333335 0.5265625 0.4 0.58697915 0.41 0.584375 0.42 0.59010416 0.44416666 0.59947914 0.48 0.6067708 0.5258333 0.6098958 0.54333335 0.5828125 0.555 0.5677083 0.55833334 0.5651042 0.5541667 0.56354165 0.55916667 0.5494792 0.5625 0.5208333 0.575 0.4984375 0.58166665 0.49166667 0.58416665 0.48489583 0.58416665 0.4859375 0.58166665 0.48854166 0.5625 0.49791667 0.5316667 0.50885415 0.5083333 0.5203125 0.47 0.52135414 0.45916668 0.48854166 0.435 0.48489583 0.44 0.484375 0.4325 0.45520833 0.41333333 0.42447916 0.39333335 0.37395832 0.35083333 0.38802084 0.3475
9 0.36302084 0.2575 0.384375 0.315 0.39895833 0.345 0.42291668 0.34166667 0.43697917 0.33833334 0.4953125 0.27333334 0.5203125 0.24333334 0.52708334 0.1975 0.52916664 0.17583333 0.5072917 0.135 0.49010417 0.0975 0.45052084 0.020833334 0.44114584 0.0 0.3359375 0.0 0.27239582 0.07416666 0.296875 0.12 0.30208334 0.11666667 0.30052084 0.12583333 0.31979167 0.16 0.34427083 0.2125
9 0.6166667 0.16166666 0.59791666 0.15666667 0.57239586 0.14416666 0.5328125 0.135 0.5296875 0.15833333 0.52916664 0.17583333 0.52708334 0.1975 0.5203125 0.24416667 0.5140625 0.285 0.509375 0.31833333 0.50364584 0.37583333 0.50208336 0.39333335 0.528125 0.4 0.5729167 0.40833333 0.59270835 0.41083333 0.63125 0.42083332 0.6515625 0.42583334 0.6666667 0.42833334 0.6703125 0.43 0.68385416 0.4425 0.68645835 0.44 0.68854165 0.445 0.7213542 0.4575 0.7260417 0.45833334 0.72760415 0.42916667 0.73125 0.37416667 0.7375 0.345 0.7359375 0.31166667 0.73854166 0.29 0.7427083 0.27416667 0.7473958 0.23583333 0.7505208 0.19833334 0.7192708 0.1925 0.71510416 0.19916667 0.71458334 0.19333333 0.69114584 0.185 0.6255208 0.16333333
9 0.3328125 0.7158333 0.328125 0.7525 0.32291666 0.81666666 0.3453125 0.82 0.36666667 0.8233333 0.40989584 0.8325 0.42395833 0.835 0.46145833 0.8475 0.52760416 0.8666667 0.55677086 0.875 0.5630208 0.87583333 0.56354165 0.835 0.56145835 0.825 0.5630208 0.77416664 0.5651042 0.765 0.56666666 0.7583333 0.56927085 0.7075 0.571875 0.66083336 0.57447916 0.5975 0.57239586 0.5975 0.55364585 0.59583336 0.54895836 0.5941667 0.53489584 0.59 0.49479166 0.58666664 0.49114582 0.58416665 0.48541668 0.58416665 0.48489583 0.58416665 0.48072916 0.5991667 0.471875 0.6308333 0.465625 0.6558333 0.45 0.7033333 0.43333334 0.69 0.415625 0.67583334 0.41458333 0.6675 0.41041666 0.67 0.38697916 0.6475 0.3703125 0.63916665 0.36666667 0.63916665 0.36197916 0.645 0.35260418 0.64916664 0.34635416 0.64916664 0.34166667 0.64916664 0.34114584 0.6625 0.33645833 0.6875 0.33333334 0.7
9 0.32135418 0.7033333 0.32135418 0.72333336 0.32552084 0.72333336 0.32552084 0.7275 0.321875 0.7291667 0.32239583 0.76916665 0.32291666 0.81583333 0.325 0.79083335 0.328125 0.75083333 0.3328125 0.715 0.33333334 0.69916666 0.3359375 0.68833333 0.34114584 0.66333336 0.34114584 0.66083336 0.32135418 0.6983333
9 0.3234375 0.825 0.3234375 0.8516667 0.321875 0.87833333 0.31770834 0.9291667 0.3140625 0.9675 0.3125 1.0 0.47135416 1.0 0.4875 1.0 0.4859375 0.9375 0.4859375 0.9033333 0.48645833 0.8541667 0.475 0.85083336 0.44791666 0.8425 0.4234375 0.835 0.40572917 0.83166665 0.3734375 0.825 0.36614582 0.8233333 0.32291666 0.81583333
9 0.490625 0.8975 0.490625 0.9191667 0.48854166 0.9425 0.48697916 0.94666666 0.4859375 0.9475 0.4875 1.0 0.6197917 1.0 0.64375 1.0 0.64375 0.995 0.64166665 0.9941667 0.64166665 0.99 0.64479166 0.99 0.6458333 0.97833335 0.6479167 0.94166666 0.65260416 0.87 0.6557292 0.8358333 0.6609375 0.7875 0.66510415 0.73833334 0.66822916 0.68583333 0.63854164 0.68 0.5833333 0.67 0.57135415 0.66833335 0.56927085 0.7058333 0.56666666 0.7575 0.5630208 0.7733333 0.5609375 0.825 0.56354165 0.835 0.5630208 0.875 0.5578125 0.875 0.4890625 0.855 0.48958334 0.88
9 0.72291666 0.87916666 0.75572914 0.8541667 0.76197916 0.84833336 0.7453125 0.7825 0.74010414 0.7808333 0.74114585 0.7783333 0.7421875 0.775 0.728125 0.7183333 0.7104167 0.65166664 0.69166666 0.58 0.68385416 0.55583334 0.6692708 0.50666666 0.6411458 0.5316667 0.63385415 0.535 0.6255208 0.54333335 0.5911458 0.56416667 0.56666666 0.58166665 0.54895836 0.5941667 0.5552083 0.59583336 0.57395834 0.5975 0.57135415 0.6675 0.59166664 0.67083335 0.640625 0.68083334 0.66822916 0.68583333 0.6666667 0.7158333 0.6640625 0.75083333 0.6578125 0.8175 0.65416664 0.84833336 0.6515625 0.87583333 0.6479167 0.94 0.6947917 0.9025
9 0.10572917 0.54333335 0.086979166 0.5416667 0.029166667 0.54333335 0.030208332 0.6225 0.030208332 0.6591667 0.034895834 0.71 0.034375 0.72583336 0.027604166 0.7558333 0.016666668 0.8666667 0.020833334 0.87166667 0.015625 0.87583333 0.0052083335 0.93916667 0.00625 0.94083333 0.040625 0.93916667 0.057291668 0.93666667 0.100520834 0.935 0.13541667 0.9325 0.1875 0.9241667 0.2078125 0.9216667 0.20677084 0.8975 0.20520833 0.86 0.2 0.85583335 0.20416667 0.85083336 0.20104167 0.82416666 0.20104167 0.8125 0.20052083 0.77916664 0.19947916 0.7708333 0.196875 0.76416665 0.19114584 0.76 0.18697916 0.75416666 0.1859375 0.7425 0.1875 0.73 0.1921875 0.70916665 0.1984375 0.67583334 0.20364584 0.6166667 0.20729166 0.55583334 0.1546875 0.54583335
