14 0.25885418 0.3825 0.26875 0.36333334 0.26979166 0.36166668 0.27083334 0.35416666 0.27135417 0.32666665 0.27916667 0.315 0.28333333 0.30416667 0.3203125 0.34333333 0.3234375 0.34333333 0.3265625 0.3625 0.34114584 0.375 0.33697918 0.385 0.32083333 0.4 0.31354168 0.4175 0.2578125 0.385
14 0.353125 0.255 0.37395832 0.27166668 0.375 0.28833333 0.38333333 0.28833333 0.39114583 0.3 0.35 0.37083334 0.33854166 0.3725 0.32604167 0.36166668 0.32395834 0.34333333 0.33020833 0.33083335 0.34947917 0.25583333
14 0.19322917 0.36083335 0.20520833 0.35333332 0.2859375 0.40166667 0.3234375 0.42416668 0.28802082 0.49583334 0.2765625 0.49 0.22239584 0.46083334 0.21145834 0.45333335 0.190625 0.45416668 0.184375 0.4525 0.17239584 0.45166665 0.17135416 0.44666666 0.1859375 0.4175 0.19114584 0.40583333 0.20052083 0.375 0.1921875 0.37416667
14 0.390625 0.2975 0.39375 0.29333332 0.39114583 0.26333332 0.39270833 0.2625 0.40677083 0.2725 0.44427082 0.30916667 0.4625 0.33083335 0.459375 0.34 0.45208332 0.335 0.40677083 0.415 0.34739584 0.53333336 0.31354168 0.5933333 0.30677083 0.60833335 0.3109375 0.6116667 0.29895833 0.615 0.30260417 0.5991667 0.30572918 0.58416665 0.303125 0.5825 0.29114583 0.5808333 0.28177083 0.575 0.259375 0.5708333 0.25208333 0.5625 0.25572917 0.54833335 0.25677082 0.5441667 0.2765625 0.51666665 0.2859375 0.5 0.28854167 0.495 0.325 0.42166665 0.35677084 0.35833332 0.39114583 0.3
14 0.37708333 0.47666666 0.38333333 0.49416667 0.38854167 0.515 0.4015625 0.5425 0.45416668 0.6075 0.47291666 0.635 0.47135416 0.7 0.46510416 0.7391667 0.46302083 0.73833334 0.4046875 0.65166664 0.36666667 0.59833336 0.353125 0.57916665 0.3515625 0.5775 0.34375 0.57666665 0.33854166 0.5675 0.33697918 0.56666666 0.33177084 0.5725 0.32604167 0.5725 0.34739584 0.53333336 0.3765625 0.475
14 0.3859375 0.45833334 0.39322916 0.46416667 0.38645834 0.49416667 0.38385418 0.49583334 0.3765625 0.475
14 0.4125 0.5175 0.40625 0.5466667 0.40052083 0.54083335 0.39270833 0.5225 0.39739582 0.52166665 0.40833333 0.51416665
14 0.5484375 0.365 0.54791665 0.39583334 0.54479164 0.39916667 0.54270834 0.41416666 0.5364583 0.42916667 0.5338542 0.645 0.53333336 0.7 0.5328125 0.7316667 0.540625 0.74 0.5416667 0.74333334 0.5260417 0.75416666 0.5239583 0.75333333 0.5208333 0.75666666 0.5182292 0.7525 0.4625 0.75166667 0.46197918 0.7416667 0.46197918 0.73833334 0.46510416 0.7391667 0.47135416 0.7 0.47291666 0.62833333 0.475 0.47916666 0.47552082 0.43333334 0.475 0.42333335 0.47135416 0.39916667 0.46927083 0.39 0.46927083 0.35583332 0.5484375 0.36416668
14 0.5453125 0.405 0.55677086 0.4075 0.5619792 0.40416667 0.56458336 0.40416667 0.55260414 0.45666668 0.5395833 0.5108333 0.53541666 0.51 0.5364583 0.43 0.54322916 0.41333333 0.54479164 0.40416667
14 0.54114586 0.5083333 0.5942708 0.5475 0.6 0.5466667 0.6041667 0.545 0.6098958 0.5466667 0.6177083 0.5491667 0.63645834 0.56416667 0.6197917 0.62666667 0.6088542 0.6725 0.59010416 0.65833336 0.58385414 0.6425 0.58177084 0.6383333 0.534375 0.6041667 0.53489584 0.5083333
14 0.471875 0.75333333 0.47708333 0.75916666 0.48125 0.7708333 0.48645833 0.7816667 0.48645833 0.7916667 0.49114582 0.8016667 0.49739584 0.79583335 0.5203125 0.7583333 0.51875 0.75333333 0.5171875 0.7525 0.47239584 0.7525
14 0.43125 0.42 0.440625 0.43833333 0.45 0.44583333 0.4625 0.4525 0.47447917 0.46166667 0.47395834 0.56166667 0.42395833 0.52416664 0.41770834 0.51916665 0.41041666 0.515 0.40677083 0.51416665 0.396875 0.52166665 0.390625 0.52166665 0.38333333 0.49666667 0.38645834 0.495 0.39375 0.4625 0.40260416 0.42666668 0.41145834 0.4075 0.43072918 0.42
14 0.4515625 0.33833334 0.47916666 0.35666665 0.46927083 0.35583332 0.46927083 0.39166668 0.475 0.42583334 0.475 0.45083332 0.453125 0.43583333 0.43020833 0.4175 0.41197917 0.4075 0.415625 0.40083334 0.45052084 0.34
14 0.22395833 0.4625 0.18385416 0.5625 0.16666667 0.6091667 0.15052083 0.6175 0.14322917 0.6483333 0.14479166 0.655 0.2078125 0.7108333 0.2109375 0.7083333 0.2203125 0.68416667 0.2265625 0.6358333 0.2546875 0.5683333 0.25208333 0.56333333 0.25416666 0.5525 0.25625 0.54583335 0.27447918 0.52 0.284375 0.49416667 0.22708334 0.46333334
