15 0.5229167 0.59166664 0.5229167 0.65416664 0.52135414 0.665 0.515625 0.67083335 0.5125 0.68083334 0.5140625 0.6925 0.5072917 0.6925 0.503125 0.69 0.5046875 0.68 0.5005208 0.6741667 0.49427083 0.66333336 0.49166667 0.62333333 0.490625 0.58666664
15 0.625 0.6125 0.55260414 0.6075 0.54479164 0.61 0.5390625 0.62416667 0.5328125 0.62416667 0.52760416 0.62166667 0.5229167 0.63416666 0.5234375 0.6425 0.53229165 0.64416665 0.53697914 0.6508333 0.54270834 0.6558333 0.55052084 0.65833336 0.59947914 0.6625 0.6098958 0.6433333
15 0.7291667 0.6125 0.6703125 0.61333334 0.64479166 0.6616667 0.75208336 0.6666667 0.7604167 0.6616667 0.7661458 0.6566667 0.7765625 0.6508333 0.77760416 0.6333333 0.7682292 0.6325 0.7651042 0.6225 0.759375 0.6166667 0.7526042 0.61583334
15 0.73072916 0.49166667 0.7375 0.55916667 0.7369792 0.57 0.7317708 0.575 0.7270833 0.5775 0.72864586 0.58666664 0.7317708 0.595 0.7265625 0.6016667 0.7203125 0.6025 0.7192708 0.58916664 0.71458334 0.58 0.70729166 0.57416666 0.70416665 0.56 0.7015625 0.5491667
15 0.70729166 0.2625 0.7239583 0.42416668 0.7182292 0.42916667 0.71197915 0.44 0.7057292 0.45083332 0.6953125 0.475 0.67604166 0.28416666 0.67291665 0.24333334 0.67395836 0.2325 0.67760414 0.22666667 0.6791667 0.2175 0.67760414 0.20416667 0.6822917 0.20083334 0.6880208 0.20166667 0.690625 0.20416667 0.6901042 0.21666667 0.69322914 0.22083333 0.7 0.23166667 0.7057292 0.24166666
15 0.50625 0.5341667 0.56666666 0.5416667 0.58177084 0.5466667 0.5890625 0.555 0.5911458 0.5625 0.596875 0.5683333 0.60572916 0.56333333 0.6067708 0.5708333 0.60729164 0.5808333 0.59739584 0.57916665 0.59375 0.585 0.5890625 0.585 0.58229166 0.5933333 0.5734375 0.59583336 0.5619792 0.59583336 0.5375 0.59166664 0.5364583 0.6 0.52447915 0.5908333 0.5203125 0.5908333 0.49427083 0.5875 0.49114582 0.58666664 0.4515625 0.58166665 0.47604167 0.5283333
15 0.50572914 0.47416666 0.55364585 0.49083334 0.55885416 0.49583334 0.5619792 0.50166667 0.56458336 0.5108333 0.5677083 0.51166666 0.56927085 0.5175 0.57708335 0.5208333 0.5765625 0.52666664 0.5755208 0.5325 0.5729167 0.53333336 0.56666666 0.5275 0.5630208 0.5283333 0.56041664 0.5283333 0.5546875 0.53833336 0.55104166 0.54 0.5125 0.5341667 0.47604167 0.5283333 0.484375 0.5108333 0.4890625 0.49666667 0.49010417 0.48916668 0.49010417 0.47
15 0.48125 0.35916665 0.4859375 0.4375 0.49375 0.44166666 0.49479166 0.45166665 0.49010417 0.45666668 0.49010417 0.47 0.50104165 0.4725 0.50677085 0.47416666 0.5203125 0.47916666 0.5161458 0.39 0.51197916 0.31416667 0.5083333 0.30416667 0.50572914 0.30083334 0.5026042 0.29583332 0.5 0.29 0.49791667 0.27666667 0.49270833 0.27833334 0.48854166 0.28083333 0.48697916 0.28416666 0.48958334 0.2925 0.49010417 0.29916668 0.48802084 0.3025 0.48333332 0.30666667 0.48125 0.31333333 0.48125 0.32 0.48125 0.33166668
15 0.40208334 0.515 0.38854167 0.5125 0.38072917 0.51416665 0.37447917 0.51916665 0.3703125 0.525 0.3671875 0.525 0.36197916 0.52416664 0.35885417 0.52916664 0.359375 0.5341667 0.36302084 0.5375 0.36770833 0.5441667 0.36979166 0.55083334 0.37291667 0.5566667 0.37760416 0.55916667 0.38854167 0.56416667 0.41302082 0.5708333 0.43541667 0.52166665
15 0.3484375 0.48083332 0.3625 0.48666668 0.38229167 0.49333334 0.43958333 0.51166666 0.46458334 0.46333334 0.384375 0.4375 0.35677084 0.43083334 0.34583333 0.4325 0.34114584 0.43583333 0.33854166 0.44083333 0.33333334 0.44 0.33229166 0.445 0.321875 0.4425 0.32135418 0.45333335 0.32916668 0.45333335 0.33333334 0.4575 0.3359375 0.4625 0.33958334 0.47166666
15 0.35989583 0.5083333 0.33385417 0.58416665 0.32708332 0.5925 0.32239583 0.59583336 0.31614584 0.6 0.31354168 0.6066667 0.3109375 0.61833334 0.30625 0.6166667 0.29947916 0.6091667 0.30572918 0.6016667 0.30416667 0.595 0.30677083 0.59 0.303125 0.5808333 0.303125 0.57 0.30677083 0.555 0.33645833 0.46333334 0.33958334 0.47166666 0.3484375 0.48083332 0.36614582 0.4875
15 0.69114584 0.5725 0.6322917 0.685 0.6166667 0.71166664 0.61302084 0.715 0.60833335 0.71416664 0.60364586 0.7133333 0.6010417 0.72083336 0.596875 0.73 0.59375 0.7316667 0.59166664 0.7275 0.5911458 0.725 0.58958334 0.7241667 0.590625 0.7175 0.59270835 0.7083333 0.5942708 0.7025 0.59270835 0.69416666 0.5921875 0.68666667 0.5932292 0.67833334 0.6010417 0.6591667 0.63697916 0.59 0.6875 0.48833334 0.6958333 0.47416666 0.70625 0.44916666 0.7182292 0.42916667 0.72447914 0.42416668 0.73020834 0.42416668 0.7359375 0.42583334 0.74010414 0.41833332 0.74583334 0.41166666 0.7494792 0.415 0.7505208 0.41916665 0.7473958 0.42833334 0.74635416 0.435 0.74427086 0.44 0.7447917 0.44833332 0.74427086 0.45666668 0.73802084 0.47666666 0.7270833 0.5 0.69895834 0.5541667
15 0.3828125 0.30583334 0.39166668 0.27666667 0.39791667 0.27 0.40729168 0.2675 0.40833333 0.25666666 0.4109375 0.245 0.41822916 0.24916667 0.41770834 0.26166666 0.41770834 0.27166668 0.41979167 0.28 0.41927084 0.2925 0.415625 0.31166667 0.3828125 0.43666667 0.35677084 0.43166667 0.34583333 0.4325 0.3734375 0.33916667
15 0.284375 0.4275 0.26614583 0.625 0.26458332 0.6458333 0.265625 0.66083336 0.27135417 0.66833335 0.271875 0.6766667 0.26875 0.68333334 0.27239582 0.68833333 0.27864584 0.69 0.28229168 0.68583333 0.28333333 0.675 0.2890625 0.66833335 0.29270834 0.6625 0.2953125 0.6525 0.30052084 0.59833336 0.3046875 0.55916667 0.32916668 0.34 0.32864583 0.325 0.3234375 0.31666666 0.32864583 0.3125 0.33333334 0.29833335 0.32604167 0.2925 0.31666666 0.2875 0.3140625 0.29916668 0.3125 0.30583334 0.30520833 0.31166667 0.30052084 0.32083333 0.29427084 0.35416666 0.28802082 0.39166668
15 0.28020832 0.35 0.19583334 0.48583335 0.19114584 0.49833333 0.19010417 0.50916666 0.19166666 0.51666665 0.18802084 0.52416664 0.18333334 0.53333336 0.1859375 0.54083335 0.18958333 0.54083335 0.19375 0.5316667 0.19947916 0.53 0.20625 0.53 0.21354167 0.5275 0.22135417 0.52166665 0.27447918 0.43916667 0.28541666 0.41833332 0.2890625 0.3825 0.29791668 0.33333334 0.30052084 0.32083333
15 0.3296875 0.27 0.34010416 0.25416666 0.34739584 0.25166667 0.3515625 0.24916667 0.3578125 0.25 0.3609375 0.24333334 0.36666667 0.24833333 0.36875 0.26 0.36510417 0.26333332 0.36354166 0.27416667 0.35885417 0.2925 0.34583333 0.3175 0.328125 0.34916666 0.3296875 0.3375 0.328125 0.32416666 0.3234375 0.3175 0.32864583 0.3125 0.33385417 0.29916668 0.3265625 0.2925 0.31770834 0.2875
15 0.48385417 0.5108333 0.3890625 0.71666664 0.38177082 0.735 0.37447917 0.745 0.36354166 0.7425 0.36041668 0.7475 0.35677084 0.74833333 0.3515625 0.7575 0.34791666 0.7475 0.35208333 0.74083334 0.35 0.72333336 0.35104167 0.71666664 0.35364583 0.705 0.434375 0.5233333 0.4640625 0.46333334 0.475 0.46166667 0.48020834 0.45666668 0.4859375 0.4375 0.49375 0.44166666 0.49479166 0.45166665 0.49010417 0.45666668 0.49010417 0.46916667 0.49010417 0.48916668 0.4890625 0.49666667
