15 0.41770834 0.4475 0.41614583 0.48166665 0.440625 0.5125 0.44635418 0.5183333 0.45052084 0.4475 0.434375 0.44666666 0.41875 0.44666666
15 0.29010418 0.40166667 0.278125 0.4375 0.2765625 0.44416666 0.27760416 0.455 0.27864584 0.46333334 0.27760416 0.4675 0.278125 0.4725 0.2765625 0.475 0.30052084 0.46833333 0.30625 0.45833334 0.31666666 0.43416667 0.29479167 0.40666667
15 0.15572916 0.5708333 0.17083333 0.5675 0.240625 0.54 0.26614583 0.5325 0.33333334 0.5108333 0.36770833 0.5 0.37239584 0.49416667 0.3390625 0.4575 0.3015625 0.46833333 0.27395833 0.47583333 0.2125 0.495 0.16979167 0.51166666 0.15104167 0.5233333 0.146875 0.5275 0.14270833 0.53333336 0.14166667 0.54083335 0.13958333 0.54333335 0.13697916 0.54583335 0.13697916 0.54833335 0.1265625 0.5491667 0.12708333 0.5541667 0.13125 0.5675 0.13333334 0.56916666 0.13697916 0.56333333 0.13958333 0.56 0.140625 0.565 0.14375 0.56416667 0.14583333 0.56333333 0.1484375 0.5683333 0.15104167 0.56916666
15 0.24114583 0.33916667 0.23802084 0.35083333 0.24114583 0.35416666 0.24270834 0.35666665 0.24166666 0.36 0.24739583 0.36333334 0.25052083 0.37416667 0.25208333 0.3975 0.25416666 0.4825 0.22916667 0.49 0.22083333 0.4925 0.2203125 0.3925 0.22135417 0.37166667 0.22395833 0.3625 0.22760417 0.36083335 0.22760417 0.35333332 0.22916667 0.34916666 0.22760417 0.33916667 0.2296875 0.3375 0.234375 0.33583334 0.240625 0.3375
15 0.41354167 0.6325 0.3546875 0.6041667 0.27447918 0.5625 0.26927084 0.555 0.26822916 0.5425 0.26510417 0.5391667 0.26458332 0.535 0.2578125 0.54 0.25677082 0.535 0.3 0.52166665 0.31927082 0.5316667 0.40989584 0.5733333 0.43697917 0.5883333 0.44270834 0.58916664 0.46770832 0.6 0.4765625 0.605 0.4796875 0.61083335 0.48020834 0.62 0.484375 0.6225 0.48385417 0.6275 0.4921875 0.625 0.49427083 0.63 0.49322918 0.635 0.49270833 0.64166665 0.48958334 0.645 0.48854166 0.6475 0.4828125 0.63916665 0.48125 0.64166665 0.47864583 0.64166665 0.4765625 0.64666665 0.47239584 0.65166664 0.46614584 0.6533333 0.4171875 0.63416666
15 0.40729168 0.62916666 0.40625 0.67 0.403125 0.7108333 0.40364584 0.7241667 0.40677083 0.73 0.41197917 0.73833334 0.4125 0.74333334 0.41302082 0.745 0.40885416 0.7575 0.41302082 0.7608333 0.41822916 0.7608333 0.4203125 0.74833333 0.42447916 0.74666667 0.42552084 0.74333334 0.42552084 0.7391667 0.43020833 0.735 0.43229166 0.73 0.43697917 0.69666666 0.44010416 0.6433333 0.42291668 0.63666666 0.41197917 0.63166666
15 0.43541667 0.3625 0.43333334 0.35166666 0.4375 0.34916666 0.44114584 0.34916666 0.44270834 0.35083333 0.44322917 0.36083335 0.44270834 0.36416668 0.4453125 0.365 0.44583333 0.37333333 0.44635418 0.37583333 0.45052084 0.385 0.45208332 0.3925 0.42083332 0.39333335 0.42291668 0.385 0.42552084 0.37666667 0.43177083 0.37166667 0.4328125 0.36416668
15 0.28333333 0.33416668 0.35729167 0.415 0.37447917 0.435 0.41614583 0.4825 0.44270834 0.515 0.4484375 0.52 0.45989582 0.5375 0.46197918 0.5516667 0.46510416 0.5566667 0.465625 0.56083333 0.47447917 0.56666666 0.46614584 0.5833333 0.45989582 0.57166666 0.4578125 0.5733333 0.45625 0.5725 0.45520833 0.57166666 0.45052084 0.575 0.44270834 0.575 0.41510418 0.5441667 0.41145834 0.5416667 0.37135416 0.49333334 0.3296875 0.4475 0.3171875 0.43416667 0.29479167 0.40666667 0.27083334 0.38083333 0.26302084 0.36666667 0.26354167 0.35416666 0.2609375 0.35166666 0.26041666 0.34666666 0.25260416 0.34416667 0.25364584 0.335 0.25625 0.32916668 0.26458332 0.335 0.2671875 0.33166668 0.271875 0.33583334 0.27864584 0.335
15 0.353125 0.2275 0.30572918 0.35833332 0.3328125 0.38833332 0.38489583 0.24583334 0.40364584 0.19166666 0.4046875 0.18166667 0.403125 0.17083333 0.40208334 0.16416667 0.40208334 0.15833333 0.40729168 0.1525 0.4046875 0.145 0.40104166 0.14333333 0.39635417 0.15333334 0.39375 0.15083334 0.39166668 0.15666667 0.3875 0.15583333 0.384375 0.1575 0.378125 0.16416667 0.36041668 0.21
15 0.53489584 0.39083335 0.46614584 0.39166668 0.45208332 0.3925 0.41145834 0.39333335 0.396875 0.395 0.38802084 0.39916667 0.38177082 0.41166666 0.37916666 0.41 0.37708333 0.41416666 0.37291667 0.41583332 0.36875 0.41583332 0.36875 0.42166665 0.36927083 0.42833334 0.371875 0.42833334 0.37708333 0.42583334 0.37916666 0.42833334 0.38177082 0.42833334 0.38854167 0.44 0.39479166 0.445 0.4171875 0.44833332 0.41927084 0.44666666 0.4625 0.4475 0.51770836 0.4475 0.57395834 0.44916666 0.5989583 0.45 0.6046875 0.44583333 0.6088542 0.4425 0.6125 0.43583333 0.615625 0.43416667 0.6177083 0.43166667 0.6255208 0.43583333 0.6265625 0.42916667 0.62604165 0.425 0.61822915 0.4225 0.61875 0.41916665 0.6177083 0.41583332 0.6145833 0.415 0.61302084 0.41666666 0.6098958 0.40666667 0.6 0.4 0.57604164 0.395 0.54270834 0.3925
15 0.55364585 0.4525 0.53229165 0.56 0.496875 0.5625 0.5083333 0.50416666 0.5203125 0.4475 0.5541667 0.44833332
15 0.51354164 0.615 0.50989586 0.62 0.5072917 0.62333333 0.5072917 0.635 0.5015625 0.6358333 0.49739584 0.63166666 0.50104165 0.62 0.4984375 0.61583334 0.5104167 0.615
15 0.49583334 0.56333333 0.48854166 0.5683333 0.48489583 0.58 0.48177084 0.58 0.48072916 0.5858333 0.47395834 0.5775 0.471875 0.5833333 0.47135416 0.5883333 0.47239584 0.6025 0.47395834 0.60333335 0.48072916 0.5975 0.48177084 0.60333335 0.48541668 0.6016667 0.49114582 0.6116667 0.4984375 0.615 0.5338542 0.61333334 0.628125 0.605 0.62135416 0.5733333 0.6171875 0.555 0.53333336 0.56 0.5005208 0.56166667
15 0.57604164 0.26166666 0.5776042 0.25166667 0.58177084 0.25333333 0.5854167 0.2575 0.5828125 0.26833335 0.5859375 0.27083334 0.58489585 0.27583334 0.5833333 0.2775 0.58697915 0.28583333 0.5864583 0.30166668 0.5671875 0.39416668 0.5421875 0.3925 0.53333336 0.39 0.55677086 0.29 0.5619792 0.27666667 0.565625 0.2725 0.57135415 0.26833335 0.5729167 0.26583335 0.5755208 0.26416665
15 0.65520835 0.55083334 0.68958336 0.55083334 0.69739586 0.5566667 0.7005208 0.56416667 0.70416665 0.56583333 0.7046875 0.56916666 0.7114583 0.56583333 0.7135417 0.57666665 0.7125 0.5833333 0.70677084 0.5808333 0.7046875 0.585 0.7026042 0.5858333 0.70104164 0.5858333 0.6984375 0.595 0.69166666 0.59833336 0.66614586 0.6016667 0.6578125 0.5675
15 0.6302083 0.505 0.6333333 0.50416666 0.6333333 0.5133333 0.6375 0.5175 0.63645834 0.52166665 0.64270836 0.5225 0.65 0.53583336 0.65520835 0.55083334 0.65729165 0.5675 0.66979164 0.6175 0.6927083 0.71666664 0.71302086 0.80583334 0.70729166 0.82166666 0.7083333 0.8333333 0.7083333 0.84 0.703125 0.84166664 0.6958333 0.835 0.6958333 0.83 0.6880208 0.82666665 0.67395836 0.7866667 0.62864584 0.6041667 0.6166667 0.5525 0.61875 0.5391667 0.62291664 0.52916664 0.6244792 0.52 0.62135416 0.5083333 0.6244792 0.50666666
15 0.23541667 0.7191667 0.23020834 0.7133333 0.22760417 0.70416665 0.22552083 0.6958333 0.22135417 0.5475 0.24375 0.5391667 0.25572917 0.53583336 0.259375 0.68916667 0.25833333 0.7 0.25625 0.70916665 0.2484375 0.7175 0.2484375 0.7225 0.246875 0.7241667 0.25104168 0.7341667 0.24791667 0.73833334 0.23541667 0.74 0.2375 0.73083335 0.2359375 0.725
15 0.4125 0.5425 0.4109375 0.57416666 0.4375 0.5875 0.4421875 0.5883333 0.44270834 0.5758333 0.415625 0.545
