15 0.7661458 0.69666666 0.77708334 0.71666664 0.7828125 0.7225 0.790625 0.7241667 0.790625 0.7316667 0.7953125 0.7316667 0.80260414 0.7425 0.8046875 0.73583335 0.8072917 0.7325 0.80260414 0.72583336 0.803125 0.7183333 0.80104166 0.7158333 0.8046875 0.7033333 0.80364585 0.6925 0.7859375 0.64166665 0.7885417 0.6375 0.7817708 0.6275 0.7625 0.68916667
15 0.74322915 0.77666664 0.78697914 0.8225 0.796875 0.83 0.8041667 0.8308333 0.809375 0.82916665 0.8119792 0.83166665 0.8140625 0.83 0.8203125 0.8383333 0.82604164 0.83166665 0.82708335 0.82416666 0.8234375 0.8208333 0.8197917 0.8208333 0.8171875 0.79833335 0.8119792 0.7891667 0.7994792 0.775 0.7515625 0.725 0.7375 0.7708333
15 0.62604165 0.6575 0.63072914 0.6666667 0.6625 0.6983333 0.70677084 0.7416667 0.7213542 0.695 0.6645833 0.64 0.65208334 0.62833333 0.6354167 0.63666666 0.6234375 0.64166665
15 0.7375 0.79333335 0.73020834 0.7941667 0.7270833 0.8041667 0.7317708 0.8125 0.73541665 0.80916667 0.73541665 0.8025 0.7375 0.80083334
15 0.5338542 0.6975 0.6234375 0.75916666 0.6828125 0.79583335 0.6901042 0.7991667 0.6927083 0.78833336 0.7036458 0.75083333 0.5875 0.68 0.5697917 0.6691667 0.55677086 0.6775 0.54270834 0.6775 0.53333336 0.6725 0.52708334 0.6741667 0.51979166 0.67333335 0.5182292 0.6625 0.52552086 0.66 0.5265625 0.6533333 0.52916664 0.6533333 0.53125 0.6425 0.52708334 0.64 0.5239583 0.6425 0.5203125 0.64916664 0.51770836 0.64666665 0.5151042 0.64916664 0.51145834 0.63666666 0.5046875 0.64666665 0.5026042 0.6525 0.50364584 0.6575 0.50885415 0.6575 0.50989586 0.6666667 0.5140625 0.6691667 0.5140625 0.6791667 0.5161458 0.68416667
15 0.69322914 0.555 0.6359375 0.5808333 0.5630208 0.6141667 0.5390625 0.62916666 0.53125 0.63916665 0.53125 0.6425 0.52916664 0.6533333 0.5265625 0.6533333 0.52552086 0.66 0.5182292 0.6625 0.51979166 0.67333335 0.52708334 0.6741667 0.53333336 0.6725 0.54270834 0.6775 0.55677086 0.6775 0.5697917 0.66833335 0.62708336 0.64 0.65260416 0.6275 0.73020834 0.5941667 0.7453125 0.58666664 0.7515625 0.5808333 0.753125 0.56916666 0.7583333 0.5683333 0.7583333 0.5625 0.76458335 0.55916667 0.76458335 0.55083334 0.76197916 0.54333335 0.75989586 0.5466667 0.75625 0.5491667 0.753125 0.5475 0.75104165 0.54833335 0.74791664 0.5425 0.74322915 0.5375 0.72760415 0.54083335 0.6984375 0.5525
15 0.7296875 0.5975 0.7416667 0.6308333 0.7604167 0.57166666 0.7583333 0.5675 0.7583333 0.5683333 0.753125 0.56916666 0.7515625 0.5808333 0.7447917 0.58666664 0.73229164 0.5933333 0.728125 0.595
15 0.6703125 0.44416666 0.67083335 0.455 0.67552084 0.47083333 0.69739586 0.52166665 0.70885414 0.54833335 0.7239583 0.5425 0.72760415 0.54083335 0.74322915 0.5375 0.7473958 0.5416667 0.7505208 0.5475 0.7505208 0.54583335 0.74791664 0.5391667 0.7265625 0.48916668 0.72447914 0.49166667 0.70625 0.44833332 0.696875 0.43 0.68854165 0.42166665 0.6828125 0.42166665 0.6791667 0.41666666 0.67552084 0.41666666 0.66979164 0.4075 0.665625 0.415 0.66510415 0.41833332 0.6703125 0.42416668 0.66875 0.43 0.6692708 0.43416667 0.671875 0.43583333
15 0.446875 0.48333332 0.515625 0.5366667 0.57604164 0.5825 0.59739584 0.59833336 0.6354167 0.5808333 0.6296875 0.5683333 0.5182292 0.48 0.47864583 0.45083332 0.44947916 0.42833334 0.44166666 0.4275 0.43541667 0.43083334 0.43177083 0.42583334 0.4296875 0.43 0.421875 0.42416668 0.41927084 0.4325 0.41927084 0.4425 0.425 0.4425 0.42604166 0.44833332 0.42864582 0.44666666 0.428125 0.45916668 0.43229166 0.46916667
15 0.32708332 0.45 0.27447918 0.5108333 0.275 0.57666665 0.34114584 0.50083333 0.3515625 0.48416665 0.35520834 0.47333333 0.35520834 0.46416667 0.3578125 0.46083334 0.35729167 0.455 0.36510417 0.4475 0.36197916 0.43416667 0.3546875 0.44666666 0.35208333 0.44166666 0.34947917 0.44333333 0.3484375 0.4475 0.3390625 0.4425
15 0.43072918 0.56416667 0.29583332 0.6091667 0.27552083 0.6141667 0.27552083 0.6691667 0.33541667 0.6508333 0.43385416 0.61583334 0.44635418 0.6116667 0.45364583 0.5991667 0.45520833 0.5933333 0.45885417 0.5908333 0.45885417 0.5875 0.46666667 0.5875 0.4671875 0.5733333 0.4640625 0.5683333 0.4578125 0.5733333 0.4546875 0.56666666 0.44427082 0.56166667
15 0.35833332 0.72 0.275 0.7008333 0.2765625 0.7583333 0.30989584 0.7633333 0.31614584 0.7658333 0.32864583 0.7675 0.32916668 0.77 0.33697918 0.7683333 0.34479168 0.77166665 0.36614582 0.77166665 0.37239584 0.7633333 0.378125 0.7633333 0.378125 0.7583333 0.38541666 0.7633333 0.38854167 0.75666666 0.38958332 0.74916667 0.38072917 0.7475 0.3796875 0.7416667 0.3765625 0.74083334 0.37447917 0.73 0.36770833 0.7225
15 0.24010417 0.48416665 0.24010417 0.63416666 0.24114583 0.7991667 0.24375 0.81166667 0.24739583 0.8208333 0.2515625 0.8233333 0.25052083 0.8275 0.25364584 0.83166665 0.25364584 0.845 0.26197916 0.84583336 0.2609375 0.8325 0.26458332 0.83166665 0.26458332 0.82416666 0.27447918 0.80916667 0.27552083 0.7808333 0.27604166 0.735 0.275 0.7008333 0.27604166 0.6691667 0.27604166 0.61333334 0.275 0.575 0.27447918 0.5108333 0.27447918 0.4625 0.271875 0.45083332 0.2625 0.44416666 0.265625 0.43666667 0.2625 0.435 0.26614583 0.42166665 0.25989583 0.41666666 0.25677082 0.41833332 0.25677082 0.43333334 0.25104168 0.43333334 0.25 0.43583333 0.25 0.44083333 0.2515625 0.4425 0.24270834 0.455
15 0.22083333 0.64416665 0.221875 0.66 0.22604166 0.67083335 0.23125 0.6625 0.2328125 0.6641667 0.23541667 0.66333336 0.24010417 0.6716667 0.24010417 0.63166666 0.23697917 0.6408333 0.23229167 0.6408333 0.22916667 0.64416665
15 0.20885417 0.58666664 0.17552084 0.62666667 0.16822916 0.64166665 0.1671875 0.65 0.16875 0.6566667 0.16458334 0.66083336 0.165625 0.6691667 0.15885417 0.67583334 0.1609375 0.6825 0.1640625 0.68666667 0.16979167 0.6766667 0.1734375 0.6766667 0.178125 0.67583334 0.19114584 0.67583334 0.21302083 0.6483333 0.24010417 0.6166667 0.24010417 0.55083334
15 0.1765625 0.7291667 0.19375 0.735 0.240625 0.74666667 0.24010417 0.68916667 0.19739583 0.6791667 0.1765625 0.67833334 0.16770834 0.68 0.16354166 0.68666667 0.16197917 0.69 0.15729167 0.69083333 0.1546875 0.6933333 0.14895834 0.6933333 0.14635417 0.69916666 0.14635417 0.7033333 0.15208334 0.7075 0.15520833 0.7075 0.15572916 0.71166664 0.15885417 0.7133333 0.16145833 0.72 0.16614583 0.725
15 0.7765625 0.5225 0.76354164 0.5625 0.7296875 0.6691667 0.6927083 0.7866667 0.6875 0.81083333 0.68854165 0.82166666 0.690625 0.83 0.68854165 0.83416665 0.68854165 0.8375 0.69114584 0.84 0.6869792 0.85333335 0.69427085 0.85833335 0.69635415 0.845 0.7005208 0.8475 0.703125 0.8408333 0.7109375 0.83916664 0.71875 0.82916665 0.74635416 0.7416667 0.7921875 0.59166664 0.8052083 0.55 0.809375 0.5308333 0.80677086 0.5183333 0.8041667 0.51416665 0.8072917 0.5083333 0.803125 0.5025 0.80625 0.48916668 0.80052084 0.48666668 0.7984375 0.49333334 0.7984375 0.50083333 0.79375 0.50083333 0.79270834 0.5058333 0.7859375 0.5075 0.7817708 0.5133333
