8 0.5911458 0.7941667 0.6098958 0.83666664 0.7213542 0.99916667 0.71458334 1.0 0.54010415 1.0 0.52135414 0.9775 0.49635416 0.94916666 0.49010417 0.9266667 0.49635416 0.9075 0.5083333 0.8875 0.52447915 0.8691667 0.53697914 0.8541667 0.54479164 0.84 0.5494792 0.8275 0.571875 0.79333335 0.578125 0.78583336
5 0.78541666 0.3225 0.89947915 0.5158333 0.88958335 0.5425 0.8046875 0.65 0.78802085 0.67333335 0.77760416 0.68916667 0.76197916 0.7416667 0.7494792 0.77 0.7453125 0.7575 0.7239583 0.72583336 0.7114583 0.6975 0.7078125 0.68083334 0.69166666 0.6458333 0.64375 0.57666665 0.63072914 0.56083333 0.66614586 0.52416664 0.68385416 0.50666666 0.71979165 0.43333334 0.7760417 0.32666665
13 0.78333336 0.00083333335 0.784375 0.31833333 0.76875 0.325 0.6588542 0.32833335 0.6458333 0.325 0.64479166 0.30916667 0.64166665 0.04916667 0.64166665 0.0 0.73802084 0.0
14 0.609375 0.0 0.6015625 0.039166667 0.60260415 0.051666666 0.5989583 0.094166666 0.56666666 0.06666667 0.56145835 0.06583333 0.56354165 0.0
6 0.4109375 0.0 0.40572917 0.079166666 0.425 0.08583333 0.4578125 0.07666667 0.46822917 0.07666667 0.54791665 0.096666664 0.56145835 0.094166666 0.56041664 0.06333333 0.56354165 0.0 0.41927084 0.0
2 0.46666667 0.11 0.49583334 0.104166664 0.64166665 0.09833334 0.64635414 0.38166666 0.6453125 0.44833332 0.6489583 0.48 0.56666666 0.48666668 0.47083333 0.48583335 0.471875 0.47 0.471875 0.46083334 0.46770832 0.26 0.4625 0.13666667 0.46302083 0.1125
7 0.12135417 0.87833333 0.17447917 0.965 0.19166666 1.0 0.25260416 1.0 0.30364582 1.0 0.31927082 0.9608333 0.39583334 0.94083333 0.40520832 0.92833334 0.40833333 0.91333336 0.39114583 0.88166666 0.34114584 0.8 0.33958334 0.76916665 0.3140625 0.66 0.3078125 0.6525 0.29010418 0.67 0.24270834 0.7783333 0.23177083 0.80333334 0.20885417 0.8075 0.13333334 0.85083336 0.1203125 0.87583333
11 0.1359375 0.8441667 0.123958334 0.8233333 0.1140625 0.82166666 0.1078125 0.82 0.09427083 0.8183333 0.0515625 0.8 0.021354167 0.795 0.028125 0.7866667 0.094791666 0.60583335 0.108333334 0.56083333 0.11354167 0.56083333 0.1921875 0.62833333 0.271875 0.7025 0.27291667 0.7083333 0.23177083 0.8016667 0.20833333 0.805 0.13802083 0.8466667
9 0.48072916 0.48583335 0.45989582 0.63916665 0.45260417 0.6666667 0.45260417 0.6933333 0.4546875 0.7133333 0.4484375 0.74833333 0.40260416 0.7225 0.32291666 0.685 0.3140625 0.6566667 0.30989584 0.65166664 0.28958333 0.67083335 0.284375 0.6666667 0.234375 0.65166664 0.21875 0.645 0.22447917 0.60333335 0.23125 0.54833335 0.24010417 0.50916666 0.2453125 0.48833334 0.25625 0.48166665 0.26822916 0.48083332 0.37708333 0.44166666 0.42135417 0.45083332 0.46927083 0.46833333 0.4703125 0.4875
4 0.13541667 0.14416666 0.096875 0.2975 0.096875 0.31416667 0.098958336 0.33 0.1078125 0.35083333 0.11302083 0.37416667 0.11354167 0.40666667 0.108333334 0.4375 0.094791666 0.47 0.071875 0.49333334 0.044270832 0.49416667 0.034375 0.49416667 0.0140625 0.4875 0.0026041667 0.47666666 0.0 0.46666667 0.0 0.31833333 0.0 0.305 0.030729167 0.29 0.042708334 0.27833334 0.046354167 0.26583335 0.0515625 0.25416666 0.084895834 0.123333335 0.0890625 0.11333334 0.094791666 0.11 0.13020833 0.13416667
