18 0.68854165 0.4475 0.72552085 0.51166666 0.7583333 0.56916666 0.7604167 0.5725 0.684375 0.58 0.6770833 0.58166665 0.665625 0.59 0.6609375 0.6025 0.66197914 0.665 0.66302085 0.725 0.665625 0.755 0.64479166 0.7891667 0.6296875 0.81166667 0.62395835 0.81916666 0.6177083 0.8225 0.6109375 0.82166666 0.6046875 0.8175 0.60833335 0.7991667 0.6197917 0.7425 0.63489586 0.67583334 0.64166665 0.6525 0.6375 0.635 0.6328125 0.62666667 0.57239586 0.595 0.61302084 0.54 0.62395835 0.5275 0.6453125 0.48333332 0.6666667 0.45083332 0.675 0.44333333 0.68177086 0.44333333
18 0.50416666 0.58166665 0.5151042 0.5708333 0.5208333 0.5683333 0.5729167 0.595 0.6333333 0.6275 0.63645834 0.6325 0.64166665 0.65166664 0.63125 0.69083333 0.6125 0.77666664 0.6098958 0.7925 0.6015625 0.8283333 0.5942708 0.8516667 0.58177084 0.93416667 0.57708335 0.94666666 0.5697917 0.9558333 0.5609375 0.96166664 0.46302083 0.91083336 0.446875 0.9008333 0.44114584 0.885 0.44166666 0.875 0.46822917 0.77 0.48385417 0.6816667 0.50104165 0.59833336
18 0.3765625 0.5225 0.45364583 0.56166667 0.48020834 0.57916665 0.5026042 0.59166664 0.4828125 0.68416667 0.4734375 0.7425 0.4625 0.795 0.38385418 0.76166666 0.33489582 0.73833334 0.32760417 0.7216667 0.32552084 0.70666665 0.340625 0.62916666 0.35729167 0.5391667 0.36770833 0.52666664
18 0.45572916 0.29916668 0.47604167 0.28583333 0.51770836 0.2625 0.5421875 0.25833333 0.55677086 0.24833333 0.57135415 0.22833334 0.6244792 0.19166666 0.634375 0.18583333 0.64427084 0.18916667 0.65260416 0.19583334 0.6734375 0.28 0.6979167 0.37083334 0.6953125 0.38166666 0.69114584 0.395 0.6536458 0.41833332 0.5932292 0.45333335 0.5463542 0.48333332 0.5052083 0.5125 0.49791667 0.51 0.49114582 0.505 0.4859375 0.4875 0.4484375 0.32416666 0.45 0.31083333
18 0.7786458 0.1 0.72291666 0.20666666 0.67760414 0.295 0.6979167 0.36916667 0.6958333 0.38083333 0.74895835 0.4475 0.76354164 0.465 0.7739583 0.46333334 0.7796875 0.45583335 0.8151042 0.37666667 0.8432292 0.32416666 0.88645834 0.24833333 0.89947915 0.21666667 0.89739585 0.20166667 0.84947914 0.13 0.80625 0.0775 0.7921875 0.075 0.7885417 0.0825
18 0.76770836 0.47166666 0.79114586 0.505 0.7942708 0.5225 0.7942708 0.5316667 0.77552086 0.57166666 0.75989586 0.5733333 0.68854165 0.44666666 0.6822917 0.44333333 0.6744792 0.44333333 0.66770834 0.44833332 0.6432292 0.48583335 0.6244792 0.5275 0.60572916 0.5491667 0.5546875 0.47916666 0.565625 0.47 0.59166664 0.45333335 0.64947915 0.42083332 0.690625 0.39583334 0.6947917 0.38 0.7609375 0.4625
18 0.29427084 0.33583334 0.32291666 0.27833334 0.346875 0.23333333 0.35572916 0.23083334 0.36458334 0.23166667 0.37291667 0.2375 0.41666666 0.3 0.45416668 0.35 0.4609375 0.38166666 0.4859375 0.4875 0.49114582 0.50333333 0.49375 0.5075 0.46197918 0.56666666 0.375 0.52166665 0.37239584 0.5225 0.3234375 0.46583334 0.30625 0.45 0.325 0.41 0.32604167 0.38666666 0.2921875 0.34
18 0.12708333 0.4275 0.1515625 0.38083333 0.21197917 0.25916666 0.2171875 0.255 0.23020834 0.25583333 0.29270834 0.3425 0.32552084 0.385 0.325 0.41083333 0.30052084 0.45833334 0.25208333 0.5366667 0.20364584 0.6475 0.1921875 0.65166664 0.184375 0.64916664 0.12135417 0.56916666 0.09010417 0.535 0.086979166 0.52416664 0.0890625 0.50166667 0.1265625 0.43
18 0.20104167 0.093333334 0.27760416 0.14 0.3078125 0.16416667 0.31458333 0.18083334 0.315625 0.19333333 0.27916667 0.32166666 0.23020834 0.25583333 0.21666667 0.255 0.21145834 0.26083332 0.13802083 0.40583333 0.13020833 0.42333335 0.128125 0.42416668 0.11145833 0.4075 0.108333334 0.38833332 0.11875 0.34 0.13541667 0.285 0.1421875 0.25 0.14479166 0.2325 0.16510417 0.165 0.184375 0.1025 0.18854167 0.0975
18 0.67760414 0.5808333 0.83697915 0.565 0.8619792 0.56166667 0.87291664 0.57416666 0.871875 0.6741667 0.87708336 0.7708333 0.86510414 0.7841667 0.8588542 0.78833336 0.8234375 0.7866667 0.8078125 0.7891667 0.78125 0.7916667 0.76979166 0.795 0.7427083 0.8 0.6880208 0.80916667 0.67604166 0.79833335 0.6671875 0.77 0.6625 0.7216667 0.6609375 0.6025 0.66510415 0.59
