0 0.075520836 0.435 0.14375 0.43916667 0.159375 0.44166666 0.17447917 0.43416667 0.19479166 0.425 0.23125 0.415 0.23958333 0.41833332 0.2421875 0.415 0.24270834 0.41083333 0.24895833 0.4125 0.2515625 0.42333335 0.24947916 0.47333333 0.24427083 0.47833332 0.24166666 0.4925 0.246875 0.53 0.24583334 0.5941667 0.24166666 0.6333333 0.25052083 0.67333335 0.26197916 0.725 0.2671875 0.7225 0.26927084 0.7275 0.26875 0.7416667 0.2515625 0.7416667 0.2171875 0.74 0.16666667 0.74333334 0.13645834 0.74666667 0.09427083 0.75416666 0.069270834 0.76416665 0.06822917 0.75666666 0.071875 0.73083335 0.07864583 0.685 0.08020833 0.6641667 0.08020833 0.62166667 0.08020833 0.5808333 0.06875 0.48 0.06614583 0.4525
20 0.26770833 0.47 0.3109375 0.45666668 0.3453125 0.45083332 0.41614583 0.435 0.43697917 0.4325 0.45520833 0.43833333 0.46979168 0.44416666 0.49427083 0.4425 0.52239585 0.43666667 0.5963542 0.41333333 0.6145833 0.4125 0.6203125 0.42 0.62135416 0.43166667 0.63958335 0.56583333 0.64479166 0.6175 0.64166665 0.6325 0.6359375 0.64 0.6296875 0.64416665 0.584375 0.66 0.5473958 0.66583335 0.5140625 0.66833335 0.478125 0.6666667 0.45208332 0.66583335 0.42864582 0.6666667 0.38854167 0.67333335 0.3546875 0.68666667 0.3140625 0.70416665 0.29635417 0.7083333 0.28958333 0.7083333 0.28177083 0.6975 0.27916667 0.68666667 0.26041666 0.5783333 0.25208333 0.53 0.24739583 0.50333333 0.24583334 0.49416667 0.24739583 0.48083332 0.25416666 0.475
18 0.55364585 0.6716667 0.5484375 0.67583334 0.5416667 0.6775 0.53333336 0.675 0.52708334 0.6666667 0.54322916 0.665 0.55833334 0.6625
5 0.2578125 0.15416667 0.29166666 0.13 0.36666667 0.0875 0.42864582 0.055 0.4328125 0.059166666 0.43541667 0.08833333 0.440625 0.14083333 0.44114584 0.17083333 0.44375 0.19083333 0.46197918 0.25583333 0.48958334 0.35833332 0.49583334 0.38416666 0.4109375 0.40583333 0.38645834 0.41166666 0.36614582 0.41916665 0.31197917 0.45333335 0.30677083 0.45416668 0.30625 0.4375 0.31510416 0.39 0.31354168 0.375 0.3046875 0.3375 0.28020832 0.24083333 0.29114583 0.2275 0.29635417 0.21916667 0.296875 0.21333334 0.29322916 0.20416667 0.28489584 0.20333333 0.2703125 0.21 0.2625 0.17166667 0.25885418 0.16833334
16 0.45729166 0.13583334 0.53020835 0.39083335 0.5265625 0.395 0.4609375 0.44083333 0.434375 0.43166667 0.4140625 0.43333334 0.34010416 0.45 0.31145832 0.45416668 0.36510417 0.42 0.3875 0.41166666 0.4953125 0.38416666 0.44375 0.19 0.440625 0.17166667 0.44114584 0.14583333
16 0.25677082 0.29833335 0.28854167 0.27583334 0.31302083 0.3725 0.31510416 0.38833332 0.30625 0.43666667 0.30625 0.45416668 0.28333333 0.4625 0.275 0.44916666 0.25052083 0.36833334 0.24114583 0.34166667 0.24739583 0.30833334
21 0.07604167 0.15583333 0.12447917 0.15666667 0.15989584 0.16333333 0.2125 0.17583333 0.22916667 0.18833333 0.25572917 0.2125 0.26927084 0.21 0.28489584 0.20333333 0.29375 0.20416667 0.29739583 0.21333334 0.29583332 0.22 0.28854167 0.23083334 0.27864584 0.24416667 0.265625 0.265 0.25260416 0.29333332 0.24635416 0.31 0.240625 0.3425 0.23854166 0.35833332 0.23854166 0.37833333 0.24322917 0.40833333 0.2421875 0.41583332 0.23958333 0.41833332 0.23229167 0.41416666 0.228125 0.40666667 0.21822916 0.39333335 0.2125 0.38416666 0.20989583 0.38 0.19895834 0.35583332 0.19322917 0.3575 0.17916666 0.36916667 0.153125 0.38833332 0.1390625 0.39833334 0.07447917 0.40666667 0.06458333 0.39833334 0.058333334 0.38416666 0.058333334 0.36416668 0.054166667 0.33166668 0.05 0.28916666 0.0484375 0.24583334 0.049479168 0.215 0.055729166 0.17083333 0.061979167 0.15916666
21 0.06822917 0.1375 0.122395836 0.0 0.30104166 0.0 0.2953125 0.018333333 0.24791667 0.15583333 0.234375 0.1925 0.22864583 0.18833333 0.21197917 0.17666666 0.12708333 0.1575 0.07760417 0.15583333 0.06822917 0.15833333
2 0.58229166 0.0 0.5630208 0.16333333 0.5239583 0.1525 0.44010416 0.1275 0.4328125 0.061666667 0.42864582 0.054166667 0.34895834 0.0975 0.32760417 0.085 0.340625 0.0
18 0.5453125 0.33333334 0.5385417 0.42833334 0.5234375 0.43416667 0.49166667 0.44166666 0.5078125 0.4075 0.52760416 0.39416668 0.5296875 0.39166668 0.52447915 0.3725
19 0.56822914 0.18166667 0.65208334 0.19833334 0.64270836 0.205 0.6380208 0.21083333 0.634375 0.22916667 0.6359375 0.2425 0.6421875 0.2725 0.6640625 0.36333334 0.67552084 0.40083334 0.6848958 0.42 0.68541664 0.43333334 0.6822917 0.48333332 0.6796875 0.49666667 0.67395836 0.50416666 0.66302085 0.505 0.62604165 0.49833333 0.6177083 0.43666667 0.6166667 0.42 0.61145836 0.41166666 0.59583336 0.4125 0.5885417 0.41333333 0.53802085 0.42916667 0.5453125 0.33416668 0.5552083 0.195 0.5572917 0.18833333 0.5619792 0.18166667
10 0.65729165 0.19583334 0.69322914 0.17416666 0.715625 0.1625 0.7447917 0.15666667 0.77760416 0.15083334 0.78229165 0.155 0.78697914 0.17666666 0.7963542 0.2275 0.80104166 0.2525 0.8015625 0.29666665 0.8020833 0.32583332 0.8109375 0.33 0.81614584 0.33916667 0.81875 0.3725 0.8390625 0.41833332 0.84270835 0.44166666 0.8432292 0.45416668 0.8375 0.46333334 0.81145835 0.4725 0.8046875 0.4675 0.79791665 0.455 0.79114586 0.44583333 0.78541666 0.45 0.778125 0.475 0.771875 0.49 0.76354164 0.5025 0.7515625 0.51916665 0.740625 0.5416667 0.73229164 0.5491667 0.7192708 0.5475 0.7125 0.5416667 0.7078125 0.52666664 0.68541664 0.43333334 0.68541664 0.42166665 0.6744792 0.39916667 0.66302085 0.36083335 0.64479166 0.285 0.63489586 0.23833333 0.634375 0.22833334 0.63854164 0.21083333 0.64375 0.205
18 0.6354167 0.5083333 0.62916666 0.51916665 0.6265625 0.49916667 0.63854164 0.5
12 0.23802084 0.74666667 0.34114584 0.73083335 0.43229166 0.70916665 0.46510416 0.70416665 0.46666667 0.71416664 0.4734375 0.80083334 0.47864583 0.8875 0.475 0.89 0.42083332 0.9008333 0.37083334 0.90166664 0.34739584 0.9058333 0.29010418 0.9216667 0.24114583 0.93583333 0.2390625 0.9008333 0.2359375 0.75666666
