17 0.33333334 0.99916667 0.33697918 0.9916667 0.34375 0.9841667 0.3515625 0.9816667 0.359375 0.98583335 0.36510417 0.98833334 0.36875 1.0
17 0.36979166 0.99916667 0.3625 0.98 0.35677084 0.9583333 0.34739584 0.94083333 0.3375 0.92083335 0.33802083 0.9125 0.340625 0.90416664 0.34583333 0.9008333 0.35364583 0.9008333 0.36145833 0.9116667 0.36927083 0.9091667 0.3921875 0.85583335 0.40677083 0.8333333 0.42864582 0.8025 0.4359375 0.7941667 0.44375 0.79333335 0.45208332 0.7975 0.459375 0.81 0.48802084 0.8691667 0.50885415 0.9141667 0.5296875 0.96166664 0.53125 0.9658333 0.5234375 1.0
17 0.5260417 0.99833333 0.6328125 1.0 0.63125 0.98833334 0.6234375 0.97083336 0.6119792 0.9583333 0.6015625 0.95416665 0.58697915 0.93833333 0.5734375 0.92 0.553125 0.8908333 0.5520833 0.8908333 0.53697914 0.9075 0.5317708 0.91 0.525 0.9075 0.51927084 0.89916664 0.49270833 0.84166664 0.47916666 0.80916667 0.47083333 0.81583333 0.4671875 0.8183333 0.465625 0.8225 0.496875 0.8875 0.5307292 0.9625 0.5317708 0.9658333 0.52552086 0.9916667 0.5239583 1.0
17 0.3875 0.8641667 0.271875 0.885 0.24166666 0.8883333 0.234375 0.885 0.22552083 0.8675 0.22291666 0.84583336 0.22083333 0.755 0.22447917 0.68416667 0.22760417 0.6525 0.23229167 0.6433333 0.24635416 0.6383333 0.26770833 0.64416665 0.27552083 0.65 0.27916667 0.6666667 0.28697917 0.67 0.2984375 0.6666667 0.30729166 0.6508333 0.31614584 0.6458333 0.34895834 0.6333333 0.38958332 0.7075 0.40416667 0.7366667 0.40989584 0.7391667 0.4265625 0.74333334 0.43333334 0.7441667 0.4375 0.79333335 0.4359375 0.7941667 0.40989584 0.8275 0.40260416 0.8383333 0.39375 0.8525
17 0.44635418 0.7366667 0.45208332 0.75 0.46510416 0.7775 0.47864583 0.80833334 0.4796875 0.81 0.48854166 0.83166665 0.51145834 0.88166666 0.51979166 0.89916664 0.525 0.9075 0.53125 0.9091667 0.53697914 0.9066667 0.5572917 0.8825 0.621875 0.8 0.63854164 0.78 0.6401042 0.76916665 0.640625 0.75166667 0.6375 0.74333334 0.621875 0.71166664 0.61614585 0.71166664 0.59166664 0.7025 0.53697914 0.68 0.51458335 0.67 0.50989586 0.6641667 0.5026042 0.65166664 0.5026042 0.635 0.5234375 0.5183333 0.52447915 0.50916666 0.5182292 0.5083333 0.5125 0.51166666 0.49791667 0.5233333 0.4671875 0.5541667 0.46458334 0.55833334 0.4609375 0.62833333 0.45677084 0.7 0.45677084 0.7183333 0.45260417 0.72833335 0.44947916 0.73333335
17 0.34791666 0.6308333 0.32239583 0.5683333 0.315625 0.55083334 0.31666666 0.54333335 0.3203125 0.5158333 0.32291666 0.5025 0.3234375 0.47416666 0.31979167 0.445 0.31875 0.40583333 0.3203125 0.39833334 0.32760417 0.38583332 0.33125 0.3825 0.378125 0.385 0.4203125 0.39 0.45260417 0.39333335 0.459375 0.39333335 0.46614584 0.4 0.47135416 0.41333333 0.4640625 0.55333334 0.46041667 0.63 0.45625 0.7008333 0.45625 0.7191667 0.45260417 0.7291667 0.44895834 0.73333335 0.44375 0.7391667 0.43489584 0.7425 0.43072918 0.74333334 0.40885416 0.73833334 0.40416667 0.7366667 0.39583334 0.72 0.38645834 0.7008333 0.36354166 0.6591667 0.34947917 0.6333333
17 0.61302084 0.81333333 0.61302084 0.8616667 0.61041665 0.9066667 0.61041665 0.93416667 0.61354166 0.9475 0.62395835 0.95666665 0.6390625 0.95416665 0.6671875 0.95416665 0.69635415 0.95416665 0.74114585 0.9575 0.74895835 0.95416665 0.7526042 0.94083333 0.75625 0.9166667 0.75416666 0.89166665 0.7515625 0.87333333 0.7515625 0.81416667 0.753125 0.79083335 0.7494792 0.765 0.75572914 0.725 0.75677085 0.6983333 0.75677085 0.69 0.7526042 0.69166666 0.7473958 0.6925 0.7421875 0.69 0.73125 0.665 0.7291667 0.65833336 0.72760415 0.6691667 0.72291666 0.67833334 0.7182292 0.6825 0.7140625 0.68416667 0.70989585 0.68416667 0.7005208 0.67833334 0.69895834 0.675 0.6848958 0.69083333 0.6692708 0.7025 0.65260416 0.70916665 0.62604165 0.71166664 0.621875 0.71166664 0.6375 0.7425 0.6411458 0.75 0.640625 0.7675 0.63854164 0.7816667
17 0.5265625 0.49916667 0.56458336 0.48916668 0.5755208 0.48333332 0.58177084 0.47166666 0.5833333 0.45916668 0.5875 0.465 0.5875 0.4775 0.59010416 0.48 0.6109375 0.48083332 0.61875 0.475 0.6484375 0.47333333 0.6848958 0.4725 0.68958336 0.47166666 0.71197915 0.47833332 0.71979165 0.48333332 0.72760415 0.49833333 0.72760415 0.5125 0.7270833 0.5975 0.72291666 0.63 0.71770835 0.64916664 0.7109375 0.6616667 0.6984375 0.6741667 0.6859375 0.68916667 0.66979164 0.70166665 0.653125 0.7083333 0.6223958 0.7108333 0.61614585 0.7108333 0.5911458 0.7025 0.55104166 0.685 0.51458335 0.6691667 0.50989586 0.6625 0.503125 0.6508333 0.503125 0.63416666 0.521875 0.5308333 0.5265625 0.5025
17 0.7447917 0.46416667 0.7416667 0.52416664 0.73645836 0.5883333 0.728125 0.6575 0.72760415 0.66583335 0.7270833 0.6691667 0.72291666 0.6775 0.71770835 0.6816667 0.7140625 0.68416667 0.7104167 0.68416667 0.709375 0.68333334 0.70104164 0.67833334 0.69895834 0.6741667 0.7109375 0.66333336 0.7182292 0.64916664 0.7239583 0.63 0.72760415 0.5975 0.728125 0.5516667 0.7395833 0.49333334 0.7427083 0.475
17 0.7572917 0.69 0.7661458 0.6775 0.784375 0.6691667 0.80104166 0.6575 0.8208333 0.6375 0.8385417 0.6141667 0.853125 0.5966667 0.86041665 0.58916664 0.8625 0.57166666 0.85833335 0.56166667 0.8515625 0.5516667 0.8421875 0.55 0.8359375 0.55083334 0.825 0.535 0.825 0.5258333 0.8307292 0.50083333 0.8265625 0.48 0.796875 0.37583333 0.784375 0.3375 0.78020835 0.32916668 0.76875 0.32416666 0.7604167 0.325 0.75104165 0.33416668 0.7546875 0.345 0.7572917 0.35416666 0.75208336 0.40833333 0.74635416 0.4475 0.7447917 0.46083334 0.7447917 0.465 0.74375 0.49333334 0.740625 0.545 0.7359375 0.5925 0.7291667 0.65166664 0.72864586 0.65833336 0.7291667 0.6591667 0.73229164 0.6666667 0.7416667 0.68916667 0.7421875 0.69 0.746875 0.6925 0.753125 0.69166666 0.75625 0.69 0.75677085 0.68916667
17 0.79583335 0.6625 0.8130208 0.7341667 0.83177084 0.79333335 0.83802086 0.8016667 0.84375 0.8075 0.85364586 0.80916667 0.8765625 0.7941667 0.890625 0.7808333 0.8921875 0.7725 0.89947915 0.7633333 0.9203125 0.755 0.94947916 0.74083334 0.9536458 0.735 0.95520836 0.7225 0.96197915 0.7183333 0.9671875 0.71666664 0.9760417 0.72333336 0.9828125 0.7266667 0.990625 0.7216667 0.9973958 0.6958333 0.9994792 0.67333335 0.99583334 0.6383333 0.9848958 0.6116667 0.97291666 0.5783333 0.96875 0.55083334 0.9578125 0.50916666 0.95208335 0.5025 0.946875 0.5 0.94166666 0.5 0.89635414 0.52666664 0.875 0.54333335 0.87083334 0.5516667 0.8645833 0.5566667 0.85729164 0.5575 0.85572916 0.5575 0.85833335 0.56166667 0.86302084 0.57166666 0.86041665 0.59 0.8510417 0.5991667 0.8307292 0.62416667 0.8203125 0.6383333 0.80104166 0.6591667
17 0.71979165 0.315 0.7296875 0.29916668 0.73802084 0.2975 0.75677085 0.30333334 0.7895833 0.31416667 0.8125 0.325 0.8229167 0.3325 0.8364583 0.3375 0.84166664 0.33416668 0.846875 0.3225 0.85625 0.32333332 0.8796875 0.335 0.8953125 0.33666667 0.90416664 0.33666667 0.90416664 0.34916666 0.90520835 0.43416667 0.90520835 0.45333335 0.90260416 0.46166667 0.8354167 0.52916664 0.8255208 0.535 0.825 0.52666664 0.83125 0.50166667 0.8265625 0.4775 0.8 0.38416666 0.7942708 0.36583334 0.784375 0.33666667 0.7807292 0.32833335 0.76875 0.32416666 0.7604167 0.325 0.75104165 0.33333334 0.7390625 0.32583332 0.73020834 0.32
17 0.88697916 0.48166665 0.92864585 0.505 0.93072915 0.5058333 0.94114584 0.5 0.94739586 0.5 0.9526042 0.50333333 0.9583333 0.50916666 0.959375 0.5125 0.9661458 0.5108333 0.9760417 0.5025 1.0 0.43416667 1.0 0.25583333 1.0 0.18916667 0.9916667 0.18916667 0.98125 0.18583333 0.97760415 0.27333334 0.97760415 0.3075 0.97552085 0.32333332 0.965625 0.33583334 0.95416665 0.34166667 0.9328125 0.34166667 0.92552084 0.34083334 0.90520835 0.33666667 0.90416664 0.36666667 0.9057292 0.42583334 0.9057292 0.45416668 0.903125 0.4625 0.8854167 0.47916666
17 0.5911458 0.275 0.6 0.27166668 0.6244792 0.28166667 0.6515625 0.295 0.68177086 0.30416667 0.71770835 0.315 0.7213542 0.31583333 0.72864586 0.31916666 0.7505208 0.33333334 0.7572917 0.35583332 0.7546875 0.37833333 0.75208336 0.40583333 0.74635416 0.44416666 0.7447917 0.46333334 0.73072916 0.53833336 0.72760415 0.55083334 0.72760415 0.4975 0.7203125 0.4825 0.7109375 0.4775 0.68958336 0.47166666 0.6515625 0.4725 0.61875 0.47416666 0.6109375 0.48083332 0.59010416 0.48 0.5875 0.4775 0.58802086 0.465 0.5833333 0.45833334 0.5765625 0.4 0.5697917 0.34583333 0.5630208 0.30416667 0.56822914 0.29916668
17 0.359375 0.38333333 0.36458334 0.3525 0.37447917 0.31333333 0.37916666 0.30583334 0.39375 0.29916668 0.43020833 0.29333332 0.44322917 0.29166666 0.44791666 0.29083332 0.46979168 0.27583334 0.496875 0.26083332 0.52239585 0.2525 0.53541666 0.245 0.54583335 0.245 0.55677086 0.255 0.55833334 0.26583335 0.5625 0.29916668 0.5703125 0.35916665 0.58020836 0.43583333 0.5833333 0.46083334 0.58229166 0.46416667 0.58125 0.47166666 0.575 0.48333332 0.5651042 0.48833334 0.52552086 0.4975 0.51979166 0.50333333 0.4671875 0.515 0.46614584 0.51666665 0.47135416 0.4125 0.46666667 0.4 0.459375 0.39333335 0.39427084 0.38666666 0.36875 0.38416666
17 0.25416666 0.63916665 0.240625 0.61833334 0.2203125 0.6066667 0.17760417 0.5541667 0.16614583 0.535 0.16510417 0.51916665 0.16666667 0.51 0.20364584 0.45083332 0.22135417 0.42333335 0.23020834 0.4075 0.25 0.36583334 0.29947916 0.28833333 0.30833334 0.28583333 0.31822917 0.28583333 0.33177084 0.30166668 0.36302084 0.35666665 0.359375 0.38416666 0.33125 0.3825 0.32708332 0.38583332 0.32083333 0.3975 0.31875 0.40583333 0.31927082 0.44583333 0.32291666 0.475 0.32239583 0.5025 0.31927082 0.51916665 0.31510416 0.55083334 0.32760417 0.5825 0.32447916 0.59166664 0.315625 0.6025 0.30625 0.60833335 0.3015625 0.62416667 0.29166666 0.6591667 0.28333333 0.6641667 0.2796875 0.665 0.27864584 0.6625 0.27604166 0.6508333 0.27552083 0.65 0.26770833 0.6433333 0.25625 0.6408333
17 0.18958333 0.47083333 0.17239584 0.46333334 0.16666667 0.45083332 0.16510417 0.43166667 0.175 0.39333335 0.18072917 0.375 0.1890625 0.36166668 0.209375 0.2825 0.25104168 0.17916666 0.25989583 0.14833333 0.2671875 0.14583333 0.27604166 0.14333333 0.2828125 0.14833333 0.35625 0.22 0.38072917 0.24833333 0.38072917 0.26083332 0.37864584 0.275 0.3578125 0.33 0.35416666 0.3375 0.33177084 0.30083334 0.31927082 0.28583333 0.309375 0.285 0.29947916 0.2875 0.25 0.365 0.22708334 0.41333333
17 0.3578125 0.3325 0.36041668 0.35083333 0.353125 0.33833334 0.35364583 0.33833334 0.35729167 0.3325
17 0.2 0.31666666 0.19479166 0.28083333 0.18489583 0.2125 0.17239584 0.15583333 0.16770834 0.12166667 0.1734375 0.1 0.178125 0.095 0.19635417 0.08916666 0.2140625 0.085 0.240625 0.085 0.24895833 0.09 0.2671875 0.083333336 0.28802082 0.075833336 0.2984375 0.075833336 0.3109375 0.083333336 0.31822917 0.123333335 0.3296875 0.15916666 0.33645833 0.2 0.30416667 0.1675 0.2828125 0.14666666 0.2765625 0.1425 0.25989583 0.14666666 0.25885418 0.1475 0.25104168 0.17833333 0.209375 0.2825
17 0.1734375 0.39583334 0.15208334 0.335 0.14895834 0.30916667 0.13645834 0.2725 0.13177083 0.24083333 0.12291667 0.21083333 0.12708333 0.21 0.13541667 0.20833333 0.14114584 0.21083333 0.14635417 0.22083333 0.15104167 0.22666667 0.16302083 0.22666667 0.16666667 0.22 0.16458334 0.19916667 0.165625 0.175 0.1703125 0.1625 0.17291667 0.15916666 0.18489583 0.21333334 0.19947916 0.31666666 0.18958333 0.3575 0.1890625 0.36083335 0.18020834 0.37583333 0.17395833 0.39583334
17 0.21302083 0.08416667 0.22760417 0.06333333 0.2359375 0.060833335 0.2484375 0.06583333 0.2609375 0.085 0.24895833 0.09 0.24114583 0.085 0.21458334 0.085 0.21302083 0.085
17 0.14270833 0.2925 0.10625 0.29083332 0.08958333 0.29166666 0.07760417 0.28666666 0.045833334 0.28916666 0.030729167 0.28916666 0.03125 0.26666668 0.0234375 0.1475 0.015104166 0.0325 0.027604166 0.024166666 0.0453125 0.018333333 0.055729166 0.020833334 0.06458333 0.0425 0.08541667 0.048333332 0.10364583 0.055833332 0.11145833 0.06333333 0.12916666 0.06 0.13854167 0.06333333 0.1703125 0.108333334 0.16666667 0.12 0.17239584 0.15666667 0.16979167 0.16166666 0.16614583 0.1725 0.16510417 0.17666666 0.1640625 0.19833334 0.16666667 0.22 0.16354166 0.22666667 0.1515625 0.22583333 0.14635417 0.22083333 0.14114584 0.21083333 0.13541667 0.20833333 0.12291667 0.21 0.13125 0.24083333 0.13645834 0.27333334
17 0.5140625 0.25083333 0.48229167 0.20833333 0.46770832 0.1925 0.45729166 0.16833334 0.44947916 0.15416667 0.44739583 0.13916667 0.446875 0.1025 0.4515625 0.096666664 0.46145833 0.096666664 0.46822917 0.096666664 0.47760418 0.09 0.47864583 0.06 0.4875 0.034166668 0.5 0.024166666 0.51927084 0.014166667 0.534375 0.014166667 0.5520833 0.0 0.62083334 0.0 0.6515625 0.0425 0.653125 0.058333334 0.64427084 0.08416667 0.5776042 0.21583334 0.55833334 0.25666666 0.55677086 0.25833333 0.55677086 0.255 0.54583335 0.24416667 0.53802085 0.24416667 0.51979166 0.25083333
17 0.60729164 0.27416667 0.6119792 0.25 0.6276042 0.14416666 0.63385415 0.1225 0.64166665 0.11666667 0.6479167 0.11666667 0.6666667 0.12666667 0.684375 0.1325 0.7234375 0.14416666 0.7604167 0.15333334 0.76770836 0.16333333 0.771875 0.17833333 0.76458335 0.215 0.7515625 0.27583334 0.74791664 0.29916668 0.7375 0.29666665 0.7296875 0.29916668 0.7192708 0.31416667 0.6645833 0.29833335 0.6515625 0.29416665 0.61510414 0.27666667
17 0.77135414 0.3075 0.74791664 0.3 0.7526042 0.27083334 0.7671875 0.20416667 0.7651042 0.24583334 0.7609375 0.28333333 0.76354164 0.29416665 0.7682292 0.3025
17 0.66041666 0.12083333 0.66302085 0.08166666 0.67395836 0.023333333 0.67864585 0.014166667 0.6921875 0.01 0.7046875 0.013333334 0.75677085 0.036666665 0.7984375 0.0475 0.8078125 0.055833332 0.8125 0.0725 0.8140625 0.07833333 0.79895836 0.0725 0.7885417 0.0725 0.78333336 0.0775 0.77916664 0.085 0.77135414 0.1325 0.76979166 0.15916666 0.76927084 0.16833334 0.7682292 0.16333333 0.76770836 0.1625 0.7609375 0.15333334 0.7005208 0.13666667 0.6765625 0.12916666 0.6645833 0.125
17 0.98020834 0.18166667 0.98333335 0.16 0.984375 0.13666667 0.97447914 0.12583333 0.9421875 0.12 0.85833335 0.09833334 0.8046875 0.075833336 0.7984375 0.07333333 0.7885417 0.07333333 0.784375 0.0775 0.7796875 0.085 0.771875 0.1325 0.76979166 0.15833333 0.76979166 0.17 0.771875 0.17833333 0.7671875 0.20333333 0.765625 0.24583334 0.76145834 0.28333333 0.76458335 0.29666665 0.7729167 0.30833334 0.82239586 0.31583333 0.8421875 0.32 0.8567708 0.32333332 0.8802083 0.33416668 0.90520835 0.33583334 0.92552084 0.34083334 0.9546875 0.34083334 0.9661458 0.335 0.97552085 0.32166666 0.9770833 0.30833334
17 0.06614583 1.0 0.10364583 0.94416666 0.11354167 0.9291667 0.13020833 0.92833334 0.14322917 0.9525 0.15625 0.97333336 0.175 1.0
