14 0.26458332 0.4725 0.26979166 0.48 0.2765625 0.4775 0.38125 0.62416667 0.41875 0.68333334 0.41770834 0.69916666 0.43020833 0.7175 0.43958333 0.7008333 0.4734375 0.635 0.48125 0.62916666 0.4734375 0.6116667 0.43541667 0.58416665 0.41145834 0.54833335 0.32447916 0.43416667 0.31510416 0.42666668 0.31614584 0.415 0.31145832 0.39333335 0.303125 0.39833334 0.28333333 0.42416668 0.27447918 0.435 0.26822916 0.4575
14 0.45729166 0.58 0.43645832 0.5858333 0.41979167 0.55833334 0.41197917 0.5225 0.453125 0.5683333
14 0.46875 0.5883333 0.45052084 0.56666666 0.40416667 0.5108333 0.3375 0.42333335 0.3203125 0.43166667 0.31510416 0.42583334 0.325 0.4 0.33697918 0.34833333 0.33489582 0.31583333 0.35416666 0.32333332 0.36354166 0.35166666 0.42552084 0.43416667 0.49895832 0.525 0.51770836 0.53833336 0.5286458 0.54083335 0.52239585 0.5516667 0.48333332 0.6308333 0.47916666 0.62333333 0.471875 0.6075 0.4703125 0.5941667
14 0.54270834 0.58166665 0.52760416 0.59166664 0.5083333 0.6041667 0.49635416 0.6066667 0.484375 0.6308333 0.48020834 0.6275 0.4734375 0.6358333 0.44375 0.695 0.5239583 0.68333334 0.5317708 0.685 0.52916664 0.69916666 0.53541666 0.7 0.5390625 0.68833333 0.54114586 0.6383333 0.54114586 0.5933333
14 0.37760416 0.24083333 0.4203125 0.23333333 0.4484375 0.2225 0.44739583 0.2325 0.43385416 0.25833333 0.45 0.39416668 0.45833334 0.47333333 0.3984375 0.39666668 0.390625 0.3175 0.38125 0.25416666
14 0.640625 0.53583336 0.6609375 0.54333335 0.64947915 0.5258333 0.64635414 0.5233333
14 0.62291664 0.495 0.6453125 0.52166665 0.6510417 0.52916664 0.66770834 0.5516667 0.684375 0.5675 0.6890625 0.5625 0.6953125 0.5475 0.7057292 0.49916667 0.74375 0.41083333 0.77239585 0.34666666 0.80104166 0.2825 0.809375 0.27 0.82135415 0.26416665 0.8286458 0.255 0.83229166 0.24333334 0.8171875 0.22 0.78489584 0.18333334 0.77447915 0.17416666 0.7640625 0.18583333 0.75989586 0.20916666 0.7546875 0.23333333 0.73854166 0.27083334 0.66041666 0.435 0.65416664 0.45166665 0.63645834 0.47083333 0.63177085 0.4775
14 0.7390625 0.23166667 0.73802084 0.23583333 0.7395833 0.2425 0.725 0.295 0.73645836 0.27416667 0.75 0.24166666 0.74427086 0.235
14 0.75 0.4175 0.7057292 0.56166667 0.6979167 0.57916665 0.68854165 0.58666664 0.68645835 0.57666665 0.68854165 0.56166667 0.69322914 0.55083334 0.70625 0.49833333 0.74322915 0.41166666 0.7546875 0.38833332 0.7578125 0.395
14 0.8130208 0.29416665 0.82395834 0.26333332 0.8177083 0.26583335 0.809375 0.29416665 0.7994792 0.29833335 0.7885417 0.30916667 0.75989586 0.38166666 0.75208336 0.415 0.7234375 0.5058333 0.7046875 0.5683333 0.709375 0.5975 0.71302086 0.6125 0.72291666 0.62083334 0.72083336 0.6125 0.71458334 0.60583335 0.7161458 0.5991667 0.7296875 0.59166664 0.73645836 0.58166665 0.7604167 0.50416666 0.80885416 0.36166668 0.81875 0.32583332 0.8203125 0.31333333 0.815625 0.30166668
14 0.31354168 0.6016667 0.33072916 0.5991667 0.3453125 0.6125 0.3734375 0.6125 0.4171875 0.6816667 0.41770834 0.695 0.35885417 0.7033333 0.33333334 0.72 0.31458333 0.72083336 0.31354168 0.6175
