19 0.1734375 0.41083333 0.118229166 0.5258333 0.072916664 0.63 0.07760417 0.6508333 0.102604166 0.67333335 0.14739583 0.72083336 0.18385416 0.765 0.19427083 0.7658333 0.20208333 0.75083333 0.2515625 0.63166666 0.3 0.53 0.3 0.5175 0.29114583 0.50333333 0.28385416 0.495 0.25052083 0.535 0.24479167 0.53833336 0.23489584 0.53583336
19 0.39375 0.69166666 0.34270832 0.6791667 0.2421875 0.655 0.20364584 0.7475 0.19895834 0.78833336 0.18854167 0.8725 0.19479166 0.8833333 0.20052083 0.88666666 0.30729166 0.91083336 0.37239584 0.92333335 0.37916666 0.9125 0.38177082 0.905 0.4 0.715 0.39791667 0.6975
19 0.49270833 0.71666664 0.440625 0.7316667 0.4359375 0.745 0.43697917 0.7575 0.44479167 0.8375 0.44635418 0.89916664 0.4484375 0.955 0.46145833 0.96416664 0.60572916 0.93416667 0.62864584 0.925 0.6359375 0.91583335 0.63489586 0.88666666 0.60729164 0.8666667 0.57239586 0.8283333 0.49479166 0.77 0.48541668 0.75916666 0.48385417 0.7425 0.49010417 0.72583336
19 0.5421875 0.56083333 0.49114582 0.7216667 0.4828125 0.74333334 0.48645833 0.75916666 0.5 0.775 0.5729167 0.8283333 0.6078125 0.8675 0.6453125 0.8933333 0.653125 0.8858333 0.7078125 0.70666665 0.70625 0.70166665 0.6791667 0.7425 0.6703125 0.7425 0.66041666 0.73083335 0.6401042 0.6933333 0.5765625 0.59833336 0.5729167 0.585 0.575 0.5725 0.5546875 0.5566667
19 0.41666666 0.07416666 0.41197917 0.07416666 0.40520832 0.08416667 0.37916666 0.19166666 0.33645833 0.33083335 0.3375 0.34916666 0.3484375 0.36083335 0.45833334 0.44333333 0.4671875 0.43916667 0.47916666 0.40166667 0.5395833 0.20083334 0.54375 0.18166667 0.54010415 0.16583334 0.5171875 0.1475 0.42239583 0.07666667
19 0.60260415 0.155 0.59583336 0.15333334 0.53697914 0.16333333 0.54010415 0.16583334 0.54375 0.1825 0.5395833 0.20083334 0.48020834 0.3975 0.48385417 0.46166667 0.48802084 0.47083333 0.496875 0.47833332 0.50885415 0.47583333 0.6203125 0.45666668 0.578125 0.415 0.565625 0.40333334 0.56354165 0.39416668 0.5630208 0.38666666 0.565625 0.3725 0.5729167 0.35833332 0.6171875 0.2525 0.6098958 0.16083333
19 0.66041666 0.15 0.65625 0.15583333 0.60729164 0.27666667 0.57395834 0.35666665 0.56875 0.36666667 0.565625 0.37333333 0.5625 0.38666666 0.56354165 0.395 0.56614584 0.40416667 0.56927085 0.40666667 0.6197917 0.45583335 0.6380208 0.4775 0.68385416 0.40166667 0.6958333 0.3875 0.69947916 0.38333333 0.70625 0.38083333 0.7135417 0.38333333 0.71875 0.39166668 0.7260417 0.40333334 0.7703125 0.2975 0.775 0.27666667 0.7729167 0.26666668 0.7640625 0.25416666 0.73229164 0.22333333 0.6979167 0.18333334 0.6734375 0.15416667 0.66510415 0.14916667
19 0.7338542 0.41583332 0.7140625 0.38416666 0.70625 0.38083333 0.7 0.3825 0.684375 0.4 0.6302083 0.49166667 0.5734375 0.5783333 0.5729167 0.58416665 0.57708335 0.59833336 0.5833333 0.6091667 0.6432292 0.6975 0.66041666 0.73083335 0.6703125 0.7425 0.6796875 0.7416667 0.71458334 0.68833333 0.78229165 0.57916665 0.80572915 0.54 0.80625 0.53333336 0.803125 0.5225 0.7864583 0.49666667
19 0.76666665 0.32333332 0.7630208 0.315 0.7260417 0.4025 0.734375 0.41666666 0.759375 0.45583335 0.803125 0.5225 0.80625 0.53333336 0.80572915 0.54 0.746875 0.63666666 0.7609375 0.66333336 0.7708333 0.6675 0.778125 0.6616667 0.8697917 0.535 0.8744792 0.5158333 0.8619792 0.48833334 0.7703125 0.33166668
19 0.2375 0.17166667 0.23177083 0.17416666 0.14739583 0.27666667 0.12708333 0.3025 0.1265625 0.315 0.15885417 0.38166666 0.18489583 0.4325 0.22760417 0.52 0.23489584 0.5366667 0.24479167 0.53833336 0.253125 0.53333336 0.34895834 0.41166666 0.3515625 0.40333334 0.35104167 0.39083335 0.3453125 0.37166667 0.31614584 0.31583333 0.30208334 0.28916666 0.26145834 0.20583333 0.24739583 0.17583333
