14 0.5598958 0.5933333 0.5640625 0.57916665 0.5786458 0.5075 0.63125 0.55 0.625 0.565 0.6088542 0.62916666 0.6015625 0.62666667 0.5864583 0.63166666 0.5885417 0.63916665 0.59375 0.6475 0.59375 0.65833336 0.59375 0.6666667 0.596875 0.68083334 0.59375 0.68083334 0.5786458 0.67583334 0.5364583 0.65 0.5364583 0.64666665 0.5395833 0.62916666 0.5421875 0.6191667 0.553125 0.60333335
14 0.62604165 0.5683333 0.6333333 0.55083334 0.64166665 0.55583334 0.6515625 0.56 0.65416664 0.565 0.66875 0.5908333 0.66875 0.5941667 0.6822917 0.6075 0.68125 0.60833335 0.6635417 0.6141667 0.6411458 0.58666664 0.6265625 0.5708333
14 0.71666664 0.51666665 0.71666664 0.5416667 0.71302086 0.5525 0.7057292 0.56666666 0.70208335 0.58 0.7036458 0.585 0.7015625 0.6 0.6859375 0.60583335 0.6880208 0.59833336 0.7109375 0.5283333
14 0.68072915 0.34833333 0.6958333 0.36166668 0.69739586 0.36916667 0.69895834 0.38416666 0.7015625 0.38833332 0.70729166 0.39333335 0.7125 0.4 0.7182292 0.41 0.7234375 0.41916665 0.7234375 0.42583334 0.7192708 0.49166667 0.71510416 0.48833334 0.70625 0.48333332 0.703125 0.48166665 0.6848958 0.4775 0.6791667 0.47916666 0.678125 0.475 0.63854164 0.44666666 0.6359375 0.4425 0.6380208 0.4375 0.65052086 0.41416666 0.65989584 0.3875 0.6703125 0.36583334 0.67604166 0.355
14 0.6203125 0.30416667 0.63385415 0.31333333 0.63854164 0.31916666 0.64947915 0.32666665 0.6567708 0.32916668 0.6645833 0.3325 0.6890625 0.35 0.6880208 0.35333332 0.68072915 0.34916666 0.67604166 0.35416666 0.6703125 0.36416668 0.6588542 0.39 0.6510417 0.41333333 0.6375 0.4375 0.6354167 0.44416666 0.6015625 0.42 0.62135416 0.3475 0.6223958 0.34083334 0.6197917 0.31666666 0.6197917 0.30833334
14 0.50677085 0.33916667 0.52552086 0.36333334 0.53020835 0.36916667 0.5375 0.37166667 0.54583335 0.37916666 0.60260415 0.42166665 0.6380208 0.44583333 0.6770833 0.475 0.6791667 0.47916666 0.68541664 0.4775 0.703125 0.48166665 0.71458334 0.48833334 0.7192708 0.4925 0.7171875 0.5133333 0.7161458 0.5183333 0.7109375 0.5283333 0.68958336 0.5933333 0.68645835 0.60583335 0.6869792 0.60583335 0.68541664 0.61 0.6828125 0.6066667 0.6692708 0.5941667 0.66875 0.5908333 0.653125 0.56333333 0.6515625 0.56 0.6411458 0.55583334 0.63177085 0.55 0.62916666 0.54833335 0.58697915 0.515 0.57604164 0.505 0.5104167 0.45666668 0.48802084 0.4425 0.48541668 0.445 0.47760418 0.44916666 0.47604167 0.44833332 0.47708333 0.43083334 0.47864583 0.42583334 0.49375 0.3725 0.50416666 0.34
14 0.8109375 0.6558333 0.80885416 0.68 0.80677086 0.68583333 0.80364585 0.685 0.7973958 0.67583334 0.7895833 0.65833336 0.8072917 0.65166664 0.8119792 0.65
14 0.8229167 0.5441667 0.84479165 0.5725 0.86614585 0.58 0.86927086 0.5925 0.87291664 0.6016667 0.86510414 0.6166667 0.8541667 0.64666665 0.83958334 0.69166666 0.8354167 0.6925 0.8307292 0.68666667 0.821875 0.6791667 0.81927085 0.675 0.815625 0.6666667 0.815625 0.6641667 0.8119792 0.65 0.8151042 0.6483333 0.82239586 0.6425 0.8276042 0.6558333 0.83125 0.65416664 0.834375 0.645 0.8208333 0.55 0.8203125 0.5391667
14 0.78125 0.49083334 0.81875 0.5375 0.809375 0.5375 0.81041664 0.5441667 0.7963542 0.56 0.778125 0.5683333 0.778125 0.5341667 0.7807292 0.49166667
14 0.84270835 0.30583334 0.8463542 0.31416667 0.85052085 0.3225 0.85625 0.3325 0.86145836 0.33916667 0.8671875 0.345 0.88125 0.35416666 0.89427084 0.36416668 0.9 0.3625 0.9010417 0.36583334 0.896875 0.37416667 0.8911458 0.37833333 0.8822917 0.39083335 0.8802083 0.40166667 0.87708336 0.41166666 0.8484375 0.51166666 0.83489585 0.56 0.8234375 0.545 0.8197917 0.53833336 0.81822914 0.53583336 0.79010415 0.50166667 0.80260414 0.45583335 0.82708335 0.36833334 0.8296875 0.35333332 0.8307292 0.33833334 0.83020836 0.32916668 0.8296875 0.32166666 0.8390625 0.30833334
14 0.79791665 0.27666667 0.8020833 0.28083333 0.80364585 0.28583333 0.80885416 0.29083332 0.8151042 0.2975 0.825 0.30916667 0.82447916 0.31333333 0.8151042 0.33583334 0.80885416 0.34166667 0.790625 0.365 0.79114586 0.3475 0.7921875 0.3225 0.79583335 0.28583333 0.7963542 0.27583334
14 0.7369792 0.23333333 0.7421875 0.23583333 0.7604167 0.24583334 0.77760416 0.25666666 0.7973958 0.2675 0.7963542 0.27666667 0.7921875 0.3225 0.79010415 0.365 0.78125 0.48833334 0.78020835 0.4925 0.77760416 0.535 0.778125 0.5941667 0.771875 0.6075 0.75625 0.5925 0.746875 0.5808333 0.7265625 0.5566667 0.725 0.56166667 0.7192708 0.58 0.71510416 0.58166665 0.71666664 0.5441667 0.7171875 0.5158333 0.7171875 0.5125 0.71979165 0.48583335 0.72447914 0.41833332 0.7296875 0.34416667 0.73333335 0.28416666 0.734375 0.27083334 0.7348958 0.2625 0.73333335 0.25416666 0.7265625 0.25166667 0.7296875 0.23416667 0.7317708 0.23166667
14 0.71302086 0.3875 0.7291667 0.35 0.72447914 0.42083332 0.7125 0.39916667 0.70989585 0.39583334
14 0.62916666 0.62833333 0.68177086 0.6075 0.6859375 0.61 0.6869792 0.60583335 0.746875 0.58166665 0.75989586 0.59583336 0.77135414 0.6075 0.778125 0.59583336 0.778125 0.56916666 0.7963542 0.56 0.81041664 0.5441667 0.809375 0.5375 0.8203125 0.53833336 0.8203125 0.5491667 0.8328125 0.63416666 0.834375 0.6458333 0.8307292 0.65416664 0.8276042 0.6558333 0.8229167 0.6425 0.815625 0.6483333 0.80052084 0.65416664 0.7609375 0.6691667 0.6401042 0.71166664 0.63489586 0.7175 0.6223958 0.7225 0.6197917 0.73 0.61614585 0.73083335 0.6119792 0.7266667 0.6088542 0.71416664 0.6 0.6825 0.5932292 0.6483333 0.58802086 0.6375 0.5864583 0.63166666 0.59375 0.62833333 0.6020833 0.62666667 0.60572916 0.62833333 0.6166667 0.635 0.62291664 0.62916666
