18 0.3125 0.14333333 0.31614584 0.13166666 0.32239583 0.123333335 0.328125 0.12083333 0.39479166 0.11666667 0.43958333 0.115 0.44791666 0.12666667 0.45208332 0.13666667 0.45104167 0.28166667 0.45052084 0.32166666 0.45052084 0.38 0.453125 0.4225 0.45260417 0.4375 0.44947916 0.4475 0.44114584 0.46 0.43385416 0.465 0.35104167 0.4625 0.32395834 0.4625 0.31875 0.4575 0.31197917 0.4475 0.31041667 0.44 0.31302083 0.41333333 0.31614584 0.39083335 0.31666666 0.37333333 0.31770834 0.3375 0.31666666 0.30333334 0.31458333 0.27083334 0.3125 0.235 0.3125 0.1875 0.31145832 0.1575
18 0.5182292 0.064166665 0.521875 0.0475 0.52760416 0.04083333 0.5338542 0.0375 0.53697914 0.035833333 0.56354165 0.050833333 0.5833333 0.061666667 0.6109375 0.0775 0.70520836 0.12916666 0.72239584 0.13916667 0.72760415 0.14666666 0.728125 0.16 0.70729166 0.26833335 0.69739586 0.31 0.69114584 0.3375 0.6869792 0.34416667 0.678125 0.34833333 0.66614586 0.34583333 0.6479167 0.33583334 0.6510417 0.30166668 0.64739585 0.29083332 0.63958335 0.27916667 0.6046875 0.27333334 0.5171875 0.2575 0.5 0.2475 0.490625 0.24 0.48489583 0.23166667 0.48229167 0.21833333 0.4828125 0.20666666 0.4875 0.19583334 0.49166667 0.1775 0.49791667 0.15 0.50677085 0.119166665 0.5109375 0.09833334 0.515625 0.07833333
18 0.46041667 0.24916667 0.50104165 0.25583333 0.51927084 0.25833333 0.578125 0.26833335 0.6390625 0.27916667 0.646875 0.28916666 0.6510417 0.30333334 0.6484375 0.335 0.64427084 0.37916666 0.64270836 0.40916666 0.63958335 0.4325 0.63177085 0.43333334 0.62708336 0.43833333 0.60520834 0.47416666 0.590625 0.49833333 0.55677086 0.49 0.52708334 0.48166665 0.50885415 0.48166665 0.4921875 0.475 0.48385417 0.47083333 0.47604167 0.47083333 0.46458334 0.47333333 0.4296875 0.4725 0.4234375 0.465 0.434375 0.46333334 0.44010416 0.46 0.44583333 0.4525 0.44947916 0.44583333 0.45260417 0.43833333 0.45260417 0.4225 0.45 0.37666667 0.4515625 0.2475
18 0.16458334 0.5933333 0.16197917 0.54583335 0.16145833 0.50333333 0.165625 0.48916668 0.175 0.47916666 0.18177083 0.47583333 0.20572917 0.47583333 0.23020834 0.47166666 0.23541667 0.47 0.24270834 0.46666667 0.3140625 0.45166665 0.3234375 0.46166667 0.38020834 0.46333334 0.38541666 0.555 0.38697916 0.5833333 0.3875 0.6191667 0.3875 0.645 0.384375 0.6558333 0.37916666 0.6675 0.37239584 0.67083335 0.334375 0.6766667 0.2796875 0.6791667 0.25625 0.6775 0.24427083 0.68416667 0.22447917 0.69083333 0.1984375 0.7008333 0.18125 0.6983333 0.17552084 0.68916667 0.17083333 0.67833334 0.16875 0.66083336 0.16666667 0.62666667
18 0.40416667 0.5125 0.415625 0.51166666 0.43229166 0.49916667 0.43958333 0.49333334 0.45833334 0.48 0.47135416 0.4725 0.48489583 0.47166666 0.496875 0.4775 0.50364584 0.5175 0.5078125 0.5375 0.5182292 0.5758333 0.52447915 0.60333335 0.4890625 0.6625 0.48697916 0.6725 0.48697916 0.68333334 0.48958334 0.6933333 0.4921875 0.6983333 0.45416668 0.72083336 0.43020833 0.73333335 0.4328125 0.7133333 0.434375 0.695 0.43854168 0.6475 0.43802083 0.6333333 0.4328125 0.6175 0.4296875 0.6141667 0.38697916 0.6091667 0.38697916 0.57416666 0.38385418 0.51916665 0.3921875 0.51416665
18 0.29791668 0.94416666 0.31302083 0.9433333 0.3265625 0.94916666 0.38802084 0.955 0.40625 0.9575 0.41302082 0.95166665 0.41770834 0.9425 0.4203125 0.93416667 0.42395833 0.90416664 0.42604166 0.8183333 0.42760417 0.7866667 0.42916667 0.7425 0.43020833 0.7325 0.43333334 0.7075 0.43802083 0.6525 0.4375 0.6325 0.43229166 0.6175 0.42864582 0.61333334 0.38697916 0.6091667 0.38802084 0.64666665 0.38385418 0.6575 0.37916666 0.6675 0.37239584 0.6716667 0.3484375 0.675 0.29583332 0.6791667 0.28854167 0.7733333 0.2828125 0.8641667 0.2796875 0.9066667 0.28177083 0.9275 0.28697917 0.93666667
18 0.5104167 0.5341667 0.5203125 0.52416664 0.5307292 0.5125 0.5385417 0.50333333 0.5515625 0.48833334 0.58958334 0.49916667 0.525 0.6025 0.51145834 0.55083334 0.5083333 0.5366667
18 0.5208333 0.7425 0.49166667 0.6975 0.48697916 0.68333334 0.48697916 0.6716667 0.4890625 0.6616667 0.525 0.60333335 0.5265625 0.6 0.58958334 0.49916667 0.5911458 0.49833333 0.6223958 0.44833332 0.63125 0.43416667 0.63489586 0.4325 0.6432292 0.43166667 0.6671875 0.4725 0.7135417 0.55 0.72239584 0.56666666 0.725 0.575 0.72239584 0.59166664 0.69322914 0.63666666 0.6802083 0.6575 0.66614586 0.69 0.6510417 0.72 0.640625 0.7366667 0.60833335 0.7991667 0.59375 0.8233333 0.5875 0.8275 0.57604164 0.8275 0.56927085 0.81583333 0.53802085 0.7683333
18 0.47083333 0.72333336 0.47604167 0.8125 0.47916666 0.8541667 0.48489583 0.9266667 0.4890625 0.93333334 0.496875 0.94166666 0.52552086 0.9375 0.5703125 0.9275 0.6125 0.9166667 0.6203125 0.9058333 0.6234375 0.8933333 0.6171875 0.8525 0.6098958 0.8175 0.6088542 0.81416667 0.603125 0.815 0.6015625 0.81 0.59375 0.8233333 0.5875 0.8275 0.57604164 0.8283333 0.5520833 0.79 0.5171875 0.7366667 0.4921875 0.6975 0.47083333 0.7108333
18 0.7046875 0.28 0.71458334 0.28833333 0.7234375 0.30166668 0.7348958 0.3075 0.74583334 0.305 0.75364584 0.3075 0.76770836 0.31583333 0.7760417 0.3275 0.77916664 0.34083334 0.77135414 0.38583332 0.75625 0.45583335 0.74375 0.515 0.73802084 0.5225 0.73020834 0.52666664 0.7192708 0.5233333 0.68385416 0.49916667 0.64375 0.43166667 0.63958335 0.4325 0.6432292 0.405 0.6479167 0.33583334 0.66822916 0.34666666 0.6765625 0.34916666 0.68645835 0.345 0.69166666 0.3375
18 0.7239583 0.5308333 0.721875 0.5416667 0.7192708 0.5491667 0.7161458 0.5541667 0.68385416 0.49916667 0.7192708 0.5233333 0.72291666 0.52416664
18 0.79322916 0.37916666 0.778125 0.395 0.7651042 0.41166666 0.74427086 0.51416665 0.73802084 0.5225 0.73020834 0.52666664 0.72291666 0.52416664 0.7239583 0.5316667 0.721875 0.5416667 0.7192708 0.54833335 0.7161458 0.5541667 0.7213542 0.56333333 0.7234375 0.5683333 0.72552085 0.57416666 0.72291666 0.59166664 0.6979167 0.63 0.6796875 0.6575 0.6744792 0.67083335 0.7192708 0.74833333 0.7239583 0.75333333 0.7338542 0.7525 0.7375 0.74916667 0.7786458 0.6875 0.8171875 0.62833333 0.84583336 0.585 0.87135416 0.5441667 0.875 0.53833336 0.8802083 0.5283333 0.88125 0.51666665 0.87864584 0.50416666 0.8640625 0.4825 0.83958334 0.45333335 0.83385414 0.45166665 0.8276042 0.45916668 0.8229167 0.445 0.82239586 0.43083334 0.81822914 0.40916666 0.80885416 0.3875 0.8 0.37916666 0.7963542 0.37916666
18 0.6744792 0.68333334 0.68958336 0.77416664 0.6947917 0.8025 0.7036458 0.85583335 0.7140625 0.9191667 0.7171875 0.9266667 0.7270833 0.935 0.8052083 0.9033333 0.84166664 0.885 0.84947914 0.8725 0.85052085 0.86 0.8364583 0.79 0.83020836 0.775 0.8229167 0.7558333 0.81822914 0.72833335 0.8171875 0.72 0.8177083 0.68333334 0.81145835 0.6375 0.746875 0.735 0.73645836 0.75083333 0.72447914 0.75333333 0.71875 0.7475 0.6744792 0.67 0.671875 0.6766667
18 0.06458333 0.32583332 0.060416665 0.29916668 0.0640625 0.28583333 0.06875 0.27666667 0.086979166 0.27 0.10572917 0.26583335 0.125 0.25666666 0.16927083 0.24166666 0.20572917 0.2275 0.25520834 0.20416667 0.2609375 0.20166667 0.26614583 0.20166667 0.27708334 0.2125 0.28020832 0.225 0.2890625 0.27666667 0.3015625 0.3775 0.30364582 0.3975 0.30260417 0.40666667 0.29583332 0.4175 0.28541666 0.4275 0.19583334 0.45916668 0.15989584 0.46583334 0.134375 0.4825 0.103125 0.49583334 0.092708334 0.49083334 0.088541664 0.47833332 0.084895834 0.47166666 0.08125 0.4175 0.07604167 0.4 0.07395833 0.37 0.07395833 0.3625 0.069270834 0.345
