2 0.5864583 0.88666666 0.6713542 0.91 0.66302085 1.0 0.5671875 1.0
2 0.77708334 0.9175 0.7473958 0.95916665 0.7317708 0.9825 0.7171875 0.95666665 0.66197914 0.8591667 0.60520834 0.7558333 0.5765625 0.7033333 0.61822915 0.645 0.653125 0.595 0.6848958 0.5525 0.7114583 0.5208333 0.7135417 0.5208333 0.7546875 0.5975 0.83020836 0.7441667 0.78541666 0.77416664 0.7546875 0.8016667 0.7552083 0.8066667 0.7583333 0.8125 0.7572917 0.82 0.7661458 0.8625
2 0.75625 0.8016667 0.78489584 0.77416664 0.8307292 0.745 0.84479165 0.73583335 0.86145836 0.7275 0.88645834 0.70666665 0.8989583 0.6975 0.90833336 0.69416666 0.91510415 0.72583336 0.9390625 0.8183333 0.96458334 0.9141667 0.99010414 1.0 0.79791665 1.0 0.78229165 0.93916667 0.77708334 0.9166667 0.7572917 0.81916666 0.7583333 0.81166667 0.7546875 0.80583334 0.7546875 0.8025
2 0.88385415 0.705 0.821875 0.6141667 0.7625 0.5341667 0.81666666 0.45833334 0.8640625 0.39666668 0.89375 0.3525 0.8776042 0.33 0.8625 0.30416667 0.85052085 0.27666667 0.8984375 0.345 0.92760414 0.38583332 0.971875 0.45166665 0.99791664 0.485 1.0 0.48833334 1.0 0.56083333 0.98333335 0.58416665 0.959375 0.6225 0.9453125 0.65166664 0.91197914 0.705 0.9088542 0.695 0.89947915 0.69666666 0.88489586 0.7083333
2 0.74635416 0.065 0.67604166 0.15416667 0.6354167 0.2075 0.61041665 0.2425 0.63697916 0.295 0.66875 0.36166668 0.6979167 0.42083332 0.72291666 0.46916667 0.74791664 0.52166665 0.7583333 0.5391667 0.76197916 0.5341667 0.8171875 0.45833334 0.8645833 0.39666668 0.89375 0.3525 0.87395835 0.32333332 0.8625 0.30333334 0.8484375 0.27333334 0.8130208 0.2025 0.78125 0.14166667 0.7640625 0.104166664 0.74791664 0.064166665
2 0.62864584 0.62916666 0.56927085 0.61333334 0.515625 0.5991667 0.47916666 0.5883333 0.49791667 0.42333335 0.51770836 0.25666666 0.5239583 0.2075 0.5619792 0.2175 0.59739584 0.2275 0.61510414 0.235 0.6098958 0.24166666 0.63854164 0.2975 0.659375 0.34166667 0.6822917 0.38916665 0.6765625 0.43916667 0.6713542 0.47166666 0.6614583 0.55083334 0.6567708 0.58916664 0.62916666 0.63
2 0.38541666 0.0 0.36197916 0.0058333334 0.33958334 0.0175 0.32083333 0.024166666 0.28958333 0.043333333 0.253125 0.06 0.2171875 0.07833333 0.21458334 0.0825 0.2296875 0.14583333 0.2796875 0.36416668 0.29322916 0.345 0.29739583 0.35 0.33385417 0.42 0.33958334 0.43333334 0.340625 0.43583333 0.36041668 0.42333335 0.3875 0.40666667 0.40677083 0.39333335 0.4421875 0.3775 0.47239584 0.36 0.42760417 0.15916666 0.39791667 0.031666666 0.3953125 0.024166666 0.3890625 0.0
2 0.15260416 0.5258333 0.21145834 0.45166665 0.28125 0.36166668 0.29270834 0.34416667 0.29739583 0.35 0.34427083 0.44166666 0.39479166 0.54333335 0.43697917 0.6308333 0.44739583 0.65833336 0.44583333 0.66083336 0.4046875 0.7075 0.34739584 0.7816667 0.31875 0.815 0.3125 0.8183333 0.30885416 0.81666666 0.29947916 0.8075 0.234375 0.68 0.190625 0.5908333 0.15677084 0.535
2 0.44166666 0.64 0.45885417 0.61 0.46510416 0.59583336 0.45572916 0.58 0.45104167 0.56583333 0.38802084 0.46416667 0.3609375 0.42333335 0.34166667 0.435 0.409375 0.5733333 0.4390625 0.635 0.44114584 0.64166665
2 0.34635416 0.7841667 0.353125 0.7941667 0.38020834 0.74916667 0.39479166 0.7216667
2 0.27552083 0.35083333 0.246875 0.405 0.27916667 0.365
2 0.4375 0.68833333 0.425 0.7425 0.421875 0.77416664 0.42083332 0.805 0.41354167 0.8566667 0.39739582 0.915 0.3828125 1.0 0.56614584 1.0 0.59166664 0.8516667 0.60364586 0.785 0.60729164 0.76166666 0.5963542 0.74083334 0.49791667 0.71 0.45416668 0.6958333 0.44427082 0.69083333
