19 0.565625 0.061666667 0.5578125 0.0625 0.55104166 0.075 0.48958334 0.21666667 0.478125 0.23916666 0.48020834 0.2425 0.48072916 0.24833333 0.47864583 0.24833333 0.47604167 0.24583334 0.46145833 0.27583334 0.459375 0.2825 0.4578125 0.295 0.459375 0.30333334 0.46354166 0.31166667 0.4953125 0.35 0.5484375 0.40916666 0.56145835 0.42333335 0.57239586 0.425 0.5786458 0.41666666 0.59583336 0.38083333 0.59166664 0.37416667 0.5932292 0.37083334 0.59739584 0.37333333 0.6177083 0.32333332 0.62916666 0.29583332 0.6625 0.2325 0.67395836 0.20666666 0.67604166 0.18916667 0.67291665 0.1775 0.6671875 0.17166667 0.5932292 0.09 0.56927085 0.0625
19 0.2859375 0.31416667 0.28020832 0.31916666 0.2765625 0.32833335 0.26770833 0.35833332 0.26302084 0.385 0.26302084 0.39083335 0.27447918 0.3975 0.3171875 0.43416667 0.3453125 0.46333334 0.36875 0.48166665 0.43177083 0.42583334 0.44270834 0.41583332 0.440625 0.41083333 0.4359375 0.40583333 0.32239583 0.3325 0.31979167 0.33833334 0.31770834 0.33916667 0.31614584 0.335 0.31666666 0.33 0.29322916 0.31416667
19 0.25833333 0.39 0.25 0.4025 0.24166666 0.43833333 0.24479167 0.44416666 0.24479167 0.45 0.2390625 0.4475 0.215625 0.5316667 0.19114584 0.62833333 0.19114584 0.64 0.19427083 0.65 0.21145834 0.6641667 0.22447917 0.6741667 0.24635416 0.68833333 0.27708334 0.7225 0.29479167 0.7441667 0.30208334 0.7425 0.30885416 0.7341667 0.32760417 0.66333336 0.36041668 0.5541667 0.35833332 0.55 0.359375 0.5475 0.36302084 0.5475 0.36822918 0.52416664 0.37447917 0.50416666 0.375 0.49666667 0.37291667 0.48666668 0.36927083 0.4825 0.34479168 0.4625 0.31927082 0.43583333 0.2890625 0.41 0.27604166 0.39833334 0.26302084 0.39083335
19 0.32708332 0.6766667 0.32447916 0.75083333 0.321875 0.7991667 0.3203125 0.84583336 0.3234375 0.8575 0.32760417 0.86333334 0.33125 0.8666667 0.35625 0.87 0.40572917 0.87083334 0.41875 0.87583333 0.4359375 0.8858333 0.44635418 0.88666666 0.4515625 0.88416666 0.4546875 0.88166666 0.45833334 0.87083334 0.45833334 0.8516667 0.459375 0.81166667 0.4171875 0.79 0.39479166 0.775 0.39010417 0.7658333 0.38854167 0.7575 0.38854167 0.75166667 0.39427084 0.725 0.38333333 0.7325 0.38177082 0.7316667 0.37604168 0.7316667 0.36979166 0.7266667 0.36510417 0.7133333 0.33854166 0.62583333 0.32760417 0.665
19 0.46302083 0.40166667 0.44270834 0.41583332 0.36875 0.48166665 0.37291667 0.48666668 0.375 0.49666667 0.375 0.5025 0.36875 0.5233333 0.36302084 0.5475 0.359375 0.5475 0.35833332 0.55 0.35989583 0.55333334 0.3390625 0.625 0.35052082 0.665 0.365625 0.715 0.36927083 0.72583336 0.37604168 0.7316667 0.38229167 0.7316667 0.38385418 0.7325 0.39427084 0.725 0.39947918 0.69666666 0.40625 0.6675 0.41822916 0.6016667 0.42447916 0.5683333 0.43020833 0.5566667 0.43489584 0.555 0.43958333 0.55583334 0.496875 0.58916664 0.53125 0.6075 0.534375 0.6 0.5338542 0.5858333 0.5296875 0.57166666 0.5229167 0.5566667 0.48697916 0.44083333 0.47447917 0.40583333 0.46979168 0.40166667 0.46666667 0.4
19 0.50885415 0.83666664 0.45833334 0.81083333 0.41927084 0.79083335 0.3953125 0.775 0.390625 0.76666665 0.38802084 0.75666666 0.38802084 0.75083333 0.3953125 0.72 0.41041666 0.6458333 0.42447916 0.5683333 0.43020833 0.5566667 0.43385416 0.555 0.43958333 0.55583334 0.46979168 0.5733333 0.5072917 0.5941667 0.5296875 0.6066667 0.5671875 0.6225 0.5671875 0.6275 0.56822914 0.6325 0.57135415 0.62916666 0.57239586 0.625 0.590625 0.635 0.6020833 0.63916665 0.6067708 0.6475 0.6088542 0.6533333 0.6088542 0.6666667 0.57708335 0.81583333 0.56875 0.8516667 0.5640625 0.85833335 0.55885416 0.86 0.52708334 0.8466667 0.52708334 0.84166664 0.525 0.8375 0.52239585 0.83916664 0.521875 0.8441667
19 0.4625 0.8491667 0.48385417 0.91 0.49114582 0.9125 0.49791667 0.91083336 0.5390625 0.8691667 0.55104166 0.8575 0.5265625 0.8466667 0.52708334 0.84166664 0.525 0.83666664 0.521875 0.84 0.52239585 0.8441667 0.50677085 0.8358333 0.459375 0.81083333 0.45885417 0.83916664
19 0.6046875 0.795 0.58958334 0.7575 0.57135415 0.84166664 0.5765625 0.8383333 0.59479165 0.8258333 0.6010417 0.82 0.6046875 0.81416667 0.60572916 0.80583334 0.60572916 0.7975
19 0.56145835 0.43583333 0.50885415 0.45083332 0.49166667 0.45583335 0.521875 0.55333334 0.5328125 0.58166665 0.534375 0.5875 0.534375 0.5991667 0.53125 0.6066667 0.5671875 0.62333333 0.56666666 0.6275 0.5677083 0.6333333 0.57135415 0.62833333 0.5729167 0.625 0.59270835 0.635 0.58229166 0.5341667 0.5765625 0.45583335 0.575 0.4475 0.56927085 0.43583333
19 0.2875 0.050833333 0.28072917 0.059166666 0.278125 0.068333335 0.27447918 0.105 0.26770833 0.22833334 0.2671875 0.255 0.26822916 0.26333332 0.27239582 0.26916668 0.2796875 0.275 0.30364582 0.27666667 0.30572918 0.27083334 0.3078125 0.27083334 0.30833334 0.2725 0.30833334 0.2775 0.33958334 0.28166667 0.37083334 0.28333333 0.39635417 0.28916666 0.43697917 0.295 0.44166666 0.29333332 0.44583333 0.28833333 0.45052084 0.27666667 0.45625 0.17083333 0.45989582 0.095 0.46041667 0.08 0.45833334 0.07 0.45 0.06 0.32395834 0.05 0.32083333 0.0575 0.31875 0.055833332 0.31875 0.05 0.29739583 0.05
