14 0.24479167 0.5325 0.2296875 0.5975 0.22083333 0.6116667 0.20989583 0.6325 0.20833333 0.6483333 0.21927084 0.6558333 0.23854166 0.6691667 0.24166666 0.6741667 0.24895833 0.6766667 0.26145834 0.68416667 0.26458332 0.685 0.26822916 0.69 0.28229168 0.67833334 0.28229168 0.6691667 0.27760416 0.6508333 0.28802082 0.6091667 0.29479167 0.5775 0.26927084 0.525
14 0.30052084 0.28083333 0.29427084 0.28916666 0.2890625 0.30416667 0.28958333 0.34166667 0.27864584 0.39083335 0.25625 0.48666668 0.26822916 0.50916666 0.26979166 0.5125 0.27291667 0.5208333 0.271875 0.52416664 0.27916667 0.51916665 0.28229168 0.51916665 0.29322916 0.5275 0.3015625 0.525 0.30572918 0.51916665 0.3109375 0.51416665 0.32708332 0.44333333 0.33697918 0.3975 0.33697918 0.39416668 0.34114584 0.3775 0.35885417 0.35166666 0.3578125 0.34 0.36041668 0.32666665 0.3421875 0.3175 0.328125 0.3125 0.31614584 0.29833335
14 0.39114583 0.41333333 0.38645834 0.42 0.38489583 0.43083334 0.37864584 0.45333335 0.39739582 0.44166666 0.40104166 0.43666667 0.39947918 0.4275
14 0.41927084 0.52 0.33229166 0.59583336 0.31302083 0.61333334 0.31145832 0.61583334 0.29947916 0.64166665 0.28541666 0.67583334 0.26614583 0.6925 0.25885418 0.6983333 0.25625 0.70666665 0.25885418 0.7075 0.2625 0.71 0.265625 0.7075 0.2921875 0.74583334 0.296875 0.7525 0.2984375 0.75916666 0.303125 0.765 0.303125 0.775 0.30677083 0.7866667 0.31354168 0.77916664 0.31979167 0.7683333 0.31822917 0.7608333 0.30989584 0.6933333 0.32291666 0.68416667 0.33229166 0.6825 0.34583333 0.68416667
14 0.48125 0.37166667 0.47864583 0.36583334 0.47291666 0.3525 0.46458334 0.37083334 0.45625 0.38166666 0.4546875 0.38916665 0.40104166 0.43666667 0.396875 0.44166666 0.37447917 0.45666668 0.31354168 0.5133333 0.30989584 0.5158333 0.309375 0.5158333 0.30677083 0.5183333 0.3015625 0.525 0.29375 0.5275 0.2828125 0.52 0.27916667 0.51916665 0.271875 0.52416664 0.26875 0.525 0.2953125 0.5783333 0.303125 0.5966667 0.30572918 0.6091667 0.30833334 0.61333334 0.30885416 0.61583334 0.31302083 0.61333334 0.421875 0.5175 0.46197918 0.48166665 0.48802084 0.45916668 0.4890625 0.45666668 0.49895832 0.46666667 0.5151042 0.45666668 0.5109375 0.4325 0.50416666 0.42666668 0.49427083 0.3975 0.48489583 0.3775
14 0.5625 0.6475 0.54375 0.6458333 0.5286458 0.6566667 0.5072917 0.6591667 0.35104167 0.685 0.34322917 0.68416667 0.33125 0.6816667 0.32291666 0.68416667 0.309375 0.6933333 0.31822917 0.76 0.32447916 0.7941667 0.3359375 0.7875 0.3421875 0.77666664 0.40416667 0.765 0.5364583 0.7425 0.54270834 0.745 0.54791665 0.74083334 0.5494792 0.7366667 0.56041664 0.73333335 0.565625 0.7291667
14 0.44479167 0.23666666 0.43802083 0.25666666 0.43802083 0.26666668 0.44322917 0.28416666 0.44635418 0.29416665 0.45260417 0.39083335 0.45416668 0.38916665 0.45625 0.38166666 0.46458334 0.37 0.4734375 0.3525 0.48125 0.37166667 0.49427083 0.39583334 0.50416666 0.42666668 0.50625 0.41333333 0.5005208 0.3 0.5026042 0.28666666 0.50677085 0.25416666 0.5046875 0.25416666 0.49895832 0.2575 0.49375 0.27333334 0.46875 0.26583335 0.45416668 0.255 0.45052084 0.25416666 0.44947916 0.245
14 0.45729166 0.48583335 0.465625 0.59 0.46927083 0.61583334 0.471875 0.6141667 0.471875 0.5925 0.475 0.5883333 0.49947917 0.60333335 0.51770836 0.6125 0.5265625 0.61333334 0.528125 0.5941667 0.5151042 0.56666666 0.5083333 0.46333334 0.5072917 0.46083334 0.49947917 0.4675 0.48854166 0.45666668 0.48802084 0.45833334
14 0.63697916 0.545 0.609375 0.56416667 0.5552083 0.5975 0.5421875 0.59166664 0.52760416 0.5975 0.5265625 0.61083335 0.53541666 0.6475 0.5375 0.64916664 0.54322916 0.6458333 0.5619792 0.6475 0.56458336 0.6933333 0.5703125 0.6983333 0.5828125 0.6816667 0.68541664 0.6166667 0.66875 0.5883333 0.6588542 0.5733333 0.64427084 0.56
14 0.740625 0.4675 0.73072916 0.47333333 0.728125 0.49333334 0.72239584 0.49583334 0.70104164 0.5075 0.70208335 0.51166666 0.709375 0.53333336 0.7260417 0.5575 0.74010414 0.57916665 0.7661458 0.58166665 0.74895835 0.5175 0.74322915 0.48083332
14 0.78489584 0.65 0.82239586 0.7083333 0.84166664 0.725 0.8463542 0.7341667 0.853125 0.73083335 0.85625 0.7375 0.84010416 0.7608333 0.80364585 0.7991667 0.8041667 0.80333334 0.81041664 0.81166667 0.80572915 0.81416667 0.7963542 0.7991667 0.7786458 0.7683333 0.7734375 0.7525 0.68541664 0.6166667 0.66875 0.5875 0.6588542 0.5733333 0.64427084 0.56 0.6375 0.54583335 0.63125 0.5308333 0.63489586 0.5325 0.6359375 0.5283333 0.67604166 0.47083333 0.68125 0.47 0.6869792 0.47583333 0.6927083 0.47916666 0.6947917 0.49 0.6984375 0.5 0.70104164 0.5083333 0.70885414 0.53333336 0.7296875 0.5625 0.740625 0.58
14 0.73072916 0.68666667 0.7203125 0.7191667 0.7161458 0.72083336 0.71666664 0.7158333 0.7109375 0.7216667 0.70729166 0.7325 0.7083333 0.7375 0.7203125 0.75416666 0.73854166 0.78333336 0.74375 0.79083335 0.7640625 0.80333334 0.76770836 0.795 0.76770836 0.7808333 0.7651042 0.77166665 0.7729167 0.7525
14 0.82239586 0.41916665 0.81145835 0.44333333 0.80677086 0.49083334 0.7984375 0.5125 0.77239585 0.58416665 0.76145834 0.6116667 0.7609375 0.6125 0.8 0.6741667 0.803125 0.6725 0.809375 0.66333336 0.84010416 0.5883333 0.86041665 0.53583336 0.8723958 0.5108333 0.88177085 0.50916666 0.89270836 0.48583335 0.88697916 0.47916666 0.8567708 0.45666668 0.83229166 0.43 0.825 0.41833332
14 0.83385414 0.84833336 0.8359375 0.87833333 0.83229166 0.8808333 0.8364583 0.89416665 0.8385417 0.9008333 0.8723958 0.87416667 0.903125 0.8516667 0.89947915 0.8425 0.8901042 0.8408333 0.8880208 0.8308333 0.88645834 0.8125 0.8442708 0.63166666 0.83489585 0.6 0.81458336 0.65166664 0.809375 0.66333336 0.80364585 0.6725 0.8 0.6741667 0.8203125 0.705 0.821875 0.7083333 0.8364583 0.72083336 0.84166664 0.725 0.8463542 0.7341667 0.853125 0.73083335 0.85625 0.7375 0.84010416 0.7608333 0.8265625 0.775 0.82135415 0.7808333 0.81822914 0.78583336 0.82708335 0.82166666
14 0.17291667 0.21916667 0.16770834 0.21916667 0.14375 0.23666666 0.0984375 0.26333332 0.1078125 0.285 0.10989583 0.2775 0.116145834 0.29 0.1734375 0.4425 0.20833333 0.535 0.21770833 0.5625 0.215625 0.56666666 0.22239584 0.5683333 0.221875 0.5566667 0.21927084 0.5366667 0.22239584 0.535 0.24010417 0.53333336 0.271875 0.52416664 0.27291667 0.5208333 0.26927084 0.51166666 0.25416666 0.48333332 0.24322917 0.45916668 0.19322917 0.31083333 0.16822916 0.245 0.175 0.24666667 0.17395833 0.2275
