14 0.5104167 0.25583333 0.51979166 0.24833333 0.55833334 0.21833333 0.56822914 0.21166667 0.56822914 0.22 0.56614584 0.25333333 0.56458336 0.25666666 0.5708333 0.26 0.58489585 0.30916667 0.59375 0.3425 0.5984375 0.35333332 0.6041667 0.375 0.5765625 0.355 0.575 0.3575 0.56875 0.3775 0.5651042 0.3725 0.5651042 0.36666667 0.56614584 0.3625 0.56458336 0.34666666 0.553125 0.31666666 0.5463542 0.30083334 0.54375 0.29833335 0.52552086 0.3125 0.5104167 0.2825 0.509375 0.27416667 0.5104167 0.265 0.5109375 0.25666666
14 0.48489583 0.28583333 0.5046875 0.27583334 0.509375 0.27416667 0.5104167 0.28333333 0.52552086 0.3125 0.48645833 0.36083335 0.48229167 0.3725 0.47447917 0.33166668 0.4671875 0.29333332
14 0.49166667 0.39083335 0.5026042 0.4 0.5203125 0.4225 0.54895836 0.47833332 0.55260414 0.48583335 0.5651042 0.44166666 0.5671875 0.43 0.56822914 0.42333335 0.565625 0.41833332 0.56614584 0.405 0.56822914 0.3775 0.565625 0.3725 0.56458336 0.36666667 0.56614584 0.36166668 0.5640625 0.34666666 0.553125 0.31583333 0.5463542 0.30083334 0.54375 0.2975 0.52552086 0.3125 0.48645833 0.36166668 0.48177084 0.37333333 0.4859375 0.38083333 0.4890625 0.3875
14 0.60729164 0.37666667 0.65052086 0.4 0.64375 0.43 0.63489586 0.44 0.6255208 0.45666668 0.6234375 0.455 0.6223958 0.46916667 0.6010417 0.55083334 0.5807292 0.63 0.5640625 0.6925 0.55625 0.7291667 0.559375 0.72833335 0.5630208 0.7366667 0.5609375 0.74083334 0.5572917 0.75166667 0.5515625 0.7633333 0.54375 0.76 0.5 0.74 0.48489583 0.735 0.48333332 0.7316667 0.4875 0.70416665 0.49375 0.69 0.50885415 0.6533333 0.51197916 0.6475 0.51927084 0.61333334 0.52916664 0.62 0.5359375 0.63 0.540625 0.6375 0.54375 0.6425 0.5484375 0.6425 0.5473958 0.6325 0.5473958 0.61833334 0.55104166 0.60083336 0.5515625 0.59166664 0.56041664 0.5675 0.571875 0.5283333 0.5578125 0.52916664 0.5520833 0.5308333 0.5416667 0.52666664 0.553125 0.48583335 0.5651042 0.44166666 0.5671875 0.43083334 0.56822914 0.42416668 0.56614584 0.4175 0.56614584 0.40333334 0.56822914 0.3775 0.575 0.3575 0.57604164 0.355 0.60364586 0.375
14 0.59479165 0.5808333 0.60520834 0.6 0.61927086 0.62333333 0.6177083 0.64 0.6166667 0.6483333 0.62083334 0.6558333 0.634375 0.64 0.6692708 0.60083336 0.6770833 0.59166664 0.6796875 0.5833333 0.67760414 0.5725 0.6744792 0.57416666 0.67552084 0.585 0.6723958 0.5858333 0.6671875 0.58666664 0.66614586 0.5833333 0.65625 0.575 0.6453125 0.58 0.6432292 0.575 0.6390625 0.5725 0.63645834 0.57166666 0.6328125 0.57 0.6322917 0.5416667 0.6296875 0.53 0.6265625 0.5 0.625 0.47083333 0.6296875 0.47083333 0.628125 0.46083334 0.6255208 0.4575 0.6234375 0.45416668 0.6223958 0.46916667 0.6041667 0.5391667 0.59375 0.57916665
14 0.6302083 0.47 0.6390625 0.47 0.640625 0.47416666 0.6453125 0.4875 0.6625 0.48166665 0.69427085 0.47166666 0.77916664 0.44666666 0.79895836 0.44083333 0.8052083 0.435 0.8109375 0.42333335 0.81145835 0.41583332 0.8203125 0.41416666 0.821875 0.425 0.8255208 0.4625 0.82916665 0.48583335 0.828125 0.49916667 0.82916665 0.5275 0.82604164 0.52916664 0.81822914 0.52666664 0.8171875 0.5208333 0.7734375 0.53333336 0.71458334 0.555 0.65625 0.575 0.6453125 0.58 0.6432292 0.575 0.63958335 0.57166666 0.6328125 0.57 0.6322917 0.5416667 0.6296875 0.53 0.6265625 0.5 0.625 0.47 0.6296875 0.47083333 0.62916666 0.47
14 0.5072917 0.475 0.50416666 0.4575 0.50364584 0.44833332 0.49895832 0.43166667 0.490625 0.39 0.5026042 0.4 0.51979166 0.4225 0.55260414 0.48583335 0.5416667 0.5275 0.5140625 0.51416665 0.50989586 0.4875
14 0.36822918 0.15333334 0.37604168 0.15083334 0.39427084 0.14333333 0.4296875 0.12166667 0.43958333 0.11333334 0.44791666 0.14 0.44635418 0.16083333 0.45208332 0.195 0.45052084 0.19916667 0.453125 0.215 0.45416668 0.21833333 0.4671875 0.29333332 0.48177084 0.3725 0.49270833 0.42 0.50104165 0.4525 0.50208336 0.4575 0.5046875 0.45916668 0.50572914 0.46666667 0.50416666 0.47416666 0.49739584 0.48416665 0.49270833 0.49583334 0.49010417 0.50083333 0.48854166 0.5025 0.48489583 0.50333333 0.43958333 0.48166665 0.4375 0.47416666 0.43958333 0.4625 0.43541667 0.43416667 0.42916667 0.3875 0.42291668 0.36416668 0.415625 0.33166668 0.40572917 0.28416666 0.39895833 0.24416667 0.38697916 0.19916667 0.3828125 0.1825 0.37604168 0.1775 0.37552083 0.17166667 0.37447917 0.16666667 0.36875 0.15583333
14 0.36458334 0.1925 0.36927083 0.19083333 0.38385418 0.18833333 0.39895833 0.24416667 0.40520832 0.28083333 0.415625 0.3325 0.42291668 0.36416668 0.42916667 0.3875 0.43229166 0.48 0.37604168 0.455 0.37552083 0.40166667 0.37552083 0.28166667 0.3765625 0.26083332 0.371875 0.23666666 0.37083334 0.23 0.365625 0.2225 0.36458334 0.2025 0.36302084 0.19333333
14 0.396875 0.55583334 0.46458334 0.58916664 0.51197916 0.61 0.51927084 0.61333334 0.52916664 0.62 0.5442708 0.6425 0.5484375 0.6425 0.5473958 0.6325 0.5473958 0.6175 0.55104166 0.60083336 0.5515625 0.59166664 0.56041664 0.56666666 0.571875 0.5283333 0.5578125 0.52916664 0.5520833 0.5308333 0.5416667 0.52666664 0.54114586 0.5275 0.5140625 0.51416665 0.484375 0.50333333 0.43958333 0.48166665 0.43177083 0.48 0.37552083 0.455 0.3640625 0.4525 0.353125 0.45083332 0.34791666 0.45666668 0.34322917 0.45916668 0.34114584 0.46166667 0.34895834 0.46416667 0.35052082 0.465 0.35677084 0.46916667 0.35625 0.4775 0.35104167 0.48833334 0.334375 0.5208333 0.32708332 0.5366667 0.3359375 0.5425 0.34427083 0.5475 0.3578125 0.54333335 0.3609375 0.5425 0.38802084 0.55333334 0.39479166 0.5566667
14 0.37708333 0.56083333 0.39479166 0.5566667 0.36822918 0.545 0.36770833 0.5525 0.36927083 0.5566667 0.37291667 0.5575 0.37552083 0.56
14 0.44322917 0.68666667 0.4421875 0.5783333 0.46041667 0.5875 0.5005208 0.605 0.5015625 0.67083335 0.49375 0.69083333 0.48697916 0.705 0.48333332 0.7316667 0.48541668 0.73583335 0.5 0.74 0.50208336 0.7425 0.5015625 0.8066667 0.51145834 0.8283333 0.51197916 0.84833336 0.50989586 0.85333335 0.49583334 0.855 0.434375 0.8566667 0.434375 0.8283333 0.4390625 0.8066667 0.44583333 0.7783333 0.44375 0.6925
14 0.3 0.28916666 0.31145832 0.29666665 0.3140625 0.30833334 0.36510417 0.345 0.3625 0.34916666 0.36041668 0.3525 0.35520834 0.35333332 0.35 0.365 0.34322917 0.37 0.33958334 0.385 0.321875 0.43583333 0.30885416 0.4675 0.29427084 0.51916665 0.27291667 0.495 0.259375 0.4675 0.25833333 0.46 0.24635416 0.47666666 0.2546875 0.45 0.28125 0.36 0.28854167 0.34083334 0.29895833 0.305 0.3 0.29416665
14 0.2 0.5941667 0.20989583 0.58166665 0.21666667 0.56916666 0.22239584 0.5725 0.228125 0.56583333 0.240625 0.575 0.2671875 0.6066667 0.26875 0.6116667 0.26614583 0.6191667 0.26302084 0.6325 0.26145834 0.64166665 0.26354167 0.6475 0.26354167 0.6558333 0.259375 0.66833335 0.25677082 0.6691667 0.22552083 0.64416665 0.21145834 0.63416666 0.203125 0.6275 0.1984375 0.63 0.1921875 0.63 0.1953125 0.615 0.19895834 0.6
14 0.21666667 0.56666666 0.22395833 0.54833335 0.24635416 0.4775 0.25833333 0.46 0.259375 0.4675 0.27291667 0.495 0.29427084 0.51916665 0.29479167 0.5183333 0.32239583 0.5516667 0.3890625 0.6358333 0.4203125 0.6741667 0.42447916 0.67 0.43333334 0.6666667 0.43697917 0.6741667 0.425 0.69083333 0.403125 0.7191667 0.39635417 0.7275 0.39375 0.7325 0.40208334 0.74333334 0.40989584 0.7583333 0.409375 0.7608333 0.403125 0.7575 0.390625 0.74833333 0.371875 0.72833335 0.35364583 0.70666665 0.30520833 0.65 0.2671875 0.6066667 0.240625 0.575 0.228125 0.56583333 0.221875 0.5725 0.21666667 0.56916666
14 0.33645833 0.56666666 0.3390625 0.55833334 0.33958334 0.5441667 0.34427083 0.54833335 0.35729167 0.5441667 0.36822918 0.55333334 0.36927083 0.5575 0.37239584 0.5575 0.37708333 0.56166667 0.38072917 0.5683333 0.3921875 0.5808333 0.4015625 0.58666664 0.403125 0.5941667 0.40677083 0.6091667 0.40260416 0.6116667 0.39322916 0.6125 0.38854167 0.63416666 0.3359375 0.5683333
14 0.25208333 0.8183333 0.26510417 0.78583336 0.29010418 0.7175 0.30989584 0.6558333 0.35052082 0.7033333 0.3578125 0.71166664 0.34270832 0.75416666 0.31666666 0.8333333 0.31145832 0.85 0.30416667 0.8616667 0.30260417 0.865 0.30260417 0.89166665 0.30104166 0.8983333 0.30208334 0.9058333 0.29166666 0.93583333 0.27239582 0.9175 0.2265625 0.88 0.22395833 0.87666667 0.23541667 0.8491667 0.24895833 0.82666665
14 0.4515625 0.19666667 0.46197918 0.16083333 0.47604167 0.115 0.4890625 0.108333334 0.49427083 0.11416667 0.5052083 0.13666667 0.55364585 0.17833333 0.6635417 0.27083334 0.6666667 0.27583334 0.6723958 0.27333334 0.68385416 0.2775 0.68072915 0.28416666 0.65416664 0.36416668 0.6484375 0.38333333 0.64375 0.38083333 0.6421875 0.35833332 0.61145836 0.335 0.584375 0.30916667 0.5708333 0.25916666 0.56458336 0.25666666 0.56614584 0.25333333 0.56822914 0.22 0.56822914 0.21166667 0.55833334 0.21833333 0.51979166 0.24833333 0.49010417 0.22166666 0.47916666 0.21833333 0.46770832 0.2275 0.4609375 0.2225 0.45364583 0.215 0.45052084 0.19916667
