14 0.57447916 0.73083335 0.6328125 0.665 0.6671875 0.62416667 0.67864585 0.60833335 0.6848958 0.6016667 0.68385416 0.5975 0.6796875 0.5925 0.6880208 0.5883333 0.69322914 0.605 0.7125 0.66333336 0.72291666 0.68833333 0.725 0.7 0.7104167 0.7008333 0.70729166 0.69916666 0.6546875 0.75166667 0.5625 0.855 0.5598958 0.8575 0.5630208 0.8183333 0.58229166 0.74916667 0.57916665 0.745 0.5765625 0.74916667 0.5578125 0.75
14 0.53333336 0.8358333 0.5385417 0.88166666 0.54375 0.8825 0.5473958 0.87833333 0.55885416 0.86083335 0.5515625 0.8625 0.54114586 0.8375 0.53229165 0.8325 0.53229165 0.8325
14 0.72552085 0.67583334 0.7390625 0.69666666 0.7416667 0.7008333 0.740625 0.7033333 0.7390625 0.7033333 0.73802084 0.7058333 0.734375 0.7058333 0.734375 0.7133333 0.73020834 0.7133333 0.7291667 0.72083336 0.7265625 0.72 0.7265625 0.72333336 0.7260417 0.7266667 0.72291666 0.72833335 0.721875 0.735 0.71875 0.73583335 0.71875 0.7416667 0.7161458 0.74333334 0.71510416 0.75 0.7114583 0.74916667 0.7104167 0.75416666 0.7083333 0.75416666 0.70520836 0.7633333 0.703125 0.7633333 0.70208335 0.7708333 0.6984375 0.77166665 0.6979167 0.7758333 0.6958333 0.77916664 0.69375 0.78583336 0.6869792 0.7841667 0.67864585 0.7675 0.66614586 0.74083334 0.70677084 0.69916666 0.7104167 0.7 0.72552085 0.7 0.72291666 0.69 0.71979165 0.68
14 0.634375 0.5808333 0.66979164 0.6225 0.621875 0.6775 0.6020833 0.6575 0.60520834 0.6566667 0.61927086 0.6625 0.6197917 0.64916664 0.6244792 0.63166666 0.62395835 0.62583333 0.6328125 0.5825
14 0.4296875 0.465 0.5484375 0.51416665 0.5932292 0.5341667 0.6015625 0.5375 0.62604165 0.5341667 0.6411458 0.5425 0.63958335 0.5516667 0.6380208 0.55916667 0.6380208 0.56416667 0.63697916 0.5675 0.63489586 0.57416666 0.6333333 0.5775 0.6328125 0.5825 0.62395835 0.62583333 0.6244792 0.6325 0.6203125 0.6483333 0.61927086 0.6616667 0.596875 0.6525 0.57395834 0.62583333 0.51666665 0.59833336 0.40104166 0.55333334 0.39479166 0.56666666 0.390625 0.5625 0.38958332 0.53583336 0.3953125 0.5075 0.40677083 0.44666666 0.409375 0.44166666 0.42135417 0.45333335
14 0.5473958 0.46833333 0.55885416 0.47583333 0.565625 0.50666666 0.5890625 0.5316667 0.5885417 0.5325 0.52916664 0.505 0.53229165 0.4975 0.5338542 0.4925 0.5364583 0.48916668 0.54010415 0.47583333 0.5442708 0.46666667
14 0.3875 0.54 0.31770834 0.70666665 0.30416667 0.7291667 0.29010418 0.7316667 0.28645834 0.745 0.28333333 0.765 0.28854167 0.765 0.2921875 0.7658333 0.2984375 0.77166665 0.30260417 0.77666664 0.33958334 0.8233333 0.34270832 0.82916665 0.35364583 0.8066667 0.35520834 0.79583335 0.3703125 0.7316667 0.359375 0.72333336 0.35416666 0.72083336 0.353125 0.7 0.35572916 0.68583333 0.36041668 0.69166666 0.36822918 0.6566667 0.36875 0.6191667 0.36875 0.6175 0.375 0.62083334 0.396875 0.6475 0.40364584 0.6525 0.440625 0.56916666 0.40104166 0.55333334 0.39479166 0.56666666 0.390625 0.5625 0.38958332 0.5366667
14 0.41666666 0.23833333 0.48072916 0.33833334 0.5239583 0.4025 0.54270834 0.42333335 0.55052084 0.43 0.55104166 0.42833334 0.55104166 0.42333335 0.56354165 0.43666667 0.54791665 0.4675 0.54375 0.46666667 0.540625 0.475 0.5359375 0.49 0.53333336 0.49416667 0.53229165 0.49833333 0.5286458 0.5058333 0.509375 0.4975 0.5052083 0.49 0.45416668 0.42 0.38177082 0.31 0.35677084 0.29833335 0.34583333 0.2825 0.34427083 0.27583334 0.34427083 0.27166668 0.34739584 0.27166668 0.34739584 0.26333332 0.35364583 0.26 0.35364583 0.25666666 0.3578125 0.255 0.35677084 0.24916667 0.3609375 0.24833333 0.3609375 0.24 0.3640625 0.24083333 0.36614582 0.2325 0.36927083 0.23166667 0.37135416 0.22583333 0.37447917 0.22333333 0.375 0.21916667 0.378125 0.21583334 0.378125 0.21 0.3828125 0.20916666 0.38229167 0.2025 0.38489583 0.20333333 0.3875 0.19666667 0.38958332 0.195 0.3921875 0.1875 0.3953125 0.1875 0.4109375 0.21083333 0.41197917 0.23166667
14 0.38541666 0.1875 0.38802084 0.19083333 0.390625 0.19166666 0.38958332 0.195 0.38697916 0.19666667 0.38541666 0.20333333 0.38229167 0.2025 0.3828125 0.18583333 0.38385418 0.18583333
14 0.41510418 0.21416667 0.43645832 0.23833333 0.44947916 0.24833333 0.4484375 0.25166667 0.4359375 0.26916668 0.415625 0.23666666 0.41197917 0.2325 0.4109375 0.21166667
14 0.396875 0.34833333 0.34270832 0.5133333 0.34114584 0.5425 0.334375 0.56166667 0.33020833 0.55916667 0.32552084 0.5516667 0.31979167 0.5491667 0.3171875 0.5441667 0.3140625 0.5441667 0.31197917 0.54083335 0.30833334 0.5425 0.30729166 0.5366667 0.303125 0.5366667 0.30208334 0.53333336 0.296875 0.5308333 0.29166666 0.52166665 0.26875 0.49583334 0.271875 0.49 0.27864584 0.48416665 0.296875 0.46 0.35833332 0.3 0.38177082 0.30916667 0.40052083 0.3375
14 0.41927084 0.43333334 0.45052084 0.465 0.4625 0.47833332 0.43020833 0.465 0.42239583 0.45416668 0.41302082 0.44416666
14 0.37447917 0.62083334 0.39739582 0.64916664 0.409375 0.6566667 0.465625 0.69166666 0.54270834 0.7416667 0.54791665 0.7425 0.55677086 0.75 0.57604164 0.75 0.57916665 0.74583334 0.58229166 0.74833333 0.5630208 0.8175 0.5598958 0.86 0.5546875 0.8616667 0.5515625 0.8625 0.54114586 0.8383333 0.45572916 0.7841667 0.36770833 0.7291667 0.35416666 0.72083336 0.35260418 0.7 0.35520834 0.68583333 0.3609375 0.69166666 0.36822918 0.6558333 0.36875 0.6175
