20 0.66197914 0.5341667 0.6703125 0.5783333 0.6765625 0.6225 0.6765625 0.6533333 0.6515625 0.67083335 0.6015625 0.6825 0.56875 0.6983333 0.54322916 0.7 0.5208333 0.69416666 0.509375 0.695 0.48697916 0.70416665 0.47083333 0.7 0.43958333 0.7475 0.42916667 0.76666665 0.4296875 0.7583333 0.45208332 0.665 0.4734375 0.6425 0.5359375 0.62 0.5546875 0.5733333 0.6098958 0.56333333 0.6375 0.54333335 0.65989584 0.5316667
20 0.50104165 0.090833336 0.45364583 0.13333334 0.43385416 0.16333333 0.44947916 0.20083334 0.4765625 0.25 0.49166667 0.29166666 0.50416666 0.345 0.5005208 0.38 0.4828125 0.43416667 0.4859375 0.46333334 0.5083333 0.48083332 0.53333336 0.5125 0.5484375 0.5375 0.5546875 0.5708333 0.6088542 0.5625 0.6432292 0.54 0.6609375 0.5308333 0.68541664 0.49166667 0.6791667 0.4325 0.65 0.41583332 0.63645834 0.37083334 0.61302084 0.34 0.59375 0.30083334 0.58697915 0.2575 0.5734375 0.20333333 0.54895836 0.135 0.53489584 0.09 0.5182292 0.07666667 0.50104165 0.09166667
20 0.57135415 0.1825 0.60572916 0.19416666 0.640625 0.20333333 0.6848958 0.22416666 0.721875 0.23333333 0.74427086 0.24083333 0.753125 0.26583335 0.7447917 0.3325 0.70208335 0.37666667 0.6796875 0.39583334 0.66302085 0.42333335 0.65 0.41583332 0.63645834 0.37 0.61354166 0.34 0.59479165 0.30083334 0.5864583 0.25583333 0.571875 0.2 0.56875 0.1875
20 0.8932292 0.2025 0.85260415 0.25 0.8359375 0.27416667 0.8354167 0.2925 0.82239586 0.305 0.7973958 0.30583334 0.7796875 0.31083333 0.74583334 0.3325 0.6802083 0.39583334 0.6645833 0.42166665 0.678125 0.4325 0.68541664 0.4925 0.66041666 0.5316667 0.675 0.6016667 0.68385416 0.63 0.69947916 0.65166664 0.7291667 0.65416664 0.7630208 0.605 0.8 0.5625 0.82916665 0.52 0.859375 0.5025 0.8953125 0.46666667 0.9296875 0.43916667 0.95625 0.41083333 0.97864586 0.39416668 0.97083336 0.31833333 0.93958336 0.245 0.89947915 0.20083334
20 0.3828125 0.205 0.44114584 0.25 0.47447917 0.29916668 0.4984375 0.33916667 0.5026042 0.35416666 0.49947917 0.3825 0.48229167 0.43166667 0.48697916 0.4625 0.44895834 0.45333335 0.40572917 0.46416667 0.39166668 0.48833334 0.353125 0.52666664 0.32395834 0.5675 0.2609375 0.62166667 0.25 0.62583333 0.2546875 0.655 0.2703125 0.69916666 0.2765625 0.72333336 0.28697917 0.79083335 0.31510416 0.8566667 0.30989584 0.87416667 0.29270834 0.875 0.26614583 0.8491667 0.22447917 0.8075 0.190625 0.7816667 0.15729167 0.75166667 0.1671875 0.7183333 0.2109375 0.6175 0.2390625 0.5441667 0.25416666 0.49916667 0.2828125 0.4125 0.2984375 0.385 0.33645833 0.29083332 0.353125 0.25166667 0.37395832 0.21916667
20 0.30364582 0.15083334 0.29583332 0.10166667 0.29895833 0.068333335 0.31041667 0.035 0.33802083 0.025 0.36302084 0.0175 0.3890625 0.015833333 0.42916667 0.029166667 0.45 0.039166667 0.4578125 0.0575 0.4578125 0.0725 0.44739583 0.06916667 0.45260417 0.0975 0.4515625 0.13833334 0.43385416 0.16166666 0.446875 0.1975 0.47708333 0.25 0.49322918 0.295 0.4984375 0.32083333 0.50364584 0.35083333 0.4984375 0.33666667 0.44270834 0.25083333 0.38385418 0.205 0.36822918 0.18416667 0.3421875 0.16 0.32447916 0.155 0.30625 0.155
20 0.24479167 0.015833333 0.26041666 0.083333336 0.2796875 0.14333333 0.28854167 0.17666666 0.30572918 0.15666667 0.32395834 0.15666667 0.34322917 0.16083333 0.36927083 0.18583333 0.3828125 0.20333333 0.35364583 0.24833333 0.31510416 0.34583333 0.29635417 0.3875 0.196875 0.28083333 0.1546875 0.19416666 0.12291667 0.12916666 0.098958336 0.0725 0.12083333 0.0275 0.128125 0.0 0.1796875 0.0 0.21510416 0.0
20 0.08645833 0.08416667 0.053125 0.0475 0.0359375 0.0475 0.0046875 0.1325 0.0015625 0.295 0.038541667 0.33083335 0.098958336 0.3875 0.13333334 0.39833334 0.18854167 0.43 0.2328125 0.43916667 0.26145834 0.47916666 0.28229168 0.41333333 0.29583332 0.38833332 0.19635417 0.28166667 0.10625 0.093333334 0.096875 0.086666666 0.091145836 0.0875
20 0.011979166 0.56416667 0.098958336 0.56666666 0.16510417 0.57666665 0.2328125 0.56666666 0.25677082 0.4875 0.23541667 0.43916667 0.18489583 0.43 0.13229166 0.39916667 0.09739583 0.38583332 0.0067708334 0.30083334 0.003125 0.5325
20 0.25677082 0.62583333 0.30520833 0.5833333 0.32447916 0.5683333 0.353125 0.5258333 0.3921875 0.48833334 0.40520832 0.46416667 0.44895834 0.45166665 0.48802084 0.4625 0.50625 0.47833332 0.5265625 0.50166667 0.54791665 0.54083335 0.5541667 0.57166666 0.53541666 0.62 0.5052083 0.6308333 0.47291666 0.6425 0.45260417 0.66333336 0.42864582 0.7583333 0.40052083 0.8125 0.36302084 0.8566667 0.33802083 0.9025 0.31041667 0.8433333 0.28645834 0.7891667 0.27552083 0.7175 0.25364584 0.65166664 0.25104168 0.62666667
