2 0.34010416 0.69166666 0.32708332 0.7 0.29739583 0.7175 0.28229168 0.7291667 0.2703125 0.7366667 0.27447918 0.755 0.28854167 0.80833334 0.30208334 0.8641667 0.3140625 0.9091667 0.3171875 0.88666666 0.32135418 0.8525 0.32760417 0.8308333 0.3328125 0.8016667 0.34427083 0.7366667 0.34635416 0.72333336
2 0.5026042 0.8908333 0.51197916 0.92583334 0.51875 0.95666665 0.5239583 0.9775 0.5260417 0.9866667 0.50625 1.0 0.3359375 1.0 0.32708332 0.9625 0.31666666 0.92 0.32239583 0.92333335 0.33541667 0.9325 0.34895834 0.94 0.35989583 0.945 0.371875 0.9508333 0.38802084 0.95666665 0.39427084 0.95916665 0.40052083 0.9608333 0.409375 0.96666664 0.41875 0.9725 0.421875 0.9741667 0.428125 0.9741667 0.43958333 0.98 0.4625 0.9866667 0.48020834 0.99083334 0.4859375 0.99083334 0.48802084 0.98333335 0.490625 0.96416664 0.49375 0.9458333 0.5005208 0.905
2 0.54583335 0.6425 0.5416667 0.6691667 0.53697914 0.695 0.5307292 0.72 0.52239585 0.7608333 0.51927084 0.77916664 0.51458335 0.80833334 0.5083333 0.85 0.50572914 0.87666667 0.5026042 0.8933333 0.49322918 0.94666666 0.48854166 0.98 0.4859375 0.99083334 0.47864583 0.99083334 0.45572916 0.985 0.4390625 0.98 0.42864582 0.9741667 0.421875 0.9741667 0.41875 0.9725 0.40104166 0.9608333 0.39479166 0.95916665 0.390625 0.9575 0.37447917 0.95166665 0.35364583 0.9425 0.33489582 0.9325 0.31979167 0.9216667 0.315625 0.9191667 0.31354168 0.9175 0.31302083 0.915 0.3140625 0.90833336 0.31614584 0.8925 0.32135418 0.8525 0.32552084 0.83916664 0.328125 0.82916665 0.32864583 0.82416666 0.34635416 0.7241667 0.34895834 0.7375 0.35364583 0.735 0.37447917 0.72583336 0.390625 0.7183333 0.42447916 0.7025 0.46666667 0.6816667 0.51927084 0.6566667 0.540625 0.6458333
2 0.5463542 0.45416668 0.55885416 0.5183333 0.5734375 0.5858333 0.57916665 0.615 0.5807292 0.62583333 0.5619792 0.635 0.54322916 0.64416665 0.5104167 0.66083336 0.446875 0.69083333 0.38645834 0.72 0.34895834 0.7375 0.34010416 0.69083333 0.32916668 0.6308333 0.31822917 0.5675 0.309375 0.5125 0.30729166 0.50333333 0.30625 0.47583333 0.30677083 0.46083334 0.31041667 0.45833334 0.32864583 0.44583333 0.33541667 0.44166666 0.34010416 0.43916667 0.34739584 0.43666667 0.35572916 0.43416667 0.36822918 0.4325 0.37291667 0.43166667 0.38489583 0.4275 0.39479166 0.42333335 0.40260416 0.42 0.409375 0.41416666 0.42083332 0.40583333 0.43645832 0.39666668 0.46770832 0.38083333 0.50364584 0.36333334 0.51666665 0.35916665 0.5234375 0.355 0.5286458 0.35166666 0.5286458 0.35166666 0.5307292 0.36416668 0.53333336 0.38666666 0.540625 0.42583334 0.54375 0.4425
2 0.31041667 0.32416666 0.31510416 0.29583332 0.31927082 0.29666665 0.32760417 0.29833335 0.34010416 0.30416667 0.3625 0.31333333 0.37083334 0.31583333 0.37760416 0.315 0.38229167 0.3125 0.396875 0.31666666 0.4203125 0.32 0.43645832 0.32416666 0.4421875 0.32583332 0.46510416 0.33083335 0.47447917 0.335 0.48177084 0.33666667 0.48072916 0.34583333 0.48072916 0.35666665 0.48020834 0.36666667 0.47916666 0.375 0.45677084 0.38583332 0.4375 0.39583334 0.41770834 0.4075 0.40833333 0.41416666 0.40208334 0.42083332 0.3734375 0.43166667 0.35260418 0.43416667 0.33854166 0.44 0.321875 0.45083332 0.30625 0.46083334 0.30625 0.47666666 0.30729166 0.50416666 0.3140625 0.5425 0.328125 0.625 0.33802083 0.6816667 0.33072916 0.68 0.30364582 0.6741667 0.28229168 0.66833335 0.2734375 0.6666667 0.27552083 0.6458333 0.28020832 0.60833335 0.2828125 0.58416665 0.29322916 0.49 0.29895833 0.42833334 0.30260417 0.38916665 0.30625 0.35833332
2 0.47760418 0.31333333 0.46458334 0.3275 0.46197918 0.33083335 0.46770832 0.33166668 0.471875 0.33416668 0.48125 0.3375 0.48072916 0.345 0.48072916 0.35583332 0.48020834 0.36916667 0.47916666 0.37416667 0.4875 0.37083334 0.5026042 0.36333334 0.5171875 0.35916665 0.5286458 0.3525 0.5307292 0.36416668 0.534375 0.3925 0.54322916 0.44 0.55104166 0.47666666 0.55625 0.4775 0.57239586 0.48166665 0.6067708 0.4925 0.5989583 0.475 0.5833333 0.4375 0.56666666 0.39333335 0.53697914 0.3175 0.525 0.28833333 0.51927084 0.275
2 0.58697915 0.4025 0.57395834 0.4125 0.58489585 0.4425 0.5989583 0.475 0.6067708 0.4925 0.6203125 0.49583334 0.61145836 0.47 0.5953125 0.42333335
2 0.62083334 0.54833335 0.62291664 0.52 0.6244792 0.505 0.6244792 0.4975 0.61822915 0.495 0.5578125 0.47833332 0.55104166 0.47666666 0.559375 0.51916665 0.57447916 0.5908333 0.58020836 0.61833334 0.5807292 0.62583333 0.54583335 0.6433333 0.54322916 0.6575 0.5390625 0.68416667 0.53020835 0.72333336 0.5239583 0.75083333 0.51770836 0.7866667 0.51197916 0.82416666 0.5078125 0.8541667 0.5125 0.8541667 0.5328125 0.8566667 0.55677086 0.86083335 0.5854167 0.8666667 0.5932292 0.86833334 0.5953125 0.85 0.6015625 0.77 0.60364586 0.735 0.60572916 0.7075 0.61041665 0.6533333 0.6140625 0.6225 0.6166667 0.59583336
2 0.5473958 0.86 0.5494792 0.865 0.553125 0.86 0.5473958 0.8591667
2 0.6244792 0.50666666 0.6302083 0.5225 0.64739585 0.57416666 0.65520835 0.5991667 0.6692708 0.6358333 0.68333334 0.6741667 0.7015625 0.72583336 0.6796875 0.7475 0.64739585 0.77666664 0.63645834 0.785 0.621875 0.79583335 0.6098958 0.8066667 0.59791666 0.8183333 0.60052085 0.7875 0.60260415 0.7583333 0.60572916 0.7025 0.6098958 0.6566667 0.615625 0.60833335 0.6177083 0.5883333 0.621875 0.53583336 0.62291664 0.51916665 0.62395835 0.51
2 0.6713542 0.0 0.6822917 0.013333334 0.69739586 0.03 0.70104164 0.0375 0.7057292 0.029166667 0.72291666 0.0
