8 0.1203125 0.33166668 0.1375 0.4225 0.14375 0.4325 0.15208334 0.43833333 0.15677084 0.43833333 0.15416667 0.42916667 0.14583333 0.405 0.13958333 0.38333333 0.1375 0.36416668 0.1328125 0.35083333 0.1265625 0.33916667
8 0.1109375 0.215 0.10625 0.22166666 0.104166664 0.23166667 0.1046875 0.24333334 0.11145833 0.2775 0.11510417 0.27083334 0.13541667 0.26 0.16041666 0.24666667 0.19010417 0.22583333 0.203125 0.21916667 0.21979167 0.215 0.23385416 0.20583333 0.24479167 0.18666667 0.25885418 0.1725 0.26041666 0.175 0.26354167 0.17583333 0.26458332 0.16833334 0.25677082 0.17166667 0.22864583 0.185 0.2015625 0.1925 0.18333334 0.19416666 0.165625 0.19916667 0.16614583 0.20333333 0.16510417 0.20583333 0.16354166 0.20583333 0.1625 0.2 0.15729167 0.20166667 0.13020833 0.21 0.118229166 0.21333334
8 0.3109375 0.14333333 0.31510416 0.1475 0.3234375 0.15833333 0.33697918 0.20416667 0.34427083 0.22666667 0.3453125 0.22333333 0.3453125 0.195 0.34375 0.15916666 0.34114584 0.15083334 0.3359375 0.145 0.33229166 0.1425 0.3125 0.14333333
8 0.14427084 0.15583333 0.14114584 0.15666667 0.1359375 0.16416667 0.13177083 0.17833333 0.13177083 0.20916666 0.15 0.20333333 0.15625 0.20166667 0.16302083 0.2 0.16302083 0.20583333 0.16510417 0.205 0.16614583 0.20333333 0.165625 0.19916667 0.18333334 0.19416666 0.20052083 0.1925 0.22604166 0.18583333 0.2609375 0.17 0.26614583 0.1675 0.29166666 0.14666666 0.28645834 0.1475 0.2515625 0.15083334 0.22135417 0.15166667 0.196875 0.15083334 0.18072917 0.15083334 0.171875 0.14916667 0.1703125 0.15583333 0.16770834 0.15333334 0.16666667 0.15 0.1625 0.15
8 0.5765625 0.5775 0.5671875 0.585 0.5182292 0.7216667 0.49947917 0.7758333 0.4890625 0.7991667 0.49010417 0.80083334 0.49010417 0.8041667 0.48645833 0.80333334 0.484375 0.8066667 0.47864583 0.8183333 0.47083333 0.8375 0.46197918 0.8625 0.46145833 0.86833334 0.4625 0.88166666 0.46458334 0.89166665 0.47083333 0.9025 0.4890625 0.9191667 0.4984375 0.9266667 0.521875 0.9525 0.56041664 0.99083334 0.56666666 0.99333334 0.57135415 0.9925 0.5796875 0.98333335 0.60052085 0.92333335 0.60260415 0.9175 0.59947914 0.91 0.6020833 0.9091667 0.60520834 0.9075 0.60729164 0.9 0.6328125 0.82166666 0.6640625 0.7391667 0.68125 0.69666666 0.68125 0.6825 0.678125 0.67333335 0.67395836 0.67 0.66614586 0.66833335 0.6536458 0.6566667 0.6328125 0.6325 0.5854167 0.57916665 0.5833333 0.5775
8 0.63385415 0.6333333 0.63645834 0.6325 0.63958335 0.6333333 0.6625 0.66333336 0.6635417 0.665 0.66197914 0.6641667 0.65260416 0.655
8 0.5109375 0.73833334 0.49635416 0.7708333 0.46927083 0.83166665 0.46197918 0.84583336 0.46041667 0.8591667 0.46145833 0.865 0.4625 0.86 0.47135416 0.8358333 0.48125 0.81166667 0.48645833 0.80333334 0.49010417 0.8041667 0.49010417 0.80083334 0.4890625 0.7991667 0.5 0.7758333 0.5125 0.73833334
8 0.65208334 0.6141667 0.6489583 0.6041667 0.63697916 0.59583336 0.603125 0.57166666 0.5885417 0.5625 0.56927085 0.5491667 0.55104166 0.53833336 0.54375 0.53833336 0.5375 0.54083335 0.5328125 0.5475 0.52135414 0.59166664 0.5182292 0.61083335 0.5203125 0.61583334 0.51875 0.6166667 0.5161458 0.6166667 0.5109375 0.63666666 0.50416666 0.66333336 0.49010417 0.72083336 0.4859375 0.73833334 0.459375 0.83166665 0.459375 0.845 0.4609375 0.8491667 0.4625 0.8441667 0.46875 0.83166665 0.49427083 0.7758333 0.51145834 0.73833334 0.5125 0.73833334 0.5390625 0.6641667 0.5671875 0.585 0.57604164 0.5775 0.5828125 0.5775 0.58697915 0.5808333 0.63385415 0.6333333 0.63697916 0.63166666 0.63958335 0.6333333 0.64947915 0.645 0.6515625 0.6408333 0.653125 0.6333333 0.6536458 0.62166667 0.6536458 0.6166667
8 0.51770836 0.23 0.5078125 0.2375 0.5046875 0.245 0.4984375 0.29916668 0.496875 0.32666665 0.48697916 0.38166666 0.4828125 0.40583333 0.48489583 0.42583334 0.48958334 0.4375 0.49479166 0.4425 0.51927084 0.4475 0.53802085 0.45166665 0.55364585 0.45416668 0.57395834 0.46333334 0.5729167 0.45 0.56875 0.44833332 0.5651042 0.44583333 0.5625 0.44083333 0.5572917 0.43083334 0.55572915 0.42166665 0.56041664 0.36083335 0.553125 0.3125 0.553125 0.30666667 0.55364585 0.29666665 0.5578125 0.28666666 0.5625 0.28166667 0.5697917 0.27916667 0.5729167 0.25 0.5421875 0.23666666 0.52916664 0.23083334 0.52239585 0.22916667
8 0.5619792 0.37 0.56927085 0.42 0.5729167 0.45 0.5697917 0.44916666 0.5651042 0.44583333 0.5609375 0.43833333 0.5572917 0.43083334 0.55572915 0.42083332 0.56041664 0.36333334
8 0.58697915 0.23 0.58229166 0.2325 0.575 0.24 0.5729167 0.24833333 0.5703125 0.27833334 0.58958334 0.27333334 0.62291664 0.26666668 0.6302083 0.2675 0.63385415 0.27083334 0.6375 0.27083334 0.64270836 0.2675 0.653125 0.26083332 0.65208334 0.25833333 0.6432292 0.255 0.6333333 0.25166667 0.6322917 0.25583333 0.63072914 0.2575 0.62916666 0.25416666 0.62916666 0.25 0.61614585 0.2425 0.60520834 0.23666666 0.59479165 0.2325
8 0.7036458 0.23333333 0.6796875 0.24916667 0.6536458 0.26083332 0.63697916 0.27166668 0.6333333 0.27083334 0.6302083 0.2675 0.6223958 0.26666668 0.6078125 0.26916668 0.5828125 0.275 0.5703125 0.27833334 0.5625 0.28166667 0.5578125 0.28583333 0.5541667 0.29583332 0.55260414 0.30833334 0.56875 0.4175 0.575 0.46833333 0.578125 0.4875 0.584375 0.49583334 0.59166664 0.50166667 0.59739584 0.49833333 0.6020833 0.49666667 0.63645834 0.48166665 0.6546875 0.47 0.6744792 0.46416667 0.7 0.455 0.7036458 0.4625 0.71302086 0.46666667 0.7416667 0.445 0.74635416 0.44083333 0.728125 0.35 0.71979165 0.30833334 0.715625 0.27 0.70520836 0.23666666
8 0.62083334 0.48833334 0.6296875 0.49416667 0.63177085 0.49 0.634375 0.49 0.634375 0.49666667 0.6458333 0.5 0.66302085 0.51 0.67083335 0.51416665 0.68125 0.51416665 0.6875 0.505 0.69114584 0.495 0.6921875 0.48083332 0.67604166 0.475 0.66302085 0.47416666 0.6546875 0.47166666 0.63854164 0.48083332 0.6223958 0.4875
8 0.7182292 0.29083332 0.71979165 0.31 0.74635416 0.44 0.7416667 0.445 0.71302086 0.46666667 0.7036458 0.4625 0.7005208 0.455 0.6546875 0.47 0.65416664 0.47083333 0.66302085 0.47416666 0.67604166 0.475 0.6958333 0.4825 0.74114585 0.5075 0.7473958 0.505 0.7526042 0.4975 0.7546875 0.48833334 0.7552083 0.4775 0.7546875 0.47 0.75208336 0.4625 0.7515625 0.4525 0.753125 0.44333333 0.7578125 0.43 0.7609375 0.4175 0.76875 0.38083333 0.77916664 0.34166667 0.78125 0.33083335 0.78125 0.32416666 0.77760416 0.31416667 0.77239585 0.3075 0.7682292 0.30416667 0.75208336 0.29833335 0.71875 0.29
8 0.65520835 0.76416665 0.6578125 0.76166666 0.67760414 0.7125 0.6802083 0.70416665 0.6796875 0.7 0.65520835 0.76166666
8 0.30260417 0.14166667 0.29583332 0.14333333 0.28125 0.155 0.26458332 0.16833334 0.26354167 0.17583333 0.2609375 0.175 0.25885418 0.17333333 0.2453125 0.18583333 0.2328125 0.20583333 0.2203125 0.21416667 0.20260416 0.22 0.18958333 0.22666667 0.1609375 0.24666667 0.13385417 0.26083332 0.114583336 0.27166668 0.109375 0.28083333 0.1078125 0.2875 0.106770836 0.29833335 0.108333334 0.30666667 0.11145833 0.31583333 0.1203125 0.3325 0.12604167 0.33833334 0.13333334 0.3525 0.13802083 0.365 0.13958333 0.3825 0.14635417 0.40583333 0.15520833 0.43333334 0.15989584 0.4525 0.1625 0.45916668 0.16927083 0.46666667 0.17604166 0.47083333 0.18177083 0.47166666 0.18802084 0.46916667 0.203125 0.4525 0.20729166 0.45333335 0.22395833 0.43916667 0.24322917 0.42166665 0.27291667 0.39583334 0.28541666 0.385 0.29114583 0.3825 0.30104166 0.38 0.31614584 0.37916666 0.3171875 0.3725 0.31875 0.3725 0.3203125 0.37833333 0.32916668 0.3725 0.346875 0.3625 0.3609375 0.35416666 0.36770833 0.34916666 0.371875 0.34166667 0.37447917 0.32916668 0.3734375 0.32 0.3375 0.20666666 0.33541667 0.19916667 0.3234375 0.15833333 0.31458333 0.14666666 0.30729166 0.14166667
