5 0.50989586 0.0 0.48333332 0.0 0.42708334 0.02 0.35416666 0.0525 0.3328125 0.064166665 0.33854166 0.0875 0.34166667 0.115 0.35729167 0.1175 0.36041668 0.12083333 0.36302084 0.12916666 0.3625 0.145 0.3546875 0.175 0.36458334 0.25583333 0.36875 0.30833334 0.37135416 0.3125 0.36979166 0.32166666 0.36770833 0.37916666 0.36770833 0.38166666 0.43697917 0.355 0.45625 0.35 0.46979168 0.3525 0.4984375 0.3525 0.55052084 0.34166667 0.55 0.32666665 0.5375 0.2625 0.52708334 0.19333333 0.51666665 0.12083333 0.5182292 0.08416667 0.5151042 0.0
2 0.63854164 0.0 0.51458335 0.0 0.5182292 0.0825 0.51666665 0.12166667 0.5296875 0.21083333 0.5375 0.26083332 0.54322916 0.29166666 0.55833334 0.27666667 0.6166667 0.18083334 0.690625 0.06583333 0.690625 0.061666667 0.69322914 0.060833335 0.71666664 0.020833334 0.7026042 0.0
10 0.6880208 0.18083334 0.65729165 0.18083334 0.6125 0.19083333 0.60572916 0.20166667 0.5984375 0.215 0.5989583 0.2375 0.61041665 0.36333334 0.62291664 0.42166665 0.6244792 0.45333335 0.6276042 0.49666667 0.6328125 0.54833335 0.6390625 0.55583334 0.64947915 0.5625 0.65833336 0.55916667 0.67864585 0.53583336 0.69166666 0.52416664 0.709375 0.4975 0.7192708 0.48416665 0.72447914 0.48916668 0.7296875 0.51 0.7348958 0.51416665 0.7578125 0.51416665 0.76458335 0.51 0.76875 0.5025 0.7703125 0.49083334 0.76770836 0.47166666 0.7572917 0.43333334 0.75572914 0.41916665 0.7583333 0.39416668 0.7578125 0.38333333 0.7552083 0.3775 0.74895835 0.37416667 0.74583334 0.365 0.7484375 0.34666666 0.7552083 0.30166668 0.75416666 0.25166667 0.7505208 0.2175 0.7505208 0.19916667 0.75 0.19333333 0.734375 0.18916667 0.715625 0.18333334
19 0.51145834 0.35583332 0.5234375 0.47083333 0.52708334 0.51 0.53229165 0.515 0.52916664 0.52 0.5338542 0.5675 0.5390625 0.5783333 0.546875 0.58166665 0.6390625 0.55583334 0.6328125 0.54833335 0.6276042 0.49583334 0.62395835 0.43916667 0.62291664 0.42166665 0.6098958 0.36333334 0.6046875 0.29666665 0.6010417 0.26 0.58020836 0.265 0.5619792 0.27 0.55885416 0.27666667 0.54322916 0.29166666 0.55 0.32666665 0.55052084 0.34166667 0.5104167 0.35
16 0.4296875 0.5125 0.490625 0.47916666 0.52239585 0.46166667 0.51666665 0.40666667 0.5109375 0.35 0.49791667 0.3525 0.46979168 0.3525 0.45625 0.35 0.43541667 0.355 0.36770833 0.38166666 0.36979166 0.32166666 0.371875 0.3125 0.36927083 0.30833334 0.365625 0.27 0.32916668 0.28916666 0.32916668 0.29333332 0.30520833 0.3825 0.28385416 0.455 0.29114583 0.47833332 0.29739583 0.49333334 0.29895833 0.50166667 0.29895833 0.51916665 0.29791668 0.5341667 0.3015625 0.545 0.34583333 0.54 0.38541666 0.5341667 0.42083332 0.51666665
12 0.26666668 0.5475 0.28541666 0.5491667 0.30208334 0.545 0.3515625 0.5391667 0.41041666 0.5316667 0.41927084 0.5316667 0.42135417 0.5391667 0.4296875 0.68833333 0.4296875 0.70916665 0.4109375 0.70916665 0.39947918 0.71416664 0.38854167 0.71416664 0.37916666 0.7158333 0.37239584 0.7133333 0.3625 0.7175 0.3515625 0.71666664 0.34010416 0.71416664 0.3359375 0.7133333 0.32760417 0.7108333 0.31510416 0.7108333 0.3125 0.7083333 0.29114583 0.71166664 0.2796875 0.715 0.2734375 0.71416664 0.2640625 0.7183333 0.23229167 0.7266667 0.19479166 0.735 0.1890625 0.6725 0.18541667 0.5516667 0.19895834 0.5491667 0.22864583 0.5783333 0.2359375 0.57666665 0.240625 0.5725 0.24947916 0.54833335
18 0.42864582 0.585 0.43958333 0.62333333 0.44791666 0.6308333 0.453125 0.6325 0.459375 0.63166666 0.46458334 0.62916666 0.496875 0.60083336 0.5140625 0.5833333 0.5359375 0.5708333 0.53333336 0.5675 0.5296875 0.5208333 0.53229165 0.515 0.52708334 0.51 0.5229167 0.46166667 0.47604167 0.48666668 0.4296875 0.5133333 0.42083332 0.51666665 0.41510418 0.51916665 0.41666666 0.5316667 0.41927084 0.5316667 0.42135417 0.53833336 0.4234375 0.57
20 0.44166666 0.7125 0.4234375 0.7316667 0.4015625 0.74916667 0.35625 0.77916664 0.33802083 0.78833336 0.26822916 0.825 0.25833333 0.8333333 0.25520834 0.8466667 0.26197916 0.86583334 0.28385416 0.93916667 0.30520833 1.0 0.384375 1.0 0.39583334 1.0 0.43958333 0.965 0.4640625 0.95166665 0.48958334 0.93083334 0.51145834 0.895 0.525 0.88 0.5328125 0.87666667 0.546875 0.8725 0.578125 0.855 0.628125 0.83 0.6328125 0.8233333 0.63697916 0.81 0.6375 0.7975 0.62708336 0.74916667 0.60833335 0.6533333 0.59739584 0.61083335 0.5885417 0.6016667 0.5828125 0.6 0.5328125 0.6275 0.48697916 0.6616667 0.46666667 0.6825 0.45260417 0.7008333
21 0.044270832 0.68666667 0.0421875 0.7075 0.038541667 0.73 0.036458332 0.75083333 0.0359375 0.7808333 0.036458332 0.8075 0.038541667 0.82416666 0.041666668 0.8333333 0.045833334 0.8375 0.053645834 0.84166664 0.060416665 0.84 0.102604166 0.8183333 0.122395836 0.81166667 0.13489583 0.81 0.1484375 0.81083333 0.15572916 0.815 0.16041666 0.8258333 0.15572916 0.7975 0.14270833 0.7475 0.13125 0.7175 0.14010416 0.7058333 0.146875 0.66833335 0.15416667 0.6308333 0.15572916 0.6075 0.1703125 0.5183333 0.1734375 0.48833334 0.17135416 0.47916666 0.16614583 0.46333334 0.118229166 0.43166667 0.086979166 0.41916665 0.079166666 0.41916665 0.07395833 0.42333335 0.06979167 0.43 0.06822917 0.43916667 0.06614583 0.5058333 0.061458334 0.55333334 0.05 0.61333334 0.046354167 0.6375 0.044791665 0.6616667
21 0.271875 0.0425 0.26458332 0.04083333 0.25677082 0.0425 0.2375 0.08583333 0.21770833 0.14083333 0.20989583 0.17166667 0.20520833 0.205 0.20104167 0.2225 0.18958333 0.25333333 0.16510417 0.305 0.14270833 0.37166667 0.12135417 0.43333334 0.16614583 0.46333334 0.17135416 0.47916666 0.1734375 0.48833334 0.16979167 0.5208333 0.22864583 0.5783333 0.23645833 0.57666665 0.240625 0.5725 0.2828125 0.45833334 0.3109375 0.36166668 0.32864583 0.29333332 0.346875 0.2075 0.36197916 0.14666666 0.36354166 0.12916666 0.3609375 0.12083333 0.35729167 0.1175 0.33385417 0.11333334 0.30260417 0.108333334 0.28802082 0.1 0.2890625 0.0675 0.28333333 0.055
