17 0.25104168 0.8016667 0.25572917 0.8616667 0.26041666 0.8958333 0.26302084 0.905 0.26979166 0.9116667 0.28385416 0.92083335 0.29114583 0.9225 0.31302083 0.9225 0.35572916 0.9141667 0.38958332 0.91083336 0.396875 0.90833336 0.403125 0.895 0.40520832 0.8833333 0.40208334 0.82416666 0.39739582 0.7891667 0.39114583 0.7475 0.3546875 0.7633333 0.34635416 0.7658333 0.321875 0.7775 0.30104166 0.79 0.28125 0.7966667 0.26666668 0.8025 0.25989583 0.805 0.2546875 0.8025
17 0.39739582 0.49166667 0.38333333 0.49583334 0.346875 0.51666665 0.31354168 0.5308333 0.29583332 0.5366667 0.28645834 0.53833336 0.27916667 0.5441667 0.234375 0.56 0.21510416 0.5675 0.2078125 0.5858333 0.2078125 0.59833336 0.21822916 0.6575 0.22291666 0.69916666 0.228125 0.725 0.23541667 0.765 0.24114583 0.785 0.24583334 0.7941667 0.25260416 0.8016667 0.25989583 0.80583334 0.28125 0.7966667 0.3015625 0.79 0.328125 0.77416664 0.346875 0.765 0.35729167 0.76166666 0.39479166 0.745 0.44010416 0.7225 0.44583333 0.7083333 0.446875 0.6975 0.44583333 0.6875 0.43697917 0.6458333 0.43229166 0.62583333 0.42395833 0.5875 0.4234375 0.5525 0.41979167 0.53 0.41510418 0.5058333 0.409375 0.49666667 0.40364584 0.4925
17 0.1875 0.20583333 0.1828125 0.21666667 0.17604166 0.23333333 0.1859375 0.22833334 0.18854167 0.21416667 0.1890625 0.2075
17 0.26979166 0.045833334 0.26458332 0.051666666 0.25885418 0.0675 0.25677082 0.079166666 0.2546875 0.09916667 0.25104168 0.1075 0.24427083 0.111666664 0.2390625 0.11333334 0.23385416 0.1175 0.2296875 0.12666667 0.22916667 0.14166667 0.22760417 0.14916667 0.22083333 0.15916666 0.20989583 0.165 0.20364584 0.1725 0.2 0.18333334 0.2046875 0.1825 0.21197917 0.18333334 0.2578125 0.20583333 0.2953125 0.2225 0.30416667 0.23 0.30416667 0.23666666 0.30989584 0.2375 0.35833332 0.24333334 0.38125 0.2025 0.38802084 0.18416667 0.38697916 0.175 0.38333333 0.1625 0.3546875 0.13 0.32916668 0.096666664 0.30885416 0.085 0.29114583 0.055 0.28489584 0.0475 0.27447918 0.044166666
17 0.19895834 0.185 0.1953125 0.18583333 0.19114584 0.19166666 0.1890625 0.19583334 0.1890625 0.20833333 0.18854167 0.21583334 0.18541667 0.22833334 0.1984375 0.2225 0.20260416 0.22333333 0.21197917 0.23083334 0.2171875 0.285 0.2234375 0.32916668 0.22552083 0.34166667 0.22395833 0.3525 0.21979167 0.35916665 0.19895834 0.3925 0.19635417 0.39666668 0.20572917 0.42083332 0.21302083 0.43833333 0.221875 0.44166666 0.25885418 0.45416668 0.303125 0.46666667 0.309375 0.47166666 0.31614584 0.46583334 0.33177084 0.45583335 0.34270832 0.43583333 0.34583333 0.41916665 0.35208333 0.40416667 0.37864584 0.36166668 0.38541666 0.31166667 0.3875 0.29416665 0.38854167 0.27416667 0.38229167 0.25583333 0.37604168 0.2475 0.37083334 0.24583334 0.35729167 0.24416667 0.3171875 0.23833333 0.30416667 0.23666666 0.30364582 0.22916667 0.29427084 0.22166666 0.26145834 0.2075 0.2125 0.18333334 0.20520833 0.1825
17 0.3296875 0.46083334 0.3546875 0.49583334 0.36354166 0.4925 0.37447917 0.4875 0.35885417 0.46666667 0.35885417 0.46166667 0.35416666 0.4625 0.34427083 0.4475 0.34322917 0.435 0.33177084 0.455
17 0.40677083 0.15416667 0.40364584 0.15583333 0.39895833 0.15916666 0.3875 0.18333334 0.3875 0.18583333 0.38072917 0.20333333 0.37552083 0.2125 0.36614582 0.245 0.37135416 0.24583334 0.37604168 0.24833333 0.38229167 0.25666666 0.38854167 0.275 0.3875 0.29083332 0.40572917 0.2475 0.41041666 0.24416667 0.41614583 0.2475 0.4328125 0.26083332 0.46354166 0.28583333 0.49427083 0.315 0.4953125 0.3175 0.49635416 0.32166666 0.4953125 0.32583332 0.49166667 0.33333334 0.503125 0.35166666 0.5052083 0.3475 0.50572914 0.3125 0.5072917 0.29166666 0.5104167 0.27 0.5130208 0.26166666 0.484375 0.2275 0.45833334 0.19833334 0.415625 0.15333334 0.40833333 0.15333334
17 0.384375 0.31916666 0.38177082 0.34166667 0.37916666 0.36 0.3796875 0.36 0.403125 0.32166666 0.41041666 0.31083333 0.41666666 0.3025 0.4359375 0.28083333 0.45729166 0.28083333 0.43385416 0.26166666 0.41666666 0.2475 0.41041666 0.24416667 0.40572917 0.2475 0.3875 0.29083332 0.3859375 0.30916667
17 0.4671875 0.29083332 0.49166667 0.33333334 0.49375 0.33 0.4953125 0.32583332 0.49635416 0.32166666 0.4953125 0.31666666 0.49427083 0.31416667 0.4671875 0.28916666
17 0.503125 0.3525 0.4921875 0.33416668 0.4671875 0.29083332 0.465625 0.28666666 0.45677084 0.28 0.43645832 0.28 0.415625 0.30333334 0.40208334 0.3225 0.37864584 0.3625 0.36822918 0.37833333 0.35260418 0.40333334 0.34583333 0.41916665 0.34270832 0.435 0.34322917 0.43583333 0.34427083 0.4475 0.35364583 0.4625 0.35885417 0.46166667 0.35833332 0.46666667 0.38125 0.4975 0.396875 0.49166667 0.40364584 0.4925 0.40989584 0.4975 0.41458333 0.505 0.41822916 0.5225 0.4234375 0.5525 0.4234375 0.5625 0.42916667 0.5683333 0.43854168 0.575 0.44635418 0.5875 0.453125 0.6016667 0.45416668 0.6166667 0.45989582 0.62833333 0.4671875 0.6375 0.47447917 0.64166665 0.48385417 0.6433333 0.4921875 0.64166665 0.496875 0.6375 0.5125 0.6166667 0.5317708 0.5908333 0.53489584 0.5833333 0.53697914 0.575 0.5453125 0.5625 0.55833334 0.5491667 0.56614584 0.5375 0.5703125 0.52166665 0.571875 0.50333333 0.5703125 0.49416667 0.5677083 0.48833334 0.54583335 0.455 0.5364583 0.43916667 0.5317708 0.42083332 0.5296875 0.40083334 0.51458335 0.37166667
17 0.75989586 0.68333334 0.75104165 0.6925 0.74635416 0.7075 0.74010414 0.73083335 0.72291666 0.7925 0.7140625 0.8275 0.703125 0.87333333 0.7005208 0.8858333 0.7036458 0.9 0.7104167 0.90833336 0.7234375 0.9166667 0.7729167 0.94666666 0.7942708 0.9608333 0.8140625 0.975 0.83489585 0.9875 0.86354166 0.99833333 0.87916666 1.0 0.9265625 1.0 0.93333334 0.9766667 0.93958336 0.93583333 0.9614583 0.82416666 0.959375 0.81083333 0.953125 0.79583335 0.94739586 0.7866667 0.928125 0.77916664 0.89166665 0.7658333 0.87708336 0.76 0.85729164 0.7475 0.83802086 0.7291667 0.79479164 0.69666666 0.77135414 0.6816667 0.7671875 0.6816667
17 0.97760415 0.475 0.9661458 0.4675 0.9375 0.47916666 0.9010417 0.49833333 0.8546875 0.5183333 0.8296875 0.5275 0.828125 0.53833336 0.81458336 0.6025 0.80572915 0.6508333 0.80104166 0.68 0.79791665 0.69916666 0.83802086 0.7291667 0.85729164 0.7475 0.8796875 0.7608333 0.89270836 0.75333333 0.92552084 0.73333335 0.9526042 0.715 0.95989585 0.71 1.0 0.7025 1.0 0.6775 0.99114585 0.6508333 0.9796875 0.645 0.97552085 0.6375 0.9770833 0.6175 0.9875 0.58916664 0.9921875 0.57666665 0.9947917 0.56666666 0.99322915 0.545 0.98229164 0.48083332 0.9796875 0.4775
17 0.54479164 0.175 0.5395833 0.17916666 0.5328125 0.18833333 0.5229167 0.22083333 0.51927084 0.2325 0.51666665 0.25083333 0.51145834 0.265 0.5104167 0.27 0.5072917 0.29333332 0.50572914 0.3125 0.50572914 0.32583332 0.50572914 0.34916666 0.50677085 0.3525 0.5104167 0.35416666 0.5104167 0.36 0.5104167 0.36416668 0.51458335 0.37083334 0.5296875 0.40166667 0.5317708 0.42166665 0.5364583 0.43833333 0.54114586 0.44666666 0.546875 0.45666668 0.565625 0.485 0.5703125 0.49333334 0.571875 0.50333333 0.57135415 0.5108333 0.57604164 0.5133333 0.5911458 0.51666665 0.60833335 0.5233333 0.6171875 0.52916664 0.621875 0.52666664 0.62916666 0.5183333 0.63125 0.51 0.6354167 0.47666666 0.6390625 0.45916668 0.64427084 0.435 0.65260416 0.3825 0.65520835 0.3575 0.6645833 0.2975 0.66822916 0.27583334 0.6723958 0.245 0.675 0.22833334 0.6765625 0.21 0.67552084 0.20083334 0.671875 0.19 0.66770834 0.1825 0.66302085 0.17916666 0.6536458 0.1775 0.6302083 0.16833334 0.60833335 0.165 0.5932292 0.16333333 0.5677083 0.16833334 0.5473958 0.17416666
17 0.58020836 0.515 0.6333333 0.5575 0.6723958 0.5858333 0.69114584 0.5991667 0.6979167 0.5975 0.70677084 0.5925 0.7114583 0.5833333 0.73229164 0.49833333 0.7526042 0.41833332 0.7640625 0.36916667 0.77447915 0.32166666 0.78125 0.29083332 0.7807292 0.2825 0.7765625 0.27166668 0.77239585 0.26583335 0.7421875 0.2475 0.7161458 0.23333333 0.67604166 0.2175 0.67552084 0.2225 0.66822916 0.27666667 0.6557292 0.3525 0.65260416 0.38333333 0.64427084 0.435 0.63697916 0.46833333 0.6354167 0.4775 0.63177085 0.50916666 0.62916666 0.5183333 0.621875 0.5275 0.6166667 0.52916664 0.60833335 0.5233333 0.5911458 0.51666665 0.57916665 0.51416665
17 0.1984375 0.2225 0.16822916 0.2375 0.134375 0.25583333 0.0765625 0.2775 0.033333335 0.305 0.024479168 0.3225 0.028645834 0.345 0.0421875 0.40083334 0.042708334 0.42583334 0.041666668 0.4475 0.049479168 0.47333333 0.053125 0.495 0.077083334 0.52416664 0.086979166 0.53 0.094791666 0.5233333 0.10625 0.50166667 0.116145834 0.4975 0.12552084 0.5025 0.13854167 0.49583334 0.16197917 0.45833334 0.16927083 0.44416666 0.1859375 0.41333333 0.22395833 0.3525 0.22552083 0.34166667 0.2171875 0.285 0.21145834 0.23083334 0.20208333 0.22333333
