14 0.375 0.43166667 0.36510417 0.5208333 0.3703125 0.52666664 0.4125 0.5366667 0.4203125 0.54 0.43177083 0.42666668 0.44322917 0.39666668 0.37604168 0.42916667
14 0.42552084 0.5158333 0.4359375 0.5366667 0.43020833 0.5441667 0.4203125 0.54 0.42291668 0.51666665
14 0.44166666 0.40833333 0.4765625 0.4575 0.484375 0.4675 0.48385417 0.48083332 0.48958334 0.48166665 0.5046875 0.49333334 0.521875 0.5083333 0.5338542 0.5175 0.53125 0.5225 0.5229167 0.525 0.5125 0.54083335 0.49635416 0.5675 0.45572916 0.5525 0.45416668 0.5416667 0.44947916 0.5308333 0.434375 0.5083333 0.425 0.495 0.43177083 0.42666668 0.43958333 0.40666667
14 0.56041664 0.5441667 0.578125 0.5758333 0.56822914 0.5733333 0.5296875 0.57916665 0.5046875 0.5708333 0.51354164 0.5541667 0.521875 0.5475 0.52552086 0.52416664 0.53125 0.52166665 0.534375 0.5183333 0.55885416 0.54083335
14 0.578125 0.55916667 0.62291664 0.5991667 0.6458333 0.62 0.6614583 0.6375 0.6703125 0.64416665 0.67552084 0.6566667 0.6802083 0.65166664 0.68958336 0.62083334 0.70208335 0.57416666 0.70625 0.54583335 0.69427085 0.545 0.68958336 0.5525 0.6234375 0.4925 0.57395834 0.45166665 0.54375 0.42666668 0.5317708 0.41166666 0.515625 0.39083335 0.50625 0.38583332 0.503125 0.41333333 0.5026042 0.43833333 0.50208336 0.45083332 0.5046875 0.46416667 0.50208336 0.47416666 0.4921875 0.47416666 0.484375 0.46666667 0.48385417 0.48083332 0.48958334 0.48166665 0.5026042 0.49166667 0.5260417 0.5108333 0.5359375 0.51916665 0.55833334 0.54 0.5755208 0.5575
14 0.59791666 0.6791667 0.6375 0.655 0.6635417 0.6433333 0.6645833 0.64 0.6609375 0.63666666 0.64479166 0.61833334 0.58489585 0.565 0.5776042 0.55916667 0.5755208 0.55833334 0.55885416 0.54083335 0.5734375 0.5675 0.578125 0.5758333 0.5859375 0.57916665 0.5828125 0.6141667 0.5864583 0.6308333 0.5921875 0.6433333 0.590625 0.65833336 0.58958334 0.67083335 0.5932292 0.6825
14 0.65416664 0.6508333 0.6515625 0.67833334 0.65520835 0.70666665 0.7182292 0.6875 0.72760415 0.68416667 0.721875 0.6533333 0.7125 0.6166667 0.70520836 0.60833335 0.70104164 0.57666665 0.690625 0.6191667 0.68385416 0.63916665 0.6802083 0.65166664 0.67604166 0.6566667 0.6703125 0.64416665 0.6645833 0.64 0.6635417 0.6433333 0.6536458 0.6483333
14 0.5234375 0.6975 0.5963542 0.8075 0.61875 0.8425 0.6223958 0.86083335 0.6255208 0.87333333 0.6276042 0.875 0.6411458 0.85083336 0.6578125 0.815 0.6640625 0.805 0.67083335 0.81416667 0.6765625 0.79833335 0.67552084 0.78583336 0.66770834 0.78 0.6536458 0.775 0.5963542 0.68083334 0.5932292 0.6825 0.58958334 0.6716667 0.578125 0.6566667 0.5734375 0.69916666 0.55104166 0.6975 0.5421875 0.68 0.50625 0.6675 0.51875 0.69166666
14 0.44947916 0.6558333 0.40885416 0.7175 0.39947918 0.7291667 0.378125 0.75 0.36614582 0.77 0.41875 0.8541667 0.434375 0.8325 0.44427082 0.785 0.5140625 0.6816667 0.50625 0.6666667 0.45260417 0.6483333
14 0.41145834 0.6375 0.40625 0.6741667 0.40520832 0.69166666 0.40625 0.70666665 0.40833333 0.715 0.40416667 0.72333336 0.38645834 0.72583336 0.37447917 0.7316667 0.36197916 0.73333335 0.353125 0.73333335 0.34010416 0.7266667 0.33020833 0.72333336 0.33489582 0.7025 0.34739584 0.685 0.3546875 0.6125 0.36458334 0.61833334 0.41145834 0.6333333
14 0.2140625 0.6616667 0.253125 0.6425 0.2890625 0.61833334 0.31875 0.5925 0.315625 0.6091667 0.33020833 0.62416667 0.3546875 0.61333334 0.34895834 0.6691667 0.31041667 0.7008333 0.26145834 0.7391667 0.25260416 0.75 0.24947916 0.76916665 0.23802084 0.77666664 0.228125 0.7775 0.21822916 0.745 0.20260416 0.7025 0.19270833 0.67833334 0.21041666 0.66333336
14 0.27708334 0.38 0.36927083 0.33916667 0.43229166 0.3075 0.44791666 0.29416665 0.453125 0.285 0.47552082 0.27833334 0.4875 0.38083333 0.46770832 0.4 0.44791666 0.395 0.44270834 0.39666668 0.3765625 0.42916667 0.34791666 0.44333333 0.30416667 0.46333334 0.28229168 0.4725 0.265625 0.49666667 0.25989583 0.49583334 0.253125 0.42583334 0.25260416 0.405 0.25104168 0.37583333 0.25520834 0.37166667 0.25625 0.38083333 0.2734375 0.38166666
14 0.359375 0.2825 0.390625 0.32833335 0.3171875 0.3625 0.31666666 0.35916665 0.31041667 0.36 0.30677083 0.355 0.32447916 0.32416666 0.33854166 0.30666667 0.346875 0.29 0.34947917 0.28666666 0.34583333 0.275 0.3515625 0.26916668
14 0.2328125 0.31 0.22447917 0.3975 0.22083333 0.48916668 0.215625 0.59 0.20833333 0.5908333 0.2125 0.59833336 0.215625 0.60583335 0.2265625 0.61 0.23541667 0.6116667 0.24791667 0.6175 0.27447918 0.62666667 0.28072917 0.62416667 0.28177083 0.6075 0.27083334 0.59583336 0.26875 0.58666664 0.27760416 0.48 0.265625 0.49666667 0.25989583 0.49583334 0.253125 0.42583334 0.25260416 0.40166667 0.25052083 0.37583333 0.25520834 0.37166667 0.25625 0.38083333 0.2734375 0.38166666 0.2828125 0.3775 0.28541666 0.33083335 0.28541666 0.3125 0.29427084 0.29333332 0.29739583 0.27 0.27916667 0.25916666 0.25677082 0.25166667 0.23802084 0.245 0.2203125 0.24833333 0.2203125 0.25666666 0.22447917 0.28083333 0.2375 0.29583332
14 0.62135416 0.415 0.634375 0.50333333 0.6901042 0.5516667 0.69375 0.545 0.69427085 0.5375 0.67291665 0.40083334 0.67083335 0.3725 0.6671875 0.35083333 0.67083335 0.34166667 0.67552084 0.3375 0.67760414 0.3325 0.6703125 0.33 0.62708336 0.3475 0.6088542 0.35333332 0.60260415 0.35333332 0.60572916 0.36666667 0.61302084 0.37333333 0.6166667 0.3775 0.62083334 0.40916666
14 0.5854167 0.36083335 0.6098958 0.46416667 0.61614585 0.48666668 0.59010416 0.465 0.5625 0.44166666 0.54583335 0.42833334 0.5364583 0.41666666 0.52916664 0.39166668 0.5229167 0.375 0.5151042 0.36666667 0.51145834 0.345 0.51458335 0.33916667 0.55677086 0.315 0.578125 0.30583334 0.58020836 0.30333334 0.5875 0.32916668 0.58385414 0.34833333 0.58177084 0.35166666
14 0.3640625 0.6175 0.44739583 0.64666665 0.5265625 0.675 0.5421875 0.6791667 0.55104166 0.6983333 0.5734375 0.69916666 0.5859375 0.57916665 0.56875 0.5733333 0.5286458 0.57916665 0.40885416 0.53583336 0.36927083 0.52666664 0.34791666 0.49916667 0.32552084 0.495 0.32552084 0.55583334 0.315625 0.6091667 0.33020833 0.62416667 0.3546875 0.6125
