6 0.47708333 0.17583333 0.515625 0.16666667 0.54583335 0.155 0.5859375 0.13 0.59479165 0.13166666 0.60364586 0.19166666 0.6125 0.23083334 0.6166667 0.29333332 0.61822915 0.31083333 0.61145836 0.31666666 0.55625 0.3225 0.50677085 0.345 0.50416666 0.33416668 0.5026042 0.28333333 0.5005208 0.2725 0.46041667 0.28333333 0.45208332 0.22166666 0.44635418 0.1925 0.44635418 0.18416667 0.44635418 0.1825 0.45416668 0.17916666
6 0.159375 0.38 0.175 0.3775 0.2015625 0.38416666 0.29010418 0.34916666 0.3015625 0.345 0.30625 0.345 0.3140625 0.47166666 0.31927082 0.5341667 0.3 0.53583336 0.253125 0.5375 0.2203125 0.5466667 0.18385416 0.56333333 0.17291667 0.5625
6 0.31666666 0.3925 0.34270832 0.41083333 0.35 0.41666666 0.35572916 0.41 0.38229167 0.4 0.43333334 0.39916667 0.446875 0.40083334 0.4421875 0.5058333 0.43020833 0.49416667 0.42135417 0.49 0.40572917 0.55916667 0.40364584 0.5775 0.36145833 0.56583333 0.31666666 0.55583334 0.29583332 0.57416666 0.2953125 0.55333334 0.2953125 0.535 0.31927082 0.5341667 0.3140625 0.46916667 0.309375 0.38833332
6 0.4296875 0.2975 0.44166666 0.29166666 0.45104167 0.28333333 0.45364583 0.28333333 0.45520833 0.28416666 0.475 0.27916667 0.5 0.2725 0.5026042 0.28083333 0.50416666 0.3325 0.50677085 0.34583333 0.509375 0.3575 0.5104167 0.37916666 0.5130208 0.40583333 0.52916664 0.48666668 0.5317708 0.49916667 0.5328125 0.5175 0.471875 0.5325 0.4421875 0.505 0.44635418 0.4 0.4296875 0.39916667 0.409375 0.39916667 0.39427084 0.34416667 0.3921875 0.33583334 0.390625 0.32666665 0.39947918 0.31916666 0.42552084 0.30166668
6 0.49635416 0.55083334 0.48229167 0.5391667 0.47135416 0.5325 0.4421875 0.505 0.4421875 0.5058333 0.43020833 0.49416667 0.42135417 0.49 0.40572917 0.55916667 0.4015625 0.59 0.39375 0.62583333 0.3875 0.65833336 0.40364584 0.6691667 0.43333334 0.6725 0.44791666 0.6691667 0.45625 0.6666667 0.47604167 0.68916667 0.5125 0.7108333 0.52760416 0.7191667 0.53802085 0.72333336 0.5416667 0.7075 0.5515625 0.655 0.5598958 0.6025 0.565625 0.55833334 0.5546875 0.5491667 0.53541666 0.54583335 0.50677085 0.5475
6 0.52135414 0.43166667 0.5375 0.425 0.54479164 0.42083332 0.5541667 0.41083333 0.571875 0.39083335 0.578125 0.40416667 0.5911458 0.44916666 0.58958334 0.45333335 0.58489585 0.48 0.60520834 0.49416667 0.62291664 0.5308333 0.57395834 0.57916665 0.5609375 0.5925 0.565625 0.55833334 0.5546875 0.54833335 0.5359375 0.54583335 0.50677085 0.5466667 0.5046875 0.54833335 0.49791667 0.52916664 0.496875 0.52666664 0.53333336 0.5175 0.5317708 0.49916667 0.52708334 0.47833332 0.51875 0.435
6 0.55572915 0.64 0.57239586 0.67083335 0.5703125 0.67583334 0.55260414 0.68916667 0.5473958 0.6775 0.5515625 0.655 0.5541667 0.6383333
6 0.65052086 0.53833336 0.6432292 0.51666665 0.6411458 0.51166666 0.6375 0.51166666 0.621875 0.5316667 0.5859375 0.56666666 0.5729167 0.58 0.5609375 0.5925 0.5598958 0.60083336 0.5541667 0.6375 0.55625 0.6408333 0.5729167 0.6716667 0.59583336 0.7158333 0.6010417 0.72583336 0.60520834 0.7266667 0.6041667 0.73583335 0.60572916 0.74833333 0.6098958 0.76416665 0.6177083 0.8 0.61927086 0.80833334 0.6276042 0.79333335 0.63645834 0.785 0.66614586 0.775 0.6927083 0.75666666 0.721875 0.7325 0.70416665 0.6875 0.67864585 0.62083334 0.6734375 0.62333333 0.6645833 0.62416667 0.6625 0.605 0.659375 0.56583333
6 0.675 0.27 0.63489586 0.24833333 0.63072914 0.26083332 0.6265625 0.27916667 0.6265625 0.30083334 0.62916666 0.335 0.63385415 0.35583332 0.61145836 0.40083334 0.5932292 0.44166666 0.5911458 0.44833332 0.58958334 0.455 0.584375 0.48 0.60729164 0.49583334 0.6557292 0.5125 0.65625 0.5125 0.64635414 0.44416666 0.66770834 0.44166666 0.70416665 0.43416667 0.70416665 0.42666668 0.71197915 0.40833333 0.72447914 0.37416667 0.7395833 0.32 0.74322915 0.3025 0.74322915 0.3 0.71875 0.28833333 0.696875 0.27833334
6 0.796875 0.39916667 0.75572914 0.4175 0.7328125 0.42833334 0.7046875 0.43416667 0.6692708 0.44166666 0.646875 0.44416666 0.6567708 0.5158333 0.65989584 0.575 0.66302085 0.60833335 0.6640625 0.62416667 0.67395836 0.62333333 0.71458334 0.60083336 0.7328125 0.58416665 0.7828125 0.58416665 0.8041667 0.58416665 0.81354165 0.57916665 0.80677086 0.48166665 0.80833334 0.4675 0.80572915 0.44583333
6 0.384375 0.053333335 0.47239584 0.125 0.48333332 0.135 0.47708333 0.15583333 0.47239584 0.165 0.46875 0.1775 0.45416668 0.17916666 0.44635418 0.1825 0.44635418 0.1925 0.45208332 0.22083333 0.43177083 0.28083333 0.42447916 0.3025 0.396875 0.32083333 0.390625 0.32666665 0.3921875 0.335 0.38854167 0.335 0.3703125 0.3125 0.35 0.30083334 0.31302083 0.27583334 0.32083333 0.25083333 0.3515625 0.17916666 0.378125 0.065
