15 0.40416667 0.7 0.42604166 0.81583333 0.42864582 0.8308333 0.42552084 0.8475 0.4234375 0.8525 0.421875 0.86083335 0.42760417 0.8666667 0.42447916 0.87666667 0.41875 0.88 0.415625 0.86833334 0.4109375 0.8616667 0.40520832 0.8566667 0.39895833 0.845 0.38125 0.76166666 0.365625 0.68083334 0.396875 0.6575
15 0.44166666 0.6383333 0.47239584 0.76916665 0.47760418 0.78333336 0.48072916 0.78583336 0.4875 0.7875 0.48802084 0.7916667 0.49114582 0.7925 0.48802084 0.8 0.49114582 0.8 0.49270833 0.80333334 0.4953125 0.80333334 0.49895832 0.8025 0.5 0.80083334 0.5 0.7875 0.50104165 0.7758333 0.50364584 0.76916665 0.5026042 0.7608333 0.49895832 0.7625 0.49583334 0.75916666 0.4953125 0.7525 0.5015625 0.75083333 0.48489583 0.6691667 0.46927083 0.6025 0.46354166 0.6075 0.4390625 0.62583333
15 0.55052084 0.69416666 0.5286458 0.7075 0.5171875 0.71666664 0.51145834 0.72333336 0.5083333 0.73 0.5072917 0.73583335 0.5072917 0.74333334 0.50572914 0.74333334 0.50208336 0.74583334 0.5026042 0.75 0.4953125 0.7525 0.49583334 0.75916666 0.4984375 0.7625 0.50364584 0.76 0.50416666 0.76166666 0.50572914 0.76416665 0.509375 0.7608333 0.51197916 0.7633333 0.5171875 0.76666665 0.5234375 0.76666665 0.5286458 0.765 0.559375 0.74666667 0.6625 0.6766667 0.71197915 0.6333333 0.7171875 0.62583333 0.71979165 0.6141667 0.7203125 0.6091667 0.7234375 0.6066667 0.72291666 0.5991667 0.728125 0.59583336 0.73072916 0.5908333 0.7270833 0.585 0.72291666 0.58666664 0.7203125 0.59166664 0.7161458 0.59166664 0.7135417 0.5925 0.70677084 0.5883333 0.7026042 0.5883333 0.6953125 0.58916664 0.6791667 0.6 0.58385414 0.6725
15 0.5697917 0.7633333 0.56666666 0.79 0.56458336 0.8016667 0.5619792 0.80916667 0.5578125 0.81333333 0.55364585 0.81333333 0.553125 0.82 0.5541667 0.83166665 0.55 0.83416665 0.5453125 0.83416665 0.54583335 0.8233333 0.54479164 0.81916666 0.54322916 0.815 0.5416667 0.80916667 0.5375 0.79833335 0.5359375 0.7841667 0.53802085 0.75916666 0.55885416 0.7475 0.571875 0.73833334
15 0.59166664 0.52416664 0.5765625 0.6766667 0.5421875 0.69916666 0.5609375 0.49833333 0.56614584 0.46333334 0.56875 0.455 0.571875 0.45083332 0.5776042 0.45083332 0.57916665 0.445 0.57916665 0.42666668 0.5875 0.43 0.5859375 0.43666667 0.58697915 0.44416666 0.58802086 0.4475 0.58958334 0.4525 0.59375 0.4625 0.5953125 0.47083333 0.59375 0.495
15 0.6265625 0.56583333 0.615625 0.53583336 0.61145836 0.5325 0.60833335 0.52916664 0.6046875 0.5275 0.6041667 0.5225 0.60052085 0.52 0.6 0.5083333 0.5963542 0.5058333 0.5942708 0.51 0.59270835 0.51666665 0.5921875 0.5275 0.5942708 0.53333336 0.5911458 0.54083335 0.590625 0.55 0.5911458 0.56333333 0.61510414 0.6483333 0.64427084 0.62666667
15 0.6536458 0.5341667 0.634375 0.47083333 0.62916666 0.45916668 0.6255208 0.45833334 0.61875 0.45916668 0.6166667 0.45083332 0.6140625 0.44 0.6098958 0.44166666 0.603125 0.44583333 0.60364586 0.45 0.6088542 0.45583335 0.60572916 0.45916668 0.60625 0.465 0.60833335 0.46666667 0.60572916 0.47416666 0.60520834 0.48416665 0.6067708 0.495 0.61822915 0.5375 0.62864584 0.5708333 0.64427084 0.62666667 0.675 0.60333335
15 0.6671875 0.7158333 0.69427085 0.825 0.6947917 0.8325 0.69427085 0.8425 0.6927083 0.8516667 0.69166666 0.8575 0.69895834 0.87 0.6947917 0.8725 0.69114584 0.87333333 0.6869792 0.87333333 0.68541664 0.8691667 0.6859375 0.86333334 0.68177086 0.86 0.6802083 0.85583335 0.675 0.8516667 0.6692708 0.84583336 0.6666667 0.83916664 0.6609375 0.8208333 0.62916666 0.69916666 0.6578125 0.68
15 0.71197915 0.7416667 0.690625 0.6625 0.6880208 0.65416664 0.66822916 0.6716667 0.66302085 0.67583334 0.66041666 0.67833334 0.68854165 0.7808333 0.69166666 0.7841667 0.69739586 0.78833336 0.69947916 0.79 0.7 0.7941667 0.703125 0.79583335 0.70677084 0.795 0.70625 0.80833334 0.70989585 0.8066667 0.71302086 0.8041667 0.7140625 0.8016667 0.71458334 0.79833335 0.71197915 0.7925 0.71302086 0.7891667 0.71302086 0.7841667 0.7114583 0.7816667 0.71458334 0.775 0.71510416 0.76916665 0.71510416 0.76 0.7135417 0.7475
15 0.34322917 0.5233333 0.33958334 0.52916664 0.33802083 0.5391667 0.33802083 0.545 0.35572916 0.6308333 0.38645834 0.60833335 0.36510417 0.52416664 0.359375 0.5175 0.353125 0.51666665 0.35208333 0.5108333 0.35052082 0.5108333 0.3515625 0.4975 0.340625 0.49666667 0.3390625 0.5025 0.34010416 0.5075 0.34427083 0.5133333 0.34166667 0.51666665
15 0.409375 0.49 0.428125 0.57666665 0.45989582 0.5525 0.44947916 0.5083333 0.43958333 0.46916667 0.434375 0.45916668 0.43177083 0.4575 0.428125 0.45583335 0.42708334 0.44916666 0.42447916 0.45 0.425 0.43833333 0.4234375 0.43583333 0.42135417 0.43583333 0.4203125 0.43833333 0.41770834 0.4375 0.41510418 0.44 0.41302082 0.44166666 0.4171875 0.45 0.41770834 0.45416668 0.41510418 0.45416668 0.41458333 0.45666668 0.41510418 0.46166667 0.4125 0.46333334 0.41041666 0.4675 0.40885416 0.47166666 0.40885416 0.4825
15 0.46354166 0.6075 0.328125 0.7083333 0.31354168 0.7183333 0.29895833 0.72583336 0.29322916 0.7241667 0.290625 0.72 0.28385416 0.7183333 0.28125 0.7183333 0.27760416 0.72333336 0.27552083 0.71416664 0.27552083 0.705 0.27708334 0.70166665 0.28177083 0.70416665 0.28541666 0.7 0.28697917 0.69416666 0.2890625 0.68666667 0.2953125 0.675 0.4078125 0.5925 0.48020834 0.5366667 0.48854166 0.5325 0.4921875 0.5341667 0.49791667 0.54083335 0.5026042 0.54 0.5104167 0.5341667 0.5161458 0.5491667 0.5151042 0.55333334 0.5083333 0.5541667 0.50677085 0.56083333 0.50364584 0.56416667 0.49791667 0.5775 0.48489583 0.5883333
