16 0.27604166 0.585 0.29166666 0.6275 0.30416667 0.6616667 0.31197917 0.6766667 0.33854166 0.68833333 0.35572916 0.6933333 0.3171875 0.63666666 0.27239582 0.5758333
16 0.45364583 0.28916666 0.4953125 0.39916667 0.5463542 0.5375 0.5317708 0.55333334 0.50677085 0.575 0.45104167 0.62333333 0.4171875 0.6408333 0.42083332 0.62583333 0.44739583 0.58166665 0.48229167 0.5083333 0.490625 0.48166665 0.46302083 0.45583335 0.43802083 0.43 0.40989584 0.3825 0.38697916 0.35 0.44947916 0.285
16 0.5052083 0.3675 0.52447915 0.39583334 0.578125 0.52666664 0.56875 0.54 0.5385417 0.56166667 0.5296875 0.5758333 0.46927083 0.6525 0.37552083 0.76416665 0.33958334 0.68916667 0.35677084 0.69416666 0.37864584 0.72833335 0.3859375 0.7266667 0.4109375 0.66583335 0.41770834 0.64 0.45052084 0.625 0.53333336 0.55083334 0.54583335 0.5366667 0.47916666 0.355 0.4953125 0.35916665
16 0.353125 0.7191667 0.35260418 0.7325 0.353125 0.74 0.35572916 0.74333334 0.36510417 0.74333334 0.35364583 0.7183333
16 0.73854166 0.16166666 0.7942708 0.32083333 0.821875 0.39166668 0.85052085 0.45833334 0.8833333 0.52916664 0.88125 0.5391667 0.78489584 0.6275 0.74895835 0.65833336 0.7171875 0.68416667 0.70729166 0.6616667 0.66614586 0.55083334 0.6078125 0.40333334 0.57916665 0.32083333 0.58177084 0.3075 0.6770833 0.21166667 0.734375 0.15666667
16 0.5942708 0.36333334 0.57447916 0.43416667 0.57604164 0.44 0.63854164 0.4825 0.60520834 0.39583334
16 0.64375 0.17083333 0.6875 0.20083334 0.6171875 0.27083334 0.63697916 0.19916667 0.6411458 0.1775
16 0.784375 0.27833334 0.84270835 0.30666667 0.8854167 0.33 0.88697916 0.3325 0.8578125 0.475 0.8463542 0.44916666 0.81822914 0.3825 0.77916664 0.2775
16 0.646875 0.5058333 0.6390625 0.5425 0.6302083 0.5908333 0.62864584 0.6141667 0.63072914 0.6308333 0.64166665 0.6566667 0.6567708 0.66833335 0.70416665 0.675 0.7114583 0.6741667 0.70520836 0.6566667 0.6484375 0.50416666
16 0.80677086 0.6125 0.79791665 0.7158333 0.77239585 0.70916665 0.7369792 0.68916667 0.72239584 0.6791667 0.74895835 0.65833336 0.80625 0.6075
16 0.32083333 0.26166666 0.35729167 0.30833334 0.40989584 0.38166666 0.4375 0.43 0.490625 0.4825 0.48125 0.51 0.446875 0.5825 0.42135417 0.62666667 0.4109375 0.66583335 0.38645834 0.7266667 0.37864584 0.7275 0.32291666 0.64416665 0.25208333 0.5466667 0.18958333 0.46333334 0.19791667 0.435 0.24739583 0.35583332 0.2765625 0.30916667 0.29895833 0.2825 0.31614584 0.25333333
