4 0.39583334 0.7266667 0.3875 0.74583334 0.38697916 0.7525 0.38854167 0.76 0.41666666 0.795 0.42239583 0.795 0.4265625 0.7916667 0.44270834 0.7575 0.43177083 0.7558333 0.42239583 0.7525 0.40833333 0.74333334 0.39895833 0.73333335
4 0.3765625 0.64 0.37604168 0.6675 0.37916666 0.68583333 0.38489583 0.70666665 0.39791667 0.7316667 0.40677083 0.7416667 0.421875 0.7525 0.43333334 0.7558333 0.44375 0.75666666 0.45833334 0.7525 0.47604167 0.73833334 0.4890625 0.72333336 0.49895832 0.71666664 0.5203125 0.72333336 0.5572917 0.7341667 0.59947914 0.74833333 0.60260415 0.7475 0.6067708 0.7425 0.609375 0.73333335 0.61510414 0.68666667 0.61510414 0.6816667 0.6109375 0.67333335 0.60625 0.67083335 0.5208333 0.64416665 0.50989586 0.63916665 0.5046875 0.63416666 0.50104165 0.62666667 0.49583334 0.61083335 0.484375 0.5875 0.47291666 0.57166666 0.45989582 0.56166667 0.4421875 0.55833334 0.428125 0.55916667 0.41510418 0.56333333 0.40104166 0.57666665 0.38854167 0.59583336 0.38125 0.6141667 0.37760416 0.6325
4 0.38125 0.45333335 0.37708333 0.5075 0.3703125 0.52166665 0.35833332 0.5316667 0.3453125 0.5475 0.3375 0.5675 0.33177084 0.5933333 0.33177084 0.625 0.334375 0.6458333 0.34375 0.6741667 0.35625 0.695 0.37291667 0.7083333 0.3875 0.7125 0.38385418 0.70416665 0.37864584 0.68666667 0.37552083 0.66833335 0.3765625 0.63916665 0.38072917 0.615 0.38958332 0.5941667 0.40104166 0.57666665 0.41302082 0.56416667 0.42864582 0.55833334 0.425 0.55333334 0.41770834 0.5441667 0.41145834 0.53333336 0.4046875 0.5183333 0.39947918 0.495 0.39739582 0.47166666 0.39739582 0.4525 0.4 0.43666667 0.40520832 0.41666666 0.41458333 0.39833334 0.428125 0.37916666 0.4359375 0.37333333 0.4328125 0.36416668 0.42864582 0.3525 0.42395833 0.34583333 0.39739582 0.34166667 0.39479166 0.34333333 0.3921875 0.345 0.390625 0.35 0.38489583 0.41416666
4 0.45364583 0.36583334 0.44114584 0.37 0.4328125 0.375 0.4265625 0.38166666 0.4140625 0.39833334 0.40416667 0.4175 0.39947918 0.43833333 0.396875 0.455 0.396875 0.47583333 0.39895833 0.49583334 0.40520832 0.5175 0.41197917 0.53583336 0.41770834 0.5441667 0.42760417 0.55833334 0.440625 0.55833334 0.459375 0.56083333 0.46510416 0.565 0.475 0.56416667 0.4859375 0.5566667 0.49583334 0.555 0.49947917 0.5575 0.58177084 0.645 0.5890625 0.64916664 0.59270835 0.6483333 0.59947914 0.63666666 0.61510414 0.6 0.615625 0.59166664 0.615625 0.5883333 0.61354166 0.58 0.528125 0.48916668 0.5229167 0.47333333 0.5208333 0.44 0.51458335 0.4175 0.50885415 0.40083334 0.49583334 0.38166666 0.478125 0.36833334 0.4640625 0.36583334
4 0.5515625 0.6166667 0.5473958 0.62666667 0.53541666 0.64 0.528125 0.64666665 0.51145834 0.64 0.50416666 0.63416666 0.5005208 0.6275 0.49635416 0.6116667 0.48489583 0.5875 0.4734375 0.5725 0.46458334 0.565 0.47447917 0.56416667 0.48541668 0.5566667 0.49583334 0.5541667 0.5015625 0.55916667 0.55364585 0.6141667
4 0.559375 0.6225 0.55833334 0.6558333 0.5942708 0.6675 0.59479165 0.6625 0.5963542 0.6483333 0.5984375 0.63916665 0.5932292 0.6475 0.58958334 0.6483333 0.58177084 0.64416665 0.559375 0.62083334
4 0.55677086 0.50083333 0.52760416 0.48833334 0.5229167 0.47416666 0.5208333 0.44 0.51354164 0.415 0.51145834 0.40833333 0.51666665 0.40333334 0.521875 0.40333334 0.61145836 0.44583333 0.61875 0.44666666 0.62916666 0.44 0.64375 0.42666668 0.6578125 0.41583332 0.6692708 0.415 0.6822917 0.41416666 0.6921875 0.41916665 0.7104167 0.43416667 0.71979165 0.44833332 0.72864586 0.47 0.73333335 0.49166667 0.734375 0.5075 0.734375 0.53583336 0.73229164 0.545 0.7270833 0.56083333 0.71875 0.5825 0.7104167 0.595 0.7 0.60333335 0.69427085 0.59583336 0.68385416 0.58666664 0.66875 0.58 0.6614583 0.5783333 0.6453125 0.58 0.628125 0.5883333 0.61875 0.57 0.6125 0.55083334 0.6088542 0.53583336 0.60520834 0.5283333 0.5984375 0.5208333 0.565625 0.5058333
4 0.553125 0.50083333 0.55833334 0.5175 0.5609375 0.525 0.528125 0.48916668 0.528125 0.48833334 0.55260414 0.49833333
4 0.73229164 0.645 0.72239584 0.6425 0.7161458 0.63666666 0.70729166 0.6166667 0.7 0.6025 0.69375 0.595 0.68385416 0.5858333 0.6692708 0.58 0.6609375 0.5775 0.64375 0.5808333 0.62708336 0.5883333 0.6145833 0.6041667 0.60520834 0.62166667 0.5984375 0.64 0.59583336 0.6508333 0.5942708 0.6641667 0.59479165 0.6675 0.61145836 0.67333335 0.615625 0.6825 0.61510414 0.68666667 0.609375 0.735 0.6067708 0.7441667 0.6125 0.75333333 0.6255208 0.7675 0.63645834 0.775 0.6536458 0.78 0.6614583 0.77916664 0.6723958 0.7783333 0.68854165 0.7683333 0.7015625 0.75333333 0.71197915 0.7366667 0.7203125 0.7275 0.7328125 0.725 0.82916665 0.7325 0.8359375 0.7241667 0.83697915 0.7158333 0.8385417 0.66583335 0.8354167 0.6566667 0.83020836 0.6525 0.7359375 0.6458333
4 0.41666666 0.31833333 0.4234375 0.34416667 0.42916667 0.35416666 0.43541667 0.37333333 0.440625 0.37 0.45364583 0.36583334 0.4640625 0.36583334 0.47864583 0.36833334 0.49635416 0.38166666 0.49791667 0.38416666 0.51197916 0.37333333 0.52239585 0.35833332 0.5296875 0.34166667 0.53541666 0.3225 0.5385417 0.30416667 0.5390625 0.28 0.5359375 0.25833333 0.53125 0.24083333 0.525 0.2275 0.51458335 0.21 0.5005208 0.1975 0.48489583 0.18916667 0.46510416 0.19083333 0.4515625 0.19666667 0.44166666 0.2075 0.43072918 0.22333333 0.42135417 0.24333334 0.4171875 0.26 0.41510418 0.27333334 0.4140625 0.29583332 0.41458333 0.30833334
4 0.55677086 0.73333335 0.5984375 0.74833333 0.60364586 0.7475 0.60520834 0.74333334 0.60572916 0.75333333 0.60833335 0.7608333 0.61041665 0.7683333 0.62083334 0.7816667 0.6302083 0.8016667 0.63645834 0.81666666 0.6390625 0.84 0.6401042 0.8616667 0.63854164 0.8875 0.62864584 0.9166667 0.6145833 0.93833333 0.58958334 0.9558333 0.57239586 0.9583333 0.553125 0.94916666 0.5416667 0.93833333 0.52916664 0.9225 0.5171875 0.8883333 0.5130208 0.85083336 0.51666665 0.8208333 0.5260417 0.7941667 0.53541666 0.7783333 0.5494792 0.7625 0.55572915 0.745
