6 0.2296875 0.21916667 0.17604166 0.315 0.15885417 0.34583333 0.1609375 0.35333332 0.21197917 0.41083333 0.27135417 0.5158333 0.2515625 0.46083334 0.2515625 0.44833332 0.3015625 0.415 0.30416667 0.38 0.30989584 0.3775 0.33541667 0.3825 0.33958334 0.37666667 0.32604167 0.35833332 0.278125 0.295 0.23802084 0.23083334 0.23177083 0.22083333
6 0.271875 0.51916665 0.25677082 0.55083334 0.26614583 0.565 0.28072917 0.56916666 0.29010418 0.58666664 0.2640625 0.66 0.26927084 0.67083335 0.27916667 0.6816667 0.275 0.6533333 0.28958333 0.6508333 0.32760417 0.65833336 0.33072916 0.6575 0.33072916 0.6408333 0.31197917 0.64 0.303125 0.60583335 0.29010418 0.565 0.29010418 0.55833334 0.28489584 0.55333334 0.2734375 0.5225
6 0.2765625 0.66333336 0.28333333 0.69916666 0.29635417 0.7425 0.3015625 0.75416666 0.3328125 0.7708333 0.34739584 0.76916665 0.36822918 0.7841667 0.41354167 0.785 0.43177083 0.78333336 0.43802083 0.7783333 0.43229166 0.705 0.41979167 0.705 0.37760416 0.73 0.3484375 0.7441667 0.334375 0.7475 0.32864583 0.65833336 0.31145832 0.6558333 0.29010418 0.6508333 0.27447918 0.65416664
6 0.32760417 0.56583333 0.32760417 0.5966667 0.32916668 0.64 0.33072916 0.6433333 0.33072916 0.65833336 0.32916668 0.65833336 0.334375 0.74666667 0.34895834 0.7441667 0.38802084 0.7241667 0.41927084 0.705 0.43125 0.705 0.44739583 0.71166664 0.46979168 0.71666664 0.48177084 0.7083333 0.48020834 0.6691667 0.47239584 0.57 0.46822917 0.54333335 0.4625 0.54083335 0.44895834 0.54333335 0.44322917 0.5525 0.43958333 0.5683333 0.43177083 0.5675 0.4203125 0.5708333 0.384375 0.5708333 0.34375 0.56416667 0.33489582 0.56333333
6 0.3 0.41666666 0.25208333 0.44916666 0.2515625 0.46083334 0.27291667 0.51916665 0.28541666 0.55333334 0.290625 0.55833334 0.29114583 0.56083333 0.29114583 0.5683333 0.30208334 0.6025 0.30625 0.6166667 0.31197917 0.6408333 0.32916668 0.6408333 0.328125 0.6025 0.32760417 0.56583333 0.33489582 0.56333333 0.346875 0.56416667 0.38385418 0.5708333 0.3984375 0.5708333 0.39270833 0.55333334 0.38541666 0.5341667 0.3765625 0.52416664 0.36770833 0.53583336 0.35625 0.54583335 0.3390625 0.55583334 0.32604167 0.5575 0.31614584 0.5575 0.3078125 0.56 0.30520833 0.555 0.3015625 0.50166667 0.29947916 0.4525 0.30208334 0.41583332
6 0.45104167 0.38416666 0.43854168 0.38583332 0.41770834 0.39333335 0.41354167 0.395 0.39895833 0.39 0.36510417 0.38666666 0.33333334 0.3825 0.31041667 0.3775 0.30416667 0.38 0.30104166 0.415 0.30208334 0.41583332 0.29895833 0.4525 0.30208334 0.51166666 0.30520833 0.555 0.3078125 0.56 0.315625 0.5575 0.3390625 0.55583334 0.35833332 0.5441667 0.36875 0.535 0.3765625 0.52416664 0.3859375 0.5341667 0.3953125 0.54 0.4140625 0.5541667 0.4296875 0.56666666 0.43645832 0.5675 0.43958333 0.5675 0.44322917 0.55333334 0.44739583 0.5175 0.45208332 0.4375 0.45208332 0.39916667 0.45208332 0.38583332
6 0.39479166 0.5416667 0.40260416 0.5491667 0.40364584 0.5625 0.40989584 0.5708333 0.42239583 0.5708333 0.43125 0.5683333 0.42864582 0.56583333 0.403125 0.54583335 0.39270833 0.53833336
6 0.45208332 0.40333334 0.4515625 0.4375 0.45 0.47583333 0.44739583 0.52166665 0.44583333 0.53333336 0.44791666 0.5325 0.45364583 0.52 0.46510416 0.50083333 0.48697916 0.46333334 0.49322918 0.45166665 0.48072916 0.43333334 0.4734375 0.4275 0.459375 0.41583332 0.45260417 0.40583333
6 0.49166667 0.45916668 0.48229167 0.4725 0.48020834 0.48083332 0.475 0.51166666 0.46041667 0.5308333 0.45364583 0.5416667 0.46302083 0.54083335 0.46822917 0.54333335 0.47239584 0.5708333 0.4796875 0.66333336 0.48020834 0.6725 0.48177084 0.70916665 0.46979168 0.71666664 0.45260417 0.7133333 0.47291666 0.7416667 0.47916666 0.74583334 0.4890625 0.7275 0.49010417 0.72333336 0.51354164 0.67 0.52135414 0.6616667 0.5390625 0.62666667 0.559375 0.59 0.56458336 0.585 0.5734375 0.565 0.56614584 0.5575 0.52708334 0.51416665 0.49427083 0.46
6 0.38125 0.28833333 0.35208333 0.34333333 0.340625 0.37083334 0.3390625 0.3775 0.33541667 0.3825 0.35729167 0.38583332 0.39895833 0.39 0.41354167 0.395 0.43854168 0.38583332 0.41927084 0.35083333 0.39427084 0.30333334 0.38385418 0.28833333
6 0.18541667 0.445 0.16666667 0.48166665 0.1375 0.55 0.12083333 0.5825 0.14322917 0.6066667 0.165625 0.62916666 0.19635417 0.67 0.22135417 0.7133333 0.23229167 0.7316667 0.2421875 0.7108333 0.26041666 0.67083335 0.27395833 0.6333333 0.28489584 0.6 0.29010418 0.5858333 0.28125 0.57 0.265625 0.56416667 0.23125 0.51416665 0.19427083 0.45583335
