2 0.671875 0.0 0.8151042 0.0 0.85572916 0.014166667 0.78541666 0.36 0.7729167 0.30916667 0.753125 0.24 0.74427086 0.2325 0.7359375 0.22833334 0.725 0.2325 0.65052086 0.29166666 0.6375 0.30166668 0.6145833 0.28583333 0.621875 0.25333333 0.6458333 0.119166665 0.66614586 0.015 0.6671875 0.006666667
3 0.8645833 0.33916667 0.9109375 0.45666668 0.93125 0.51 0.93854165 0.55083334 0.9348958 0.5491667 0.9270833 0.54833335 0.91302085 0.56083333 0.9 0.5683333 0.8828125 0.5683333 0.87083334 0.58666664 0.8567708 0.6116667 0.8328125 0.65 0.825 0.66333336 0.8171875 0.6558333 0.8041667 0.62583333 0.76770836 0.54083335 0.7578125 0.5025 0.75677085 0.4825 0.7630208 0.46416667 0.7895833 0.4475 0.8140625 0.45416668 0.8140625 0.42083332 0.821875 0.39916667 0.8375 0.36083335 0.85520834 0.34
1 0.740625 0.6016667 0.77916664 0.635 0.7916667 0.6433333 0.825 0.6741667 0.83489585 0.68416667 0.8255208 0.70416665 0.7963542 0.80333334 0.76197916 0.9033333 0.7552083 0.93083334 0.76197916 0.9533333 0.75885415 0.97583336 0.69635415 0.9216667 0.66041666 0.8975 0.6640625 0.87666667 0.68854165 0.8016667 0.7234375 0.6875 0.7338542 0.6475 0.7338542 0.6325 0.734375 0.6116667
19 0.56458336 0.66333336 0.61041665 0.72333336 0.659375 0.7991667 0.66197914 0.81 0.65833336 0.82666665 0.565625 0.9825 0.5541667 0.99916667 0.5260417 0.99916667 0.52135414 0.99916667 0.509375 0.9841667 0.4453125 0.895 0.440625 0.88 0.440625 0.865 0.44375 0.85333335 0.5364583 0.7008333 0.5578125 0.6641667
4 0.75625 0.505 0.7140625 0.5966667 0.7109375 0.6141667 0.7109375 0.6533333 0.709375 0.685 0.7 0.72083336 0.6828125 0.7375 0.671875 0.7475 0.64375 0.75083333 0.6276042 0.7475 0.59791666 0.70416665 0.5921875 0.6875 0.5875 0.65166664 0.59479165 0.6066667 0.62135416 0.5708333 0.6276042 0.56333333 0.6510417 0.5575 0.6640625 0.5575 0.6791667 0.545 0.70625 0.49 0.725 0.47666666 0.74322915 0.45833334 0.765625 0.44666666 0.76927084 0.45583335 0.75989586 0.46166667 0.75625 0.47916666 0.7572917 0.50083333
18 0.5619792 0.36666667 0.6078125 0.32916668 0.63072914 0.31416667 0.64270836 0.30083334 0.725 0.235 0.734375 0.23083334 0.7494792 0.23666666 0.7552083 0.25416666 0.78229165 0.35333332 0.7942708 0.38833332 0.7973958 0.41083333 0.79375 0.42583334 0.7796875 0.43583333 0.75885415 0.44833332 0.74114585 0.45666668 0.7296875 0.4675 0.7213542 0.47666666 0.7 0.49583334 0.67760414 0.5125 0.6614583 0.5316667 0.64479166 0.5466667 0.6276042 0.5575 0.6098958 0.5575 0.6015625 0.53833336 0.57916665 0.46166667 0.5651042 0.41666666 0.5546875 0.39666668 0.55677086 0.37916666
7 0.35416666 0.053333335 0.375 0.08083333 0.41979167 0.14333333 0.44479167 0.18416667 0.46354166 0.19333333 0.47291666 0.1975 0.49479166 0.19583334 0.51145834 0.1825 0.5229167 0.18 0.540625 0.19 0.540625 0.2175 0.50677085 0.38083333 0.49270833 0.46 0.48229167 0.50916666 0.47291666 0.5083333 0.45520833 0.49166667 0.38333333 0.4075 0.3609375 0.38833332 0.30729166 0.38083333 0.28697917 0.36833334 0.2640625 0.35166666 0.31302083 0.22 0.31458333 0.18416667 0.33177084 0.1375 0.34270832 0.0925 0.34739584 0.0625
9 0.15260416 0.28333333 0.2109375 0.31416667 0.25572917 0.34416667 0.26510417 0.355 0.3015625 0.37916666 0.32135418 0.385 0.3234375 0.385 0.30729166 0.44666666 0.23958333 0.68333334 0.22552083 0.7341667 0.1421875 0.6925 0.13020833 0.68 0.13385417 0.6425 0.12083333 0.605 0.12083333 0.535 0.116145834 0.44333333 0.128125 0.38833332 0.14322917 0.32166666 0.15572916 0.29166666
13 0.296875 0.62333333 0.3953125 0.665 0.43541667 0.6816667 0.47864583 0.695 0.49635416 0.7058333 0.5072917 0.6775 0.5239583 0.57416666 0.5338542 0.49 0.52447915 0.46333334 0.49479166 0.45666668 0.48385417 0.50916666 0.47291666 0.5108333 0.42135417 0.45333335 0.3859375 0.41666666 0.33645833 0.39583334 0.32864583 0.4 0.31770834 0.44333333 0.2921875 0.6125 0.2921875 0.6175
8 0.0 0.3925 0.013020833 0.36083335 0.0328125 0.31 0.043229166 0.295 0.0515625 0.28916666 0.0625 0.29333332 0.110416666 0.34 0.1328125 0.35083333 0.1359375 0.355 0.11510417 0.4425 0.12135417 0.55333334 0.1171875 0.5575 0.0984375 0.5966667 0.0390625 0.58416665 0.030729167 0.62916666 0.026041666 0.68666667 0.0 0.6625
12 0.08125 1.0 0.103125 0.8858333 0.11145833 0.79 0.1234375 0.7583333 0.13229166 0.68916667 0.1296875 0.67833334 0.1328125 0.64416665 0.12083333 0.60333335 0.058854166 0.59 0.039583333 0.5858333 0.031770833 0.6275 0.028125 0.6875 0.0140625 0.7341667 0.0036458333 0.80333334 0.0 0.82916665 0.0 1.0
