8 0.7078125 0.17166667 0.696875 0.18083334 0.68958336 0.19083333 0.68385416 0.19916667 0.6703125 0.21166667 0.65208334 0.225 0.6421875 0.23583333 0.6375 0.23833333 0.671875 0.25916666 0.6723958 0.26166666 0.6645833 0.2875 0.659375 0.29916668 0.64270836 0.32583332 0.64166665 0.33416668 0.6401042 0.3525 0.6359375 0.3825 0.6380208 0.38833332 0.6489583 0.46166667 0.6536458 0.49416667 0.659375 0.5225 0.66302085 0.53583336 0.6671875 0.54333335 0.67291665 0.5475 0.6765625 0.55083334 0.6822917 0.5491667 0.7369792 0.5208333 0.78333336 0.49666667 0.790625 0.49166667 0.79479164 0.48416665 0.7973958 0.47416666 0.79791665 0.4625 0.7817708 0.395 0.7765625 0.39333335 0.7796875 0.38916665 0.7739583 0.37916666 0.75572914 0.3175 0.746875 0.29416665 0.74427086 0.2725 0.7416667 0.25416666 0.7338542 0.22583333 0.725 0.19 0.71510416 0.17666666 0.7125 0.17333333
8 0.7734375 0.27583334 0.76666665 0.275 0.75572914 0.2675 0.7421875 0.25916666 0.74375 0.26916668 0.7473958 0.29333332 0.75572914 0.3175 0.7739583 0.37916666 0.7765625 0.38333333 0.7807292 0.365 0.7765625 0.36 0.78229165 0.35833332 0.79322916 0.29666665 0.79270834 0.28916666 0.784375 0.28 0.78020835 0.2775 0.7760417 0.2775
8 0.7895833 0.34583333 0.80833334 0.39666668 0.8151042 0.41666666 0.815625 0.42583334 0.81458336 0.44 0.81041664 0.44833332 0.803125 0.455 0.7973958 0.46 0.78125 0.395 0.7765625 0.39333335 0.7796875 0.39 0.7765625 0.38333333 0.7807292 0.36583334 0.7765625 0.36 0.78229165 0.3575 0.7859375 0.33666667
8 0.6098958 0.53583336 0.6098958 0.5441667 0.6098958 0.5516667 0.61302084 0.56166667 0.6166667 0.5675 0.6510417 0.57666665 0.66614586 0.5783333 0.6848958 0.57666665 0.690625 0.5783333 0.6979167 0.58916664 0.7057292 0.6 0.7114583 0.6041667 0.7182292 0.6075 0.7260417 0.60833335 0.73125 0.60833335 0.7395833 0.60083336 0.74427086 0.5858333 0.75 0.5566667 0.7578125 0.51 0.7078125 0.53583336 0.68177086 0.5491667 0.6765625 0.55083334 0.66770834 0.54333335 0.66302085 0.5366667 0.65520835 0.50166667 0.65208334 0.48416665 0.64427084 0.42916667 0.6380208 0.38916665 0.6359375 0.3825 0.6302083 0.42166665 0.6265625 0.44916666 0.61614585 0.50416666 0.61354166 0.52416664 0.61041665 0.53
8 0.60260415 0.54 0.61927086 0.5875 0.62395835 0.5941667 0.62864584 0.5975 0.634375 0.5975 0.6401042 0.59583336 0.659375 0.5775 0.65208334 0.57666665 0.61614585 0.5675 0.61354166 0.56166667 0.6098958 0.5516667 0.6098958 0.535 0.61041665 0.5316667 0.60364586 0.5375 0.60260415 0.5375
8 0.56614584 0.63416666 0.5765625 0.6716667 0.5786458 0.6766667 0.58229166 0.68 0.58697915 0.68333334 0.59270835 0.68416667 0.5984375 0.6825 0.6244792 0.66083336 0.6645833 0.625 0.7026042 0.59583336 0.690625 0.5783333 0.6848958 0.57666665 0.665625 0.5783333 0.659375 0.5775 0.6401042 0.59583336 0.63489586 0.5975 0.62916666 0.5975 0.6244792 0.5941667 0.61927086 0.5875 0.603125 0.54 0.60260415 0.53833336 0.5885417 0.5375 0.57708335 0.575 0.5671875 0.62583333
8 0.48020834 0.685 0.52708334 0.7083333 0.5328125 0.71166664 0.540625 0.71 0.54791665 0.705 0.5520833 0.69416666 0.5630208 0.63416666 0.56614584 0.63416666 0.5671875 0.625 0.57708335 0.575 0.5885417 0.5375 0.5875 0.5366667 0.55052084 0.51 0.52760416 0.4925 0.51979166 0.49083334 0.5104167 0.49 0.5005208 0.48833334 0.49375 0.48416665 0.48697916 0.4725 0.48489583 0.4625 0.48489583 0.45333335 0.49114582 0.4275 0.5046875 0.38 0.51197916 0.3425 0.51666665 0.32583332 0.5140625 0.325 0.5083333 0.325 0.50104165 0.33083335 0.4875 0.38583332 0.48697916 0.39916667 0.48333332 0.41166666 0.4625 0.4875 0.4578125 0.51166666 0.446875 0.5391667 0.44322917 0.5525 0.4453125 0.55833334 0.44114584 0.56 0.43125 0.59583336 0.42395833 0.625 0.4234375 0.6375 0.4265625 0.6458333 0.43177083 0.6525 0.46979168 0.67833334
8 0.7682292 0.5108333 0.7703125 0.5183333 0.7703125 0.5283333 0.7671875 0.5425 0.7604167 0.55333334 0.7494792 0.56083333 0.7578125 0.51 0.76666665 0.505
8 0.04375 0.051666666 0.0 0.045833334 0.0 0.0 0.047395833 0.0
8 0.5796875 0.20166667 0.5442708 0.1825 0.54270834 0.18416667 0.53489584 0.21416667 0.534375 0.22666667 0.5317708 0.23416667 0.5296875 0.24916667 0.5286458 0.27166668 0.528125 0.285 0.52135414 0.30916667 0.5125 0.34166667 0.5046875 0.38 0.49114582 0.4275 0.48489583 0.45333335 0.48489583 0.46333334 0.48697916 0.47166666 0.49322918 0.48333332 0.5005208 0.4875 0.50989586 0.49 0.51927084 0.49083334 0.52760416 0.4925 0.5677083 0.5225 0.5885417 0.5366667 0.59791666 0.53833336 0.603125 0.53833336 0.609375 0.5316667 0.6140625 0.52416664 0.6166667 0.49916667 0.62708336 0.4475 0.6401042 0.35083333 0.64166665 0.33416668 0.64270836 0.32583332 0.65208334 0.31083333 0.65989584 0.29833335 0.6640625 0.28916666 0.671875 0.2625 0.671875 0.26 0.64166665 0.24083333 0.5890625 0.2075
