4 0.88385415 0.0 0.946875 0.0725 0.95520836 0.08166666 0.9734375 0.08 1.0 0.033333335 1.0 0.013333334 0.9838542 0.0
19 0.31510416 0.9975 0.3609375 0.87583333 0.37760416 0.83416665 0.3828125 0.82916665 0.38958332 0.8275 0.39583334 0.82916665 0.43072918 0.865 0.5046875 0.945 0.5140625 0.95666665 0.51770836 0.97333336 0.5161458 0.97833335 0.5078125 1.0 0.31458333 1.0
19 0.2484375 0.67833334 0.2578125 0.67333335 0.27291667 0.67 0.2796875 0.7441667 0.29375 0.8375 0.29791668 0.86833334 0.3046875 0.9266667 0.309375 0.965 0.28541666 0.9716667 0.278125 0.9691667 0.27291667 0.96416664 0.2703125 0.95666665 0.26510417 0.8883333 0.25989583 0.83416665 0.25208333 0.75083333 0.246875 0.7008333 0.24479167 0.69166666 0.24635416 0.6825
2 0.2640625 0.58666664 0.2859375 0.57666665 0.33333334 0.56083333 0.39114583 0.5375 0.43020833 0.5208333 0.43854168 0.57416666 0.446875 0.6458333 0.44947916 0.66583335 0.4578125 0.725 0.4640625 0.76 0.459375 0.80333334 0.45989582 0.81583333 0.4640625 0.83166665 0.46979168 0.83916664 0.47708333 0.8441667 0.48125 0.865 0.48541668 0.9025 0.46979168 0.9075 0.4453125 0.8808333 0.43072918 0.8641667 0.40729168 0.84166664 0.3953125 0.82916665 0.38958332 0.8275 0.3828125 0.82916665 0.37760416 0.83416665 0.35729167 0.88416666 0.3296875 0.95916665 0.30989584 0.96666664 0.309375 0.965 0.303125 0.9141667 0.29739583 0.86333334 0.29375 0.8375 0.28854167 0.80083334 0.2796875 0.7441667 0.2765625 0.71 0.27135417 0.655 0.2671875 0.60833335 0.26510417 0.59166664
1 0.47708333 0.55916667 0.44270834 0.55083334 0.434375 0.5491667 0.43854168 0.575 0.44791666 0.6533333 0.44947916 0.6675 0.45625 0.71166664 0.45833334 0.7266667 0.4640625 0.7608333 0.4671875 0.73 0.46979168 0.70916665 0.47083333 0.67 0.4734375 0.6141667 0.47552082 0.5966667 0.478125 0.55916667
1 0.59739584 0.85833335 0.59791666 0.895 0.5989583 0.9008333 0.59947914 0.9091667 0.5984375 0.9175 0.56927085 0.91083336 0.55104166 0.90833336 0.52552086 0.90416664 0.50885415 0.89666665 0.49375 0.89 0.48385417 0.8875 0.48125 0.86583334 0.47708333 0.8433333 0.50989586 0.84833336 0.5296875 0.85083336 0.534375 0.85 0.54114586 0.845 0.5463542 0.84583336 0.55104166 0.8525 0.5619792 0.8575 0.58020836 0.865 0.5875 0.8641667 0.5921875 0.8625 0.596875 0.855
14 0.5609375 0.15833333 0.553125 0.14833333 0.5416667 0.12916666 0.5239583 0.0975 0.5130208 0.07833333 0.5078125 0.08583333 0.50572914 0.108333334 0.48125 0.14916667 0.44166666 0.21333334 0.38645834 0.30666667 0.3765625 0.325 0.3640625 0.32333332 0.35677084 0.33416668 0.35208333 0.345 0.37395832 0.3725 0.38020834 0.38916665 0.4015625 0.425 0.41614583 0.40333334 0.41822916 0.37666667 0.42395833 0.36416668 0.434375 0.35 0.46875 0.28666666 0.5229167 0.19416666 0.54270834 0.17166667 0.5494792 0.16583334 0.55572915 0.165
16 0.34895834 0.0775 0.37708333 0.13833334 0.41197917 0.21333334 0.425 0.24166666 0.4171875 0.255 0.3953125 0.29083332 0.3859375 0.30666667 0.3765625 0.325 0.3640625 0.32333332 0.35625 0.33416668 0.35208333 0.345 0.37395832 0.3725 0.38020834 0.39 0.38125 0.39166668 0.37291667 0.4 0.34895834 0.42583334 0.30729166 0.4675 0.2984375 0.47416666 0.28072917 0.49583334 0.2734375 0.5075 0.27083334 0.51 0.23489584 0.51166666 0.22864583 0.5058333 0.2234375 0.48833334 0.221875 0.46666667 0.21458334 0.45833334 0.1984375 0.43583333 0.17395833 0.38833332 0.14479166 0.32083333 0.20208333 0.25416666 0.27447918 0.1725 0.33177084 0.09583333
18 0.5697917 0.49583334 0.5421875 0.49 0.5 0.48666668 0.49114582 0.49 0.48489583 0.49666667 0.48072916 0.51166666 0.48020834 0.5175 0.47916666 0.5416667 0.47708333 0.57 0.475 0.5975 0.4734375 0.6141667 0.471875 0.64916664 0.47083333 0.665 0.46979168 0.7033333 0.46979168 0.70916665 0.46666667 0.7391667 0.46354166 0.76416665 0.459375 0.80333334 0.45989582 0.81666666 0.4640625 0.83166665 0.4703125 0.83916664 0.47708333 0.8441667 0.47708333 0.8433333 0.49791667 0.8466667 0.52447915 0.85 0.5296875 0.85083336 0.534375 0.8491667 0.54114586 0.84583336 0.5463542 0.8466667 0.55104166 0.8525 0.5609375 0.8566667 0.58020836 0.865 0.5875 0.8641667 0.5921875 0.8625 0.59947914 0.85083336 0.6015625 0.8433333 0.603125 0.8325 0.609375 0.7391667 0.6140625 0.67833334 0.6197917 0.5783333 0.62135416 0.5325 0.61614585 0.515 0.6041667 0.505 0.5776042 0.49833333
12 0.6859375 0.48583335 0.65052086 0.5375 0.63072914 0.56666666 0.61927086 0.5825 0.6177083 0.615 0.61510414 0.66083336 0.6098958 0.73583335 0.609375 0.745 0.63125 0.78583336 0.6421875 0.805 0.6645833 0.77 0.68072915 0.74583334 0.72864586 0.67 0.7604167 0.6308333 0.8151042 0.56083333 0.83177084 0.53833336 0.8151042 0.5133333 0.79375 0.5475 0.75625 0.6175 0.753125 0.62333333 0.74322915 0.6116667 0.74010414 0.59583336 0.7234375 0.56166667 0.7046875 0.52166665 0.69322914 0.49916667
0 0.76197916 0.14666666 0.70520836 0.23833333 0.6927083 0.25916666 0.64479166 0.3175 0.609375 0.35666665 0.6145833 0.37083334 0.6401042 0.40916666 0.66979164 0.4475 0.6802083 0.4725 0.68645835 0.48583335 0.70625 0.525 0.72864586 0.5725 0.74010414 0.59583336 0.74322915 0.61083335 0.753125 0.62333333 0.78020835 0.5725 0.79322916 0.54833335 0.8151042 0.5133333 0.84166664 0.46916667 0.88125 0.41416666 0.9109375 0.3775 0.9067708 0.37083334 0.90416664 0.37083334 0.8828125 0.35333332 0.85364586 0.33333334 0.83177084 0.31833333 0.8197917 0.30416667 0.8119792 0.30083334 0.8098958 0.28583333 0.8052083 0.27083334 0.790625 0.2175 0.77760416 0.16833334 0.7651042 0.14916667 0.76354164 0.14666666
5 0.89739585 0.7783333 0.86302084 0.74083334 0.83177084 0.7175 0.7895833 0.68083334 0.78541666 0.67083335 0.7630208 0.6691667 0.7348958 0.6625 0.76666665 0.62333333 0.80104166 0.5783333 0.8151042 0.56083333 0.83177084 0.53833336 0.8151042 0.5133333 0.83020836 0.48833334 0.8421875 0.46916667 0.8625 0.44 0.87916666 0.4575 0.88385415 0.46333334 0.9 0.46833333 0.925 0.4775 0.9671875 0.49666667 0.98645836 0.505 0.9875 0.5083333 0.96979165 0.555 0.946875 0.6308333 0.9348958 0.70916665 0.9166667 0.79083335 0.90208334 0.7825
15 0.8421875 0.22 0.8390625 0.23 0.84739584 0.23583333 0.846875 0.24 0.85 0.24333334 0.8463542 0.25166667 0.84739584 0.2625 0.8546875 0.27916667 0.86614585 0.29916668 0.89270836 0.34333333 0.9171875 0.385 0.959375 0.46083334 0.9869792 0.505 0.9953125 0.51416665 1.0 0.5158333 1.0 0.445 0.9661458 0.38083333 0.91875 0.3025 0.8802083 0.24333334 0.86614585 0.22916667 0.859375 0.22833334 0.85625 0.23083334 0.85364586 0.2275 0.8510417 0.23 0.84479165 0.22
1 0.55572915 0.0 0.60572916 0.026666667 0.6380208 0.058333334 0.64479166 0.058333334 0.6401042 0.04083333 0.6411458 0.020833334 0.6458333 0.0
