6 0.5453125 0.07416666 0.55572915 0.11083333 0.5651042 0.12833333 0.5828125 0.19916667 0.5911458 0.23166667 0.5885417 0.23583333 0.5703125 0.2425 0.5515625 0.25166667 0.51875 0.26 0.5125 0.265 0.49479166 0.2975 0.48125 0.30916667 0.47447917 0.32666665 0.46197918 0.33083335 0.45729166 0.31166667 0.43229166 0.24 0.41354167 0.1875 0.4078125 0.17166667 0.41197917 0.16583334 0.4328125 0.15083334 0.4625 0.13333334 0.49270833 0.11416667 0.5104167 0.0975 0.52135414 0.08583333 0.52760416 0.08083333 0.53333336 0.07666667 0.5395833 0.07333333
6 0.5572917 0.0 0.6546875 0.0 0.66197914 0.034166668 0.66875 0.0775 0.66302085 0.07833333 0.65052086 0.075833336 0.63177085 0.0825 0.62604165 0.08916666 0.61822915 0.09916667 0.5828125 0.1175 0.57447916 0.1175 0.5630208 0.1225 0.5609375 0.12083333 0.559375 0.115833335 0.5578125 0.03 0.55625 0.0033333334
6 0.43385416 0.0 0.54583335 0.0 0.54322916 0.024166666 0.5395833 0.048333332 0.5395833 0.061666667 0.54114586 0.0725 0.5385417 0.07333333 0.5286458 0.08 0.52239585 0.08583333 0.5130208 0.095 0.49739584 0.10916667 0.49322918 0.11416667 0.47135416 0.12666667 0.44947916 0.14 0.440625 0.14583333 0.44010416 0.11083333 0.4359375 0.046666667 0.43333334 0.0033333334
6 0.271875 0.16833334 0.334375 0.115 0.35729167 0.08833333 0.36614582 0.08 0.37239584 0.0775 0.38385418 0.12916666 0.40260416 0.18583333 0.4265625 0.245 0.4421875 0.27833334 0.44635418 0.28666666 0.44791666 0.29916668 0.4015625 0.34583333 0.36927083 0.37416667 0.35260418 0.3925 0.34947917 0.38666666 0.34114584 0.35833332 0.33229166 0.32166666 0.325 0.3 0.3203125 0.28333333 0.29479167 0.2375 0.27604166 0.195 0.27083334 0.1775 0.26875 0.17083333
6 0.35989583 0.4725 0.384375 0.4125 0.40208334 0.35916665 0.40885416 0.34 0.41822916 0.32916668 0.4421875 0.3525 0.5161458 0.42166665 0.5328125 0.43666667 0.5463542 0.45166665 0.54375 0.465 0.5072917 0.555 0.48489583 0.60583335 0.46458334 0.5758333 0.44947916 0.55 0.4265625 0.5258333 0.38958332 0.50166667 0.36354166 0.485 0.359375 0.47666666
6 0.375 0.075 0.42135417 0.06666667 0.43697917 0.064166665 0.43854168 0.0875 0.4390625 0.093333334 0.43697917 0.1075 0.43489584 0.13916667 0.43333334 0.15083334 0.4203125 0.15916666 0.41145834 0.16583334 0.4078125 0.17166667 0.4140625 0.1875 0.42447916 0.21666667 0.43229166 0.23916666 0.4296875 0.24666667 0.428125 0.2475 0.41927084 0.22666667 0.40885416 0.20083334 0.39895833 0.175 0.38958332 0.14666666 0.38333333 0.12833333 0.37760416 0.1 0.37395832 0.08166666 0.37239584 0.0775
6 0.32708332 0.08916666 0.3390625 0.08416667 0.36770833 0.0775 0.3625 0.083333336 0.35625 0.08916666 0.35104167 0.095 0.34322917 0.104166664 0.3359375 0.1125 0.33020833 0.1175 0.328125 0.10333333 0.3265625 0.094166666
6 0.26041666 0.0 0.28020832 0.04083333 0.28854167 0.079166666 0.29479167 0.0875 0.31614584 0.09916667 0.32604167 0.10666667 0.328125 0.119166665 0.29635417 0.14666666 0.2703125 0.16833334 0.26875 0.17833333 0.26458332 0.1875 0.2375 0.2 0.2296875 0.195 0.22864583 0.18916667 0.23333333 0.18583333 0.2359375 0.17583333 0.23229167 0.16833334 0.19010417 0.125 0.18229167 0.1125 0.20416667 0.075833336 0.21979167 0.0375 0.22708334 0.029166667 0.25208333 0.00083333335 0.25677082 0.0
6 0.1046875 0.17 0.13645834 0.14 0.17395833 0.105 0.18072917 0.0925 0.18697916 0.086666666 0.19375 0.08 0.1984375 0.083333336 0.19635417 0.08833333 0.18802084 0.1025 0.18229167 0.1125 0.18541667 0.1175 0.190625 0.125 0.20416667 0.1375 0.2140625 0.14916667 0.2203125 0.15583333 0.2265625 0.17916666 0.22916667 0.19 0.23020834 0.19583334 0.23958333 0.21666667 0.24895833 0.23833333 0.26458332 0.26333332 0.26822916 0.27083334 0.26979166 0.27666667 0.22916667 0.315 0.21927084 0.33166668 0.19895834 0.34916666 0.17864583 0.3725 0.16197917 0.3225 0.13854167 0.25583333 0.1203125 0.20583333 0.106770836 0.17916666 0.10572917 0.17416666
6 0.61354166 0.1375 0.675 0.111666664 0.68333334 0.1075 0.71770835 0.09166667 0.7239583 0.09 0.72864586 0.12 0.73072916 0.1775 0.73020834 0.2075 0.73072916 0.22666667 0.734375 0.23333333 0.7484375 0.26 0.75677085 0.27916667 0.7640625 0.29 0.7572917 0.2975 0.7125 0.32916668 0.6921875 0.34916666 0.684375 0.35583332 0.6703125 0.3675 0.65625 0.37583333 0.6489583 0.35166666 0.6432292 0.30833334 0.63385415 0.24416667 0.62916666 0.22333333 0.62135416 0.19 0.61510414 0.16416667 0.61354166 0.15083334 0.6125 0.1425
