14 0.22552083 0.43 0.21875 0.43666667 0.21510416 0.4375 0.20833333 0.43333334 0.2 0.42 0.19895834 0.41416666 0.215625 0.33916667 0.221875 0.30916667 0.24166666 0.32166666 0.2421875 0.325 0.26302084 0.345 0.27083334 0.355 0.27447918 0.36166668 0.28177083 0.36833334 0.28697917 0.37166667 0.359375 0.42416668 0.40364584 0.46 0.40625 0.46416667 0.4140625 0.465 0.4171875 0.46083334 0.43697917 0.46416667 0.43697917 0.46083334 0.43854168 0.46083334 0.440625 0.465 0.45 0.47333333 0.45416668 0.47833332 0.4375 0.53833336 0.4234375 0.5908333 0.415625 0.5858333 0.40625 0.5783333 0.40416667 0.5683333 0.39895833 0.56 0.39583334 0.54583335 0.3796875 0.5391667 0.35572916 0.5225 0.31510416 0.49333334 0.30677083 0.48833334 0.25364584 0.44916666 0.22916667 0.43166667
14 0.28645834 0.37083334 0.29739583 0.34666666 0.30260417 0.33083335 0.3015625 0.31166667 0.3015625 0.29583332 0.30260417 0.29416665 0.3109375 0.29916668 0.32604167 0.31166667 0.33645833 0.32 0.33854166 0.32583332 0.34010416 0.32583332 0.34479168 0.3325 0.35208333 0.33833334 0.35833332 0.345 0.3609375 0.35416666 0.36510417 0.36666667 0.3640625 0.3725 0.35364583 0.37 0.34947917 0.38666666 0.34583333 0.39833334 0.34010416 0.41
14 0.384375 0.37583333 0.378125 0.35916665 0.375 0.35333332 0.36770833 0.34916666 0.35989583 0.34666666 0.35729167 0.34 0.35625 0.33333334 0.36770833 0.32333332 0.39739582 0.29916668 0.4078125 0.29 0.40625 0.295 0.4109375 0.30416667 0.40833333 0.30833334 0.409375 0.3125 0.4125 0.31333333 0.4140625 0.31083333 0.42395833 0.31666666 0.42447916 0.32833335 0.43802083 0.3675 0.45885417 0.4275 0.46458334 0.445 0.4515625 0.45916668 0.44427082 0.4675 0.44114584 0.465 0.4390625 0.46 0.43645832 0.46 0.43697917 0.46333334 0.4171875 0.46083334 0.4140625 0.46416667 0.39791667 0.41666666 0.38489583 0.3775
14 0.36145833 0.425 0.38385418 0.41583332 0.39270833 0.41166666 0.39583334 0.41166666 0.39791667 0.41833332 0.39739582 0.42666668 0.3953125 0.42416668 0.39427084 0.425 0.39427084 0.445 0.39375 0.45166665
14 0.37291667 0.6616667 0.36041668 0.59583336 0.34947917 0.5283333 0.34791666 0.5175 0.3796875 0.5391667 0.3953125 0.54583335 0.3984375 0.56 0.40416667 0.5683333 0.40625 0.57916665 0.41666666 0.58666664 0.425 0.6375 0.4359375 0.705 0.440625 0.7191667 0.44322917 0.72333336 0.45052084 0.7316667 0.45416668 0.74833333 0.45520833 0.7625 0.45364583 0.7658333 0.4234375 0.78 0.3875 0.79583335 0.384375 0.7916667 0.3796875 0.77 0.38020834 0.765 0.38333333 0.7441667 0.384375 0.73833334 0.37708333 0.68833333
14 0.44479167 0.4675 0.46510416 0.445 0.49427083 0.41583332 0.51770836 0.39166668 0.5442708 0.36583334 0.56927085 0.34416667 0.57708335 0.3375 0.5890625 0.32166666 0.6020833 0.30083334 0.60729164 0.29583332 0.6109375 0.29333332 0.6119792 0.31416667 0.6125 0.33416668 0.6145833 0.35083333 0.6166667 0.3675 0.6177083 0.37 0.6265625 0.37 0.6359375 0.37 0.63645834 0.37666667 0.63385415 0.385 0.63177085 0.385 0.6302083 0.38333333 0.62083334 0.3875 0.6203125 0.39166668 0.60052085 0.415 0.58177084 0.43416667 0.5640625 0.4525 0.5473958 0.47166666 0.52708334 0.49166667 0.4859375 0.535 0.465625 0.55083334 0.45520833 0.55916667 0.45364583 0.5708333 0.45208332 0.5783333 0.44791666 0.5833333 0.44166666 0.56583333 0.43645832 0.54333335 0.44375 0.5175 0.4546875 0.4775
14 0.5609375 0.55 0.5598958 0.5325 0.55677086 0.53 0.55052084 0.52166665 0.534375 0.495 0.53125 0.48833334 0.54010415 0.48 0.5494792 0.47 0.5703125 0.44666666 0.5796875 0.4375 0.5890625 0.45583335 0.6067708 0.46666667 0.61614585 0.4725 0.62708336 0.48916668 0.6276042 0.49166667 0.5932292 0.5525 0.5786458 0.57416666 0.5619792 0.55583334
14 0.5307292 0.6016667 0.49114582 0.635 0.4671875 0.65416664 0.459375 0.6358333 0.45833334 0.63166666 0.45885417 0.62666667 0.45885417 0.6166667 0.45677084 0.5966667 0.45572916 0.5833333 0.4546875 0.5808333 0.45260417 0.57916665 0.45416668 0.57166666 0.45416668 0.56666666 0.45520833 0.56 0.47135416 0.5466667 0.4875 0.53333336 0.49427083 0.52666664 0.49739584 0.535 0.50572914 0.5425 0.51458335 0.5575 0.5234375 0.575 0.5307292 0.5975
14 0.490625 0.4175 0.46770832 0.37916666 0.45416668 0.355 0.4375 0.325 0.43541667 0.32083333 0.4234375 0.31583333 0.41354167 0.31 0.4125 0.3125 0.409375 0.31166667 0.40833333 0.30833334 0.41145834 0.30416667 0.40625 0.295 0.4078125 0.29 0.41354167 0.28333333 0.43072918 0.26166666 0.43802083 0.25166667 0.446875 0.22416666 0.4515625 0.20916666 0.45416668 0.20916666 0.46666667 0.22583333 0.47135416 0.24416667 0.47447917 0.26666668 0.484375 0.27583334 0.5265625 0.34583333 0.5317708 0.355 0.54010415 0.36916667
14 0.56145835 0.34916666 0.5515625 0.35083333 0.5385417 0.35333332 0.5338542 0.35666665 0.52916664 0.34916666 0.53229165 0.32916668 0.53697914 0.30666667 0.5395833 0.2775 0.5390625 0.2675 0.53802085 0.265 0.5385417 0.25916666 0.5359375 0.25666666 0.53697914 0.2525 0.53333336 0.2475 0.53333336 0.245 0.5416667 0.24083333 0.54791665 0.24166666 0.5520833 0.2475 0.5572917 0.25833333 0.56822914 0.26666668 0.5776042 0.26833335 0.60729164 0.28166667 0.653125 0.30166668 0.7114583 0.32333332 0.74583334 0.33583334 0.7484375 0.3375 0.7505208 0.34666666 0.75364584 0.355 0.7484375 0.365 0.7447917 0.36 0.7390625 0.40666667 0.74010414 0.41666666 0.740625 0.43666667 0.73802084 0.4375 0.7359375 0.43666667 0.72864586 0.42916667 0.71770835 0.42 0.7104167 0.4125 0.69635415 0.40416667 0.65989584 0.39 0.63645834 0.3775 0.63645834 0.37583333 0.6359375 0.37 0.6177083 0.36916667 0.6171875 0.3675 0.61302084 0.3325 0.6109375 0.29333332 0.6067708 0.29583332 0.6015625 0.30083334 0.5875 0.3225 0.5765625 0.3375 0.56354165 0.34833333
14 0.6390625 0.685 0.64166665 0.5858333 0.6375 0.58416665 0.634375 0.5725 0.6359375 0.5708333 0.671875 0.575 0.7546875 0.57916665 0.83177084 0.58166665 0.83489585 0.5808333 0.8354167 0.57666665 0.8390625 0.5725 0.85052085 0.57 0.8697917 0.57416666 0.87291664 0.615 0.8734375 0.68416667 0.8541667 0.68333334 0.85052085 0.6791667 0.840625 0.67583334 0.8296875 0.67083335 0.82239586 0.6666667 0.80104166 0.66583335 0.76197916 0.66333336 0.7453125 0.6625 0.73854166 0.66 0.72760415 0.6625 0.715625 0.6641667 0.67395836 0.66583335 0.6640625 0.6666667 0.6609375 0.66833335 0.6536458 0.67583334 0.64739585 0.6766667 0.64375 0.68666667 0.6411458 0.6875
14 0.77135414 0.69083333 0.75364584 0.6691667 0.74791664 0.66333336 0.77760416 0.665 0.8052083 0.6666667 0.8171875 0.6666667 0.8119792 0.6825 0.8020833 0.7158333 0.7963542 0.73 0.7916667 0.72833335 0.7838542 0.71666664 0.7838542 0.7083333
14 0.73125 0.7733333 0.721875 0.7633333 0.71770835 0.755 0.68958336 0.73833334 0.63125 0.7033333 0.57135415 0.6675 0.5442708 0.65 0.54010415 0.6458333 0.5286458 0.635 0.5286458 0.62583333 0.540625 0.6358333 0.54375 0.6358333 0.54270834 0.5783333 0.54270834 0.55916667 0.54270834 0.555 0.54114586 0.5525 0.5421875 0.5491667 0.5515625 0.54833335 0.55572915 0.55 0.5625 0.56083333 0.5697917 0.57166666 0.5796875 0.5775 0.5911458 0.5883333 0.5963542 0.59 0.625 0.6066667 0.63958335 0.6166667 0.6390625 0.685 0.6411458 0.6875 0.64375 0.68666667 0.64739585 0.6775 0.65416664 0.67583334 0.6609375 0.66833335 0.6645833 0.6666667 0.6796875 0.66583335 0.70416665 0.66583335 0.71875 0.6641667 0.725 0.6675 0.7291667 0.6666667 0.7421875 0.6691667 0.75 0.6691667 0.7484375 0.67333335 0.74427086 0.68333334 0.74114585 0.7008333 0.7395833 0.70666665 0.73802084 0.70916665 0.7375 0.72583336 0.73541665 0.74583334 0.7395833 0.74666667 0.74010414 0.74833333 0.7375 0.75083333 0.73802084 0.75416666 0.74114585 0.75666666 0.7416667 0.7608333 0.74583334 0.76166666 0.74583334 0.7658333 0.73645836 0.77416664 0.73125 0.775
14 0.671875 0.57416666 0.65260416 0.5541667 0.6375 0.53583336 0.63489586 0.5391667 0.6296875 0.54333335 0.62604165 0.545 0.62291664 0.54 0.6255208 0.535 0.63697916 0.5158333 0.64947915 0.49666667 0.6578125 0.4875 0.659375 0.4825 0.65729165 0.4775 0.65260416 0.4675 0.6479167 0.46083334 0.646875 0.45583335 0.65260416 0.45416668 0.6546875 0.45416668 0.66979164 0.46833333 0.70208335 0.505 0.74322915 0.55 0.7625 0.5708333 0.76927084 0.57916665 0.7390625 0.5783333
14 0.7682292 0.555 0.7546875 0.54083335 0.7447917 0.52916664 0.74114585 0.525 0.7291667 0.5258333 0.7239583 0.5258333 0.71510416 0.51166666 0.73072916 0.4675 0.746875 0.4275 0.75364584 0.4125 0.7572917 0.415 0.7661458 0.42583334 0.7671875 0.42916667 0.7734375 0.445 0.7807292 0.46 0.79322916 0.47333333 0.8125 0.49583334 0.8354167 0.52166665 0.8453125 0.5325 0.8822917 0.5725 0.9046875 0.5966667 0.9140625 0.605 0.925 0.6041667 0.9390625 0.61333334 0.94947916 0.62083334 0.95104164 0.62416667 0.9296875 0.665 0.9135417 0.6983333 0.90625 0.71166664 0.9010417 0.7175 0.89427084 0.71 0.8932292 0.69416666 0.8828125 0.6816667 0.875 0.6775 0.8734375 0.6408333 0.8734375 0.615 0.8697917 0.57416666 0.85052085 0.57 0.8385417 0.57166666 0.83489585 0.57666665 0.834375 0.5808333 0.8078125 0.58 0.79010415 0.57916665 0.775 0.56416667
14 0.24791667 0.67833334 0.18229167 0.6191667 0.190625 0.6025 0.1921875 0.5941667 0.203125 0.5783333 0.20572917 0.57 0.21927084 0.54333335 0.2546875 0.45083332 0.30625 0.48916668 0.2875 0.5425 0.26979166 0.5908333 0.2609375 0.6141667 0.25885418 0.62083334 0.25833333 0.6325 0.25677082 0.6558333 0.25 0.67333335
