12 0.21927084 0.18916667 0.25729167 0.1675 0.29322916 0.14083333 0.3265625 0.115833335 0.3734375 0.07833333 0.3984375 0.0625 0.40364584 0.08 0.41979167 0.13083333 0.43229166 0.16166666 0.43645832 0.17583333 0.43072918 0.185 0.38958332 0.22666667 0.34270832 0.2725 0.3203125 0.29666665 0.30416667 0.31833333 0.2796875 0.3475 0.26614583 0.34083334 0.26458332 0.34333333 0.259375 0.37166667 0.24583334 0.38583332 0.23072916 0.38833332 0.21354167 0.385 0.2125 0.38416666 0.19322917 0.32083333 0.1765625 0.26083332 0.16770834 0.23333333 0.1671875 0.22333333 0.20260416 0.20083334 0.2171875 0.1925
12 0.30989584 0.31333333 0.32447916 0.33666667 0.34427083 0.3625 0.34895834 0.37 0.3515625 0.3875 0.28802082 0.35166666 0.2796875 0.34833333 0.296875 0.3275 0.30520833 0.31833333 0.30885416 0.3125
12 0.21822916 0.38916665 0.25 0.42916667 0.253125 0.40333334 0.25989583 0.37083334 0.24583334 0.38583332 0.23072916 0.38833332 0.21302083 0.38583332
12 0.3546875 0.3875 0.38541666 0.40416667 0.38333333 0.42 0.371875 0.46666667 0.36770833 0.4825 0.359375 0.5075 0.353125 0.5233333 0.34895834 0.53833336 0.3421875 0.5675 0.3328125 0.6016667 0.321875 0.65416664 0.31822917 0.6741667 0.315625 0.71416664 0.31041667 0.7441667 0.3015625 0.7825 0.30052084 0.78833336 0.275 0.7733333 0.24270834 0.75333333 0.22395833 0.745 0.2015625 0.74 0.19114584 0.7366667 0.19322917 0.7241667 0.20416667 0.69166666 0.2171875 0.645 0.22395833 0.60833335 0.234375 0.54583335 0.24114583 0.49666667 0.24895833 0.45083332 0.25052083 0.42916667 0.253125 0.40416667 0.25989583 0.37083334 0.2640625 0.34416667 0.26614583 0.34083334 0.28020832 0.34833333 0.2875 0.35166666 0.35208333 0.3875
12 0.110416666 0.72 0.134375 0.6308333 0.15260416 0.545 0.15625 0.5416667 0.17239584 0.5541667 0.20729166 0.5733333 0.22552083 0.58666664 0.22708334 0.59 0.21666667 0.64666665 0.20364584 0.6925 0.19270833 0.7241667 0.19114584 0.7366667 0.22447917 0.745 0.24375 0.75416666 0.27916667 0.7758333 0.3 0.78833336 0.30416667 0.7708333 0.31145832 0.7425 0.31614584 0.715 0.31822917 0.67333335 0.321875 0.6533333 0.3328125 0.6575 0.35208333 0.6616667 0.38802084 0.68 0.38854167 0.68666667 0.375 0.755 0.35833332 0.8233333 0.34791666 0.8616667 0.34166667 0.8616667 0.33177084 0.8566667 0.30260417 0.835 0.28333333 0.8208333 0.25208333 0.7991667 0.22916667 0.7866667 0.215625 0.78 0.20520833 0.7725 0.17916666 0.7583333 0.1484375 0.74083334 0.12604167 0.73083335 0.109375 0.7241667
12 0.43697917 0.17166667 0.45729166 0.155 0.4734375 0.14833333 0.48385417 0.14333333 0.528125 0.111666664 0.54270834 0.1075 0.55885416 0.104166664 0.5630208 0.1125 0.5875 0.21833333 0.59739584 0.27083334 0.58697915 0.27666667 0.559375 0.29166666 0.53697914 0.29916668 0.5286458 0.3 0.49739584 0.3175 0.48072916 0.32 0.46666667 0.33166668 0.45364583 0.345 0.42604166 0.36333334 0.40052083 0.37916666 0.37135416 0.39583334 0.35520834 0.38833332 0.3515625 0.3875 0.3484375 0.36666667 0.33072916 0.2925 0.33072916 0.28583333 0.34635416 0.26916668 0.41979167 0.19583334 0.4296875 0.18583333 0.43645832 0.175
12 0.65625 0.35083333 0.7453125 0.29333332 0.76458335 0.28333333 0.76927084 0.3075 0.7828125 0.36333334 0.76354164 0.3725 0.73541665 0.38583332 0.70625 0.39416668 0.6953125 0.40166667 0.6671875 0.41416666 0.6510417 0.35833332 0.6510417 0.3525
12 0.55572915 0.44166666 0.5911458 0.43166667 0.6567708 0.41666666 0.66979164 0.41333333 0.696875 0.40083334 0.70625 0.395 0.73541665 0.38666666 0.78229165 0.36416668 0.8046875 0.35583332 0.80677086 0.37416667 0.81354165 0.43416667 0.82395834 0.4925 0.82916665 0.525 0.821875 0.53333336 0.79479164 0.5416667 0.75989586 0.555 0.7265625 0.5675 0.6859375 0.5833333 0.6692708 0.59 0.65052086 0.60583335 0.63958335 0.61 0.63125 0.6116667 0.58020836 0.6333333 0.5765625 0.63166666 0.56458336 0.5475 0.55260414 0.45166665
12 0.82135415 0.53833336 0.8359375 0.5875 0.8432292 0.62333333 0.85364586 0.65166664 0.8489583 0.66083336 0.8020833 0.6875 0.7427083 0.72583336 0.7359375 0.7183333 0.71197915 0.59833336 0.7057292 0.57666665 0.71197915 0.5733333 0.796875 0.54083335 0.8203125 0.5341667
12 0.47916666 0.8275 0.50416666 0.755 0.51875 0.6983333 0.5229167 0.6691667 0.52552086 0.6525 0.534375 0.6375 0.54375 0.6075 0.56354165 0.54083335 0.5734375 0.605 0.57708335 0.63166666 0.58020836 0.6333333 0.63177085 0.6116667 0.6510417 0.60583335 0.66302085 0.595 0.6515625 0.63416666 0.64479166 0.6575 0.63489586 0.69666666 0.63177085 0.71 0.6223958 0.7325 0.61302084 0.75666666 0.6041667 0.7866667 0.58802086 0.8491667 0.58385414 0.875 0.58177084 0.8975 0.5625 0.8858333 0.53125 0.875 0.49583334 0.8491667 0.4796875 0.8308333
12 0.16979167 0.13 0.2171875 0.19166666 0.203125 0.2 0.1671875 0.22416666 0.1671875 0.2325 0.17604166 0.26166666 0.19166666 0.315 0.20729166 0.3675 0.2125 0.38333333 0.203125 0.37083334 0.190625 0.36083335 0.18072917 0.34333333 0.16510417 0.3275 0.15989584 0.31333333 0.14479166 0.29916668 0.134375 0.29166666 0.11145833 0.25833333 0.1171875 0.22916667 0.14010416 0.17 0.159375 0.14 0.165625 0.13166666
