15 0.24322917 0.55 0.2375 0.56333333 0.21822916 0.6091667 0.21458334 0.62083334 0.21354167 0.6275 0.21354167 0.63416666 0.21354167 0.63916665 0.2140625 0.6425 0.2125 0.6433333 0.21145834 0.65 0.20520833 0.6566667 0.20625 0.6616667 0.20885417 0.6666667 0.21510416 0.6575 0.21770833 0.66083336 0.2203125 0.66 0.2203125 0.655 0.22864583 0.6566667 0.23489584 0.65166664 0.25208333 0.62583333 0.27291667 0.5775
15 0.2953125 0.6016667 0.278125 0.6358333 0.26458332 0.66 0.26145834 0.67 0.26145834 0.6766667 0.26197916 0.68083334 0.26041666 0.6825 0.26041666 0.68916667 0.25364584 0.69083333 0.25625 0.7008333 0.26145834 0.70916665 0.2640625 0.70916665 0.26666668 0.6975 0.2703125 0.6983333 0.27239582 0.69666666 0.28385416 0.6958333 0.31197917 0.6475 0.32239583 0.62833333
15 0.365625 0.4575 0.31614584 0.56083333 0.3421875 0.58416665 0.34322917 0.585 0.39010417 0.48833334 0.37395832 0.46583334
15 0.41302082 0.3875 0.4109375 0.38916665 0.40885416 0.39833334 0.40520832 0.3975 0.40364584 0.3975 0.40260416 0.40333334 0.396875 0.40083334 0.39166668 0.40666667 0.3859375 0.41416666 0.41041666 0.44666666 0.415625 0.435 0.41666666 0.42666668 0.41510418 0.41916665 0.4125 0.415 0.41510418 0.41 0.41458333 0.40583333 0.42135417 0.405 0.41822916 0.3975 0.41666666 0.39083335
15 0.40572917 0.5125 0.40260416 0.515 0.39427084 0.5283333 0.37552083 0.58916664 0.37291667 0.59 0.36770833 0.6075 0.39791667 0.6358333 0.40885416 0.5975 0.42395833 0.54583335 0.42447916 0.5366667
15 0.24010417 0.48666668 0.23541667 0.48416665 0.22760417 0.4875 0.22552083 0.49 0.22239584 0.48666668 0.2203125 0.48666668 0.215625 0.47916666 0.2109375 0.48416665 0.20833333 0.49 0.2140625 0.49833333 0.215625 0.50333333 0.21822916 0.50666666 0.21979167 0.5225 0.22552083 0.5325 0.259375 0.56416667 0.2734375 0.5783333 0.29739583 0.60333335 0.33072916 0.6358333 0.40260416 0.6975 0.4140625 0.7033333 0.42135417 0.7025 0.42447916 0.69916666 0.428125 0.70166665 0.43020833 0.7 0.43697917 0.70916665 0.440625 0.69416666 0.43385416 0.68916667 0.4328125 0.68333334 0.4296875 0.68083334 0.42708334 0.6625 0.39739582 0.635 0.35364583 0.59583336 0.3125 0.5566667 0.24791667 0.49333334
15 0.35208333 0.65416664 0.32604167 0.75 0.32760417 0.7558333 0.31354168 0.81333333 0.3140625 0.8225 0.31666666 0.83166665 0.31875 0.83666664 0.31875 0.8425 0.3140625 0.85333335 0.315625 0.85583335 0.3203125 0.86083335 0.3234375 0.8475 0.33020833 0.845 0.33125 0.84 0.33854166 0.83416665 0.34583333 0.8208333 0.3578125 0.78 0.36041668 0.77666664 0.38385418 0.68083334
15 0.52760416 0.6041667 0.44010416 0.49 0.41041666 0.4475 0.3828125 0.41083333 0.37291667 0.40666667 0.36666667 0.40833333 0.36302084 0.40583333 0.36041668 0.40666667 0.35104167 0.4 0.34895834 0.40416667 0.34895834 0.41666666 0.3546875 0.415 0.35833332 0.42333335 0.35833332 0.42833334 0.35885417 0.4425 0.36510417 0.45666668 0.37291667 0.46583334 0.390625 0.48833334 0.40885416 0.515 0.48333332 0.61583334 0.51875 0.6566667 0.5234375 0.66 0.53489584 0.6558333 0.5390625 0.66083336 0.54375 0.67083335 0.5515625 0.66333336 0.55052084 0.6566667 0.54479164 0.65166664 0.54375 0.645 0.54114586 0.64166665 0.54114586 0.62583333
15 0.4453125 0.565 0.4140625 0.65 0.4265625 0.6616667 0.4296875 0.68083334 0.4328125 0.68416667 0.434375 0.69 0.43697917 0.68833333 0.46979168 0.59833336
15 0.39739582 0.69666666 0.39270833 0.71666664 0.39270833 0.7241667 0.39322916 0.72833335 0.39583334 0.73583335 0.39427084 0.7391667 0.39322916 0.74666667 0.39166668 0.7475 0.38697916 0.75416666 0.38802084 0.75666666 0.39270833 0.7633333 0.3984375 0.7525 0.40364584 0.75 0.40364584 0.745 0.409375 0.7441667 0.41458333 0.74083334 0.41927084 0.73333335 0.43072918 0.7033333 0.43020833 0.7 0.428125 0.70166665 0.42447916 0.69916666 0.42083332 0.7025 0.4140625 0.7033333 0.403125 0.6975 0.39895833 0.69416666
15 0.475 0.6091667 0.4515625 0.6591667 0.4375 0.69083333 0.440625 0.6933333 0.43697917 0.71 0.43177083 0.7025 0.4296875 0.705 0.41927084 0.73333335 0.41510418 0.7425 0.41197917 0.75166667 0.41145834 0.76166666 0.41302082 0.775 0.41145834 0.7758333 0.41041666 0.7816667 0.41145834 0.7841667 0.409375 0.78833336 0.40729168 0.79333335 0.40833333 0.79833335 0.41145834 0.80083334 0.4125 0.8016667 0.4171875 0.7891667 0.41979167 0.79083335 0.42239583 0.78833336 0.4234375 0.785 0.43072918 0.7825 0.43802083 0.7758333 0.50208336 0.6375 0.496875 0.6308333 0.48854166 0.62166667 0.47604167 0.6066667
15 0.52135414 0.41 0.51875 0.4075 0.5140625 0.4075 0.51145834 0.40583333 0.51145834 0.4175 0.509375 0.42083332 0.50885415 0.42583334 0.5026042 0.425 0.496875 0.43083334 0.4890625 0.44583333 0.4625 0.5183333 0.48697916 0.55083334 0.5104167 0.48833334 0.51979166 0.455 0.5208333 0.44333333 0.51770836 0.43166667 0.51927084 0.42666668 0.51927084 0.42333335 0.5182292 0.4225 0.5208333 0.41916665 0.52135414 0.41416666
15 0.5515625 0.46583334 0.54791665 0.47583333 0.5453125 0.47416666 0.5421875 0.475 0.54270834 0.48 0.53489584 0.48166665 0.53125 0.48416665 0.5260417 0.49166667 0.50677085 0.53583336 0.4953125 0.56083333 0.5208333 0.595 0.534375 0.5625 0.55 0.5233333 0.553125 0.50666666 0.5520833 0.4975 0.5494792 0.49 0.55260414 0.48833334 0.5515625 0.48166665 0.5572917 0.47416666 0.55572915 0.46833333
15 0.62083334 0.6358333 0.55052084 0.6558333 0.5515625 0.66333336 0.54375 0.67083335 0.5385417 0.6591667 0.53229165 0.66083336 0.51770836 0.6675 0.50989586 0.675 0.5078125 0.6825 0.5078125 0.685 0.50364584 0.68666667 0.50364584 0.69 0.49479166 0.69 0.49427083 0.70166665 0.4984375 0.7083333 0.50364584 0.69916666 0.5046875 0.70416665 0.50885415 0.70416665 0.5151042 0.71166664 0.5239583 0.7133333 0.53697914 0.71166664 0.63489586 0.68666667
15 0.65520835 0.625 0.66770834 0.67333335 0.71458334 0.6591667 0.7213542 0.6533333 0.7239583 0.6475 0.72552085 0.63916665 0.7291667 0.63916665 0.7296875 0.6333333 0.73854166 0.62583333 0.7338542 0.6191667 0.7270833 0.62333333 0.7239583 0.6225 0.72239584 0.62416667 0.71875 0.61583334 0.71197915 0.6125 0.6875 0.6166667
15 0.64947915 0.605 0.6421875 0.58666664 0.6359375 0.58166665 0.6302083 0.5808333 0.6296875 0.5758333 0.6255208 0.5758333 0.6265625 0.56333333 0.61875 0.565 0.6125 0.56916666 0.61614585 0.57916665 0.6166667 0.5858333 0.61822915 0.5883333 0.61354166 0.59833336 0.61354166 0.6091667 0.62135416 0.6375 0.6703125 0.80833334 0.69322914 0.89 0.7005208 0.9125 0.70729166 0.9216667 0.7104167 0.9225 0.71510416 0.9266667 0.7161458 0.9325 0.7171875 0.93833333 0.721875 0.94 0.72864586 0.93083334 0.7234375 0.92083335 0.72552085 0.9125 0.72864586 0.9025 0.7291667 0.895 0.66979164 0.67833334
15 0.6557292 0.7758333 0.5953125 0.795 0.5833333 0.8016667 0.578125 0.8075 0.575 0.81583333 0.575 0.82 0.571875 0.8208333 0.5703125 0.8258333 0.5619792 0.82416666 0.5619792 0.8375 0.57135415 0.83416665 0.57239586 0.8383333 0.57447916 0.83916664 0.57604164 0.83666664 0.5796875 0.84166664 0.58489585 0.8475 0.5921875 0.84833336 0.6536458 0.83166665 0.6744792 0.82416666 0.66041666 0.77416664
15 0.7786458 0.73083335 0.7708333 0.73083335 0.6921875 0.7608333 0.7057292 0.81083333 0.7192708 0.80583334 0.77916664 0.7783333 0.78802085 0.77 0.7916667 0.7658333 0.79322916 0.7558333 0.79479164 0.7575 0.796875 0.755 0.7963542 0.74833333 0.8041667 0.7441667 0.803125 0.74 0.8015625 0.73833334 0.7984375 0.735 0.7942708 0.7391667 0.79010415 0.7391667 0.7885417 0.74083334 0.7838542 0.73333335
15 0.35572916 0.35833332 0.35 0.36833334 0.34635416 0.365 0.34427083 0.36833334 0.34427083 0.37333333 0.340625 0.3725 0.33385417 0.37333333 0.32552084 0.3825 0.30260417 0.42583334 0.26354167 0.5075 0.29114583 0.535 0.34583333 0.42666668 0.34947917 0.41666666 0.34895834 0.40416667 0.3515625 0.4 0.3546875 0.40333334 0.3546875 0.39333335 0.35208333 0.38 0.35520834 0.37333333 0.35989583 0.365
