14 0.17291667 0.44583333 0.13645834 0.42583334 0.10572917 0.40916666 0.1171875 0.3775 0.15989584 0.21666667 0.18541667 0.094166666 0.19947916 0.06916667 0.25989583 0.10916667 0.25104168 0.14 0.23177083 0.17833333 0.17135416 0.41583332
14 0.17083333 0.49333334 0.17708333 0.51166666 0.2078125 0.54 0.228125 0.535 0.21875 0.5625 0.16302083 0.76166666 0.1515625 0.8 0.15 0.8575 0.13489583 0.87333333 0.1046875 0.82666665 0.09739583 0.8066667 0.1453125 0.61333334 0.16197917 0.5375 0.16302083 0.51166666
14 0.23802084 0.5083333 0.2453125 0.50083333 0.26458332 0.51416665 0.29166666 0.51416665 0.45416668 0.50666666 0.4671875 0.5125 0.46510416 0.61333334 0.44739583 0.5883333 0.3234375 0.59583336 0.284375 0.59583336 0.25729167 0.61083335 0.24947916 0.6041667 0.24114583 0.5491667
14 0.25052083 0.3925 0.24895833 0.49833333 0.26666668 0.515 0.28229168 0.50083333 0.30416667 0.49666667 0.40364584 0.50083333 0.45052084 0.49916667 0.46197918 0.50666666 0.4703125 0.51666665 0.475 0.49916667 0.48072916 0.4625 0.484375 0.41 0.46822917 0.4075 0.45416668 0.41583332 0.41145834 0.41416666 0.303125 0.40916666 0.27708334 0.39916667 0.26302084 0.3875
14 0.2921875 0.30583334 0.2890625 0.39916667 0.29479167 0.40416667 0.3171875 0.39 0.46510416 0.4025 0.48229167 0.40666667 0.4890625 0.4175 0.49427083 0.4225 0.5005208 0.4 0.5130208 0.34916666 0.5239583 0.33333334 0.51979166 0.32083333 0.5078125 0.315 0.4765625 0.32083333 0.33697918 0.31583333 0.3046875 0.305
14 0.24895833 0.29583332 0.26041666 0.30833334 0.2921875 0.2925 0.43229166 0.2975 0.46041667 0.3 0.471875 0.32166666 0.4921875 0.31833333 0.4921875 0.27 0.48958334 0.19416666 0.471875 0.20166667 0.46197918 0.21833333 0.41875 0.21833333 0.29322916 0.20833333 0.28072917 0.21333334 0.26302084 0.19166666 0.24895833 0.19166666 0.25364584 0.2325 0.24947916 0.26666668 0.24791667 0.28
14 0.36458334 0.6725 0.36875 0.9216667 0.3703125 0.935 0.35260418 0.93916667 0.3125 0.95166665 0.30260417 0.94666666 0.30625 0.92833334 0.31614584 0.9116667 0.3171875 0.87833333 0.31302083 0.6525 0.3109375 0.6358333 0.3046875 0.59583336 0.34895834 0.6 0.3796875 0.60583335 0.36458334 0.62166667 0.36041668 0.64416665
14 0.3765625 0.6741667 0.3671875 0.6508333 0.36302084 0.63416666 0.36354166 0.62333333 0.38229167 0.6066667 0.421875 0.5975 0.43072918 0.60083336 0.43489584 0.62583333 0.42760417 0.6433333 0.42239583 0.66 0.43541667 0.89916664 0.45104167 0.93916667 0.44166666 0.9475 0.43229166 0.9475 0.384375 0.95916665 0.38072917 0.94666666 0.384375 0.9191667 0.37760416 0.77916664 0.37447917 0.7025
14 0.48958334 0.7108333 0.5 0.945 0.50989586 0.975 0.43541667 0.9716667 0.45260417 0.94916666 0.45104167 0.91833335 0.44114584 0.735 0.43645832 0.68 0.4234375 0.6575 0.43229166 0.63166666 0.47135416 0.6408333 0.4953125 0.64666665 0.490625 0.67 0.490625 0.69
14 0.5796875 0.73083335 0.5182292 0.705 0.51979166 0.6825 0.5338542 0.66 0.54010415 0.6308333 0.56822914 0.4525 0.5734375 0.35916665 0.5755208 0.34416667 0.63697916 0.36666667 0.63697916 0.37666667 0.62395835 0.3975 0.61614585 0.43833333 0.5911458 0.63666666 0.5859375 0.68 0.5890625 0.69 0.5859375 0.72083336
14 0.65729165 0.6616667 0.62708336 0.6483333 0.6098958 0.6483333 0.596875 0.6616667 0.596875 0.69166666 0.5859375 0.7133333 0.5765625 0.745 0.5229167 0.93916667 0.5109375 0.95416665 0.52239585 0.965 0.5572917 0.9775 0.578125 0.9825 0.57708335 0.9625 0.6479167 0.7075 0.6614583 0.6816667
14 0.71197915 0.305 0.7083333 0.33333334 0.70104164 0.34083334 0.69114584 0.35833332 0.6546875 0.6166667 0.65625 0.6408333 0.6390625 0.63416666 0.59270835 0.62083334 0.59375 0.6091667 0.6041667 0.5975 0.6145833 0.52666664 0.6354167 0.39166668 0.63854164 0.36666667 0.6390625 0.33416668 0.63697916 0.29 0.64375 0.275 0.6557292 0.275 0.70729166 0.295
14 0.7135417 0.44083333 0.70416665 0.38666666 0.70208335 0.35666665 0.7026042 0.34166667 0.71197915 0.33416668 0.7515625 0.34083334 0.9010417 0.33583334 0.91875 0.33166668 0.9109375 0.33916667 0.9078125 0.35333332 0.92395836 0.41 0.91979164 0.42083332 0.896875 0.42 0.73072916 0.4225 0.7213542 0.44
14 0.7036458 0.445 0.76770836 0.48583335 0.7671875 0.50083333 0.7546875 0.5175 0.7484375 0.5466667 0.70208335 0.7808333 0.7005208 0.82 0.69947916 0.8475 0.6859375 0.8475 0.6328125 0.82166666 0.62916666 0.805 0.6354167 0.7816667 0.6479167 0.76166666 0.6578125 0.7075 0.6703125 0.64416665 0.7005208 0.49833333 0.6958333 0.47416666
14 0.775 0.43333334 0.775 0.46833333 0.7625 0.725 0.7473958 0.73833334 0.75677085 0.74666667 0.8119792 0.7758333 0.815625 0.7633333 0.8171875 0.68666667 0.82604164 0.50666666 0.82916665 0.46833333 0.8359375 0.44833332 0.83125 0.445 0.8119792 0.44583333 0.78489584 0.45083332 0.78489584 0.4375
14 0.51979166 0.28583333 0.5921875 0.3025 0.58958334 0.32416666 0.5755208 0.34833333 0.5640625 0.41416666 0.5416667 0.5541667 0.5317708 0.62666667 0.53697914 0.6408333 0.53489584 0.6591667 0.50364584 0.64666665 0.475 0.62916666 0.4609375 0.62083334 0.4765625 0.6 0.48802084 0.56 0.5083333 0.41416666 0.52239585 0.33583334 0.52447915 0.3175 0.5151042 0.30083334
14 0.5953125 0.051666666 0.453125 0.17083333 0.42916667 0.21666667 0.41614583 0.21833333 0.38229167 0.11666667 0.42916667 0.08916666 0.54479164 0.0 0.61822915 0.0 0.6296875 0.039166667 0.6177083 0.054166667 0.60520834 0.04916667
14 0.52760416 0.14333333 0.5453125 0.14083333 0.5541667 0.15833333 0.60572916 0.16583334 0.7338542 0.18666667 0.74375 0.17 0.75 0.17333333 0.75208336 0.2825 0.73854166 0.2925 0.72291666 0.2725 0.58802086 0.25 0.5484375 0.2475 0.53020835 0.26166666 0.52239585 0.2525 0.52239585 0.2325 0.5229167 0.17583333 0.52447915 0.16
14 0.7505208 0.054166667 0.7234375 0.15333334 0.73125 0.17083333 0.74375 0.17083333 0.7546875 0.18 0.7661458 0.18333334 0.8854167 0.30083334 0.8953125 0.33333334 0.903125 0.33083335 0.9171875 0.29333332 0.94114584 0.23416667 0.9328125 0.23 0.92395836 0.23666666 0.86145836 0.18 0.77708334 0.0975 0.76770836 0.07333333 0.7661458 0.06583333
14 0.1515625 0.47083333 0.13177083 0.51916665 0.06614583 0.7425 0.0671875 0.76666665 0.0546875 0.7925 0.0 0.7583333 0.0 0.7108333 0.08958333 0.4325 0.09322917 0.40916666 0.10885417 0.415 0.13333334 0.425 0.1484375 0.45 0.15364583 0.4575
