15 0.278125 0.2925 0.275 0.2925 0.27395833 0.29 0.27083334 0.29 0.26927084 0.29416665 0.26666668 0.29416665 0.26666668 0.29666665 0.26822916 0.29916668 0.26927084 0.30666667 0.2671875 0.3075 0.26614583 0.31166667 0.26875 0.31666666 0.2640625 0.32416666 0.26145834 0.33583334 0.26197916 0.35666665 0.26458332 0.3775 0.28645834 0.5566667 0.29375 0.615 0.30208334 0.6725 0.30729166 0.6825 0.3125 0.6875 0.3125 0.69166666 0.3140625 0.695 0.3171875 0.695 0.31875 0.71 0.3296875 0.70416665 0.325 0.69083333 0.32760417 0.69 0.328125 0.68416667 0.32604167 0.6816667 0.33072916 0.66833335 0.33125 0.6533333 0.32447916 0.5883333 0.303125 0.41583332 0.29270834 0.33916667 0.2890625 0.32666665 0.28489584 0.31916666 0.28020832 0.315 0.28072917 0.31 0.2796875 0.30583334 0.2765625 0.305
15 0.36197916 0.30583334 0.35833332 0.3025 0.3515625 0.30166668 0.353125 0.31583333 0.35104167 0.31833333 0.35052082 0.32333332 0.34270832 0.3325 0.33802083 0.36083335 0.33541667 0.43333334 0.334375 0.6091667 0.33489582 0.6675 0.33645833 0.68333334 0.34114584 0.6933333 0.34479168 0.69666666 0.34427083 0.7 0.34635416 0.7033333 0.34270832 0.71416664 0.346875 0.7175 0.34635416 0.72083336 0.35052082 0.72 0.35260418 0.71166664 0.35260418 0.70666665 0.3546875 0.7058333 0.35625 0.70166665 0.35625 0.6983333 0.35520834 0.6958333 0.35833332 0.69416666 0.36197916 0.68833333 0.36614582 0.67583334 0.36666667 0.6041667 0.36822918 0.46833333 0.37083334 0.34916666 0.36979166 0.33916667 0.36666667 0.32916668 0.3625 0.32583332 0.3625 0.32083333 0.3609375 0.3175
15 0.20989583 0.4325 0.18177083 0.45916668 0.17708333 0.47 0.1765625 0.47666666 0.1734375 0.48 0.17291667 0.4875 0.16614583 0.48916668 0.16666667 0.49333334 0.1671875 0.49916667 0.16979167 0.50083333 0.17135416 0.50333333 0.17708333 0.49666667 0.1796875 0.49833333 0.1828125 0.4975 0.184375 0.49583334 0.18854167 0.50166667 0.19479166 0.50166667 0.2 0.50083333 0.225 0.47916666 0.228125 0.4175
15 0.2203125 0.5258333 0.21145834 0.52666664 0.20364584 0.5308333 0.19791667 0.53833336 0.1953125 0.54333335 0.19322917 0.5425 0.19114584 0.5441667 0.190625 0.54833335 0.18177083 0.545 0.18072917 0.5525 0.18177083 0.5575 0.18958333 0.55583334 0.18958333 0.56166667 0.19166666 0.56416667 0.19427083 0.56333333 0.19479166 0.56166667 0.1984375 0.5683333 0.2046875 0.575 0.21197917 0.5775 0.2203125 0.5783333 0.22291666 0.5258333
15 0.21145834 0.61 0.19322917 0.61 0.1890625 0.6191667 0.18645833 0.6175 0.1828125 0.62166667 0.17395833 0.61583334 0.17239584 0.62666667 0.17447917 0.64166665 0.18177083 0.6358333 0.1828125 0.6408333 0.184375 0.64166665 0.18645833 0.64 0.18697916 0.64916664 0.1921875 0.6558333 0.20052083 0.66083336 0.21770833 0.665 0.21875 0.6116667
15 0.28333333 0.625 0.25416666 0.61833334 0.25052083 0.6725 0.309375 0.68416667 0.3078125 0.6825 0.30208334 0.6725 0.2953125 0.62583333
15 0.2765625 0.5233333 0.259375 0.5233333 0.25677082 0.57916665 0.2890625 0.5775 0.28229168 0.5233333
15 0.26979166 0.46 0.26197916 0.46 0.25989583 0.5125 0.28072917 0.5125 0.27395833 0.46
15 0.3296875 0.45666668 0.30833334 0.45833334 0.31510416 0.5108333 0.33489582 0.51 0.33541667 0.45666668
15 0.33072916 0.51916665 0.31614584 0.5208333 0.32239583 0.5725 0.334375 0.57416666 0.33489582 0.5183333
15 0.33177084 0.62583333 0.328125 0.625 0.32447916 0.5883333 0.32239583 0.5725 0.334375 0.57416666 0.334375 0.6141667 0.334375 0.62666667
15 0.33333334 0.6875 0.32760417 0.68583333 0.32760417 0.68416667 0.32604167 0.6816667 0.33072916 0.66833335 0.33072916 0.6533333 0.32916668 0.63166666 0.334375 0.6325 0.33489582 0.6675 0.33645833 0.6825 0.3390625 0.68833333
15 0.26875 0.44 0.2625 0.445 0.26458332 0.37833333 0.271875 0.4375
15 0.25989583 0.3175 0.253125 0.325 0.25052083 0.33666667 0.25416666 0.33833334 0.25520834 0.34083334 0.25364584 0.34333333 0.25833333 0.35083333 0.26145834 0.35666665 0.2609375 0.33583334 0.2640625 0.32416666 0.26875 0.31666666 0.26614583 0.31166667
15 0.45677084 0.1975 0.45416668 0.19333333 0.45104167 0.19666667 0.44479167 0.19 0.43645832 0.18833333 0.43020833 0.19166666 0.390625 0.2175 0.3890625 0.21666667 0.34166667 0.25166667 0.30416667 0.28 0.29791668 0.28583333 0.28697917 0.29166666 0.2875 0.29583332 0.27708334 0.3025 0.2765625 0.305 0.2796875 0.30583334 0.28072917 0.31 0.28020832 0.315 0.28489584 0.31916666 0.2890625 0.32666665 0.29270834 0.34 0.29427084 0.35083333 0.30729166 0.34 0.33854166 0.31416667 0.35208333 0.30416667 0.3515625 0.30166668 0.35520834 0.30166668 0.371875 0.28916666 0.40364584 0.26666668 0.44427082 0.23916666 0.4515625 0.22916667 0.4546875 0.2175 0.45729166 0.21833333 0.459375 0.215 0.45885417 0.2075 0.46614584 0.20666666 0.46666667 0.20166667 0.465625 0.19916667 0.465625 0.19416666 0.45989582 0.19666667
15 0.3171875 0.33583334 0.29479167 0.35416666 0.30208334 0.40833333 0.3375 0.3775 0.33802083 0.36083335 0.34270832 0.3325 0.35 0.3225 0.35104167 0.31833333 0.35364583 0.315 0.35208333 0.30416667 0.32239583 0.33083335
15 0.38697916 0.29 0.38177082 0.3 0.38020834 0.295 0.37708333 0.29583332 0.37447917 0.3 0.36979166 0.295 0.36354166 0.29583332 0.35572916 0.30166668 0.35833332 0.3025 0.36197916 0.30583334 0.3609375 0.31666666 0.36302084 0.32083333 0.3625 0.32583332 0.36666667 0.32916668 0.3703125 0.33916667 0.37083334 0.34833333 0.37552083 0.34333333 0.38229167 0.33333334 0.3828125 0.32083333 0.38229167 0.31833333 0.38489583 0.31666666 0.3859375 0.3125 0.39322916 0.30916667 0.3921875 0.30083334
15 0.3328125 0.38666666 0.3265625 0.39 0.32135418 0.39583334 0.32135418 0.39916667 0.3171875 0.39916667 0.31614584 0.40333334 0.31145832 0.40166667 0.30989584 0.40166667 0.30677083 0.405 0.3078125 0.42083332 0.3109375 0.42 0.31614584 0.4175 0.31770834 0.42166665 0.32083333 0.42166665 0.32239583 0.42833334 0.32708332 0.43416667 0.33333334 0.43666667 0.33541667 0.4375 0.33541667 0.42916667 0.33697918 0.38666666
15 0.42135417 0.39166668 0.5307292 0.39833334 0.540625 0.40333334 0.54375 0.41416666 0.546875 0.41416666 0.55 0.41916665 0.5578125 0.41833332 0.5578125 0.42666668 0.55572915 0.4375 0.55364585 0.4375 0.5494792 0.43083334 0.5473958 0.43583333 0.5442708 0.43416667 0.54322916 0.44166666 0.5385417 0.44916666 0.53125 0.45083332 0.40364584 0.44333333 0.36875 0.44166666 0.36979166 0.38833332
15 0.48645833 0.46833333 0.48229167 0.46916667 0.47864583 0.47166666 0.47708333 0.46666667 0.475 0.46583334 0.47291666 0.46916667 0.4703125 0.46083334 0.4640625 0.45583335 0.45572916 0.45333335 0.36822918 0.455 0.36770833 0.5075 0.46145833 0.50333333 0.46875 0.49666667 0.4734375 0.48666668 0.47552082 0.49 0.47864583 0.48833334 0.48020834 0.48416665 0.48020834 0.47916666 0.4875 0.47916666 0.48802084 0.47166666
15 0.4359375 0.525 0.43229166 0.5258333 0.428125 0.5283333 0.4265625 0.5233333 0.42291668 0.5258333 0.41979167 0.51916665 0.41458333 0.5125 0.4078125 0.51 0.36770833 0.5133333 0.3671875 0.56666666 0.4125 0.55916667 0.41979167 0.5525 0.42395833 0.5416667 0.42552084 0.545 0.428125 0.54333335 0.42916667 0.54 0.42916667 0.5366667 0.43802083 0.535
15 0.5328125 0.6533333 0.5265625 0.6533333 0.5265625 0.6483333 0.5239583 0.6458333 0.5208333 0.6475 0.51770836 0.63666666 0.51197916 0.63166666 0.49114582 0.62166667 0.3671875 0.58416665 0.36666667 0.63666666 0.4703125 0.67 0.5015625 0.68 0.51354164 0.68 0.51979166 0.6725 0.5203125 0.66833335 0.52239585 0.67 0.5260417 0.6666667 0.534375 0.6675
15 0.365625 0.6933333 0.39479166 0.6975 0.4046875 0.6958333 0.40989584 0.69 0.41041666 0.68333334 0.41302082 0.68416667 0.41458333 0.68333334 0.41458333 0.6791667 0.421875 0.685 0.42604166 0.6775 0.42552084 0.67083335 0.425 0.66333336 0.41614583 0.66583335 0.41510418 0.66083336 0.4109375 0.66083336 0.40833333 0.65166664 0.40677083 0.65 0.384375 0.6425 0.36614582 0.64 0.365625 0.6766667 0.3625 0.68833333 0.35885417 0.6933333
15 0.24479167 0.33416668 0.24427083 0.32083333 0.24739583 0.32 0.2515625 0.32083333 0.25260416 0.32416666 0.25052083 0.33666667 0.25416666 0.33833334 0.2546875 0.34166667 0.25364584 0.34333333 0.25833333 0.35083333 0.26197916 0.3575 0.26458332 0.3775 0.26354167 0.42083332 0.26041666 0.5025 0.25625 0.5908333 0.25208333 0.6475 0.24947916 0.69 0.246875 0.7033333 0.24166666 0.7133333 0.2359375 0.7175 0.2359375 0.7241667 0.2328125 0.725 0.23489584 0.7366667 0.23177083 0.74083334 0.22864583 0.74083334 0.22760417 0.7375 0.22604166 0.7366667 0.22708334 0.7266667 0.22447917 0.72583336 0.2234375 0.7216667 0.225 0.71666664 0.21770833 0.705 0.21614583 0.6975 0.21875 0.62833333 0.2234375 0.51416665 0.22916667 0.395 0.23125 0.36166668 0.23489584 0.3525 0.24166666 0.34416667 0.240625 0.34 0.240625 0.33583334 0.24322917 0.33416668
