14 0.41979167 0.54583335 0.43645832 0.605 0.434375 0.62916666 0.44427082 0.6575 0.5083333 0.60833335 0.4984375 0.5758333 0.4859375 0.5758333 0.4015625 0.315 0.40364584 0.28166667 0.39739582 0.27333334 0.33854166 0.31666666 0.33802083 0.32333332 0.34583333 0.34166667 0.359375 0.35416666 0.39895833 0.47916666 0.40416667 0.48666668 0.403125 0.49666667
14 0.5364583 0.67 0.51875 0.6691667 0.5208333 0.6533333 0.5296875 0.65 0.5072917 0.505 0.48958334 0.39 0.47239584 0.35166666 0.53333336 0.33333334 0.5421875 0.32916668 0.54010415 0.35583332 0.54010415 0.37333333 0.55052084 0.46 0.5765625 0.62666667 0.5807292 0.6458333 0.5885417 0.655 0.58697915 0.68916667 0.5625 0.6816667
14 0.74114585 0.40833333 0.675 0.39083335 0.66979164 0.3975 0.65520835 0.37166667 0.6536458 0.28666666 0.6692708 0.28666666 0.6802083 0.3025 0.84375 0.34916666 0.8609375 0.35333332 0.8598958 0.39833334 0.8567708 0.45583335 0.8442708 0.4525 0.846875 0.43083334 0.83385414 0.43083334 0.7994792 0.42333335
14 0.7036458 0.43666667 0.71458334 0.41416666 0.7104167 0.39916667 0.75989586 0.41416666 0.7734375 0.43083334 0.7703125 0.43916667 0.7640625 0.4325 0.75364584 0.44666666
14 0.65416664 0.40583333 0.64166665 0.52 0.6515625 0.5275 0.675 0.52666664 0.68541664 0.5208333 0.6875 0.5158333 0.7125 0.525 0.7963542 0.54583335 0.80625 0.5566667 0.8333333 0.56916666 0.84166664 0.5725 0.8463542 0.56916666 0.8515625 0.47666666 0.8385417 0.455 0.82708335 0.45416668 0.81875 0.46333334 0.75208336 0.44583333 0.6927083 0.435 0.675 0.4075 0.66614586 0.40166667 0.6546875 0.40166667
14 0.7171875 0.5725 0.73229164 0.5316667 0.7046875 0.5225
14 0.6484375 0.5283333 0.6744792 0.6425 0.6723958 0.6575 0.671875 0.68333334 0.6770833 0.69166666 0.69166666 0.69083333 0.71458334 0.66833335 0.73020834 0.64916664 0.7359375 0.635 0.74010414 0.63 0.7338542 0.62 0.73020834 0.62916666 0.7260417 0.6141667 0.71510416 0.5675 0.7036458 0.52166665 0.6869792 0.51416665 0.6859375 0.5208333 0.67604166 0.5275 0.6510417 0.5275
14 0.615625 0.38333333 0.60260415 0.38166666 0.5963542 0.3675 0.609375 0.36166668 0.63072914 0.33583334 0.65416664 0.31583333 0.65520835 0.37083334 0.6703125 0.3975 0.6734375 0.39583334 0.67604166 0.4075 0.6671875 0.40166667 0.6546875 0.40166667 0.64270836 0.50666666 0.6166667 0.39333335
14 0.67395836 0.745 0.61041665 0.69166666 0.615625 0.67 0.62864584 0.65 0.6354167 0.645 0.65729165 0.5683333 0.6744792 0.64416665 0.6723958 0.6558333 0.6713542 0.6825 0.675 0.69166666 0.6822917 0.69166666 0.6828125 0.70166665 0.684375 0.7183333
14 0.26197916 0.7341667 0.33229166 0.485 0.33333334 0.475 0.328125 0.44083333 0.35104167 0.44583333 0.38072917 0.46416667 0.403125 0.48666668 0.39947918 0.50416666 0.38125 0.51666665 0.31197917 0.78 0.31770834 0.7925 0.31197917 0.81583333 0.26302084 0.7925 0.2390625 0.7825 0.2421875 0.7558333 0.25520834 0.7416667
