19 0.40833333 0.23916666 0.43489584 0.2525 0.44010416 0.26 0.44322917 0.26583335 0.44375 0.27333334 0.43541667 0.27166668 0.4296875 0.27416667 0.42552084 0.28 0.4109375 0.34166667 0.40052083 0.395 0.38072917 0.4675 0.36875 0.46166667 0.36822918 0.4525 0.3640625 0.45833334 0.325 0.4375 0.2421875 0.40583333 0.23697917 0.39833334 0.23385416 0.38833332 0.23385416 0.38 0.2625 0.21416667 0.26614583 0.1925 0.27083334 0.185 0.2765625 0.1825 0.30677083 0.19583334 0.37291667 0.22416666 0.39375 0.2325 0.403125 0.2375 0.40260416 0.24416667 0.40364584 0.24583334 0.40625 0.24333334 0.40729168 0.23916666
19 0.49375 0.30916667 0.44322917 0.27333334 0.43541667 0.27083334 0.4296875 0.27416667 0.425 0.28083333 0.4109375 0.3425 0.40052083 0.395 0.38072917 0.4675 0.37916666 0.47333333 0.38125 0.48166665 0.37604168 0.4825 0.36510417 0.52666664 0.365625 0.5375 0.37291667 0.5491667 0.39114583 0.56166667 0.459375 0.46 0.47135416 0.43916667 0.4796875 0.43833333 0.48854166 0.44916666 0.49322918 0.455 0.509375 0.435 0.5140625 0.43333334 0.51875 0.4325 0.5234375 0.4375 0.53541666 0.46333334 0.553125 0.39916667 0.56145835 0.36666667 0.5609375 0.3575 0.5578125 0.34916666 0.5229167 0.3275 0.49739584 0.31083333
19 0.48489583 0.46833333 0.49375 0.45583335 0.4796875 0.43833333 0.47135416 0.43916667 0.45833334 0.46166667 0.390625 0.56166667 0.37760416 0.5808333 0.37864584 0.58916664 0.37447917 0.58666664 0.35416666 0.6175 0.35208333 0.6275 0.35104167 0.63666666 0.35520834 0.6458333 0.38489583 0.695 0.41354167 0.69083333 0.384375 0.64166665 0.37916666 0.6308333 0.37708333 0.62333333 0.37708333 0.6141667 0.38072917 0.605 0.44114584 0.5275 0.48125 0.47333333 0.48541668 0.47583333 0.48541668 0.47
19 0.53697914 0.46416667 0.56666666 0.5258333 0.5875 0.56333333 0.60625 0.6 0.6067708 0.61 0.603125 0.62166667 0.59479165 0.6308333 0.5651042 0.5975 0.55885416 0.6016667 0.55885416 0.595 0.56041664 0.59 0.53541666 0.56416667 0.5260417 0.56 0.5182292 0.56666666 0.50104165 0.6041667 0.47916666 0.6566667 0.45208332 0.71166664 0.44791666 0.7225 0.44791666 0.7341667 0.44791666 0.74 0.47552082 0.7725 0.48072916 0.77166665 0.47916666 0.7783333 0.471875 0.78333336 0.46458334 0.78333336 0.459375 0.77916664 0.43541667 0.7366667 0.42604166 0.7175 0.42552084 0.7075 0.421875 0.6983333 0.41822916 0.6933333 0.41354167 0.69083333 0.384375 0.6425 0.37864584 0.6308333 0.37708333 0.62333333 0.37708333 0.6141667 0.38072917 0.605 0.4140625 0.5625 0.44270834 0.525 0.47291666 0.48416665 0.48125 0.47333333 0.48489583 0.47583333 0.48541668 0.47 0.48489583 0.4675 0.49479166 0.45416668 0.50989586 0.43416667 0.5140625 0.43333334 0.51875 0.4325 0.5234375 0.43666667 0.53541666 0.46333334
19 0.57708335 0.8858333 0.5208333 0.8225 0.48958334 0.78583336 0.48177084 0.7783333 0.48072916 0.77166665 0.47604167 0.7725 0.4484375 0.74 0.44791666 0.735 0.44791666 0.7225 0.45208332 0.71166664 0.47916666 0.6566667 0.5015625 0.60333335 0.5182292 0.56666666 0.52552086 0.56 0.53541666 0.56416667 0.56041664 0.59 0.55885416 0.595 0.55885416 0.6016667 0.5651042 0.5975 0.5953125 0.63166666 0.6177083 0.6566667 0.63645834 0.6791667 0.66770834 0.715 0.6791667 0.7291667 0.6802083 0.735 0.6796875 0.74333334 0.67760414 0.74916667 0.65729165 0.79083335 0.634375 0.84 0.62395835 0.8591667 0.6078125 0.89 0.6 0.9008333 0.59375 0.90166664 0.5864583 0.89666665
19 0.6359375 0.83916664 0.68541664 0.83916664 0.7416667 0.8383333 0.7572917 0.8375 0.76197916 0.8333333 0.76666665 0.825 0.7682292 0.81583333 0.765625 0.7083333 0.7640625 0.62083334 0.76197916 0.61083335 0.7572917 0.60333335 0.7515625 0.6016667 0.653125 0.6075 0.67760414 0.65416664 0.69895834 0.69166666 0.69895834 0.7008333 0.69739586 0.71 0.6802083 0.735 0.6796875 0.74333334 0.67760414 0.75 0.65520835 0.795 0.63489586 0.83916664
19 0.584375 0.5541667 0.60520834 0.5283333 0.61041665 0.5283333 0.6166667 0.5316667 0.653125 0.60833335 0.6791667 0.6575 0.69895834 0.69166666 0.69895834 0.7 0.69739586 0.7108333 0.68854165 0.7225 0.6802083 0.735 0.67864585 0.7291667 0.66770834 0.71416664 0.6354167 0.6775 0.6203125 0.66 0.6041667 0.64166665 0.59479165 0.6308333 0.603125 0.6225 0.6067708 0.61 0.6067708 0.6 0.5875 0.56333333 0.5833333 0.555
19 0.43020833 0.7725 0.43802083 0.7841667 0.4421875 0.7875 0.44947916 0.785 0.453125 0.7825 0.45729166 0.7758333 0.43645832 0.7391667 0.42604166 0.71666664 0.43020833 0.76666665
19 0.52916664 0.8333333 0.540625 0.85833335 0.55 0.87083334 0.55260414 0.875 0.5609375 0.87583333 0.56458336 0.875 0.565625 0.8725 0.5286458 0.83166665
19 0.43020833 0.7758333 0.4328125 0.8275 0.4421875 0.89666665 0.44166666 0.9075 0.43645832 0.915 0.38385418 0.9241667 0.3453125 0.9291667 0.30833334 0.935 0.30677083 0.9291667 0.30416667 0.93666667 0.275 0.94416666 0.26822916 0.94 0.265625 0.9325 0.2640625 0.9241667 0.2609375 0.86833334 0.25520834 0.7875 0.25104168 0.7416667 0.25260416 0.7266667 0.25885418 0.7191667 0.259375 0.715 0.2859375 0.71166664 0.28697917 0.7183333 0.28802082 0.7191667 0.290625 0.71 0.38489583 0.6958333 0.41354167 0.69083333 0.41822916 0.6933333 0.421875 0.6983333 0.42552084 0.7075 0.42604166 0.71666664 0.42604166 0.71666664 0.43020833 0.77
19 0.24322917 0.0 0.22083333 0.115 0.21041666 0.1725 0.2125 0.18416667 0.21770833 0.19 0.2453125 0.205 0.25104168 0.2 0.25104168 0.20916666 0.2625 0.21416667 0.26666668 0.1925 0.27135417 0.185 0.27708334 0.1825 0.37291667 0.22416666 0.39322916 0.2325 0.42083332 0.07333333 0.4203125 0.054166667 0.41614583 0.045833334 0.409375 0.041666668 0.3703125 0.024166666 0.3515625 0.019166667 0.31770834 0.0
