15 0.21354167 0.0 0.240625 0.020833334 0.25677082 0.029166667 0.2671875 0.029166667 0.27135417 0.031666666 0.27604166 0.034166668 0.2828125 0.034166668 0.2859375 0.025 0.28541666 0.020833334 0.28072917 0.020833334 0.278125 0.013333334 0.275 0.0033333334 0.27239582 0.0
4 0.65520835 0.32416666 0.6567708 0.3525 0.6645833 0.36916667 0.6802083 0.395 0.68385416 0.41166666 0.68854165 0.43083334 0.690625 0.46083334 0.68072915 0.505 0.6703125 0.5316667 0.6510417 0.55083334 0.628125 0.55583334 0.609375 0.5541667 0.59739584 0.54583335 0.59791666 0.5316667 0.60833335 0.5108333 0.6109375 0.48916668 0.61145836 0.47083333 0.6197917 0.42166665 0.6265625 0.38 0.62916666 0.36833334 0.62395835 0.3675 0.6088542 0.3675 0.5953125 0.36833334 0.59947914 0.36 0.6046875 0.34333333 0.6067708 0.27666667 0.6098958 0.17833333 0.61354166 0.17166667 0.6197917 0.16916667 0.63645834 0.16833334 0.653125 0.17166667 0.6578125 0.17666666 0.659375 0.18333334 0.6578125 0.22083333
18 0.6578125 0.25916666 0.6666667 0.30333334 0.66875 0.32 0.66614586 0.33416668 0.6567708 0.35083333 0.65520835 0.3275 0.6567708 0.2575
18 0.60364586 0.1475 0.615625 0.13916667 0.621875 0.13833334 0.63072914 0.14916667 0.6354167 0.16333333 0.6359375 0.16833334 0.61822915 0.17 0.6140625 0.17083333 0.6109375 0.17666666 0.60572916 0.34083334 0.60260415 0.35333332 0.59270835 0.36833334 0.5598958 0.36833334 0.5541667 0.37166667 0.53229165 0.38666666 0.52239585 0.39166668 0.50989586 0.37666667 0.5005208 0.36583334 0.48125 0.35166666 0.45364583 0.3375 0.44166666 0.32916668 0.43333334 0.29 0.43229166 0.27583334 0.43489584 0.25916666 0.4421875 0.2475 0.4625 0.23666666 0.49166667 0.22083333 0.5083333 0.20666666
7 0.3984375 0.34583333 0.4015625 0.31916666 0.41354167 0.31666666 0.42864582 0.32 0.43958333 0.32916668 0.45729166 0.33916667 0.48697916 0.35583332 0.503125 0.36833334 0.52239585 0.39333335 0.54270834 0.38166666 0.55885416 0.36833334 0.60052085 0.36916667 0.628125 0.36833334 0.6244792 0.3975 0.61041665 0.475 0.6098958 0.49 0.609375 0.49833333 0.60572916 0.5175 0.59739584 0.5325 0.5984375 0.55333334 0.6010417 0.6175 0.6010417 0.69 0.58020836 0.68916667 0.5598958 0.6741667 0.54270834 0.66083336 0.528125 0.65 0.50364584 0.6383333 0.47708333 0.62916666 0.44166666 0.63666666 0.40416667 0.6458333 0.39270833 0.6475 0.38385418 0.64416665 0.3859375 0.6116667
16 0.17864583 0.325 0.1828125 0.28666666 0.36979166 0.3675 0.36822918 0.38583332 0.35364583 0.4675 0.3296875 0.58916664 0.32708332 0.61083335 0.32916668 0.62833333 0.32395834 0.6766667 0.31302083 0.7525 0.19479166 0.7225 0.134375 0.695 0.14166667 0.6275 0.1703125 0.4
2 0.30729166 0.34 0.346875 0.32666665 0.3859375 0.31666666 0.39635417 0.4 0.3859375 0.61333334 0.32916668 0.6275 0.32760417 0.61 0.3328125 0.57416666 0.36927083 0.385 0.36979166 0.3675
2 0.16979167 0.38 0.1375 0.385 0.15625 0.51 0.17239584 0.38166666
18 0.0 0.55916667 0.011979166 0.5525 0.0546875 0.5325 0.11354167 0.49416667 0.14479166 0.48166665 0.15260416 0.48166665 0.15625 0.5125 0.134375 0.6958333 0.1625 0.70916665 0.0 0.7966667
3 0.0390625 0.05 0.0484375 0.04 0.0546875 0.035833333 0.06875 0.041666668 0.10208333 0.096666664 0.14583333 0.17166667 0.15885417 0.20583333 0.1578125 0.22583333 0.14739583 0.23833333 0.13020833 0.2575 0.11145833 0.255 0.10572917 0.25333333 0.108333334 0.27583334 0.1015625 0.31 0.08645833 0.36833334 0.07604167 0.39333335 0.063541666 0.39833334 0.0484375 0.3975 0.028645834 0.36583334 0.0 0.32 0.0 0.13166666
9 0.32916668 0.16166666 0.34635416 0.16416667 0.35572916 0.16583334 0.35416666 0.185 0.346875 0.23083334 0.33802083 0.2675 0.33229166 0.285 0.32708332 0.3 0.325 0.31333333 0.32864583 0.3175 0.30677083 0.34166667 0.18229167 0.28666666 0.171875 0.38083333 0.08802083 0.36416668 0.103125 0.30666667 0.108333334 0.27583334 0.10572917 0.25416666 0.11302083 0.25583333 0.13072917 0.25833333 0.1578125 0.22666667 0.15885417 0.20583333 0.146875 0.1725 0.1046875 0.100833334 0.10364583 0.079166666 0.10572917 0.071666665 0.10885417 0.07083333 0.128125 0.07666667 0.25677082 0.13416667
1 0.68854165 0.5133333 0.70625 0.5308333 0.7182292 0.5466667 0.71979165 0.56083333 0.7359375 0.5675 0.7838542 0.5975 0.83958334 0.62666667 0.8567708 0.6333333 0.871875 0.6308333 0.86927086 0.645 0.85 0.72333336 0.8390625 0.75666666 0.83697915 0.76916665 0.8286458 0.80083334 0.8208333 0.7975 0.8125 0.7725 0.81041664 0.7608333 0.7026042 0.6933333 0.6875 0.68916667 0.66614586 0.68916667 0.65260416 0.6816667 0.66510415 0.63416666 0.67083335 0.58416665 0.67760414 0.55583334 0.684375 0.51916665
