18 0.2 0.19833334 0.20729166 0.19 0.23958333 0.17583333 0.27083334 0.16666667 0.30104166 0.15083334 0.30989584 0.1475 0.32083333 0.15083334 0.32604167 0.15583333 0.33125 0.16416667 0.334375 0.17333333 0.33697918 0.18916667 0.3484375 0.27083334 0.35572916 0.3225 0.35885417 0.34833333 0.3625 0.36666667 0.36354166 0.37833333 0.34166667 0.38416666 0.3328125 0.3875 0.33125 0.38916665 0.3265625 0.3975 0.3234375 0.4075 0.33697918 0.50333333 0.33385417 0.50166667 0.30833334 0.455 0.29375 0.42833334 0.28333333 0.41166666 0.271875 0.40666667 0.26666668 0.4075 0.26145834 0.4125 0.23072916 0.4575 0.22552083 0.41916665 0.26041666 0.26666668 0.26145834 0.25833333 0.25885418 0.25 0.25572917 0.24083333 0.196875 0.20833333
18 0.36510417 0.37583333 0.45 0.35166666 0.45885417 0.35916665 0.46354166 0.365 0.46458334 0.3725 0.46822917 0.43416667 0.4671875 0.45166665 0.46302083 0.45583335 0.46458334 0.46666667 0.47083333 0.48916668 0.478125 0.505 0.5015625 0.5875 0.50572914 0.6091667 0.5140625 0.64666665 0.51197916 0.6591667 0.5078125 0.6741667 0.5005208 0.67833334 0.4640625 0.6975 0.3921875 0.7366667 0.38385418 0.73333335 0.3796875 0.7316667 0.41510418 0.6816667 0.41770834 0.6575 0.41614583 0.64666665 0.40520832 0.6325 0.37552083 0.5833333 0.36197916 0.56166667 0.35 0.5316667 0.33802083 0.5083333 0.3234375 0.40833333 0.32604167 0.39583334 0.33229166 0.3875 0.36302084 0.3775
18 0.18020834 0.575 0.215625 0.63416666 0.2328125 0.6616667 0.24479167 0.6825 0.26197916 0.7125 0.278125 0.745 0.29583332 0.7733333 0.3078125 0.79833335 0.31770834 0.8075 0.328125 0.80583334 0.34427083 0.7816667 0.35572916 0.76416665 0.38020834 0.73083335 0.41458333 0.6816667 0.41822916 0.6566667 0.415625 0.64666665 0.36145833 0.56083333 0.35104167 0.535 0.33645833 0.5075 0.3296875 0.49416667 0.30416667 0.44833332 0.2828125 0.41083333 0.27239582 0.4075 0.26666668 0.4075 0.26145834 0.4125 0.23020834 0.4575 0.209375 0.48833334 0.2078125 0.49083334 0.17760417 0.5341667 0.17395833 0.55 0.17447917 0.5625 0.17760417 0.5708333 0.17916666 0.5733333
18 0.0921875 0.54333335 0.09427083 0.5366667 0.096354164 0.5325 0.10729167 0.53833336 0.1484375 0.56 0.17135416 0.5758333 0.17708333 0.57666665 0.17864583 0.575 0.18072917 0.575 0.234375 0.665 0.271875 0.7316667 0.2796875 0.7475 0.296875 0.77416664 0.29375 0.78 0.28072917 0.79083335 0.2578125 0.8066667 0.19479166 0.8466667 0.18385416 0.8516667 0.17083333 0.8466667 0.16510417 0.83916664 0.16197917 0.82416666 0.14583333 0.76166666 0.13854167 0.7275 0.125 0.67 0.12135417 0.6558333 0.118229166 0.62833333 0.11510417 0.6125 0.11145833 0.605 0.10625 0.6016667 0.1 0.5875 0.09375 0.56666666 0.09166667 0.55833334 0.09166667 0.5491667
18 0.21770833 0.45583335 0.225 0.46583334 0.209375 0.48833334 0.21614583 0.45666668
18 0.48854166 0.685 0.49895832 0.70666665 0.50625 0.7275 0.51875 0.75166667 0.51875 0.7658333 0.5161458 0.785 0.51145834 0.78833336 0.48489583 0.8175 0.4640625 0.8358333 0.38802084 0.91833335 0.35833332 0.9483333 0.34947917 0.9533333 0.34322917 0.95416665 0.33072916 0.94916666 0.32604167 0.93333334 0.3125 0.9033333 0.30416667 0.8833333 0.29791668 0.86333334 0.29427084 0.85333335 0.28854167 0.8408333 0.28645834 0.8333333 0.27291667 0.79833335 0.29427084 0.7808333 0.296875 0.77416664 0.30729166 0.79833335 0.3171875 0.8075 0.328125 0.80583334 0.35572916 0.765 0.37916666 0.73083335 0.39166668 0.7366667 0.48854166 0.685
18 0.503125 0.71666664 0.52708334 0.715 0.609375 0.70166665 0.6041667 0.7108333 0.6020833 0.72083336 0.6015625 0.7316667 0.6046875 0.7441667 0.6223958 0.7783333 0.6359375 0.80333334 0.6515625 0.83166665 0.671875 0.86833334 0.6765625 0.8775 0.68385416 0.87833333 0.6880208 0.88 0.6869792 0.88916665 0.6875 0.9025 0.6859375 0.91 0.678125 0.92333335 0.66875 0.925 0.6088542 0.9316667 0.5677083 0.93666667 0.540625 0.93833333 0.509375 0.94166666 0.47916666 0.94666666 0.47291666 0.94083333 0.46666667 0.9275 0.4609375 0.83916664 0.48072916 0.82166666 0.5125 0.7875 0.5161458 0.785 0.51927084 0.76666665 0.51875 0.75166667 0.5052083 0.725
18 0.48854166 0.09166667 0.5052083 0.09583333 0.51979166 0.10333333 0.52239585 0.11 0.53125 0.1175 0.53802085 0.12083333 0.53802085 0.105 0.54270834 0.10333333 0.58125 0.08916666 0.5890625 0.09 0.5942708 0.09166667 0.59947914 0.09916667 0.60364586 0.10916667 0.60520834 0.12 0.60520834 0.13583334 0.60729164 0.205 0.61041665 0.25583333 0.6125 0.355 0.615625 0.42583334 0.61302084 0.43333334 0.6067708 0.44333333 0.6 0.445 0.5854167 0.4475 0.53697914 0.44916666 0.48333332 0.45083332 0.4828125 0.44833332 0.475 0.4375 0.4734375 0.43083334 0.47239584 0.34333333 0.471875 0.27666667 0.47239584 0.17916666 0.47604167 0.10583334 0.48177084 0.096666664 0.4875 0.0925
18 0.6125 0.34 0.65208334 0.30583334 0.65520835 0.30083334 0.65989584 0.29666665 0.68854165 0.27333334 0.69427085 0.27416667 0.70208335 0.27666667 0.70729166 0.28333333 0.7135417 0.30166668 0.72864586 0.3425 0.74895835 0.405 0.7505208 0.41916665 0.7526042 0.42916667 0.7651042 0.46916667 0.7760417 0.4925 0.78489584 0.5175 0.7859375 0.525 0.78333336 0.535 0.77447915 0.51916665 0.7671875 0.5108333 0.75677085 0.5108333 0.75104165 0.51166666 0.7453125 0.5208333 0.73229164 0.5375 0.68645835 0.6016667 0.66510415 0.62916666 0.6557292 0.59 0.65260416 0.56583333 0.64375 0.53333336 0.6359375 0.52166665 0.6265625 0.505 0.6177083 0.48333332 0.60260415 0.445 0.60572916 0.4425 0.615625 0.42666668 0.6119792 0.34166667
18 0.78489584 0.5391667 0.84375 0.6508333 0.8484375 0.66833335 0.84739584 0.6766667 0.8421875 0.69083333 0.83229166 0.7075 0.7942708 0.755 0.76770836 0.7816667 0.7552083 0.7925 0.7494792 0.81083333 0.746875 0.81166667 0.70104164 0.87166667 0.69166666 0.8808333 0.684375 0.87833333 0.67604166 0.87583333 0.6046875 0.7441667 0.6010417 0.73333335 0.603125 0.71416664 0.6041667 0.70916665 0.61041665 0.7 0.665625 0.62916666 0.75208336 0.5125 0.75677085 0.5108333 0.76770836 0.51166666 0.77447915 0.52 0.7838542 0.535
18 0.78802085 0.5208333 0.80833334 0.46083334 0.81822914 0.43666667 0.82604164 0.42916667 0.8333333 0.42666668 0.8385417 0.42916667 0.8755208 0.45916668 0.9213542 0.49583334 0.94322914 0.5158333 0.9447917 0.5208333 0.94635415 0.5308333 0.94635415 0.5416667 0.9427083 0.5475 0.9203125 0.6091667 0.90729165 0.6458333 0.8921875 0.68666667 0.86927086 0.7525 0.85625 0.79 0.84479165 0.825 0.840625 0.8275 0.8333333 0.8275 0.8307292 0.82416666 0.825 0.82 0.7760417 0.77416664 0.7942708 0.7558333 0.8328125 0.7075 0.8421875 0.69 0.84739584 0.67583334 0.8489583 0.66833335 0.8442708 0.65 0.78489584 0.5391667 0.78333336 0.535
18 0.13697916 0.17583333 0.1421875 0.1775 0.19895834 0.20916666 0.25520834 0.24083333 0.259375 0.25166667 0.26145834 0.25833333 0.2609375 0.26583335 0.240625 0.35 0.21822916 0.44916666 0.215625 0.45916668 0.20885417 0.49 0.2015625 0.49916667 0.17760417 0.5325 0.17447917 0.5491667 0.17447917 0.56166667 0.17760417 0.5708333 0.1796875 0.5733333 0.17760417 0.57666665 0.17239584 0.5758333 0.14739583 0.55916667 0.10520833 0.5366667 0.08229167 0.52166665 0.056770835 0.5025 0.054166667 0.49333334 0.053125 0.47833332 0.0578125 0.45833334 0.0640625 0.42583334 0.07447917 0.3875 0.08020833 0.37083334 0.092708334 0.34333333 0.09739583 0.33666667 0.10104167 0.3275 0.10364583 0.31833333 0.1078125 0.30166668 0.108333334 0.29 0.108333334 0.26666668 0.10885417 0.26 0.122395836 0.19083333 0.125 0.18333334 0.13177083 0.17833333
