18 0.33229166 0.22166666 0.25833333 0.07 0.24947916 0.06666667 0.24427083 0.06666667 0.234375 0.07333333 0.14479166 0.18083334 0.096875 0.24416667 0.07760417 0.25916666 0.07447917 0.27666667 0.0765625 0.29166666 0.1203125 0.37083334 0.13229166 0.3975 0.15052083 0.43583333 0.15572916 0.4425 0.16770834 0.445 0.2 0.40666667 0.30885416 0.27666667 0.3296875 0.25083333 0.33177084 0.245 0.33385417 0.22666667
18 0.071354166 0.41916665 0.06875 0.43416667 0.019270834 0.485 0.0 0.50166667 0.0 0.19166666 0.014583333 0.24166666 0.013541667 0.26083332 0.031770833 0.29833335 0.046875 0.33416668 0.06666667 0.39333335 0.0703125 0.41166666
18 0.13958333 0.46583334 0.0859375 0.39916667 0.07447917 0.39166668 0.06614583 0.39166668 0.071354166 0.41416666 0.071354166 0.41916665 0.06822917 0.43666667 0.12916666 0.46166667
18 0.20625 0.49333334 0.1578125 0.47416666 0.13854167 0.46666667 0.067708336 0.435 0.022916667 0.48083332 0.00625 0.4975 0.0015625 0.535 0.0 0.565 0.0 0.6533333 0.01875 0.6591667 0.0265625 0.66 0.048958335 0.66 0.07864583 0.67333335 0.16354166 0.7108333 0.19583334 0.7241667 0.20260416 0.7216667 0.20885417 0.7175 0.21666667 0.7033333 0.21927084 0.6925 0.240625 0.57666665 0.24583334 0.535 0.24583334 0.5316667 0.22395833 0.51916665 0.215625 0.5108333 0.21145834 0.5025 0.209375 0.49583334
18 0.09947917 0.68333334 0.075520836 0.7275 0.048958335 0.7783333 0.0328125 0.7891667 0.019270834 0.7891667 0.0 0.765 0.0 0.6533333 0.0234375 0.66 0.050520834 0.66 0.098958336 0.6825
18 0.45885417 0.44583333 0.44947916 0.48916668 0.42708334 0.5775 0.41197917 0.62583333 0.40052083 0.63416666 0.39166668 0.6325 0.36666667 0.6141667 0.34739584 0.5908333 0.32447916 0.5783333 0.26041666 0.54083335 0.24375 0.5316667 0.22083333 0.515 0.21354167 0.5 0.20625 0.4825 0.22083333 0.435 0.24270834 0.35416666 0.2796875 0.3125 0.278125 0.42666668 0.29166666 0.44416666 0.43958333 0.44333333 0.45677084 0.44666666
18 0.43177083 0.22083333 0.41510418 0.22583333 0.37291667 0.22083333 0.35260418 0.2175 0.33020833 0.21666667 0.334375 0.22583333 0.33229166 0.24666667 0.33020833 0.24916667 0.28020832 0.31166667 0.27760416 0.4225 0.28072917 0.43333334 0.28697917 0.4425 0.29583332 0.44666666 0.42083332 0.4425 0.46614584 0.4475 0.48333332 0.4475 0.4875 0.4475 0.49479166 0.44083333 0.49791667 0.43666667 0.48072916 0.36333334 0.4796875 0.34833333 0.478125 0.33416668 0.47135416 0.31416667 0.46927083 0.30916667 0.46354166 0.30916667 0.45729166 0.3025 0.43229166 0.25333333 0.428125 0.24333334 0.428125 0.23083334 0.4296875 0.22583333
18 0.54895836 0.115 0.5463542 0.11083333 0.54270834 0.10916667 0.53489584 0.108333334 0.5317708 0.10916667 0.5286458 0.11333334 0.45677084 0.19 0.4328125 0.21916667 0.43177083 0.22083333 0.42864582 0.23083334 0.428125 0.24333334 0.43229166 0.25166667 0.45677084 0.30083334 0.46197918 0.30916667 0.4640625 0.30916667 0.46979168 0.30916667 0.47760418 0.33416668 0.4828125 0.37166667 0.50364584 0.45916668 0.51458335 0.4925 0.5182292 0.49833333 0.5260417 0.5058333 0.53229165 0.50916666 0.5442708 0.49916667 0.61614585 0.4425 0.6390625 0.425 0.6432292 0.41 0.64427084 0.40083334 0.60729164 0.27916667 0.5729167 0.18 0.55364585 0.12916666
18 0.49010417 0.40333334 0.48958334 0.40333334 0.46927083 0.3925 0.46458334 0.385 0.45833334 0.3725 0.45833334 0.365 0.46510416 0.32166666 0.46770832 0.30916667 0.46927083 0.30916667 0.471875 0.3175 0.478125 0.33583334 0.48229167 0.37 0.490625 0.4025
18 0.634375 0.1025 0.6276042 0.095 0.5989583 0.086666666 0.5265625 0.048333332 0.51875 0.050833333 0.5104167 0.058333334 0.496875 0.14416666 0.496875 0.145 0.5307292 0.1125 0.534375 0.1075 0.54322916 0.11 0.5484375 0.115 0.5942708 0.24166666 0.59947914 0.2575 0.6020833 0.23583333 0.6088542 0.23 0.61614585 0.22416666 0.62135416 0.22083333 0.625 0.20666666 0.63697916 0.17 0.64375 0.13333334 0.64427084 0.119166665 0.640625 0.105
18 0.6567708 0.09833334 0.6489583 0.061666667 0.6411458 0.019166667 0.6354167 0.0 0.54479164 0.0 0.5083333 0.021666666 0.49739584 0.023333333 0.44166666 0.041666668 0.43541667 0.0475 0.43020833 0.055 0.42760417 0.071666665 0.43489584 0.13416667 0.446875 0.20083334 0.4953125 0.14916667 0.5104167 0.058333334 0.5203125 0.0475 0.5286458 0.048333332 0.59479165 0.085 0.6265625 0.095 0.634375 0.100833334 0.6401042 0.105 0.6432292 0.10916667 0.65260416 0.104166664 0.6536458 0.10333333
18 0.75 0.11666667 0.746875 0.0975 0.740625 0.08083333 0.73333335 0.07666667 0.7265625 0.075833336 0.7182292 0.075833336 0.6489583 0.105 0.64166665 0.11083333 0.64375 0.12083333 0.64270836 0.14 0.63489586 0.17416666 0.6234375 0.21083333 0.6265625 0.22583333 0.70104164 0.25666666 0.70104164 0.2475 0.70104164 0.23916666 0.7015625 0.2325 0.746875 0.12666667
18 0.82447916 0.13083333 0.8125 0.1225 0.8020833 0.10666667 0.796875 0.096666664 0.78802085 0.085 0.78333336 0.08083333 0.77239585 0.08083333 0.76197916 0.08916666 0.75885415 0.09833334 0.75 0.11833333 0.7015625 0.2325 0.7005208 0.24916667 0.7005208 0.25666666 0.72291666 0.2675 0.73333335 0.27333334 0.7369792 0.2775 0.740625 0.285 0.7427083 0.2925 0.7427083 0.2925 0.74375 0.29333332 0.7453125 0.2975 0.7494792 0.30333334 0.7625 0.32166666 0.771875 0.33166668 0.7890625 0.35166666 0.8151042 0.3925 0.83229166 0.40416667 0.87083334 0.42916667 0.8744792 0.42666668 0.89947915 0.36583334 0.9244792 0.30666667 0.9296875 0.28916666 0.93072915 0.27833334 0.9291667 0.26833335 0.92552084 0.25666666 0.91875 0.24666667 0.86875 0.185 0.86041665 0.17583333 0.834375 0.14333333 0.8296875 0.13916667
18 0.71302086 0.4475 0.68645835 0.5733333 0.6770833 0.60583335 0.665625 0.6066667 0.65416664 0.6016667 0.6328125 0.57666665 0.6265625 0.56416667 0.6223958 0.5625 0.6203125 0.5733333 0.615625 0.5758333 0.60260415 0.5758333 0.56354165 0.56416667 0.5578125 0.545 0.5572917 0.5375 0.5651042 0.485 0.5651042 0.4825 0.63854164 0.42583334 0.64166665 0.4125 0.6432292 0.40333334 0.64270836 0.3975 0.59947914 0.25916666 0.6 0.25 0.6015625 0.23416667 0.6078125 0.22916667 0.61302084 0.225 0.62291664 0.2225 0.63697916 0.23 0.73229164 0.2725 0.73645836 0.2775 0.7421875 0.28416666 0.74010414 0.305 0.73333335 0.3375 0.7270833 0.3725 0.72239584 0.4025
18 0.7916667 0.3725 0.78697914 0.34833333 0.7651042 0.32416666 0.74583334 0.29666665 0.74114585 0.29666665 0.7395833 0.31 0.7421875 0.31083333 0.759375 0.33083335 0.78697914 0.36666667
18 0.8875 0.4425 0.88645834 0.43583333 0.87916666 0.43 0.87604165 0.4275 0.8697917 0.4275 0.81041664 0.425 0.7630208 0.42333335 0.75677085 0.43333334 0.7526042 0.44083333 0.75208336 0.44583333 0.74791664 0.5125 0.74895835 0.56 0.75364584 0.5883333 0.7552083 0.60833335 0.75572914 0.62916666 0.75104165 0.6508333 0.74635416 0.665 0.7447917 0.68333334 0.7416667 0.745 0.7453125 0.75416666 0.7505208 0.76166666 0.75416666 0.7633333 0.86354166 0.7708333 0.8671875 0.77 0.87083334 0.765 0.8755208 0.7583333 0.8765625 0.75083333 0.8765625 0.7 0.8796875 0.6458333 0.88072914 0.6075 0.8890625 0.46416667 0.8890625 0.44833332
18 0.80677086 0.3875 0.79791665 0.3825 0.7885417 0.37083334 0.75677085 0.32916668 0.74375 0.31333333 0.73854166 0.31 0.71510416 0.44083333 0.69635415 0.52916664 0.70677084 0.54333335 0.7369792 0.57 0.74635416 0.57916665 0.7526042 0.58416665 0.7484375 0.55833334 0.74791664 0.52916664 0.74791664 0.5058333 0.75208336 0.44 0.7625 0.42333335 0.7864583 0.42333335 0.8546875 0.4275 0.86614585 0.4275 0.85364586 0.41833332 0.81927085 0.395 0.8125 0.39166668
18 1.0 0.45416668 0.9458333 0.4025 0.90625 0.36916667 0.8979167 0.37416667 0.89479166 0.37666667 0.875 0.42666668 0.87864584 0.42833334 0.8875 0.43666667 0.8890625 0.4475 0.8890625 0.45333335 0.88072914 0.6075 0.8776042 0.68916667 0.8765625 0.715 0.8765625 0.745 0.8875 0.7558333 0.8932292 0.7583333 0.8984375 0.7575 0.9067708 0.7525 0.91510415 0.7325 0.94166666 0.6625 0.9848958 0.56166667 1.0 0.52416664
18 0.7484375 0.6475 0.7505208 0.59833336 0.7473958 0.58 0.7328125 0.56666666 0.70885414 0.56916666 0.68645835 0.5725 0.67760414 0.60583335 0.6666667 0.6075 0.653125 0.6016667 0.63854164 0.5833333 0.63385415 0.58 0.6015625 0.58 0.55572915 0.5783333 0.54791665 0.5833333 0.5421875 0.5941667 0.54114586 0.5966667 0.54114586 0.68583333 0.6010417 0.68666667 0.61041665 0.6933333 0.6145833 0.7025 0.615625 0.71166664 0.6166667 0.77916664 0.6296875 0.7575 0.63854164 0.7475 0.64427084 0.725 0.65260416 0.7083333 0.68177086 0.6566667 0.7015625 0.62 0.7109375 0.61583334 0.7182292 0.6191667 0.746875 0.6575
18 0.4015625 0.7058333 0.4015625 0.69916666 0.40364584 0.6925 0.40885416 0.68583333 0.41302082 0.68416667 0.4296875 0.68416667 0.45625 0.69 0.47291666 0.69166666 0.49375 0.69166666 0.51197916 0.69083333 0.53333336 0.6875 0.5463542 0.6875 0.59947914 0.68583333 0.6046875 0.68916667 0.6125 0.6958333 0.61510414 0.70416665 0.6166667 0.7683333 0.6171875 0.7916667 0.615625 0.85833335 0.61510414 0.88916665 0.6078125 0.9 0.5984375 0.90416664 0.575 0.9025 0.50416666 0.89916664 0.4046875 0.9008333 0.4015625 0.8958333 0.3984375 0.88666666 0.39739582 0.87916666 0.40052083 0.72083336
18 0.4765625 0.68833333 0.475 0.6766667 0.46927083 0.6675 0.46458334 0.6641667 0.45989582 0.66083336 0.36197916 0.64666665 0.35677084 0.64666665 0.34583333 0.63666666 0.3015625 0.62333333 0.27760416 0.61583334 0.26822916 0.6225 0.26354167 0.6275 0.26145834 0.63166666 0.24635416 0.8025 0.24479167 0.815 0.24895833 0.82416666 0.2546875 0.82916665 0.26197916 0.8325 0.2921875 0.8383333 0.31510416 0.8475 0.37916666 0.8616667 0.39739582 0.8675 0.4 0.71166664 0.40104166 0.6983333 0.40520832 0.69166666 0.40885416 0.68583333 0.4140625 0.68416667 0.42864582 0.68416667 0.4390625 0.68666667 0.46979168 0.6925 0.47552082 0.6925
18 0.7916667 0.7683333 0.75885415 0.82 0.69375 0.93333334 0.6703125 0.9816667 0.66510415 0.9866667 0.6546875 0.98583335 0.6411458 0.9675 0.6 0.9141667 0.5953125 0.905 0.6078125 0.9008333 0.61510414 0.89 0.6171875 0.8025 0.6166667 0.78 0.6197917 0.77416664 0.63854164 0.7475 0.6453125 0.7225 0.696875 0.62916666 0.7015625 0.62 0.71197915 0.6166667 0.7182292 0.6175 0.7447917 0.655 0.7494792 0.6616667 0.746875 0.665 0.7416667 0.7475 0.7494792 0.7625 0.7942708 0.76666665
18 0.16614583 0.1525 0.11875 0.11 0.10572917 0.1025 0.08125 0.08166666 0.041145835 0.0375 0.0203125 0.025 0.0 0.06666667 0.0 0.19083333 0.014583333 0.24083333 0.014583333 0.26 0.028645834 0.2925 0.061458334 0.32166666 0.12291667 0.37583333 0.08125 0.30083334 0.0765625 0.29083332 0.075 0.2725 0.07760417 0.25916666 0.09583333 0.24583334 0.10989583 0.2275 0.12447917 0.20583333 0.16302083 0.16
