6 0.20677084 0.755 0.209375 0.76 0.2109375 0.755 0.21666667 0.7575 0.21770833 0.7525 0.2234375 0.755 0.22395833 0.74916667 0.22708334 0.74916667 0.23020834 0.7475 0.25260416 0.7375 0.28072917 0.72333336 0.284375 0.72083336 0.28802082 0.72 0.29114583 0.7158333 0.2953125 0.71666664 0.29895833 0.71166664 0.30885416 0.71166664 0.31302083 0.7183333 0.31770834 0.7325 0.31822917 0.77166665 0.34270832 0.8616667 0.35833332 0.9116667 0.3625 0.93583333 0.34479168 0.945 0.29947916 0.96416664 0.25677082 0.985 0.25052083 0.97333336 0.23958333 0.89 0.2234375 0.82916665 0.20416667 0.7608333
6 0.32760417 0.785 0.35052082 0.6825 0.37239584 0.62416667 0.44375 0.695 0.4453125 0.74916667 0.44791666 0.765 0.50208336 0.74916667 0.46041667 0.855 0.4453125 0.8975 0.4328125 0.88916665 0.38020834 0.81583333 0.36666667 0.80916667 0.33229166 0.7916667
6 0.76145834 1.0 0.7572917 0.985 0.74791664 0.9316667 0.73854166 0.89166665 0.75416666 0.885 0.80885416 0.86333334 0.8411458 0.8525 0.86614585 0.82666665 0.87604165 0.81916666 0.878125 0.83416665 0.8854167 0.8641667 0.890625 0.935 0.89270836 0.95916665 0.9046875 0.9575 0.9114583 0.985 0.91197914 0.9925 0.9057292 1.0
6 1.0 0.9075 0.9927083 0.8675 0.97864586 0.7675 0.9760417 0.7183333 0.97864586 0.70416665 0.978125 0.70166665 0.9703125 0.7008333 0.9640625 0.70166665 0.9604167 0.7025 0.9557292 0.7025 0.95 0.7025 0.9458333 0.70416665 0.94166666 0.7033333 0.93854165 0.705 0.9359375 0.70416665 0.9322917 0.7075 0.9302083 0.7058333 0.9244792 0.7083333 0.9223958 0.7058333 0.91979164 0.7083333 0.91614586 0.7083333 0.9135417 0.71 0.91041666 0.71 0.9057292 0.7108333 0.89479166 0.71 0.871875 0.7175 0.8723958 0.74 0.87916666 0.7683333 0.8822917 0.805 0.88645834 0.87583333 0.8901042 0.93416667 0.89270836 0.95916665 0.9223958 0.95416665 0.9484375 0.9525 1.0 0.9508333
6 0.7583333 0.6675 0.8 0.5808333 0.8046875 0.565 0.81354165 0.5316667 0.81666666 0.53 0.82916665 0.5425 0.8567708 0.5725 0.8703125 0.58666664 0.8890625 0.595 0.9244792 0.61333334 0.9375 0.62166667 0.94322914 0.62666667 0.9380208 0.63666666 0.9125 0.70916665 0.9046875 0.7108333 0.89375 0.71 0.871875 0.7175 0.8723958 0.7391667 0.87864584 0.76666665 0.7963542 0.6975 0.7703125 0.6791667
6 1.0 0.49916667 0.99583334 0.44 0.99375 0.43333334 0.94322914 0.4475 0.8859375 0.46666667 0.88489586 0.46916667 0.89166665 0.5183333 0.90833336 0.605 0.92395836 0.6125 0.93854165 0.6225 0.94375 0.62666667 0.9375 0.63666666 0.91822916 0.6933333 0.9192708 0.7025 0.92291665 0.705 0.9359375 0.69916666 1.0 0.67583334
6 0.5140625 0.74666667 0.5619792 0.6616667 0.578125 0.65833336 0.60729164 0.7758333 0.6098958 0.775 0.62604165 0.76666665 0.6567708 0.72583336 0.6635417 0.7391667 0.6744792 0.75083333 0.6921875 0.7625 0.6609375 0.83 0.64375 0.87166667 0.6276042 0.90833336 0.61614585 0.8975 0.58697915 0.84 0.5208333 0.75916666
6 0.56927085 0.6066667 0.57708335 0.59833336 0.646875 0.5833333 0.65520835 0.58166665 0.66302085 0.5708333 0.6880208 0.55083334 0.70104164 0.5466667 0.7234375 0.6766667 0.7317708 0.71 0.71458334 0.7225 0.65625 0.72583336 0.62604165 0.76666665 0.60729164 0.77666664 0.57708335 0.6566667
6 0.4328125 0.5366667 0.44791666 0.53833336 0.45677084 0.5366667 0.46458334 0.5341667 0.47395834 0.5233333 0.48645833 0.5158333 0.5203125 0.5 0.525 0.5283333 0.5307292 0.6375 0.5307292 0.6533333 0.53125 0.66583335 0.5619792 0.66083336 0.5140625 0.74666667 0.49635416 0.75083333 0.4484375 0.765 0.44583333 0.74916667 0.44322917 0.6483333 0.44583333 0.6125 0.43177083 0.5466667
6 0.5109375 0.43166667 0.571875 0.41916665 0.59479165 0.41333333 0.6015625 0.415 0.6078125 0.42583334 0.6088542 0.43833333 0.61510414 0.50916666 0.625 0.5883333 0.5796875 0.5966667 0.56927085 0.60583335 0.57708335 0.6575 0.5619792 0.66083336 0.53125 0.66583335 0.53020835 0.62333333 0.525 0.5275 0.51927084 0.49833333 0.50989586 0.45916668 0.509375 0.43916667
6 0.30677083 0.49916667 0.31145832 0.48333332 0.3484375 0.41083333 0.37708333 0.3425 0.38333333 0.31833333 0.39375 0.30416667 0.4453125 0.35833332 0.40416667 0.3875 0.39739582 0.39666668 0.4359375 0.49 0.4140625 0.52416664 0.40520832 0.575 0.40052083 0.58666664 0.346875 0.545 0.3125 0.50916666
6 0.525 0.27416667 0.51145834 0.285 0.509375 0.29 0.4671875 0.33916667 0.44583333 0.35916665 0.40416667 0.38666666 0.39739582 0.39666668 0.440625 0.5025 0.45104167 0.52416664 0.45989582 0.5308333 0.46197918 0.5341667 0.4640625 0.5341667 0.475 0.5225 0.503125 0.48416665 0.51354164 0.47416666 0.509375 0.46 0.509375 0.43916667 0.51145834 0.43166667 0.57708335 0.4175 0.5625 0.3775 0.5546875 0.3625 0.5442708 0.33166668 0.5338542 0.30916667 0.5260417 0.30166668 0.53020835 0.29166666
6 0.5364583 0.28583333 0.571875 0.24333334 0.59479165 0.17333333 0.60520834 0.1425 0.6119792 0.1325 0.6703125 0.21 0.69114584 0.24 0.6880208 0.24916667 0.66770834 0.28916666 0.60625 0.41416666 0.60625 0.41916665 0.6010417 0.41583332 0.5984375 0.4125 0.571875 0.375 0.5541667 0.35 0.540625 0.3225 0.53489584 0.31083333 0.52552086 0.30166668
6 0.19270833 0.16666667 0.19895834 0.1675 0.20625 0.17583333 0.23854166 0.20166667 0.29635417 0.22916667 0.26458332 0.28 0.25520834 0.29916668 0.29479167 0.34583333 0.30364582 0.35166666 0.3046875 0.35416666 0.30364582 0.35916665 0.30052084 0.3725 0.29791668 0.38583332 0.29114583 0.40666667 0.27760416 0.40166667 0.23489584 0.37 0.18489583 0.34166667 0.14791666 0.3225 0.16041666 0.28583333 0.1609375 0.27166668 0.18802084 0.1775
6 0.28125 0.0 0.32604167 0.048333332 0.340625 0.061666667 0.38854167 0.08916666 0.40572917 0.10583334 0.40208334 0.1225 0.39010417 0.15583333 0.37552083 0.13333334 0.36145833 0.11333334 0.3578125 0.115 0.346875 0.13083333 0.30885416 0.2075 0.24947916 0.16083333 0.2265625 0.14166667 0.24166666 0.08166666 0.26614583 0.0
6 0.4390625 0.23083334 0.3890625 0.1525 0.36197916 0.1125 0.3578125 0.115 0.34895834 0.12916666 0.309375 0.2075 0.2890625 0.24166666 0.26302084 0.28166667 0.25416666 0.29833335 0.29583332 0.34666666 0.3046875 0.3525 0.31458333 0.35916665 0.31822917 0.36083335 0.33125 0.40583333 0.34166667 0.39583334 0.38333333 0.31916666 0.41145834 0.27416667 0.43645832 0.24083333
6 0.496875 0.079166666 0.509375 0.06666667 0.5416667 0.05666667 0.584375 0.0 0.6276042 0.0 0.6645833 0.079166666 0.6713542 0.09833334 0.66510415 0.10666667 0.65 0.11833333 0.6223958 0.145 0.61145836 0.1325 0.60625 0.14 0.59479165 0.17333333 0.5609375 0.21333334 0.5484375 0.22416666 0.5307292 0.16916667 0.525 0.15333334 0.496875 0.085
6 0.6869792 0.4725 0.6979167 0.46 0.7078125 0.45833334 0.7885417 0.38416666 0.80572915 0.3625 0.81354165 0.38333333 0.8588542 0.48083332 0.86510414 0.49416667 0.85572916 0.505 0.83385414 0.52416664 0.8208333 0.5341667 0.81614584 0.52916664 0.8130208 0.5316667 0.809375 0.5466667 0.75989586 0.5975 0.7526042 0.60833335 0.7395833 0.6175 0.7114583 0.5425
6 0.8078125 0.11666667 0.84270835 0.14916667 0.85833335 0.16166666 0.89375 0.20833333 0.89270836 0.21833333 0.88125 0.24416667 0.85364586 0.3075 0.84479165 0.33166668 0.83697915 0.3775 0.83125 0.39083335 0.80833334 0.3675 0.80572915 0.36083335 0.8041667 0.36416668 0.7838542 0.34 0.746875 0.31416667 0.7395833 0.30666667 0.7447917 0.29083332 0.7572917 0.26583335 0.78802085 0.18333334 0.8015625 0.12833333
6 0.3953125 0.99916667 0.44635418 0.89416665 0.45625 0.86583334 0.46302083 0.8541667 0.47708333 0.87166667 0.49322918 0.89916664 0.52239585 0.9375 0.54583335 0.9725 0.54010415 0.99083334 0.53541666 1.0
