15 0.079166666 0.0 0.08229167 0.01 0.08020833 0.018333333 0.07760417 0.021666666 0.077083334 0.030833334 0.08229167 0.04083333 0.084895834 0.045833334 0.07604167 0.04916667 0.06614583 0.043333333 0.065104164 0.0325 0.052604165 0.021666666 0.046875 0.008333334 0.044791665 0.00083333335 0.044270832 0.0
14 0.058333334 0.048333332 0.07239583 0.06583333 0.0796875 0.08416667 0.090625 0.10666667 0.096354164 0.119166665 0.228125 0.28416666 0.234375 0.29333332 0.25416666 0.29916668 0.23854166 0.31666666 0.2171875 0.3375 0.20729166 0.34666666 0.19583334 0.3575 0.19270833 0.36166668 0.102604166 0.24833333 0.034375 0.165 0.025520833 0.16583334 0.013020833 0.15833333 0.011979166 0.15416667 0.0171875 0.1425 0.041145835 0.09166667 0.052604165 0.065 0.053645834 0.055833332
1 0.44166666 0.0 0.521875 0.0 0.52916664 0.0058333334 0.5328125 0.035833333 0.52916664 0.095 0.5260417 0.15916666 0.52135414 0.25166667 0.5203125 0.28083333 0.5151042 0.30083334 0.4890625 0.3175 0.47395834 0.3175 0.465625 0.32333332 0.46041667 0.32916668 0.4375 0.33333334 0.42291668 0.33416668 0.42864582 0.23583333 0.43697917 0.079166666 0.43854168 0.035 0.44635418 0.025833333 0.44375 0.009166666 0.440625 0.005
20 0.64166665 0.0 0.6067708 0.05 0.6 0.068333335 0.59947914 0.090833336 0.58020836 0.265 0.56354165 0.28833333 0.5463542 0.29416665 0.52708334 0.285 0.5208333 0.2675 0.52708334 0.1475 0.53229165 0.060833335 0.53541666 0.028333334 0.565625 0.0
5 0.31302083 0.21083333 0.31979167 0.265 0.3375 0.29583332 0.40208334 0.3775 0.43697917 0.43333334 0.45208332 0.45166665 0.45989582 0.46583334 0.43541667 0.50416666 0.35520834 0.62583333 0.3390625 0.6475 0.334375 0.62916666 0.32760417 0.63666666 0.31354168 0.64916664 0.2796875 0.565 0.18489583 0.42583334 0.175 0.405 0.16822916 0.39416668 0.18958333 0.365 0.24010417 0.31916666 0.25729167 0.3 0.2578125 0.29 0.30104166 0.2225 0.30416667 0.21416667
11 0.3453125 0.685 0.37135416 0.86583334 0.378125 0.99666667 0.23333333 1.0 0.23541667 0.9766667 0.23697917 0.8975 0.22395833 0.82416666 0.21197917 0.765 0.19791667 0.7425 0.1953125 0.72 0.28541666 0.66333336 0.3078125 0.6525 0.31510416 0.64916664 0.3359375 0.6333333
3 0.45104167 0.5391667 0.43854168 0.5833333 0.425 0.66333336 0.41979167 0.71416664 0.415625 0.7775 0.42395833 0.7775 0.453125 0.7575 0.46822917 0.745 0.47604167 0.75916666 0.49635416 0.7683333 0.5229167 0.77916664 0.5229167 0.80916667 0.53125 0.81583333 0.55677086 0.83666664 0.5484375 0.79 0.5484375 0.7575 0.55260414 0.6483333 0.55 0.605 0.5515625 0.55333334 0.5552083 0.50416666 0.5390625 0.50916666 0.5229167 0.5108333 0.471875 0.5258333 0.45729166 0.5325
6 0.6046875 0.52416664 0.60520834 0.56916666 0.6171875 0.70416665 0.6046875 0.79833335 0.6010417 0.8175 0.59010416 0.8258333 0.57447916 0.8283333 0.5619792 0.83416665 0.5578125 0.8325 0.55 0.7925 0.5515625 0.68083334 0.5541667 0.6433333 0.55 0.595 0.5541667 0.54583335 0.5729167 0.545 0.59791666 0.52166665
8 0.41770834 0.7266667 0.41041666 0.7266667 0.40416667 0.7275 0.39270833 0.7225 0.38802084 0.7133333 0.38489583 0.70666665 0.38333333 0.6933333 0.37760416 0.63 0.37395832 0.61 0.37447917 0.59833336 0.428125 0.51666665 0.43697917 0.50333333 0.4703125 0.4925 0.48697916 0.48916668 0.5265625 0.50416666 0.53489584 0.50916666 0.5208333 0.50916666 0.49010417 0.5183333 0.46510416 0.52666664 0.45677084 0.5308333 0.44947916 0.53833336 0.43854168 0.5775 0.43020833 0.62333333 0.42083332 0.69 0.41822916 0.72083336
8 0.55885416 0.46833333 0.56666666 0.4675 0.57239586 0.4725 0.57604164 0.47833332 0.57708335 0.48666668 0.58020836 0.53583336 0.5734375 0.54333335 0.553125 0.5441667 0.5546875 0.50166667 0.55 0.505 0.5546875 0.49 0.55677086 0.46916667
19 0.5807292 0.26666668 0.56614584 0.38583332 0.55572915 0.465 0.553125 0.47916666 0.553125 0.48833334 0.55 0.49916667 0.546875 0.50416666 0.5416667 0.5058333 0.5317708 0.505 0.47916666 0.48416665 0.453125 0.475 0.45989582 0.46583334 0.45729166 0.45833334 0.44635418 0.4425 0.43541667 0.43 0.42760417 0.41416666 0.434375 0.33583334 0.4609375 0.33 0.475 0.3175 0.48854166 0.31916666 0.515625 0.30166668 0.51979166 0.2825 0.5203125 0.26583335 0.5265625 0.28333333 0.54479164 0.2925 0.56354165 0.28583333 0.57447916 0.27166668
4 0.6020833 0.87916666 0.6223958 0.8775 0.634375 0.8875 0.64635414 0.8933333 0.66510415 0.9191667 0.68072915 0.9458333 0.68958336 1.0 0.578125 0.99583334 0.57708335 0.95666665 0.5864583 0.90833336 0.590625 0.895 0.5942708 0.88916665
18 0.088541664 0.0 0.1046875 0.014166667 0.115625 0.025833333 0.12447917 0.030833334 0.1328125 0.03 0.13854167 0.025833333 0.14322917 0.013333334 0.14635417 0.0
