8 0.55364585 0.28 0.6359375 0.255 0.678125 0.24833333 0.70729166 0.245 0.721875 0.25166667 0.725 0.295 0.73541665 0.41333333 0.715625 0.4225 0.61822915 0.45833334 0.60052085 0.46 0.5875 0.45583335 0.5807292 0.45666668 0.58385414 0.485 0.5390625 0.49416667 0.51875 0.43833333 0.51770836 0.42166665 0.51354164 0.35083333 0.51354164 0.3325 0.51875 0.31416667 0.5260417 0.27833334 0.5390625 0.27833334
14 0.796875 0.375 0.8020833 0.4825 0.7885417 0.48083332 0.74010414 0.50083333 0.6609375 0.5258333 0.6177083 0.545 0.60833335 0.55 0.5885417 0.5075 0.5833333 0.4775 0.5807292 0.45666668 0.58802086 0.45583335 0.6020833 0.46083334 0.61875 0.45916668 0.72083336 0.42166665 0.7473958 0.40666667 0.78541666 0.38
13 0.8359375 0.34416667 0.88958335 0.46416667 0.90520835 0.51416665 0.90416664 0.5316667 0.884375 0.5466667 0.8 0.635 0.7192708 0.6 0.68958336 0.59 0.6635417 0.525 0.71979165 0.5075 0.7760417 0.48666668 0.7875 0.48166665 0.80260414 0.4825 0.7994792 0.42416668 0.796875 0.3675 0.81458336 0.3475 0.8255208 0.3375
5 0.81354165 0.64416665 0.8432292 0.6625 0.86510414 0.67583334 0.8609375 0.69 0.8307292 0.7725 0.81354165 0.83416665 0.79583335 0.88166666 0.78229165 0.9166667 0.76197916 0.8983333 0.65989584 0.8175 0.6296875 0.7875 0.6390625 0.72333336 0.65052086 0.6675 0.678125 0.6191667 0.68958336 0.59 0.72291666 0.6016667 0.8 0.6358333 0.80625 0.64416665
2 0.28645834 0.55916667 0.35208333 0.49833333 0.41614583 0.43666667 0.44583333 0.40916666 0.4625 0.3925 0.47760418 0.39166668 0.5078125 0.40166667 0.5239583 0.455 0.55677086 0.5366667 0.584375 0.61333334 0.43072918 0.7525 0.3984375 0.785 0.38229167 0.80333334 0.375 0.8 0.32760417 0.66833335 0.3015625 0.6016667 0.290625 0.57416666
11 0.5130208 0.81166667 0.5765625 0.95166665 0.59739584 0.99083334 0.5953125 1.0 0.359375 1.0 0.34583333 0.96166664 0.3796875 0.93333334 0.41875 0.9116667 0.440625 0.905 0.45625 0.91833335 0.46145833 0.9 0.46354166 0.87583333 0.48177084 0.8358333 0.49635416 0.82416666
4 0.0171875 0.49 0.035416666 0.46833333 0.063541666 0.44666666 0.1046875 0.45166665 0.12604167 0.46833333 0.14166667 0.49 0.15 0.5308333 0.15 0.57916665 0.140625 0.61 0.128125 0.63166666 0.1109375 0.64666665 0.08802083 0.655 0.06666667 0.66083336 0.054166667 0.68416667 0.0 0.81166667 0.0 0.6641667 0.013020833 0.62166667 0.0109375 0.58666664 0.0078125 0.55083334 0.0078125 0.5275 0.0109375 0.5075
9 0.00052083336 0.5725 0.008854167 0.56333333 0.0125 0.61833334 0.010416667 0.63 0.0 0.6616667 0.00052083336 0.63
9 0.13020833 0.6308333 0.1140625 0.645 0.109375 0.6475 0.08385417 0.6566667 0.0671875 0.6625 0.06458333 0.6666667 0.0546875 0.68416667 0.03125 0.74 0.00625 0.7975 0.0 0.81166667 0.0 0.8325 0.021875 0.8775 0.0578125 0.94083333 0.0796875 0.9716667 0.084375 0.97833335 0.11875 0.93083334 0.1515625 0.8808333 0.16354166 0.855 0.17083333 0.845 0.17239584 0.8408333 0.16041666 0.8175 0.16145833 0.8075 0.16197917 0.7975 0.153125 0.76166666 0.15104167 0.73333335 0.14791666 0.71166664 0.1375 0.6641667 0.13385417 0.6525 0.13125 0.6358333
6 0.44114584 0.13833334 0.51770836 0.16416667 0.5484375 0.17416666 0.5359375 0.23666666 0.51458335 0.3275 0.509375 0.39 0.50625 0.40166667 0.47552082 0.39166668 0.4671875 0.39166668 0.4453125 0.39166668 0.41041666 0.38333333 0.403125 0.37666667 0.40208334 0.35583332 0.40833333 0.32083333 0.43125 0.18583333 0.4359375 0.1425
