14 0.421875 0.60583335 0.31302083 0.62416667 0.25104168 0.73583335 0.25 0.74 0.25833333 0.7391667 0.2671875 0.7366667 0.2765625 0.7191667 0.41302082 0.68916667 0.41510418 0.6925 0.42395833 0.62583333
14 0.42708334 0.585 0.4234375 0.585 0.421875 0.59 0.42291668 0.605 0.4234375 0.62833333 0.41354167 0.7008333 0.37864584 0.86583334 0.3703125 0.8808333 0.36145833 0.9025 0.35989583 0.90833336 0.37552083 0.9125 0.40260416 0.925 0.40677083 0.93583333 0.41822916 0.93333334 0.421875 0.9275 0.475 0.6716667 0.47864583 0.6533333 0.48229167 0.6425 0.4953125 0.62666667 0.4953125 0.6116667 0.49375 0.5975 0.4875 0.60333335 0.48020834 0.60583335 0.46614584 0.60583335 0.4390625 0.59583336 0.43229166 0.5925
14 0.46614584 0.57916665 0.459375 0.58166665 0.45677084 0.58666664 0.45677084 0.59583336 0.44791666 0.6 0.46614584 0.6066667 0.46979168 0.605 0.4671875 0.58416665
14 0.46927083 0.69916666 0.47604167 0.69666666 0.47395834 0.68
14 0.5395833 0.52916664 0.53697914 0.53833336 0.5359375 0.56083333 0.5416667 0.5733333 0.5421875 0.58 0.5421875 0.6458333 0.6 0.61083335 0.603125 0.58916664 0.6098958 0.55916667 0.609375 0.535 0.6067708 0.53333336
14 0.496875 0.6508333 0.51458335 0.6425 0.51875 0.6458333 0.54270834 0.6458333 0.6 0.61083335 0.68177086 0.56416667 0.7 0.55083334 0.70989585 0.5466667 0.7161458 0.52916664 0.7171875 0.5283333 0.72447914 0.53833336 0.734375 0.57666665 0.746875 0.6375 0.74375 0.6425 0.7239583 0.6433333 0.7270833 0.62833333 0.7265625 0.62333333 0.7239583 0.6175 0.71510416 0.62166667 0.70208335 0.625 0.6645833 0.6475 0.6625 0.65 0.65260416 0.6566667 0.65208334 0.6591667 0.659375 0.67083335 0.65989584 0.6741667 0.5598958 0.7341667 0.55625 0.7375 0.54791665 0.74583334 0.5395833 0.7583333 0.53229165 0.765 0.52135414 0.77 0.5 0.6625
14 0.5484375 0.74833333 0.5484375 0.8566667 0.5484375 0.87083334 0.54270834 0.88666666 0.5395833 0.9 0.5416667 0.91 0.5416667 0.9141667 0.5416667 0.925 0.57447916 0.9116667 0.58125 0.9116667 0.60833335 0.92583334 0.6109375 0.91833335 0.6125 0.90166664 0.6041667 0.8983333 0.6041667 0.87583333 0.6015625 0.70916665 0.55833334 0.735 0.54791665 0.745
14 0.7239583 0.6716667 0.73541665 0.67083335 0.74010414 0.6691667 0.7421875 0.6675 0.7369792 0.65 0.7348958 0.65166664 0.73229164 0.6433333 0.7234375 0.6433333 0.72083336 0.6558333 0.72291666 0.6675
14 0.70625 0.9725 0.7682292 0.93666667 0.7703125 0.9266667 0.76770836 0.9075 0.76197916 0.9 0.7546875 0.895 0.7395833 0.7608333 0.73229164 0.7275 0.7234375 0.67083335 0.7203125 0.6558333 0.7239583 0.6425 0.72760415 0.62833333 0.7270833 0.62333333 0.7239583 0.61833334 0.7135417 0.6225 0.70208335 0.625 0.6645833 0.64666665 0.6625 0.64916664 0.653125 0.6566667 0.65208334 0.6591667 0.659375 0.67 0.67552084 0.7216667 0.6880208 0.8025 0.7005208 0.89916664 0.7015625 0.92083335 0.69947916 0.9433333 0.7005208 0.95666665
14 0.67083335 0.3575 0.66041666 0.35083333 0.6390625 0.3425 0.6302083 0.34 0.625 0.34166667 0.6255208 0.3525 0.6390625 0.40333334 0.64375 0.43833333 0.66197914 0.57416666 0.66197914 0.5758333 0.67864585 0.56583333 0.69947916 0.55083334 0.70989585 0.5466667 0.71510416 0.5316667 0.69739586 0.41833332 0.68645835 0.3575 0.68385416 0.33416668 0.68072915 0.32833335 0.6765625 0.32833335 0.675 0.3525
14 0.17291667 0.7241667 0.22916667 0.79583335 0.23489584 0.78833336 0.24166666 0.7725 0.2453125 0.74333334 0.375 0.51416665 0.38645834 0.5075 0.38854167 0.50166667 0.39427084 0.48083332 0.390625 0.47916666 0.38020834 0.46833333 0.3421875 0.4175 0.33177084 0.43083334 0.32760417 0.44166666 0.21458334 0.66583335 0.184375 0.7 0.17864583 0.71
