1 0.14947917 0.21083333 0.16979167 0.23666666 0.234375 0.295 0.28645834 0.34333333 0.29635417 0.34416667 0.32447916 0.34166667 0.34010416 0.35166666 0.31927082 0.4075 0.284375 0.49666667 0.28125 0.5133333 0.271875 0.50416666 0.26770833 0.48916668 0.26770833 0.48083332 0.25572917 0.465 0.21822916 0.44083333 0.14427084 0.38166666 0.12552084 0.37416667 0.106770836 0.38666666 0.09583333 0.385 0.0796875 0.37666667 0.1109375 0.30833334 0.13697916 0.22833334 0.14270833 0.20333333
3 0.53125 0.18083334 0.6296875 0.21666667 0.6828125 0.25 0.68854165 0.285 0.6822917 0.29833335 0.64739585 0.305 0.65208334 0.31083333 0.64739585 0.34333333 0.6265625 0.41 0.6203125 0.42583334 0.61041665 0.42583334 0.59791666 0.4 0.59166664 0.385 0.57135415 0.37083334 0.54583335 0.34166667 0.5234375 0.3175 0.5104167 0.3 0.51666665 0.2675 0.5421875 0.27916667 0.53489584 0.23416667 0.52760416 0.19083333
13 0.3421875 0.36666667 0.4203125 0.35833332 0.46927083 0.36416668 0.48489583 0.38583332 0.5359375 0.42666668 0.5390625 0.55 0.5375 0.56916666 0.5364583 0.5825 0.53020835 0.5966667 0.5125 0.6025 0.3578125 0.59833336 0.34322917 0.59583336 0.32135418 0.595 0.32239583 0.57 0.32291666 0.48833334 0.32239583 0.40166667 0.3359375 0.36666667
15 0.478125 0.3275 0.5541667 0.38166666 0.603125 0.41666666 0.61041665 0.42666668 0.62291664 0.42833334 0.653125 0.44583333 0.66510415 0.4675 0.66979164 0.49083334 0.67395836 0.49 0.68177086 0.4925 0.67760414 0.50666666 0.6671875 0.5058333 0.659375 0.50333333 0.64427084 0.5 0.57395834 0.44916666 0.5296875 0.42 0.48125 0.37916666 0.46875 0.36583334 0.459375 0.35583332 0.45208332 0.34916666 0.4515625 0.33916667 0.45677084 0.33416668 0.46145833 0.33416668 0.46510416 0.33333334
8 0.853125 0.23833333 0.96875 0.31083333 0.97291666 0.31666666 0.9734375 0.32916668 0.9640625 0.35916665 0.93333334 0.46583334 0.90989584 0.55333334 0.9046875 0.5858333 0.8989583 0.5875 0.8567708 0.5683333 0.77760416 0.51916665 0.77447915 0.51 0.77447915 0.50166667 0.77760416 0.48416665 0.8177083 0.35333332 0.8296875 0.28583333 0.84166664 0.25 0.8463542 0.24416667
9 0.49114582 0.6125 0.5307292 0.5975 0.5630208 0.58916664 0.58385414 0.58166665 0.58802086 0.58166665 0.59791666 0.68916667 0.6078125 0.76 0.6171875 0.83416665 0.62135416 0.8566667 0.5677083 0.8616667 0.49322918 0.87416667 0.43333334 0.8858333 0.40572917 0.8933333 0.37708333 0.90166664 0.3734375 0.8725 0.3734375 0.82916665 0.37552083 0.79583335 0.37708333 0.74833333 0.3765625 0.7375 0.38177082 0.7216667 0.4234375 0.6741667 0.4734375 0.63166666 0.47864583 0.62166667
8 0.4265625 0.6716667 0.41979167 0.67583334 0.39947918 0.7008333 0.38125 0.7216667 0.37604168 0.7375 0.37604168 0.78333336 0.371875 0.86833334 0.3765625 0.9025 0.44739583 0.8825 0.4328125 0.93333334 0.4109375 0.99583334 0.39010417 1.0 0.35260418 1.0 0.31510416 0.9741667 0.28697917 0.9458333 0.28541666 0.9425 0.28541666 0.92333335 0.296875 0.88916665 0.30572918 0.8666667 0.36197916 0.68083334 0.36666667 0.66583335 0.36770833 0.66083336 0.37291667 0.6475 0.3796875 0.6383333 0.38541666 0.6375 0.4046875 0.6483333 0.41458333 0.65833336
18 0.111979164 0.5233333 0.171875 0.52 0.19739583 0.5183333 0.22604166 0.5208333 0.24375 0.5316667 0.24270834 0.5566667 0.2359375 0.6091667 0.23333333 0.645 0.23802084 0.68916667 0.24427083 0.75916666 0.246875 0.8125 0.24583334 0.8383333 0.23489584 0.8516667 0.203125 0.86 0.14010416 0.8725 0.11354167 0.87 0.10208333 0.86 0.09427083 0.84583336 0.096354164 0.6166667 0.09010417 0.57 0.088541664 0.5466667 0.096875 0.52916664
2 0.013541667 0.36083335 0.12708333 0.4125 0.2078125 0.45166665 0.2265625 0.45666668 0.25625 0.4675 0.25833333 0.48916668 0.24427083 0.5966667 0.23489584 0.6508333 0.2359375 0.6141667 0.24322917 0.55916667 0.24375 0.5308333 0.225 0.51916665 0.115625 0.5208333 0.096875 0.5283333 0.088541664 0.5441667 0.0875 0.5491667 0.092708334 0.5933333 0.096354164 0.6166667 0.096354164 0.6475 0.094791666 0.7008333 0.00625 0.67083335 0.0 0.66083336 0.0 0.435 0.0072916667 0.3975
4 0.003125 0.0058333334 0.0265625 0.03 0.044791665 0.04083333 0.078125 0.035 0.0984375 0.0225 0.115625 0.0
