8 0.5151042 0.7658333 0.5151042 0.7725 0.51197916 0.78333336 0.5052083 0.7925 0.49791667 0.79583335 0.48958334 0.79583335 0.42552084 0.77916664 0.40104166 0.775 0.38854167 0.76916665 0.38177082 0.76666665 0.36197916 0.7658333 0.34791666 0.7633333 0.30625 0.7608333 0.29635417 0.7583333 0.28697917 0.74916667 0.2875 0.73333335 0.29114583 0.72583336 0.2921875 0.72 0.2953125 0.69083333 0.29635417 0.59166664 0.30572918 0.58166665 0.303125 0.61 0.31197917 0.6116667 0.33177084 0.61583334 0.33385417 0.62 0.33697918 0.6675 0.346875 0.7183333 0.35364583 0.72583336 0.35989583 0.7291667 0.36614582 0.73 0.3875 0.7216667 0.41302082 0.7075 0.44322917 0.7241667 0.5015625 0.75666666
8 0.40885416 0.62416667 0.39427084 0.67083335 0.39427084 0.6816667 0.39583334 0.69166666 0.40208334 0.7008333 0.41197917 0.7075 0.39427084 0.7175 0.36614582 0.73 0.35989583 0.7291667 0.35364583 0.72583336 0.34739584 0.7183333 0.33645833 0.6666667 0.33385417 0.62 0.33229166 0.6175 0.35520834 0.6175
8 0.44635418 0.49666667 0.43958333 0.5025 0.43385416 0.5108333 0.42239583 0.5625 0.41979167 0.5875 0.41666666 0.5991667 0.4078125 0.62583333 0.39479166 0.66833335 0.39427084 0.6775 0.39427084 0.685 0.39635417 0.6925 0.40208334 0.7008333 0.41354167 0.7075 0.49166667 0.75166667 0.5151042 0.765 0.54322916 0.7916667 0.5484375 0.7975 0.57239586 0.7575 0.62395835 0.65416664 0.6265625 0.6408333 0.625 0.62666667 0.625 0.615 0.6171875 0.60333335 0.59791666 0.58916664 0.5911458 0.585 0.5697917 0.575 0.54791665 0.56416667 0.52708334 0.5516667 0.50677085 0.5391667 0.4578125 0.49666667 0.45364583 0.49666667
8 0.34010416 0.38916665 0.3375 0.38833332 0.325 0.45916668 0.30572918 0.58416665 0.30364582 0.61083335 0.33229166 0.61583334 0.33333334 0.6175 0.3609375 0.61833334 0.40885416 0.62416667 0.41770834 0.59833336 0.41979167 0.58916664 0.42239583 0.56333333 0.43333334 0.515 0.43385416 0.51166666 0.44270834 0.49833333 0.44791666 0.4975 0.4578125 0.49583334 0.46354166 0.50333333 0.46145833 0.44333333 0.45833334 0.43833333 0.43854168 0.4375 0.4234375 0.435 0.39583334 0.425 0.36458334 0.40333334 0.35260418 0.39583334
8 0.59479165 0.39 0.54270834 0.3875 0.52760416 0.38833332 0.47760418 0.3825 0.46927083 0.385 0.46510416 0.38833332 0.46145833 0.4025 0.45989582 0.42166665 0.46145833 0.44416666 0.4640625 0.50333333 0.49114582 0.5258333 0.5072917 0.5391667 0.55104166 0.565 0.59270835 0.585 0.6 0.5908333 0.6234375 0.5933333 0.6546875 0.5991667 0.66197914 0.5991667 0.66510415 0.5975 0.6713542 0.58416665 0.67291665 0.57166666 0.671875 0.54583335 0.66979164 0.5 0.66979164 0.47666666 0.6734375 0.46166667 0.6734375 0.41333333 0.66510415 0.395 0.65260416 0.39083335
8 0.7640625 0.65166664 0.72239584 0.6375 0.7015625 0.6308333 0.68541664 0.625 0.6557292 0.6075 0.6411458 0.5975 0.625 0.5933333 0.625 0.61333334 0.625 0.6275 0.6276042 0.6425 0.6296875 0.6475 0.62916666 0.6508333 0.625 0.6591667 0.615625 0.69416666 0.59270835 0.765 0.59270835 0.7733333 0.59791666 0.78583336 0.60364586 0.7941667 0.634375 0.8016667 0.64947915 0.80583334 0.73020834 0.8516667 0.77552086 0.87416667 0.78229165 0.87583333 0.7895833 0.87333333 0.7973958 0.85833335 0.80260414 0.8208333 0.80677086 0.78333336 0.8234375 0.70166665 0.8234375 0.69416666 0.821875 0.68416667 0.8177083 0.67333335 0.8015625 0.665 0.7682292 0.6533333
8 0.5130208 0.18916667 0.46197918 0.21666667 0.36197916 0.27333334 0.38854167 0.28166667 0.40052083 0.28416666 0.40572917 0.29583332 0.40625 0.31083333 0.38645834 0.41833332 0.3953125 0.425 0.4265625 0.43583333 0.45520833 0.43833333 0.46041667 0.43583333 0.45989582 0.42 0.46145833 0.40166667 0.465625 0.3875 0.47083333 0.385 0.47916666 0.3825 0.5296875 0.38833332 0.54114586 0.38666666 0.55833334 0.38833332 0.56458336 0.36833334 0.56041664 0.34916666 0.528125 0.20083334 0.521875 0.19166666
8 0.30260417 0.245 0.28802082 0.24416667 0.28177083 0.24916667 0.27916667 0.25666666 0.26979166 0.29333332 0.25364584 0.37416667 0.2328125 0.47416666 0.2359375 0.485 0.23125 0.485 0.228125 0.49666667 0.21614583 0.55083334 0.2171875 0.56166667 0.221875 0.5733333 0.228125 0.57916665 0.2796875 0.6016667 0.30208334 0.58666664 0.30572918 0.5808333 0.31822917 0.505 0.3375 0.38666666 0.3578125 0.39916667 0.38645834 0.41916665 0.396875 0.36 0.40625 0.30916667 0.40625 0.29666665 0.40104166 0.285 0.384375 0.28083333 0.3625 0.275 0.3515625 0.27416667 0.3359375 0.27833334 0.3296875 0.27666667 0.31614584 0.25666666 0.30989584 0.24916667
8 0.31458333 0.22083333 0.3203125 0.24333334 0.3265625 0.25 0.33177084 0.25416666 0.3375 0.25416666 0.34322917 0.25 0.384375 0.22083333 0.39739582 0.20833333 0.41041666 0.19833334 0.44270834 0.18083334 0.48645833 0.1525 0.50572914 0.0725 0.49583334 0.031666666 0.48645833 0.0 0.38125 0.0 0.353125 0.023333333 0.340625 0.0375 0.3125 0.053333335 0.346875 0.13833334 0.36614582 0.18416667 0.35 0.20916666 0.34114584 0.22166666 0.33229166 0.2225 0.32395834 0.22083333 0.32083333 0.21583334
8 0.51666665 0.008333334 0.5083333 0.0575 0.50677085 0.0725 0.4859375 0.15416667 0.47239584 0.21 0.5130208 0.18916667 0.52135414 0.19166666 0.52708334 0.19833334 0.54791665 0.29333332 0.559375 0.34666666 0.56875 0.34666666 0.575 0.33583334 0.584375 0.29666665 0.5932292 0.27083334 0.6041667 0.2175 0.6171875 0.17416666 0.628125 0.13166666 0.6328125 0.11083333 0.6453125 0.05 0.6453125 0.038333334 0.6421875 0.025833333 0.63697916 0.021666666 0.5885417 0.0 0.51770836 0.0
8 0.28125 0.028333334 0.271875 0.041666668 0.23958333 0.07833333 0.23489584 0.08083333 0.22447917 0.08 0.21354167 0.08583333 0.16666667 0.12083333 0.16354166 0.12833333 0.16145833 0.14166667 0.16302083 0.14666666 0.1890625 0.13916667 0.20885417 0.12833333 0.21927084 0.13 0.22552083 0.14416666 0.22864583 0.17 0.23177083 0.20083334 0.23125 0.2225 0.228125 0.24583334 0.2296875 0.26166666 0.23489584 0.28833333 0.26770833 0.2575 0.28125 0.24833333 0.29427084 0.23666666 0.32135418 0.21416667 0.32395834 0.22083333 0.33385417 0.22333333 0.340625 0.22333333 0.365625 0.18583333 0.31197917 0.05 0.29739583 0.011666667 0.29270834 0.011666667
8 0.146875 0.1475 0.1 0.155 0.0953125 0.16416667 0.09375 0.1725 0.09375 0.1875 0.10208333 0.245 0.10729167 0.2475 0.10520833 0.25166667 0.1109375 0.27 0.11510417 0.30583334 0.116145834 0.3225 0.115625 0.33 0.1125 0.34583333 0.115625 0.43166667 0.115625 0.44666666 0.115625 0.45333335 0.11354167 0.46166667 0.119791664 0.475 0.12916666 0.48333332 0.13802083 0.48416665 0.14895834 0.48 0.1703125 0.46333334 0.1859375 0.445 0.190625 0.445 0.20989583 0.45666668 0.21927084 0.45666668 0.23229167 0.455 0.23802084 0.4475 0.24375 0.42333335 0.23958333 0.38333333 0.23802084 0.35166666 0.23854166 0.31916666 0.234375 0.285 0.23072916 0.2625 0.228125 0.245 0.23177083 0.225 0.23177083 0.1975 0.225 0.14416666 0.2203125 0.13 0.20833333 0.12916666 0.18854167 0.14 0.1578125 0.14666666
8 0.1 0.30333334 0.08541667 0.30666667 0.075 0.32 0.075520836 0.34583333 0.075520836 0.39166668 0.07239583 0.42666668 0.0703125 0.47 0.0703125 0.49833333 0.06875 0.5175 0.059895832 0.5516667 0.055729166 0.5808333 0.051041666 0.6225 0.0515625 0.63166666 0.05625 0.64166665 0.06614583 0.65 0.09166667 0.6525 0.1875 0.6433333 0.19270833 0.6408333 0.2015625 0.62666667 0.20260416 0.5975 0.20104167 0.50333333 0.1984375 0.46916667 0.19947916 0.45 0.190625 0.44416666 0.18541667 0.445 0.16979167 0.46333334 0.146875 0.48083332 0.13697916 0.48583335 0.1296875 0.48333332 0.119791664 0.475 0.11302083 0.46166667 0.115625 0.4525 0.115625 0.44083333 0.1125 0.34583333 0.115625 0.3325 0.1171875 0.32083333 0.11510417 0.30666667
8 0.24947916 0.38083333 0.23958333 0.38 0.23958333 0.39166668 0.24322917 0.4225 0.25208333 0.38 0.2546875 0.37166667
8 0.2171875 0.46416667 0.2296875 0.48583335 0.23645833 0.48583335 0.2328125 0.47416666 0.23854166 0.44666666 0.23125 0.45583335 0.21354167 0.45666668
8 0.14427084 0.66083336 0.15416667 0.6716667 0.16614583 0.69166666 0.18333334 0.715 0.1921875 0.73083335 0.20729166 0.72 0.2375 0.6875 0.28645834 0.63166666 0.29583332 0.62166667 0.29583332 0.6 0.2921875 0.5933333 0.28020832 0.60083336 0.22760417 0.57916665 0.22239584 0.5733333 0.2171875 0.5625 0.21614583 0.5491667 0.22552083 0.50666666 0.1984375 0.46666667 0.1984375 0.47166666 0.20052083 0.49666667 0.20104167 0.5158333 0.20208333 0.5725 0.20260416 0.6066667 0.2015625 0.62916666 0.19322917 0.6408333 0.18489583 0.6433333 0.13020833 0.6483333
8 0.075 0.79833335 0.10208333 0.77666664 0.13854167 0.75 0.14427084 0.74333334 0.14739583 0.7325 0.14739583 0.7216667 0.14114584 0.70916665 0.13020833 0.6933333 0.125 0.68083334 0.12135417 0.6691667 0.12135417 0.6558333 0.12083333 0.6508333 0.090625 0.6533333 0.06666667 0.65 0.056770835 0.6425 0.051041666 0.62916666 0.051041666 0.6225 0.056770835 0.5725 0.019270834 0.6066667 0.0 0.62166667 0.0 0.86583334 0.0421875 0.8233333 0.07083333 0.8041667
8 0.17447917 0.74666667 0.14166667 0.7825 0.13854167 0.7925 0.13854167 0.80583334 0.13958333 0.81666666 0.1609375 0.85333335 0.18229167 0.9066667 0.19895834 0.9508333 0.20677084 0.96 0.2171875 0.9608333 0.22447917 0.9608333 0.26197916 0.9166667 0.26927084 0.9066667 0.28854167 0.8691667 0.29583332 0.8575 0.31041667 0.85083336 0.31927082 0.84583336 0.309375 0.82916665 0.31927082 0.8025 0.32760417 0.79333335 0.33333334 0.79333335 0.34947917 0.7633333 0.3046875 0.76 0.29791668 0.7583333 0.28697917 0.74916667 0.28697917 0.73333335 0.29114583 0.72583336 0.29270834 0.7191667 0.2953125 0.69 0.29583332 0.62166667 0.259375 0.6625 0.22864583 0.6975 0.20729166 0.72 0.190625 0.7325
8 0.70416665 0.035 0.6979167 0.033333335 0.69427085 0.035833333 0.684375 0.06916667 0.684375 0.07833333 0.6848958 0.0875 0.6869792 0.094166666 0.6880208 0.09583333 0.6869792 0.115833335 0.6802083 0.14583333 0.66822916 0.19083333 0.65625 0.25416666 0.65625 0.26166666 0.6588542 0.26833335 0.6635417 0.27583334 0.671875 0.28416666 0.67760414 0.28583333 0.68177086 0.28583333 0.6848958 0.285 0.69166666 0.28166667 0.69739586 0.28 0.70208335 0.28 0.7078125 0.28083333 0.7109375 0.2875 0.715625 0.29333332 0.7291667 0.3 0.7395833 0.3025 0.7447917 0.30333334 0.75 0.30333334 0.75989586 0.2975 0.76770836 0.2925 0.7729167 0.28333333 0.7739583 0.27416667 0.7734375 0.26833335 0.76770836 0.26 0.765625 0.25666666 0.765625 0.24916667 0.77239585 0.245 0.78020835 0.21333334 0.8052083 0.13583334 0.81145835 0.1125 0.8119792 0.105 0.8098958 0.1025 0.790625 0.090833336 0.78229165 0.0875 0.7734375 0.08416667 0.7640625 0.08 0.74791664 0.0625 0.71197915 0.038333334
8 0.34947917 0.7625 0.33385417 0.7925 0.32708332 0.7941667 0.32083333 0.8016667 0.30989584 0.82916665 0.3203125 0.84583336 0.3390625 0.8691667 0.38020834 0.915 0.41510418 0.9658333 0.41875 0.96416664 0.4390625 0.9191667 0.446875 0.9033333 0.4859375 0.83 0.50625 0.7925 0.5 0.7941667 0.49010417 0.795 0.40052083 0.77416664 0.38697916 0.7675 0.37604168 0.7658333 0.36302084 0.7658333
