19 0.49375 0.36416668 0.51927084 0.37083334 0.55364585 0.3775 0.5807292 0.38083333 0.59010416 0.385 0.5942708 0.39333335 0.59583336 0.40583333 0.59479165 0.43083334 0.5807292 0.56083333 0.5755208 0.61833334 0.5708333 0.6191667 0.5697917 0.62333333 0.57447916 0.62666667 0.56927085 0.67 0.565625 0.6816667 0.5598958 0.68833333 0.5515625 0.69166666 0.459375 0.6616667 0.440625 0.6558333 0.4328125 0.65 0.4625 0.6358333 0.49114582 0.62416667 0.52239585 0.61083335 0.52916664 0.6025 0.53333336 0.5933333 0.5328125 0.585 0.5234375 0.53833336 0.51927084 0.535 0.52135414 0.5283333 0.5072917 0.45583335 0.48958334 0.3625
19 0.5953125 0.49583334 0.6223958 0.56916666 0.6421875 0.6225 0.6479167 0.64 0.65 0.6475 0.6489583 0.65833336 0.64479166 0.66833335 0.6354167 0.67583334 0.60572916 0.6958333 0.57447916 0.72583336 0.5375 0.76166666 0.5296875 0.75666666 0.5234375 0.74833333 0.496875 0.6741667 0.55104166 0.69166666 0.5598958 0.68916667 0.5651042 0.68333334 0.56927085 0.67 0.57447916 0.6275 0.5697917 0.62333333 0.57135415 0.6191667 0.5755208 0.6175 0.58229166 0.5491667 0.58958334 0.47583333 0.59270835 0.48833334
19 0.6125 0.40833333 0.69114584 0.42 0.7140625 0.4225 0.721875 0.42583334 0.7260417 0.4325 0.72864586 0.44166666 0.7260417 0.49333334 0.72291666 0.49416667 0.72083336 0.49916667 0.72552085 0.50083333 0.71979165 0.605 0.71458334 0.69 0.7125 0.71166664 0.7078125 0.72083336 0.7005208 0.72583336 0.6588542 0.71416664 0.63489586 0.71 0.5932292 0.7075 0.6067708 0.695 0.64427084 0.6691667 0.6484375 0.66 0.65 0.6475 0.6479167 0.6383333 0.59270835 0.48583335 0.58958334 0.47666666 0.59583336 0.4075 0.6078125 0.40833333
19 0.3171875 0.34083334 0.34166667 0.35416666 0.34166667 0.36 0.3421875 0.36416668 0.34635416 0.3575 0.35729167 0.36416668 0.35208333 0.36666667 0.346875 0.37166667 0.34270832 0.38333333 0.34322917 0.39416668 0.35885417 0.47916666 0.37135416 0.55083334 0.3796875 0.59833336 0.38489583 0.5991667 0.38177082 0.605 0.38697916 0.6333333 0.35364583 0.6116667 0.29427084 0.58 0.29270834 0.57166666 0.2875 0.57666665 0.259375 0.56083333 0.25520834 0.5541667 0.253125 0.5466667 0.25208333 0.5366667 0.2546875 0.525 0.290625 0.38 0.29791668 0.35083333 0.30208334 0.3425 0.3078125 0.33833334 0.3125 0.33916667
19 0.3390625 0.34416667 0.36458334 0.34916666 0.384375 0.35083333 0.35729167 0.365 0.34635416 0.3575 0.3421875 0.36333334 0.34114584 0.35916665 0.34166667 0.35416666 0.32239583 0.34333333 0.33645833 0.34416667
19 0.27708334 0.33833334 0.30572918 0.33916667 0.30208334 0.3425 0.29791668 0.35166666 0.259375 0.50666666 0.25572917 0.5208333 0.25677082 0.48583335 0.25885418 0.45666668 0.26041666 0.44166666 0.26197916 0.37916666 0.265625 0.35166666 0.26875 0.34333333 0.27291667 0.33833334
19 0.4359375 0.28666666 0.48333332 0.255 0.51770836 0.23 0.5364583 0.21333334 0.5515625 0.285 0.5651042 0.34916666 0.5677083 0.36 0.5734375 0.36583334 0.58177084 0.36833334 0.6109375 0.35583332 0.61875 0.38583332 0.6197917 0.39666668 0.6177083 0.40833333 0.5963542 0.4075 0.5942708 0.3925 0.590625 0.38583332 0.5807292 0.38083333 0.5234375 0.37166667 0.49010417 0.36333334 0.48125 0.31666666 0.4734375 0.3125 0.46510416 0.31333333 0.40104166 0.34333333 0.39791667 0.33416668 0.39635417 0.32666665 0.39739582 0.31666666 0.40416667 0.30833334 0.42916667 0.2925 0.4328125 0.295 0.43541667 0.28833333
19 0.5697917 0.12916666 0.6078125 0.11333334 0.6354167 0.0975 0.6578125 0.0825 0.6802083 0.068333335 0.68854165 0.0625 0.69322914 0.060833335 0.69947916 0.061666667 0.7057292 0.0675 0.7104167 0.08916666 0.740625 0.22833334 0.74635416 0.26083332 0.7473958 0.27333334 0.74114585 0.285 0.6578125 0.32916668 0.61510414 0.35166666 0.61302084 0.34666666 0.6109375 0.34666666 0.61145836 0.35583332 0.59479165 0.36333334 0.5828125 0.36833334 0.57708335 0.3675 0.5729167 0.365 0.5697917 0.3625 0.5677083 0.36 0.5630208 0.34166667 0.54583335 0.25833333 0.53125 0.18666667 0.5286458 0.1725 0.528125 0.16333333 0.53020835 0.1525 0.534375 0.14583333 0.56354165 0.13083333 0.5671875 0.13583334 0.56927085 0.13
19 0.33802083 0.05 0.35729167 0.010833333 0.36354166 0.0 0.53125 0.0 0.53125 0.011666667 0.52760416 0.026666667 0.45260417 0.1875 0.44739583 0.18666667 0.4484375 0.19666667 0.43177083 0.23166667 0.42447916 0.2375 0.4171875 0.2375 0.41197917 0.2325 0.31875 0.125 0.31510416 0.11333334 0.31458333 0.09833334 0.33333334 0.060833335 0.33854166 0.059166666 0.33802083 0.051666666
19 0.353125 0.36666667 0.4515625 0.31916666 0.46458334 0.31333333 0.47291666 0.3125 0.48072916 0.31666666 0.5078125 0.45583335 0.52135414 0.5283333 0.51927084 0.535 0.5229167 0.5375 0.5328125 0.585 0.53333336 0.5933333 0.52916664 0.6025 0.5229167 0.61083335 0.4625 0.6358333 0.4125 0.66 0.40625 0.66333336 0.40052083 0.6625 0.3953125 0.6575 0.3890625 0.6458333 0.38125 0.605 0.38489583 0.59833336 0.3796875 0.59833336 0.34322917 0.39333335 0.34270832 0.38333333 0.346875 0.3725 0.35052082 0.36833334
