19 0.32760417 0.21333334 0.34166667 0.2 0.34739584 0.19583334 0.353125 0.1975 0.3578125 0.20416667 0.35989583 0.20416667 0.3671875 0.22083333 0.36458334 0.225 0.3625 0.2325 0.36197916 0.235 0.36197916 0.23916666 0.36302084 0.2425 0.35052082 0.2325 0.33020833 0.21666667 0.32708332 0.21416667
19 0.2421875 0.30416667 0.27708334 0.26583335 0.3015625 0.23916666 0.290625 0.27833334 0.27916667 0.32083333 0.26145834 0.38 0.25052083 0.3525 0.2390625 0.32416666 0.23854166 0.31666666 0.2390625 0.31 0.240625 0.30583334
19 0.28958333 0.45 0.303125 0.48416665 0.32135418 0.5325 0.328125 0.55 0.33072916 0.55333334 0.33489582 0.5566667 0.3390625 0.5575 0.3421875 0.555 0.34375 0.555 0.36770833 0.52916664 0.3671875 0.5075 0.32864583 0.47833332 0.31458333 0.4675 0.28958333 0.44833332
19 0.425 0.5441667 0.39010417 0.55083334 0.38072917 0.5516667 0.37447917 0.5491667 0.37083334 0.5425 0.36822918 0.53333336 0.36770833 0.5283333 0.3671875 0.5075 0.38854167 0.5225 0.4 0.5308333 0.40677083 0.535 0.40989584 0.5366667 0.415625 0.5366667 0.42135417 0.535 0.42447916 0.52916664 0.42552084 0.5225 0.43177083 0.495 0.4359375 0.47916666 0.44166666 0.45916668 0.45729166 0.40666667 0.48072916 0.3875 0.50989586 0.36583334 0.5317708 0.35 0.5364583 0.355 0.546875 0.36083335 0.5546875 0.36583334 0.55572915 0.405 0.5578125 0.44666666 0.5609375 0.50166667 0.5609375 0.5158333 0.559375 0.5233333 0.55572915 0.53 0.55260414 0.5316667 0.5317708 0.53333336 0.4828125 0.53583336 0.4625 0.5375 0.43541667 0.5416667
19 0.41041666 0.56 0.415625 0.54583335 0.42291668 0.545 0.43541667 0.5416667 0.44010416 0.54083335 0.45208332 0.5391667 0.4625 0.5375 0.48020834 0.53583336 0.51145834 0.5341667 0.5364583 0.53333336 0.55260414 0.5316667 0.5552083 0.53 0.559375 0.5233333 0.5609375 0.51666665 0.5609375 0.50416666 0.5572917 0.43833333 0.55572915 0.40416667 0.5546875 0.38166666 0.571875 0.3975 0.59583336 0.42083332 0.61041665 0.43583333 0.61927086 0.44583333 0.6197917 0.45416668 0.61927086 0.46333334 0.61875 0.46916667 0.61041665 0.49 0.5989583 0.5133333 0.5963542 0.5208333 0.5859375 0.5475 0.57708335 0.57 0.55625 0.6225 0.54583335 0.6533333 0.5338542 0.68416667 0.5296875 0.6958333 0.52552086 0.7 0.521875 0.7008333 0.51666665 0.7 0.51197916 0.6958333 0.49010417 0.67333335 0.471875 0.6558333 0.45104167 0.63416666 0.428125 0.6116667 0.41197917 0.595 0.41145834 0.5925 0.40885416 0.5875 0.40729168 0.5825 0.40677083 0.5758333 0.40833333 0.57 0.4078125 0.5675
19 0.46302083 0.15 0.43177083 0.17333333 0.39427084 0.2025 0.36770833 0.22083333 0.36458334 0.225 0.3625 0.2325 0.36197916 0.235 0.36197916 0.23916666 0.36302084 0.2425 0.37135416 0.24916667 0.3921875 0.265 0.40520832 0.27416667 0.41875 0.28583333 0.42552084 0.29083332 0.43541667 0.29583332 0.4546875 0.31 0.4640625 0.31666666 0.47135416 0.32333332 0.47552082 0.33166668 0.4765625 0.34 0.47552082 0.34583333 0.47239584 0.355 0.46197918 0.38916665 0.45729166 0.40666667 0.4765625 0.39083335 0.50989586 0.36583334 0.5296875 0.35083333 0.5317708 0.35 0.52916664 0.34416667 0.528125 0.33666667 0.5296875 0.3275 0.54375 0.27333334 0.56145835 0.20583333 0.55 0.16833334 0.5385417 0.13 0.5338542 0.115833335 0.5317708 0.115 0.528125 0.108333334 0.5239583 0.10666667 0.51875 0.1075 0.5161458 0.10916667 0.50677085 0.11666667
19 0.6859375 0.125 0.6411458 0.096666664 0.6078125 0.075833336 0.603125 0.075833336 0.5963542 0.07833333 0.5921875 0.08416667 0.590625 0.086666666 0.5854167 0.10666667 0.56354165 0.1975 0.56145835 0.2075 0.54895836 0.25333333 0.53020835 0.32666665 0.528125 0.3375 0.52916664 0.34416667 0.5317708 0.35 0.5359375 0.35416666 0.5552083 0.36666667 0.5911458 0.39 0.62395835 0.41083333 0.6489583 0.4275 0.6546875 0.43 0.65989584 0.42833334 0.6645833 0.42166665 0.66614586 0.41833332 0.66875 0.41916665 0.67604166 0.3925 0.6890625 0.335 0.71666664 0.22333333 0.7291667 0.17333333 0.7291667 0.16083333 0.72760415 0.15333334 0.72239584 0.1475 0.7203125 0.145 0.70625 0.1375 0.69427085 0.13
19 0.603125 0.57666665 0.6197917 0.6141667 0.6296875 0.6358333 0.621875 0.61 0.6171875 0.59166664 0.61614585 0.58166665 0.6171875 0.5708333 0.61822915 0.565 0.6411458 0.5491667 0.6640625 0.5316667 0.659375 0.49583334 0.65625 0.475 0.65625 0.46333334 0.65833336 0.45666668 0.66302085 0.45083332 0.66979164 0.44583333 0.69114584 0.43833333 0.71979165 0.42583334 0.7640625 0.40666667 0.75364584 0.385 0.73229164 0.3375 0.721875 0.31333333 0.71979165 0.31416667 0.71458334 0.3075 0.7104167 0.30666667 0.7046875 0.30833334 0.69635415 0.3175 0.6921875 0.3225 0.6869792 0.345 0.6796875 0.37583333 0.67604166 0.3925 0.66875 0.41916665 0.6666667 0.41833332 0.6645833 0.42166665 0.65989584 0.42833334 0.6546875 0.43 0.6489583 0.4275 0.6401042 0.42166665 0.61822915 0.4075 0.6020833 0.4275 0.60625 0.43166667 0.6109375 0.43583333 0.61927086 0.44583333 0.6197917 0.455 0.61875 0.46916667 0.6145833 0.48 0.61041665 0.49 0.603125 0.50416666 0.5989583 0.5133333 0.5875 0.54333335 0.5932292 0.55583334 0.6010417 0.5725
19 0.6713542 0.58 0.6640625 0.5316667 0.6432292 0.5475 0.62708336 0.55916667 0.61822915 0.565 0.6177083 0.5708333 0.61614585 0.5808333 0.6171875 0.59166664 0.6197917 0.6025 0.6223958 0.61083335 0.62916666 0.635 0.6328125 0.6458333 0.6421875 0.67833334 0.6536458 0.7183333 0.66197914 0.75 0.66614586 0.765 0.66822916 0.7658333 0.6703125 0.76916665 0.6734375 0.7725 0.678125 0.77416664 0.6822917 0.7733333 0.6828125 0.775 0.6984375 0.76416665 0.703125 0.7608333 0.7078125 0.75666666 0.7026042 0.75166667 0.70104164 0.74666667 0.7 0.7441667 0.6979167 0.7425 0.6901042 0.69666666 0.6822917 0.6325 0.6744792 0.5925 0.671875 0.5833333
19 0.82604164 0.5825 0.8375 0.62166667 0.840625 0.6358333 0.8411458 0.64166665 0.84010416 0.64666665 0.83802086 0.6508333 0.83177084 0.6225 0.828125 0.5933333
19 0.7671875 0.7325 0.8130208 0.7125 0.8296875 0.7058333 0.8359375 0.7033333 0.8364583 0.7008333 0.84010416 0.6975 0.84270835 0.69083333 0.8432292 0.6825 0.84270835 0.67333335 0.83802086 0.65 0.83177084 0.6225 0.82916665 0.5991667 0.828125 0.5933333 0.82447916 0.57416666 0.8197917 0.545 0.81354165 0.50333333 0.809375 0.47916666 0.80104166 0.4125 0.7984375 0.4125 0.796875 0.40583333 0.79322916 0.40083334 0.78802085 0.39916667 0.7828125 0.39916667 0.775 0.40166667 0.7640625 0.40666667 0.7328125 0.42 0.7140625 0.42833334 0.6979167 0.435 0.67395836 0.445 0.66979164 0.44583333 0.66302085 0.45083332 0.65833336 0.45666668 0.6567708 0.46333334 0.65625 0.475 0.659375 0.49666667 0.6645833 0.535 0.6713542 0.5775 0.671875 0.58416665 0.6744792 0.5925 0.6765625 0.60333335 0.6822917 0.6325 0.6875 0.6775 0.6901042 0.69666666 0.69427085 0.7216667 0.6979167 0.7425 0.7 0.7441667 0.7026042 0.75166667 0.7078125 0.75666666 0.7135417 0.75666666 0.7161458 0.75666666 0.73229164 0.74916667 0.7546875 0.73833334
19 0.38020834 0.25583333 0.33958334 0.22416666 0.321875 0.21 0.31822917 0.20916666 0.31510416 0.20916666 0.31041667 0.21333334 0.30677083 0.22083333 0.29635417 0.25833333 0.27239582 0.34416667 0.25572917 0.39916667 0.25625 0.40083334 0.25572917 0.4075 0.25625 0.41333333 0.25833333 0.42083332 0.2609375 0.42416668 0.26145834 0.42666668 0.28697917 0.44666666 0.31145832 0.465 0.34166667 0.48833334 0.38854167 0.5233333 0.40625 0.535 0.40989584 0.5366667 0.41614583 0.5366667 0.42135417 0.535 0.42447916 0.52916664 0.42552084 0.5233333 0.4359375 0.47916666 0.45520833 0.41333333 0.47239584 0.355 0.47552082 0.34583333 0.4765625 0.33916667 0.47552082 0.33166668 0.47135416 0.32333332 0.4640625 0.31666666 0.43541667 0.295 0.428125 0.29166666 0.42552084 0.29083332 0.40260416 0.2725 0.38697916 0.26083332
