14 0.2234375 0.555 0.26770833 0.47416666 0.32291666 0.37916666 0.33802083 0.33583334 0.34791666 0.32916668 0.35677084 0.355 0.3671875 0.39833334 0.34583333 0.42 0.33958334 0.41666666 0.34270832 0.43 0.3515625 0.45333335 0.31354168 0.5341667 0.2859375 0.5833333 0.2671875 0.62083334 0.25520834 0.64416665 0.246875 0.665 0.25104168 0.6691667 0.24010417 0.6816667 0.22604166 0.6591667 0.2 0.60833335 0.18854167 0.5875 0.19427083 0.58416665 0.20572917 0.58 0.20885417 0.58 0.22291666 0.5575
14 0.38697916 0.50416666 0.43125 0.6141667 0.4515625 0.6641667 0.45989582 0.68083334 0.4640625 0.69666666 0.46822917 0.71 0.46875 0.7241667 0.46822917 0.735 0.47291666 0.7391667 0.49322918 0.7183333 0.53125 0.67083335 0.5239583 0.6616667 0.5140625 0.6533333 0.4609375 0.5233333 0.41822916 0.41333333 0.41666666 0.3875 0.4109375 0.36583334 0.40625 0.36166668 0.36666667 0.39833334 0.34583333 0.42 0.33958334 0.41583332 0.3421875 0.42833334 0.3515625 0.45416668 0.36510417 0.46 0.37447917 0.47916666 0.38229167 0.4925
14 0.69427085 0.58 0.7729167 0.5158333 0.8125 0.48416665 0.82447916 0.47916666 0.834375 0.47833332 0.8442708 0.4675 0.83125 0.41916665 0.8125 0.36333334 0.7994792 0.37 0.7828125 0.40166667 0.78020835 0.40833333 0.71197915 0.46 0.64479166 0.5108333 0.63385415 0.51416665 0.6197917 0.51416665 0.6067708 0.5275 0.61354166 0.5475 0.63072914 0.59583336 0.6375 0.61833334 0.63645834 0.635 0.65260416 0.63 0.6588542 0.6225 0.6625 0.6041667 0.69166666 0.58166665
14 0.5989583 0.4275 0.6953125 0.33666667 0.7109375 0.32083333 0.7171875 0.2975 0.73020834 0.28583333 0.75572914 0.355 0.76666665 0.38833332 0.7572917 0.39833334 0.74010414 0.39666668 0.7203125 0.4125 0.64166665 0.49666667 0.61927086 0.515 0.60625 0.5275 0.590625 0.54333335 0.5854167 0.56333333 0.575 0.57166666 0.54270834 0.49 0.5317708 0.46833333 0.54583335 0.45583335 0.5625 0.45083332 0.57604164 0.45083332 0.596875 0.42916667
14 0.6390625 0.6433333 0.65416664 0.665 0.6713542 0.6766667 0.696875 0.5875 0.69166666 0.58166665 0.6625 0.6041667 0.6588542 0.6225 0.65260416 0.63 0.63697916 0.63416666 0.6375 0.6175 0.62864584 0.59 0.60625 0.5275 0.590625 0.5425 0.5854167 0.56333333 0.575 0.5708333 0.54375 0.49333334 0.5395833 0.48416665 0.53125 0.4675 0.546875 0.455 0.5260417 0.43666667 0.50416666 0.4225 0.50416666 0.4025 0.4921875 0.41833332 0.48177084 0.4475 0.47604167 0.45916668 0.47083333 0.48 0.46614584 0.49666667 0.46458334 0.5108333 0.47604167 0.51166666 0.49322918 0.5133333 0.5640625 0.5783333 0.6171875 0.6225 0.63177085 0.6358333
14 0.5229167 0.31333333 0.49583334 0.40333334 0.4921875 0.41833332 0.48177084 0.44666666 0.47604167 0.4575 0.46770832 0.49 0.4578125 0.5158333 0.43385416 0.455 0.421875 0.42416668 0.43854168 0.3725 0.46822917 0.285 0.47708333 0.2625 0.475 0.25416666 0.48333332 0.2425 0.5 0.2425 0.5130208 0.24416667 0.53125 0.2525 0.5416667 0.265 0.55052084 0.27 0.54114586 0.29 0.5307292 0.305
14 0.38697916 0.5108333 0.37395832 0.5308333 0.36770833 0.5541667 0.3953125 0.5733333 0.42291668 0.5941667 0.38958332 0.5108333
14 0.32864583 0.5158333 0.3453125 0.53 0.35364583 0.5375 0.353125 0.54333335 0.35885417 0.54333335 0.35989583 0.535 0.35520834 0.5341667 0.35729167 0.5075 0.3609375 0.47583333 0.36354166 0.45916668 0.3515625 0.45333335 0.325 0.5108333 0.3234375 0.5125 0.32760417 0.515
14 0.390625 0.32 0.45677084 0.14416666 0.47395834 0.10166667 0.47447917 0.085 0.47864583 0.0625 0.49166667 0.050833333 0.49322918 0.06333333 0.4953125 0.086666666 0.50677085 0.10166667 0.51927084 0.11416667 0.52708334 0.11833333 0.5317708 0.115833335 0.53333336 0.12666667 0.51875 0.14583333 0.50208336 0.18166667 0.48385417 0.24166666 0.475 0.255 0.47708333 0.2625 0.45416668 0.32583332 0.43697917 0.37666667 0.421875 0.42333335 0.41770834 0.41333333 0.41666666 0.3875 0.4109375 0.36583334 0.40625 0.36166668 0.375 0.39083335 0.37239584 0.37583333 0.38802084 0.32416666
14 0.3375 0.7816667 0.41458333 0.795 0.49114582 0.8016667 0.5078125 0.81666666 0.52708334 0.81916666 0.53125 0.70166665 0.5104167 0.6958333 0.4921875 0.7191667 0.47291666 0.7391667 0.46822917 0.735 0.46875 0.7241667 0.46822917 0.7133333 0.37395832 0.7008333 0.31666666 0.69416666 0.309375 0.68083334 0.30104166 0.6775 0.30104166 0.75166667 0.30104166 0.7708333 0.29427084 0.77 0.29427084 0.7916667 0.30052084 0.795 0.33125 0.7816667
14 0.17604166 0.48083332 0.2265625 0.495 0.25364584 0.49916667 0.28177083 0.44916666 0.3015625 0.41416666 0.22864583 0.39916667 0.17604166 0.38166666 0.16770834 0.37 0.16041666 0.36416668 0.1484375 0.36 0.13645834 0.4275 0.13541667 0.46083334 0.13645834 0.475 0.1390625 0.48 0.15833333 0.48666668 0.17447917 0.48083332
14 0.73541665 0.9025 0.7682292 0.885 0.79895836 0.87 0.79322916 0.85833335 0.78020835 0.8541667 0.76927084 0.73 0.7505208 0.5808333 0.7427083 0.54583335 0.73854166 0.5541667 0.7390625 0.57166666 0.73072916 0.57166666 0.70885414 0.5683333 0.6921875 0.58166665 0.69635415 0.58666664 0.7125 0.76666665 0.7239583 0.87083334 0.7265625 0.8808333 0.7213542 0.8833333 0.7239583 0.895 0.7260417 0.9066667 0.7328125 0.90416664
14 0.15208334 0.79 0.22604166 0.6591667 0.23958333 0.6816667 0.25104168 0.6691667 0.24635416 0.665 0.25520834 0.64416665 0.2828125 0.59 0.28645834 0.5833333 0.2984375 0.6025 0.3125 0.6141667 0.31458333 0.635 0.24166666 0.76 0.19375 0.84 0.1796875 0.8625 0.17604166 0.87916666 0.175 0.89416665 0.15677084 0.91083336 0.1515625 0.885 0.14322917 0.8625 0.12916666 0.83666664 0.12291667 0.825 0.116145834 0.8283333 0.11510417 0.8175 0.119791664 0.80916667 0.1484375 0.79083335
