2 0.41875 0.79833335 0.45729166 0.8383333 0.465625 0.8475 0.47083333 0.8475 0.47291666 0.85333335 0.47760418 0.85583335 0.49166667 0.82916665 0.5005208 0.81166667 0.47864583 0.8 0.44583333 0.7816667 0.42395833 0.76916665 0.40885416 0.75916666 0.37552083 0.74083334 0.35833332 0.73333335 0.38802084 0.7658333 0.415625 0.79583335
2 0.42239583 0.45166665 0.453125 0.47333333 0.4796875 0.48833334 0.51770836 0.51 0.54010415 0.52166665 0.5598958 0.5325 0.5755208 0.54333335 0.6010417 0.55833334 0.61145836 0.565 0.6088542 0.5883333 0.6010417 0.63 0.5911458 0.6741667 0.58385414 0.71166664 0.5776042 0.745 0.56875 0.79083335 0.5625 0.82 0.5572917 0.8425 0.5 0.81166667 0.4515625 0.785 0.41979167 0.76666665 0.40989584 0.76 0.38125 0.7441667 0.37604168 0.7416667 0.3578125 0.73333335 0.3578125 0.7275 0.35677084 0.7266667 0.35572916 0.72833335 0.35520834 0.7316667 0.34322917 0.725 0.33333334 0.7191667 0.32239583 0.7133333 0.32552084 0.695 0.34010416 0.6325 0.35729167 0.56166667 0.37395832 0.48833334 0.38958332 0.4275 0.41979167 0.44916666 0.41927084 0.45416668 0.42135417 0.4525
2 0.384375 0.40416667 0.3953125 0.41583332 0.409375 0.43083334 0.43177083 0.4575 0.43229166 0.45833334 0.42239583 0.45166665 0.41927084 0.45416668 0.41979167 0.44916666 0.3921875 0.42916667 0.3890625 0.4275 0.3734375 0.49 0.359375 0.5516667 0.33802083 0.64 0.32552084 0.6975 0.30885416 0.67833334 0.31041667 0.6741667 0.309375 0.67333335 0.30572918 0.6766667 0.29479167 0.66333336 0.28697917 0.655 0.2734375 0.63916665 0.2828125 0.62 0.2984375 0.58666664 0.315625 0.5491667 0.33645833 0.50333333 0.36197916 0.45166665 0.37916666 0.41 0.38177082 0.40416667
2 0.3 0.51416665 0.33177084 0.5133333 0.30989584 0.56166667 0.30104166 0.5808333 0.29947916 0.515
2 0.5104167 0.5025 0.5416667 0.5 0.5416667 0.5225 0.50625 0.50333333
2 0.53229165 0.46083334 0.5453125 0.44666666 0.56041664 0.43 0.6166667 0.365 0.6671875 0.30666667 0.696875 0.27333334 0.69895834 0.27333334 0.69947916 0.26916668 0.70989585 0.2575 0.73020834 0.23416667 0.73125 0.2325 0.74791664 0.26833335 0.76666665 0.31083333 0.7734375 0.32916668 0.78697914 0.355 0.8041667 0.39416668 0.828125 0.44583333 0.840625 0.47166666 0.80677086 0.5083333 0.803125 0.505 0.80364585 0.5125 0.765625 0.5516667 0.734375 0.585 0.71666664 0.6041667 0.703125 0.6191667 0.67864585 0.64416665 0.65520835 0.6691667 0.63489586 0.6933333 0.61927086 0.6575 0.603125 0.6191667 0.6088542 0.5875 0.61145836 0.565 0.5651042 0.5366667 0.55572915 0.515 0.5364583 0.47583333 0.5328125 0.46416667
2 0.60625 0.1375 0.6380208 0.15666667 0.6375 0.1625 0.64166665 0.15666667 0.68645835 0.18333334 0.7109375 0.19583334 0.74322915 0.21416667 0.77760416 0.2325 0.7994792 0.2425 0.8119792 0.24916667 0.82447916 0.25416666 0.834375 0.25916666 0.8276042 0.30416667 0.8151042 0.36 0.80572915 0.39583334 0.7885417 0.35916665 0.7734375 0.32833335 0.7671875 0.31083333 0.7484375 0.27 0.73125 0.2325 0.69947916 0.26916668 0.69895834 0.27333334 0.696875 0.27333334 0.6390625 0.33916667 0.5671875 0.4225 0.54479164 0.40916666 0.57395834 0.28 0.58958334 0.21083333 0.60520834 0.14083333
2 0.678125 0.64666665 0.6791667 0.65166664 0.70677084 0.62333333 0.70729166 0.6191667 0.70989585 0.62 0.7328125 0.5966667 0.7583333 0.5725 0.7885417 0.54333335 0.80572915 0.5275 0.83802086 0.4975 0.8645833 0.4725 0.878125 0.45583335 0.88177085 0.45166665 0.8677083 0.415 0.8546875 0.38416666 0.8510417 0.375 0.840625 0.3375 0.8333333 0.31 0.82916665 0.29583332 0.8276042 0.30333334 0.81354165 0.365 0.8052083 0.39666668 0.8307292 0.45083332 0.840625 0.47166666 0.80677086 0.5083333 0.803125 0.505 0.80364585 0.5125 0.7651042 0.5516667 0.72864586 0.59166664 0.70208335 0.62 0.67760414 0.645
2 0.7203125 0.6116667 0.721875 0.6191667 0.7213542 0.625 0.7239583 0.645 0.7348958 0.64 0.7583333 0.6333333 0.80833334 0.61583334 0.8442708 0.6025 0.8510417 0.6 0.8640625 0.595 0.8703125 0.5933333 0.8921875 0.5883333 0.89166665 0.57916665 0.890625 0.57 0.8880208 0.56 0.8796875 0.47083333 0.8776042 0.45583335 0.8666667 0.47 0.8645833 0.4725 0.8453125 0.49083334 0.8286458 0.5058333 0.81458336 0.51916665 0.8020833 0.5308333 0.77239585 0.55916667 0.7453125 0.585 0.7213542 0.6091667
2 0.7885417 0.2125 0.7703125 0.22916667 0.7859375 0.23666666 0.8041667 0.245 0.790625 0.21333334
2 0.7994792 0.23 0.83489585 0.2175 0.85260415 0.21166667 0.85833335 0.26916668 0.8567708 0.27083334 0.85729164 0.27416667 0.8598958 0.27416667 0.865625 0.32333332 0.87291664 0.40083334 0.8755208 0.435 0.8609375 0.39833334 0.85052085 0.37416667 0.82916665 0.29583332 0.83385414 0.25833333 0.8041667 0.245 0.79791665 0.23
2 0.30572918 0.6775 0.30572918 0.70416665 0.30572918 0.7291667 0.3046875 0.7583333 0.3046875 0.7758333 0.30520833 0.7916667 0.31875 0.7916667 0.32395834 0.795 0.41510418 0.795 0.38697916 0.765 0.3578125 0.7325 0.3578125 0.7275 0.35677084 0.7266667 0.35572916 0.72833335 0.35520834 0.7316667 0.34427083 0.725 0.32239583 0.7133333 0.32552084 0.69666666 0.309375 0.67833334 0.31041667 0.675 0.309375 0.67333335 0.30677083 0.67583334
