2 0.59947914 0.033333335 0.6197917 0.033333335 0.6276042 0.034166668 0.6322917 0.034166668 0.65052086 0.033333335 0.65416664 0.031666666 0.66302085 0.0325 0.696875 0.0325 0.70104164 0.0375 0.7026042 0.036666665 0.70416665 0.033333335 0.72291666 0.031666666 0.7270833 0.03 0.7651042 0.028333334 0.76666665 0.043333333 0.76770836 0.055 0.7682292 0.07333333 0.76979166 0.1675 0.77135414 0.2375 0.775 0.33083335 0.771875 0.33333334 0.7760417 0.33583334 0.77760416 0.385 0.7640625 0.38583332 0.68177086 0.38666666 0.62604165 0.385 0.61614585 0.3775 0.6145833 0.37666667 0.6078125 0.33583334 0.6078125 0.33166668 0.60833335 0.32833335 0.60625 0.32583332 0.6078125 0.3125 0.6078125 0.2325 0.60520834 0.20333333 0.60520834 0.1775 0.603125 0.10583334 0.6010417 0.06 0.5989583 0.048333332 0.5984375 0.0375
2 0.603125 0.17416666 0.5859375 0.2375 0.5703125 0.30666667 0.5546875 0.36166668 0.5520833 0.36833334 0.525 0.35083333 0.39427084 0.2675 0.375 0.2575 0.37447917 0.25416666 0.37239584 0.255 0.37135416 0.25583333 0.36770833 0.2525 0.36875 0.24916667 0.3875 0.20666666 0.3953125 0.1875 0.39635417 0.18416667 0.378125 0.1625 0.3609375 0.14416666 0.36302084 0.13666667 0.37604168 0.090833336 0.39322916 0.015 0.396875 0.0 0.43333334 0.0 0.4359375 0.0016666667 0.4359375 0.006666667 0.43645832 0.0075 0.4390625 0.004166667 0.51145834 0.051666666 0.5265625 0.06333333 0.5807292 0.09833334 0.5921875 0.111666664 0.60364586 0.11666667 0.6046875 0.16666667
2 0.45989582 0.8233333 0.49479166 0.94916666 0.5083333 0.9925 0.51145834 1.0 0.41458333 1.0 0.42864582 0.8808333 0.42916667 0.8666667 0.42760417 0.865 0.41041666 0.8591667 0.42395833 0.84833336 0.42708334 0.85333335 0.4265625 0.8466667 0.428125 0.84583336 0.45833334 0.8233333
2 0.1859375 0.8675 0.18072917 0.9175 0.1765625 0.935 0.17395833 0.9608333 0.16770834 1.0 0.41510418 1.0 0.42291668 0.9291667 0.428125 0.88416666 0.42864582 0.8666667 0.40989584 0.86 0.3921875 0.855 0.38958332 0.85833335 0.3890625 0.855 0.3328125 0.8408333 0.2359375 0.8175 0.20625 0.815 0.18541667 0.8625
2 0.0265625 0.545 0.041666668 0.5625 0.065104164 0.5833333 0.13541667 0.6525 0.19583334 0.71 0.19791667 0.7133333 0.1984375 0.7183333 0.20104167 0.7158333 0.20625 0.7191667 0.23072916 0.7475 0.2296875 0.75083333 0.20625 0.81166667 0.1859375 0.86083335 0.18177083 0.86833334 0.1484375 0.95666665 0.1296875 0.99916667 0.12135417 1.0 0.11770833 1.0 0.08125 0.96416664 0.0 0.8933333 0.0 0.5975 0.0234375 0.55
2 0.5859375 0.665 0.5885417 0.6641667 0.6109375 0.66083336 0.6197917 0.6575 0.62291664 0.69 0.625 0.7191667 0.6234375 0.72 0.6234375 0.72333336 0.62604165 0.72583336 0.640625 0.8833333 0.64947915 1.0 0.51197916 1.0 0.5078125 0.9916667 0.490625 0.935 0.459375 0.8233333 0.45833334 0.8225 0.45364583 0.7658333 0.45625 0.7633333 0.45572916 0.76 0.45208332 0.76166666 0.45208332 0.7475 0.4953125 0.80083334 0.5140625 0.825 0.5182292 0.81916666 0.5453125 0.7633333 0.55885416 0.7391667 0.5619792 0.70916665 0.565625 0.7008333 0.58385414 0.6666667
2 0.43854168 0.38 0.46458334 0.41 0.4625 0.41333333 0.46302083 0.41583332 0.46666667 0.41416666 0.53229165 0.49416667 0.5625 0.53 0.58020836 0.55 0.5932292 0.565 0.6010417 0.57416666 0.60364586 0.57916665 0.60729164 0.585 0.60260415 0.6041667 0.59166664 0.64416665 0.58489585 0.66583335 0.57916665 0.675 0.5651042 0.7 0.5619792 0.70916665 0.55833334 0.7391667 0.5442708 0.765 0.51979166 0.81416667 0.5140625 0.825 0.48802084 0.79 0.44791666 0.7416667 0.39010417 0.67 0.36041668 0.6408333 0.36145833 0.6358333 0.35833332 0.6358333 0.35729167 0.6375 0.33229166 0.60833335 0.33072916 0.605 0.334375 0.5991667 0.37760416 0.50666666 0.43541667 0.38166666
2 0.16614583 0.21916667 0.2125 0.1175 0.23072916 0.08166666 0.23229167 0.075833336 0.2359375 0.075833336 0.23697917 0.07333333 0.234375 0.07083333 0.234375 0.068333335 0.25104168 0.030833334 0.2515625 0.026666667 0.25520834 0.030833334 0.3609375 0.14416666 0.38020834 0.16416667 0.39635417 0.18416667 0.37864584 0.22666667 0.36875 0.24833333 0.36666667 0.25333333 0.3515625 0.28666666 0.33072916 0.32916668 0.32239583 0.35083333 0.30520833 0.38833332 0.28072917 0.4275 0.26354167 0.45583335 0.25572917 0.46916667 0.25 0.47416666 0.24375 0.47 0.240625 0.465 0.2015625 0.425 0.19947916 0.41666666 0.17604166 0.28083333 0.16510417 0.22083333
2 0.1609375 0.19666667 0.15208334 0.14 0.15104167 0.13916667 0.13854167 0.14333333 0.1015625 0.16083333 0.080729164 0.1725 0.071875 0.18 0.0609375 0.185 0.034375 0.19166666 0.0 0.19416666 0.0 0.3775 0.003125 0.4025 0.027083334 0.5175 0.031770833 0.54583335 0.034375 0.5541667 0.0421875 0.56333333 0.056770835 0.57666665 0.071354166 0.57 0.10625 0.55333334 0.15208334 0.535 0.17447917 0.525 0.21041666 0.5083333 0.21458334 0.50666666 0.2125 0.49833333 0.2109375 0.48583335 0.20989583 0.47416666 0.20833333 0.46833333 0.2 0.41916665 0.1921875 0.375 0.17916666 0.30083334 0.16510417 0.22083333 0.16197917 0.20333333 0.15885417 0.2025 0.1578125 0.19916667 0.15989584 0.1975 0.16041666 0.1975
2 0.67291665 0.0 0.7005208 0.036666665 0.7026042 0.036666665 0.7057292 0.029166667 0.7239583 0.0 0.67552084 0.0
