8 0.41666666 0.81416667 0.43385416 0.77 0.44427082 0.7658333 0.48489583 0.7525 0.5046875 0.74583334 0.540625 0.7325 0.5359375 0.73833334 0.52708334 0.755 0.521875 0.76416665 0.5140625 0.77416664 0.49583334 0.7875 0.471875 0.81083333 0.46145833 0.81916666 0.4484375 0.8275 0.4359375 0.83916664 0.43333334 0.8425 0.4265625 0.84583336 0.415625 0.85333335 0.40677083 0.86 0.39427084 0.8725 0.38958332 0.8858333 0.38958332 0.9008333 0.41770834 0.97333336 0.39010417 0.94916666 0.38072917 0.94166666 0.37447917 0.93 0.37395832 0.915 0.375 0.905 0.3984375 0.8525 0.40572917 0.83666664
8 0.36354166 0.6791667 0.38125 0.6675 0.39010417 0.6625 0.40677083 0.64166665 0.40989584 0.65833336 0.41458333 0.69083333 0.41666666 0.7033333 0.4171875 0.725 0.4171875 0.75 0.41875 0.75916666 0.42291668 0.7675 0.4328125 0.7708333 0.4171875 0.8125 0.39427084 0.86083335 0.390625 0.83916664 0.38645834 0.80916667 0.38489583 0.7991667 0.37604168 0.77166665 0.3765625 0.75416666 0.375 0.745 0.36822918 0.7375 0.3609375 0.7291667 0.35572916 0.72083336 0.35260418 0.7108333 0.35260418 0.695 0.35833332 0.6825
8 0.2953125 0.68 0.31979167 0.68916667 0.32552084 0.68833333 0.33177084 0.68333334 0.33645833 0.6766667 0.3390625 0.6625 0.3421875 0.62833333 0.34635416 0.65833336 0.34583333 0.6666667 0.34479168 0.675 0.34583333 0.69166666 0.34635416 0.70666665 0.34791666 0.7225 0.35520834 0.72083336 0.3609375 0.73 0.37604168 0.74583334 0.3765625 0.755 0.37604168 0.77166665 0.38072917 0.7891667 0.37447917 0.79333335 0.36875 0.80333334 0.36510417 0.81333333 0.353125 0.82916665 0.3453125 0.835 0.33229166 0.8325 0.32708332 0.82416666 0.30520833 0.72 0.2984375 0.6958333
8 0.33020833 0.43083334 0.3515625 0.4275 0.35572916 0.43833333 0.365625 0.455 0.371875 0.46916667 0.37864584 0.48333332 0.384375 0.50416666 0.40520832 0.55583334 0.4015625 0.56666666 0.4 0.57916665 0.4015625 0.595 0.40677083 0.64166665 0.390625 0.6625 0.36979166 0.675 0.35833332 0.6816667 0.353125 0.695 0.35260418 0.7108333 0.35520834 0.72083336 0.34791666 0.7216667 0.34635416 0.7075 0.34479168 0.6741667 0.34635416 0.6666667 0.34635416 0.6575 0.34166667 0.6275 0.3390625 0.6025 0.33333334 0.5625 0.328125 0.51666665 0.31927082 0.44416666 0.32395834 0.43333334
8 0.33333334 0.385 0.34739584 0.37166667 0.36145833 0.3625 0.3734375 0.35166666 0.42291668 0.315 0.4328125 0.32166666 0.4421875 0.32666665 0.446875 0.3275 0.45 0.33916667 0.46666667 0.38333333 0.46822917 0.41916665 0.46979168 0.44166666 0.47239584 0.46 0.4734375 0.47833332 0.47291666 0.5375 0.446875 0.5416667 0.41822916 0.54833335 0.4109375 0.55083334 0.40572917 0.55583334 0.384375 0.505 0.37864584 0.4825 0.36614582 0.45666668 0.35625 0.4375 0.3515625 0.4275 0.3359375 0.42916667 0.33125 0.41083333 0.3296875 0.3975 0.33020833 0.39
8 0.16510417 0.6533333 0.20364584 0.6558333 0.26041666 0.6691667 0.29479167 0.68 0.2953125 0.68333334 0.290625 0.68666667 0.27395833 0.69416666 0.25520834 0.7008333 0.24322917 0.7083333 0.23854166 0.71666664 0.20989583 0.735 0.1984375 0.74 0.190625 0.7366667 0.18385416 0.73 0.1796875 0.72333336 0.165625 0.66083336
8 0.0671875 0.5516667 0.071875 0.56333333 0.077083334 0.565 0.08385417 0.56666666 0.090625 0.56583333 0.09739583 0.56166667 0.12552084 0.5325 0.12291667 0.555 0.11145833 0.6225 0.115625 0.63666666 0.12135417 0.64666665 0.125 0.6475 0.16458334 0.6525 0.165625 0.66 0.175 0.7025 0.1640625 0.74916667 0.1609375 0.77 0.15260416 0.81166667 0.14791666 0.8275 0.1390625 0.83916664 0.13177083 0.84 0.11510417 0.835 0.09583333 0.825 0.08385417 0.81916666 0.0765625 0.80916667 0.072916664 0.80083334 0.06666667 0.7966667 0.058333334 0.7991667 0.053645834 0.8 0.0484375 0.80083334 0.025 0.7966667 0.014583333 0.7866667 0.0109375 0.77666664 0.011979166 0.765 0.016145833 0.75083333 0.034375 0.695 0.050520834 0.6333333 0.06302083 0.5825
8 0.1953125 0.44166666 0.20677084 0.445 0.22760417 0.45416668 0.24322917 0.46166667 0.25989583 0.465 0.28177083 0.46583334 0.3078125 0.47333333 0.3234375 0.475 0.33333334 0.5625 0.3421875 0.63 0.3390625 0.66 0.33645833 0.675 0.33177084 0.68333334 0.325 0.68916667 0.3203125 0.68916667 0.29322916 0.6791667 0.25416666 0.6675 0.20520833 0.6566667 0.165625 0.6533333 0.1578125 0.65166664 0.121875 0.6475 0.115625 0.6375 0.11145833 0.6225 0.11927083 0.5758333 0.12552084 0.53333336 0.14739583 0.50333333 0.1515625 0.49416667 0.15677084 0.4875 0.1703125 0.47666666 0.17604166 0.4675 0.18020834 0.455 0.18802084 0.445
8 0.29583332 0.36833334 0.30885416 0.39416668 0.31354168 0.39916667 0.3203125 0.40166667 0.32916668 0.3975 0.33072916 0.40333334 0.33125 0.41 0.33333334 0.42 0.32864583 0.43083334 0.32447916 0.43333334 0.31927082 0.44416666 0.31979167 0.45 0.315625 0.46166667 0.29895833 0.47083333 0.28177083 0.46583334 0.2609375 0.465 0.24375 0.46166667 0.22447917 0.45166665 0.19583334 0.44166666 0.2015625 0.43833333 0.21666667 0.43 0.22447917 0.4225 0.23489584 0.43583333 0.240625 0.44 0.24739583 0.44 0.253125 0.43916667 0.25885418 0.435 0.28229168 0.39416668
8 0.3203125 0.45583335 0.32291666 0.475 0.309375 0.47333333 0.29947916 0.47083333 0.31614584 0.46083334 0.31979167 0.45083332
8 0.058854166 0.36083335 0.063541666 0.3575 0.08177083 0.33916667 0.09375 0.33083335 0.10989583 0.32166666 0.12604167 0.30333334 0.13489583 0.31333333 0.175 0.35333332 0.18645833 0.365 0.196875 0.38166666 0.225 0.42166665 0.21666667 0.42916667 0.19583334 0.44166666 0.18854167 0.445 0.1796875 0.455 0.17604166 0.46666667 0.1703125 0.4775 0.16666667 0.48 0.15677084 0.48666668 0.1515625 0.49416667 0.146875 0.50333333 0.12552084 0.53333336 0.123958334 0.535 0.106770836 0.5525 0.096875 0.56166667 0.090625 0.56666666 0.084895834 0.56666666 0.07239583 0.56333333 0.0671875 0.55083334 0.05625 0.52416664 0.049479168 0.50916666 0.042708334 0.48583335 0.032291666 0.46 0.019270834 0.42833334 0.019270834 0.41416666 0.025 0.40083334 0.034895834 0.38583332 0.052083332 0.36666667
8 0.2875 0.22916667 0.31354168 0.2575 0.32708332 0.2725 0.33072916 0.28416666 0.33125 0.295 0.32708332 0.30833334 0.31979167 0.32166666 0.2953125 0.36916667 0.2828125 0.39333335 0.25833333 0.435 0.25364584 0.43833333 0.24947916 0.44 0.24114583 0.44 0.23541667 0.43583333 0.225 0.4225 0.19739583 0.38333333 0.18697916 0.365 0.17291667 0.35166666 0.125 0.30333334 0.13802083 0.2675 0.1484375 0.25083333 0.17708333 0.2025 0.1890625 0.1775 0.19427083 0.21333334 0.19895834 0.22583333 0.20364584 0.23 0.20989583 0.23833333 0.21875 0.24166666 0.23958333 0.24166666 0.265625 0.2375
8 0.18541667 0.15166667 0.18958333 0.17666666 0.18489583 0.18583333 0.18385416 0.17666666 0.18229167 0.15833333
8 0.1859375 0.016666668 0.21041666 0.033333335 0.22239584 0.038333334 0.22708334 0.04083333 0.23385416 0.041666668 0.246875 0.044166666 0.2578125 0.048333332 0.27708334 0.050833333 0.28802082 0.0475 0.29739583 0.0425 0.31197917 0.0375 0.33489582 0.0375 0.3734375 0.034166668 0.3796875 0.0375 0.38541666 0.041666668 0.3890625 0.048333332 0.38958332 0.0575 0.39166668 0.104166664 0.3921875 0.14 0.39479166 0.15333334 0.3984375 0.18583333 0.3984375 0.19666667 0.39427084 0.20666666 0.3875 0.215 0.37447917 0.21833333 0.353125 0.21916667 0.3359375 0.2225 0.32760417 0.22666667 0.31354168 0.22833334 0.28958333 0.22833334 0.2875 0.22916667 0.26770833 0.2375 0.24010417 0.24166666 0.21875 0.24083333 0.21041666 0.23833333 0.20364584 0.22916667 0.1984375 0.22583333 0.19479166 0.21333334 0.18958333 0.17666666 0.1859375 0.15166667 0.184375 0.14166667 0.18489583 0.1225 0.18072917 0.08416667 0.17395833 0.055 0.17291667 0.035 0.1734375 0.024166666 0.17916666 0.018333333
8 0.26354167 0.035833333 0.26770833 0.031666666 0.27395833 0.030833334 0.28072917 0.0325 0.28541666 0.0375 0.29010418 0.045833334 0.28697917 0.0475 0.27708334 0.05 0.25833333 0.048333332 0.2546875 0.046666667
8 0.390625 0.046666667 0.39635417 0.026666667 0.40208334 0.0 0.48697916 0.0 0.50104165 0.01 0.4828125 0.013333334 0.47916666 0.018333333 0.47604167 0.026666667 0.47395834 0.034166668 0.47708333 0.094166666 0.48020834 0.11833333 0.48125 0.1425 0.48072916 0.21333334 0.47916666 0.22333333 0.47760418 0.23666666 0.47604167 0.24833333 0.46927083 0.27833334 0.46302083 0.30583334 0.4578125 0.3175 0.4515625 0.32583332 0.446875 0.3275 0.44322917 0.32666665 0.42239583 0.31583333 0.39947918 0.29916668 0.41197917 0.2825 0.41354167 0.27666667 0.4140625 0.27083334 0.41197917 0.26 0.4078125 0.25083333 0.38697916 0.21666667 0.3859375 0.21583334 0.38802084 0.215 0.39427084 0.20666666 0.39895833 0.19666667 0.3984375 0.185 0.39479166 0.15333334 0.3921875 0.14083333 0.39166668 0.100833334 0.38958332 0.05666667 0.38854167 0.04916667
8 0.39739582 0.30083334 0.378125 0.32833335 0.35833332 0.35166666 0.346875 0.3725 0.3328125 0.38666666 0.3296875 0.39 0.3296875 0.39833334 0.3203125 0.40166667 0.3140625 0.39916667 0.3078125 0.3925 0.29583332 0.36916667 0.31875 0.32416666 0.3265625 0.30833334 0.33177084 0.29416665 0.33072916 0.28416666 0.32760417 0.27333334 0.28697917 0.22916667 0.29010418 0.22833334 0.309375 0.22833334 0.3234375 0.22666667 0.3265625 0.22666667 0.3359375 0.22333333 0.353125 0.21916667 0.37447917 0.21833333 0.38645834 0.215 0.4078125 0.25083333 0.41302082 0.26166666 0.4140625 0.27166668 0.4125 0.2825 0.39895833 0.3
8 0.60520834 0.53 0.6119792 0.585 0.61927086 0.6225 0.62083334 0.6375 0.62135416 0.66833335 0.6223958 0.6975 0.62135416 0.70416665 0.6177083 0.7125 0.6145833 0.7158333 0.5796875 0.7275 0.57447916 0.7291667 0.57447916 0.725 0.5729167 0.7175 0.56927085 0.7058333 0.56614584 0.7008333 0.5546875 0.7191667 0.540625 0.7325 0.5260417 0.7375 0.48333332 0.75333333 0.434375 0.77 0.4328125 0.7708333 0.42291668 0.7675 0.41927084 0.75916666 0.4171875 0.75 0.4171875 0.72833335 0.41666666 0.7033333 0.40729168 0.6425 0.4015625 0.5991667 0.4 0.58 0.40104166 0.56666666 0.40572917 0.55583334 0.4125 0.55 0.4203125 0.5466667 0.4453125 0.5425 0.4734375 0.5375 0.47447917 0.5833333 0.4765625 0.5933333 0.4796875 0.6016667 0.48489583 0.6066667 0.490625 0.61 0.5484375 0.6016667 0.56145835 0.6025 0.59739584 0.6041667 0.6015625 0.6 0.60625 0.59166664 0.6078125 0.57916665 0.60625 0.56666666 0.6041667 0.55 0.60260415 0.5233333
8 0.58697915 0.72833335 0.58802086 0.7391667 0.58802086 0.74583334 0.5859375 0.7525 0.5828125 0.7608333 0.58177084 0.7575 0.57447916 0.74916667 0.575 0.7291667 0.5864583 0.72583336
8 0.47708333 0.26416665 0.54270834 0.26583335 0.58385414 0.26583335 0.59010416 0.2725 0.59375 0.28333333 0.5932292 0.30583334 0.5921875 0.3575 0.59166664 0.40083334 0.59375 0.43833333 0.596875 0.4575 0.6020833 0.5225 0.60364586 0.5491667 0.6078125 0.5783333 0.60572916 0.59166664 0.6015625 0.6 0.59739584 0.6041667 0.55625 0.6025 0.5484375 0.6016667 0.4921875 0.61 0.484375 0.60583335 0.4796875 0.6016667 0.47604167 0.5908333 0.47447917 0.5833333 0.4734375 0.53333336 0.4734375 0.47666666 0.47239584 0.46083334 0.4703125 0.44166666 0.4671875 0.38416666 0.46614584 0.36666667 0.46510416 0.35083333 0.46666667 0.34833333 0.46614584 0.34583333 0.46354166 0.345 0.46197918 0.31 0.46354166 0.30416667 0.47291666 0.26416665
8 0.50364584 0.01 0.5630208 0.005 0.59375 0.0025 0.6010417 0.006666667 0.6046875 0.015 0.60625 0.03 0.6067708 0.07083333 0.6067708 0.08916666 0.6041667 0.090833336 0.603125 0.093333334 0.6046875 0.09583333 0.6067708 0.09833334 0.60572916 0.1625 0.6041667 0.19916667 0.6046875 0.235 0.60572916 0.25333333 0.60364586 0.285 0.60520834 0.32333332 0.60364586 0.33416668 0.60052085 0.345 0.59270835 0.34833333 0.59375 0.29916668 0.5942708 0.28333333 0.590625 0.27333334 0.584375 0.26666668 0.5385417 0.26583335 0.48020834 0.26416665 0.48072916 0.21583334 0.48125 0.14083333 0.48020834 0.119166665 0.47708333 0.093333334 0.47395834 0.034166668 0.47708333 0.024166666 0.47864583 0.018333333 0.4828125 0.013333334 0.5 0.010833333
8 0.80625 0.46083334 0.8229167 0.45416668 0.834375 0.44916666 0.84166664 0.44666666 0.86041665 0.42916667 0.8776042 0.41833332 0.890625 0.41166666 0.91041666 0.40083334 0.9135417 0.41916665 0.934375 0.52916664 0.9458333 0.60833335 0.934375 0.61333334 0.915625 0.6175 0.91197914 0.6175 0.8979167 0.61333334 0.8880208 0.6175 0.8619792 0.6308333 0.79322916 0.67083335 0.78020835 0.6816667 0.77239585 0.68083334 0.76354164 0.66833335 0.7604167 0.65 0.746875 0.565 0.7369792 0.51416665 0.7375 0.4975 0.7447917 0.48666668 0.7572917 0.4825 0.79375 0.46833333
8 0.43697917 0.8375 0.446875 0.8283333 0.46041667 0.82 0.46979168 0.8125 0.4859375 0.7975 0.49739584 0.78583336 0.5130208 0.77416664 0.5234375 0.76166666 0.5364583 0.7375 0.5552083 0.7175 0.56614584 0.7008333 0.56875 0.705 0.5729167 0.7191667 0.57447916 0.72583336 0.57447916 0.75 0.58177084 0.7583333 0.59166664 0.7775 0.6119792 0.81166667 0.625 0.8333333 0.62604165 0.84583336 0.6244792 0.8566667 0.6203125 0.865 0.61145836 0.8775 0.6 0.8925 0.58697915 0.9091667 0.5776042 0.9191667 0.5640625 0.92833334 0.5572917 0.93916667 0.55104166 0.95 0.52239585 0.98333335 0.5125 0.99916667 0.43333334 1.0 0.42604166 0.98833334 0.4171875 0.97083336 0.4015625 0.9325 0.3890625 0.9008333 0.38958332 0.885 0.39427084 0.8725 0.40572917 0.86083335 0.41614583 0.8525 0.42916667 0.845 0.434375 0.8425
