2 0.55677086 0.73583335 0.55260414 0.75166667 0.65260416 0.81583333 0.7192708 0.8591667 0.74427086 0.77666664 0.7703125 0.67083335 0.79270834 0.565 0.8041667 0.5133333 0.8046875 0.50083333 0.74895835 0.46 0.7046875 0.7875 0.60572916 0.75083333
2 0.74635416 0.7675 0.74895835 0.76916665 0.7630208 0.71416664 0.7671875 0.68333334
2 0.80260414 0.49666667 0.81145835 0.50166667 0.79895836 0.56916666 0.7864583 0.62 0.7729167 0.66 0.7942708 0.5566667 0.8041667 0.5125 0.8041667 0.49916667
2 0.7651042 0.7 0.7765625 0.7 0.81354165 0.6933333 0.8510417 0.6825 0.84583336 0.6566667 0.84166664 0.6275 0.8375 0.5416667 0.8286458 0.41 0.8265625 0.33333334 0.82604164 0.31333333 0.7890625 0.31916666 0.7375 0.32666665 0.684375 0.335 0.65260416 0.3425 0.65260416 0.345 0.6536458 0.365 0.653125 0.36583334 0.6635417 0.36916667 0.69322914 0.38166666 0.721875 0.39333335 0.75572914 0.40583333 0.74895835 0.45916668 0.8015625 0.49666667 0.803125 0.49666667 0.81145835 0.50166667 0.79895836 0.5675 0.7895833 0.6075 0.7859375 0.6225 0.7729167 0.66 0.7671875 0.68416667
2 0.5375 0.6475 0.5338542 0.645 0.54270834 0.5875 0.5494792 0.56083333 0.5385417 0.6458333
2 0.54583335 0.5708333 0.49635416 0.555 0.47083333 0.55 0.46979168 0.5525 0.46770832 0.5908333 0.4578125 0.6725 0.44583333 0.7416667 0.43854168 0.8208333 0.4359375 0.8408333 0.45208332 0.845 0.50625 0.8575 0.63072914 0.89 0.66822916 0.8983333 0.67291665 0.82916665 0.61354166 0.79 0.55260414 0.75083333 0.55677086 0.73583335 0.5286458 0.7275 0.53697914 0.6475 0.5338542 0.6458333 0.5421875 0.58666664 0.5463542 0.57166666
2 0.42291668 0.47083333 0.43333334 0.46333334 0.46770832 0.44416666 0.51145834 0.42166665 0.534375 0.4075 0.55885416 0.49416667 0.55 0.55833334 0.5463542 0.57166666 0.49635416 0.555 0.484375 0.5525 0.459375 0.50083333 0.45364583 0.49166667 0.44427082 0.50083333 0.421875 0.47083333
2 0.4796875 0.55083334 0.44427082 0.50166667 0.45364583 0.49166667 0.4609375 0.5025 0.48385417 0.5516667
2 0.5046875 0.85833335 0.49427083 0.87416667 0.484375 0.89166665 0.47395834 0.9058333 0.4625 0.89166665 0.45625 0.88666666 0.384375 0.7966667 0.32083333 0.715 0.28385416 0.6641667 0.32760417 0.5808333 0.35 0.54083335 0.39114583 0.46333334 0.40104166 0.44333333 0.43229166 0.48583335 0.4796875 0.5516667 0.47083333 0.55 0.46979168 0.5516667 0.46770832 0.59166664 0.4578125 0.6716667 0.44635418 0.7391667 0.43958333 0.81166667 0.43541667 0.8408333 0.5046875 0.8575
2 0.540625 0.8675 0.47760418 0.93333334 0.453125 0.96 0.45208332 0.95916665 0.40104166 0.85833335 0.35729167 0.7625 0.45677084 0.8875 0.4625 0.89166665 0.4734375 0.9058333 0.484375 0.89166665 0.5046875 0.8575
2 0.528125 0.72 0.54583335 0.5908333 0.5640625 0.4525 0.57395834 0.375 0.58229166 0.34416667 0.66302085 0.36916667 0.71197915 0.39 0.7552083 0.40583333 0.74322915 0.50416666 0.7171875 0.695 0.7046875 0.7875 0.6302083 0.76 0.6078125 0.75166667 0.55260414 0.7341667 0.5286458 0.7275
