12 0.2234375 0.63416666 0.1703125 0.7966667 0.17604166 0.80333334 0.21875 0.8333333 0.28125 0.87166667 0.35260418 0.93333334 0.3875 0.9633333 0.43958333 0.795 0.43125 0.785 0.36614582 0.73833334 0.32604167 0.745 0.29635417 0.7525 0.28802082 0.745 0.28229168 0.675 0.22708334 0.6325
16 0.13177083 0.19083333 0.12291667 0.18916667 0.088541664 0.2075 0.0859375 0.22583333 0.083333336 0.26 0.07239583 0.31416667 0.0625 0.3925 0.054166667 0.435 0.084895834 0.4475 0.1578125 0.48083332 0.26822916 0.53333336 0.27552083 0.52416664 0.30416667 0.515 0.3078125 0.48 0.32135418 0.355 0.33177084 0.27833334 0.309375 0.27333334 0.27864584 0.26583335 0.246875 0.26333332 0.18489583 0.2625 0.18385416 0.2525 0.19270833 0.21916667 0.19010417 0.21333334 0.15989584 0.20666666 0.13802083 0.19166666
0 0.215625 0.0 0.2171875 0.0575 0.21510416 0.086666666 0.20677084 0.15833333 0.19166666 0.215 0.1921875 0.21916667 0.1921875 0.22166666 0.18385416 0.2525 0.18489583 0.2625 0.2453125 0.26333332 0.27864584 0.26583335 0.31614584 0.27416667 0.33854166 0.28 0.37864584 0.29166666 0.38385418 0.28166667 0.37708333 0.2775 0.37239584 0.23 0.36770833 0.1925 0.36875 0.18333334 0.37447917 0.17333333 0.38177082 0.14916667 0.38072917 0.13666667 0.375 0.108333334 0.36875 0.061666667 0.37239584 0.04916667 0.37708333 0.045 0.3953125 0.04 0.4015625 0.0
2 0.46197918 0.0 0.46041667 0.013333334 0.45885417 0.031666666 0.453125 0.034166668 0.41302082 0.0375 0.3953125 0.039166667 0.40104166 0.0
5 0.3828125 0.155 0.37135416 0.215 0.37135416 0.22166666 0.37708333 0.2775 0.38385418 0.28166667 0.37916666 0.29166666 0.359375 0.28666666 0.35729167 0.305 0.35364583 0.33583334 0.34010416 0.36 0.3265625 0.3825 0.3234375 0.39166668 0.31927082 0.39416668 0.328125 0.39833334 0.41302082 0.4525 0.4203125 0.46083334 0.44947916 0.48833334 0.45208332 0.48583335 0.43177083 0.40916666 0.40989584 0.31166667 0.396875 0.2425 0.38385418 0.15833333
21 0.49895832 0.0 0.46197918 0.0 0.46041667 0.014166667 0.45885417 0.031666666 0.45260417 0.034166668 0.41875 0.036666665 0.3953125 0.039166667 0.39479166 0.04 0.38489583 0.043333333 0.37708333 0.044166666 0.37239584 0.04916667 0.36822918 0.061666667 0.36927083 0.06666667 0.3734375 0.094166666 0.38072917 0.13666667 0.38385418 0.15833333 0.3953125 0.23166667 0.396875 0.24416667 0.40729168 0.29583332 0.41041666 0.31333333 0.4203125 0.3575 0.42708334 0.38833332 0.43229166 0.41166666 0.4453125 0.46 0.4546875 0.49416667 0.47291666 0.4925 0.51197916 0.48583335 0.5854167 0.47583333 0.59166664 0.475 0.59791666 0.46916667 0.5963542 0.46166667 0.60833335 0.45833334 0.6145833 0.4475 0.6098958 0.42083332 0.590625 0.34166667 0.56875 0.26 0.546875 0.18333334 0.521875 0.0825
18 0.6640625 0.465 0.6557292 0.46583334 0.6557292 0.51416665 0.6692708 0.48166665 0.6645833 0.46916667
5 0.540625 0.15666667 0.56666666 0.17166667 0.5671875 0.18 0.56666666 0.19166666 0.5572917 0.21916667 0.5520833 0.20083334 0.5442708 0.1725
19 0.578125 0.16083333 0.571875 0.16416667 0.56875 0.17 0.5671875 0.17333333 0.56822914 0.2325 0.5677083 0.25583333 0.58697915 0.32666665 0.603125 0.39083335 0.609375 0.41916665 0.6145833 0.4475 0.60833335 0.45916668 0.5963542 0.46166667 0.5984375 0.47 0.60520834 0.46583334 0.65625 0.46583334 0.6645833 0.465 0.66510415 0.45666668 0.67083335 0.42583334 0.6744792 0.41 0.6791667 0.38583332 0.6822917 0.37083334 0.6822917 0.3625 0.6901042 0.34333333 0.6901042 0.33 0.69166666 0.30166668 0.69947916 0.255 0.7135417 0.17833333 0.7114583 0.175 0.70989585 0.16666667 0.70416665 0.16 0.69739586 0.16 0.6223958 0.16166666 0.58385414 0.16
10 0.7390625 0.12666667 0.7291667 0.13333334 0.72083336 0.145 0.7135417 0.17916666 0.7083333 0.20833333 0.7005208 0.25166667 0.69739586 0.2675 0.69375 0.28916666 0.6921875 0.30333334 0.6901042 0.32583332 0.6901042 0.3425 0.68177086 0.3625 0.6822917 0.37166667 0.678125 0.38916665 0.6744792 0.41083333 0.6703125 0.42666668 0.66614586 0.45 0.6645833 0.45666668 0.6645833 0.465 0.6640625 0.46583334 0.66510415 0.47083333 0.66875 0.47916666 0.67395836 0.4875 0.678125 0.49083334 0.6802083 0.49166667 0.69375 0.49083334 0.6958333 0.48916668 0.70416665 0.48833334 0.721875 0.48833334 0.7369792 0.48333332 0.7453125 0.47833332 0.7572917 0.4675 0.76145834 0.47 0.76458335 0.475 0.7640625 0.48666668 0.765625 0.5025 0.76770836 0.50666666 0.771875 0.5125 0.78802085 0.52416664 0.79322916 0.525 0.7984375 0.5225 0.80260414 0.5183333 0.80625 0.51 0.80885416 0.49666667 0.8109375 0.46666667 0.8119792 0.4425 0.81458336 0.4325 0.82395834 0.41 0.8255208 0.40333334 0.82395834 0.39333335 0.82135415 0.39166668 0.8203125 0.38666666 0.8208333 0.38083333 0.825 0.36916667 0.83697915 0.34333333 0.8432292 0.3275 0.8489583 0.31416667 0.8578125 0.28083333 0.86510414 0.2475 0.871875 0.22583333 0.86927086 0.2175 0.86302084 0.20916666 0.84583336 0.19166666 0.82604164 0.17416666 0.8078125 0.1625 0.79791665 0.15583333 0.79010415 0.14833333 0.7578125 0.135 0.740625 0.12666667
2 0.56875 0.0 0.575 0.065 0.578125 0.1175 0.53333336 0.12916666 0.5239583 0.08833333 0.49895832 0.0
21 0.6046875 0.46583334 0.5911458 0.47416666 0.43802083 0.4975 0.35416666 0.50916666 0.315625 0.5108333 0.2765625 0.52416664 0.2671875 0.53333336 0.26510417 0.5466667 0.28229168 0.6716667 0.28802082 0.745 0.29635417 0.7525 0.32552084 0.745 0.42864582 0.7275 0.4828125 0.7175 0.5130208 0.69083333 0.5239583 0.6875 0.5416667 0.7008333 0.63645834 0.7133333 0.6479167 0.7033333 0.65416664 0.68916667 0.6557292 0.46583334
