2 0.271875 0.61583334 0.278125 0.62583333 0.28229168 0.63 0.296875 0.65416664 0.30729166 0.6716667 0.3140625 0.68583333 0.32708332 0.7191667 0.33385417 0.735 0.33958334 0.74 0.34791666 0.765 0.365625 0.795 0.375 0.81416667 0.38125 0.8308333 0.36979166 0.8491667 0.334375 0.8983333 0.30520833 0.93583333 0.27552083 0.975 0.25625 1.0 0.15052083 1.0 0.14635417 0.995 0.1359375 0.9725 0.1265625 0.9525 0.11770833 0.93416667 0.1046875 0.915 0.09322917 0.8975 0.080729164 0.87333333 0.07239583 0.8641667 0.08229167 0.84833336 0.10729167 0.8175 0.10989583 0.82 0.11145833 0.8183333 0.110416666 0.81416667 0.12864584 0.7916667 0.14791666 0.7658333 0.16822916 0.74083334 0.18697916 0.7175 0.20677084 0.69416666 0.2515625 0.6383333 0.25885418 0.62833333 0.26354167 0.62666667 0.26770833 0.6225 0.2703125 0.6166667
2 0.31354168 0.29666665 0.29791668 0.365 0.29375 0.38083333 0.29322916 0.38916665 0.28697917 0.40666667 0.3328125 0.43916667 0.37395832 0.46416667 0.4 0.48083332 0.39583334 0.45833334 0.38802084 0.455 0.38020834 0.455 0.365625 0.45166665 0.35677084 0.45 0.35416666 0.44666666 0.3546875 0.42583334 0.359375 0.37 0.36197916 0.32916668 0.36354166 0.30916667 0.36354166 0.3 0.3640625 0.29083332 0.36666667 0.285 0.3609375 0.24666667 0.36927083 0.245 0.37083334 0.21416667 0.37239584 0.19333333 0.37552083 0.17083333 0.3765625 0.15416667 0.38958332 0.15916666 0.42083332 0.1675 0.4578125 0.17583333 0.47291666 0.18166667 0.48958334 0.18666667 0.509375 0.19 0.52916664 0.1825 0.5395833 0.1775 0.54583335 0.15333334 0.5182292 0.135 0.4921875 0.11666667 0.4734375 0.10583334 0.453125 0.093333334 0.43020833 0.07666667 0.40625 0.06 0.39114583 0.05 0.37395832 0.04 0.36510417 0.08 0.3609375 0.100833334 0.36302084 0.1025 0.3625 0.105 0.35989583 0.105 0.3421875 0.18083334 0.3296875 0.23 0.31666666 0.285
2 0.39739582 0.23416667 0.446875 0.215 0.4734375 0.205 0.50208336 0.19416666 0.509375 0.19083333 0.509375 0.19 0.49947917 0.18833333 0.48958334 0.18666667 0.47291666 0.18166667 0.45729166 0.17583333 0.40520832 0.16333333 0.39010417 0.15916666 0.37604168 0.15416667 0.37552083 0.175 0.371875 0.195 0.3703125 0.22083333 0.36927083 0.245 0.39375 0.23666666 0.3953125 0.24 0.396875 0.2375
2 0.5421875 0.17583333 0.58020836 0.16166666 0.60520834 0.15166667 0.6119792 0.19583334 0.625 0.2775 0.62916666 0.32166666 0.63958335 0.395 0.6421875 0.42333335 0.63645834 0.43333334 0.6302083 0.43666667 0.5890625 0.45666668 0.56458336 0.47083333 0.52135414 0.49083334 0.48385417 0.505 0.44583333 0.5208333 0.4421875 0.51666665 0.4421875 0.5225 0.40833333 0.5366667 0.39947918 0.47833332 0.39479166 0.4525 0.38645834 0.395 0.36875 0.29666665 0.36614582 0.2775 0.3609375 0.24583334 0.3703125 0.245 0.39375 0.23666666 0.3953125 0.24 0.396875 0.2375 0.39739582 0.23416667 0.44583333 0.21583334 0.47604167 0.20416667 0.50989586 0.19 0.5416667 0.17666666
2 0.39375 0.44666666 0.38802084 0.40416667 0.3734375 0.32083333 0.3671875 0.285 0.36510417 0.28916666 0.36354166 0.29416665 0.36354166 0.30083334 0.36354166 0.31 0.36145833 0.33416668 0.35885417 0.37166667 0.35572916 0.41083333 0.3546875 0.425 0.35416666 0.44666666 0.35677084 0.44916666 0.37864584 0.455 0.38802084 0.455 0.39583334 0.45833334 0.39427084 0.44833332
2 0.52916664 0.49166667 0.5515625 0.4975 0.553125 0.495 0.5552083 0.49916667 0.5921875 0.50916666 0.5984375 0.45166665 0.590625 0.455 0.58020836 0.46166667 0.5671875 0.46916667 0.55 0.4775 0.5234375 0.48916668 0.5265625 0.49083334
2 0.540625 0.49416667 0.5453125 0.5225 0.5734375 0.50333333 0.5552083 0.49916667 0.553125 0.49583334 0.5515625 0.4975 0.540625 0.49416667
2 0.52916664 0.12833333 0.59583336 0.12 0.6458333 0.11416667 0.6479167 0.11833333 0.64947915 0.11333334 0.6713542 0.11083333 0.684375 0.10916667 0.6859375 0.12583333 0.66770834 0.1375 0.6453125 0.1525 0.63125 0.16083333 0.6088542 0.17583333 0.60520834 0.15083334 0.5729167 0.165 0.5421875 0.17583333 0.5416667 0.17666666 0.5395833 0.1775 0.54583335 0.15333334 0.51927084 0.135 0.5140625 0.13166666 0.51875 0.13 0.52760416 0.12916666
2 0.6609375 0.1425 0.7114583 0.10916667 0.71510416 0.123333335 0.7260417 0.17333333 0.7338542 0.2075 0.7359375 0.21666667 0.7369792 0.24416667 0.73854166 0.2525 0.7427083 0.2675 0.7473958 0.28916666 0.7505208 0.30416667 0.75208336 0.31666666 0.75572914 0.33666667 0.75677085 0.35083333 0.7583333 0.3725 0.7578125 0.38 0.7526042 0.38416666 0.7484375 0.38916665 0.746875 0.395 0.7447917 0.395 0.73541665 0.4025 0.72760415 0.40833333 0.7171875 0.41083333 0.70208335 0.41666666 0.6875 0.42833334 0.65 0.45333335 0.61510414 0.4775 0.5942708 0.4925 0.5984375 0.4525 0.63645834 0.435 0.6421875 0.42416668 0.6390625 0.39166668 0.6302083 0.32666665 0.6244792 0.27666667 0.61510414 0.21583334 0.6088542 0.17583333
2 0.61614585 0.22 0.62291664 0.22083333 0.6265625 0.2225 0.62395835 0.2425 0.621875 0.25833333 0.615625 0.22083333
2 0.29635417 0.6525 0.32708332 0.62416667 0.34479168 0.67333335 0.3578125 0.7075 0.36510417 0.72583336 0.37760416 0.77166665 0.38385418 0.78833336 0.3984375 0.8433333 0.409375 0.87416667 0.4109375 0.88416666 0.39635417 0.8958333 0.378125 0.91083336 0.34739584 0.93916667 0.33541667 0.9508333 0.309375 0.975 0.29010418 0.9941667 0.25625 1.0 0.275 0.97583336 0.31145832 0.92833334 0.35 0.8775 0.37239584 0.845 0.38125 0.83 0.3734375 0.81 0.36666667 0.7966667 0.35416666 0.775 0.34739584 0.7633333 0.34114584 0.745 0.3390625 0.74 0.33385417 0.7341667 0.32239583 0.7083333 0.31302083 0.68416667 0.30677083 0.67083335 0.296875 0.6525
