21 0.85520834 0.36666667 0.9421875 0.35833332 0.9546875 0.37416667 0.9604167 0.5258333 0.87916666 0.43 0.8489583 0.36916667
21 0.75208336 0.30916667 0.79791665 0.34 0.8072917 0.35166666 0.7578125 0.41666666 0.72447914 0.50166667 0.72552085 0.52416664 0.7739583 0.59583336 0.81458336 0.6333333 0.8046875 0.6333333 0.68854165 0.5525 0.6765625 0.5391667 0.6770833 0.515 0.7359375 0.31916666 0.7390625 0.31666666
21 0.6333333 0.4025 0.70208335 0.39333335 0.715625 0.39 0.67760414 0.5133333 0.6765625 0.54 0.6859375 0.55 0.80364585 0.6325 0.7942708 0.6325 0.7203125 0.62833333 0.63854164 0.615 0.6328125 0.5941667 0.65989584 0.49166667 0.65989584 0.47833332 0.63125 0.44166666 0.6265625 0.41583332
21 0.33072916 0.51416665 0.371875 0.49583334 0.390625 0.465 0.41197917 0.43166667 0.4671875 0.38333333 0.54375 0.32666665 0.5515625 0.3275 0.5630208 0.3425 0.6223958 0.52666664 0.6203125 0.5441667 0.6098958 0.55916667 0.5338542 0.60083336 0.5125 0.60833335 0.47760418 0.6408333 0.45 0.6591667 0.42864582 0.7125 0.41770834 0.71666664 0.40989584 0.70916665 0.36979166 0.62333333 0.31875 0.54833335 0.31875 0.53
21 0.2765625 0.5733333 0.26927084 0.7075 0.27135417 0.76416665 0.28802082 0.8175 0.29739583 0.8691667 0.309375 0.87166667 0.38854167 0.82916665 0.4359375 0.8258333 0.4453125 0.80916667 0.43802083 0.76166666 0.41666666 0.7191667 0.41041666 0.7108333 0.36979166 0.62166667 0.31770834 0.5466667 0.31875 0.5316667 0.32239583 0.52416664 0.29010418 0.5183333 0.2859375 0.52 0.28229168 0.5466667 0.2765625 0.56166667
21 0.16302083 0.5875 0.23020834 0.5733333 0.27760416 0.55916667 0.2765625 0.57416666 0.26927084 0.705 0.27135417 0.76166666 0.28125 0.79333335 0.175 0.8066667 0.15989584 0.79583335 0.13697916 0.80916667 0.12447917 0.80916667 0.1 0.8283333 0.051041666 0.8475 0.036979165 0.83916664 0.030729167 0.79833335 0.041145835 0.80333334 0.053645834 0.79583335 0.1625 0.5941667
21 0.17447917 0.31 0.18958333 0.37416667 0.20989583 0.3825 0.23958333 0.43333334 0.2453125 0.445 0.246875 0.46083334 0.23697917 0.46583334 0.16302083 0.5908333 0.16041666 0.59833336 0.06614583 0.775 0.054166667 0.7966667 0.0421875 0.805 0.0 0.74666667 0.0 0.5566667 0.022916667 0.53833336 0.033854168 0.535 0.05 0.505 0.069270834 0.46166667 0.15 0.30083334 0.16302083 0.29666665
21 0.228125 0.16 0.3109375 0.1275 0.3734375 0.119166665 0.38802084 0.1275 0.39739582 0.14583333 0.40104166 0.20833333 0.3921875 0.3025 0.39166668 0.3575 0.353125 0.41583332 0.35572916 0.43583333 0.37760416 0.43166667 0.38177082 0.47916666 0.37291667 0.49583334 0.3296875 0.5158333 0.321875 0.5258333 0.29010418 0.51916665 0.2859375 0.5208333 0.28177083 0.54833335 0.27760416 0.555 0.26197916 0.55833334 0.25572917 0.5516667 0.26458332 0.4925 0.2671875 0.42833334 0.28125 0.37916666 0.24427083 0.305 0.22239584 0.16833334
21 0.403125 0.2225 0.41875 0.28333333 0.4234375 0.31083333 0.421875 0.33833334 0.42916667 0.35916665 0.45208332 0.39833334 0.41354167 0.43 0.38177082 0.48 0.378125 0.43083334 0.35572916 0.43583333 0.353125 0.41583332 0.39166668 0.35833332 0.3921875 0.29666665 0.40052083 0.2175
21 0.83802086 0.3475 0.8796875 0.43 0.94739586 0.5125 0.96302086 0.52916664 1.0 0.5375 0.996875 0.66 0.97552085 0.7475 0.9427083 0.75083333 0.77239585 0.5941667 0.7260417 0.5233333 0.725 0.5 0.75885415 0.41583332 0.8171875 0.33666667 0.82916665 0.33583334
