14 0.1375 0.65833336 0.15104167 0.68666667 0.16822916 0.7175 0.1890625 0.7558333 0.1921875 0.75083333 0.1921875 0.7366667 0.18958333 0.7241667 0.19322917 0.72083336 0.20208333 0.7183333 0.2875 0.6375 0.29791668 0.62666667 0.32291666 0.4975 0.26458332 0.5516667 0.18645833 0.625 0.1546875 0.65166664 0.14739583 0.65166664 0.1453125 0.6483333 0.1375 0.6566667
14 0.27604166 0.68666667 0.35572916 0.72 0.359375 0.68666667 0.35625 0.65 0.41302082 0.365 0.42239583 0.36166668 0.42604166 0.35083333 0.41875 0.3375 0.396875 0.32416666 0.35416666 0.30166668 0.34947917 0.315 0.35052082 0.36833334 0.32291666 0.49916667 0.29791668 0.62666667 0.28229168 0.65416664 0.27760416 0.68583333
14 0.3609375 0.63166666 0.37604168 0.6408333 0.38645834 0.6508333 0.39479166 0.65 0.39739582 0.64 0.39479166 0.62916666 0.403125 0.6325 0.40416667 0.6625 0.39947918 0.74083334 0.39010417 0.8666667 0.38541666 0.935 0.3859375 0.965 0.39010417 0.99583334 0.37760416 1.0 0.3671875 0.9916667 0.35520834 0.97583336 0.33177084 0.96416664 0.32916668 0.9633333 0.32916668 0.9691667 0.325 0.9725 0.31979167 0.9766667 0.31979167 0.9841667 0.31822917 0.98 0.32135418 0.9658333 0.32552084 0.9475 0.33229166 0.92583334 0.3453125 0.7158333 0.35572916 0.72 0.35885417 0.68583333 0.35625 0.64916664 0.35989583 0.63166666
14 0.3203125 0.30166668 0.371875 0.255 0.38072917 0.25 0.39479166 0.29583332 0.39479166 0.30916667 0.4015625 0.32666665 0.35416666 0.3025 0.34947917 0.31333333 0.35052082 0.35833332 0.33697918 0.3325 0.32760417 0.3275 0.3203125 0.30416667
14 0.41510418 0.36583334 0.43697917 0.4425 0.4328125 0.45916668 0.43125 0.47583333 0.42760417 0.48333332 0.425 0.4975 0.42916667 0.49666667 0.43229166 0.52416664 0.42864582 0.62833333 0.421875 0.63416666 0.41822916 0.6191667 0.41927084 0.5925 0.38802084 0.49 0.4125 0.365
14 0.43697917 0.46083334 0.465625 0.47333333 0.5015625 0.46416667 0.503125 0.48583335 0.48177084 0.4925 0.49166667 0.51666665 0.49166667 0.5516667 0.48333332 0.7608333 0.48125 0.8041667 0.4890625 0.8375 0.48489583 0.8775 0.446875 0.87333333 0.415625 0.865 0.41354167 0.85833335 0.4125 0.8308333 0.421875 0.81416667 0.421875 0.78 0.42447916 0.76916665 0.42864582 0.625 0.43229166 0.52416664 0.42864582 0.49666667 0.425 0.49666667 0.428125 0.48166665 0.43177083 0.475 0.4328125 0.45916668
14 0.4125 0.81583333 0.40520832 0.8275 0.40572917 0.8383333 0.41302082 0.8525 0.4125 0.83166665 0.421875 0.81333333 0.4171875 0.81166667
14 0.415625 0.86833334 0.44114584 0.9316667 0.44791666 0.9266667 0.45677084 0.9166667 0.45729166 0.9091667 0.47916666 0.87666667 0.44583333 0.87333333 0.415625 0.865
14 0.48854166 0.75 0.54895836 0.6825 0.5776042 0.65 0.58385414 0.63166666 0.5963542 0.645 0.6145833 0.6716667 0.6255208 0.6741667 0.628125 0.6591667 0.6479167 0.7025 0.6322917 0.7191667 0.6171875 0.72333336 0.57135415 0.7708333 0.52916664 0.8233333 0.484375 0.8775 0.48854166 0.8375 0.48125 0.8041667 0.48385417 0.7558333
14 0.45208332 0.3875 0.44427082 0.41416666 0.4375 0.44166666 0.4328125 0.46 0.465625 0.47333333 0.5015625 0.46333334 0.503125 0.48416665 0.5296875 0.465 0.5151042 0.45166665 0.4953125 0.43333334 0.4859375 0.42166665 0.47083333 0.40416667 0.46302083 0.3925 0.4640625 0.3875 0.45729166 0.37916666 0.45364583 0.385
14 0.36666667 0.22333333 0.3921875 0.20416667 0.42708334 0.16166666 0.4375 0.18583333 0.44010416 0.21333334 0.46041667 0.28583333 0.48489583 0.37 0.5140625 0.44916666 0.4953125 0.43333334 0.48125 0.41583332 0.47395834 0.40833333 0.46354166 0.3925 0.4640625 0.3875 0.45729166 0.37833333 0.4515625 0.38916665 0.4375 0.4425 0.41458333 0.365 0.42239583 0.36166668 0.4265625 0.35 0.41875 0.33666667 0.40104166 0.32583332 0.39479166 0.30916667 0.3953125 0.29583332 0.38125 0.25 0.37083334 0.255 0.36302084 0.22666667
14 0.4890625 0.365 0.509375 0.34833333 0.5286458 0.33083335 0.55104166 0.35083333 0.571875 0.41666666 0.5296875 0.465 0.5130208 0.44916666 0.48541668 0.37083334
14 0.49479166 0.53583336 0.50572914 0.56333333 0.509375 0.56416667 0.5286458 0.6041667 0.53125 0.58166665 0.54270834 0.5566667 0.5520833 0.54833335 0.621875 0.46916667 0.6828125 0.40666667 0.6953125 0.4 0.70729166 0.3975 0.7078125 0.38833332 0.7104167 0.385 0.70625 0.38166666 0.70729166 0.3775 0.70416665 0.37416667 0.7015625 0.36333334 0.6953125 0.34333333 0.6947917 0.3375 0.69166666 0.3375 0.69114584 0.33 0.68854165 0.32833335 0.6880208 0.32083333 0.684375 0.31916666 0.68385416 0.31333333 0.6802083 0.31083333 0.6802083 0.30666667 0.6770833 0.30333334 0.67604166 0.29583332 0.6734375 0.29333332 0.6734375 0.28833333 0.6703125 0.28833333 0.6588542 0.2975 0.6546875 0.30666667 0.65208334 0.32416666 0.57239586 0.41583332 0.5296875 0.46416667 0.5026042 0.485 0.48177084 0.49333334 0.49166667 0.5175 0.4921875 0.5325
14 0.521875 0.32 0.5677083 0.235 0.57395834 0.2375 0.58020836 0.26833335 0.63125 0.3475 0.5833333 0.4025 0.55104166 0.35083333 0.52760416 0.32916668 0.51979166 0.32416666
14 0.58020836 0.52 0.6244792 0.565 0.64479166 0.5875 0.6489583 0.5833333 0.6489583 0.5966667 0.6421875 0.59833336 0.6328125 0.60583335 0.62916666 0.62916666 0.6276042 0.65833336 0.6255208 0.6741667 0.61354166 0.6716667 0.59583336 0.645 0.58385414 0.6325 0.54791665 0.5933333 0.534375 0.5758333 0.54322916 0.55583334 0.55260414 0.54833335 0.5786458 0.5183333
14 0.5989583 0.4975 0.621875 0.5625 0.5786458 0.5183333 0.59739584 0.49583334
14 0.63645834 0.6041667 0.64166665 0.62 0.62916666 0.63416666 0.6296875 0.625 0.6328125 0.60583335 0.63645834 0.6041667
14 0.55104166 0.8041667 0.5541667 0.81083333 0.578125 0.80833334 0.63125 0.7925 0.69375 0.695 0.67552084 0.5941667 0.63072914 0.665 0.6484375 0.7033333 0.6328125 0.7191667 0.6171875 0.7241667 0.57135415 0.77 0.5484375 0.7991667
14 0.66041666 0.44583333 0.6869792 0.43083334 0.71458334 0.41666666 0.7192708 0.43416667 0.7046875 0.44833332 0.7109375 0.46333334 0.721875 0.5308333 0.7348958 0.6191667 0.75 0.6958333 0.7572917 0.7291667 0.77447915 0.7575 0.75885415 0.7625 0.7494792 0.7708333 0.73125 0.7866667 0.7203125 0.79583335 0.70729166 0.8 0.7 0.79833335 0.69947916 0.7733333 0.7083333 0.7633333 0.69322914 0.695 0.67552084 0.5933333 0.6557292 0.4775 0.65416664 0.46583334 0.64739585 0.47 0.64635414 0.46333334 0.65260416 0.4525 0.659375 0.44666666
14 0.72552085 0.51916665 0.75625 0.57 0.76979166 0.59166664 0.75572914 0.6141667 0.73541665 0.62 0.7203125 0.52416664 0.72291666 0.52
14 0.7182292 0.47 0.7270833 0.48333332 0.71770835 0.505 0.7114583 0.46666667
14 0.6255208 0.46833333 0.6640625 0.5275 0.65625 0.47833332 0.65416664 0.46583334 0.6479167 0.47 0.646875 0.46333334 0.65260416 0.4525 0.68333334 0.4325 0.671875 0.4175 0.64739585 0.44333333 0.6244792 0.46583334
14 0.7057292 0.28833333 0.72864586 0.26416665 0.74375 0.30166668 0.7494792 0.3325 0.753125 0.35166666 0.78125 0.42833334 0.8171875 0.5233333 0.83020836 0.5541667 0.834375 0.5516667 0.84010416 0.5541667 0.8411458 0.56416667 0.83697915 0.5783333 0.8119792 0.6016667 0.79479164 0.62083334 0.7838542 0.6333333 0.7786458 0.62083334 0.7828125 0.615 0.7817708 0.5975 0.73125 0.45416668 0.7078125 0.39833334 0.7078125 0.38916665 0.7104167 0.385 0.70625 0.38166666 0.7078125 0.3775 0.70416665 0.37333333 0.6953125 0.34333333 0.6947917 0.3375 0.69166666 0.3375 0.69114584 0.33 0.68854165 0.3275 0.6880208 0.32083333 0.684375 0.31916666 0.68385416 0.31333333 0.7046875 0.28916666
14 0.509375 0.23083334 0.528125 0.18083334 0.54583335 0.14166667 0.55833334 0.13833334 0.57239586 0.17333333 0.6734375 0.28833333 0.66979164 0.28833333 0.65833336 0.2975 0.65416664 0.3075 0.65208334 0.32416666 0.63125 0.34833333 0.58020836 0.26833335 0.57395834 0.2375 0.5677083 0.235 0.55364585 0.26 0.5416667 0.25166667 0.5286458 0.25 0.51979166 0.24833333 0.509375 0.2325
14 0.2640625 0.3375 0.22291666 0.49666667 0.18697916 0.62333333 0.2609375 0.555 0.26510417 0.55 0.29583332 0.4575 0.31197917 0.4025 0.31979167 0.38666666 0.32760417 0.3775 0.33229166 0.37166667 0.29895833 0.35083333 0.27604166 0.33333334 0.2640625 0.33583334
