18 0.06666667 0.44166666 0.10104167 0.43833333 0.13541667 0.4325 0.14895834 0.4325 0.153125 0.43 0.17239584 0.475 0.18333334 0.50166667 0.19427083 0.5175 0.20416667 0.53583336 0.21145834 0.555 0.23854166 0.6308333 0.24166666 0.6383333 0.23958333 0.63916665 0.21145834 0.6433333 0.146875 0.6566667 0.084895834 0.6691667 0.077083334 0.66583335 0.067708336 0.6616667 0.065625 0.6508333 0.063541666 0.63 0.058854166 0.50416666 0.057291668 0.45583335 0.0609375 0.45166665
18 0.1953125 0.7075 0.221875 0.69166666 0.24427083 0.68083334 0.259375 0.67333335 0.26875 0.67333335 0.2765625 0.66833335 0.296875 0.64666665 0.321875 0.6333333 0.35989583 0.61083335 0.371875 0.6025 0.38489583 0.60583335 0.39166668 0.6175 0.40052083 0.64666665 0.41666666 0.7225 0.428125 0.77 0.43020833 0.78833336 0.428125 0.8025 0.42552084 0.81166667 0.415625 0.8183333 0.33645833 0.865 0.2703125 0.905 0.23958333 0.9216667 0.23125 0.9191667 0.22291666 0.91083336 0.21979167 0.9008333 0.20416667 0.81 0.19270833 0.75916666 0.18489583 0.73333335 0.18541667 0.725 0.19010417 0.71666664
18 0.43854168 0.18083334 0.46927083 0.25 0.48854166 0.29416665 0.49791667 0.315 0.50104165 0.325 0.50104165 0.3375 0.50104165 0.3475 0.49739584 0.35666665 0.49166667 0.36416668 0.48489583 0.3725 0.47604167 0.3825 0.46770832 0.39583334 0.42552084 0.43583333 0.39635417 0.46583334 0.37864584 0.4925 0.3671875 0.51166666 0.36197916 0.5175 0.33697918 0.46 0.31614584 0.4125 0.290625 0.34916666 0.2859375 0.335 0.30885416 0.30916667 0.3625 0.23333333 0.403125 0.18833333 0.41197917 0.17833333 0.41979167 0.17333333 0.42447916 0.17333333
18 0.5953125 0.35833332 0.596875 0.45166665 0.5942708 0.52166665 0.59375 0.54333335 0.5890625 0.5575 0.58125 0.56333333 0.5776042 0.56666666 0.5265625 0.5625 0.4859375 0.56083333 0.465625 0.56166667 0.4484375 0.56083333 0.43854168 0.56083333 0.42395833 0.565 0.40989584 0.5683333 0.39427084 0.57 0.38333333 0.56583333 0.37864584 0.55916667 0.37864584 0.5416667 0.37552083 0.49583334 0.39479166 0.46916667 0.4078125 0.45416668 0.43229166 0.43 0.4578125 0.40666667 0.46770832 0.39416668 0.475 0.38416666 0.49375 0.36166668 0.49947917 0.35166666 0.50208336 0.33666667 0.54375 0.33416668 0.5807292 0.33666667 0.5932292 0.34416667
18 0.52916664 0.3125 0.5375 0.3075 0.5515625 0.31333333 0.56927085 0.33416668 0.5640625 0.33416668 0.55260414 0.335 0.5307292 0.335 0.5208333 0.335 0.521875 0.33083335 0.5239583 0.32166666
18 0.6380208 0.4025 0.65260416 0.40166667 0.68645835 0.43083334 0.70104164 0.44333333 0.7114583 0.4525 0.7161458 0.46 0.71875 0.47083333 0.7171875 0.48333332 0.6953125 0.545 0.678125 0.5991667 0.6625 0.6433333 0.6578125 0.65 0.64947915 0.6525 0.6421875 0.65166664 0.6359375 0.6458333 0.57916665 0.5908333 0.5619792 0.5808333 0.540625 0.56416667 0.5640625 0.56583333 0.57604164 0.56666666 0.5828125 0.56416667 0.59010416 0.55583334 0.59479165 0.5441667 0.5963542 0.475 0.596875 0.43 0.59479165 0.3625 0.5942708 0.35666665 0.615625 0.38 0.6234375 0.39 0.62864584 0.39583334 0.6322917 0.39833334
18 0.46822917 0.56416667 0.4765625 0.56083333 0.52552086 0.56333333 0.540625 0.56416667 0.54895836 0.5725 0.5765625 0.5875 0.5828125 0.5925 0.58958334 0.6 0.59375 0.6041667 0.59479165 0.6166667 0.5911458 0.73083335 0.5828125 0.85083336 0.5786458 0.90416664 0.57395834 0.91083336 0.56875 0.915 0.5015625 0.90416664 0.46458334 0.89916664 0.45052084 0.895 0.44479167 0.8875 0.44010416 0.87166667 0.4453125 0.825 0.45 0.77416664 0.45677084 0.7266667 0.46510416 0.7083333 0.46614584 0.695 0.459375 0.6533333 0.4578125 0.5975 0.4578125 0.57916665 0.4625 0.56916666
18 0.62864584 0.1425 0.65729165 0.10583334 0.6625 0.1025 0.6692708 0.1025 0.6802083 0.10666667 0.69375 0.12833333 0.7192708 0.20166667 0.7317708 0.23 0.7453125 0.25416666 0.75885415 0.2775 0.7703125 0.3075 0.784375 0.33083335 0.7916667 0.34833333 0.79479164 0.3575 0.7942708 0.3725 0.79114586 0.38416666 0.7859375 0.39083335 0.7515625 0.4325 0.7395833 0.445 0.72291666 0.46833333 0.7182292 0.47083333 0.71510416 0.45833334 0.7104167 0.4525 0.6921875 0.435 0.6609375 0.40833333 0.6515625 0.40083334 0.64635414 0.395 0.6432292 0.3875 0.6390625 0.3725 0.62291664 0.3475 0.590625 0.28416666 0.578125 0.25833333 0.5708333 0.23583333 0.571875 0.225 0.5765625 0.2075 0.6234375 0.14916667
18 0.84739584 0.34416667 0.92552084 0.43666667 0.953125 0.46083334 0.9692708 0.475 0.97083336 0.48833334 0.9682292 0.505 0.9625 0.5208333 0.94895834 0.5466667 0.92083335 0.6066667 0.9046875 0.65 0.8989583 0.6558333 0.88489586 0.655 0.86927086 0.6408333 0.796875 0.5466667 0.775 0.52166665 0.75572914 0.50083333 0.7421875 0.4875 0.7296875 0.47583333 0.7265625 0.465 0.73541665 0.45166665 0.74583334 0.43666667 0.76875 0.41333333 0.78125 0.39583334 0.79114586 0.38333333 0.79479164 0.37416667 0.79479164 0.35666665 0.78697914 0.335 0.7796875 0.32416666 0.77552086 0.315 0.78020835 0.30416667 0.78697914 0.29416665 0.8 0.29083332 0.803125 0.29333332 0.81145835 0.30083334 0.821875 0.315
18 0.6703125 0.7 0.715625 0.81416667 0.72291666 0.8208333 0.72864586 0.82416666 0.7395833 0.8208333 0.79010415 0.7625 0.8197917 0.7266667 0.8276042 0.71666664 0.83177084 0.6975 0.82916665 0.6816667 0.79479164 0.60083336 0.76979166 0.5541667 0.75989586 0.5316667 0.7546875 0.52 0.74635416 0.49333334 0.74375 0.48916668 0.73020834 0.47666666 0.72552085 0.46416667 0.72447914 0.46666667 0.7203125 0.47 0.71875 0.47 0.7182292 0.47916666 0.71666664 0.48583335 0.7057292 0.5158333 0.69166666 0.55583334 0.68125 0.5883333 0.66770834 0.62833333 0.6614583 0.6458333 0.65833336 0.65 0.65416664 0.65166664 0.65416664 0.655 0.659375 0.67583334 0.6640625 0.68916667
18 0.6567708 0.7158333 0.60729164 0.745 0.6041667 0.75666666 0.6020833 0.77 0.603125 0.79 0.640625 0.95166665 0.646875 0.9583333 0.6515625 0.95916665 0.66041666 0.9583333 0.68177086 0.9475 0.7057292 0.9316667 0.71510416 0.92333335 0.7348958 0.905 0.7447917 0.89916664 0.7552083 0.89166665 0.7703125 0.88166666 0.78802085 0.87416667 0.80885416 0.87083334 0.8276042 0.86333334 0.83697915 0.86 0.840625 0.85333335 0.8453125 0.83416665 0.84270835 0.81916666 0.82395834 0.7316667 0.821875 0.7241667 0.80885416 0.7391667 0.78489584 0.7683333 0.7572917 0.7991667 0.74322915 0.81666666 0.7390625 0.8208333 0.7296875 0.82416666 0.72760415 0.82416666 0.71458334 0.81333333 0.6947917 0.76 0.67395836 0.71 0.6723958 0.7075 0.6666667 0.71166664 0.65989584 0.71416664
18 0.16197917 0.35583332 0.20677084 0.30916667 0.2453125 0.27166668 0.253125 0.27166668 0.2625 0.27583334 0.26927084 0.29166666 0.29739583 0.36583334 0.3265625 0.43666667 0.35 0.49 0.37395832 0.55 0.3734375 0.55833334 0.36927083 0.5733333 0.3125 0.62833333 0.27864584 0.66333336 0.26875 0.67333335 0.26302084 0.6716667 0.2546875 0.66833335 0.24947916 0.66 0.23072916 0.61 0.20364584 0.5341667 0.1828125 0.49916667 0.1546875 0.43416667 0.14322917 0.41166666 0.1390625 0.39916667 0.140625 0.38583332 0.14635417 0.37416667 0.1578125 0.3625
