9 0.0 0.08916666 0.049479168 0.0825 0.0765625 0.07833333 0.091145836 0.08 0.09739583 0.075833336 0.10364583 0.07 0.14427084 0.048333332 0.1484375 0.0625 0.15625 0.08833333 0.16145833 0.1225 0.15885417 0.125 0.1578125 0.12916666 0.159375 0.13083333 0.16302083 0.13083333 0.17135416 0.19166666 0.18489583 0.28 0.1875 0.29583332 0.19114584 0.3275 0.20104167 0.38166666 0.20625 0.415 0.15833333 0.435 0.14635417 0.44166666 0.065104164 0.4725 0.028645834 0.47916666 0.024479168 0.42416668 0.016145833 0.35083333 0.010416667 0.3225 0.0046875 0.27916667 0.0 0.25833333
9 0.22604166 0.3225 0.26822916 0.32 0.27604166 0.315 0.27395833 0.34416667 0.28489584 0.44916666 0.28489584 0.4975 0.33541667 0.49583334 0.36041668 0.4925 0.38125 0.4875 0.403125 0.48833334 0.40625 0.5133333 0.40833333 0.525 0.41041666 0.5566667 0.41510418 0.5908333 0.41145834 0.5925 0.41197917 0.5975 0.415625 0.5975 0.42135417 0.63666666 0.4234375 0.6558333 0.403125 0.6625 0.375 0.66 0.36666667 0.6616667 0.33802083 0.6716667 0.3140625 0.6775 0.27552083 0.68583333 0.25677082 0.685 0.253125 0.66083336 0.25 0.62833333 0.25260416 0.62333333 0.25 0.62083334 0.24947916 0.5825 0.24270834 0.50666666 0.23072916 0.37666667 0.225 0.3275
9 0.28229168 0.23333333 0.32395834 0.22666667 0.34479168 0.23 0.3625 0.23583333 0.39427084 0.23333333 0.4640625 0.23833333 0.5140625 0.24083333 0.5140625 0.30416667 0.51145834 0.35666665 0.5078125 0.36 0.5083333 0.3675 0.5109375 0.40666667 0.51458335 0.475 0.5140625 0.495 0.4703125 0.495 0.46927083 0.49 0.46458334 0.495 0.40260416 0.48916668 0.38072917 0.48666668 0.35989583 0.4925 0.33125 0.49583334 0.28489584 0.4975 0.28489584 0.4475 0.2734375 0.34416667 0.27604166 0.31 0.28020832 0.24583334
9 0.32708332 0.0 0.29270834 0.016666668 0.23802084 0.048333332 0.25260416 0.10333333 0.25885418 0.100833334 0.25572917 0.11083333 0.27916667 0.19333333 0.2875 0.23166667 0.32395834 0.22666667 0.346875 0.23 0.36302084 0.23583333 0.39375 0.23333333 0.4625 0.23833333 0.4359375 0.14666666 0.41875 0.07833333 0.41614583 0.051666666 0.4125 0.030833334 0.40885416 0.03 0.41041666 0.025833333 0.41041666 0.019166667 0.40625 0.0
9 0.58125 0.3925 0.5416667 0.4075 0.51145834 0.41583332 0.51458335 0.475 0.5140625 0.49583334 0.4703125 0.495 0.46927083 0.49 0.46458334 0.495 0.403125 0.48833334 0.40833333 0.5258333 0.41041666 0.55833334 0.41510418 0.59 0.41145834 0.5925 0.41197917 0.5975 0.41510418 0.5975 0.42135417 0.63666666 0.4234375 0.6558333 0.41197917 0.6591667 0.41458333 0.6983333 0.43697917 0.6791667 0.45625 0.66333336 0.46041667 0.6716667 0.465625 0.69 0.48020834 0.68666667 0.5265625 0.67583334 0.58958334 0.66333336 0.60364586 0.6591667 0.6166667 0.6525 0.64739585 0.6433333 0.6380208 0.59166664 0.63958335 0.5883333 0.6401042 0.5758333 0.63645834 0.565 0.63385415 0.5233333 0.6255208 0.49083334 0.6322917 0.48583335 0.62395835 0.41583332 0.6171875 0.4 0.60833335 0.39333335 0.59375 0.39083335
9 0.70104164 0.72083336 0.675 0.64666665 0.6692708 0.62833333 0.6692708 0.6166667 0.64635414 0.56416667 0.63385415 0.5225 0.6255208 0.49083334 0.63854164 0.48083332 0.66510415 0.46333334 0.6671875 0.46666667 0.6692708 0.46583334 0.66979164 0.46083334 0.6953125 0.44666666 0.7046875 0.43833333 0.71302086 0.42666668 0.7484375 0.39333335 0.7640625 0.38083333 0.7760417 0.365 0.7895833 0.3525 0.815625 0.3275 0.8177083 0.3275 0.8265625 0.345 0.8515625 0.4075 0.8666667 0.45416668 0.8802083 0.485 0.9067708 0.5441667 0.91197914 0.56083333 0.85260415 0.60333335 0.80833334 0.6325 0.76354164 0.6691667 0.7421875 0.68416667 0.7390625 0.6825 0.73854166 0.68916667 0.7078125 0.7175 0.70208335 0.72333336
9 0.6109375 0.0 0.61041665 0.005 0.6125 0.006666667 0.61302084 0.01 0.6125 0.0125 0.609375 0.014166667 0.60260415 0.075 0.59010416 0.15083334 0.6671875 0.085 0.6791667 0.07666667 0.70729166 0.0475 0.7369792 0.0175 0.70885414 0.0
9 0.765625 0.0325 0.7765625 0.036666665 0.77447915 0.04916667
9 0.7395833 0.015833333 0.75 0.0025 0.75625 0.013333334 0.77708334 0.054166667 0.78802085 0.06916667 0.8 0.0925 0.80833334 0.10916667 0.81145835 0.12416667 0.8041667 0.13333334 0.7953125 0.155 0.79270834 0.16833334 0.77447915 0.2075 0.76666665 0.2375 0.75416666 0.2675 0.7416667 0.305 0.7291667 0.3225 0.68958336 0.36833334 0.6578125 0.4 0.653125 0.39333335 0.62916666 0.34 0.6088542 0.29 0.58697915 0.2325 0.56354165 0.175 0.59166664 0.15 0.6692708 0.08416667 0.6802083 0.075
9 0.71770835 0.3625 0.72291666 0.32916668 0.7005208 0.35583332
9 0.55885416 0.27833334 0.56354165 0.25166667 0.57604164 0.205 0.59270835 0.2475 0.6088542 0.29 0.61927086 0.31583333 0.59166664 0.30166668 0.5609375 0.28166667
9 1.0 0.27666667 0.9390625 0.2925 0.91770834 0.30166668 0.8989583 0.30083334 0.87291664 0.305 0.86354166 0.30666667 0.8390625 0.3075 0.8354167 0.31083333 0.8333333 0.30666667 0.8046875 0.30666667 0.7963542 0.3075 0.79479164 0.34666666 0.81041664 0.3325 0.8151042 0.3275 0.8177083 0.3275 0.82708335 0.34416667 0.8515625 0.40666667 0.8666667 0.45416668 0.89479166 0.5183333 0.90729165 0.545 0.9078125 0.54833335 1.0 0.5416667
9 0.3875 1.0 0.38229167 0.985 0.38125 0.9691667 0.37864584 0.95666665 0.37135416 0.94 0.3515625 0.89916664 0.31822917 0.825 0.31354168 0.81 0.33385417 0.7825 0.37291667 0.7375 0.42604166 0.68833333 0.45677084 0.6625 0.46041667 0.67083335 0.4671875 0.695 0.47760418 0.735 0.4984375 0.80083334 0.51354164 0.84 0.5364583 0.8875 0.5484375 0.91833335 0.5473958 0.92333335 0.54895836 0.9275 0.5515625 0.92583334 0.57447916 0.97083336 0.553125 1.0
