14 0.13541667 0.55083334 0.11927083 0.57 0.1328125 0.59583336 0.15416667 0.615 0.18802084 0.64416665 0.1921875 0.62166667 0.18697916 0.6141667 0.190625 0.61 0.19583334 0.61 0.19791667 0.5825 0.23541667 0.49666667 0.28333333 0.3975 0.29635417 0.36916667 0.3140625 0.34833333 0.3203125 0.345 0.3171875 0.3375 0.29375 0.3025 0.2890625 0.29416665 0.26197916 0.26666668 0.25208333 0.28333333 0.25260416 0.31 0.203125 0.42083332 0.18020834 0.47333333 0.16770834 0.5025 0.153125 0.52916664 0.1375 0.5491667
14 0.12916666 0.5991667 0.12552084 0.61333334 0.125 0.6383333 0.1515625 0.6408333 0.165625 0.645 0.19427083 0.6508333 0.20260416 0.65 0.2046875 0.6275 0.20520833 0.6166667 0.196875 0.60333335 0.19583334 0.61 0.19010417 0.61 0.18697916 0.6141667 0.1921875 0.62166667 0.18802084 0.64416665 0.15729167 0.61833334 0.140625 0.6025 0.13333334 0.59583336 0.13072917 0.59166664
14 0.26770833 0.55 0.31041667 0.5775 0.31145832 0.56666666 0.328125 0.56416667 0.34010416 0.5758333 0.3515625 0.57916665 0.37239584 0.5775 0.41666666 0.55833334 0.41979167 0.5575 0.3953125 0.54083335 0.340625 0.50416666 0.28958333 0.46666667 0.27708334 0.455 0.26354167 0.43916667 0.259375 0.44666666 0.26197916 0.45666668 0.26458332 0.46333334 0.25572917 0.4825 0.24635416 0.505 0.23697917 0.5133333 0.23229167 0.5125 0.23072916 0.515 0.2265625 0.5175 0.22864583 0.5283333 0.23802084 0.5416667 0.25520834 0.5416667 0.26458332 0.5475
14 0.3703125 0.665 0.45 0.6433333 0.496875 0.6325 0.52760416 0.62416667 0.5421875 0.63 0.55833334 0.635 0.571875 0.62916666 0.55885416 0.50916666 0.54583335 0.5083333 0.53125 0.5275 0.5109375 0.5308333 0.453125 0.54583335 0.41979167 0.5575 0.38177082 0.57416666 0.37291667 0.5775 0.3515625 0.57916665 0.33958334 0.575 0.32864583 0.56416667 0.31145832 0.56666666 0.30989584 0.5775 0.31614584 0.65416664 0.32135418 0.69166666 0.33802083 0.68916667 0.35208333 0.66833335 0.365625 0.66583335
14 0.36666667 0.88 0.40208334 0.83916664 0.38125 0.8283333 0.37291667 0.8175 0.3625 0.81083333 0.35625 0.7891667 0.3578125 0.7841667 0.37916666 0.7808333 0.38541666 0.7416667 0.36614582 0.7675 0.34635416 0.7925 0.32864583 0.8208333 0.31614584 0.8275 0.29947916 0.8383333 0.29114583 0.86083335 0.33229166 0.9316667 0.3390625 0.94 0.3546875 0.91833335 0.35520834 0.9075 0.36510417 0.88416666
14 0.4296875 0.85333335 0.46458334 0.87583333 0.51145834 0.9 0.5395833 0.9175 0.5442708 0.9241667 0.546875 0.93333334 0.5473958 0.93666667 0.55052084 0.93583333 0.55260414 0.93333334 0.5609375 0.91333336 0.57395834 0.88666666 0.5765625 0.87833333 0.5828125 0.8666667 0.5885417 0.85 0.5911458 0.8408333 0.5864583 0.8383333 0.58125 0.83916664 0.565625 0.83166665 0.5515625 0.82 0.484375 0.78833336 0.46770832 0.7775 0.44322917 0.7633333 0.4109375 0.7416667 0.3984375 0.73333335 0.39479166 0.7216667 0.3890625 0.7175 0.38489583 0.7416667 0.37916666 0.78 0.3578125 0.7841667 0.35625 0.7891667 0.3625 0.81 0.37291667 0.8175 0.38072917 0.8283333 0.40260416 0.83916664 0.4265625 0.8516667
14 0.41197917 0.7083333 0.44375 0.66833335 0.46354166 0.6408333 0.47916666 0.63666666 0.496875 0.67 0.51197916 0.69083333 0.51927084 0.70166665 0.51458335 0.71166664 0.50416666 0.7108333 0.49739584 0.71166664 0.45572916 0.77 0.44427082 0.76416665 0.40989584 0.74083334 0.3984375 0.73333335 0.39583334 0.725 0.41041666 0.70916665
14 0.5942708 0.75166667 0.63177085 0.7875 0.675 0.8208333 0.6947917 0.8333333 0.7015625 0.83916664 0.72291666 0.8433333 0.72760415 0.8408333 0.74375 0.85583335 0.7182292 0.9425 0.7104167 0.9633333 0.6869792 0.94083333 0.671875 0.9166667 0.66822916 0.90833336 0.6078125 0.86 0.5911458 0.8408333 0.58697915 0.8375 0.5729167 0.8283333 0.54270834 0.8 0.5234375 0.7816667 0.5161458 0.7925 0.50677085 0.7925 0.51927084 0.74916667 0.534375 0.775 0.5453125 0.7575 0.5552083 0.72583336 0.559375 0.7216667 0.5921875 0.75
14 0.63645834 0.58416665 0.58385414 0.675 0.56354165 0.71 0.56041664 0.7216667 0.5552083 0.72583336 0.5453125 0.7575 0.534375 0.7758333 0.51927084 0.75083333 0.5125 0.7375 0.50364584 0.725 0.49583334 0.7133333 0.49739584 0.71166664 0.50416666 0.71 0.51458335 0.7125 0.51927084 0.70166665 0.50208336 0.6775 0.51145834 0.66583335 0.51927084 0.65416664 0.5328125 0.62666667 0.54270834 0.6308333 0.55833334 0.63416666 0.57239586 0.62916666 0.5630208 0.5491667 0.61302084 0.4625 0.6380208 0.41916665 0.646875 0.41416666 0.6557292 0.40583333 0.671875 0.425 0.7036458 0.45916668 0.70729166 0.46416667 0.7046875 0.47666666 0.69427085 0.4925 0.68177086 0.50916666 0.6671875 0.5316667 0.6635417 0.53333336 0.6390625 0.57916665
14 0.5239583 0.625 0.51458335 0.64166665 0.51979166 0.64916664 0.5203125 0.65166664 0.5182292 0.6558333 0.50677085 0.64916664 0.49375 0.6333333 0.496875 0.6333333 0.52239585 0.625
14 0.5776042 0.3825 0.5229167 0.48666668 0.49635416 0.5341667 0.51354164 0.53 0.53125 0.5275 0.54583335 0.5075 0.55885416 0.50916666 0.56354165 0.54833335 0.6244792 0.4425 0.6380208 0.42 0.646875 0.41333333 0.65625 0.40583333 0.66041666 0.40416667 0.6703125 0.3875 0.65520835 0.36583334 0.65052086 0.36083335 0.6322917 0.355 0.5890625 0.36583334 0.58125 0.37666667
14 0.73541665 0.56583333 0.7765625 0.54833335 0.7875 0.5058333 0.74114585 0.5 0.6979167 0.49416667 0.6927083 0.49416667 0.68125 0.51 0.68645835 0.52666664 0.69375 0.54833335 0.69895834 0.58 0.70104164 0.595 0.7114583 0.5941667 0.73229164 0.57
14 0.6921875 0.40083334 0.72291666 0.40666667 0.7885417 0.415 0.81041664 0.41583332 0.8333333 0.42083332 0.84947914 0.4225 0.865625 0.41666666 0.878125 0.41583332 0.88854164 0.40583333 0.90416664 0.40666667 0.90520835 0.42916667 0.90260416 0.48083332 0.9015625 0.5125 0.9010417 0.53 0.8802083 0.5316667 0.86614585 0.5225 0.86041665 0.5133333 0.84583336 0.5125 0.78697914 0.505 0.7078125 0.49583334 0.69322914 0.49416667 0.7046875 0.475 0.70729166 0.46333334 0.68072915 0.435 0.65625 0.40666667 0.66041666 0.40416667 0.66979164 0.3875 0.684375 0.4 0.6901042 0.40083334
14 0.7671875 0.5783333 0.7390625 0.685 0.73125 0.7175 0.72552085 0.72583336 0.72864586 0.7391667 0.74635416 0.72333336 0.77708334 0.7733333 0.7828125 0.7658333 0.81875 0.6383333 0.85625 0.5133333 0.82447916 0.51 0.78802085 0.505 0.77447915 0.5566667
14 0.8119792 0.4 0.8385417 0.42083332 0.83229166 0.42083332 0.809375 0.41583332 0.8098958 0.41166666 0.8041667 0.41 0.8098958 0.4
14 0.7421875 0.20916666 0.81875 0.28833333 0.85729164 0.32666665 0.865625 0.33166668 0.8854167 0.33333334 0.88072914 0.345 0.85052085 0.41416666 0.84479165 0.4225 0.83697915 0.42083332 0.8203125 0.39916667 0.81354165 0.38166666 0.71302086 0.27833334 0.68333334 0.25 0.678125 0.24916667 0.66510415 0.25083333 0.64947915 0.23 0.6614583 0.205 0.6744792 0.1725 0.68385416 0.15166667 0.6921875 0.135 0.70520836 0.14833333 0.7109375 0.165 0.71458334 0.17666666
14 0.675 0.26583335 0.7203125 0.32 0.73229164 0.33833334 0.7421875 0.34166667 0.746875 0.3475 0.7171875 0.40583333 0.6848958 0.4 0.6692708 0.38666666 0.6510417 0.36166668 0.6609375 0.36333334 0.665625 0.34916666 0.6640625 0.31333333 0.6614583 0.26 0.65625 0.23916666 0.665625 0.2525
14 0.5953125 0.1625 0.65 0.23166667 0.6557292 0.23916666 0.6489583 0.24333334 0.63697916 0.25083333 0.6328125 0.27333334 0.5921875 0.27666667 0.5609375 0.23666666 0.5546875 0.22666667 0.54114586 0.22833334 0.5359375 0.22583333 0.5260417 0.20833333 0.5609375 0.135 0.5697917 0.123333335 0.57916665 0.1225 0.58958334 0.15166667
14 0.46770832 0.31 0.5572917 0.28583333 0.5921875 0.27666667 0.6328125 0.27333334 0.63645834 0.25083333 0.65625 0.23916666 0.6614583 0.26083332 0.665625 0.34916666 0.66041666 0.36333334 0.6515625 0.36166668 0.6322917 0.355 0.5854167 0.36666667 0.515625 0.385 0.48333332 0.3925 0.46145833 0.3975 0.45104167 0.40416667 0.4515625 0.4275 0.4390625 0.42916667 0.43645832 0.39083335 0.4359375 0.34916666 0.43385416 0.32916668 0.43697917 0.31 0.440625 0.30583334 0.44010416 0.3175 0.46458334 0.31166667
14 0.45260417 0.43083334 0.4609375 0.44833332 0.46666667 0.4825 0.47864583 0.50333333 0.4984375 0.47666666 0.50572914 0.45666668 0.51145834 0.43333334 0.5161458 0.42166665 0.5171875 0.40416667 0.51458335 0.4 0.5104167 0.40583333 0.5015625 0.38833332 0.4609375 0.39666668 0.45104167 0.40416667 0.45208332 0.42833334
14 0.36875 0.26666668 0.43697917 0.39916667 0.43697917 0.39166668 0.4359375 0.35 0.43333334 0.32916668 0.43697917 0.31 0.44114584 0.30583334 0.440625 0.31666666 0.46510416 0.3125 0.4046875 0.1825 0.39947918 0.17083333 0.39427084 0.14416666 0.38177082 0.123333335 0.35677084 0.16833334 0.32864583 0.20416667 0.33489582 0.22333333 0.346875 0.225 0.36197916 0.25666666
14 0.14270833 0.23833333 0.17395833 0.255 0.21197917 0.25166667 0.215625 0.2725 0.203125 0.3125 0.203125 0.42 0.16822916 0.50083333 0.153125 0.5283333 0.13802083 0.54833335 0.1421875 0.38416666 0.1453125 0.31083333 0.1421875 0.29166666 0.13541667 0.26416665 0.13958333 0.2425
