21 0.62708336 0.7991667 0.64947915 0.9125 0.6484375 0.9266667 0.6432292 0.93916667 0.63697916 0.9475 0.59583336 0.9608333 0.57239586 0.96666664 0.5609375 0.96666664 0.553125 0.9633333 0.52916664 0.98083335 0.5109375 1.0 0.36770833 1.0 0.35677084 0.9825 0.3625 0.9775 0.3671875 0.9725 0.390625 0.97333336 0.39895833 0.9625 0.47708333 0.95916665 0.48489583 0.95416665 0.490625 0.93583333 0.46927083 0.7916667 0.4890625 0.7775 0.53541666 0.7441667 0.5484375 0.73333335 0.56927085 0.7575 0.62135416 0.79
21 0.603125 0.5858333 0.6515625 0.5725 0.6734375 0.5625 0.71302086 0.5675 0.75416666 0.5808333 0.76354164 0.5933333 0.76666665 0.6066667 0.7583333 0.68833333 0.74322915 0.805 0.7369792 0.8183333 0.73020834 0.8333333 0.7234375 0.83416665 0.68541664 0.82416666 0.64427084 0.8075 0.62395835 0.7925 0.58020836 0.76416665 0.5677083 0.75416666 0.5453125 0.7266667 0.5416667 0.7183333 0.5265625 0.6975 0.5083333 0.7 0.49166667 0.69916666 0.47083333 0.6791667 0.47239584 0.6725 0.49322918 0.65166664 0.51197916 0.62 0.5307292 0.5725 0.5359375 0.5275 0.546875 0.51916665 0.5578125 0.52666664 0.56145835 0.53833336 0.57916665 0.54833335 0.58385414 0.5683333 0.5885417 0.58666664 0.5921875 0.5883333
21 0.16666667 0.0 0.31822917 0.0 0.29791668 0.1025 0.28385416 0.1425 0.27395833 0.15083334 0.2609375 0.1625 0.2546875 0.19166666 0.25 0.2175 0.22864583 0.27833334 0.19375 0.35166666 0.1828125 0.3925 0.18177083 0.40416667 0.17760417 0.40416667 0.16614583 0.3875 0.16041666 0.35083333 0.1328125 0.385 0.11927083 0.38333333 0.116145834 0.36916667 0.12708333 0.3075 0.14114584 0.185 0.15989584 0.060833335
21 0.25729167 0.20166667 0.29322916 0.19166666 0.29739583 0.19416666 0.30260417 0.20916666 0.30520833 0.28166667 0.3015625 0.29833335 0.290625 0.31833333 0.28385416 0.35416666 0.271875 0.43333334 0.2421875 0.5175 0.26041666 0.55333334 0.26458332 0.56083333 0.26979166 0.57666665 0.26770833 0.59166664 0.25625 0.60083336 0.23020834 0.6 0.21302083 0.5675 0.20364584 0.5708333 0.1859375 0.5933333 0.17239584 0.59583336 0.15625 0.5833333 0.16875 0.47833332 0.1859375 0.41833332 0.18854167 0.37166667 0.19322917 0.35166666 0.228125 0.28 0.24947916 0.21833333 0.25260416 0.20083334
21 0.2921875 0.44 0.32552084 0.47166666 0.35052082 0.5 0.3796875 0.5491667 0.415625 0.5908333 0.40572917 0.5941667 0.384375 0.59583336 0.36614582 0.59166664 0.34791666 0.5783333 0.28802082 0.545 0.265625 0.5316667 0.26041666 0.5258333 0.25833333 0.5075 0.26458332 0.4575 0.278125 0.42083332
21 0.325 0.215 0.39947918 0.28 0.47083333 0.3475 0.528125 0.41166666 0.54895836 0.43083334 0.5541667 0.45 0.55260414 0.4625 0.48854166 0.66 0.47604167 0.66333336 0.4625 0.6483333 0.41458333 0.5908333 0.4140625 0.59 0.38020834 0.55 0.35052082 0.5 0.32239583 0.46916667 0.29010418 0.43666667 0.27447918 0.41666666 0.2875 0.33416668 0.29114583 0.31833333 0.30260417 0.295 0.30520833 0.28083333 0.30260417 0.20833333 0.296875 0.19333333 0.30625 0.1975
21 0.36979166 0.155 0.41458333 0.18 0.48385417 0.21 0.49114582 0.21416667 0.49270833 0.225 0.50364584 0.235 0.54010415 0.255 0.54010415 0.255 0.48802084 0.29583332 0.4484375 0.32583332 0.41302082 0.29166666 0.35260418 0.24 0.35677084 0.1775 0.36770833 0.15416667
21 0.58958334 0.2125 0.5984375 0.25166667 0.59583336 0.2775 0.62395835 0.39583334 0.62708336 0.42 0.61354166 0.445 0.6125 0.45166665 0.61822915 0.4675 0.6276042 0.46416667 0.6390625 0.465 0.65989584 0.425 0.66770834 0.42166665 0.68072915 0.43416667 0.68072915 0.45833334 0.6692708 0.50666666 0.65208334 0.54333335 0.6322917 0.57916665 0.59791666 0.58666664 0.590625 0.57666665 0.5854167 0.5733333 0.57916665 0.54833335 0.5619792 0.5391667 0.5572917 0.5275 0.546875 0.51916665 0.5364583 0.52666664 0.53229165 0.525 0.553125 0.46333334 0.5541667 0.44916666 0.5494792 0.43166667 0.5203125 0.40333334 0.484375 0.36083335 0.44947916 0.32583332 0.496875 0.28833333 0.540625 0.255 0.5552083 0.2375 0.5786458 0.21083333 0.5828125 0.21083333
21 0.60260415 0.29333332 0.61041665 0.3075 0.609375 0.32666665 0.60833335 0.33 0.59947914 0.29083332
21 0.53489584 0.535 0.5307292 0.57166666 0.52916664 0.57666665 0.5125 0.62 0.4921875 0.655 0.49010417 0.65416664 0.51145834 0.58916664 0.53229165 0.52416664 0.5364583 0.5275
21 0.1921875 0.81333333 0.24427083 0.7975 0.31822917 0.7575 0.38645834 0.72083336 0.440625 0.69083333 0.44895834 0.69166666 0.45885417 0.70916665 0.478125 0.8525 0.490625 0.935 0.48489583 0.955 0.4765625 0.9583333 0.39791667 0.96416664 0.390625 0.97333336 0.3671875 0.9725 0.36197916 0.9791667 0.32604167 1.0 0.20885417 1.0 0.196875 0.8958333 0.1953125 0.87916666 0.18333334 0.8383333 0.18385416 0.825 0.18645833 0.82
