18 0.22291666 0.2125 0.23177083 0.26083332 0.25104168 0.35833332 0.26197916 0.415 0.27552083 0.48333332 0.2796875 0.5 0.28177083 0.50333333 0.28541666 0.50916666 0.29583332 0.515 0.3015625 0.515 0.37239584 0.47333333 0.40364584 0.4625 0.4109375 0.44916666 0.41354167 0.43583333 0.41197917 0.4225 0.39635417 0.35916665 0.38958332 0.33916667 0.3859375 0.32 0.38541666 0.295 0.38072917 0.2625 0.35885417 0.14 0.3515625 0.13166666 0.34583333 0.12833333 0.34166667 0.12833333 0.29583332 0.145 0.28385416 0.1525 0.24270834 0.16833334 0.23072916 0.17583333 0.22395833 0.19083333 0.221875 0.2025
18 0.46979168 0.18 0.42760417 0.17166667 0.42447916 0.1725 0.41770834 0.17583333 0.41041666 0.1875 0.40833333 0.19583334 0.403125 0.25 0.39427084 0.345 0.39427084 0.3525 0.396875 0.36 0.40416667 0.39083335 0.409375 0.39333335 0.4578125 0.40416667 0.47135416 0.39583334 0.48125 0.3975 0.48958334 0.4075 0.5052083 0.41 0.5171875 0.4125 0.5317708 0.41833332 0.55885416 0.42833334 0.57916665 0.38916665 0.61822915 0.32083333 0.6255208 0.2425 0.6223958 0.23166667 0.61927086 0.225 0.6140625 0.21916667 0.6078125 0.21583334 0.59375 0.21416667 0.57604164 0.21083333 0.5598958 0.205 0.5416667 0.2
18 0.6828125 0.11666667 0.67552084 0.12666667 0.6484375 0.14833333 0.63489586 0.16166666 0.6322917 0.16666667 0.6302083 0.1775 0.6302083 0.18833333 0.6328125 0.19833334 0.6614583 0.27083334 0.696875 0.36416668 0.7291667 0.4475 0.7348958 0.46083334 0.74114585 0.465 0.75 0.46583334 0.8208333 0.39333335 0.84739584 0.36666667 0.84947914 0.35416666 0.84947914 0.3425 0.8484375 0.33583334 0.83802086 0.30916667 0.79791665 0.2075 0.778125 0.165 0.76666665 0.13 0.74427086 0.08166666 0.740625 0.07666667 0.734375 0.071666665 0.72760415 0.07 0.72291666 0.071666665 0.69114584 0.10583334
18 0.63489586 0.295 0.64427084 0.29333332 0.65260416 0.29666665 0.6765625 0.33166668 0.6953125 0.36 0.70520836 0.38416666 0.72760415 0.44333333 0.7338542 0.45916668 0.7359375 0.46166667 0.740625 0.465 0.7494792 0.46666667 0.7572917 0.45833334 0.78541666 0.5058333 0.7890625 0.515 0.79010415 0.5225 0.79010415 0.5316667 0.7890625 0.53583336 0.77135414 0.57 0.7505208 0.60083336 0.7395833 0.56916666 0.7317708 0.56333333 0.7239583 0.56166667 0.6640625 0.6175 0.65833336 0.60583335 0.646875 0.58666664 0.63125 0.5675 0.6046875 0.53 0.571875 0.48416665 0.5598958 0.46666667 0.55625 0.455 0.5546875 0.44333333 0.55572915 0.435 0.56458336 0.41666666 0.58125 0.38583332 0.62291664 0.31333333
18 0.64166665 0.5858333 0.64270836 0.5933333 0.64270836 0.6066667 0.6401042 0.615 0.6171875 0.64166665 0.5953125 0.67333335 0.5765625 0.70166665 0.5541667 0.7341667 0.5473958 0.735 0.54114586 0.73333335 0.5364583 0.7291667 0.52760416 0.715 0.48697916 0.63666666 0.52135414 0.6091667 0.5338542 0.5991667 0.5364583 0.5883333 0.53802085 0.57416666 0.52135414 0.5075 0.5 0.43666667 0.49010417 0.40666667 0.5171875 0.4125 0.53333336 0.41833332 0.55885416 0.42833334 0.55572915 0.43583333 0.5546875 0.4425 0.55625 0.45333335 0.559375 0.46583334 0.6015625 0.5258333 0.62916666 0.565 0.63697916 0.57416666
18 0.43229166 0.66833335 0.478125 0.64166665 0.48802084 0.6358333 0.5338542 0.59833336 0.53697914 0.5875 0.53802085 0.57416666 0.5296875 0.5416667 0.5208333 0.50666666 0.50104165 0.44166666 0.490625 0.4075 0.4890625 0.4075 0.48072916 0.3975 0.471875 0.39583334 0.46875 0.39666668 0.45208332 0.40833333 0.4125 0.43916667 0.4109375 0.4475 0.40364584 0.4625 0.378125 0.47083333 0.36979166 0.4775 0.35208333 0.49333334 0.3359375 0.50666666 0.30260417 0.53 0.2953125 0.5416667 0.29479167 0.5466667 0.3125 0.61083335 0.32864583 0.6725 0.3359375 0.69916666 0.3421875 0.7225 0.3484375 0.7316667 0.35729167 0.735 0.36354166 0.73333335 0.38177082 0.715 0.39635417 0.7025 0.4125 0.68583333 0.41875 0.6766667 0.42916667 0.67
18 0.46979168 0.6525 0.46510416 0.6816667 0.44739583 0.76 0.43541667 0.8183333 0.42447916 0.87333333 0.42291668 0.89 0.42395833 0.9008333 0.4265625 0.91 0.4296875 0.915 0.4375 0.92 0.50625 0.9525 0.540625 0.97083336 0.54791665 0.9691667 0.5546875 0.96416664 0.559375 0.95916665 0.565625 0.9225 0.5796875 0.84166664 0.56145835 0.79333335 0.54479164 0.745 0.54479164 0.74083334 0.5463542 0.735 0.54114586 0.73333335 0.53697914 0.7291667 0.5338542 0.725 0.52708334 0.71416664 0.48697916 0.63666666 0.46979168 0.64666665
18 0.5828125 0.85083336 0.603125 0.90416664 0.60520834 0.9075 0.61041665 0.91083336 0.6166667 0.9116667 0.6203125 0.9116667 0.64375 0.885 0.66302085 0.86833334 0.7161458 0.8233333 0.7375 0.8025 0.7895833 0.7583333 0.79375 0.74666667 0.79583335 0.7341667 0.78802085 0.7108333 0.75625 0.6191667 0.7494792 0.5975 0.7395833 0.56916666 0.73229164 0.56333333 0.7234375 0.56166667 0.690625 0.5933333 0.6640625 0.6175 0.6255208 0.6558333 0.60260415 0.6775 0.5963542 0.68 0.584375 0.68916667 0.5609375 0.7241667 0.5541667 0.7341667 0.5473958 0.735 0.546875 0.7341667 0.54479164 0.74083334 0.54479164 0.745 0.5578125 0.78333336 0.56458336 0.8016667 0.5796875 0.8425
18 0.615625 0.6458333 0.6145833 0.6566667 0.61145836 0.67 0.6015625 0.67833334 0.596875 0.68 0.584375 0.68916667 0.61614585 0.6425
18 0.75989586 0.80833334 0.790625 0.8375 0.81822914 0.8616667 0.8442708 0.885 0.8484375 0.8858333 0.8567708 0.8833333 0.8619792 0.87416667 0.8796875 0.8208333 0.8932292 0.7841667 0.89947915 0.76416665 0.90520835 0.7525 0.9135417 0.7366667 0.93645835 0.6766667 0.9578125 0.62666667 0.9609375 0.61583334 0.9609375 0.60583335 0.95989585 0.5966667 0.95677084 0.5875 0.9171875 0.5491667 0.8515625 0.48833334 0.84791666 0.48833334 0.84010416 0.49 0.834375 0.49583334 0.8229167 0.52916664 0.7953125 0.6016667 0.77135414 0.6641667 0.77552086 0.675 0.78697914 0.7083333 0.7953125 0.73333335 0.7953125 0.73583335 0.79375 0.745 0.7895833 0.7575 0.7578125 0.785 0.7453125 0.795
18 0.178125 0.6958333 0.18333334 0.7058333 0.190625 0.715 0.19427083 0.7225 0.19791667 0.7366667 0.20208333 0.75916666 0.203125 0.77666664 0.20416667 0.79083335 0.21458334 0.8308333 0.22291666 0.8625 0.228125 0.87833333 0.2328125 0.88416666 0.24166666 0.8908333 0.24583334 0.8908333 0.296875 0.8616667 0.35625 0.8208333 0.359375 0.81416667 0.36197916 0.8066667 0.36354166 0.79833335 0.36302084 0.7925 0.3515625 0.75416666 0.34322917 0.7266667 0.34166667 0.72083336 0.32916668 0.675 0.31979167 0.63916665 0.31197917 0.61 0.29479167 0.5466667 0.28854167 0.52166665 0.28385416 0.50666666 0.2796875 0.5 0.26822916 0.49333334 0.26510417 0.49333334 0.22760417 0.52 0.2 0.5391667 0.20208333 0.59 0.19947916 0.6016667 0.1890625 0.61583334 0.15364583 0.6191667 0.17083333 0.6766667
18 0.13020833 0.25416666 0.06614583 0.2525 0.04375 0.25333333 0.038541667 0.26083332 0.031770833 0.27166668 0.031770833 0.2825 0.034895834 0.33333334 0.0390625 0.3675 0.040104166 0.38833332 0.038541667 0.42416668 0.0421875 0.485 0.042708334 0.59 0.0421875 0.6066667 0.0484375 0.61833334 0.057291668 0.6275 0.08958333 0.625 0.1890625 0.61583334 0.19947916 0.6016667 0.20208333 0.59 0.19895834 0.51166666 0.19322917 0.39083335 0.1921875 0.27166668 0.18020834 0.255
