14 0.77135414 0.7125 0.7604167 0.8258333 0.7427083 0.81916666 0.72760415 0.80333334 0.71979165 0.795 0.6765625 0.775 0.6380208 0.76416665 0.62708336 0.7525 0.58958334 0.7425 0.58125 0.73833334 0.5734375 0.7441667 0.5609375 0.7525 0.5598958 0.73 0.5598958 0.7158333 0.55885416 0.70666665 0.56458336 0.6716667 0.56614584 0.6566667 0.57239586 0.64416665 0.5807292 0.6358333 0.59947914 0.655 0.63489586 0.6725 0.7296875 0.7125 0.7546875 0.7075
14 0.6322917 0.47833332 0.6609375 0.5308333 0.6609375 0.5391667 0.671875 0.565 0.6765625 0.57666665 0.6744792 0.5808333 0.665625 0.56916666 0.6145833 0.6641667 0.596875 0.6525 0.5807292 0.63666666 0.57239586 0.64416665 0.565625 0.6533333 0.55885416 0.7 0.5578125 0.71 0.5609375 0.75333333 0.56614584 0.75166667 0.55677086 0.7658333 0.55364585 0.76916665 0.55 0.7966667 0.54583335 0.8016667 0.546875 0.81416667 0.5421875 0.825 0.525 0.79083335 0.49375 0.74583334 0.4890625 0.73833334 0.4921875 0.72583336 0.50104165 0.72583336 0.515625 0.7108333 0.52916664 0.69 0.57395834 0.61083335 0.60520834 0.5625 0.61822915 0.5325 0.628125 0.50083333 0.63177085 0.495
14 0.484375 0.74083334 0.425 0.93583333 0.40260416 1.0 0.46041667 1.0 0.47604167 0.9533333 0.484375 0.9325 0.521875 0.8183333 0.5307292 0.81083333 0.5307292 0.80083334 0.5182292 0.78 0.4921875 0.755 0.48697916 0.75 0.48697916 0.74083334
14 0.21510416 0.7891667 0.24166666 0.795 0.24635416 0.8041667 0.37395832 0.95 0.37760416 0.9583333 0.3796875 0.98 0.3890625 0.99083334 0.403125 0.955 0.41666666 0.9175 0.421875 0.90833336 0.428125 0.9216667 0.428125 0.9075 0.428125 0.89666665 0.41614583 0.89166665 0.40989584 0.885 0.3875 0.8591667 0.35572916 0.88416666 0.3484375 0.86583334 0.34739584 0.8566667 0.3484375 0.835 0.34322917 0.815 0.33802083 0.8041667 0.2671875 0.7175 0.25989583 0.70166665 0.25 0.7075 0.22447917 0.7683333
14 0.54010415 0.25333333 0.5395833 0.27166668 0.5359375 0.2875 0.53489584 0.29333332 0.5416667 0.33583334 0.55625 0.4475 0.57239586 0.5425 0.5755208 0.56916666 0.5864583 0.5775 0.5864583 0.58666664 0.5708333 0.61 0.5671875 0.61833334 0.55833334 0.62083334 0.52135414 0.63 0.5182292 0.60083336 0.5229167 0.5858333 0.52552086 0.57 0.5239583 0.5541667 0.5130208 0.48916668 0.50989586 0.4475 0.4859375 0.3075 0.48385417 0.29916668 0.49270833 0.26416665 0.50104165 0.25666666
14 0.540625 0.13583334 0.53125 0.15916666 0.49635416 0.26166666 0.49270833 0.265 0.48385417 0.3 0.4546875 0.37583333 0.45677084 0.41083333 0.4421875 0.415 0.43020833 0.41333333 0.41614583 0.40416667 0.3890625 0.37416667 0.38489583 0.36666667 0.3890625 0.35 0.3921875 0.34416667 0.40364584 0.33583334 0.4109375 0.32666665 0.47760418 0.1375 0.49114582 0.096666664 0.49114582 0.0825 0.4921875 0.07333333 0.4921875 0.05666667 0.49791667 0.036666665 0.51145834 0.0475 0.5609375 0.095 0.5609375 0.10333333 0.55833334 0.11666667 0.54270834 0.1275
14 0.32916668 0.111666664 0.34166667 0.13083333 0.33958334 0.17916666 0.353125 0.21583334 0.38802084 0.34333333 0.384375 0.36666667 0.39322916 0.38083333 0.40260416 0.39333335 0.40885416 0.41916665 0.425 0.41916665 0.43177083 0.44416666 0.3984375 0.47166666 0.3734375 0.475 0.35677084 0.46833333 0.35729167 0.4425 0.35833332 0.42916667 0.35 0.41083333 0.296875 0.235 0.2828125 0.1975 0.27552083 0.185 0.271875 0.18 0.26770833 0.16416667 0.28229168 0.15583333 0.31354168 0.13166666 0.32291666 0.123333335 0.3265625 0.11666667
14 0.40833333 0.47583333 0.39791667 0.48916668 0.4328125 0.69416666 0.44114584 0.74333334 0.4515625 0.77916664 0.453125 0.7875 0.45364583 0.8016667 0.43333334 0.7941667 0.40572917 0.7866667 0.40416667 0.79833335 0.39322916 0.78 0.38854167 0.7558333 0.36614582 0.6383333 0.3515625 0.5525 0.34479168 0.51666665 0.33802083 0.4875 0.3328125 0.48333332 0.33229166 0.47833332 0.3453125 0.46916667 0.35520834 0.46916667 0.37135416 0.47416666 0.40208334 0.47416666
14 0.2546875 0.50416666 0.26354167 0.6641667 0.26302084 0.675 0.27239582 0.6825 0.275 0.69416666 0.2640625 0.69666666 0.2578125 0.7025 0.2390625 0.7125 0.23125 0.7125 0.21458334 0.7216667 0.20572917 0.7216667 0.20677084 0.7083333 0.21197917 0.6975 0.20572917 0.62166667 0.2078125 0.605 0.22239584 0.57166666 0.24947916 0.5125
14 0.028645834 0.68083334 0.034895834 0.675 0.048958335 0.6725 0.058854166 0.65 0.1234375 0.50333333 0.14375 0.45333335 0.15104167 0.4425 0.14635417 0.4075 0.1546875 0.4075 0.190625 0.42083332 0.19427083 0.42333335 0.19427083 0.47166666 0.19114584 0.48416665 0.15 0.57416666 0.14114584 0.58 0.12864584 0.6025 0.13645834 0.60333335 0.14375 0.59833336 0.13958333 0.62083334 0.10208333 0.71166664 0.094791666 0.7225 0.103125 0.7216667 0.0984375 0.7425 0.088541664 0.7291667 0.0265625 0.6875
14 0.3140625 0.3625 0.29375 0.415 0.2515625 0.51 0.20677084 0.60833335 0.20520833 0.6191667 0.1953125 0.6383333 0.1921875 0.65166664 0.18333334 0.67333335 0.171875 0.6791667 0.171875 0.655 0.16614583 0.63666666 0.14479166 0.605 0.14322917 0.5966667 0.13541667 0.6025 0.13020833 0.6016667 0.1421875 0.5808333 0.14947917 0.575 0.15364583 0.5675 0.20572917 0.45583335 0.25625 0.34833333 0.26197916 0.32333332 0.2625 0.31166667 0.2703125 0.30166668 0.29375 0.35916665 0.296875 0.3775
14 0.18645833 0.39 0.18645833 0.37916666 0.19375 0.37 0.22552083 0.35583332 0.2515625 0.3525 0.2484375 0.3625 0.19375 0.48 0.19479166 0.47166666 0.1953125 0.42166665 0.19270833 0.41 0.19427083 0.39 0.18802084 0.39333335
14 0.31614584 0.36333334 0.33541667 0.44416666 0.33802083 0.45083332 0.33854166 0.45666668 0.3515625 0.45416668 0.35364583 0.46083334 0.34479168 0.46833333 0.33385417 0.4775 0.32760417 0.485 0.2890625 0.52416664 0.2875 0.51 0.28697917 0.48583335 0.27916667 0.44916666 0.30104166 0.39916667 0.3140625 0.36416668
14 0.27604166 0.20333333 0.28489584 0.24 0.315625 0.36083335 0.29739583 0.37583333 0.2921875 0.3575 0.27135417 0.3025 0.27083334 0.30083334 0.26197916 0.31166667 0.259375 0.33416668 0.25625 0.35 0.25208333 0.34166667 0.2296875 0.255 0.22395833 0.23333333 0.2109375 0.22333333 0.2078125 0.21666667 0.23385416 0.20833333 0.25104168 0.19916667 0.25885418 0.19833334 0.25416666 0.1725 0.27239582 0.19416666
14 0.43854168 0.46416667 0.43645832 0.41416666 0.440625 0.415 0.45625 0.41083333 0.45520833 0.375 0.47864583 0.31583333 0.490625 0.5 0.49427083 0.5108333 0.50364584 0.5125 0.5083333 0.5283333 0.48854166 0.5366667 0.46041667 0.5391667 0.45 0.5425 0.43645832 0.5475 0.43854168 0.52666664 0.44270834 0.50166667 0.44010416 0.49
14 0.42552084 0.28083333 0.42239583 0.24416667 0.42239583 0.23416667 0.41979167 0.23166667 0.40989584 0.2275 0.40677083 0.20166667 0.45364583 0.2025 0.45104167 0.21166667 0.42760417 0.2775
14 0.33020833 0.48583335 0.3375 0.5058333 0.33489582 0.5308333 0.3359375 0.5491667 0.33489582 0.5575 0.371875 0.68666667 0.38489583 0.74083334 0.39270833 0.7825 0.40572917 0.79833335 0.41302082 0.8041667 0.4234375 0.825 0.41510418 0.8275 0.38802084 0.85583335 0.35625 0.8825 0.34791666 0.86 0.34947917 0.8358333 0.34375 0.80833334 0.33333334 0.77166665 0.29114583 0.6025 0.28125 0.56166667 0.27291667 0.5541667 0.26927084 0.555 0.26510417 0.5516667 0.2734375 0.5366667 0.2859375 0.5308333 0.3234375 0.4925 0.3265625 0.49
14 0.640625 0.765 0.53697914 0.99 0.5375 1.0 0.49270833 1.0 0.48333332 0.9941667 0.46979168 0.97083336 0.47864583 0.95 0.4828125 0.94416666 0.48802084 0.94416666 0.49479166 0.935 0.49895832 0.93083334 0.50208336 0.9275 0.5046875 0.91833335 0.50989586 0.91083336 0.57604164 0.76 0.5875 0.7416667 0.6276042 0.755
