15 0.20729166 0.0 0.228125 0.016666668 0.23489584 0.019166667 0.23958333 0.020833334 0.2453125 0.029166667 0.246875 0.0325 0.25208333 0.0275 0.25572917 0.0175 0.24791667 0.013333334 0.2453125 0.005 0.2453125 0.0
1 0.29114583 0.0 0.49947917 0.0 0.5005208 0.019166667 0.5026042 0.030833334 0.496875 0.0375 0.490625 0.033333335 0.47552082 0.025 0.42447916 0.0275 0.359375 0.030833334 0.34010416 0.030833334 0.33125 0.0325 0.3234375 0.04 0.3140625 0.0525 0.30208334 0.058333334 0.29166666 0.06 0.29114583 0.048333332 0.29114583 0.0275 0.29010418 0.004166667
18 0.34947917 0.16916667 0.4 0.17333333 0.43697917 0.17166667 0.4625 0.17166667 0.48177084 0.17583333 0.4859375 0.1775 0.49479166 0.1775 0.5083333 0.17083333 0.5286458 0.17 0.5416667 0.17333333 0.55052084 0.185 0.55260414 0.1975 0.5541667 0.245 0.5541667 0.34333333 0.553125 0.3675 0.54895836 0.38083333 0.54114586 0.39 0.5359375 0.3925 0.5239583 0.39166668 0.5140625 0.38916665 0.49947917 0.38666666 0.48541668 0.38916665 0.47291666 0.3825 0.45052084 0.36416668 0.44427082 0.3725 0.44322917 0.38083333 0.440625 0.385 0.43854168 0.38666666 0.40989584 0.39083335 0.39166668 0.39416668 0.365625 0.39583334 0.3546875 0.39416668 0.34791666 0.39333335 0.3421875 0.38916665 0.33802083 0.38166666 0.334375 0.3625 0.3328125 0.30583334 0.33177084 0.25666666 0.33177084 0.21916667 0.33020833 0.195 0.334375 0.18416667 0.34010416 0.17833333
3 0.79114586 0.3075 0.81041664 0.35333332 0.8286458 0.40916666 0.8385417 0.45416668 0.8453125 0.48416665 0.85052085 0.49416667 0.85052085 0.5083333 0.84739584 0.51666665 0.83697915 0.5258333 0.81458336 0.5316667 0.80052084 0.5416667 0.77447915 0.55083334 0.753125 0.58416665 0.71510416 0.5966667 0.69635415 0.5375 0.690625 0.5125 0.69114584 0.49416667 0.6822917 0.48166665 0.67291665 0.47083333 0.6510417 0.385 0.653125 0.37583333 0.67291665 0.36416668 0.70729166 0.34916666 0.71666664 0.34583333 0.73854166 0.365 0.75208336 0.38083333 0.75625 0.365 0.7609375 0.35583332 0.75677085 0.34083334 0.753125 0.33416668 0.7661458 0.32083333 0.77239585 0.31083333 0.7786458 0.30666667 0.7828125 0.305
8 0.68125 0.0925 0.734375 0.12833333 0.77135414 0.1575 0.81614584 0.19166666 0.8390625 0.20583333 0.8520833 0.21416667 0.86041665 0.225 0.8666667 0.2375 0.8645833 0.25 0.86145836 0.27333334 0.8390625 0.34583333 0.8286458 0.39083335 0.82604164 0.39416668 0.8109375 0.35 0.7984375 0.32083333 0.79010415 0.30333334 0.78489584 0.30333334 0.7729167 0.30666667 0.7640625 0.3225 0.753125 0.33 0.7552083 0.34 0.7604167 0.35166666 0.75677085 0.35833332 0.75208336 0.37416667 0.74322915 0.36916667 0.7213542 0.345 0.7 0.33583334 0.6588542 0.31416667 0.6265625 0.28583333 0.6223958 0.27916667 0.6223958 0.26916668 0.62395835 0.25666666 0.6432292 0.18583333 0.6625 0.1175 0.6671875 0.1
9 0.8890625 0.4175 0.9557292 0.49166667 1.0 0.5525 1.0 0.6375 0.96510416 0.69916666 0.9578125 0.7058333 0.953125 0.7216667 0.9427083 0.7325 0.903125 0.7658333 0.8880208 0.78833336 0.87395835 0.8 0.8640625 0.8075 0.84479165 0.8075 0.83125 0.8041667 0.8140625 0.7808333 0.80677086 0.76 0.7973958 0.7416667 0.80677086 0.7225 0.81458336 0.6825 0.83020836 0.6141667 0.8520833 0.5316667 0.86875 0.47083333 0.8828125 0.4275 0.88645834 0.4225
18 0.76458335 0.6716667 0.784375 0.66583335 0.81927085 0.65416664 0.8140625 0.68083334 0.80677086 0.7175 0.7984375 0.735 0.7953125 0.7441667 0.80364585 0.7575 0.81041664 0.7758333 0.81614584 0.7875 0.83177084 0.8075 0.8588542 0.81083333 0.8671875 0.80916667 0.88489586 0.79333335 0.88854164 0.7941667 0.8911458 0.83666664 0.89375 0.855 0.8979167 0.8725 0.9015625 0.8958333 0.9046875 0.93083334 0.90729165 0.95416665 0.90260416 0.9683333 0.8890625 0.98 0.8598958 0.9766667 0.84947914 0.98333335 0.83020836 0.9941667 0.7973958 1.0 0.77916664 0.99583334 0.77760416 0.98083335 0.7739583 0.9658333 0.7703125 0.9225 0.76458335 0.87833333 0.75416666 0.75083333 0.7505208 0.7125 0.7505208 0.7 0.75416666 0.68833333 0.759375 0.67583334
16 0.4 0.64 0.4671875 0.6716667 0.54270834 0.7133333 0.6359375 0.7608333 0.640625 0.73333335 0.675 0.57916665 0.68958336 0.49666667 0.6848958 0.49166667 0.66875 0.48083332 0.56145835 0.43583333 0.53697914 0.42583334 0.51875 0.4075 0.490625 0.3925 0.478125 0.38833332 0.45052084 0.3675 0.44583333 0.37333333 0.4421875 0.38583332 0.425 0.45166665 0.40416667 0.56416667 0.39166668 0.6325 0.39739582 0.63666666
2 0.11354167 0.5183333 0.21041666 0.43583333 0.22708334 0.42333335 0.2375 0.45 0.26145834 0.5275 0.26770833 0.55083334 0.28229168 0.59 0.2984375 0.6433333 0.30572918 0.6575 0.30208334 0.6925 0.246875 0.7391667 0.104166664 0.85 0.088541664 0.8616667 0.07760417 0.82416666 0.0671875 0.7775 0.06302083 0.76416665 0.055208333 0.735 0.0359375 0.68583333 0.018229166 0.63916665 0.0036458333 0.5991667 0.0125 0.5908333 0.028125 0.5808333
13 0.21979167 0.355 0.303125 0.41416666 0.39375 0.48 0.39947918 0.485 0.40520832 0.49 0.40677083 0.49583334 0.40625 0.5058333 0.40520832 0.5158333 0.3984375 0.53833336 0.3921875 0.56333333 0.38229167 0.595 0.375 0.6225 0.3484375 0.5758333 0.33072916 0.555 0.31875 0.615 0.3109375 0.65 0.30833334 0.655 0.30677083 0.655 0.29895833 0.64 0.28177083 0.58166665 0.26979166 0.55333334 0.24375 0.46333334 0.22864583 0.42 0.17864583 0.46 0.2 0.385 0.20885417 0.35833332 0.21302083 0.35833332
7 0.51458335 0.7291667 0.47291666 0.8591667 0.44583333 0.9325 0.428125 0.98083335 0.42239583 1.0 0.40729168 0.99916667 0.39791667 0.98583335 0.3203125 0.885 0.25625 0.8408333 0.24010417 0.83 0.2359375 0.8208333 0.23541667 0.7975 0.27395833 0.73083335 0.28333333 0.71166664 0.30416667 0.6925 0.3078125 0.6575 0.31197917 0.6525 0.33125 0.5566667 0.3515625 0.5833333 0.37291667 0.6225 0.3984375 0.665 0.40885416 0.69 0.4234375 0.6983333 0.4875 0.7108333 0.496875 0.7133333 0.515625 0.72833335
4 0.010416667 0.0 0.021354167 0.013333334 0.028125 0.02 0.044270832 0.0325 0.058854166 0.036666665 0.078125 0.039166667 0.100520834 0.0275 0.11510417 0.015 0.123958334 0.0
