1 0.2921875 0.0 0.49895832 0.0 0.5015625 0.035 0.49583334 0.04083333 0.4796875 0.025 0.33489582 0.030833334 0.32083333 0.045833334 0.3078125 0.0575 0.2921875 0.06 0.290625 0.0125
15 0.24427083 0.0 0.24895833 0.009166666 0.25416666 0.0175 0.25677082 0.025833333 0.24583334 0.035833333 0.23854166 0.024166666 0.23020834 0.019166667 0.22083333 0.01 0.20833333 0.0
18 0.16822916 0.22583333 0.2078125 0.24583334 0.24739583 0.25333333 0.26510417 0.25833333 0.2765625 0.26166666 0.28697917 0.2725 0.30208334 0.28416666 0.3078125 0.28416666 0.3234375 0.29166666 0.33697918 0.3025 0.34739584 0.30166668 0.35625 0.29666665 0.36197916 0.285 0.38385418 0.19 0.3953125 0.119166665 0.39114583 0.108333334 0.38489583 0.09166667 0.37760416 0.08833333 0.3625 0.079166666 0.34010416 0.075833336 0.33072916 0.071666665 0.3109375 0.058333334 0.2921875 0.0625 0.28854167 0.050833333 0.26458332 0.035833333 0.25104168 0.035 0.24479167 0.035833333 0.2359375 0.025 0.21145834 0.0075 0.19010417 0.005 0.18125 0.01 0.17135416 0.0475 0.16666667 0.08166666 0.15416667 0.1425 0.15260416 0.17083333 0.15104167 0.1975 0.15260416 0.21333334 0.16041666 0.22083333
16 0.15989584 0.27416667 0.17604166 0.25833333 0.1921875 0.23916666 0.20729166 0.24666667 0.22083333 0.24916667 0.23802084 0.25333333 0.2765625 0.26333332 0.2953125 0.28166667 0.30208334 0.28666666 0.30833334 0.28583333 0.3140625 0.28916666 0.32552084 0.29583332 0.33541667 0.30166668 0.34479168 0.305 0.3546875 0.3 0.36197916 0.28833333 0.36822918 0.26666668 0.39427084 0.315 0.44635418 0.41916665 0.46197918 0.45 0.4625 0.45833334 0.41354167 0.51916665 0.32760417 0.615 0.3078125 0.62833333 0.2140625 0.39416668 0.16614583 0.29416665 0.16197917 0.28416666
8 0.68541664 0.111666664 0.7765625 0.1475 0.83229166 0.16916667 0.8567708 0.17416666 0.86614585 0.17416666 0.8744792 0.1825 0.88072914 0.19666667 0.88072914 0.225 0.8645833 0.35 0.8645833 0.36916667 0.86041665 0.3775 0.85520834 0.38333333 0.84166664 0.38333333 0.79791665 0.36833334 0.74375 0.34333333 0.69895834 0.33666667 0.6692708 0.3275 0.65260416 0.3175 0.6489583 0.30416667 0.65208334 0.27583334 0.6609375 0.19916667 0.6666667 0.13333334 0.6703125 0.11833333
13 0.51666665 0.49166667 0.5473958 0.4525 0.65 0.33833334 0.65729165 0.32333332 0.6734375 0.32833335 0.69322914 0.33666667 0.70677084 0.33916667 0.728125 0.37916666 0.7625 0.47333333 0.7630208 0.50416666 0.7546875 0.5058333 0.74427086 0.51666665 0.66875 0.6 0.6234375 0.6525 0.6046875 0.67333335 0.5942708 0.67083335 0.5807292 0.65166664 0.53229165 0.54 0.51927084 0.51416665 0.5151042 0.5
3 0.8755208 0.46083334 0.8875 0.46583334 0.8979167 0.4825 0.9140625 0.5208333 0.93072915 0.57416666 0.94375 0.62833333 0.9505208 0.6408333 0.9505208 0.65833336 0.94635415 0.6691667 0.91979164 0.6775 0.86614585 0.725 0.8432292 0.74833333 0.82447916 0.75333333 0.8109375 0.7375 0.79114586 0.6816667 0.771875 0.6408333 0.75104165 0.5625 0.74427086 0.5441667 0.7625 0.525 0.79270834 0.51 0.80833334 0.5083333 0.8177083 0.5058333 0.83229166 0.5108333 0.84166664 0.52166665 0.84583336 0.5 0.8541667 0.48916668 0.8609375 0.48 0.8677083 0.47
2 0.27552083 0.835 0.37083334 0.8258333 0.45052084 0.81416667 0.49114582 0.805 0.5109375 0.805 0.51145834 0.8125 0.521875 0.98 0.521875 1.0 0.2828125 1.0 0.2734375 0.8616667 0.27291667 0.8466667
9 0.64479166 0.88 0.6822917 0.9266667 0.7036458 0.965 0.72552085 0.99666667 0.7036458 1.0 0.525 0.99666667 0.521875 0.9625 0.5708333 0.93083334 0.61354166 0.90833336 0.62135416 0.89916664 0.6296875 0.89
4 0.0072916667 0.0 0.024479168 0.021666666 0.047395833 0.0325 0.06666667 0.0375 0.08177083 0.0375 0.1078125 0.025833333 0.1140625 0.0175 0.123958334 0.0
