2 0.43177083 0.59583336 0.39322916 0.5941667 0.36770833 0.5925 0.35052082 0.5908333 0.3390625 0.5908333 0.31614584 0.5858333 0.31614584 0.56916666 0.31510416 0.55583334 0.31666666 0.47916666 0.33125 0.49666667 0.35416666 0.52416664 0.39270833 0.5625 0.40416667 0.57666665 0.40833333 0.58666664 0.41302082 0.58166665 0.43541667 0.52 0.44947916 0.4875 0.45104167 0.4775 0.45677084 0.45833334 0.459375 0.44916666 0.47239584 0.415 0.4875 0.35833332 0.4953125 0.32083333 0.49322918 0.36083335 0.490625 0.44833332 0.48697916 0.5275 0.48541668 0.5808333 0.48541668 0.59166664 0.484375 0.60083336 0.4703125 0.6025 0.45833334 0.6016667 0.440625 0.59833336
2 0.24322917 0.33083335 0.23541667 0.35416666 0.23020834 0.37333333 0.22708334 0.395 0.2328125 0.40333334 0.24739583 0.41916665 0.25104168 0.41833332 0.25208333 0.42333335 0.2578125 0.4275 0.27135417 0.43833333 0.30208334 0.46583334 0.3171875 0.48 0.334375 0.50083333 0.35572916 0.525 0.37083334 0.5416667 0.3984375 0.57 0.40520832 0.5783333 0.40885416 0.5883333 0.41354167 0.5808333 0.43333334 0.5275 0.45 0.48583335 0.4515625 0.47583333 0.46041667 0.44583333 0.4734375 0.41583332 0.49583334 0.32 0.48177084 0.30583334 0.446875 0.27333334 0.41041666 0.24083333 0.36875 0.20166667 0.34114584 0.17666666 0.3375 0.17916666 0.33854166 0.17416666 0.31302083 0.15 0.30364582 0.17333333 0.26822916 0.2625
2 0.403125 0.20583333 0.4390625 0.20916666 0.47916666 0.20666666 0.4953125 0.20666666 0.49583334 0.27083334 0.49427083 0.27333334 0.49583334 0.275 0.4953125 0.31833333 0.48072916 0.305 0.4546875 0.28 0.4265625 0.255 0.3734375 0.20583333 0.38645834 0.20583333
2 0.371875 0.1075 0.41770834 0.12666667 0.46354166 0.14833333 0.484375 0.15583333 0.51458335 0.16666667 0.54114586 0.1775 0.53229165 0.23916666 0.5296875 0.24 0.53125 0.245 0.5239583 0.2875 0.509375 0.37083334 0.49739584 0.43916667 0.49010417 0.475 0.49166667 0.41583332 0.49583334 0.31666666 0.49583334 0.27583334 0.49479166 0.27416667 0.49635416 0.27083334 0.4953125 0.20666666 0.47395834 0.20666666 0.44479167 0.20833333 0.4390625 0.20916666 0.42135417 0.2075 0.40052083 0.20583333 0.37395832 0.20666666 0.35833332 0.19166666 0.35885417 0.18416667 0.35989583 0.17416666 0.3640625 0.17166667 0.36197916 0.16833334 0.36197916 0.1625 0.3671875 0.12833333 0.3703125 0.1075
2 0.425 0.62083334 0.384375 0.72083336 0.409375 0.745 0.44791666 0.78333336 0.46875 0.80333334 0.49322918 0.8308333 0.51458335 0.85333335 0.5359375 0.87333333 0.54114586 0.85833335 0.55052084 0.8358333 0.54479164 0.8016667 0.5385417 0.7583333 0.5307292 0.7275 0.52916664 0.71166664 0.51875 0.6575 0.50677085 0.58666664 0.51458335 0.5825 0.5203125 0.5825 0.54114586 0.5708333 0.5541667 0.5625 0.55677086 0.55083334 0.56145835 0.50166667 0.56822914 0.45333335 0.55677086 0.44 0.5364583 0.41833332 0.5182292 0.3975 0.51666665 0.39833334 0.49895832 0.44 0.49947917 0.44583333 0.49635416 0.44583333 0.4890625 0.4775 0.4859375 0.55083334 0.48489583 0.5808333 0.4859375 0.59 0.484375 0.60083336 0.46770832 0.6025 0.446875 0.5991667 0.434375 0.5975
2 0.5697917 0.5575 0.60625 0.54333335 0.63072914 0.5308333 0.6744792 0.5133333 0.7057292 0.50333333 0.70677084 0.5075 0.70989585 0.5075 0.7104167 0.50083333 0.7494792 0.4875 0.75989586 0.555 0.77239585 0.6483333 0.78229165 0.70666665 0.7921875 0.7633333 0.765625 0.77416664 0.75416666 0.7775 0.7526042 0.775 0.75104165 0.7783333 0.7375 0.78333336 0.696875 0.7975 0.65 0.815 0.6015625 0.835 0.5671875 0.85083336 0.55885416 0.85 0.55625 0.8475 0.55052084 0.8358333 0.54322916 0.79083335 0.5385417 0.7583333 0.5296875 0.7266667 0.5296875 0.7108333 0.51875 0.6591667 0.50677085 0.58666664 0.51458335 0.58166665 0.5208333 0.5825 0.5546875 0.5625
2 0.57135415 0.43333334 0.58125 0.43583333 0.5911458 0.43583333 0.6203125 0.44333333 0.67760414 0.46333334 0.7494792 0.48583335 0.73541665 0.4925 0.7104167 0.50083333 0.70989585 0.50666666 0.70729166 0.5075 0.70625 0.50333333 0.675 0.5125 0.63072914 0.53 0.60833335 0.5425 0.565625 0.55833334 0.5552083 0.56166667 0.5572917 0.5466667 0.56041664 0.50666666 0.56354165 0.48666668 0.56927085 0.44583333
2 0.803125 0.5058333 0.7817708 0.49916667 0.7739583 0.49583334 0.7708333 0.49833333 0.76979166 0.495 0.7494792 0.4875 0.75416666 0.5175 0.76145834 0.57 0.7734375 0.655 0.7807292 0.7008333 0.7916667 0.6308333 0.8125 0.51
2 0.7453125 0.78333336 0.7604167 0.79 0.7682292 0.7925 0.7708333 0.7725 0.7640625 0.77416664 0.75416666 0.7775 0.7526042 0.775 0.75104165 0.7783333 0.7416667 0.7816667
2 0.1640625 0.6191667 0.17916666 0.585 0.2140625 0.5083333 0.25260416 0.42416668 0.27447918 0.44 0.31614584 0.47916666 0.31510416 0.55916667 0.31666666 0.57 0.315625 0.58666664 0.3359375 0.59 0.35729167 0.5908333 0.36770833 0.5925 0.39270833 0.595 0.38125 0.6191667 0.3671875 0.6508333 0.34010416 0.70916665 0.315625 0.7633333 0.3109375 0.77 0.30833334 0.78 0.30520833 0.78583336 0.28802082 0.76 0.27083334 0.7416667 0.25260416 0.7216667 0.2484375 0.7125 0.23385416 0.7025 0.20625 0.6725 0.18229167 0.64166665
