19 0.20625 0.23416667 0.19010417 0.23583333 0.18697916 0.24 0.18333334 0.2475 0.18333334 0.26083332 0.18802084 0.30666667 0.19270833 0.35583332 0.19427083 0.3975 0.19375 0.43083334 0.20833333 0.41333333 0.23958333 0.37083334 0.25208333 0.355 0.25833333 0.35166666 0.26354167 0.35416666 0.26822916 0.36083335 0.2796875 0.385 0.303125 0.43416667 0.31875 0.46416667 0.340625 0.46166667 0.34166667 0.45416668 0.34375 0.45333335 0.3453125 0.4575 0.34739584 0.46083334 0.37760416 0.45666668 0.38541666 0.44666666 0.3875 0.42916667 0.38229167 0.32333332 0.37864584 0.22916667 0.37395832 0.22 0.36458334 0.215 0.33489582 0.22 0.33385417 0.22583333 0.33125 0.225 0.32916668 0.22
19 0.46041667 0.65 0.46666667 0.7325 0.4640625 0.7391667 0.46770832 0.7425 0.471875 0.7966667 0.46875 0.80583334 0.46666667 0.81083333 0.45989582 0.81166667 0.39739582 0.8233333 0.33958334 0.835 0.33125 0.83416665 0.3265625 0.82916665 0.32135418 0.8175 0.31875 0.76916665 0.32239583 0.76666665 0.32395834 0.76166666 0.31822917 0.7625 0.3125 0.67833334 0.34322917 0.63916665 0.36927083 0.6041667 0.37447917 0.61 0.42604166 0.6325 0.44895834 0.64416665
19 0.35416666 0.52 0.38229167 0.51416665 0.37135416 0.57416666 0.353125 0.5375 0.34791666 0.53583336 0.34947917 0.5308333 0.34635416 0.5225
19 0.434375 0.315 0.47604167 0.33666667 0.51666665 0.35583332 0.51875 0.36333334 0.5546875 0.42666668 0.5520833 0.44166666 0.54791665 0.44333333 0.54791665 0.44666666 0.55 0.44833332 0.55 0.45416668 0.53697914 0.5225 0.51354164 0.65166664 0.5078125 0.6675 0.5015625 0.67083335 0.49479166 0.6675 0.4609375 0.65 0.421875 0.6308333 0.3765625 0.61083335 0.375 0.61083335 0.36875 0.60333335 0.375 0.595 0.375 0.58416665 0.371875 0.575 0.38541666 0.49916667 0.40677083 0.38166666 0.41041666 0.38333333 0.4125 0.3825 0.4125 0.37833333 0.4078125 0.37333333 0.4171875 0.3275 0.41927084 0.3275 0.425 0.3175 0.42864582 0.31583333
19 0.5072917 0.20916666 0.56041664 0.16333333 0.609375 0.11833333 0.61614585 0.1125 0.6223958 0.11083333 0.62708336 0.11416667 0.6322917 0.12166667 0.63854164 0.1425 0.64479166 0.16416667 0.62083334 0.20166667 0.5921875 0.24333334 0.5541667 0.295 0.5317708 0.32833335 0.5229167 0.34166667 0.51770836 0.355 0.51666665 0.35583332 0.49270833 0.34416667 0.4734375 0.29083332 0.465625 0.26916668 0.4640625 0.255 0.4703125 0.24083333 0.49583334 0.21916667 0.4984375 0.22333333 0.50208336 0.2225 0.50104165 0.215
19 0.6666667 0.155 0.69739586 0.21583334 0.7453125 0.305 0.74791664 0.31833333 0.74635416 0.32833335 0.74375 0.33666667 0.7265625 0.36 0.68125 0.42666668 0.646875 0.4775 0.6432292 0.47333333 0.6411458 0.47416666 0.640625 0.4775 0.64270836 0.485 0.6203125 0.51666665 0.6140625 0.5183333 0.60520834 0.51666665 0.5828125 0.47666666 0.5552083 0.42666668 0.51875 0.36333334 0.51666665 0.3575 0.51875 0.35333332 0.5234375 0.34 0.5552083 0.29333332 0.578125 0.26333332 0.61927086 0.205 0.64479166 0.165 0.653125 0.1525 0.65625 0.15166667 0.6614583 0.15083334
19 0.58385414 0.4875 0.5796875 0.50083333 0.58229166 0.505 0.5833333 0.50916666 0.58125 0.5108333 0.57604164 0.5083333 0.55885416 0.5625 0.528125 0.6575 0.5140625 0.69916666 0.5130208 0.7108333 0.5140625 0.7183333 0.5364583 0.7391667 0.63385415 0.82 0.63958335 0.82 0.64375 0.8175 0.65260416 0.79583335 0.6692708 0.73583335 0.6802083 0.6925 0.68854165 0.67 0.63489586 0.63666666 0.628125 0.6275 0.6265625 0.6091667 0.65520835 0.49166667 0.64375 0.48333332 0.6421875 0.48666668 0.61927086 0.5183333 0.6140625 0.5183333 0.60520834 0.51666665 0.5859375 0.48416665
19 0.7125 0.43166667 0.7526042 0.45833334 0.8046875 0.49 0.80572915 0.49833333 0.80833334 0.49916667 0.81041664 0.49416667 0.83489585 0.51166666 0.84010416 0.51666665 0.84479165 0.5225 0.8411458 0.53833336 0.83177084 0.5825 0.79791665 0.7275 0.79375 0.7325 0.7864583 0.7325 0.7390625 0.70166665 0.68854165 0.67083335 0.63489586 0.6358333 0.6276042 0.6275 0.62604165 0.6091667 0.65520835 0.49083334 0.6614583 0.45583335 0.6802083 0.42833334 0.6890625 0.4175
19 0.72864586 0.7 0.72239584 0.71 0.7192708 0.7191667 0.7192708 0.7241667 0.72083336 0.735 0.7359375 0.76666665 0.784375 0.86333334 0.80364585 0.9058333 0.80625 0.9033333 0.80833334 0.905 0.80677086 0.9116667 0.8276042 0.95416665 0.8333333 0.9575 0.8411458 0.955 0.846875 0.9508333 0.8979167 0.885 0.9401042 0.83416665 0.94427085 0.8225 0.94427085 0.81416667 0.9421875 0.8041667 0.92291665 0.7683333 0.9192708 0.7675 0.9171875 0.7658333 0.91875 0.7608333 0.9 0.72 0.86302084 0.6475 0.83385414 0.5875 0.83177084 0.5858333 0.83020836 0.5883333 0.8109375 0.6725 0.79791665 0.72833335 0.79375 0.7325 0.7859375 0.7325 0.73072916 0.6975
19 0.7328125 0.19833334 0.7140625 0.2075 0.709375 0.2125 0.70677084 0.21833333 0.70625 0.22166666 0.7057292 0.23083334 0.71979165 0.25666666 0.7453125 0.305 0.74791664 0.31833333 0.746875 0.32833335 0.74322915 0.3375 0.73020834 0.35666665 0.7338542 0.37916666 0.7395833 0.42083332 0.74322915 0.45083332 0.7703125 0.46916667 0.7984375 0.48583335 0.8833333 0.44416666 0.8890625 0.43916667 0.89270836 0.43083334 0.8932292 0.42416668 0.88645834 0.3875 0.87291664 0.31583333 0.8640625 0.26333332 0.85625 0.21583334 0.85260415 0.21583334 0.85052085 0.21416667 0.8510417 0.21 0.8546875 0.2075 0.8463542 0.16166666 0.84270835 0.15333334 0.8364583 0.14916667 0.8296875 0.14833333 0.7651042 0.1825 0.74114585 0.19416666
19 0.18854167 0.4375 0.15364583 0.48 0.14947917 0.49083334 0.15104167 0.49916667 0.1515625 0.5075 0.15260416 0.5133333 0.175 0.55333334 0.2078125 0.615 0.24010417 0.67333335 0.24375 0.67 0.246875 0.6691667 0.24739583 0.67333335 0.24375 0.68 0.2640625 0.7175 0.27135417 0.72333336 0.27916667 0.72083336 0.2984375 0.6958333 0.3453125 0.6358333 0.37239584 0.5991667 0.37447917 0.5933333 0.375 0.585 0.37395832 0.58 0.353125 0.5375 0.3484375 0.53583336 0.34947917 0.53 0.32395834 0.47583333 0.28229168 0.39 0.26666668 0.35916665 0.26302084 0.35416666 0.25833333 0.35166666 0.25260416 0.35416666 0.23177083 0.38 0.20572917 0.41666666
