6 0.32708332 0.0125 0.32708332 0.0 0.48177084 0.0 0.47239584 0.145 0.44739583 0.13916667 0.40729168 0.125 0.3578125 0.1175 0.31875 0.11333334 0.3359375 0.075833336 0.33125 0.06666667 0.3296875 0.0325
6 0.4203125 0.32416666 0.4140625 0.29583332 0.390625 0.19 0.36614582 0.12 0.40833333 0.125 0.44427082 0.1375 0.47239584 0.14416666 0.475 0.10583334 0.4921875 0.175 0.5109375 0.2275 0.51875 0.25083333 0.4578125 0.30333334 0.43177083 0.32
6 0.5546875 0.32916668 0.47708333 0.38083333 0.45989582 0.3975 0.45520833 0.3975 0.4609375 0.42333335 0.49583334 0.505 0.5182292 0.6125 0.52916664 0.6041667 0.553125 0.5675 0.56354165 0.57916665 0.6177083 0.5391667 0.58177084 0.445 0.5640625 0.39 0.5619792 0.35166666 0.559375 0.3375
6 0.5932292 0.6483333 0.57708335 0.605 0.5630208 0.5783333 0.553125 0.56666666 0.5161458 0.62416667 0.47552082 0.69416666 0.49166667 0.7158333 0.5463542 0.77666664 0.5520833 0.7825 0.57135415 0.8383333 0.5786458 0.85083336 0.5854167 0.83916664 0.58697915 0.83166665 0.5651042 0.81416667 0.5859375 0.74583334 0.6140625 0.67 0.6 0.65416664
6 0.0609375 0.28916666 0.06822917 0.2975 0.0703125 0.31333333 0.079166666 0.42166665 0.08125 0.4475 0.0796875 0.5025 0.084375 0.53 0.106770836 0.52166665 0.18229167 0.5108333 0.19322917 0.5083333 0.19479166 0.5058333 0.19322917 0.4775 0.18072917 0.39666668 0.178125 0.30666667 0.17708333 0.26 0.12447917 0.27083334 0.09375 0.2825 0.0703125 0.29
6 0.134375 0.6175 0.030729167 0.7291667 0.0515625 0.765 0.08645833 0.8225 0.092708334 0.83 0.11354167 0.92833334 0.15885417 0.88916665 0.22135417 0.82666665 0.21614583 0.80916667 0.17083333 0.7083333 0.1453125 0.63666666
6 0.084375 0.945 0.072916664 1.0 0.1859375 1.0 0.165625 0.98 0.15729167 0.97333336 0.15416667 0.9741667 0.0921875 0.9475
6 0.18333334 0.33416668 0.22708334 0.395 0.24166666 0.45583335 0.2515625 0.47333333 0.29635417 0.41166666 0.33697918 0.36583334 0.328125 0.34333333 0.27447918 0.26083332 0.27239582 0.25166667 0.23229167 0.245 0.1921875 0.24333334 0.17604166 0.26 0.17916666 0.32833335
6 0.71875 0.9825 0.70104164 0.98333335 0.6557292 0.97083336 0.6140625 0.9508333 0.60572916 0.95 0.60052085 1.0 0.7473958 1.0 0.734375 0.99583334 0.7260417 0.99
6 0.64947915 0.75333333 0.60729164 0.9075 0.6067708 0.9125 0.621875 0.92833334 0.6276042 0.9291667 0.67083335 0.95 0.69166666 0.96 0.72083336 0.9825 0.73229164 0.99 0.73541665 0.99583334 0.7473958 1.0 0.76666665 0.9216667 0.771875 0.9 0.78125 0.865 0.78697914 0.855 0.77708334 0.8441667 0.7739583 0.84583336 0.73072916 0.8208333 0.6880208 0.7825 0.65989584 0.75916666
6 0.628125 0.9458333 0.6302083 0.93666667 0.6302083 0.93 0.6609375 0.945 0.6588542 0.94666666 0.6567708 0.94416666 0.653125 0.9475 0.64947915 0.945 0.6453125 0.9475 0.6421875 0.945 0.63854164 0.9483333 0.6359375 0.94666666 0.6328125 0.94916666 0.62916666 0.9475
6 0.62708336 0.725 0.62708336 0.755 0.62864584 0.7583333 0.6322917 0.815 0.65 0.75333333 0.6609375 0.76 0.6880208 0.7816667 0.73020834 0.82 0.72864586 0.77166665 0.7317708 0.73833334 0.73125 0.7341667 0.7239583 0.71166664 0.6734375 0.7175 0.6322917 0.7266667
6 0.715625 0.6525 0.68333334 0.63166666 0.6666667 0.6225 0.6354167 0.5966667 0.6333333 0.5925 0.62916666 0.59833336 0.6244792 0.61 0.621875 0.6508333 0.61354166 0.67 0.59479165 0.7216667 0.5796875 0.7633333 0.5651042 0.81333333 0.5864583 0.8308333 0.62083334 0.8566667 0.6328125 0.815 0.628125 0.7583333 0.6265625 0.755 0.6265625 0.725 0.6328125 0.7266667 0.67291665 0.7175 0.6953125 0.71416664 0.71302086 0.665
6 0.8411458 0.89666665 0.8411458 0.8833333 0.84010416 0.87583333 0.7729167 0.895 0.7515625 0.98333335 0.7552083 0.99333334 0.81458336 0.9608333 0.8625 0.93416667 0.8588542 0.93083334 0.8453125 0.9008333
6 0.8125 0.6308333 0.7703125 0.65416664 0.71458334 0.6591667 0.71302086 0.66583335 0.7104167 0.675 0.71510416 0.7125 0.7239583 0.71166664 0.7317708 0.7341667 0.728125 0.775 0.73020834 0.82 0.7484375 0.83166665 0.7729167 0.84583336 0.7760417 0.8433333 0.7875 0.855 0.7817708 0.865 0.7734375 0.895 0.83958334 0.875 0.85260415 0.875 0.85260415 0.8641667 0.84583336 0.8433333 0.82708335 0.7725 0.825 0.7575 0.82604164 0.745 0.815625 0.6483333
6 0.82395834 0.14833333 0.80260414 0.1875 0.7916667 0.2025 0.7609375 0.25166667 0.86822915 0.40833333 0.87135416 0.39666668 0.92291665 0.29333332 0.9265625 0.28833333 0.91614586 0.26666668 0.896875 0.24833333 0.8333333 0.15166667 0.83020836 0.15
6 0.7625 0.46 0.703125 0.59833336 0.76458335 0.655 0.7708333 0.65416664 0.8125 0.6308333 0.81614584 0.64916664 0.82395834 0.72333336 0.84947914 0.66583335 0.8645833 0.62666667 0.8802083 0.58916664 0.875 0.5808333 0.8385417 0.55083334 0.81145835 0.5275 0.78229165 0.48 0.7765625 0.47083333
6 0.5395833 0.21666667 0.54375 0.335 0.5541667 0.32916668 0.5598958 0.33833334 0.5625 0.35333332 0.56354165 0.38416666 0.59583336 0.37 0.64635414 0.36583334 0.6557292 0.36583334 0.6765625 0.3775 0.68541664 0.37833333 0.68958336 0.29333332 0.68645835 0.2075 0.6713542 0.20833333 0.628125 0.22083333 0.58489585 0.22083333 0.56927085 0.225 0.5552083 0.21583334
6 0.6958333 0.31416667 0.6890625 0.31666666 0.68541664 0.37833333 0.6765625 0.3775 0.6557292 0.36416668 0.63854164 0.385 0.62135416 0.41083333 0.615625 0.42416668 0.69375 0.5441667 0.73541665 0.4625 0.77552086 0.40083334 0.7973958 0.37583333 0.71979165 0.255 0.70989585 0.26833335
6 0.2578125 0.086666666 0.2296875 0.075833336 0.190625 0.0725 0.1390625 0.061666667 0.1328125 0.18416667 0.13072917 0.2375 0.14635417 0.24166666 0.17760417 0.23666666 0.1953125 0.24333334 0.23177083 0.24583334 0.26510417 0.25 0.27552083 0.2525 0.28072917 0.25166667 0.29010418 0.11666667 0.2921875 0.0825 0.2734375 0.079166666
