6 0.55052084 0.0 0.54322916 0.03 0.5338542 0.06583333 0.5286458 0.07833333 0.5208333 0.075 0.5151042 0.071666665 0.503125 0.05666667 0.46927083 0.023333333 0.46145833 0.015 0.45677084 0.013333334 0.44739583 0.013333334 0.44010416 0.008333334 0.43072918 0.0016666667 0.4203125 0.0033333334 0.409375 0.005 0.40572917 0.0025 0.4046875 0.0
6 0.4984375 0.05666667 0.4859375 0.07333333 0.47135416 0.095 0.46510416 0.1075 0.46197918 0.11083333 0.46458334 0.1175 0.4765625 0.13416667 0.48541668 0.14 0.49270833 0.145 0.4953125 0.14666666 0.49791667 0.14833333 0.49947917 0.14916667 0.5182292 0.19 0.540625 0.22666667 0.5630208 0.26583335 0.5640625 0.26833335 0.565625 0.2725 0.56927085 0.27583334 0.5734375 0.28166667 0.6015625 0.24083333 0.63645834 0.175 0.6510417 0.14333333 0.640625 0.13166666 0.61927086 0.11333334 0.59010416 0.086666666 0.584375 0.0825 0.5796875 0.07416666 0.5786458 0.071666665 0.57135415 0.0475 0.5630208 0.024166666 0.5578125 0.0125 0.553125 0.0 0.55052084 0.0 0.5390625 0.045833334 0.53489584 0.061666667 0.5338542 0.065 0.53229165 0.07 0.5286458 0.07833333 0.521875 0.075833336 0.5151042 0.071666665 0.5072917 0.0625 0.503125 0.05666667 0.5 0.054166667
6 0.32291666 0.26 0.31927082 0.25416666 0.3171875 0.25 0.2984375 0.23916666 0.29427084 0.23666666 0.26197916 0.205 0.25677082 0.2 0.253125 0.21666667 0.23854166 0.27666667 0.2171875 0.34916666 0.21458334 0.35583332 0.19427083 0.38666666 0.18958333 0.39583334 0.18385416 0.41 0.18854167 0.41416666 0.20989583 0.43583333 0.22916667 0.455 0.23645833 0.45916668 0.26145834 0.435 0.29427084 0.40416667 0.31354168 0.39 0.31927082 0.37666667 0.32552084 0.365 0.32447916 0.32916668 0.32239583 0.27916667
6 0.46614584 0.2075 0.45833334 0.2075 0.44583333 0.2125 0.42604166 0.21833333 0.39375 0.2225 0.3765625 0.22416666 0.35885417 0.22416666 0.35052082 0.22166666 0.34375 0.22 0.33645833 0.21583334 0.3296875 0.21666667 0.32291666 0.21833333 0.321875 0.21916667 0.32291666 0.25833333 0.32239583 0.28416666 0.325 0.34416667 0.32552084 0.365 0.32447916 0.40166667 0.33177084 0.40166667 0.33802083 0.40166667 0.34427083 0.39916667 0.3890625 0.38833332 0.425 0.38583332 0.46614584 0.38583332 0.478125 0.38416666 0.47760418 0.3675 0.47291666 0.29 0.47083333 0.2625 0.46875 0.24583334 0.46822917 0.22083333
6 0.7651042 0.29416665 0.75364584 0.3 0.709375 0.31 0.69114584 0.31 0.6614583 0.30333334 0.64739585 0.3 0.63125 0.29083332 0.621875 0.2875 0.6223958 0.3225 0.61614585 0.38416666 0.6145833 0.4275 0.6140625 0.4725 0.6255208 0.475 0.6453125 0.47333333 0.72083336 0.47666666 0.74427086 0.47666666 0.75364584 0.48 0.76354164 0.48166665 0.7671875 0.48333332 0.76927084 0.48166665 0.76927084 0.41916665 0.76875 0.345 0.7682292 0.29583332 0.7682292 0.2925
6 0.6328125 0.50666666 0.61145836 0.48833334 0.59166664 0.4725 0.58125 0.46333334 0.5640625 0.43833333 0.54583335 0.41333333 0.54375 0.41333333 0.534375 0.4325 0.53333336 0.43916667 0.5015625 0.5158333 0.46927083 0.58416665 0.465625 0.59166664 0.4640625 0.59166664 0.45833334 0.6066667 0.45625 0.615 0.46197918 0.62083334 0.47083333 0.63 0.4828125 0.6075 0.49427083 0.5933333 0.5296875 0.66083336 0.5515625 0.7083333 0.55572915 0.69416666 0.5578125 0.68416667 0.5734375 0.6333333 0.58229166 0.6116667 0.6098958 0.56166667 0.6255208 0.5275 0.63125 0.515 0.6328125 0.5083333
6 0.46822917 0.6333333 0.44895834 0.66583335 0.42864582 0.69166666 0.38854167 0.7325 0.38229167 0.7375 0.38177082 0.7425 0.40520832 0.785 0.421875 0.81333333 0.4296875 0.83166665 0.43385416 0.8175 0.45052084 0.77 0.45520833 0.7525 0.46666667 0.74083334 0.46875 0.7375 0.49375 0.775 0.50364584 0.7966667 0.50989586 0.79083335 0.5307292 0.76416665 0.546875 0.74916667 0.5515625 0.7475 0.55572915 0.73583335 0.55885416 0.725 0.55104166 0.705 0.528125 0.6591667 0.5026042 0.60833335 0.49427083 0.5925 0.48229167 0.60833335 0.4703125 0.63
6 0.42708334 0.8358333 0.41614583 0.8433333 0.38333333 0.86583334 0.37552083 0.875 0.38020834 0.88166666 0.41458333 0.9266667 0.44114584 0.9658333 0.4546875 0.98833334 0.45885417 0.9741667 0.5015625 0.89166665 0.5171875 0.88666666 0.52447915 0.8875 0.5338542 0.8875 0.5395833 0.8825 0.54791665 0.8691667 0.5484375 0.86583334 0.515625 0.81333333 0.503125 0.795 0.49479166 0.7775 0.49270833 0.77416664 0.4765625 0.74916667 0.46875 0.7375 0.46458334 0.7425 0.45520833 0.75333333 0.44947916 0.7725 0.43645832 0.81 0.4296875 0.8308333 0.42916667 0.8325
6 0.128125 0.43833333 0.123958334 0.46833333 0.11145833 0.48083332 0.09583333 0.505 0.06302083 0.565 0.059375 0.57166666 0.07447917 0.5858333 0.08645833 0.5925 0.09947917 0.5991667 0.14739583 0.655 0.1703125 0.68916667 0.17708333 0.69916666 0.18385416 0.7033333 0.18958333 0.6825 0.21041666 0.625 0.2203125 0.59833336 0.22552083 0.58166665 0.234375 0.56166667 0.24322917 0.54833335 0.2296875 0.53583336 0.21510416 0.52416664 0.171875 0.48583335 0.15208334 0.46333334 0.1421875 0.4525
6 0.09010417 0.5966667 0.0953125 0.61083335 0.10885417 0.63916665 0.1390625 0.7125 0.1578125 0.76416665 0.16041666 0.77916664 0.1625 0.77916664 0.16822916 0.7841667 0.16979167 0.78583336 0.2078125 0.7475 0.24114583 0.7125 0.25520834 0.7008333 0.25885418 0.6933333 0.24791667 0.6725 0.22552083 0.6275 0.21666667 0.60833335 0.203125 0.6458333 0.19010417 0.6816667 0.18385416 0.70416665 0.1765625 0.6983333 0.14791666 0.6558333 0.114583336 0.6175 0.098958336 0.5991667 0.09010417 0.5941667
6 0.234375 0.46166667 0.22135417 0.47 0.22708334 0.49166667 0.24270834 0.54 0.25833333 0.5783333 0.27447918 0.6166667 0.27864584 0.6225 0.29010418 0.6125 0.29114583 0.6075 0.31822917 0.57166666 0.346875 0.5283333 0.35104167 0.52166665 0.36510417 0.51666665 0.38958332 0.5075 0.39583334 0.5025 0.40260416 0.495 0.39739582 0.48083332 0.3734375 0.41666666 0.36302084 0.395 0.3421875 0.4 0.33958334 0.40083334 0.33072916 0.40166667 0.32395834 0.40166667 0.325 0.365 0.3140625 0.38916665 0.29322916 0.405 0.24114583 0.455
6 0.13489583 0.0325 0.102604166 0.043333333 0.041145835 0.075 0.0203125 0.08916666 0.019791666 0.093333334 0.021875 0.09916667 0.0265625 0.108333334 0.040104166 0.13083333 0.065104164 0.17 0.07864583 0.19416666 0.080729164 0.19833334 0.08177083 0.2375 0.08541667 0.27416667 0.0859375 0.28 0.091145836 0.29333332 0.09375 0.2925 0.0984375 0.28916666 0.118229166 0.28 0.121875 0.28 0.12864584 0.27666667 0.13385417 0.2725 0.1359375 0.26833335 0.1546875 0.25583333 0.1796875 0.2375 0.19479166 0.22166666 0.19583334 0.2175 0.19375 0.2125 0.19114584 0.20416667 0.18958333 0.2025 0.17604166 0.16833334 0.16041666 0.13666667 0.1578125 0.12666667 0.15364583 0.11416667 0.14895834 0.09833334 0.14427084 0.0775 0.13802083 0.044166666
