14 0.0890625 0.5941667 0.17447917 0.43416667 0.20208333 0.365 0.21875 0.35083333 0.22239584 0.32416666 0.2 0.28833333 0.175 0.26083332 0.16979167 0.25833333 0.16145833 0.28916666 0.061979167 0.50416666 0.030208332 0.5475 0.043229166 0.57166666 0.069270834 0.61 0.079166666 0.615
14 0.10729167 0.65833336 0.09375 0.68333334 0.08229167 0.6925 0.071875 0.7275 0.12760417 0.7625 0.14947917 0.76166666 0.1546875 0.7441667 0.15260416 0.7 0.184375 0.5708333 0.184375 0.56083333 0.19427083 0.5466667 0.2171875 0.45333335 0.23385416 0.4375 0.23072916 0.42666668 0.18802084 0.40083334 0.16354166 0.455 0.14739583 0.48583335
14 0.18854167 0.69416666 0.2078125 0.69916666 0.21458334 0.70916665 0.24791667 0.7241667 0.36979166 0.7733333 0.39739582 0.78 0.41145834 0.7683333 0.41458333 0.7875 0.41197917 0.8208333 0.40677083 0.8425 0.39895833 0.86833334 0.390625 0.87833333 0.38072917 0.8666667 0.21822916 0.81 0.1921875 0.81416667 0.17135416 0.8125 0.184375 0.7375 0.18697916 0.705
14 0.446875 0.69916666 0.47291666 0.67583334 0.49895832 0.66 0.509375 0.6558333 0.5182292 0.6716667 0.5151042 0.68 0.51770836 0.71 0.55104166 0.7966667 0.60625 0.9291667 0.6234375 0.94666666 0.6265625 0.9625 0.6119792 0.9675 0.5828125 0.98583335 0.5630208 0.99083334 0.5546875 0.9925 0.55625 0.98333335 0.56041664 0.9766667 0.50677085 0.8333333 0.47083333 0.74583334 0.45677084 0.7316667 0.44635418 0.70416665
14 0.6822917 0.95166665 0.696875 0.9425 0.7213542 0.93666667 0.8666667 0.83416665 0.8755208 0.8225 0.8765625 0.8125 0.88072914 0.81083333 0.88854164 0.8308333 0.90208334 0.8883333 0.90260416 0.905 0.89739585 0.91083336 0.765625 1.0 0.69322914 1.0
14 0.46145833 0.57 0.4921875 0.5325 0.50572914 0.51916665 0.51354164 0.5158333 0.51979166 0.515 0.52552086 0.5125 0.52916664 0.52916664 0.52760416 0.53833336 0.5286458 0.5541667 0.58802086 0.6816667 0.62864584 0.7675 0.6479167 0.78333336 0.6515625 0.7941667 0.65208334 0.80833334 0.64479166 0.8225 0.5989583 0.87916666 0.59010416 0.8566667 0.57395834 0.8 0.56875 0.7841667 0.5229167 0.68666667 0.51770836 0.67333335 0.5083333 0.6533333 0.49166667 0.61083335 0.4859375 0.6091667 0.47708333 0.6041667 0.4640625 0.5783333
14 0.60260415 0.515 0.5885417 0.5225 0.56875 0.5441667 0.5552083 0.5683333 0.54791665 0.585 0.54791665 0.595 0.5552083 0.60333335 0.56458336 0.605 0.5677083 0.5991667 0.6744792 0.7841667 0.690625 0.80583334 0.6890625 0.82666665 0.69322914 0.83416665 0.6984375 0.8258333 0.74114585 0.7608333 0.74114585 0.75416666 0.73645836 0.7475 0.72864586 0.74583334 0.71666664 0.7275 0.609375 0.5475 0.60833335 0.5375 0.60520834 0.5183333
14 0.8567708 0.51 0.81666666 0.49833333 0.8052083 0.5058333 0.7921875 0.52916664 0.7875 0.5375 0.76197916 0.685 0.76197916 0.6933333 0.75885415 0.69666666 0.74375 0.775 0.73333335 0.7966667 0.72760415 0.825 0.796875 0.8525 0.80104166 0.8408333 0.8015625 0.81666666 0.79895836 0.79083335 0.828125 0.6425 0.8453125 0.5475 0.8510417 0.5283333
14 0.97760415 0.42916667 0.9890625 0.44666666 0.9916667 0.47 0.9953125 0.4825 1.0 0.49666667 1.0 0.5183333 0.896875 0.68916667 0.8859375 0.705 0.88125 0.7175 0.87083334 0.75333333 0.86614585 0.76 0.8666667 0.7416667 0.86041665 0.7266667 0.8432292 0.7025 0.8234375 0.66833335 0.83020836 0.6591667 0.8411458 0.65166664 0.84791666 0.6458333 0.91041666 0.5475 0.95625 0.47333333 0.97291666 0.43166667
14 0.74427086 0.43916667 0.7640625 0.42583334 0.77135414 0.42833334 0.8390625 0.3975 0.9447917 0.33583334 0.94895834 0.32583332 0.95520836 0.34583333 0.97291666 0.41666666 0.9760417 0.42916667 0.9703125 0.43416667 0.9661458 0.43583333 0.9635417 0.42666668 0.9515625 0.42 0.83020836 0.485 0.8130208 0.50083333 0.8052083 0.5058333 0.790625 0.5308333 0.7765625 0.5375 0.77135414 0.5341667 0.74583334 0.4475
14 0.70677084 0.37416667 0.72239584 0.37 0.75 0.365 0.7703125 0.36 0.77239585 0.3675 0.77239585 0.38083333 0.7640625 0.395 0.765625 0.40916666 0.76354164 0.42583334 0.74375 0.44 0.75989586 0.49333334 0.753125 0.6691667 0.7578125 0.6791667 0.7625 0.68833333 0.7609375 0.695 0.75625 0.69416666 0.69114584 0.68333334 0.69114584 0.6716667 0.69322914 0.6675 0.69895834 0.66833335 0.70208335 0.6625 0.709375 0.45916668 0.7125 0.39333335 0.7083333 0.38
14 0.64270836 0.28166667 0.6390625 0.28916666 0.64270836 0.345 0.64739585 0.38916665 0.6510417 0.40166667 0.65989584 0.40083334 0.6692708 0.39666668 0.68177086 0.38333333 0.70625 0.37416667 0.76979166 0.36 0.8520833 0.34583333 0.86302084 0.3575 0.87083334 0.35666665 0.8802083 0.355 0.88177085 0.34583333 0.88125 0.30166668 0.8755208 0.26583335 0.87135416 0.24666667 0.85729164 0.2425 0.85 0.2525 0.84166664 0.25833333 0.70208335 0.28416666 0.66302085 0.28333333 0.653125 0.27916667
14 0.5651042 0.14583333 0.6171875 0.1375 0.63072914 0.14083333 0.6375 0.14916667 0.634375 0.15416667 0.65208334 0.27916667 0.64166665 0.28166667 0.63854164 0.2875 0.64270836 0.34666666 0.646875 0.38916665 0.6515625 0.4 0.66041666 0.40166667 0.66979164 0.3975 0.6744792 0.45166665 0.684375 0.45 0.69322914 0.45333335 0.69114584 0.46166667 0.6567708 0.48166665 0.62291664 0.49833333 0.6244792 0.47666666 0.62708336 0.45583335 0.62135416 0.43416667 0.6166667 0.39416668 0.5864583 0.18833333 0.58177084 0.1775 0.5708333 0.17583333
14 0.290625 0.24666667 0.32395834 0.275 0.33645833 0.29 0.35052082 0.30916667 0.3484375 0.32333332 0.33854166 0.33166668 0.33385417 0.3275 0.28072917 0.48666668 0.25104168 0.5925 0.25052083 0.61833334 0.18541667 0.5708333 0.184375 0.5566667 0.19479166 0.5475 0.209375 0.5225 0.24635416 0.39916667 0.2828125 0.29833335 0.28020832 0.26833335 0.28489584 0.255
14 0.3703125 0.39916667 0.39739582 0.42666668 0.43645832 0.44333333 0.434375 0.45666668 0.421875 0.46833333 0.42447916 0.73083335 0.43645832 0.76916665 0.409375 0.7683333 0.36666667 0.7708333 0.36666667 0.7608333 0.37291667 0.75083333 0.3734375 0.5208333 0.3671875 0.4375 0.3625 0.4225
14 0.22395833 0.008333334 0.20364584 0.12833333 0.1796875 0.26166666 0.16822916 0.26 0.1609375 0.29083332 0.1390625 0.33833334 0.1015625 0.30416667 0.10520833 0.29166666 0.1484375 0.08416667 0.16458334 0.0 0.22447917 0.0
14 0.25104168 0.014166667 0.21145834 0.20166667 0.1984375 0.27166668 0.19010417 0.27666667 0.20885417 0.30083334 0.23072916 0.31166667 0.240625 0.32333332 0.24583334 0.33333334 0.24947916 0.3125 0.2515625 0.29 0.27239582 0.20166667 0.30416667 0.054166667 0.31041667 0.033333335 0.32239583 0.0125 0.32760417 0.0 0.25572917 0.0
14 0.6390625 0.025833333 0.6588542 0.18083334 0.6703125 0.275 0.675 0.28416666 0.70208335 0.28416666 0.7359375 0.27833334 0.72760415 0.2625 0.7239583 0.2475 0.7078125 0.12416667 0.69427085 0.0 0.63958335 0.0
14 0.85520834 0.083333336 0.8489583 0.096666664 0.8255208 0.17916666 0.8234375 0.1925 0.83385414 0.18583333 0.85052085 0.195 0.88385415 0.235 0.984375 0.33916667 0.99791664 0.3425 1.0 0.32583332 1.0 0.24 0.8734375 0.100833334 0.86145836 0.094166666
14 0.040625 0.6091667 0.075 0.6141667 0.0859375 0.62666667 0.0796875 0.645 0.07083333 0.6675 0.0265625 0.93833333 0.034375 0.96 0.028645834 0.9775 0.017708333 0.97833335 0.0 0.97833335 0.0 0.7133333 0.00625 0.62666667 0.01875 0.615 0.028645834 0.61333334
