3 0.5942708 0.46833333 0.49375 0.475 0.4390625 0.48 0.4265625 0.485 0.42135417 0.49583334 0.41875 0.5133333 0.42760417 0.6666667 0.43020833 0.705 0.43333334 0.7183333 0.43645832 0.7241667 0.44322917 0.7316667 0.46666667 0.7316667 0.48802084 0.72833335 0.503125 0.68 0.51354164 0.6791667 0.53229165 0.6975 0.5671875 0.68583333 0.59791666 0.6825 0.6088542 0.67 0.61354166 0.6525 0.61041665 0.6325 0.6020833 0.61083335 0.5963542 0.6075 0.584375 0.6075 0.590625 0.57 0.59791666 0.50666666 0.59947914 0.4825 0.59947914 0.47666666
3 0.425 0.8016667 0.39791667 0.755 0.35729167 0.71416664 0.33333334 0.68083334 0.33645833 0.66333336 0.3421875 0.6483333 0.41666666 0.51 0.41875 0.50916666 0.41770834 0.50916666 0.42291668 0.60333335 0.4296875 0.705 0.4328125 0.7183333 0.43645832 0.72583336 0.4421875 0.7316667 0.45104167 0.73333335 0.46666667 0.7325 0.4828125 0.73083335 0.471875 0.75166667 0.453125 0.7825 0.44635418 0.7966667 0.44114584 0.8066667 0.43333334 0.80916667 0.42916667 0.8066667
3 0.34947917 0.88416666 0.27447918 0.9116667 0.25364584 0.92333335 0.24166666 0.9216667 0.23489584 0.91583335 0.23333333 0.8933333 0.23958333 0.875 0.23697917 0.86083335 0.234375 0.805 0.23854166 0.8 0.24791667 0.7841667 0.24479167 0.7733333 0.23645833 0.76416665 0.21927084 0.755 0.21302083 0.74583334 0.20833333 0.73083335 0.20885417 0.7158333 0.215625 0.7058333 0.2546875 0.685 0.3 0.6616667 0.34427083 0.6425 0.34166667 0.6475 0.3359375 0.6641667 0.3328125 0.68083334 0.33333334 0.6816667 0.35833332 0.715 0.37864584 0.73583335 0.39739582 0.7558333 0.41614583 0.7875 0.42083332 0.7991667 0.4265625 0.8433333 0.42552084 0.8525 0.425 0.85833335 0.40625 0.8691667 0.37760416 0.8775
3 0.21875 0.68083334 0.18020834 0.685 0.16458334 0.685 0.15729167 0.6816667 0.15260416 0.6716667 0.15104167 0.62916666 0.146875 0.50916666 0.15729167 0.46 0.1546875 0.4175 0.15052083 0.395 0.15104167 0.38416666 0.16145833 0.37916666 0.20364584 0.3775 0.23177083 0.38666666 0.240625 0.39416668 0.24791667 0.3925 0.24947916 0.38583332 0.253125 0.36833334 0.26197916 0.35666665 0.27239582 0.35833332 0.27552083 0.36833334 0.27916667 0.4025 0.28489584 0.43666667 0.290625 0.46 0.29322916 0.48333332 0.30364582 0.5325 0.309375 0.59 0.3125 0.63 0.30885416 0.6408333 0.29479167 0.65416664 0.27239582 0.665 0.25052083 0.67333335
3 0.47708333 0.125 0.43854168 0.1175 0.40885416 0.1175 0.39270833 0.11416667 0.36770833 0.0925 0.33020833 0.085 0.30989584 0.085 0.30677083 0.09916667 0.30208334 0.14833333 0.28854167 0.18666667 0.2921875 0.20833333 0.30989584 0.265 0.32916668 0.325 0.3390625 0.33916667 0.37291667 0.34583333 0.434375 0.3325 0.45260417 0.3325 0.4609375 0.3375 0.46510416 0.32916668 0.46302083 0.30666667 0.45364583 0.2925 0.44479167 0.28166667 0.45520833 0.26583335 0.47395834 0.22916667 0.48229167 0.18416667 0.48697916 0.14416666 0.48229167 0.13166666
3 0.7984375 0.5466667 0.771875 0.5808333 0.7734375 0.5908333 0.7526042 0.6175 0.721875 0.64916664 0.7078125 0.64416665 0.6921875 0.6533333 0.69895834 0.6875 0.70208335 0.6925 0.7104167 0.6933333 0.7125 0.72583336 0.72760415 0.7391667 0.72291666 0.7583333 0.7234375 0.8016667 0.7375 0.8575 0.740625 0.87666667 0.7729167 0.82666665 0.8140625 0.7625 0.8520833 0.7008333 0.8109375 0.63166666 0.8015625 0.60583335 0.80625 0.5825 0.8020833 0.555
3 0.86822915 1.0 0.8541667 0.9658333 0.80364585 0.80916667 0.80052084 0.7875 0.8140625 0.7633333 0.82708335 0.7441667 0.92604166 0.68916667 0.93385416 0.68583333 0.94635415 0.70416665 0.98020834 0.8358333 1.0 0.93333334 1.0 0.98083335 0.9875 0.98083335 0.965625 0.95916665 0.9536458 0.98083335 0.93072915 1.0
3 0.796875 0.53333336 0.79479164 0.48916668 0.7890625 0.42 0.7890625 0.41083333 0.80885416 0.405 0.8364583 0.38583332 0.884375 0.39666668 0.9401042 0.42583334 0.9614583 0.43416667 0.9838542 0.49833333 0.984375 0.5125 0.97760415 0.5316667 0.9302083 0.56416667 0.85 0.61333334 0.8354167 0.62083334 0.8208333 0.61833334 0.81145835 0.5991667 0.8052083 0.5758333 0.803125 0.555 0.8 0.5375
3 0.7739583 0.42416668 0.7515625 0.35083333 0.746875 0.33083335 0.75 0.31416667 0.75625 0.31166667 0.76927084 0.3075 0.77760416 0.30416667 0.78697914 0.26666668 0.8015625 0.245 0.80833334 0.22916667 0.82395834 0.21166667 0.83177084 0.19083333 0.8390625 0.17916666 0.84739584 0.18416667 0.8619792 0.23833333 0.8666667 0.26416665 0.8776042 0.265 0.88697916 0.265 0.8921875 0.27333334 0.8984375 0.32666665 0.8984375 0.34166667 0.84791666 0.38083333 0.8364583 0.385 0.8197917 0.395 0.80625 0.40416667 0.7890625 0.40916666 0.7885417 0.41 0.78697914 0.42166665 0.7807292 0.42583334
3 0.5 1.0 0.4234375 0.93916667 0.40989584 0.9291667 0.40625 0.9175 0.40989584 0.9 0.425 0.87833333 0.45104167 0.79583335 0.48958334 0.7266667 0.50104165 0.69 0.5046875 0.68 0.51354164 0.68 0.54114586 0.71 0.5609375 0.7391667 0.56822914 0.7633333 0.5776042 0.77 0.58177084 0.76666665 0.5864583 0.7525 0.6015625 0.75 0.59947914 0.77916664 0.596875 0.8433333 0.5885417 0.87333333 0.5598958 0.9508333 0.54583335 1.0
