2 0.33541667 0.585 0.35208333 0.63416666 0.36875 0.6975 0.39010417 0.76666665 0.465625 0.70666665 0.43385416 0.67833334 0.36354166 0.6125
2 0.28072917 0.53333336 0.26770833 0.55083334 0.3015625 0.61583334 0.3703125 0.74833333 0.39739582 0.7991667 0.40208334 0.80833334 0.41979167 0.84166664 0.42604166 0.83916664 0.46302083 0.7841667 0.5515625 0.66 0.553125 0.6591667 0.5453125 0.645 0.496875 0.6816667 0.47708333 0.69666666 0.47604167 0.69916666 0.47083333 0.71166664 0.465625 0.7075 0.4640625 0.7075 0.39010417 0.76666665 0.371875 0.71 0.36302084 0.67833334 0.35260418 0.635 0.33489582 0.5858333 0.28697917 0.5391667
2 0.5796875 0.515 0.5875 0.54083335 0.60625 0.5933333 0.5890625 0.6041667 0.5640625 0.62666667 0.53125 0.655 0.490625 0.68583333 0.47604167 0.6975 0.4875 0.66583335 0.5005208 0.62333333 0.509375 0.5925 0.5104167 0.59166664 0.51666665 0.6016667 0.5385417 0.57166666 0.571875 0.52666664 0.578125 0.5175
2 0.5854167 0.5316667 0.62708336 0.49083334 0.66197914 0.4525 0.64947915 0.41916665 0.59375 0.495 0.5796875 0.515
2 0.38020834 0.29916668 0.44114584 0.21166667 0.49739584 0.13583334 0.5296875 0.19916667 0.55625 0.24583334 0.5828125 0.2975 0.6067708 0.33083335 0.6479167 0.40333334 0.65260416 0.41333333 0.62708336 0.45 0.54583335 0.56166667 0.51666665 0.60083336 0.5109375 0.5908333 0.5385417 0.53333336 0.5625 0.46666667 0.559375 0.46083334 0.55677086 0.45833334 0.50104165 0.41083333 0.4265625 0.34083334 0.39010417 0.30916667
2 0.5125 0.16333333 0.53333336 0.14166667 0.5463542 0.17833333 0.5796875 0.25666666 0.60833335 0.32583332 0.6177083 0.34916666 0.60625 0.33 0.58229166 0.29583332 0.5546875 0.2425 0.53125 0.20083334 0.5130208 0.16583334
2 0.390625 0.78833336 0.4046875 0.9191667 0.40729168 0.9433333 0.4421875 0.9316667 0.4984375 0.91333336 0.55 0.8908333 0.56822914 0.885 0.5765625 0.87666667 0.57604164 0.83 0.5671875 0.7775 0.5609375 0.75 0.5572917 0.72333336 0.5546875 0.65833336 0.5515625 0.6383333 0.5453125 0.6433333 0.553125 0.6591667 0.5494792 0.66333336 0.51145834 0.71666664 0.46875 0.7775 0.42552084 0.83916664 0.41979167 0.84166664 0.4015625 0.80916667
2 0.5765625 0.8691667 0.59010416 0.86583334 0.6203125 0.85 0.64739585 0.835 0.66875 0.82666665 0.7192708 0.80333334 0.7416667 0.7925 0.734375 0.7475 0.71302086 0.64666665 0.69635415 0.5441667 0.6765625 0.445 0.675 0.43666667 0.65833336 0.44166666 0.66197914 0.45083332 0.6625 0.45333335 0.5854167 0.5325 0.5911458 0.55083334 0.6067708 0.5941667 0.59010416 0.6041667 0.5515625 0.6383333 0.55572915 0.66083336 0.5572917 0.7216667 0.5619792 0.7525 0.5677083 0.7783333 0.5776042 0.8333333
2 0.6671875 0.00083333335 0.7026042 0.036666665 0.71302086 0.046666667 0.7348958 0.006666667 0.73854166 0.0
2 0.26302084 0.5158333 0.36770833 0.61583334 0.44895834 0.69166666 0.47135416 0.7108333 0.4875 0.66583335 0.509375 0.59166664 0.5385417 0.5325 0.5619792 0.4675 0.55833334 0.46 0.50208336 0.4125 0.41458333 0.33 0.36614582 0.28916666 0.35833332 0.28083333 0.334375 0.3375 0.30989584 0.40666667 0.27708334 0.48083332 0.26614583 0.5058333
