5 0.1171875 0.41833332 0.1453125 0.44166666 0.2265625 0.51666665 0.27291667 0.5675 0.290625 0.5966667 0.29947916 0.57166666 0.33541667 0.46916667 0.33958334 0.44166666 0.35208333 0.40666667 0.38072917 0.3575 0.3828125 0.34333333 0.37083334 0.33333334 0.346875 0.32666665 0.26614583 0.36416668 0.2046875 0.39083335 0.12708333 0.41416666
2 0.35833332 0.2275 0.359375 0.10916667 0.35989583 0.10583334 0.47239584 0.10666667 0.52708334 0.10583334 0.55572915 0.108333334 0.58229166 0.108333334 0.59479165 0.10583334 0.59583336 0.1075 0.596875 0.1975 0.596875 0.39166668 0.59583336 0.39416668 0.5385417 0.395 0.45677084 0.3925 0.43333334 0.39166668 0.35885417 0.39583334 0.36614582 0.3825 0.38072917 0.35916665 0.3828125 0.345 0.3828125 0.34333333 0.3703125 0.3325 0.35729167 0.32916668 0.35729167 0.32166666 0.36197916 0.31166667 0.365625 0.2925 0.36510417 0.29 0.35677084 0.24083333
1 0.41666666 1.0 0.41302082 0.98 0.40625 0.93666667 0.40625 0.925 0.40729168 0.9166667 0.41927084 0.9225 0.43177083 0.9225 0.45 0.91583335 0.50208336 0.9216667 0.5630208 0.9316667 0.57916665 0.93583333 0.59010416 0.93583333 0.60520834 0.93583333 0.61302084 0.96666664 0.61041665 0.99 0.60625 0.9791667 0.6015625 0.9791667 0.60052085 1.0
19 0.4640625 0.39333335 0.4078125 0.45666668 0.39375 0.47666666 0.390625 0.48583335 0.390625 0.4875 0.39375 0.49416667 0.39583334 0.50916666 0.4046875 0.525 0.48697916 0.625 0.5026042 0.6408333 0.5265625 0.61083335 0.590625 0.535 0.6140625 0.50416666 0.6119792 0.48416665 0.6177083 0.48166665 0.6166667 0.4725 0.58177084 0.4075 0.57708335 0.39583334 0.478125 0.39416668
14 0.40833333 0.63416666 0.3671875 0.5833333 0.35104167 0.58166665 0.3375 0.56083333 0.3609375 0.51 0.37604168 0.4775 0.390625 0.48916668 0.39375 0.49333334 0.39479166 0.50416666 0.39583334 0.51166666 0.40208334 0.52166665 0.4828125 0.62 0.50364584 0.64416665 0.5385417 0.68916667 0.5541667 0.69166666 0.5640625 0.6983333 0.55833334 0.71166664 0.534375 0.75333333 0.5229167 0.77916664 0.51875 0.78 0.5151042 0.775 0.49322918 0.7075 0.46510416 0.6333333 0.41458333 0.6325
16 0.37760416 0.93 0.328125 0.95666665 0.296875 0.975 0.29427084 0.975 0.28697917 0.9625 0.28333333 0.9425 0.27864584 0.9075 0.265625 0.8383333 0.25729167 0.79833335 0.24375 0.76166666 0.2453125 0.75083333 0.26875 0.705 0.2796875 0.6975 0.30260417 0.6925 0.32708332 0.67333335 0.35833332 0.6575 0.38645834 0.64166665 0.40625 0.6358333 0.4125 0.63416666 0.41666666 0.6333333 0.46510416 0.63416666 0.49114582 0.705 0.515625 0.77666664 0.53125 0.835 0.53541666 0.8641667 0.43177083 0.9033333 0.39010417 0.9241667
5 0.7864583 0.9975 0.75416666 0.9575 0.7078125 0.92083335 0.6666667 0.885 0.66041666 0.87583333 0.696875 0.79333335 0.71197915 0.76 0.7473958 0.7475 0.79895836 0.72833335 0.8359375 0.7175 0.8619792 0.75666666 0.9010417 0.7891667 0.94895834 0.82916665 0.9536458 0.8333333 0.95416665 0.83916664 0.91614586 0.91083336 0.89427084 0.9625 0.884375 1.0
0 0.7104167 0.7625 0.66302085 0.7825 0.6567708 0.78 0.6489583 0.7725 0.646875 0.73333335 0.64270836 0.655 0.63645834 0.6175 0.6145833 0.50416666 0.6125 0.485 0.6197917 0.48083332 0.634375 0.4775 0.7114583 0.49666667 0.7375 0.50666666 0.75416666 0.47583333 0.759375 0.475 0.778125 0.40583333 0.77916664 0.39833334 0.78541666 0.39833334 0.79010415 0.40416667 0.80104166 0.47166666 0.83125 0.5858333 0.85572916 0.6625 0.8723958 0.70666665 0.8697917 0.71166664 0.86302084 0.71416664 0.8354167 0.7175 0.83229166 0.7183333 0.7734375 0.7375 0.7104167 0.76
15 0.77916664 0.27666667 0.77447915 0.28416666 0.7739583 0.2925 0.77447915 0.3025 0.7885417 0.37083334 0.8197917 0.52666664 0.82447916 0.55916667 0.83020836 0.58166665 0.8432292 0.6191667 0.84479165 0.62 0.84791666 0.62083334 0.84791666 0.62333333 0.84947914 0.63 0.84947914 0.6383333 0.85 0.6408333 0.85625 0.64166665 0.85625 0.6325 0.8598958 0.62833333 0.859375 0.6175 0.8640625 0.6066667 0.86510414 0.5975 0.8598958 0.56583333 0.8432292 0.4625 0.8203125 0.34666666 0.80260414 0.28333333 0.79583335 0.27416667 0.7885417 0.26916668 0.79010415 0.26333332 0.7838542 0.2625 0.784375 0.25333333 0.77760416 0.25166667 0.77447915 0.25583333 0.78125 0.26583335 0.77916664 0.27083334
4 0.8802083 0.0 0.909375 0.035833333 0.9359375 0.06916667 0.9479167 0.08083333 0.95520836 0.086666666 0.9682292 0.07833333 0.9895833 0.038333334 0.9927083 0.02 0.98541665 0.010833333 0.9734375 0.0
21 0.09739583 0.3375 0.051041666 0.25666666 0.050520834 0.24333334 0.052083332 0.23666666 0.083333336 0.20583333 0.14322917 0.16583334 0.2625 0.096666664 0.31510416 0.064166665 0.32708332 0.0625 0.334375 0.068333335 0.33489582 0.08416667 0.35520834 0.23416667 0.365625 0.29166666 0.36197916 0.31166667 0.35520834 0.3225 0.25989583 0.36666667 0.20572917 0.39 0.12552084 0.41416666 0.094791666 0.4275 0.0859375 0.43166667 0.08020833 0.42416668 0.08020833 0.40166667 0.094791666 0.35416666 0.098958336 0.34333333
