6 0.48177084 0.25166667 0.4703125 0.24 0.46302083 0.2275 0.42552084 0.225 0.40677083 0.21333334 0.39635417 0.20583333 0.41458333 0.13166666 0.43489584 0.060833335 0.44270834 0.033333335 0.45625 0.045833334 0.47604167 0.07833333 0.4859375 0.090833336 0.49270833 0.104166664 0.496875 0.12583333 0.49739584 0.13166666 0.48333332 0.12916666 0.48125 0.14416666 0.4796875 0.15083334 0.48177084 0.17833333 0.48697916 0.20916666 0.48802084 0.2175
6 0.5005208 0.1325 0.53125 0.10166667 0.54010415 0.09833334 0.55052084 0.09833334 0.5515625 0.105 0.5494792 0.14666666 0.54114586 0.145 0.5052083 0.135
6 0.58958334 0.14166667 0.5734375 0.14416666 0.5572917 0.14916667 0.5494792 0.1425 0.5494792 0.14666666 0.53541666 0.14333333 0.5161458 0.13833334 0.5052083 0.135 0.5 0.1325 0.49739584 0.13083333 0.48333332 0.12916666 0.48072916 0.145 0.4796875 0.15083334 0.48177084 0.17916666 0.48541668 0.2025 0.48802084 0.2175 0.48333332 0.2425 0.48229167 0.2525 0.48125 0.28 0.4796875 0.3425 0.4796875 0.36416668 0.50625 0.37583333 0.534375 0.38416666 0.5729167 0.3925 0.58177084 0.39333335 0.5833333 0.37916666 0.5828125 0.36416668 0.58385414 0.24 0.58385414 0.205 0.5885417 0.16666667 0.5911458 0.16
6 0.43541667 0.26666668 0.421875 0.22333333 0.42604166 0.225 0.46302083 0.2275 0.465625 0.23166667 0.4703125 0.24 0.48177084 0.25166667 0.4796875 0.34333333 0.4796875 0.36333334 0.50677085 0.375 0.53697914 0.385 0.50104165 0.40166667 0.46770832 0.41833332 0.465625 0.41666666 0.4609375 0.40166667 0.4625 0.35333332 0.4515625 0.31583333
6 0.64375 0.0725 0.61354166 0.079166666 0.5729167 0.095 0.56354165 0.10166667 0.55104166 0.1175 0.55052084 0.1225 0.56145835 0.1475 0.57395834 0.14416666 0.58958334 0.14083333 0.5911458 0.16 0.5885417 0.16666667 0.5854167 0.19166666 0.61510414 0.2625 0.62083334 0.25916666 0.63125 0.24833333 0.6375 0.22 0.66822916 0.21583334 0.68333334 0.2325 0.68854165 0.235 0.7 0.23333333 0.70208335 0.18333334 0.7 0.0875 0.69739586 0.044166666 0.69114584 0.044166666 0.6802083 0.044166666
6 0.41614583 0.405 0.42447916 0.38583332 0.45989582 0.34416667 0.4625 0.3525 0.4609375 0.40083334 0.465625 0.41666666 0.46770832 0.4175 0.5359375 0.38416666 0.58177084 0.39333335 0.56822914 0.4025 0.55885416 0.415 0.5421875 0.44 0.53229165 0.45 0.50364584 0.505 0.4953125 0.5233333 0.4875 0.5325 0.47864583 0.51666665 0.4375 0.44583333 0.42239583 0.4175
6 0.5828125 0.35083333 0.59739584 0.37333333 0.59583336 0.37583333 0.5885417 0.3875 0.58229166 0.39166668 0.5833333 0.37833333 0.5828125 0.36
6 0.50416666 0.5491667 0.5104167 0.545 0.5182292 0.54583335 0.52760416 0.55833334 0.53125 0.56916666 0.5125 0.555
6 0.40989584 0.43583333 0.45885417 0.50416666 0.48072916 0.5283333 0.50416666 0.54833335 0.53125 0.56916666 0.5182292 0.61083335 0.49166667 0.67583334 0.49166667 0.5991667 0.4953125 0.56916666 0.47864583 0.57 0.44166666 0.575 0.43177083 0.54 0.428125 0.51916665 0.421875 0.49666667 0.36145833 0.54333335 0.39010417 0.485 0.40416667 0.44583333
6 0.321875 0.55833334 0.36197916 0.54333335 0.42135417 0.49666667 0.42708334 0.51666665 0.43385416 0.54833335 0.44114584 0.5758333 0.41145834 0.5775 0.35677084 0.5733333 0.34479168 0.5733333 0.34010416 0.57666665 0.34322917 0.61583334 0.33229166 0.58166665 0.32135418 0.56083333
6 0.3734375 0.74583334 0.415625 0.7183333 0.42291668 0.71666664 0.46875 0.74 0.48229167 0.74833333 0.490625 0.7441667 0.4921875 0.7266667 0.49114582 0.675 0.49166667 0.59833336 0.4953125 0.56916666 0.47760418 0.57 0.43854168 0.575 0.40885416 0.57666665 0.35416666 0.5725 0.34427083 0.5733333 0.34010416 0.57666665 0.34583333 0.64916664 0.35052082 0.75166667 0.3546875 0.7558333 0.3640625 0.75333333
6 0.378125 0.7658333 0.45364583 0.7316667 0.4234375 0.71666664 0.415625 0.7175 0.37395832 0.745
6 0.58385414 0.27416667 0.6234375 0.26 0.6692708 0.24083333 0.68645835 0.23583333 0.69114584 0.25916666 0.7005208 0.35166666 0.7015625 0.4125 0.71770835 0.455 0.71770835 0.48666668 0.6734375 0.48416665 0.6484375 0.47666666 0.6354167 0.47333333 0.6203125 0.48416665 0.6171875 0.48833334 0.61302084 0.48333332 0.60260415 0.39416668 0.590625 0.31416667 0.584375 0.3 0.5833333 0.2925
6 0.69635415 0.2675 0.73854166 0.23083334 0.7427083 0.22666667 0.74635416 0.23 0.77447915 0.29 0.7838542 0.31666666 0.79791665 0.3775 0.7973958 0.38333333 0.7885417 0.39083335 0.76145834 0.40333334 0.7104167 0.4375 0.70104164 0.41166666 0.7005208 0.35 0.6979167 0.32833335 0.6921875 0.27083334
6 0.56041664 0.42833334 0.5765625 0.43916667 0.6140625 0.48416665 0.6244792 0.49583334 0.63385415 0.50416666 0.64270836 0.5075 0.66041666 0.5083333 0.6765625 0.50333333 0.68958336 0.51416665 0.66614586 0.635 0.6510417 0.6816667 0.63645834 0.675 0.6244792 0.6383333 0.62083334 0.635 0.52916664 0.59833336 0.5234375 0.5925 0.5317708 0.5675 0.5395833 0.5325 0.54114586 0.5
6 0.5765625 0.80083334 0.55260414 0.7558333 0.52239585 0.7375 0.49166667 0.72083336 0.49166667 0.675 0.51875 0.61083335 0.5234375 0.59166664 0.52916664 0.59833336 0.62083334 0.635 0.625 0.6383333 0.63645834 0.6741667 0.5921875 0.815
6 0.40208334 0.0 0.39322916 0.0 0.3859375 0.004166667 0.3828125 0.0075 0.390625 0.030833334 0.41354167 0.13583334 0.44270834 0.034166668 0.45625 0.045 0.47552082 0.0775 0.4859375 0.09166667 0.49270833 0.105 0.49479166 0.11666667 0.52447915 0.10333333 0.54010415 0.09833334 0.553125 0.096666664 0.54114586 0.0
