1 0.31041667 0.0975 0.3546875 0.07416666 0.36354166 0.0575 0.37447917 0.055 0.39375 0.036666665 0.40260416 0.029166667 0.4078125 0.025833333 0.41197917 0.021666666 0.415625 0.038333334 0.41302082 0.07083333 0.40885416 0.08833333 0.41458333 0.10333333 0.45989582 0.29083332 0.46979168 0.3125 0.48177084 0.3275 0.484375 0.33916667 0.4296875 0.37166667 0.41927084 0.37833333 0.41458333 0.37666667 0.40520832 0.38833332 0.39583334 0.39333335 0.38541666 0.40333334 0.37760416 0.4075 0.37239584 0.40333334 0.37135416 0.39666668 0.37604168 0.3625 0.37916666 0.34833333 0.378125 0.33 0.33020833 0.15083334 0.3171875 0.1225 0.30989584 0.10166667
2 0.023958333 0.28666666 0.10729167 0.33166668 0.1296875 0.34416667 0.1796875 0.36583334 0.20416667 0.38 0.215625 0.385 0.20625 0.43583333 0.18802084 0.52916664 0.15572916 0.6825 0.14166667 0.7441667 0.13802083 0.75666666 0.083333336 0.7341667 0.054166667 0.715 0.008854167 0.7025 0.0 0.69666666 0.0 0.43666667 0.016145833 0.335 0.023958333 0.29166666
13 0.23177083 0.36833334 0.33125 0.42333335 0.35625 0.4375 0.36145833 0.45 0.35572916 0.48416665 0.31927082 0.64916664 0.3 0.7441667 0.29375 0.7625 0.28385416 0.77 0.18229167 0.715 0.15520833 0.705 0.15416667 0.70166665 0.15364583 0.69916666 0.21510416 0.40416667 0.21770833 0.38166666 0.2203125 0.37333333 0.22708334 0.37333333
3 0.34895834 0.59 0.3828125 0.59166664 0.4015625 0.58416665 0.42447916 0.5925 0.44427082 0.59833336 0.47447917 0.6091667 0.48125 0.6141667 0.4890625 0.62166667 0.48854166 0.635 0.47916666 0.70166665 0.4671875 0.7441667 0.4609375 0.75333333 0.45260417 0.75916666 0.44270834 0.7658333 0.44947916 0.7733333 0.46458334 0.785 0.46770832 0.795 0.46875 0.83416665 0.46354166 0.845 0.45260417 0.85583335 0.434375 0.85833335 0.39322916 0.85583335 0.3765625 0.855 0.36354166 0.855 0.34427083 0.8466667 0.33333334 0.845 0.32760417 0.84166664 0.32447916 0.83 0.3234375 0.8233333 0.32291666 0.81083333 0.32447916 0.7825 0.33020833 0.73 0.32916668 0.705 0.32291666 0.67083335 0.32552084 0.6333333 0.32760417 0.615 0.3328125 0.60583335 0.33854166 0.595 0.34270832 0.59166664
9 0.1953125 0.7241667 0.27760416 0.7683333 0.284375 0.77416664 0.2953125 0.76166666 0.30572918 0.72083336 0.31666666 0.795 0.325 0.845 0.33072916 0.9116667 0.334375 0.95416665 0.31510416 0.9608333 0.17864583 0.99583334 0.09427083 0.99916667 0.08020833 0.94666666 0.075520836 0.925 0.071875 0.8808333 0.1359375 0.7966667 0.16614583 0.7575 0.18802084 0.73583335
18 0.6067708 0.30833334 0.63177085 0.30583334 0.65833336 0.305 0.6734375 0.30583334 0.6828125 0.30916667 0.68854165 0.31833333 0.69114584 0.325 0.69166666 0.34083334 0.69114584 0.35833332 0.6921875 0.41916665 0.6901042 0.47 0.6880208 0.5075 0.6880208 0.51166666 0.69166666 0.51916665 0.6953125 0.53583336 0.69427085 0.5683333 0.69947916 0.60333335 0.6979167 0.62333333 0.6901042 0.63916665 0.64375 0.65166664 0.615625 0.65416664 0.59166664 0.6591667 0.578125 0.6575 0.56927085 0.6483333 0.5671875 0.63916665 0.5640625 0.62666667 0.565625 0.575 0.5625 0.55 0.55833334 0.48916668 0.553125 0.40416667 0.55104166 0.34583333 0.553125 0.33166668 0.55885416 0.32083333 0.5619792 0.31583333 0.5890625 0.31083333 0.6010417 0.30583334
8 0.484375 0.13333334 0.5171875 0.1275 0.55833334 0.123333335 0.5776042 0.12166667 0.59739584 0.123333335 0.60625 0.12916666 0.61041665 0.13666667 0.6119792 0.145 0.61302084 0.17333333 0.61354166 0.245 0.61510414 0.28666666 0.6171875 0.305 0.60625 0.30583334 0.6010417 0.30333334 0.59479165 0.30583334 0.57708335 0.31166667 0.56145835 0.31333333 0.55677086 0.31916666 0.55052084 0.33333334 0.55 0.3725 0.55572915 0.46666667 0.55625 0.48083332 0.54791665 0.48333332 0.5338542 0.48666668 0.51875 0.48666668 0.50104165 0.49083334 0.4953125 0.48666668 0.49114582 0.47333333 0.48854166 0.46333334 0.48958334 0.41416666 0.4875 0.33583334 0.48072916 0.24666667 0.47604167 0.16916667 0.4765625 0.15416667 0.47708333 0.14666666 0.48072916 0.1375
19 0.8328125 0.055833332 0.909375 0.039166667 0.9536458 0.025833333 0.96458334 0.025833333 0.97760415 0.28583333 0.9796875 0.32166666 0.9765625 0.32833335 0.96666664 0.33333334 0.9088542 0.3475 0.87291664 0.355 0.86041665 0.35916665 0.85052085 0.35916665 0.8453125 0.35916665 0.83802086 0.3525 0.83489585 0.33916667 0.83489585 0.31166667 0.8328125 0.2575 0.83125 0.19916667 0.82708335 0.16166666 0.82395834 0.13583334 0.8208333 0.096666664 0.82239586 0.0725
15 0.95520836 0.58416665 0.9635417 0.58416665 0.9635417 0.5933333 0.96510416 0.60833335 0.9682292 0.62083334 0.9682292 0.63166666 0.96302086 0.66 0.9265625 0.8066667 0.9046875 0.9116667 0.8953125 0.93 0.8859375 0.935 0.8859375 0.94666666 0.8828125 0.95166665 0.87291664 0.94666666 0.87395835 0.9375 0.87395835 0.9216667 0.8723958 0.9066667 0.8723958 0.88666666 0.9078125 0.72333336 0.93125 0.62916666 0.93958336 0.6091667 0.9458333 0.60083336 0.94895834 0.5941667 0.9536458 0.5908333
16 0.6109375 0.66333336 0.64375 0.7658333 0.6671875 0.8566667 0.6744792 0.8975 0.6635417 0.91083336 0.59791666 0.96166664 0.55364585 0.99916667 0.43020833 1.0 0.42239583 0.9875 0.390625 0.85833335 0.45 0.8616667 0.46458334 0.845 0.46927083 0.8408333 0.46927083 0.79 0.4609375 0.7758333 0.50416666 0.7525 0.5640625 0.69666666 0.5989583 0.66833335
4 0.0 0.0033333334 0.011979166 0.018333333 0.025520833 0.03 0.046354167 0.041666668 0.06614583 0.0425 0.08020833 0.039166667 0.096875 0.03 0.10520833 0.019166667 0.111979164 0.009166666 0.11875 0.0
