14 0.23802084 0.3475 0.26979166 0.34833333 0.28125 0.3525 0.29010418 0.37083334 0.29114583 0.355 0.2921875 0.3275 0.28854167 0.325 0.29635417 0.28666666 0.31666666 0.135 0.32604167 0.06 0.33385417 0.0475 0.33854166 0.035 0.340625 0.030833334 0.33958334 0.021666666 0.29375 0.024166666 0.28229168 0.0175 0.28854167 0.0 0.28229168 0.0 0.275 0.019166667 0.27291667 0.0275 0.27447918 0.0275 0.24583334 0.23833333 0.240625 0.30833334 0.23541667 0.32166666 0.2328125 0.3225 0.22760417 0.32583332 0.22291666 0.3375 0.22239584 0.33833334 0.22604166 0.355 0.22708334 0.36083335 0.234375 0.34916666
14 0.2921875 0.3225 0.29635417 0.31333333 0.30104166 0.30666667 0.32916668 0.32666665 0.3375 0.33333334 0.346875 0.34416667 0.3625 0.36166668 0.35989583 0.37083334 0.34479168 0.37583333 0.33177084 0.38166666 0.278125 0.40666667 0.290625 0.37 0.2921875 0.34916666 0.2921875 0.32666665
14 0.23958333 0.42916667 0.21302083 0.41583332 0.2015625 0.42333335 0.21614583 0.4625 0.21822916 0.47583333 0.21666667 0.53333336 0.23177083 0.525 0.240625 0.5283333 0.25625 0.51166666 0.25885418 0.505 0.37604168 0.4525 0.44479167 0.41416666 0.42083332 0.32666665 0.41197917 0.33666667 0.403125 0.3475 0.39010417 0.35333332 0.3609375 0.36583334 0.35989583 0.37166667 0.33125 0.38166666 0.2734375 0.41 0.246875 0.42333335
14 0.31614584 0.48416665 0.26822916 0.6433333 0.26979166 0.66083336 0.27135417 0.6675 0.26927084 0.6791667 0.25 0.665 0.21510416 0.6408333 0.21041666 0.6425 0.2 0.6333333 0.20572917 0.62 0.22395833 0.58916664 0.24427083 0.525 0.25677082 0.51166666 0.25833333 0.5058333 0.31666666 0.47833332
14 0.23802084 0.42333335 0.2140625 0.40416667 0.19791667 0.39583334 0.196875 0.4075 0.19895834 0.4175 0.19635417 0.43583333 0.19270833 0.45333335 0.15 0.6016667 0.13020833 0.67333335 0.1234375 0.6816667 0.119791664 0.68833333 0.10989583 0.695 0.0984375 0.725 0.108333334 0.73333335 0.15364583 0.76166666 0.16927083 0.77 0.17291667 0.76416665 0.1796875 0.7475 0.18125 0.6958333 0.20052083 0.635 0.19947916 0.6325 0.2046875 0.61083335 0.228125 0.5258333 0.21666667 0.53333336 0.21822916 0.4775 0.21614583 0.4625 0.20208333 0.4225 0.21302083 0.41583332 0.2375 0.42833334
14 0.45416668 0.4475 0.4328125 0.42916667 0.428125 0.42416668 0.42083332 0.4275 0.42239583 0.44083333 0.40052083 0.54833335 0.35729167 0.71166664 0.35104167 0.7291667 0.34635416 0.725 0.34270832 0.74083334 0.3890625 0.7708333 0.4078125 0.78583336 0.4078125 0.77416664 0.4078125 0.74 0.41927084 0.68583333 0.4671875 0.49166667
14 0.46875 0.49416667 0.47604167 0.5158333 0.47447917 0.52416664 0.47083333 0.5341667 0.475 0.5516667 0.50989586 0.52416664 0.53333336 0.5158333 0.5463542 0.50916666 0.5421875 0.48583335 0.52552086 0.47083333 0.509375 0.41083333 0.48020834 0.30916667 0.47239584 0.2875 0.44791666 0.2 0.4484375 0.18583333 0.4515625 0.175 0.44791666 0.1625 0.44166666 0.16 0.42083332 0.1725 0.3875 0.1925 0.378125 0.20083334 0.3765625 0.20666666 0.38125 0.22833334 0.39947918 0.24583334 0.421875 0.32916668 0.44583333 0.4175 0.45677084 0.45416668
14 0.4828125 0.30416667 0.56458336 0.100833334 0.5640625 0.0875 0.5609375 0.07666667 0.57135415 0.050833333 0.59583336 0.08083333 0.6119792 0.104166664 0.6145833 0.1175 0.61354166 0.135 0.5130208 0.375 0.50885415 0.38583332 0.515625 0.40333334 0.51197916 0.4175 0.5015625 0.38083333 0.4796875 0.31
14 0.5203125 0.44 0.534375 0.4475 0.55 0.45916668 0.5598958 0.47333333 0.5552083 0.4875 0.5484375 0.48916668 0.5442708 0.49583334 0.54270834 0.48666668 0.52552086 0.47166666 0.5171875 0.44
14 0.53333336 0.525 0.49739584 0.6958333 0.48385417 0.755 0.4828125 0.76416665 0.48489583 0.765 0.48489583 0.7916667 0.48072916 0.80333334 0.47291666 0.815 0.4578125 0.80583334 0.4078125 0.78 0.41145834 0.7608333 0.41510418 0.75 0.4203125 0.7366667 0.43229166 0.70416665 0.43958333 0.68583333 0.47239584 0.54333335 0.47447917 0.5525 0.50989586 0.5233333 0.5338542 0.5158333
14 0.0 0.81416667 0.0546875 0.6625 0.058333334 0.64 0.054166667 0.6408333 0.046875 0.62833333 0.069270834 0.63 0.102604166 0.63916665 0.1234375 0.65166664 0.1296875 0.66333336 0.125 0.6725 0.114583336 0.68583333 0.10625 0.6975 0.098958336 0.72333336 0.025 0.9458333 0.032291666 0.9658333 0.028645834 0.9825 0.022395832 0.995 0.0 0.9866667
14 0.18177083 0.8975 0.16302083 0.91083336 0.1359375 0.92083335 0.13854167 0.8833333 0.13645834 0.7975 0.15520833 0.79333335 0.15989584 0.8066667 0.18489583 0.8041667 0.25729167 0.80833334 0.35 0.80583334 0.3546875 0.80583334 0.36770833 0.7916667 0.37447917 0.82 0.3765625 0.8525 0.36927083 0.89166665 0.36197916 0.91 0.3484375 0.89916664 0.271875 0.8983333
14 0.6979167 1.0 0.68645835 0.8883333 0.69114584 0.8666667 0.6859375 0.85333335 0.6828125 0.8433333 0.6802083 0.82416666 0.6671875 0.8016667 0.721875 0.78333336 0.73020834 0.7733333 0.73333335 0.79583335 0.7369792 0.82666665 0.734375 0.84583336 0.7494792 1.0
14 0.49479166 0.75333333 0.48489583 0.7658333 0.4828125 0.76416665 0.4859375 0.74583334 0.496875 0.70166665 0.5125 0.65416664 0.52239585 0.66333336 0.5265625 0.68333334 0.55885416 0.7241667 0.66770834 0.845 0.6822917 0.85 0.69114584 0.86833334 0.68645835 0.8883333 0.6546875 0.95916665 0.6421875 0.9458333 0.6302083 0.91 0.56614584 0.8375 0.5052083 0.76916665
14 0.5203125 0.6025 0.5260417 0.6041667 0.55052084 0.59166664 0.6875 0.44 0.68072915 0.435 0.6859375 0.42 0.6979167 0.4325 0.7239583 0.48583335 0.73645836 0.51416665 0.7265625 0.51916665 0.7104167 0.5225 0.56927085 0.675 0.56145835 0.7025 0.5520833 0.7133333 0.5442708 0.705 0.5260417 0.66 0.51145834 0.6325 0.51666665 0.60583335
14 0.7661458 0.6475 0.7578125 0.65166664 0.74114585 0.665 0.7338542 0.6591667 0.74322915 0.6408333 0.74375 0.58 0.7416667 0.5475 0.74895835 0.54833335 0.7682292 0.56416667 0.91770834 0.5708333 0.9380208 0.56333333 0.9505208 0.55916667 0.9557292 0.56166667 0.9557292 0.58416665 0.9401042 0.61583334 0.9380208 0.635 0.94635415 0.64166665 0.9380208 0.64916664 0.8432292 0.6483333
14 0.75885415 0.5441667 0.74635416 0.54583335 0.7427083 0.5475 0.74114585 0.55083334 0.73541665 0.55583334 0.7291667 0.555 0.7161458 0.5541667 0.721875 0.5375 0.72239584 0.5208333 0.7270833 0.51916665 0.73645836 0.51416665 0.7265625 0.49 0.7348958 0.46 0.7416667 0.44833332 0.74635416 0.44833332 0.7609375 0.46416667 0.784375 0.46916667 0.91302085 0.47583333 0.9265625 0.47 0.93385416 0.45583335 0.9427083 0.45833334 0.9401042 0.49583334 0.9375 0.51916665 0.93541664 0.5341667 0.93125 0.56 0.92604166 0.55833334 0.92395836 0.5541667 0.83489585 0.55
14 0.84166664 0.3925 0.8364583 0.38916665 0.82708335 0.385 0.8203125 0.39666668 0.8151042 0.39583334 0.8229167 0.32583332 0.8255208 0.2925 0.83125 0.27833334 0.8359375 0.28916666 0.8390625 0.2975 0.85364586 0.30166668 0.92864585 0.3525 1.0 0.39416668 1.0 0.4875 0.984375 0.485 0.9447917 0.45833334 0.9348958 0.45333335 0.85520834 0.4025
14 0.9213542 0.0 0.87604165 0.108333334 0.828125 0.23166667 0.8125 0.24666667 0.8177083 0.2575 0.8411458 0.27666667 0.8578125 0.29166666 0.87291664 0.30083334 0.8744792 0.29416665 0.8697917 0.28166667 0.9067708 0.19166666 0.95989585 0.059166666 0.9760417 0.019166667 1.0 0.00083333335
14 0.7317708 0.46166667 0.7104167 0.4525 0.715625 0.425 0.7239583 0.405 0.73020834 0.38083333 0.76145834 0.19833334 0.76875 0.13333334 0.76875 0.108333334 0.76770836 0.0925 0.76875 0.08166666 0.784375 0.08083333 0.81458336 0.090833336 0.8354167 0.095 0.8411458 0.09833334 0.84010416 0.115 0.8375 0.13083333 0.82916665 0.14833333 0.815625 0.21 0.78229165 0.415 0.78489584 0.45333335 0.7807292 0.46833333 0.76145834 0.465 0.74791664 0.44833332 0.7421875 0.44833332 0.7348958 0.46166667 0.7348958 0.46166667
14 0.65520835 0.37666667 0.7057292 0.4025 0.7125 0.40666667 0.72291666 0.40916666 0.725 0.40083334 0.7192708 0.38916665 0.7213542 0.36833334 0.7640625 0.119166665 0.76875 0.10583334 0.76770836 0.09166667 0.76770836 0.08166666 0.775 0.08166666 0.775 0.07333333 0.71875 0.030833334 0.7083333 0.060833335 0.7109375 0.07 0.7104167 0.07666667 0.7161458 0.08916666 0.70208335 0.16 0.6984375 0.19416666 0.6713542 0.3475 0.6692708 0.36 0.6567708 0.365
14 0.6328125 0.1625 0.6296875 0.145 0.634375 0.12416667 0.6578125 0.135 0.70104164 0.15166667 0.7 0.17333333 0.69166666 0.19666667 0.68177086 0.20833333 0.65625 0.36583334 0.63645834 0.47083333 0.63958335 0.49333334 0.62083334 0.5133333 0.56458336 0.48916668 0.56822914 0.4675 0.5864583 0.43083334 0.5875 0.42333335 0.62916666 0.1925
14 0.2453125 0.2325 0.23177083 0.31083333 0.2328125 0.3225 0.22604166 0.3275 0.221875 0.34 0.22552083 0.35583332 0.22552083 0.365 0.22552083 0.37166667 0.2296875 0.37666667 0.22916667 0.38166666 0.22083333 0.38 0.21145834 0.37583333 0.20104167 0.36916667 0.16770834 0.34333333 0.1609375 0.33666667 0.15729167 0.32916668 0.1625 0.3225 0.16822916 0.32083333 0.18697916 0.2125 0.21302083 0.058333334 0.21666667 0.010833333 0.21927084 0.0 0.2296875 0.0 0.24166666 0.018333333 0.25572917 0.038333334 0.25833333 0.05 0.26614583 0.033333335 0.26979166 0.024166666 0.27395833 0.028333334 0.25833333 0.13666667
