18 0.27135417 0.36833334 0.26614583 0.45416668 0.26875 0.46833333 0.27239582 0.475 0.2953125 0.47916666 0.2296875 0.52166665 0.22708334 0.53 0.22395833 0.5491667 0.24427083 0.62666667 0.1890625 0.6625 0.14166667 0.69416666 0.134375 0.7008333 0.118229166 0.6975 0.115625 0.69166666 0.0953125 0.62666667 0.080729164 0.5758333 0.065625 0.5108333 0.06666667 0.49916667 0.0734375 0.48666668 0.10364583 0.46833333 0.1640625 0.43083334 0.25833333 0.37333333 0.26875 0.36666667
18 0.086979166 0.79 0.15104167 0.7316667 0.2484375 0.64416665 0.265625 0.71166664 0.2703125 0.74916667 0.28125 0.8025 0.28958333 0.8441667 0.3 0.855 0.2671875 0.8825 0.2015625 0.9533333 0.17447917 0.98083335 0.16666667 0.9891667 0.15208334 1.0 0.14375 1.0 0.13802083 0.995 0.12552084 0.9658333 0.108333334 0.91833335 0.09166667 0.875 0.07760417 0.84583336 0.072916664 0.83166665 0.071875 0.81583333 0.07864583 0.79833335
18 0.34166667 0.45166665 0.29583332 0.47916666 0.22916667 0.5225 0.22395833 0.5491667 0.24739583 0.6375 0.26302084 0.70166665 0.265625 0.7108333 0.2703125 0.75083333 0.28958333 0.8433333 0.29947916 0.8541667 0.30364582 0.85583335 0.32864583 0.8425 0.3546875 0.8275 0.38072917 0.81 0.415625 0.79083335 0.42239583 0.78583336 0.42760417 0.7708333 0.425 0.75083333 0.39583334 0.62916666 0.38020834 0.56166667 0.3734375 0.5341667 0.3703125 0.5183333 0.359375 0.46083334 0.34739584 0.4525
18 0.48645833 0.48833334 0.50416666 0.50083333 0.509375 0.51666665 0.50989586 0.52666664 0.48385417 0.615 0.46458334 0.67833334 0.45572916 0.695 0.45 0.7158333 0.43177083 0.79583335 0.42760417 0.81166667 0.4125 0.81916666 0.403125 0.8175 0.39010417 0.80583334 0.41614583 0.79083335 0.42291668 0.7841667 0.42864582 0.7683333 0.4234375 0.745 0.40677083 0.6716667 0.3921875 0.6125 0.37239584 0.52916664 0.38229167 0.48916668 0.43020833 0.49416667 0.48020834 0.49583334
18 0.36458334 0.48666668 0.3828125 0.48916668 0.37239584 0.52916664 0.36510417 0.4925
18 0.209375 0.055833332 0.26822916 0.0725 0.32708332 0.09833334 0.40104166 0.13166666 0.4125 0.13583334 0.41979167 0.1525 0.4171875 0.1725 0.40260416 0.26416665 0.40052083 0.26583335 0.36927083 0.25833333 0.35364583 0.265 0.28645834 0.24333334 0.28541666 0.24666667 0.2765625 0.25666666 0.27604166 0.26833335 0.2734375 0.30666667 0.26666668 0.30166668 0.20885417 0.2725 0.18333334 0.26166666 0.17291667 0.24166666 0.17552084 0.22833334 0.19322917 0.1625 0.19739583 0.1525 0.19947916 0.15666667 0.20052083 0.1475 0.19583334 0.1075 0.19635417 0.06916667 0.20416667 0.06
18 0.4078125 0.265 0.46197918 0.2675 0.48802084 0.26916668 0.49739584 0.28916666 0.49739584 0.31583333 0.4796875 0.33083335 0.47552082 0.33583334 0.47239584 0.35666665 0.49427083 0.425 0.4921875 0.47916666 0.4875 0.48666668 0.48072916 0.495 0.43072918 0.495 0.38333333 0.48916668 0.36458334 0.48666668 0.35885417 0.46083334 0.34427083 0.45 0.29479167 0.47916666 0.27239582 0.47416666 0.26875 0.46833333 0.26614583 0.455 0.271875 0.3675 0.2734375 0.30583334 0.2765625 0.25666666 0.28645834 0.24333334 0.35364583 0.26416665 0.36875 0.25833333 0.40052083 0.265
18 0.59270835 0.6766667 0.5375 0.64166665 0.50989586 0.62416667 0.5026042 0.62583333 0.49375 0.62916666 0.4859375 0.645 0.4484375 0.8041667 0.44791666 0.8175 0.45416668 0.8358333 0.54270834 0.88666666 0.57395834 0.8958333 0.5989583 0.92083335 0.62135416 0.93916667 0.63125 0.945 0.6458333 0.93916667 0.66302085 0.8825 0.6734375 0.8466667 0.6432292 0.7775 0.6171875 0.72 0.6088542 0.705 0.5984375 0.68666667
18 0.51145834 0.123333335 0.61822915 0.18833333 0.65052086 0.21 0.66614586 0.20916666 0.68645835 0.21833333 0.68958336 0.22083333 0.690625 0.22583333 0.6302083 0.32 0.62395835 0.3375 0.6223958 0.34333333 0.61875 0.32166666 0.61510414 0.30166668 0.60625 0.27083334 0.60052085 0.2525 0.59166664 0.24583334 0.5833333 0.24333334 0.49635416 0.3175 0.496875 0.28833333 0.48802084 0.27083334 0.4625 0.2675 0.490625 0.13833334 0.496875 0.13083333 0.50364584 0.12416667
18 0.63645834 0.3825 0.6515625 0.42166665 0.6723958 0.48083332 0.6640625 0.48083332 0.65625 0.48166665 0.5671875 0.59833336 0.5651042 0.6116667 0.5651042 0.62583333 0.578125 0.6533333 0.56927085 0.6475 0.5640625 0.645 0.5572917 0.62583333 0.5375 0.56333333 0.50625 0.46166667 0.49583334 0.425 0.47291666 0.35833332 0.475 0.3375 0.49635416 0.3175 0.5828125 0.245 0.59375 0.24666667 0.6020833 0.25333333 0.61510414 0.3 0.62135416 0.3375 0.621875 0.36 0.63072914 0.37416667
18 0.6770833 0.48666668 0.70104164 0.5375 0.7104167 0.56583333 0.7328125 0.6066667 0.7963542 0.72333336 0.8015625 0.74 0.79791665 0.75916666 0.784375 0.77916664 0.7515625 0.81916666 0.7390625 0.8375 0.72083336 0.8525 0.7083333 0.87416667 0.69635415 0.87666667 0.6921875 0.87666667 0.6734375 0.8466667 0.6177083 0.7216667 0.59791666 0.68583333 0.59270835 0.67583334 0.57916665 0.65416664 0.5651042 0.62583333 0.5651042 0.6116667 0.5671875 0.5991667 0.65625 0.48 0.66822916 0.48166665
18 0.76145834 0.0575 0.81145835 0.090833336 0.8776042 0.14 0.94114584 0.19 0.95416665 0.20166667 0.953125 0.2275 0.91770834 0.31833333 0.88958335 0.39 0.88125 0.395 0.87083334 0.395 0.8442708 0.37166667 0.8255208 0.35166666 0.796875 0.32333332 0.7864583 0.31083333 0.78541666 0.2975 0.771875 0.27916667 0.7651042 0.27583334 0.74635416 0.2475 0.7239583 0.21166667 0.71510416 0.2025 0.7114583 0.2025 0.7484375 0.06333333 0.75572914 0.06
18 0.6453125 0.39416668 0.67395836 0.43166667 0.69895834 0.47916666 0.721875 0.5258333 0.74427086 0.56416667 0.75885415 0.5825 0.76927084 0.58666664 0.7796875 0.57916665 0.828125 0.5075 0.8442708 0.48666668 0.8567708 0.46083334 0.8588542 0.44166666 0.85729164 0.42666668 0.8286458 0.37666667 0.78489584 0.31 0.75989586 0.2675 0.71875 0.20416667 0.71458334 0.20166667 0.70208335 0.2075 0.6859375 0.2325 0.6302083 0.32 0.621875 0.34166667 0.621875 0.35916665 0.63489586 0.38166666
18 0.66510415 0.42083332 0.66197914 0.4275 0.6557292 0.4325 0.65 0.4175 0.63697916 0.38416666 0.6536458 0.405 0.66510415 0.42
18 0.6875 0.46 0.675 0.47916666 0.671875 0.48166665 0.67864585 0.48833334 0.7026042 0.54083335 0.70989585 0.56416667 0.7630208 0.66083336 0.821875 0.54583335 0.834375 0.51916665 0.85052085 0.49583334 0.8640625 0.46833333 0.8640625 0.455 0.86041665 0.43833333 0.85729164 0.42833334 0.859375 0.44083333 0.8567708 0.46083334 0.8432292 0.48583335 0.82604164 0.51 0.78229165 0.57666665 0.76875 0.58666664 0.75885415 0.58166665 0.74427086 0.56416667 0.72239584 0.5258333 0.69114584 0.46333334
18 0.8609375 0.51666665 0.9375 0.5775 0.9557292 0.58916664 0.959375 0.6016667 0.959375 0.6175 0.9380208 0.6816667 0.91979164 0.7366667 0.9036458 0.77 0.9057292 0.7916667 0.8697917 0.8925 0.8588542 0.8983333 0.846875 0.8925 0.7973958 0.8575 0.7609375 0.8325 0.7604167 0.8208333 0.7583333 0.81083333 0.796875 0.76166666 0.80104166 0.74083334 0.79583335 0.7241667 0.78020835 0.695 0.78541666 0.6816667 0.7942708 0.66083336 0.80104166 0.64416665 0.82395834 0.55583334 0.83697915 0.52166665 0.84947914 0.5133333 0.8546875 0.5133333
18 0.063541666 0.24416667 0.13854167 0.26916668 0.1765625 0.28333333 0.26302084 0.30166668 0.271875 0.31666666 0.26875 0.3675 0.24739583 0.38 0.1578125 0.435 0.103125 0.46916667 0.07395833 0.48416665 0.0328125 0.47166666 0.026041666 0.45833334 0.023958333 0.44416666 0.047916666 0.2575 0.058854166 0.2475
