15 0.29322916 0.32416666 0.2875 0.31583333 0.2953125 0.31083333 0.3015625 0.30916667 0.30416667 0.31083333 0.30260417 0.32416666 0.30520833 0.325 0.30572918 0.3325 0.3109375 0.33333334 0.31510416 0.34 0.32083333 0.4 0.325 0.49916667 0.29166666 0.50916666 0.28697917 0.38166666 0.28541666 0.34916666 0.28802082 0.33916667 0.290625 0.335 0.29114583 0.32916668
15 0.30364582 0.6933333 0.2984375 0.69083333 0.29635417 0.6825 0.29270834 0.5625 0.32604167 0.555 0.32760417 0.6666667 0.32604167 0.6816667 0.32291666 0.69083333 0.31822917 0.69416666 0.31614584 0.7008333 0.32083333 0.70666665 0.3203125 0.70916665 0.31510416 0.7133333 0.31354168 0.71666664 0.30729166 0.71416664 0.30885416 0.7033333 0.303125 0.7025
15 0.33333334 0.7675 0.33385417 0.7816667 0.32604167 0.78333336 0.328125 0.7675 0.3234375 0.765 0.32291666 0.7583333 0.31875 0.74833333 0.31822917 0.7316667 0.32291666 0.7025 0.32291666 0.69166666 0.3265625 0.6816667 0.32916668 0.6591667 0.34479168 0.55 0.36979166 0.54333335 0.375 0.5341667 0.37604168 0.525 0.38177082 0.5225 0.38072917 0.5175 0.38958332 0.5175 0.34895834 0.74333334 0.34583333 0.75083333 0.33958334 0.755 0.33541667 0.7583333 0.33541667 0.7633333
15 0.39166668 0.6 0.384375 0.615 0.38072917 0.62666667 0.38020834 0.6325 0.38125 0.6458333 0.37864584 0.6483333 0.37916666 0.65416664 0.375 0.66333336 0.37760416 0.6691667 0.3828125 0.6725 0.384375 0.6616667 0.38854167 0.6641667 0.390625 0.65833336 0.39739582 0.65833336 0.4046875 0.65416664 0.41614583 0.63416666 0.40260416 0.62416667 0.39739582 0.6175 0.39583334 0.6075 0.39583334 0.6016667
15 0.38489583 0.5908333 0.38645834 0.57916665 0.3890625 0.57666665 0.39166668 0.5758333 0.39583334 0.5858333 0.3984375 0.5783333 0.4015625 0.58166665 0.40729168 0.57666665 0.4171875 0.57666665 0.52708334 0.6458333 0.60364586 0.695 0.6067708 0.7008333 0.60729164 0.70916665 0.6098958 0.71 0.6109375 0.7158333 0.61927086 0.71666664 0.6171875 0.7325 0.6098958 0.7316667 0.60833335 0.72833335 0.60364586 0.72833335 0.596875 0.7375 0.5921875 0.73833334 0.56822914 0.7291667 0.46458334 0.66583335 0.415625 0.6333333 0.4015625 0.62333333 0.39791667 0.61833334 0.39583334 0.6016667 0.39270833 0.6 0.39322916 0.595 0.38854167 0.5941667
15 0.440625 0.4925 0.40052083 0.58 0.40104166 0.58166665 0.40729168 0.57666665 0.4171875 0.57666665 0.43854168 0.59 0.46979168 0.5225
15 0.50625 0.57 0.5046875 0.5783333 0.5052083 0.58916664 0.50625 0.5975 0.50885415 0.6016667 0.5083333 0.60583335 0.50885415 0.6091667 0.5046875 0.6166667 0.50677085 0.62083334 0.5109375 0.62666667 0.515625 0.61333334 0.51770836 0.6141667 0.5203125 0.60833335 0.525 0.6075 0.52760416 0.605 0.53229165 0.5975
15 0.36041668 0.47916666 0.36666667 0.4425 0.3703125 0.43 0.37604168 0.42333335 0.38020834 0.42166665 0.38020834 0.4175 0.3828125 0.41416666 0.38645834 0.42083332 0.39635417 0.43416667 0.3984375 0.44833332 0.39114583 0.5075 0.3890625 0.50333333 0.38125 0.5058333 0.3796875 0.5 0.37239584 0.49916667 0.36770833 0.49333334 0.35833332 0.49166667
15 0.37864584 0.38416666 0.37291667 0.38083333 0.38072917 0.36583334 0.3828125 0.38083333 0.3890625 0.375 0.39114583 0.37916666 0.39583334 0.37666667 0.403125 0.37666667 0.5317708 0.5283333 0.5703125 0.57666665 0.5734375 0.58666664 0.5734375 0.60083336 0.5765625 0.6025 0.575 0.6066667 0.5833333 0.6116667 0.5828125 0.62 0.5776042 0.62916666 0.5755208 0.61833334 0.5734375 0.6166667 0.5703125 0.62166667 0.5671875 0.6166667 0.5598958 0.62083334 0.5515625 0.6175 0.5416667 0.6091667 0.5307292 0.59583336 0.503125 0.565 0.46197918 0.5125 0.44010416 0.4925 0.39583334 0.4325 0.3875 0.42333335 0.3828125 0.41583332 0.38229167 0.40333334 0.3828125 0.39666668 0.38020834 0.39583334 0.37864584 0.39166668
15 0.46770832 0.4325 0.5052083 0.35916665 0.5109375 0.35583332 0.5161458 0.355 0.51927084 0.35083333 0.5208333 0.35083333 0.52552086 0.33916667 0.5338542 0.3475 0.52708334 0.3575 0.52760416 0.36083335 0.5260417 0.365 0.52916664 0.37416667 0.5286458 0.38583332 0.490625 0.47916666 0.4609375 0.445
15 0.575 0.37166667 0.60260415 0.30333334 0.60833335 0.29166666 0.61927086 0.28666666 0.6244792 0.28166667 0.6265625 0.28083333 0.62708336 0.26916668 0.6333333 0.27416667 0.63854164 0.27916667 0.6322917 0.28583333 0.634375 0.29166666 0.6328125 0.29833335 0.634375 0.3125 0.6067708 0.395 0.5765625 0.37333333
15 0.5572917 0.41666666 0.521875 0.51666665 0.55 0.55083334 0.5885417 0.4425
15 0.5484375 0.39166668 0.54114586 0.38833332 0.54270834 0.38583332 0.54479164 0.37833333 0.54270834 0.375 0.54479164 0.37083334 0.5515625 0.3775 0.55364585 0.37666667 0.55833334 0.37833333 0.56041664 0.37166667 0.5640625 0.37 0.5755208 0.3725 0.62083334 0.405 0.7270833 0.48 0.7578125 0.50083333 0.7609375 0.51 0.7609375 0.5183333 0.76354164 0.52 0.7630208 0.52416664 0.7703125 0.52166665 0.7703125 0.5283333 0.7703125 0.53833336 0.76666665 0.5391667 0.7640625 0.5416667 0.7625 0.53833336 0.75885415 0.54083335 0.7546875 0.53833336 0.74791664 0.5441667 0.7421875 0.54583335 0.6953125 0.515 0.6880208 0.50916666 0.6703125 0.49833333 0.5807292 0.43666667 0.5546875 0.41416666 0.5515625 0.405 0.54895836 0.3975
15 0.634375 0.6508333 0.6614583 0.5541667 0.66822916 0.53583336 0.67395836 0.5283333 0.68125 0.5258333 0.68333334 0.5208333 0.68854165 0.51166666 0.6953125 0.5158333 0.690625 0.52416664 0.6947917 0.5316667 0.6921875 0.53833336 0.6958333 0.5525 0.66875 0.6575 0.6484375 0.64916664 0.64166665 0.64916664 0.634375 0.6566667
15 0.6276042 0.6791667 0.61927086 0.7175 0.6171875 0.7316667 0.61510414 0.73333335 0.59479165 0.8233333 0.59270835 0.8383333 0.5942708 0.85333335 0.5989583 0.86 0.5984375 0.8666667 0.59479165 0.87833333 0.59739584 0.8833333 0.60364586 0.885 0.60520834 0.87166667 0.61041665 0.875 0.61145836 0.865 0.6166667 0.8625 0.62135416 0.85583335 0.6557292 0.70666665 0.64375 0.70166665 0.6380208 0.69916666 0.63489586 0.69416666 0.63072914 0.68333334
15 0.62604165 0.67583334 0.62291664 0.6775 0.61875 0.67 0.61875 0.66083336 0.62916666 0.66083336 0.62864584 0.6566667 0.6354167 0.6575 0.6411458 0.6483333 0.65 0.6483333 0.6640625 0.6566667 0.67395836 0.66 0.74791664 0.68666667 0.8307292 0.7241667 0.8390625 0.73083335 0.8453125 0.74 0.8453125 0.74583334 0.8484375 0.74833333 0.8489583 0.75416666 0.8546875 0.7558333 0.85364586 0.76916665 0.85052085 0.7725 0.8484375 0.765 0.8442708 0.76666665 0.83958334 0.7758333 0.8307292 0.7775 0.79791665 0.7608333 0.6645833 0.71 0.6546875 0.70666665 0.6432292 0.7008333 0.6375 0.7 0.63125 0.68416667 0.6276042 0.67833334
15 0.1515625 0.5775 0.14375 0.5783333 0.14270833 0.565 0.15052083 0.56666666 0.15260416 0.56 0.1546875 0.56166667 0.159375 0.5516667 0.17239584 0.5416667 0.35416666 0.49166667 0.36770833 0.49333334 0.371875 0.49916667 0.37916666 0.5 0.38125 0.5058333 0.38854167 0.50333333 0.39114583 0.5075 0.390625 0.51666665 0.38125 0.5175 0.38177082 0.5225 0.37552083 0.525 0.375 0.5341667 0.36927083 0.5441667 0.16927083 0.5933333 0.1625 0.5875 0.1609375 0.58166665 0.15520833 0.5825
