12 0.75625 0.28666666 0.70520836 0.42583334 0.69166666 0.45166665 0.6421875 0.6125 0.6802083 0.6383333 0.721875 0.6666667 0.72552085 0.64 0.746875 0.56166667 0.77916664 0.49916667 0.81041664 0.41083333 0.83385414 0.35916665 0.78333336 0.30416667 0.7640625 0.28833333
12 0.359375 0.5075 0.4109375 0.66583335 0.43333334 0.64 0.44947916 0.625 0.503125 0.56166667 0.56041664 0.50333333 0.59947914 0.47333333 0.61822915 0.465 0.5953125 0.41916665 0.56875 0.34 0.490625 0.40416667 0.41197917 0.4675 0.38489583 0.49
12 0.35989583 0.6875 0.3625 0.5208333 0.41041666 0.6641667 0.4359375 0.6358333 0.45208332 0.62166667 0.51875 0.5466667 0.5609375 0.50333333 0.5953125 0.50916666 0.6010417 0.68833333 0.5083333 0.6875 0.4625 0.68583333 0.3796875 0.69
12 0.34895834 0.78583336 0.36666667 0.69166666 0.4015625 0.69 0.48333332 0.68583333 0.51927084 0.68833333 0.5390625 0.69916666 0.5630208 0.7025 0.6088542 0.7216667 0.5755208 0.90166664 0.49739584 0.8616667 0.40416667 0.8183333 0.38125 0.80583334
12 0.5182292 0.99916667 0.58385414 0.9533333 0.59270835 0.9533333 0.6010417 0.9683333 0.61145836 1.0
12 0.52552086 0.915 0.5442708 0.8858333 0.5755208 0.90166664 0.5963542 0.78833336 0.62083334 0.82666665 0.6515625 0.8808333 0.66822916 0.9066667 0.703125 0.96 0.7265625 1.0 0.6119792 1.0 0.6 0.96666664 0.5921875 0.9525 0.58489585 0.9533333 0.56614584 0.96666664 0.5416667 0.935
12 0.72447914 0.81 0.7348958 0.85333335 0.7348958 0.95166665 0.72864586 0.96416664 0.76875 0.9533333 0.8421875 0.94083333 0.9536458 0.9575 0.97864586 0.9241667 0.95989585 0.8575 0.95885414 0.80833334 0.94427085 0.7583333 0.8421875 0.7891667 0.7942708 0.7975
12 0.64427084 0.84 0.75 0.7866667 0.78697914 0.76916665 0.81145835 0.765 0.85 0.74333334 0.8677083 0.7183333 0.8432292 0.57166666 0.7265625 0.635 0.72552085 0.64 0.72291666 0.66833335 0.69739586 0.65 0.63854164 0.6825 0.6177083 0.69 0.628125 0.7375
12 0.62708336 0.62333333 0.6359375 0.6825 0.64166665 0.68 0.696875 0.65 0.6421875 0.6125 0.63125 0.62
12 0.8411458 0.49166667 0.8286458 0.49833333 0.80885416 0.505 0.75625 0.5425 0.74791664 0.55916667 0.7270833 0.635 0.8432292 0.5708333 0.86041665 0.66833335 0.87708336 0.655 0.86822915 0.62416667 0.86302084 0.5908333 0.8546875 0.55833334 0.8442708 0.525 0.8421875 0.50666666 0.8432292 0.4975
12 0.8098958 0.22666667 0.7807292 0.29916668 0.834375 0.35916665 0.81041664 0.41333333 0.8833333 0.50083333 0.9322917 0.57166666 0.984375 0.48583335 0.99791664 0.46 0.96666664 0.41916665 0.93072915 0.36833334 0.8598958 0.28416666
