15 0.2921875 0.10583334 0.28645834 0.09833334 0.28489584 0.10333333 0.28333333 0.105 0.284375 0.1075 0.28333333 0.11666667 0.28854167 0.11666667 0.29166666 0.1225 0.29375 0.1225 0.29583332 0.13333334 0.30416667 0.14333333 0.31875 0.15416667 0.32864583 0.1275 0.3375 0.11333334 0.34270832 0.11083333 0.31927082 0.096666664 0.30729166 0.0925 0.3 0.09583333 0.29739583 0.1025 0.29375 0.10166667
15 0.4703125 0.19916667 0.36041668 0.125 0.359375 0.12583333 0.36197916 0.14166667 0.35677084 0.16 0.35052082 0.17583333 0.4015625 0.20833333 0.46510416 0.25 0.478125 0.25666666 0.48385417 0.25333333 0.48541668 0.25083333 0.48802084 0.2525 0.49166667 0.25 0.5005208 0.25083333 0.50104165 0.24166666 0.49895832 0.23333333 0.4953125 0.23583333 0.49322918 0.23166667 0.490625 0.23166667 0.49166667 0.22166666 0.48645833 0.2125 0.475 0.2025
15 0.32708332 0.0175 0.3203125 0.010833333 0.31614584 0.02 0.32239583 0.024166666 0.3234375 0.03 0.32760417 0.035 0.3296875 0.045 0.33541667 0.055833332 0.36041668 0.07666667 0.47083333 0.155 0.51197916 0.18166667 0.5171875 0.18166667 0.52447915 0.17666666 0.5286458 0.17833333 0.53125 0.17416666 0.5395833 0.17916666 0.54010415 0.16583334 0.5317708 0.16416667 0.5317708 0.16166666 0.52916664 0.16 0.52708334 0.15 0.5229167 0.13916667 0.5130208 0.13 0.48802084 0.1125 0.35052082 0.013333334 0.34375 0.01 0.33854166 0.01 0.33333334 0.016666668 0.33020833 0.015833333
15 0.428125 0.013333334 0.425 0.018333333 0.42395833 0.0225 0.43177083 0.028333334 0.43072918 0.034166668 0.43385416 0.038333334 0.4359375 0.04916667 0.44114584 0.061666667 0.46927083 0.09 0.5140625 0.13 0.5229167 0.13916667 0.5416667 0.16083333 0.5890625 0.20666666 0.60364586 0.21583334 0.6098958 0.2175 0.61614585 0.21166667 0.61875 0.21666667 0.6223958 0.21333334 0.6296875 0.21833333 0.63385415 0.21 0.6244792 0.205 0.625 0.19833334 0.6223958 0.19666667 0.6197917 0.1975 0.6197917 0.18583333 0.6166667 0.17666666 0.57135415 0.13 0.4703125 0.0325 0.4546875 0.019166667 0.44947916 0.016666668 0.44114584 0.020833334 0.43802083 0.0175 0.43489584 0.02
15 0.23802084 0.6425 0.22916667 0.64 0.22916667 0.65416664 0.23020834 0.66 0.2375 0.655 0.2390625 0.65833336 0.24322917 0.66 0.246875 0.6691667 0.25520834 0.6716667 0.34010416 0.66333336 0.415625 0.66083336 0.4609375 0.66083336 0.4671875 0.6558333 0.47135416 0.6458333 0.47447917 0.64666665 0.4765625 0.6433333 0.4828125 0.6458333 0.48489583 0.63916665 0.48541668 0.6308333 0.47916666 0.62916666 0.47708333 0.63 0.475 0.625 0.471875 0.62416667 0.4671875 0.615 0.459375 0.6116667 0.36354166 0.6116667 0.30260417 0.6175 0.2546875 0.6225 0.2484375 0.625 0.24427083 0.63416666 0.24270834 0.63916665 0.2390625 0.6383333
15 0.30416667 0.58916664 0.296875 0.5941667 0.2984375 0.60083336 0.30208334 0.6066667 0.30677083 0.59833336 0.31197917 0.5966667 0.31927082 0.60083336 0.32604167 0.5991667 0.42708334 0.5025 0.5 0.43666667 0.503125 0.42666668 0.503125 0.4175 0.50677085 0.41833332 0.5072917 0.41166666 0.5130208 0.4075 0.51197916 0.4 0.5083333 0.395 0.5026042 0.40083334 0.5 0.39833334 0.49895832 0.40083334 0.49166667 0.395 0.48489583 0.39666668 0.46666667 0.40916666 0.41875 0.45416668 0.3296875 0.5366667 0.3125 0.555 0.30677083 0.56333333 0.30520833 0.57416666 0.30625 0.5833333 0.303125 0.585
15 0.48958334 0.80833334 0.48125 0.81166667 0.48229167 0.82 0.490625 0.83166665 0.49322918 0.8225 0.49583334 0.82416666 0.49791667 0.8225 0.50416666 0.8258333 0.51197916 0.8258333 0.6432292 0.6958333 0.6802083 0.655 0.6828125 0.6425 0.6822917 0.6375 0.68541664 0.6325 0.6921875 0.62833333 0.68645835 0.61083335 0.6802083 0.6191667 0.67760414 0.61583334 0.67291665 0.62083334 0.6635417 0.6166667 0.6557292 0.62166667 0.6109375 0.6691667 0.5630208 0.7175 0.49947917 0.78 0.49375 0.79333335 0.49375 0.80083334 0.49010417 0.805
15 0.521875 0.33583334 0.5229167 0.3275 0.5208333 0.32333332 0.51197916 0.32583332 0.515625 0.33833334 0.51458335 0.345 0.509375 0.35333332 0.5078125 0.36666667 0.51770836 0.43583333 0.5515625 0.63166666 0.5609375 0.67 0.5677083 0.6791667 0.57135415 0.68 0.57447916 0.68833333 0.5734375 0.6975 0.5796875 0.69916666 0.58177084 0.6975 0.5807292 0.68833333 0.5828125 0.685 0.58229166 0.67583334 0.5875 0.66333336 0.5875 0.6458333 0.5708333 0.56083333 0.5463542 0.41583332 0.5359375 0.355 0.5307292 0.34416667 0.525 0.3425 0.525 0.3375
15 0.5229167 0.1975 0.5239583 0.18916667 0.51927084 0.18583333 0.50989586 0.19166666 0.51354164 0.19666667 0.51458335 0.2025 0.5104167 0.205 0.5125 0.21166667 0.5083333 0.22166666 0.51197916 0.2375 0.5572917 0.39083335 0.5942708 0.51666665 0.60052085 0.5258333 0.6046875 0.5283333 0.60625 0.5341667 0.609375 0.53583336 0.6119792 0.5475 0.62291664 0.54 0.61822915 0.52916664 0.6203125 0.52416664 0.61927086 0.5208333 0.62083334 0.515 0.62291664 0.50416666 0.61822915 0.48416665 0.55 0.25666666 0.5364583 0.20916666 0.5317708 0.20416667 0.525 0.20416667
15 0.5463542 0.19166666 0.54114586 0.19416666 0.5390625 0.20166667 0.5442708 0.20833333 0.5442708 0.21416667 0.546875 0.2175 0.5473958 0.22833334 0.5484375 0.23583333 0.6322917 0.37583333 0.68177086 0.46416667 0.68958336 0.46833333 0.6927083 0.46833333 0.6947917 0.4725 0.69947916 0.47 0.703125 0.48083332 0.7083333 0.4775 0.7109375 0.46833333 0.70520836 0.46166667 0.70677084 0.45833334 0.7046875 0.45583335 0.70520836 0.44666666 0.7015625 0.43416667 0.684375 0.39916667 0.5963542 0.245 0.56822914 0.20333333 0.559375 0.19916667 0.55364585 0.2025 0.55104166 0.19833334 0.5494792 0.2
15 0.35364583 0.10666667 0.35052082 0.10666667 0.35 0.11083333 0.34322917 0.11083333 0.3375 0.11333334 0.32864583 0.1275 0.2515625 0.33833334 0.234375 0.3825 0.23125 0.39583334 0.23229167 0.40666667 0.2359375 0.41333333 0.2359375 0.42 0.22864583 0.42416668 0.23229167 0.43583333 0.23958333 0.44 0.24166666 0.42916667 0.2453125 0.43 0.246875 0.42416668 0.25677082 0.4175 0.26614583 0.39916667 0.35625 0.16083333 0.36197916 0.1425 0.35989583 0.12583333 0.36354166 0.119166665 0.359375 0.11333334 0.365625 0.105 0.35833332 0.0975
