9 0.12135417 0.37583333 0.092708334 0.415 0.071875 0.445 0.0296875 0.50916666 0.015104166 0.52666664 0.0 0.5475 0.0 0.60333335 0.040625 0.6525 0.0609375 0.675 0.08020833 0.7033333 0.111979164 0.74916667 0.1421875 0.80333334 0.16354166 0.83666664 0.1703125 0.82916665 0.18802084 0.795 0.2 0.77166665 0.20625 0.77 0.21510416 0.7583333 0.22760417 0.7341667 0.22083333 0.7275 0.19479166 0.68583333 0.15 0.61333334 0.14479166 0.60583335 0.1734375 0.56916666 0.19895834 0.5316667 0.20625 0.52166665 0.17760417 0.47416666 0.16510417 0.44666666 0.14739583 0.41416666 0.134375 0.39666668 0.12604167 0.38083333
9 0.2328125 0.48583335 0.22864583 0.4925 0.22552083 0.4975 0.20677084 0.5225 0.20520833 0.5225 0.18177083 0.5575 0.1609375 0.5858333 0.14479166 0.60583335 0.1578125 0.62583333 0.20416667 0.7008333 0.2203125 0.7275 0.23020834 0.7375 0.25520834 0.77 0.259375 0.7825 0.27760416 0.8075 0.28072917 0.8016667 0.296875 0.7708333 0.33125 0.69916666 0.37291667 0.6141667 0.40625 0.55333334 0.42864582 0.515 0.43333334 0.51 0.42552084 0.49833333 0.40416667 0.46833333 0.38802084 0.45 0.37760416 0.43666667 0.36822918 0.4325 0.35364583 0.41083333 0.35260418 0.41583332 0.33229166 0.41583332 0.31510416 0.43 0.2921875 0.45 0.27083334 0.46833333 0.26041666 0.47166666 0.25208333 0.47833332 0.234375 0.485
9 0.49947917 0.6791667 0.4796875 0.6925 0.46979168 0.7 0.4296875 0.73 0.425 0.7375 0.42135417 0.74833333 0.41041666 0.755 0.371875 0.76 0.3171875 0.7808333 0.29947916 0.7875 0.30052084 0.8041667 0.31041667 0.88416666 0.31822917 0.92583334 0.33385417 1.0 0.4203125 1.0 0.42447916 1.0 0.44479167 0.98333335 0.46614584 0.98 0.5171875 0.9583333 0.5385417 0.95 0.565625 0.94166666 0.5708333 0.93916667 0.5619792 0.8858333 0.5385417 0.7708333 0.5140625 0.76666665 0.4890625 0.76 0.48854166 0.74916667 0.49895832 0.68333334
9 0.39270833 0.07 0.37864584 0.093333334 0.3546875 0.1325 0.3359375 0.1525 0.30520833 0.19833334 0.278125 0.2375 0.26822916 0.2475 0.26666668 0.25083333 0.29375 0.2925 0.3125 0.31833333 0.3265625 0.32916668 0.3328125 0.33833334 0.34739584 0.36416668 0.37604168 0.4125 0.41927084 0.48083332 0.43958333 0.5083333 0.44479167 0.50166667 0.46770832 0.46416667 0.4890625 0.425 0.4890625 0.42083332 0.4875 0.41333333 0.4984375 0.40166667 0.48645833 0.35416666 0.48385417 0.345 0.47291666 0.3275 0.45208332 0.26583335 0.43125 0.2225 0.40989584 0.1625 0.41197917 0.16 0.43385416 0.14166667 0.42552084 0.125 0.40364584 0.08916666 0.3953125 0.07
9 0.38697916 0.43166667 0.38020834 0.44 0.38854167 0.45 0.40364584 0.46833333 0.43385416 0.51 0.428125 0.515 0.428125 0.51666665 0.40520832 0.555 0.3828125 0.5966667 0.36927083 0.62166667 0.33072916 0.7 0.32083333 0.7216667 0.325 0.73083335 0.34375 0.7708333 0.36875 0.7608333 0.371875 0.76 0.38854167 0.7575 0.40104166 0.74083334 0.43020833 0.7025 0.44635418 0.68083334 0.45572916 0.6675 0.47864583 0.64416665 0.5104167 0.61 0.5109375 0.5825 0.51197916 0.57 0.5171875 0.5125 0.50625 0.49166667 0.49947917 0.475 0.49427083 0.4575 0.48385417 0.43583333 0.4671875 0.465 0.44895834 0.49583334 0.43958333 0.5083333 0.4171875 0.4775 0.38802084 0.43083334
9 0.52760416 0.5541667 0.53333336 0.615 0.5395833 0.6458333 0.5463542 0.6766667 0.55104166 0.69166666 0.54791665 0.70666665 0.5552083 0.74583334 0.5677083 0.81166667 0.57708335 0.80916667 0.62395835 0.77916664 0.6453125 0.77166665 0.65729165 0.7633333 0.6901042 0.74833333 0.72760415 0.7375 0.7505208 0.73 0.7760417 0.7175 0.78333336 0.7158333 0.78125 0.695 0.7708333 0.66083336 0.76458335 0.62333333 0.7578125 0.59583336 0.753125 0.56 0.734375 0.47166666 0.728125 0.4525 0.70104164 0.46583334 0.6828125 0.48083332 0.67395836 0.49 0.64635414 0.50083333 0.6197917 0.5175 0.6140625 0.5275 0.6015625 0.5341667 0.58802086 0.53833336 0.56875 0.54083335 0.54010415 0.55083334 0.54010415 0.55083334
9 0.6 0.41083333 0.57708335 0.42833334 0.5494792 0.45333335 0.5260417 0.47166666 0.5203125 0.46416667 0.51666665 0.5183333 0.5109375 0.5783333 0.50989586 0.6175 0.50625 0.63666666 0.5026042 0.6508333 0.4984375 0.68416667 0.48854166 0.75166667 0.4890625 0.75916666 0.5140625 0.76666665 0.5609375 0.775 0.55364585 0.7375 0.5484375 0.7058333 0.5515625 0.6925 0.54583335 0.675 0.5385417 0.6425 0.53333336 0.6141667 0.52760416 0.5541667 0.56822914 0.54083335 0.58802086 0.53833336 0.60260415 0.53333336 0.6140625 0.5275 0.61927086 0.5175 0.6458333 0.50166667 0.6744792 0.48916668 0.6828125 0.48166665 0.68854165 0.4375 0.68385416 0.43583333 0.65729165 0.43 0.65416664 0.425 0.6421875 0.42416668 0.60260415 0.41
9 0.6067708 0.79 0.64635414 0.8041667 0.6510417 0.7675 0.64375 0.7725 0.6244792 0.77916664
9 0.5609375 0.0475 0.52916664 0.07416666 0.43645832 0.14083333 0.42239583 0.15166667 0.41197917 0.15916666 0.40989584 0.16333333 0.43125 0.2225 0.45052084 0.26166666 0.4734375 0.32916668 0.48333332 0.34333333 0.49895832 0.4025 0.503125 0.4175 0.51875 0.45583335 0.5260417 0.47166666 0.5520833 0.45083332 0.5765625 0.42833334 0.60260415 0.40916666 0.6375 0.38 0.6666667 0.3525 0.665625 0.34916666 0.65833336 0.32583332 0.6479167 0.29333332 0.63489586 0.2575 0.6302083 0.245 0.6140625 0.2025 0.58697915 0.14 0.5729167 0.085 0.5671875 0.07083333 0.5619792 0.050833333
9 0.59270835 0.07666667 0.58229166 0.09166667 0.57708335 0.100833334 0.58697915 0.14166667 0.61875 0.21333334 0.63489586 0.25666666 0.6479167 0.29416665 0.6666667 0.3525 0.63645834 0.38083333 0.6015625 0.41 0.64166665 0.42416668 0.65416664 0.425 0.6578125 0.43 0.684375 0.435 0.7057292 0.39166668 0.7234375 0.36666667 0.74791664 0.3275 0.7526042 0.31416667 0.74322915 0.3 0.7192708 0.275 0.6947917 0.23583333 0.67604166 0.20666666 0.65 0.16583334 0.634375 0.14166667 0.6177083 0.11
9 0.24166666 0.1625 0.225 0.17916666 0.2109375 0.19416666 0.2015625 0.205 0.1796875 0.22083333 0.10729167 0.29583332 0.09166667 0.31333333 0.096354164 0.32083333 0.11666667 0.3575 0.12760417 0.38 0.1484375 0.41416666 0.16875 0.45333335 0.17760417 0.475 0.18541667 0.48833334 0.20677084 0.5225 0.2265625 0.49583334 0.2328125 0.48583335 0.25208333 0.47833332 0.2609375 0.47166666 0.27083334 0.46833333 0.29166666 0.45083332 0.3140625 0.43083334 0.33229166 0.41583332 0.353125 0.41666666 0.353125 0.41083333 0.33333334 0.37333333 0.31510416 0.34 0.2984375 0.30833334 0.29270834 0.29083332 0.2671875 0.25083333 0.26875 0.2475 0.27239582 0.24333334 0.25989583 0.20833333 0.24375 0.16666667
