2 0.6078125 0.28833333 0.5890625 0.36083335 0.5921875 0.35833332 0.584375 0.56333333 0.5807292 0.65833336 0.6479167 0.6625 0.7192708 0.6675 0.74895835 0.6666667 0.75208336 0.6475 0.759375 0.6041667 0.75677085 0.58166665 0.7572917 0.51666665 0.7625 0.44333333 0.76458335 0.34833333 0.76770836 0.31333333 0.7671875 0.30583334 0.7609375 0.30083334 0.684375 0.295 0.64270836 0.28916666
2 0.4703125 0.08166666 0.50208336 0.096666664 0.53697914 0.1225 0.5541667 0.13 0.56875 0.13666667 0.58958334 0.15083334 0.603125 0.15666667 0.6140625 0.16333333 0.6234375 0.18333334 0.625 0.19416666 0.6234375 0.20916666 0.62135416 0.22583333 0.61041665 0.2725 0.60729164 0.2875 0.59166664 0.35083333 0.58958334 0.36 0.5765625 0.425 0.56927085 0.47 0.5625 0.5025 0.55364585 0.5 0.55677086 0.41583332 0.50104165 0.41 0.40833333 0.39916667 0.39947918 0.39833334 0.39791667 0.3975 0.4046875 0.36666667 0.43125 0.25416666 0.45364583 0.155 0.46770832 0.096666664 0.46822917 0.08833333
2 0.315625 0.051666666 0.34739584 0.0525 0.42760417 0.0675 0.4875 0.075 0.51979166 0.07833333 0.54583335 0.08083333 0.5453125 0.10666667 0.5453125 0.12416667 0.54114586 0.123333335 0.52916664 0.11666667 0.5046875 0.09916667 0.4890625 0.09 0.471875 0.08083333 0.46979168 0.0825 0.46822917 0.090833336 0.46458334 0.11 0.44479167 0.19416666 0.42291668 0.28833333 0.4109375 0.34 0.37239584 0.33083335 0.3484375 0.3225 0.3171875 0.31833333 0.3015625 0.3125 0.30729166 0.1875 0.31145832 0.09 0.31354168 0.059166666
2 0.13125 0.19916667 0.13958333 0.19916667 0.14739583 0.2 0.1921875 0.18833333 0.22135417 0.185 0.25625 0.18166667 0.28541666 0.1725 0.3015625 0.16833334 0.3078125 0.165 0.30625 0.20916666 0.30260417 0.285 0.3015625 0.31166667 0.30833334 0.315 0.33802083 0.32083333 0.35364583 0.32416666 0.38333333 0.335 0.3890625 0.395 0.3796875 0.39833334 0.35052082 0.38 0.34739584 0.39416668 0.32291666 0.39083335 0.31614584 0.43916667 0.2234375 0.46 0.16041666 0.4775 0.15520833 0.47416666 0.14947917 0.44416666 0.13958333 0.32083333 0.1328125 0.2675 0.1296875 0.205
2 0.38697916 0.39833334 0.40416667 0.39916667 0.42604166 0.40166667 0.46979168 0.40666667 0.5072917 0.41083333 0.5442708 0.415 0.5572917 0.41666666 0.55364585 0.48333332 0.55364585 0.4975 0.475 0.45333335 0.40885416 0.41666666 0.390625 0.405 0.38020834 0.39833334 0.3859375 0.39666668
2 0.33125 0.6725 0.40364584 0.7125 0.45885417 0.7441667 0.50104165 0.76666665 0.51875 0.7758333 0.5203125 0.76 0.5359375 0.69083333 0.5671875 0.5425 0.57395834 0.51 0.5640625 0.50333333 0.5552083 0.5 0.5494792 0.495 0.4703125 0.45083332 0.38697916 0.40333334 0.35729167 0.38416666 0.35052082 0.38 0.34635416 0.3975 0.32708332 0.49166667 0.32291666 0.51916665 0.31614584 0.5491667 0.30625 0.5825 0.29635417 0.62166667 0.28958333 0.6525 0.29635417 0.6525 0.32291666 0.6675 0.328125 0.6691667
2 0.309375 0.5708333 0.3140625 0.5566667 0.31666666 0.545 0.3203125 0.53 0.325 0.50666666 0.3296875 0.4775 0.3375 0.44083333 0.346875 0.395 0.34583333 0.39333335 0.328125 0.39083335 0.32239583 0.39083335 0.31666666 0.43666667 0.31666666 0.43916667 0.31666666 0.445 0.31302083 0.50916666 0.31041667 0.5566667 0.30885416 0.5708333
2 0.14583333 0.58916664 0.196875 0.52666664 0.25052083 0.46583334 0.25885418 0.46166667 0.26770833 0.45 0.2921875 0.445 0.303125 0.44166666 0.3140625 0.46833333 0.31510416 0.46916667 0.3125 0.5158333 0.31041667 0.5525 0.30833334 0.56666666 0.30885416 0.57 0.30885416 0.5733333 0.303125 0.5941667 0.29583332 0.6225 0.29010418 0.6508333 0.28958333 0.6525 0.29427084 0.6525 0.2984375 0.6533333 0.31354168 0.6625 0.32708332 0.6691667 0.3328125 0.67333335 0.34895834 0.6816667 0.37708333 0.6983333 0.4109375 0.71666664 0.43020833 0.72833335 0.3625 0.80333334 0.30833334 0.87 0.29635417 0.88666666 0.27916667 0.805 0.25 0.6691667 0.240625 0.62166667 0.23385416 0.61 0.178125 0.6433333 0.17135416 0.6475 0.16145833 0.61833334 0.1515625 0.6016667 0.14479166 0.59166664
2 0.067708336 0.70666665 0.12916666 0.67333335 0.17135416 0.6458333 0.21354167 0.62166667 0.23072916 0.6125 0.2328125 0.61 0.2390625 0.61583334 0.24114583 0.6225 0.25729167 0.70416665 0.2875 0.8433333 0.296875 0.8883333 0.309375 0.9558333 0.31041667 0.9816667 0.28072917 1.0 0.125 1.0 0.07447917 0.73833334 0.06822917 0.7133333
2 0.6723958 0.0 0.7026042 0.038333334 0.72239584 0.0 0.7078125 0.0
