20 0.2375 0.0075 0.23802084 0.0 0.0734375 0.0 0.07395833 0.025833333 0.08541667 0.06916667 0.10364583 0.09583333 0.114583336 0.096666664 0.128125 0.1425 0.11875 0.19 0.11666667 0.20583333 0.094791666 0.24666667 0.083333336 0.28666666 0.0875 0.375 0.096875 0.47 0.20208333 0.45 0.246875 0.4425 0.23385416 0.3625 0.22395833 0.26333332 0.23385416 0.21333334 0.2375 0.18666667 0.2359375 0.12833333 0.23072916 0.09583333 0.2375 0.033333335
20 0.28541666 0.29 0.240625 0.40916666 0.246875 0.44166666 0.365625 0.42833334 0.37552083 0.44 0.37552083 0.45166665 0.38333333 0.45583335 0.39739582 0.48416665 0.41666666 0.43 0.40833333 0.40083334 0.296875 0.2875
20 0.30833334 0.6775 0.30520833 0.6933333 0.26666668 0.73833334 0.22239584 0.795 0.19947916 0.8283333 0.17916666 0.87416667 0.16979167 0.89666665 0.16614583 0.8625 0.11875 0.815 0.090625 0.79 0.086979166 0.75916666 0.1125 0.6925 0.17708333 0.68 0.26822916 0.67083335
20 0.29322916 0.7758333 0.26614583 0.73833334 0.20364584 0.8208333 0.19895834 0.8283333 0.21770833 0.8958333 0.24375 0.9508333 0.25625 0.9791667 0.27083334 0.98083335 0.3421875 0.90416664 0.38385418 0.855 0.42604166 0.7891667 0.45833334 0.7266667 0.475 0.695 0.45677084 0.62833333 0.41770834 0.52666664 0.396875 0.48416665 0.3828125 0.455 0.3765625 0.45166665 0.37552083 0.65166664 0.37291667 0.6716667 0.359375 0.6816667 0.31927082 0.6775 0.30989584 0.71 0.3046875 0.73833334 0.30052084 0.7608333
20 0.53333336 1.0 0.5239583 0.9533333 0.5161458 0.92833334 0.51354164 0.9025 0.5015625 0.8883333 0.4640625 0.89166665 0.42552084 0.9075 0.4125 0.925 0.40625 0.94166666 0.39635417 0.9533333 0.36145833 0.9716667 0.325 0.9866667 0.27916667 0.9916667 0.26041666 1.0
20 0.54375 0.70166665 0.5208333 0.68666667 0.503125 0.68416667 0.47447917 0.68916667 0.475 0.695 0.428125 0.78333336 0.38854167 0.84833336 0.3484375 0.8983333 0.359375 0.9716667 0.39635417 0.95416665 0.40677083 0.94 0.4109375 0.925 0.42395833 0.9075 0.46302083 0.8908333 0.50104165 0.8883333 0.5125 0.90166664 0.5151042 0.92 0.55052084 0.9075 0.63385415 0.90166664 0.6953125 0.8725 0.71197915 0.8475 0.71770835 0.81916666 0.70625 0.78333336 0.68958336 0.6983333 0.671875 0.6333333 0.6645833 0.62916666 0.60833335 0.66 0.584375 0.6775 0.5578125 0.7
20 0.7885417 0.5933333 0.78489584 0.6041667 0.77708334 0.76916665 0.7729167 0.9175 0.77760416 0.94916666 0.77552086 1.0 0.9270833 1.0 0.91875 0.9558333 0.928125 0.87 0.928125 0.8041667 0.9348958 0.71 0.93125 0.6433333 0.921875 0.62333333 0.88072914 0.6066667 0.79583335 0.58916664
20 0.78333336 0.49916667 0.61822915 0.46083334 0.48489583 0.41 0.43958333 0.40416667 0.43177083 0.4125 0.42708334 0.42166665 0.41875 0.50333333 0.415625 0.5225 0.44739583 0.60333335 0.45677084 0.62583333 0.546875 0.67083335 0.5734375 0.6875 0.6067708 0.66 0.6640625 0.62916666 0.6723958 0.63416666 0.6947917 0.725 0.76927084 0.7416667 0.77760416 0.7341667 0.78541666 0.605 0.79114586 0.50916666
20 0.028645834 0.7183333 0.0 0.5875 0.0 1.0 0.0828125 1.0 0.12083333 0.96 0.11875 0.9266667 0.10729167 0.885 0.106770836 0.8616667 0.09583333 0.83 0.08802083 0.79 0.071875 0.7775 0.041666668 0.76 0.039583333 0.73333335
20 0.36510417 0.42833334 0.33385417 0.4325 0.23229167 0.445 0.102604166 0.46833333 0.0 0.49166667 0.0 0.5875 0.015625 0.6616667 0.028645834 0.7183333 0.043229166 0.73833334 0.054166667 0.7183333 0.059895832 0.6958333 0.096875 0.695 0.17708333 0.68083334 0.26770833 0.6716667 0.35989583 0.68083334 0.37291667 0.67 0.37552083 0.6525 0.3765625 0.515 0.37552083 0.43916667
