6 0.44895834 0.85833335 0.41197917 0.90166664 0.3546875 0.96666664 0.37291667 1.0 0.51197916 1.0 0.49947917 0.9725 0.465625 0.90416664 0.45885417 0.875
6 0.47708333 0.82416666 0.49166667 0.87416667 0.51927084 0.9633333 0.52552086 1.0 0.6010417 1.0 0.63697916 0.97083336 0.6171875 0.92583334 0.61510414 0.89916664 0.59583336 0.9058333 0.5828125 0.9025 0.584375 0.84583336 0.5854167 0.77 0.58177084 0.7608333 0.4859375 0.81666666
6 0.87604165 0.82166666 0.86302084 0.8258333 0.8411458 0.85083336 0.79479164 0.87 0.7369792 0.8933333 0.74427086 0.92 0.7604167 1.0 0.9057292 1.0 0.9145833 0.99333334 0.9057292 0.955 0.8911458 0.9575 0.8880208 0.92833334 0.87916666 0.8425
6 0.86354166 0.7183333 0.8645833 0.7391667 0.8734375 0.77166665 0.875 0.7941667 0.878125 0.835 0.8911458 0.9575 0.90989584 0.9533333 0.94427085 0.9483333 1.0 0.94 1.0 0.9091667 0.98541665 0.8358333 0.96666664 0.71416664 0.96875 0.69083333 0.959375 0.68916667 0.8677083 0.71416664
6 0.99583334 0.42833334 0.89166665 0.46 0.8880208 0.46 0.88645834 0.48083332 0.9036458 0.57 0.915625 0.6816667 0.91770834 0.6983333 0.96666664 0.68666667 1.0 0.6741667 1.0 0.4225
6 0.75208336 0.425 0.7114583 0.46416667 0.65989584 0.4875 0.66197914 0.5158333 0.6901042 0.50916666 0.6953125 0.5316667 0.6953125 0.62333333 0.7161458 0.71 0.7234375 0.71 0.81354165 0.63916665 0.80677086 0.61333334 0.7765625 0.5466667 0.75625 0.42833334
6 0.63489586 0.52916664 0.6197917 0.5425 0.59010416 0.53833336 0.59583336 0.5808333 0.60364586 0.60583335 0.60052085 0.6333333 0.59583336 0.7191667 0.6078125 0.72083336 0.6796875 0.75083333 0.703125 0.7441667 0.70625 0.72083336 0.6979167 0.67333335 0.69635415 0.62916666 0.69427085 0.6166667 0.6953125 0.5308333 0.690625 0.50916666 0.6484375 0.51916665
6 0.58697915 0.7191667 0.5828125 0.9033333 0.596875 0.9058333 0.61822915 0.8975 0.63854164 0.8883333 0.7171875 0.92833334 0.7270833 0.92833334 0.73072916 0.7841667 0.7369792 0.74916667 0.7192708 0.74333334 0.7 0.745 0.6791667 0.75166667 0.61145836 0.7225
6 0.46875 0.5366667 0.4234375 0.70166665 0.43802083 0.71 0.50416666 0.735 0.5541667 0.77666664 0.5697917 0.7683333 0.60052085 0.635 0.5989583 0.615 0.59010416 0.61083335 0.5385417 0.59833336 0.48229167 0.545
6 0.4109375 0.5425 0.36041668 0.6508333 0.3265625 0.71166664 0.35677084 0.75 0.36041668 0.75166667 0.42239583 0.81 0.4265625 0.79333335 0.44322917 0.7391667 0.44947916 0.71416664 0.4234375 0.7025 0.44427082 0.62416667 0.41197917 0.6225 0.39739582 0.6141667 0.41302082 0.5683333
6 0.33541667 0.41583332 0.32760417 0.42583334 0.30677083 0.46583334 0.22552083 0.56916666 0.21979167 0.58 0.2375 0.615 0.25052083 0.6425 0.29635417 0.70416665 0.303125 0.6933333 0.32447916 0.6475 0.40260416 0.5566667 0.40885416 0.545 0.4 0.53333336 0.359375 0.5416667 0.35677084 0.525 0.35572916 0.4525
6 0.21302083 0.30333334 0.2046875 0.31833333 0.14270833 0.49416667 0.13645834 0.50666666 0.13541667 0.5175 0.2203125 0.58666664 0.21979167 0.57916665 0.23072916 0.56166667 0.2578125 0.5275 0.27864584 0.45666668 0.309375 0.39416668
6 0.35625 0.36083335 0.35520834 0.455 0.35677084 0.525 0.359375 0.5416667 0.41041666 0.5308333 0.41041666 0.45416668 0.4171875 0.45166665 0.50677085 0.46833333 0.49947917 0.34833333 0.46770832 0.355 0.41822916 0.3775 0.40677083 0.3725 0.36458334 0.36166668
6 0.31354168 0.18666667 0.31875 0.265 0.328125 0.32166666 0.328125 0.35166666 0.3359375 0.355 0.36041668 0.35 0.421875 0.3425 0.46041667 0.3525 0.47447917 0.35083333 0.46927083 0.32166666 0.46770832 0.18083334 0.45208332 0.18166667 0.3953125 0.19333333 0.3765625 0.19333333 0.33697918 0.18916667 0.33333334 0.18666667
6 0.54479164 0.3075 0.51666665 0.4625 0.5234375 0.46916667 0.5375 0.47333333 0.56927085 0.48166665 0.64166665 0.52416664 0.6479167 0.51916665 0.65520835 0.5175 0.66197914 0.48333332 0.67864585 0.4175 0.6713542 0.41916665 0.6489583 0.43333334 0.634375 0.4375 0.62135416 0.34833333 0.59166664 0.3325 0.55833334 0.30916667
6 0.41041666 0.46 0.41041666 0.54 0.41197917 0.555 0.41302082 0.5683333 0.39739582 0.615 0.41458333 0.6225 0.44479167 0.62333333 0.46927083 0.53583336 0.49270833 0.555 0.5385417 0.59833336 0.5552083 0.60083336 0.5619792 0.47916666 0.52447915 0.47 0.4875 0.465 0.4171875 0.45166665 0.41041666 0.45416668
6 0.6046875 0.015833333 0.55572915 0.15416667 0.5671875 0.16666667 0.615625 0.20166667 0.6770833 0.26 0.6947917 0.2525 0.73333335 0.119166665 0.6484375 0.07083333 0.6265625 0.038333334 0.62083334 0.025 0.6078125 0.0125
6 0.6088542 0.26916668 0.6255208 0.37833333 0.63385415 0.43666667 0.64947915 0.43333334 0.6723958 0.4175 0.6979167 0.40583333 0.76354164 0.39 0.77135414 0.37916666 0.75364584 0.31416667 0.7421875 0.2275 0.734375 0.2275 0.73020834 0.24083333 0.69114584 0.25416666 0.67291665 0.26083332 0.63177085 0.2675 0.6177083 0.265
6 0.8640625 0.09166667 0.85260415 0.1 0.81354165 0.14416666 0.7682292 0.17916666 0.765625 0.18416667 0.7526042 0.18333334 0.7416667 0.195 0.775 0.27666667 0.79375 0.34416667 0.8072917 0.33333334 0.83697915 0.2875 0.90833336 0.24333334 0.8932292 0.17 0.8765625 0.12916666 0.8671875 0.1025
6 0.178125 0.825 0.15572916 0.9091667 0.13333334 1.0 0.29322916 1.0 0.29791668 1.0 0.3234375 0.8925 0.30885416 0.8833333 0.23958333 0.865
