2 0.38541666 0.16083333 0.47864583 0.09833334 0.53489584 0.0625 0.55104166 0.050833333 0.5640625 0.10166667 0.5619792 0.1025 0.5625 0.10583334 0.565625 0.10583334 0.59010416 0.20833333 0.60833335 0.28583333 0.6223958 0.33833334 0.6354167 0.39 0.63958335 0.405 0.62916666 0.40833333 0.615625 0.4175 0.60520834 0.42416668 0.58125 0.43666667 0.55 0.45833334 0.503125 0.49166667 0.46510416 0.51166666 0.45104167 0.44833332 0.4328125 0.36583334 0.396875 0.2125 0.39947918 0.20833333 0.39583334 0.2075
5 0.27083334 0.5375 0.31614584 0.45833334 0.35364583 0.3875 0.38697916 0.32416666 0.39895833 0.34 0.4234375 0.3775 0.44114584 0.40583333 0.46510416 0.5158333 0.49583334 0.50083333 0.525 0.53333336 0.54479164 0.5575 0.5416667 0.5808333 0.5005208 0.6075 0.4875 0.59583336 0.47708333 0.6016667 0.4703125 0.6091667 0.48125 0.6475 0.48333332 0.6558333 0.48333332 0.665 0.47395834 0.67333335 0.44895834 0.7158333 0.43645832 0.74333334 0.4203125 0.76916665 0.4109375 0.7575 0.40677083 0.745 0.39322916 0.7125 0.38854167 0.7008333 0.378125 0.6791667 0.35 0.6383333 0.32395834 0.60833335 0.31302083 0.59583336 0.2953125 0.56666666 0.28385416 0.55833334 0.278125 0.55583334
1 0.19895834 0.6325 0.215625 0.6225 0.2421875 0.60333335 0.2453125 0.5808333 0.27083334 0.515 0.27760416 0.52166665 0.27083334 0.5325 0.278125 0.55083334 0.284375 0.55333334 0.290625 0.55833334 0.31354168 0.61583334 0.353125 0.71666664 0.3640625 0.7391667 0.37552083 0.76666665 0.38854167 0.7808333 0.396875 0.78833336 0.40364584 0.80583334 0.40260416 0.8075 0.38072917 0.83416665 0.353125 0.8675 0.33072916 0.895 0.31614584 0.92333335 0.3078125 0.9075 0.30364582 0.86833334 0.29739583 0.8516667 0.28854167 0.82916665 0.25208333 0.74333334 0.22447917 0.675 0.20104167 0.63666666 0.19739583 0.63416666
4 0.7171875 0.22416666 0.7083333 0.2075 0.7015625 0.19833334 0.69322914 0.18833333 0.68645835 0.18333334 0.6734375 0.17833333 0.6666667 0.17666666 0.65416664 0.1775 0.64479166 0.18 0.6390625 0.18416667 0.625 0.19833334 0.61302084 0.21583334 0.603125 0.24333334 0.6020833 0.25833333 0.60625 0.27916667 0.6265625 0.355 0.62864584 0.365 0.6354167 0.37083334 0.6489583 0.37833333 0.6609375 0.38 0.678125 0.37833333 0.6953125 0.36666667 0.70625 0.35333332 0.7140625 0.34166667 0.7213542 0.33583334 0.728125 0.33416668 0.7828125 0.34666666 0.82916665 0.35666665 0.8364583 0.34916666 0.8421875 0.29166666 0.8390625 0.28 0.83489585 0.27833334 0.73645836 0.25583333 0.7270833 0.2475
10 0.5572917 0.48833334 0.546875 0.48833334 0.5395833 0.48333332 0.5338542 0.47 0.5807292 0.4375 0.60625 0.42416668 0.61927086 0.415 0.6234375 0.41583332 0.6302083 0.415 0.6458333 0.405 0.59583336 0.5083333 0.571875 0.5575 0.5416667 0.57666665 0.54479164 0.5516667 0.55104166 0.52666664 0.5609375 0.5075 0.5609375 0.4975 0.56041664 0.4925
10 0.66197914 0.3925 0.69427085 0.3775 0.69895834 0.3825 0.7 0.3775 0.73072916 0.36583334 0.734375 0.3675 0.74010414 0.39 0.7546875 0.45 0.759375 0.475 0.7609375 0.4875 0.7609375 0.50333333 0.75572914 0.52 0.69635415 0.43666667 0.6671875 0.4
16 0.65520835 0.38666666 0.64427084 0.40666667 0.57239586 0.5566667 0.66197914 0.5058333 0.67083335 0.5025 0.6791667 0.495 0.68333334 0.47583333 0.6927083 0.47 0.7026042 0.505 0.7171875 0.57166666 0.72083336 0.5758333 0.71458334 0.585 0.7057292 0.5858333 0.6890625 0.5825 0.6734375 0.5908333 0.5630208 0.6525 0.5229167 0.675 0.51354164 0.7025 0.496875 0.7108333 0.4921875 0.7133333 0.509375 0.7366667 0.5578125 0.78833336 0.57447916 0.80333334 0.5875 0.81 0.59270835 0.8175 0.596875 0.83 0.6010417 0.845 0.6046875 0.85083336 0.62135416 0.84833336 0.62135416 0.8408333 0.63697916 0.83916664 0.6479167 0.8425 0.6546875 0.84166664 0.66875 0.80083334 0.6875 0.78333336 0.71302086 0.73833334 0.7348958 0.70666665 0.7890625 0.59166664 0.7942708 0.5758333 0.78802085 0.56166667 0.7552083 0.52 0.7369792 0.49416667 0.69635415 0.43666667 0.6609375 0.3925
14 0.48385417 0.66083336 0.49427083 0.7108333 0.5140625 0.70166665 0.5234375 0.6741667 0.6140625 0.62333333 0.68854165 0.5825 0.70520836 0.5858333 0.71510416 0.585 0.7213542 0.5758333 0.7182292 0.57166666 0.7015625 0.5025 0.6927083 0.47 0.68385416 0.475 0.6791667 0.49416667 0.6713542 0.5025 0.6557292 0.5083333 0.5729167 0.5566667 0.5005208 0.6025 0.4875 0.5908333 0.47447917 0.59833336 0.47083333 0.60333335 0.48333332 0.6508333
11 0.8333333 0.4 0.8015625 0.37333333 0.78020835 0.4375 0.78125 0.4425 0.77760416 0.44416666 0.75572914 0.52 0.78802085 0.56166667 0.79375 0.575 0.7890625 0.59 0.7661458 0.63916665 0.7395833 0.69666666 0.7729167 0.68416667 0.7765625 0.685 0.7994792 0.7125 0.80885416 0.73833334 0.8197917 0.7575 0.8484375 0.79833335 0.8463542 0.78 0.84583336 0.7725 0.85052085 0.7558333 0.86875 0.7058333 0.9088542 0.6016667 0.921875 0.5683333 0.92083335 0.56 0.92604166 0.5625 0.95208335 0.50083333 0.9234375 0.4775 0.87604165 0.43583333
1 0.75364584 0.81166667 0.653125 0.8425 0.64375 0.8408333 0.63697916 0.83916664 0.621875 0.8408333 0.62135416 0.8491667 0.6333333 0.9191667 0.6390625 0.95166665 0.63958335 1.0 0.65052086 1.0 0.6671875 0.99333334 0.7546875 0.9683333 0.79270834 0.9558333 0.8119792 0.95166665 0.83229166 0.95166665 0.8333333 0.9558333 0.83802086 0.9575 0.84010416 0.9483333 0.82395834 0.89916664 0.82395834 0.8833333 0.8234375 0.8691667 0.81927085 0.85833335 0.81927085 0.8433333 0.81927085 0.8283333 0.8197917 0.82166666 0.82135415 0.82166666 0.8286458 0.83666664 0.8229167 0.80916667 0.81614584 0.7991667 0.80833334 0.7966667 0.79322916 0.80083334 0.76875 0.8066667
4 0.26354167 0.0825 0.24427083 0.08833333 0.24114583 0.094166666 0.23854166 0.1 0.24479167 0.1925 0.24895833 0.25416666 0.24739583 0.26666668 0.24479167 0.27833334 0.234375 0.29583332 0.22552083 0.31583333 0.21979167 0.33916667 0.21822916 0.36083335 0.21875 0.38 0.22239584 0.40083334 0.22864583 0.42 0.23802084 0.43833333 0.25 0.45333335 0.2640625 0.4625 0.278125 0.46583334 0.29479167 0.46166667 0.31302083 0.45083332 0.32447916 0.43583333 0.3359375 0.41 0.3421875 0.37833333 0.34270832 0.34833333 0.3359375 0.31666666 0.3234375 0.28916666 0.31145832 0.275 0.30364582 0.26666668 0.29895833 0.25583333 0.296875 0.2475 0.28697917 0.0925 0.284375 0.085 0.28020832 0.08166666
