19 0.640625 0.28333333 0.6453125 0.29166666 0.6458333 0.3075 0.64479166 0.3225 0.6296875 0.34833333 0.6088542 0.34416667 0.6375 0.27833334
12 0.684375 0.36666667 0.68125 0.39083335 0.6802083 0.4125 0.6770833 0.425 0.6770833 0.44083333 0.67552084 0.44916666 0.67291665 0.45916668 0.671875 0.47083333 0.6703125 0.48416665 0.65729165 0.5491667 0.6557292 0.55583334 0.653125 0.5991667 0.6510417 0.6175 0.64947915 0.63 0.64635414 0.69 0.64270836 0.75 0.5234375 0.72 0.5307292 0.6525 0.5442708 0.5541667 0.55052084 0.47583333 0.5578125 0.38833332 0.5625 0.335 0.6088542 0.34416667 0.6109375 0.345 0.68333334 0.36083335
21 0.49427083 0.5525 0.521875 0.54583335 0.5453125 0.5391667 0.54583335 0.53833336 0.55 0.48 0.5385417 0.5083333 0.52135414 0.49083334 0.48958334 0.45583335 0.44739583 0.40916666 0.41875 0.37666667 0.3859375 0.34 0.39635417 0.31666666 0.3375 0.32916668 0.33177084 0.33166668 0.32708332 0.3425 0.325 0.35333332 0.33020833 0.4225 0.340625 0.5158333 0.34791666 0.57166666 0.353125 0.58166665 0.35677084 0.585 0.44114584 0.565
5 0.20625 0.45833334 0.221875 0.48916668 0.24583334 0.5525 0.25416666 0.58 0.31197917 0.5108333 0.3359375 0.47166666 0.33020833 0.42083332 0.325 0.35416666 0.32760417 0.34166667 0.33229166 0.33166668 0.3375 0.32916668 0.34947917 0.32583332 0.33385417 0.29416665 0.3015625 0.23 0.2890625 0.21 0.278125 0.15166667 0.26822916 0.12833333 0.209375 0.20416667 0.15677084 0.26666668 0.123958334 0.29833335 0.15729167 0.36833334 0.18385416 0.415 0.196875 0.43583333
19 0.42135417 0.15 0.353125 0.26916668 0.35416666 0.2775 0.35 0.27583334 0.33697918 0.29916668 0.34947917 0.32583332 0.39635417 0.3175 0.42708334 0.24916667 0.459375 0.1775 0.47604167 0.1375 0.4546875 0.10583334 0.44895834 0.105 0.44375 0.108333334 0.43333334 0.12583333
16 0.30208334 0.55916667 0.2390625 0.66583335 0.23072916 0.68666667 0.22552083 0.6958333 0.2078125 0.7108333 0.2046875 0.7183333 0.2109375 0.7916667 0.215625 0.7991667 0.23125 0.81083333 0.240625 0.83 0.25 0.8566667 0.275 0.89916664 0.3109375 0.9583333 0.3359375 1.0 0.3859375 1.0 0.41197917 0.9675 0.40677083 0.915 0.41197917 0.9141667 0.43229166 0.92583334 0.44427082 0.9191667 0.48489583 0.85333335 0.44166666 0.78583336 0.35833332 0.6525 0.315625 0.5783333 0.30520833 0.5625
1 0.49427083 1.0 0.5494792 1.0 0.6015625 1.0 0.60520834 0.9741667 0.6098958 0.975 0.6119792 0.985 0.6119792 0.965 0.6125 0.95416665 0.609375 0.93833333 0.60260415 0.9316667 0.5859375 0.93 0.5640625 0.92583334 0.50625 0.91833335 0.453125 0.91333336 0.44427082 0.91833335 0.4328125 0.92583334 0.41197917 0.9141667 0.40729168 0.9141667 0.40677083 0.915 0.41510418 1.0
14 0.490625 0.6725 0.46458334 0.7266667 0.44895834 0.755 0.46666667 0.7775 0.48125 0.7783333 0.5328125 0.8383333 0.61822915 0.94416666 0.621875 0.9525 0.628125 0.9741667 0.6328125 0.9791667 0.65260416 0.93916667 0.6765625 0.8975 0.671875 0.89 0.653125 0.885 0.6109375 0.8333333 0.53020835 0.7366667 0.50885415 0.7108333 0.50885415 0.68666667 0.49583334 0.6716667
5 0.6979167 0.7941667 0.66302085 0.87416667 0.6666667 0.88166666 0.7182292 0.9241667 0.73333335 0.93583333 0.75677085 0.95916665 0.7786458 0.9866667 0.78125 1.0 0.81875 1.0 0.890625 1.0 0.9135417 0.9275 0.9614583 0.84166664 0.89479166 0.7841667 0.86614585 0.7575 0.8296875 0.7608333 0.8 0.765 0.75572914 0.7775
0 0.67760414 0.6716667 0.6802083 0.72833335 0.6796875 0.78833336 0.69166666 0.7966667 0.6979167 0.7941667 0.80104166 0.76416665 0.86614585 0.7575 0.89635414 0.7575 0.90989584 0.75333333 0.88177085 0.65833336 0.85833335 0.5625 0.83125 0.42083332 0.8234375 0.42416668 0.80572915 0.4825 0.79791665 0.50916666 0.79270834 0.51416665 0.784375 0.53 0.7421875 0.50916666 0.6713542 0.48 0.65833336 0.5425 0.6640625 0.5883333 0.6723958 0.6408333
15 0.77552086 0.29833335 0.7786458 0.32 0.8109375 0.465 0.8234375 0.425 0.8307292 0.42083332 0.8432292 0.48166665 0.859375 0.56666666 0.86614585 0.5941667 0.865625 0.5783333 0.84791666 0.47666666 0.8234375 0.35166666 0.821875 0.35 0.80572915 0.285 0.80052084 0.27333334 0.7916667 0.26833335 0.79010415 0.26166666 0.78697914 0.2625 0.784375 0.25166667 0.7765625 0.25583333 0.7796875 0.26666668 0.77916664 0.27083334 0.78125 0.27666667 0.7765625 0.28833333 0.77552086 0.29166666
4 0.9770833 0.0 0.8833333 0.0 0.95416665 0.08 0.97447914 0.08 0.9973958 0.035 0.99895835 0.02 0.9984375 0.013333334 0.98541665 0.0
2 0.528125 0.016666668 0.50104165 0.07666667 0.45885417 0.17833333 0.40416667 0.3 0.3859375 0.34 0.4265625 0.38583332 0.521875 0.4925 0.5385417 0.50916666 0.55 0.48 0.5625 0.335 0.6088542 0.345 0.6546875 0.23916666 0.68125 0.18 0.575 0.064166665
