15 0.375 0.36833334 0.37291667 0.37083334 0.36927083 0.37333333 0.36822918 0.3775 0.37291667 0.38333333 0.3734375 0.39083335 0.37395832 0.39416668 0.3703125 0.40083334 0.36979166 0.40666667 0.36979166 0.41416666 0.39791667 0.39416668 0.38958332 0.38416666 0.384375 0.38416666 0.38229167 0.38 0.38020834 0.38083333 0.37552083 0.36916667
15 0.43854168 0.36083335 0.4328125 0.36166668 0.41614583 0.37916666 0.41458333 0.38166666 0.4421875 0.36416668 0.44010416 0.36166668
15 0.44947916 0.34833333 0.44739583 0.35416666 0.44739583 0.36083335 0.45729166 0.355 0.4546875 0.35166666 0.45260417 0.35
15 0.38489583 0.475 0.39947918 0.5225 0.41666666 0.585 0.43177083 0.6433333 0.4453125 0.6933333 0.45364583 0.7216667 0.45625 0.72833335 0.45989582 0.7341667 0.465625 0.7366667 0.4671875 0.7366667 0.46822917 0.74333334 0.471875 0.7441667 0.475 0.755 0.48020834 0.75333333 0.48333332 0.74583334 0.4796875 0.73833334 0.48177084 0.73333335 0.48020834 0.7291667 0.48385417 0.7216667 0.48385417 0.715 0.484375 0.7058333 0.475 0.6666667 0.45208332 0.5833333 0.4421875 0.545 0.4140625 0.44666666 0.3828125 0.4675
15 0.32395834 0.51166666 0.33229166 0.50083333 0.3375 0.50083333 0.38333333 0.46833333 0.38958332 0.49083334 0.34479168 0.55333334 0.32708332 0.5783333 0.3234375 0.57916665 0.29895833 0.615 0.29270834 0.6191667 0.28645834 0.62 0.27916667 0.62 0.2765625 0.6225 0.27552083 0.6225 0.26666668 0.63166666 0.26354167 0.61833334 0.27083334 0.615 0.27239582 0.6091667 0.27395833 0.6066667 0.2734375 0.59583336 0.27395833 0.58416665 0.27760416 0.5783333 0.303125 0.54
15 0.47552082 0.40916666 0.47083333 0.42583334 0.45833334 0.4875 0.44427082 0.5525 0.4484375 0.56916666 0.46145833 0.6175 0.4640625 0.6275 0.46979168 0.5925 0.4828125 0.52916664 0.49739584 0.45833334 0.51197916 0.37833333 0.4921875 0.39166668 0.47604167 0.4025
15 0.48697916 0.52416664 0.48541668 0.5441667 0.4859375 0.5541667 0.4890625 0.56 0.49166667 0.565 0.49114582 0.5708333 0.49166667 0.575 0.48854166 0.5825 0.49114582 0.58916664 0.4953125 0.59166664 0.49635416 0.58666664 0.49635416 0.57666665 0.5015625 0.5758333 0.5005208 0.57 0.50885415 0.56583333 0.5125 0.55916667 0.5161458 0.545 0.53541666 0.44083333 0.5598958 0.31333333 0.5708333 0.25333333 0.5708333 0.23583333 0.56822914 0.22833334 0.565625 0.22416666 0.56614584 0.21666667 0.5640625 0.2125 0.56458336 0.20416667 0.56614584 0.20083334 0.5630208 0.1975 0.559375 0.19916667 0.55677086 0.2 0.5578125 0.21333334 0.5546875 0.215 0.5546875 0.22083333 0.5494792 0.22166666 0.5421875 0.23083334 0.53697914 0.25083333 0.52239585 0.33 0.5239583 0.33083335 0.52447915 0.32833335 0.5296875 0.32833335 0.53125 0.32083333 0.53697914 0.32166666 0.54114586 0.3275 0.54114586 0.32833335 0.53333336 0.34 0.5328125 0.34583333 0.5296875 0.35 0.528125 0.36 0.5265625 0.36583334 0.5203125 0.37166667 0.51145834 0.37833333 0.49375 0.47916666
15 0.5421875 0.5325 0.5416667 0.63666666 0.54114586 0.6533333 0.55104166 0.6425 0.571875 0.6225 0.5729167 0.62083334 0.57395834 0.56166667 0.57447916 0.5058333 0.57239586 0.49166667 0.56875 0.48 0.56614584 0.47916666 0.565625 0.4725 0.5630208 0.47083333 0.56458336 0.45833334 0.5609375 0.4575 0.5546875 0.4575 0.5552083 0.46583334 0.55677086 0.47166666 0.5541667 0.4725 0.5552083 0.47833332 0.55260414 0.47916666 0.5484375 0.485 0.5453125 0.4925 0.5442708 0.5025
15 0.53697914 0.6616667 0.5416667 0.6525 0.553125 0.63916665 0.58697915 0.60833335 0.63854164 0.5575 0.6640625 0.53333336 0.69166666 0.5083333 0.7109375 0.4925 0.71875 0.48833334 0.72291666 0.48916668 0.7260417 0.49083334 0.72864586 0.49416667 0.7317708 0.4925 0.73333335 0.49333334 0.7359375 0.48333332 0.7390625 0.485 0.74635416 0.49833333 0.7453125 0.50333333 0.7375 0.505 0.7369792 0.5108333 0.7328125 0.51166666 0.7317708 0.5208333 0.72864586 0.53 0.72291666 0.53833336 0.6890625 0.57166666 0.6432292 0.615 0.60729164 0.64916664 0.56875 0.68833333 0.56145835 0.6958333 0.55260414 0.7008333 0.54479164 0.7025 0.54010415 0.7 0.5359375 0.705 0.5338542 0.70416665 0.53333336 0.7 0.52760416 0.70916665 0.5239583 0.705 0.5208333 0.6933333 0.521875 0.69166666 0.5265625 0.68916667 0.5296875 0.68916667 0.53020835 0.68416667 0.5317708 0.68333334 0.53229165 0.6725 0.5338542 0.66583335
15 0.54114586 0.70416665 0.5421875 0.76 0.54375 0.8175 0.5453125 0.825 0.55052084 0.8358333 0.553125 0.83916664 0.5546875 0.8475 0.5515625 0.8575 0.5578125 0.86 0.559375 0.8541667 0.5609375 0.8491667 0.56458336 0.8466667 0.56458336 0.8408333 0.56458336 0.8383333 0.571875 0.8283333 0.5734375 0.8175 0.57395834 0.8075 0.5734375 0.72 0.5734375 0.68416667 0.56145835 0.6958333 0.5520833 0.7008333 0.54479164 0.7025 0.54114586 0.7008333
15 0.7125 0.59833336 0.7427083 0.6375 0.7453125 0.6383333 0.75 0.63916665 0.75416666 0.64 0.7572917 0.6433333 0.759375 0.6433333 0.76197916 0.6433333 0.76458335 0.65166664 0.7671875 0.65 0.7708333 0.65 0.77135414 0.64666665 0.7708333 0.6425 0.7729167 0.6425 0.7729167 0.64 0.7671875 0.63416666 0.7651042 0.62916666 0.76458335 0.625 0.7640625 0.6116667 0.76145834 0.60583335 0.753125 0.5883333 0.725 0.54833335 0.7192708 0.54083335 0.7057292 0.555 0.6921875 0.5683333
15 0.66510415 0.4625 0.69166666 0.5025 0.69375 0.50666666 0.6802083 0.51916665 0.66614586 0.5316667 0.63645834 0.49 0.6098958 0.44916666 0.62708336 0.41583332 0.6296875 0.41166666
15 0.5911458 0.405 0.578125 0.42833334 0.57395834 0.43916667 0.5734375 0.44666666 0.57447916 0.45916668 0.5755208 0.46583334 0.56927085 0.47333333 0.5729167 0.48166665 0.57708335 0.48416665 0.5786458 0.48416665 0.58177084 0.475 0.584375 0.475 0.5859375 0.47166666 0.58958334 0.4725 0.5942708 0.4725 0.59791666 0.47 0.60625 0.4575 0.6119792 0.44583333 0.62708336 0.41583332 0.63385415 0.40416667 0.6614583 0.3525 0.7 0.28 0.72760415 0.2275 0.72864586 0.22 0.728125 0.215 0.7265625 0.20833333 0.72864586 0.2025 0.7291667 0.2 0.73333335 0.1925 0.73072916 0.19 0.7291667 0.185 0.7270833 0.185 0.7260417 0.1825 0.7213542 0.18166667 0.72083336 0.19083333 0.71875 0.19166666 0.71770835 0.19666667 0.7083333 0.19333333 0.7036458 0.1975 0.69375 0.2125 0.6703125 0.25583333 0.6578125 0.28083333 0.63072914 0.33083335 0.6171875 0.35583332 0.6015625 0.385
15 0.5776042 0.38583332 0.5854167 0.3925 0.58489585 0.39583334 0.5854167 0.39916667 0.58802086 0.4 0.5885417 0.40416667 0.58958334 0.4075 0.60260415 0.3825 0.5984375 0.38333333 0.5953125 0.38333333 0.5932292 0.38083333 0.590625 0.38083333 0.5833333 0.37166667 0.5786458 0.38166666
15 0.58125 0.32916668 0.6109375 0.34333333 0.61614585 0.34583333 0.62135416 0.34583333 0.62291664 0.345 0.62916666 0.33416668 0.63125 0.32333332 0.63177085 0.315 0.63072914 0.31083333 0.62864584 0.305 0.6255208 0.30083334 0.596875 0.285 0.5677083 0.27083334 0.56458336 0.28666666 0.55885416 0.31916666
15 0.496875 0.29416665 0.5265625 0.30666667 0.5338542 0.26833335 0.5359375 0.25666666 0.49739584 0.24083333 0.46822917 0.23 0.42291668 0.2125 0.41510418 0.21333334 0.40833333 0.21916667 0.40677083 0.2175 0.403125 0.2175 0.40260416 0.22083333 0.39375 0.22083333 0.39375 0.23583333 0.4015625 0.23583333 0.4015625 0.23833333 0.40572917 0.2375 0.40572917 0.245 0.40833333 0.2525 0.4125 0.25666666 0.42239583 0.26333332
15 0.42552084 0.64416665 0.4234375 0.6616667 0.42395833 0.6716667 0.425 0.6766667 0.428125 0.68083334 0.42708334 0.68583333 0.428125 0.69 0.4296875 0.69083333 0.4265625 0.705 0.43125 0.70666665 0.4359375 0.7058333 0.4359375 0.695 0.4390625 0.6925 0.43958333 0.68833333 0.44166666 0.68666667 0.44270834 0.68416667 0.42864582 0.63166666
15 0.40416667 0.39 0.3515625 0.4275 0.33072916 0.44333333 0.32291666 0.45166665 0.31666666 0.46583334 0.31614584 0.475 0.315625 0.48083332 0.3125 0.48166665 0.31197917 0.48583335 0.30572918 0.48666668 0.3046875 0.48916668 0.30625 0.5 0.30833334 0.50416666 0.3140625 0.49583334 0.3203125 0.49083334 0.32552084 0.4975 0.33020833 0.50083333 0.3375 0.50083333 0.35572916 0.4875 0.42447916 0.43916667 0.48125 0.39916667 0.5130208 0.3775 0.51979166 0.3725 0.5260417 0.36583334 0.528125 0.35916665 0.5296875 0.35 0.5328125 0.34583333 0.53333336 0.34083334 0.54114586 0.32833335 0.5375 0.3225 0.53125 0.32 0.53020835 0.32833335 0.525 0.32833335 0.5239583 0.33083335 0.5182292 0.32583332 0.5130208 0.32416666 0.50572914 0.325 0.4765625 0.34166667 0.41354167 0.3825
