14 0.34739584 0.385 0.31822917 0.40083334 0.309375 0.405 0.29739583 0.405 0.29427084 0.40583333 0.2828125 0.4125 0.3078125 0.51 0.30885416 0.515 0.33020833 0.50666666 0.3359375 0.49916667 0.3375 0.48583335 0.39166668 0.44416666 0.34895834 0.3825
14 0.40677083 0.33916667 0.465625 0.29583332 0.47708333 0.28416666 0.48854166 0.25583333 0.49010417 0.25666666 0.50572914 0.31666666 0.51197916 0.345 0.5203125 0.3425 0.521875 0.35 0.53489584 0.34583333 0.53229165 0.35416666 0.49114582 0.37416667 0.45833334 0.3975 0.46302083 0.3875 0.45677084 0.38583332 0.44375 0.38916665 0.4390625 0.3825 0.40677083 0.34166667
14 0.4140625 0.47333333 0.40885416 0.47666666 0.40729168 0.485 0.4109375 0.49333334 0.41927084 0.49916667 0.43125 0.52416664 0.43697917 0.5491667 0.44895834 0.6141667 0.45729166 0.595 0.46822917 0.56916666 0.47291666 0.56916666 0.48333332 0.5883333 0.5083333 0.6558333 0.51145834 0.67083335 0.51145834 0.68 0.50364584 0.68083334 0.5005208 0.6825 0.49322918 0.67333335 0.475 0.69083333 0.46770832 0.69916666 0.48489583 0.7525 0.4921875 0.7841667 0.4890625 0.8025 0.49010417 0.81 0.5078125 0.7966667 0.49166667 0.74916667 0.48697916 0.74083334 0.49479166 0.7291667 0.50208336 0.7216667 0.5140625 0.7275 0.51979166 0.7266667 0.5359375 0.71166664 0.509375 0.6025 0.47916666 0.48833334 0.47760418 0.47166666 0.47552082 0.4425 0.46822917 0.42083332 0.44375 0.4375 0.42708334 0.47666666 0.4171875 0.495 0.41614583 0.4725
14 0.5416667 0.43916667 0.54583335 0.45416668 0.5473958 0.465 0.5552083 0.4775 0.5578125 0.475 0.5755208 0.47333333 0.6166667 0.4375 0.615625 0.43083334 0.61822915 0.4275 0.61822915 0.42166665 0.6119792 0.39916667 0.54322916 0.43833333
14 0.53697914 0.52 0.50104165 0.5416667 0.4984375 0.55 0.5026042 0.5733333 0.515625 0.5933333 0.51927084 0.59833336 0.5453125 0.7033333 0.59375 0.66333336 0.57708335 0.59166664 0.57708335 0.59166664 0.565625 0.5991667 0.53802085 0.51916665
14 0.58229166 0.5725 0.6015625 0.65833336 0.65208334 0.62 0.63125 0.53 0.5828125 0.57
14 0.6234375 0.7891667 0.65208334 0.7725 0.6703125 0.76 0.6822917 0.7525 0.690625 0.7366667 0.68958336 0.73333335 0.68177086 0.73333335 0.6765625 0.7075 0.671875 0.7075 0.6255208 0.74583334 0.6234375 0.75916666 0.621875 0.78
14 0.5677083 0.7925 0.5796875 0.8441667 0.5786458 0.8625 0.5786458 0.87083334 0.57708335 0.8725 0.5796875 0.8825 0.59479165 0.87833333 0.6375 0.8475 0.6390625 0.8433333 0.6453125 0.8408333 0.6458333 0.83416665 0.6421875 0.8258333 0.6380208 0.8258333 0.628125 0.805 0.6223958 0.7925 0.6203125 0.7775 0.6177083 0.7525 0.57395834 0.7875 0.5677083 0.7891667
14 0.51927084 0.8433333 0.5338542 0.83666664 0.54270834 0.8258333 0.5671875 0.7891667 0.56875 0.78833336 0.57447916 0.78833336 0.6713542 0.7075 0.70208335 0.67833334 0.70989585 0.6825 0.721875 0.6791667 0.72864586 0.67583334 0.7421875 0.6666667 0.74114585 0.665 0.7109375 0.5566667 0.69322914 0.56583333 0.68125 0.6016667 0.65260416 0.6191667 0.58958334 0.6675 0.534375 0.7133333 0.5203125 0.725 0.5140625 0.72833335 0.503125 0.72083336 0.4953125 0.7275 0.48802084 0.7416667 0.49114582 0.74833333 0.5072917 0.7966667 0.51875 0.8383333
14 0.38177082 0.7941667 0.44635418 0.865 0.46041667 0.88416666 0.46458334 0.8908333 0.4703125 0.905 0.48385417 0.9141667 0.50364584 0.84833336 0.5140625 0.825 0.50677085 0.7975 0.490625 0.80916667 0.4890625 0.79833335 0.43072918 0.73833334 0.38072917 0.7925
14 0.3296875 0.74 0.3046875 0.7158333 0.3046875 0.7216667 0.3 0.7175 0.2984375 0.7075 0.2984375 0.6666667 0.31770834 0.61083335 0.33125 0.61583334 0.33854166 0.64166665 0.38229167 0.68833333 0.33229166 0.73833334
14 0.2765625 0.7783333 0.29791668 0.82916665 0.3046875 0.8375 0.321875 0.87333333 0.32604167 0.8575 0.33645833 0.8375 0.38333333 0.79 0.46822917 0.6975 0.49270833 0.67333335 0.5 0.6825 0.5046875 0.68 0.51145834 0.68 0.5109375 0.6691667 0.5083333 0.6558333 0.4828125 0.5858333 0.4734375 0.57 0.46822917 0.56916666 0.44791666 0.6175 0.38072917 0.69 0.30677083 0.76666665 0.30208334 0.77166665 0.28541666 0.7683333 0.278125 0.7733333
14 0.528125 0.49166667 0.53697914 0.5175 0.565625 0.59833336 0.5765625 0.59166664 0.5833333 0.5875 0.58177084 0.5708333 0.68385416 0.48666668 0.7515625 0.43 0.7630208 0.4325 0.7708333 0.43 0.7739583 0.42333335 0.765625 0.37416667 0.74583334 0.31333333 0.734375 0.32416666 0.71510416 0.3575 0.7015625 0.3675 0.6166667 0.43833333 0.57604164 0.47416666 0.559375 0.47583333 0.55572915 0.4775 0.53802085 0.4825
14 0.6796875 0.38416666 0.63489586 0.3175 0.6276042 0.31 0.61614585 0.30083334 0.6145833 0.29416665 0.6145833 0.2825 0.6432292 0.26333332 0.65833336 0.2525 0.653125 0.2375 0.6489583 0.23 0.6588542 0.2375 0.6848958 0.26583335 0.7270833 0.3375 0.715625 0.35666665 0.68125 0.385
14 0.72291666 0.45416668 0.75677085 0.5025 0.76666665 0.5341667 0.77916664 0.53333336 0.7729167 0.51666665 0.78020835 0.50083333 0.7984375 0.48333332 0.8125 0.48 0.825 0.48916668 0.8125 0.46166667 0.7703125 0.405 0.7739583 0.42333335 0.77135414 0.42916667 0.7630208 0.43333334 0.7515625 0.43083334
14 0.25625 0.275 0.2640625 0.285 0.27552083 0.2825 0.3765625 0.42083332 0.40729168 0.465 0.41614583 0.4725 0.41770834 0.49583334 0.4265625 0.4775 0.46302083 0.3875 0.45677084 0.385 0.44322917 0.38916665 0.440625 0.385 0.35677084 0.2775 0.30572918 0.2125 0.2875 0.20166667 0.29427084 0.22333333 0.28697917 0.23416667 0.2625 0.265 0.25885418 0.27083334
