14 0.2421875 0.33666667 0.23229167 0.34833333 0.2328125 0.3675 0.21979167 0.41333333 0.15052083 0.6358333 0.13333334 0.655 0.140625 0.665 0.196875 0.71166664 0.19791667 0.69916666 0.1984375 0.665 0.26302084 0.46166667 0.27135417 0.43333334 0.28072917 0.4275 0.2921875 0.42166665 0.28541666 0.41 0.2546875 0.36416668 0.24895833 0.35833332 0.2453125 0.345
14 0.3 0.35583332 0.36927083 0.34416667 0.37239584 0.3775 0.36510417 0.39333335 0.36302084 0.46166667 0.37604168 0.695 0.37135416 0.70416665 0.35833332 0.70416665 0.31041667 0.705 0.3125 0.695 0.32083333 0.67583334 0.31197917 0.47583333 0.3125 0.42416668 0.30416667 0.415 0.29427084 0.38083333 0.29739583 0.35916665
14 0.3125 0.56583333 0.3109375 0.5775 0.30104166 0.59166664 0.290625 0.59833336 0.2140625 0.84166664 0.22083333 0.86083335 0.21979167 0.87416667 0.2140625 0.87666667 0.1484375 0.8466667 0.14427084 0.8375 0.16822916 0.8075 0.21197917 0.67 0.24322917 0.56666666 0.24635416 0.5491667 0.2390625 0.5375 0.24479167 0.53333336 0.27135417 0.54083335 0.30677083 0.5566667
14 0.57239586 0.58166665 0.515625 0.5183333 0.5109375 0.5283333 0.51354164 0.535 0.509375 0.56333333 0.48489583 0.6225 0.47552082 0.62833333 0.41145834 0.76916665 0.39270833 0.7758333 0.38177082 0.8041667 0.43645832 0.86333334 0.44947916 0.84833336 0.45989582 0.8016667 0.521875 0.6675 0.55885416 0.59583336 0.57239586 0.59
14 0.59583336 0.75333333 0.56822914 0.7241667 0.55572915 0.71416664 0.54270834 0.7125 0.5338542 0.71666664 0.53541666 0.7325 0.5416667 0.74833333 0.5104167 0.815 0.45 0.9716667 0.4296875 1.0 0.50677085 1.0 0.5776042 0.80333334 0.59791666 0.7783333 0.6041667 0.765
14 0.6020833 0.70666665 0.625 0.7133333 0.6458333 0.7216667 0.66041666 0.7416667 0.6645833 0.7575 0.65833336 0.76416665 0.61041665 1.0 0.553125 1.0 0.5989583 0.7783333 0.60520834 0.76416665 0.6010417 0.7558333 0.6020833 0.7341667 0.5984375 0.715
14 0.621875 0.58166665 0.61041665 0.60083336 0.5942708 0.64666665 0.58802086 0.68333334 0.59375 0.69166666 0.61145836 0.68916667 0.6276042 0.705 0.6458333 0.7216667 0.66302085 0.74 0.7572917 0.8233333 0.7682292 0.8566667 0.7828125 0.8666667 0.815625 0.7575 0.80104166 0.74833333 0.7921875 0.75666666 0.778125 0.7391667 0.6411458 0.62 0.6333333 0.58916664
14 0.88958335 0.30583334 0.94635415 0.3325 0.9635417 0.335 0.96302086 0.35333332 0.9583333 0.36666667 0.95104164 0.37583333 0.94635415 0.39666668 0.92395836 0.5275 0.90520835 0.6141667 0.89739585 0.6625 0.90208334 0.66333336 0.90260416 0.67083335 0.89479166 0.67333335 0.859375 0.6625 0.8328125 0.65416664 0.83385414 0.6425 0.84479165 0.61833334 0.86302084 0.50916666 0.8875 0.36666667 0.8875 0.33416668 0.88958335 0.32416666
14 0.8359375 0.23 0.86822915 0.24583334 0.896875 0.26 0.89635414 0.27166668 0.8875 0.28916666 0.8734375 0.37083334 0.84375 0.52 0.8432292 0.53833336 0.8421875 0.55 0.8385417 0.5625 0.8432292 0.58416665 0.8375 0.6091667 0.7703125 0.585 0.775 0.55333334 0.784375 0.5441667 0.79270834 0.50416666 0.7916667 0.48083332 0.8125 0.36416668 0.83385414 0.2375
14 0.49479166 0.38916665 0.5052083 0.39416668 0.6244792 0.30333334 0.6666667 0.265 0.66875 0.2575 0.6744792 0.25833333 0.68958336 0.2975 0.7114583 0.34333333 0.69947916 0.35666665 0.6869792 0.35 0.6770833 0.35083333 0.65833336 0.36583334 0.53697914 0.4625 0.5109375 0.4975 0.5005208 0.45583335 0.49166667 0.4275 0.49270833 0.39666668
14 0.79375 0.13916667 0.8515625 0.16083333 0.85572916 0.16583334 0.85572916 0.18666667 0.85 0.19666667 0.8359375 0.23 0.8333333 0.23833333 0.7916667 0.47916666 0.79375 0.50416666 0.7859375 0.5258333 0.73333335 0.50416666 0.71666664 0.4925 0.7328125 0.45833334 0.7427083 0.4325 0.778125 0.24583334 0.7875 0.1775 0.78333336 0.16416667 0.7885417 0.145
14 0.43854168 0.24583334 0.45260417 0.25166667 0.47916666 0.27583334 0.48541668 0.27833334 0.48802084 0.25166667 0.49375 0.2575 0.496875 0.27833334 0.49791667 0.31083333 0.49375 0.39166668 0.48802084 0.47833332 0.48072916 0.5733333 0.4875 0.5941667 0.490625 0.6116667 0.48333332 0.625 0.47916666 0.625 0.47135416 0.6091667 0.45677084 0.59833336 0.434375 0.59 0.4265625 0.58166665 0.43072918 0.56083333 0.44166666 0.32916668 0.44166666 0.27583334 0.4375 0.26166666
14 0.29114583 0.16916667 0.33489582 0.19833334 0.34114584 0.16916667 0.346875 0.17666666 0.36354166 0.34416667 0.30520833 0.35416666 0.29427084 0.21416667 0.28802082 0.18833333 0.2890625 0.1725
14 0.1421875 0.40333334 0.128125 0.39416668 0.104166664 0.38083333 0.08958333 0.34166667 0.07760417 0.34583333 0.075520836 0.35416666 0.069270834 0.37166667 0.048958335 0.42833334 0.0 0.5391667 0.0 0.7266667 0.0036458333 0.72833335 0.015625 0.70916665 0.0171875 0.6875 0.043229166 0.62 0.123958334 0.425 0.1390625 0.415
