15 0.153125 0.36 0.1328125 0.4825 0.16770834 0.4975 0.18697916 0.37333333 0.203125 0.2475 0.20260416 0.23666666 0.196875 0.22083333 0.1984375 0.21333334 0.19583334 0.21083333 0.19947916 0.19833334 0.19947916 0.19583334 0.19270833 0.19416666 0.19010417 0.195 0.1890625 0.205 0.18697916 0.2075 0.18541667 0.2125 0.17604166 0.22166666 0.17083333 0.235 0.16302083 0.27916667
15 0.12447917 0.5425 0.12552084 0.55916667 0.12916666 0.56916666 0.1296875 0.57666665 0.13385417 0.58 0.13489583 0.5933333 0.1390625 0.5925 0.14270833 0.58666664 0.14270833 0.58 0.14427084 0.5775 0.14427084 0.5708333 0.15260416 0.56166667 0.15572916 0.55 0.12447917 0.53583336
15 0.2125 0.61583334 0.21875 0.63166666 0.2265625 0.63916665 0.28072917 0.66 0.4046875 0.6958333 0.41458333 0.69666666 0.42552084 0.69666666 0.4328125 0.69083333 0.434375 0.68833333 0.4375 0.6875 0.43958333 0.6816667 0.44739583 0.685 0.44791666 0.6716667 0.43958333 0.67083335 0.43645832 0.6616667 0.4296875 0.6508333 0.42083332 0.6458333 0.36458334 0.6275 0.31979167 0.615 0.25833333 0.5925 0.23697917 0.5858333 0.22916667 0.5825 0.2203125 0.58916664 0.21510416 0.59833336 0.20885417 0.5975 0.20208333 0.5925 0.19947916 0.6025 0.2078125 0.60583335 0.20833333 0.6125
15 0.20833333 0.62416667 0.18541667 0.6716667 0.18333334 0.68583333 0.18697916 0.69916666 0.18489583 0.7058333 0.1765625 0.7191667 0.18125 0.725 0.18802084 0.7275 0.18645833 0.7191667 0.1921875 0.7133333 0.2 0.7125 0.20729166 0.70916665 0.24114583 0.64416665 0.22604166 0.6383333 0.21875 0.6308333 0.2125 0.61583334
15 0.19947916 0.57416666 0.19114584 0.5775 0.196875 0.5883333 0.19947916 0.5908333 0.2046875 0.57916665 0.20885417 0.575 0.20104167 0.57166666
15 0.2421875 0.46416667 0.21197917 0.52 0.24427083 0.53833336
15 0.24791667 0.30333334 0.24270834 0.3125 0.240625 0.32833335 0.240625 0.3975 0.2421875 0.47083333 0.24375 0.53833336 0.2484375 0.54083335 0.25572917 0.5475 0.2578125 0.55833334 0.26197916 0.55833334 0.26354167 0.5625 0.265625 0.56333333 0.271875 0.565 0.271875 0.56916666 0.271875 0.575 0.26927084 0.5758333 0.26875 0.58 0.2671875 0.5808333 0.25989583 0.5758333 0.25989583 0.58166665 0.25416666 0.5808333 0.25 0.585 0.24114583 0.58666664 0.26510417 0.595 0.28125 0.60083336 0.28020832 0.57416666 0.278125 0.5341667 0.27447918 0.43 0.27395833 0.3275 0.27291667 0.31666666 0.26822916 0.30583334 0.26354167 0.30166668 0.26302084 0.29666665 0.26041666 0.295 0.26041666 0.29083332 0.26354167 0.28583333 0.26354167 0.28083333 0.25572917 0.2775 0.2515625 0.27833334 0.25208333 0.29333332 0.24947916 0.29416665 0.24895833 0.29916668 0.24947916 0.3025
15 0.27552083 0.34833333 0.2796875 0.3525 0.278125 0.3625 0.2796875 0.36666667 0.2796875 0.37916666 0.28229168 0.38833332 0.30416667 0.4325 0.32604167 0.4725 0.36822918 0.5566667 0.40833333 0.6308333 0.41614583 0.64416665 0.42083332 0.6458333 0.42916667 0.6508333 0.43541667 0.66 0.44010416 0.6566667 0.44375 0.65 0.44270834 0.6458333 0.43802083 0.63916665 0.43697917 0.63416666 0.43958333 0.62833333 0.44010416 0.62333333 0.43802083 0.6116667 0.4296875 0.59 0.3921875 0.5175 0.38802084 0.515 0.38229167 0.50916666 0.37916666 0.5108333 0.3765625 0.50916666 0.36822918 0.51416665 0.3640625 0.5025 0.365625 0.49916667 0.37239584 0.49666667 0.37239584 0.49333334 0.37708333 0.49333334 0.37604168 0.48416665 0.36979166 0.475 0.33697918 0.40833333 0.3171875 0.37083334 0.30520833 0.35166666 0.30104166 0.34833333 0.2921875 0.35083333 0.28958333 0.34583333 0.28697917 0.3475 0.28177083 0.33583334 0.2765625 0.33916667 0.27447918 0.34416667
15 0.32395834 0.305 0.3015625 0.34916666 0.30520833 0.35166666 0.31822917 0.3725 0.32604167 0.3875 0.3578125 0.32166666 0.359375 0.31333333 0.35989583 0.305 0.35885417 0.3 0.359375 0.29583332 0.35885417 0.28916666 0.36354166 0.28333333 0.3609375 0.27583334 0.35625 0.27083334 0.35364583 0.275 0.353125 0.28166667 0.35 0.27916667 0.34635416 0.28583333 0.34114584 0.28416666 0.33541667 0.2875
15 0.3953125 0.36 0.39114583 0.36083335 0.38697916 0.36333334 0.38072917 0.36916667 0.3484375 0.4325 0.36875 0.47333333 0.37395832 0.46666667 0.39791667 0.41916665 0.40677083 0.39666668 0.4078125 0.38833332 0.40677083 0.37416667 0.40885416 0.37166667 0.40885416 0.3675 0.40729168 0.36333334 0.41145834 0.35916665 0.41354167 0.35333332 0.41041666 0.34666666 0.40416667 0.35666665 0.40052083 0.355 0.39739582 0.36083335
15 0.409375 0.40416667 0.40364584 0.405 0.4046875 0.41833332 0.4015625 0.42333335 0.40208334 0.4275 0.40416667 0.42833334 0.39895833 0.43916667 0.3984375 0.4425 0.3984375 0.46 0.42708334 0.4425 0.425 0.435 0.42083332 0.42916667 0.4140625 0.42666668 0.4125 0.41916665 0.4109375 0.41916665 0.4109375 0.40583333 0.4109375 0.40416667
15 0.24895833 0.65 0.25052083 0.66833335 0.253125 0.6775 0.259375 0.685 0.25989583 0.6875 0.25989583 0.69416666 0.26197916 0.69666666 0.26354167 0.7075 0.26510417 0.7083333 0.2734375 0.705 0.2734375 0.7025 0.27083334 0.6933333 0.27395833 0.6925 0.27239582 0.685 0.27604166 0.68333334 0.28020832 0.6766667 0.28177083 0.67083335 0.28125 0.66083336 0.28072917 0.66 0.2484375 0.6475
15 0.30208334 0.53 0.28020832 0.5808333 0.28020832 0.5858333 0.28125 0.60083336 0.30885416 0.61083335 0.3484375 0.51666665 0.32760417 0.475
15 0.30052084 0.43416667 0.27604166 0.48166665 0.27760416 0.5308333 0.27916667 0.56333333 0.309375 0.5025 0.325 0.47 0.30260417 0.43
15 0.28489584 0.39833334 0.27447918 0.41666666 0.27447918 0.41916665 0.27447918 0.44 0.27604166 0.48166665 0.303125 0.43 0.29166666 0.4075 0.28645834 0.39583334
15 0.39635417 0.5158333 0.41458333 0.5075 0.45208332 0.48666668 0.5359375 0.44166666 0.5833333 0.415 0.5890625 0.405 0.59166664 0.40166667 0.5921875 0.39583334 0.59583336 0.39083335 0.59583336 0.3875 0.6010417 0.38666666 0.6041667 0.38083333 0.60260415 0.37666667 0.5963542 0.36916667 0.5953125 0.37 0.5921875 0.37833333 0.58802086 0.37666667 0.58489585 0.37416667 0.57916665 0.37 0.575 0.3675 0.56822914 0.36916667 0.5130208 0.39666668 0.44010416 0.43583333 0.42708334 0.4425 0.39895833 0.46 0.384375 0.47083333 0.38020834 0.475 0.378125 0.48333332 0.37708333 0.4925 0.37239584 0.49333334 0.37239584 0.49666667 0.365625 0.49916667 0.3640625 0.5025 0.36770833 0.51416665 0.3765625 0.50916666 0.37916666 0.5108333 0.38229167 0.50916666 0.3875 0.515 0.38854167 0.5158333 0.3921875 0.51666665
15 0.41302082 0.5175 0.42916667 0.5758333 0.43802083 0.6125 0.44583333 0.6508333 0.45885417 0.70416665 0.46927083 0.7425 0.47552082 0.7475 0.48333332 0.75333333 0.4859375 0.7583333 0.4875 0.7608333 0.4890625 0.76916665 0.49427083 0.76916665 0.49375 0.76166666 0.49270833 0.75333333 0.49583334 0.75083333 0.49583334 0.74583334 0.49479166 0.7425 0.49739584 0.7316667 0.49791667 0.7216667 0.4953125 0.7008333 0.46458334 0.57416666 0.44322917 0.49166667 0.41145834 0.50916666
15 0.08125 0.46166667 0.0609375 0.45416668 0.053125 0.45666668 0.041145835 0.465 0.033333335 0.45583335 0.031770833 0.46 0.029166667 0.46166667 0.029166667 0.46833333 0.028645834 0.47083333 0.03125 0.47333333 0.036458332 0.47583333 0.039583333 0.48 0.043229166 0.49166667 0.0484375 0.49833333 0.084375 0.5175 0.16354166 0.5541667 0.21822916 0.58 0.23229167 0.5833333 0.240625 0.58666664 0.25 0.585 0.25416666 0.5808333 0.25989583 0.58166665 0.25989583 0.5758333 0.2671875 0.5808333 0.26875 0.58 0.26927084 0.5758333 0.27135417 0.5758333 0.27239582 0.57 0.271875 0.565 0.26354167 0.5625 0.26197916 0.5575 0.25833333 0.5575 0.25572917 0.5475 0.24895833 0.54083335 0.19166666 0.5083333 0.10625 0.47
