14 0.57604164 0.24 0.57604164 0.2675 0.58385414 0.25416666 0.5890625 0.24916667 0.5953125 0.24333334 0.59166664 0.24166666 0.5875 0.24
14 0.64947915 0.24666667 0.65 0.27166668 0.6401042 0.2575 0.6354167 0.25083333 0.64270836 0.24666667
14 0.30729166 0.3225 0.32395834 0.32666665 0.3296875 0.335 0.33645833 0.3325 0.34635416 0.34166667 0.38229167 0.35083333 0.47708333 0.36583334 0.50572914 0.37 0.50625 0.37 0.484375 0.40333334 0.45677084 0.44416666 0.4546875 0.4475 0.4 0.44083333 0.3453125 0.43083334 0.3296875 0.43916667 0.315625 0.44083333 0.2984375 0.4325 0.30208334 0.40333334 0.30677083 0.3375 0.30677083 0.33083335
14 0.23020834 0.45833334 0.2359375 0.45833334 0.24270834 0.47083333 0.30416667 0.46583334 0.384375 0.455 0.41302082 0.44916666 0.43697917 0.44833332 0.44322917 0.4475 0.43697917 0.46333334 0.44270834 0.47833332 0.453125 0.49833333 0.46197918 0.5208333 0.46510416 0.53333336 0.46614584 0.53833336 0.453125 0.5425 0.4140625 0.53833336 0.38802084 0.5425 0.37760416 0.545 0.371875 0.5083333 0.35625 0.51666665 0.353125 0.5183333 0.334375 0.5425 0.31614584 0.5566667 0.25729167 0.55916667 0.25833333 0.56916666 0.25364584 0.5758333 0.24791667 0.58166665 0.23958333 0.5416667 0.23333333 0.49833333 0.234375 0.475 0.23541667 0.46916667 0.23072916 0.46833333
14 0.14947917 0.6333333 0.16041666 0.6325 0.17135416 0.635 0.1859375 0.6325 0.27291667 0.58416665 0.31614584 0.55916667 0.31614584 0.5566667 0.33489582 0.5416667 0.34791666 0.52416664 0.35208333 0.5183333 0.371875 0.5075 0.3765625 0.5466667 0.38645834 0.62333333 0.38697916 0.6275 0.375 0.635 0.36666667 0.6375 0.31666666 0.6575 0.228125 0.7075 0.20052083 0.7291667 0.19479166 0.73583335 0.18854167 0.74583334 0.178125 0.75 0.17604166 0.73833334 0.16614583 0.70166665 0.15989584 0.6825 0.15520833 0.6566667 0.15208334 0.64166665
14 0.50572914 0.51416665 0.5203125 0.55 0.5260417 0.57 0.528125 0.5858333 0.52135414 0.595 0.5083333 0.595 0.503125 0.5966667 0.41197917 0.68916667 0.3671875 0.7391667 0.34583333 0.7625 0.33854166 0.765 0.33177084 0.7475 0.31614584 0.7108333 0.296875 0.68 0.29791668 0.67583334 0.303125 0.6741667 0.31145832 0.675 0.31875 0.6816667 0.33802083 0.665 0.35416666 0.6483333 0.3625 0.6383333 0.37552083 0.635 0.38802084 0.62666667 0.3890625 0.615 0.396875 0.6025 0.44270834 0.555 0.45520833 0.5425 0.45729166 0.5416667 0.46614584 0.53833336 0.4640625 0.52916664 0.47604167 0.5158333 0.48020834 0.50416666 0.48541668 0.4925 0.490625 0.495 0.496875 0.5025 0.503125 0.51
14 0.59375 0.45416668 0.5864583 0.4875 0.5854167 0.55 0.58125 0.7 0.5807292 0.76166666 0.57708335 0.7891667 0.58125 0.795 0.59166664 0.80583334 0.5911458 0.8325 0.58958334 0.8358333 0.5317708 0.8308333 0.51770836 0.8308333 0.52135414 0.8075 0.52447915 0.7683333 0.52708334 0.6458333 0.52916664 0.58166665 0.5317708 0.49583334 0.5364583 0.47083333 0.55104166 0.4625 0.57708335 0.4575 0.58697915 0.45333335
14 0.42552084 0.7183333 0.49010417 0.68666667 0.5265625 0.66583335 0.52552086 0.7058333 0.525 0.7525 0.525 0.7608333 0.51666665 0.76666665 0.44479167 0.8016667 0.4265625 0.81083333 0.40833333 0.8358333 0.4015625 0.83666664 0.38958332 0.8375 0.3859375 0.81666666 0.37291667 0.7658333 0.36875 0.73833334 0.37760416 0.7266667 0.38333333 0.72583336 0.39791667 0.7266667 0.40364584 0.73 0.41197917 0.7266667
14 0.63645834 0.45833334 0.6380208 0.59 0.6375 0.615 0.63958335 0.62083334 0.63125 0.62166667 0.61354166 0.62666667 0.59270835 0.63416666 0.584375 0.62416667 0.584375 0.62166667 0.5859375 0.52416664 0.5859375 0.48666668 0.5932292 0.455 0.58802086 0.45333335 0.58177084 0.45333335 0.5828125 0.41583332 0.5828125 0.38416666 0.61510414 0.34083334 0.6223958 0.3325 0.63125 0.335 0.62708336 0.34666666 0.603125 0.39 0.5911458 0.40916666 0.59739584 0.42 0.61614585 0.43916667 0.6322917 0.45166665
14 0.60625 0.73333335 0.5833333 0.62416667 0.58125 0.6825 0.5807292 0.7158333 0.58125 0.72083336 0.5864583 0.7175 0.5932292 0.72083336 0.59947914 0.72833335 0.60364586 0.7316667
14 0.6546875 0.335 0.6588542 0.3625 0.66614586 0.38166666 0.734375 0.4775 0.7973958 0.5708333 0.80052084 0.56916666 0.8046875 0.56916666 0.81041664 0.5708333 0.8234375 0.5825 0.828125 0.58916664 0.81458336 0.6075 0.8020833 0.62916666 0.7864583 0.6458333 0.7817708 0.6666667 0.77552086 0.6816667 0.76458335 0.66083336 0.75364584 0.64 0.7453125 0.61083335 0.69895834 0.54333335 0.6557292 0.48416665 0.6359375 0.45916668 0.6322917 0.45083332 0.621875 0.44333333 0.6067708 0.43083334 0.5942708 0.41333333 0.5911458 0.41 0.60729164 0.38333333 0.62864584 0.34333333 0.63177085 0.33333334 0.63645834 0.325 0.6380208 0.32333332
14 0.70416665 0.55833334 0.7270833 0.76 0.73020834 0.77166665 0.73072916 0.7866667 0.73229164 0.80583334 0.7421875 0.80083334 0.75572914 0.79583335 0.771875 0.79583335 0.7895833 0.8075 0.79375 0.7941667 0.79270834 0.77916664 0.7817708 0.7275 0.7760417 0.6816667 0.76927084 0.6666667 0.76354164 0.66 0.75677085 0.6458333 0.753125 0.6375 0.7453125 0.61 0.709375 0.5575 0.70677084 0.5541667
14 0.7395833 0.44666666 0.75104165 0.50083333 0.73802084 0.4825 0.73020834 0.47166666 0.73541665 0.45833334 0.7369792 0.44583333
14 0.7182292 0.37 0.76197916 0.33583334 0.78020835 0.3175 0.7807292 0.33083335 0.78541666 0.34083334 0.7875 0.37083334 0.7890625 0.395 0.80104166 0.445 0.8484375 0.6166667 0.853125 0.63416666 0.8666667 0.64666665 0.8734375 0.6525 0.8755208 0.6716667 0.8390625 0.6975 0.821875 0.7075 0.8041667 0.715 0.8020833 0.70666665 0.80260414 0.6933333 0.8020833 0.67333335 0.8041667 0.66 0.79895836 0.63916665 0.7984375 0.6333333 0.8041667 0.62583333 0.8151042 0.60583335 0.8203125 0.6 0.8276042 0.59 0.825 0.585 0.8229167 0.5808333 0.815625 0.575 0.81041664 0.56916666 0.8052083 0.5683333 0.80052084 0.5683333 0.7963542 0.57 0.7515625 0.5025 0.740625 0.4525 0.73854166 0.44416666 0.73229164 0.425 0.7239583 0.40333334 0.715625 0.39416668 0.71458334 0.3825 0.7140625 0.375 0.71458334 0.37166667
14 0.603125 0.205 0.65520835 0.28 0.6567708 0.2875 0.5619792 0.40916666 0.50885415 0.485 0.49635416 0.5025 0.4875 0.4925 0.475 0.455 0.4703125 0.4525 0.46770832 0.4525 0.46302083 0.45666668 0.45885417 0.45916668 0.45208332 0.46083334 0.45260417 0.4525 0.459375 0.44 0.509375 0.3675 0.5864583 0.2525 0.6 0.2375 0.603125 0.23 0.6010417 0.2225 0.5984375 0.21416667 0.5989583 0.21083333
