16 0.33333334 0.1675 0.35260418 0.23 0.35729167 0.25333333 0.3671875 0.29 0.36197916 0.30583334 0.35104167 0.31833333 0.34895834 0.32166666 0.34322917 0.3825 0.31041667 0.3575 0.29375 0.34416667 0.28229168 0.39333335 0.240625 0.2875 0.22760417 0.24833333 0.2375 0.24333334 0.25208333 0.22916667 0.28489584 0.19916667 0.32708332 0.16916667
16 0.4984375 0.075833336 0.47135416 0.11666667 0.45208332 0.14666666 0.44166666 0.1675 0.41822916 0.20833333 0.39947918 0.24833333 0.38854167 0.25833333 0.3734375 0.2775 0.3671875 0.29 0.36197916 0.30583334 0.34895834 0.32 0.34322917 0.3825 0.36197916 0.395 0.40677083 0.42833334 0.44322917 0.45666668 0.46614584 0.47666666 0.45052084 0.5275 0.475 0.49333334 0.51197916 0.44166666 0.54895836 0.39166668 0.578125 0.3525 0.621875 0.28333333 0.5984375 0.24583334 0.5765625 0.21166667 0.546875 0.16333333 0.5026042 0.0825
16 0.4640625 0.575 0.44322917 0.53833336 0.45 0.5275 0.5 0.45666668 0.55885416 0.3775 0.57708335 0.35416666 0.6223958 0.2825 0.64166665 0.25666666 0.6796875 0.3225 0.70520836 0.365 0.75885415 0.4475 0.76770836 0.46166667 0.73802084 0.5058333 0.70625 0.5491667 0.67760414 0.5908333 0.6322917 0.665 0.58229166 0.7425 0.5703125 0.75916666 0.55052084 0.725 0.521875 0.6775 0.48333332 0.60583335
16 0.43541667 0.5775 0.4515625 0.5541667 0.4453125 0.5416667 0.4375 0.5675
16 0.43125 0.58666664 0.45625 0.5933333 0.47864583 0.5991667 0.4890625 0.61583334 0.5125 0.66083336 0.521875 0.6791667 0.56927085 0.7583333 0.61510414 0.6933333 0.6078125 0.78 0.59479165 0.92 0.51458335 0.895 0.44947916 0.8775 0.42604166 0.87083334 0.37239584 0.865 0.32864583 0.8566667 0.3296875 0.83666664 0.346875 0.84833336 0.36145833 0.8041667 0.3640625 0.77416664 0.378125 0.74666667 0.39375 0.69166666 0.42916667 0.5933333
16 0.7291667 0.5208333 0.73541665 0.55916667 0.74375 0.6358333 0.7453125 0.67333335 0.7453125 0.68583333 0.74635416 0.69416666 0.75572914 0.7158333 0.77760416 0.85333335 0.7270833 0.87583333 0.64479166 0.9066667 0.6015625 0.92333335 0.59739584 0.8975 0.6078125 0.785 0.61510414 0.6925 0.63125 0.6675 0.67552084 0.5933333 0.72760415 0.51916665
16 0.72552085 0.085 0.778125 0.17083333 0.8140625 0.23833333 0.8578125 0.3125 0.90989584 0.39083335 0.9140625 0.3975 0.8723958 0.45916668 0.82916665 0.5183333 0.80572915 0.55333334 0.778125 0.5933333 0.74583334 0.55 0.7296875 0.5183333 0.7671875 0.46083334 0.73333335 0.40916666 0.6875 0.3375 0.64166665 0.25666666 0.62135416 0.28083333 0.60833335 0.26 0.6354167 0.22166666 0.71197915 0.10666667
16 0.1828125 0.7216667 0.23958333 0.77 0.28229168 0.8025 0.34583333 0.8475 0.3609375 0.805 0.3640625 0.7733333 0.37708333 0.74916667 0.39322916 0.69166666 0.4328125 0.58416665 0.44479167 0.54333335 0.4453125 0.5416667 0.44322917 0.53833336 0.45104167 0.52666664 0.46614584 0.47666666 0.44479167 0.45833334 0.35989583 0.39416668 0.33489582 0.37666667 0.29375 0.34416667 0.2828125 0.3925 0.28229168 0.395 0.29947916 0.43833333 0.30833334 0.47583333 0.29947916 0.49 0.25885418 0.5316667 0.2375 0.5525 0.228125 0.59166664 0.21927084 0.62833333 0.19947916 0.6766667
16 0.079166666 0.54 0.12135417 0.50666666 0.14322917 0.5491667 0.14947917 0.5758333 0.1859375 0.61 0.19375 0.60333335 0.19739583 0.5825 0.20677084 0.57166666 0.22083333 0.56166667 0.22708334 0.58666664 0.22083333 0.62416667 0.203125 0.66583335 0.1828125 0.72083336 0.29739583 0.81333333 0.30364582 0.84 0.20729166 0.9141667 0.13697916 0.97 0.121875 0.925 0.10989583 0.86833334 0.091145836 0.79833335 0.060416665 0.69416666 0.033333335 0.6175 0.025520833 0.585
16 0.17864583 0.111666664 0.2 0.16333333 0.22760417 0.2475 0.240625 0.2875 0.27239582 0.37 0.3 0.44 0.3078125 0.47666666 0.29895833 0.49083334 0.26510417 0.52666664 0.23229167 0.55583334 0.209375 0.56916666 0.19895834 0.58166665 0.19479166 0.60083336 0.18489583 0.6091667 0.16927083 0.595 0.15104167 0.5783333 0.14479166 0.55333334 0.13125 0.5258333 0.11302083 0.48166665 0.09427083 0.43916667 0.083333336 0.40916666 0.063541666 0.36083335 0.029166667 0.26833335 0.0640625 0.22916667 0.090625 0.19666667 0.1734375 0.119166665
