6 0.038541667 0.60083336 0.010416667 0.6566667 0.0 0.68416667 0.0 0.7733333 0.063541666 0.7891667 0.13802083 0.82916665 0.14114584 0.81916666 0.17447917 0.65833336 0.15989584 0.6475 0.0796875 0.6333333 0.06979167 0.63166666 0.047916666 0.61333334 0.046875 0.6075
6 0.41510418 0.79 0.3875 0.8258333 0.39375 0.8433333 0.4375 0.9175 0.4609375 0.9675 0.46822917 0.98833334 0.47135416 1.0 0.49010417 1.0 0.5630208 0.9 0.5552083 0.875 0.5442708 0.8591667 0.509375 0.8016667 0.4734375 0.8725 0.4671875 0.8666667 0.41875 0.79333335
6 0.28645834 0.35333332 0.17447917 0.40083334 0.17291667 0.415 0.17604166 0.43416667 0.19583334 0.49333334 0.21302083 0.58166665 0.24375 0.5708333 0.26822916 0.5466667 0.3125 0.51166666 0.29427084 0.41583332 0.28645834 0.36083335
6 0.34479168 0.48333332 0.325 0.49416667 0.3109375 0.51166666 0.26197916 0.55333334 0.24375 0.5708333 0.21145834 0.58416665 0.19583334 0.59583336 0.2484375 0.75083333 0.25833333 0.735 0.32916668 0.6716667 0.37864584 0.65 0.390625 0.6333333 0.384375 0.6141667 0.35833332 0.6066667 0.36875 0.55916667 0.35208333 0.49916667
6 0.44635418 0.6716667 0.41354167 0.7183333 0.40260416 0.7275 0.390625 0.7475 0.41302082 0.7866667 0.42291668 0.7991667 0.4671875 0.86833334 0.47291666 0.8725 0.5208333 0.77916664 0.5307292 0.75916666 0.55625 0.7325 0.55052084 0.71666664 0.5520833 0.7125 0.55625 0.7033333 0.56927085 0.6925 0.5541667 0.67083335 0.5473958 0.7216667 0.5416667 0.7391667 0.459375 0.6825 0.45572916 0.67833334
6 0.61302084 0.66 0.6 0.6675 0.59010416 0.67833334 0.5552083 0.70416665 0.55052084 0.71666664 0.5697917 0.7725 0.5609375 0.80583334 0.55833334 0.87833333 0.5625 0.8958333 0.66302085 0.86833334 0.66614586 0.86333334 0.6614583 0.80833334 0.6557292 0.7241667 0.6515625 0.70916665 0.65 0.6483333 0.62916666 0.66083336 0.61822915 0.6575
6 0.353125 0.19583334 0.28229168 0.33666667 0.29427084 0.355 0.315625 0.37 0.390625 0.4725 0.39895833 0.4875 0.44010416 0.4025 0.46041667 0.36 0.46979168 0.34166667 0.46614584 0.33 0.43645832 0.3075 0.42552084 0.28 0.378125 0.31 0.365625 0.31166667
6 0.38020834 0.4575 0.36822918 0.5575 0.3578125 0.6075 0.3921875 0.6175 0.45052084 0.63416666 0.45677084 0.615 0.46197918 0.6041667 0.47447917 0.595 0.4734375 0.58916664 0.47916666 0.52 0.48489583 0.46 0.48697916 0.4425 0.490625 0.415 0.49270833 0.40666667 0.49270833 0.3825 0.4609375 0.39833334 0.4546875 0.39 0.4484375 0.385 0.39895833 0.4875 0.3890625 0.47083333
6 0.4921875 0.4425 0.48489583 0.45916668 0.48020834 0.5083333 0.47291666 0.58916664 0.47447917 0.595 0.46197918 0.60333335 0.45520833 0.6191667 0.44947916 0.6383333 0.44114584 0.665 0.44479167 0.66833335 0.44947916 0.6741667 0.47760418 0.695 0.54114586 0.7391667 0.54791665 0.72083336 0.5546875 0.6666667 0.56354165 0.6358333 0.5765625 0.57 0.5921875 0.51166666 0.5942708 0.49416667 0.5729167 0.48416665 0.5052083 0.4475 0.4984375 0.44666666
6 0.340625 0.13166666 0.3484375 0.15916666 0.36510417 0.31083333 0.37916666 0.31083333 0.428125 0.27916667 0.44791666 0.2625 0.49739584 0.25333333 0.5072917 0.2575 0.52447915 0.24833333 0.49427083 0.064166665 0.48541668 0.06666667 0.45260417 0.0975 0.446875 0.09583333 0.43333334 0.09916667 0.4109375 0.11 0.38958332 0.119166665 0.35833332 0.12416667
6 0.44895834 0.0016666667 0.4046875 0.11083333 0.425 0.10333333 0.44739583 0.095 0.453125 0.0975 0.48489583 0.06666667 0.4953125 0.064166665 0.5239583 0.24666667 0.5234375 0.25 0.5078125 0.25833333 0.496875 0.25333333 0.49270833 0.25416666 0.51666665 0.285 0.51875 0.2825 0.5260417 0.2625 0.534375 0.2075 0.54010415 0.1725 0.54322916 0.17 0.56614584 0.1775 0.58125 0.14583333 0.58229166 0.1425 0.56875 0.12583333 0.5619792 0.1175 0.5005208 0.0675 0.46197918 0.013333334
6 0.6328125 0.21583334 0.60364586 0.19583334 0.5765625 0.17916666 0.54114586 0.17 0.5395833 0.17583333 0.5265625 0.2625 0.50572914 0.34416667 0.496875 0.36916667 0.49635416 0.39083335 0.57708335 0.42166665 0.59739584 0.43083334 0.60364586 0.39833334 0.6078125 0.3675 0.6255208 0.28666666 0.6322917 0.26416665 0.6302083 0.22583333
6 0.6822917 0.08916666 0.6791667 0.14583333 0.671875 0.16916667 0.659375 0.2225 0.69895834 0.2275 0.77552086 0.22583333 0.79583335 0.2275 0.7895833 0.31166667 0.80052084 0.30916667 0.8203125 0.155 0.82395834 0.13333334 0.79895836 0.12833333 0.7609375 0.125 0.69166666 0.09
6 0.63385415 0.21416667 0.63072914 0.2225 0.6302083 0.22833334 0.6333333 0.27416667 0.6328125 0.39416668 0.6380208 0.39583334 0.68125 0.38833332 0.7135417 0.385 0.76458335 0.40083334 0.77760416 0.4075 0.7838542 0.375 0.79010415 0.29833335 0.7963542 0.22666667 0.77552086 0.225 0.703125 0.2275 0.6536458 0.22166666 0.64166665 0.21833333
6 0.765625 0.605 0.7682292 0.7608333 0.7625 0.8325 0.76354164 0.8491667 0.815625 0.8425 0.87083334 0.85083336 0.871875 0.8441667 0.86354166 0.7133333 0.8640625 0.69916666 0.8697917 0.68333334 0.81927085 0.64 0.77239585 0.61583334
6 0.86041665 0.28416666 0.8255208 0.3025 0.7895833 0.31083333 0.78333336 0.38083333 0.77760416 0.40916666 0.7703125 0.40333334 0.7921875 0.5708333 0.8171875 0.55833334 0.7895833 0.49 0.8046875 0.48583335 0.85520834 0.42833334 0.8744792 0.39
6 0.90416664 0.34 0.87395835 0.39166668 0.85625 0.4275 0.8052083 0.485 0.7890625 0.49 0.8171875 0.5575 0.8354167 0.60583335 0.84791666 0.64 0.85260415 0.635 0.88072914 0.59166664 0.9348958 0.5175 0.96302086 0.48416665 0.9661458 0.475 0.9125 0.35333332 0.9088542 0.34333333
6 0.78697914 0.5325 0.7671875 0.60333335 0.76927084 0.61 0.77239585 0.6166667 0.7895833 0.62416667 0.81875 0.63916665 0.8697917 0.68416667 0.90989584 0.7175 0.91302085 0.70666665 0.93333334 0.6275 0.95104164 0.55583334 0.95104164 0.54833335 0.92864585 0.54083335 0.921875 0.535 0.8796875 0.5925 0.859375 0.625 0.853125 0.6358333 0.8484375 0.63916665 0.8171875 0.5575 0.7921875 0.5708333 0.79114586 0.56416667
6 0.99010414 0.07083333 0.96458334 0.14666666 0.9479167 0.22416666 0.94114584 0.2375 0.946875 0.24666667 1.0 0.27 1.0 0.07416666
6 0.027083334 0.26833335 0.057291668 0.38833332 0.07447917 0.4225 0.063541666 0.46333334 0.061458334 0.5 0.07083333 0.5025 0.17864583 0.4775 0.18385416 0.47083333 0.178125 0.45416668 0.1734375 0.41833332 0.15208334 0.23666666 0.14947917 0.22666667 0.05 0.25833333
