15 0.26666668 0.6191667 0.2328125 0.6075 0.22239584 0.60833335 0.21822916 0.6166667 0.21197917 0.61833334 0.20729166 0.6116667 0.20260416 0.625 0.209375 0.63166666 0.2140625 0.635 0.21822916 0.64666665 0.221875 0.6525 0.25208333 0.6666667 0.3234375 0.695 0.4265625 0.73 0.434375 0.7291667 0.4390625 0.7225 0.44583333 0.72083336 0.4515625 0.7216667 0.45520833 0.7133333 0.446875 0.71 0.44166666 0.7033333 0.43854168 0.68833333 0.43385416 0.685 0.30520833 0.63666666
15 0.19583334 0.41416666 0.37291667 0.49333334 0.384375 0.50333333 0.38802084 0.515 0.39166668 0.52 0.39947918 0.525 0.396875 0.5391667 0.3890625 0.53333336 0.38697916 0.5391667 0.3828125 0.5375 0.38020834 0.54333335 0.37447917 0.54583335 0.3640625 0.5441667 0.34375 0.53583336 0.21197917 0.47833332 0.17447917 0.45833334 0.16614583 0.44916666 0.1640625 0.435 0.15989584 0.4275 0.15208334 0.42416668 0.15572916 0.41 0.16302083 0.41833332 0.16666667 0.41583332 0.17239584 0.41166666 0.1796875 0.41
15 0.65208334 0.8233333 0.60833335 0.81583333 0.59947914 0.81666666 0.5942708 0.8233333 0.5932292 0.8308333 0.5890625 0.8308333 0.58385414 0.82416666 0.57916665 0.83416665 0.57916665 0.8425 0.58802086 0.845 0.58958334 0.8525 0.5953125 0.8575 0.6010417 0.865 0.79270834 0.88916665 0.80052084 0.8883333 0.80885416 0.88 0.81458336 0.87666667 0.8203125 0.87833333 0.8208333 0.85833335 0.81354165 0.85833335 0.80572915 0.84833336 0.80052084 0.8408333 0.79322916 0.83666664 0.67083335 0.82666665
15 0.65052086 0.6066667 0.5708333 0.68583333 0.5578125 0.6983333 0.5520833 0.7133333 0.5484375 0.7183333 0.54270834 0.7241667 0.54114586 0.735 0.54479164 0.7425 0.5520833 0.7366667 0.5640625 0.7391667 0.57395834 0.7341667 0.58958334 0.7241667 0.7239583 0.59583336 0.7421875 0.575 0.7453125 0.56166667 0.74791664 0.5516667 0.75208336 0.5466667 0.75104165 0.53333336 0.7473958 0.5325 0.74427086 0.53833336 0.7395833 0.5375 0.734375 0.5391667 0.7265625 0.5391667 0.7005208 0.55916667
15 0.5520833 0.6375 0.64739585 0.5525 0.6578125 0.5516667 0.665625 0.5525 0.6770833 0.55083334 0.6791667 0.56583333 0.6734375 0.56583333 0.66875 0.57 0.6671875 0.5908333 0.5953125 0.6616667 0.50208336 0.7366667 0.49270833 0.7375 0.48541668 0.7375 0.48125 0.7316667 0.4765625 0.7316667 0.471875 0.73833334 0.46666667 0.72083336 0.47395834 0.7225 0.475 0.71666664 0.4796875 0.715 0.48020834 0.70166665 0.48854166 0.68833333 0.534375 0.6508333
15 0.5078125 0.305 0.4921875 0.5308333 0.48385417 0.6075 0.48020834 0.62166667 0.475 0.63 0.471875 0.6308333 0.46822917 0.645 0.46666667 0.6533333 0.45989582 0.65 0.46197918 0.63916665 0.45833334 0.6275 0.4546875 0.61083335 0.4546875 0.5883333 0.4765625 0.3125 0.48333332 0.285 0.49010417 0.27416667 0.49114582 0.25666666 0.4984375 0.255 0.50208336 0.27166668 0.5046875 0.28583333 0.5078125 0.29166666
15 0.6411458 0.38333333 0.5854167 0.38916665 0.5338542 0.395 0.5286458 0.40333334 0.5239583 0.41 0.51666665 0.415 0.51145834 0.415 0.51197916 0.42583334 0.5208333 0.4275 0.53020835 0.4375 0.5385417 0.44166666 0.55833334 0.44083333 0.65520835 0.4325 0.72239584 0.41916665 0.7390625 0.41333333 0.74583334 0.4 0.75416666 0.39166668 0.7546875 0.3825 0.74322915 0.38583332 0.73541665 0.37583333 0.7260417 0.37083334 0.6828125 0.3775 0.6546875 0.38333333
15 0.6765625 0.13 0.58697915 0.2625 0.54270834 0.33333334 0.5359375 0.34166667 0.53229165 0.3525 0.5307292 0.36166668 0.5317708 0.37083334 0.5296875 0.37916666 0.5260417 0.39 0.5296875 0.40166667 0.53489584 0.39333335 0.54114586 0.39 0.55052084 0.38666666 0.56458336 0.36916667 0.7 0.165 0.7005208 0.14916667 0.7036458 0.13583334 0.709375 0.12666667 0.7 0.11666667 0.6953125 0.12 0.69322914 0.1275 0.68541664 0.13
15 0.5484375 0.0575 0.5171875 0.2675 0.5109375 0.30416667 0.50885415 0.32583332 0.50885415 0.33833334 0.5161458 0.3475 0.5161458 0.355 0.5140625 0.36333334 0.51875 0.36666667 0.5260417 0.36833334 0.5260417 0.3575 0.5296875 0.34916666 0.53489584 0.34416667 0.54114586 0.32916668 0.5572917 0.20666666 0.58489585 0.035833333 0.5854167 0.013333334 0.58125 0.006666667 0.58385414 0.0 0.56458336 0.0 0.5552083 0.014166667 0.55104166 0.035
15 0.20260416 0.49666667 0.2140625 0.47916666 0.221875 0.495 0.21666667 0.49833333 0.21510416 0.50666666 0.2171875 0.51416665 0.21614583 0.5283333 0.20729166 0.5466667 0.06614583 0.7683333 0.055208333 0.7675 0.047916666 0.77666664 0.04375 0.78 0.035416666 0.7783333 0.039583333 0.7633333 0.041666668 0.74583334 0.0453125 0.73083335 0.111979164 0.63166666 0.1828125 0.50916666 0.19375 0.4975
