6 0.37864584 0.63166666 0.39114583 0.6016667 0.40729168 0.5758333 0.43229166 0.5225 0.44375 0.50666666 0.45260417 0.5175 0.49270833 0.60583335 0.51458335 0.6508333 0.5005208 0.66583335 0.45520833 0.71166664 0.42708334 0.73583335 0.41666666 0.74583334 0.4015625 0.7733333 0.39583334 0.78583336 0.39114583 0.79 0.35572916 0.71166664 0.32760417 0.64166665 0.34010416 0.62916666 0.35677084 0.62666667 0.3734375 0.62916666
6 0.50989586 0.66333336 0.5109375 0.69083333 0.5130208 0.70916665 0.51875 0.7391667 0.5203125 0.74916667 0.51927084 0.7625 0.4984375 0.76416665 0.43333334 0.77166665 0.409375 0.7733333 0.40885416 0.7608333 0.4171875 0.745 0.45677084 0.70916665 0.509375 0.6566667
6 0.39791667 0.54333335 0.42760417 0.5325 0.40833333 0.5733333 0.40052083 0.5858333 0.39583334 0.55583334
6 0.4609375 0.52666664 0.48072916 0.525 0.5026042 0.5233333 0.50625 0.52666664 0.50625 0.5416667 0.5083333 0.6375 0.48854166 0.5966667 0.4578125 0.5283333
6 0.57135415 0.38333333 0.59739584 0.38666666 0.5953125 0.41333333 0.5885417 0.4525 0.578125 0.51416665 0.5776042 0.5366667 0.5828125 0.60333335 0.58177084 0.6275 0.5703125 0.62666667 0.5078125 0.6166667 0.50677085 0.5316667 0.5229167 0.545 0.5265625 0.5375 0.5442708 0.47416666 0.553125 0.4175
6 0.45416668 0.2475 0.46875 0.26083332 0.48333332 0.28333333 0.5171875 0.3325 0.5286458 0.34416667 0.5708333 0.38333333 0.55260414 0.41833332 0.54479164 0.47333333 0.52708334 0.53583336 0.5229167 0.545 0.5072917 0.5308333 0.50677085 0.52666664 0.5026042 0.5225 0.49583334 0.5058333 0.490625 0.49166667 0.48072916 0.48333332 0.46302083 0.47166666 0.41458333 0.42833334 0.40416667 0.41916665 0.3921875 0.4 0.40729168 0.36833334 0.44635418 0.275
6 0.53541666 0.26833335 0.53020835 0.31 0.5265625 0.34 0.5171875 0.3325 0.49114582 0.29416665 0.46770832 0.25916666 0.52135414 0.2675
6 0.4109375 0.47166666 0.41458333 0.45 0.4171875 0.42916667 0.42291668 0.43583333 0.4640625 0.47333333 0.48125 0.48333332 0.490625 0.49083334 0.4984375 0.51166666 0.47916666 0.50666666 0.409375 0.485
6 0.4265625 0.31083333 0.42864582 0.2775 0.43125 0.24833333 0.4515625 0.25333333 0.446875 0.27416667 0.42708334 0.32083333
6 0.35364583 0.071666665 0.39010417 0.08 0.46041667 0.10166667 0.4609375 0.11083333 0.45572916 0.14 0.44010416 0.25083333 0.43125 0.24833333 0.428125 0.27666667 0.4265625 0.31083333 0.42708334 0.32083333 0.41770834 0.34166667 0.33333334 0.31 0.32239583 0.305 0.32708332 0.28583333 0.33125 0.26666668 0.34166667 0.215 0.34583333 0.19416666 0.34895834 0.16916667 0.34947917 0.11666667 0.3484375 0.08583333 0.35104167 0.07083333
6 0.2515625 0.5441667 0.28697917 0.5475 0.31927082 0.5525 0.3328125 0.545 0.3609375 0.5341667 0.375 0.53583336 0.37291667 0.63 0.35729167 0.62666667 0.34114584 0.62833333 0.32760417 0.64 0.35572916 0.71 0.32604167 0.7008333 0.30729166 0.69416666 0.29427084 0.68333334 0.290625 0.68666667 0.28697917 0.695 0.25729167 0.72083336 0.24010417 0.72083336 0.2328125 0.5441667
