6 0.1578125 0.4175 0.063541666 0.50666666 0.058333334 0.5183333 0.1015625 0.59166664 0.12135417 0.6933333 0.128125 0.71416664 0.14635417 0.7008333 0.12864584 0.65833336 0.11145833 0.62833333 0.10572917 0.6016667 0.2 0.5391667 0.16458334 0.42166665
6 0.2171875 0.5283333 0.10572917 0.60083336 0.1125 0.6325 0.12447917 0.64916664 0.13177083 0.66833335 0.14791666 0.7033333 0.1609375 0.7391667 0.16302083 0.8 0.171875 0.8183333 0.19895834 0.79333335 0.22447917 0.78 0.2171875 0.72583336 0.21822916 0.7125 0.26614583 0.7025 0.23802084 0.6275 0.22291666 0.5416667
6 0.32916668 0.68666667 0.21666667 0.7133333 0.21822916 0.72833335 0.2265625 0.795 0.228125 0.825 0.23541667 0.8475 0.23333333 0.93416667 0.23697917 0.9625 0.30520833 0.93333334 0.31666666 0.92333335 0.33645833 0.9225 0.3453125 0.92333335 0.3328125 0.84583336 0.3328125 0.81 0.30677083 0.74 0.30625 0.73333335 0.33385417 0.715 0.33229166 0.6933333
6 0.365625 0.9458333 0.34583333 1.0 0.41666666 1.0 0.37552083 0.95
6 0.38489583 0.6775 0.35052082 0.705 0.3046875 0.73333335 0.30729166 0.7441667 0.33229166 0.80916667 0.35 0.855 0.37083334 0.945 0.41822916 0.9116667 0.403125 0.91333336 0.40104166 0.8808333 0.39270833 0.71 0.3875 0.6825
6 0.3828125 0.465 0.34322917 0.62083334 0.34635416 0.62916666 0.40677083 0.655 0.50364584 0.63916665 0.51145834 0.6141667 0.5265625 0.56166667 0.51197916 0.54833335 0.44739583 0.5183333 0.41822916 0.49166667 0.39114583 0.4675
6 0.24166666 0.3575 0.25885418 0.49583334 0.25677082 0.56916666 0.26197916 0.58916664 0.28385416 0.5808333 0.35729167 0.56583333 0.36822918 0.52416664 0.35260418 0.44583333 0.35104167 0.34416667 0.34479168 0.315 0.28697917 0.3375
6 0.55885416 0.7633333 0.5286458 0.8275 0.5072917 0.8516667 0.51197916 0.8725 0.49166667 0.88 0.50416666 0.9025 0.5708333 1.0 0.63125 1.0 0.6734375 0.93583333 0.6770833 0.925 0.66510415 0.9091667 0.6244792 0.8616667 0.60729164 0.835 0.56822914 0.77
6 0.38802084 0.66 0.3875 0.6816667 0.39322916 0.70916665 0.40260416 0.91333336 0.41666666 0.91083336 0.50364584 0.875 0.51197916 0.8725 0.50677085 0.85083336 0.5015625 0.785 0.49947917 0.6525 0.50104165 0.64 0.39895833 0.6558333
6 0.54322916 0.97 0.5046875 1.0 0.5572917 1.0 0.5453125 0.97
6 0.52708334 0.9425 0.5359375 0.975 0.54270834 0.9691667 0.5463542 0.9725 0.5572917 1.0 0.57135415 1.0 0.5317708 0.9425
6 0.653125 0.96666664 0.63125 1.0 0.6635417 1.0 0.65520835 0.9741667
6 0.5494792 0.69166666 0.55052084 0.7825 0.55885416 0.765 0.56666666 0.7675 0.61875 0.85333335 0.6859375 0.8525 0.69895834 0.8466667 0.7 0.68333334 0.6890625 0.6791667 0.6255208 0.6975 0.5963542 0.7033333 0.5619792 0.69166666
6 0.6020833 0.6308333 0.60520834 0.7 0.6276042 0.6975 0.690625 0.67833334 0.7005208 0.68333334 0.69895834 0.7783333 0.76197916 0.7775 0.76770836 0.77416664 0.7552083 0.605 0.74635416 0.6041667 0.7192708 0.61583334 0.69739586 0.6191667 0.65208334 0.62916666 0.615625 0.62666667
6 0.81822914 0.5175 0.809375 0.54333335 0.8130208 0.575 0.7739583 0.74916667 0.7864583 0.75333333 0.88072914 0.79583335 0.8822917 0.77 0.90833336 0.605 0.91770834 0.56583333 0.8359375 0.52666664
6 0.875 0.80083334 0.7994792 0.8575 0.73854166 0.8833333 0.76875 0.99916667 0.8489583 1.0 0.85833335 0.9941667 0.8744792 0.99083334 0.9114583 0.9775 0.91822916 0.9683333 0.896875 0.8725
6 0.6010417 0.0 0.57239586 0.014166667 0.57395834 0.023333333 0.6203125 0.21916667 0.64375 0.1625 0.6546875 0.17166667 0.65989584 0.18083334 0.6625 0.19583334 0.6734375 0.20583333 0.7135417 0.1825 0.71197915 0.15916666 0.70416665 0.13583334 0.66875 0.0
6 0.48541668 0.00083333335 0.41614583 0.1175 0.42083332 0.1325 0.48333332 0.21583334 0.52447915 0.285 0.54270834 0.25 0.5630208 0.21333334 0.590625 0.14666666 0.5807292 0.13416667 0.55 0.100833334 0.49375 0.0
6 0.6432292 0.16416667 0.61875 0.22416666 0.57916665 0.29583332 0.5885417 0.31333333 0.62604165 0.3425 0.6703125 0.39083335 0.68385416 0.4175 0.690625 0.43333334 0.73229164 0.35833332 0.7583333 0.30166668 0.74895835 0.2875 0.7125 0.26166666 0.6880208 0.22583333 0.6703125 0.20583333 0.6614583 0.19416666 0.66041666 0.17916666 0.65260416 0.16916667 0.6453125 0.16416667
6 0.21302083 0.14 0.16927083 0.19 0.15364583 0.21333334 0.1515625 0.21833333 0.12604167 0.21666667 0.1234375 0.21833333 0.12552084 0.23583333 0.15885417 0.32583332 0.184375 0.42 0.19479166 0.44166666 0.24739583 0.40333334 0.24114583 0.35583332 0.28125 0.33916667 0.2421875 0.2225 0.21875 0.15083334
6 0.065625 0.18 0.05 0.31916666 0.027604166 0.36333334 0.011458334 0.39666668 0.016666668 0.40583333 0.109375 0.4625 0.1359375 0.43916667 0.159375 0.33 0.12552084 0.23583333 0.1234375 0.2175 0.12916666 0.21833333 0.12552084 0.2125
