18 0.38385418 0.50333333 0.35208333 0.4825 0.33125 0.46833333 0.31458333 0.48 0.31041667 0.50666666 0.27708334 0.62666667 0.35989583 0.53333336 0.3859375 0.50416666
18 0.38697916 0.7775 0.3734375 0.82416666 0.36614582 0.855 0.35520834 0.86333334 0.34895834 0.86333334 0.33177084 0.85 0.34947917 0.82666665 0.35833332 0.8125 0.38802084 0.7733333
18 0.2515625 0.7175 0.23541667 0.7725 0.23541667 0.7825 0.24010417 0.795 0.25364584 0.805 0.30625 0.835 0.28020832 0.7825 0.259375 0.73583335 0.2546875 0.7225
18 0.396875 0.36333334 0.38958332 0.34916666 0.38489583 0.34416667 0.1953125 0.335 0.178125 0.33333334 0.17135416 0.3425 0.16666667 0.3525 0.1671875 0.4625 0.1671875 0.54583335 0.17239584 0.56083333 0.1765625 0.565 0.18020834 0.56583333 0.26041666 0.565 0.2921875 0.5575 0.29583332 0.5575 0.31041667 0.505 0.31458333 0.48 0.33020833 0.46916667 0.33333334 0.46916667 0.3859375 0.505 0.390625 0.49916667 0.39479166 0.40333334 0.396875 0.36916667
18 0.16666667 0.44583333 0.16145833 0.4525 0.14270833 0.5316667 0.13333334 0.56333333 0.12604167 0.59583336 0.11666667 0.6333333 0.1203125 0.65 0.13229166 0.66333336 0.18645833 0.69 0.2421875 0.7191667 0.25052083 0.72333336 0.25208333 0.7175 0.24166666 0.69166666 0.2390625 0.68333334 0.24322917 0.6691667 0.25260416 0.655 0.27604166 0.62666667 0.28645834 0.5933333 0.29583332 0.55833334 0.290625 0.5575 0.25989583 0.565 0.23072916 0.565 0.17916666 0.56583333 0.171875 0.56083333 0.16770834 0.54833335 0.1671875 0.5275 0.1671875 0.46583334
18 0.653125 0.42416668 0.63958335 0.46416667 0.63645834 0.485 0.6296875 0.5108333 0.6223958 0.5158333 0.61354166 0.53833336 0.60625 0.56166667 0.6078125 0.5758333 0.61145836 0.5858333 0.7057292 0.6741667 0.70989585 0.675 0.7171875 0.67083335 0.7234375 0.66333336 0.7552083 0.56666666 0.76197916 0.5516667 0.73125 0.5425 0.71875 0.5375 0.7140625 0.5208333 0.7114583 0.50916666 0.7036458 0.5083333 0.6947917 0.5025 0.659375 0.43333334
18 0.8385417 0.5575 0.83020836 0.56666666 0.8234375 0.57 0.80052084 0.56416667 0.78541666 0.55916667 0.7828125 0.5516667 0.78125 0.55833334 0.775 0.55583334 0.7625 0.5525 0.7239583 0.5391667 0.71875 0.53833336 0.7125 0.5125 0.71197915 0.51 0.71197915 0.50916666 0.72447914 0.49166667 0.7265625 0.49083334 0.73020834 0.50416666 0.7416667 0.5158333 0.77135414 0.5275 0.8125 0.5491667 0.828125 0.55583334
18 0.9067708 0.24 0.89635414 0.22833334 0.88125 0.22083333 0.84479165 0.20583333 0.7973958 0.18166667 0.7916667 0.18 0.7828125 0.185 0.778125 0.19166666 0.7760417 0.205 0.765625 0.2925 0.7630208 0.30833334 0.75625 0.34083334 0.7484375 0.37583333 0.72552085 0.46833333 0.7234375 0.4825 0.7260417 0.49083334 0.73125 0.5075 0.7494792 0.5175 0.7796875 0.5316667 0.81458336 0.55083334 0.82916665 0.5566667 0.83697915 0.55833334 0.8463542 0.55333334 0.85052085 0.54833335 0.865625 0.48 0.88125 0.42166665 0.88645834 0.4025 0.88645834 0.38416666 0.88697916 0.36583334 0.89947915 0.31916666 0.909375 0.25583333 0.909375 0.245
18 0.81458336 0.19 0.7942708 0.15166667 0.79010415 0.14416666 0.78125 0.1425 0.7765625 0.14166667 0.77447915 0.14166667 0.7328125 0.1975 0.665625 0.285 0.62604165 0.33083335 0.62291664 0.34083334 0.6223958 0.35416666 0.62291664 0.35833332 0.64739585 0.41083333 0.65520835 0.4275 0.6578125 0.43083334 0.6796875 0.4725 0.6947917 0.50333333 0.6979167 0.50666666 0.70104164 0.5075 0.70416665 0.5083333 0.71197915 0.50916666 0.72552085 0.49 0.725 0.48583335 0.7234375 0.4825 0.7270833 0.4625 0.74791664 0.37833333 0.7661458 0.29666665 0.77447915 0.21916667 0.7786458 0.19333333 0.78229165 0.18833333 0.7875 0.1825 0.7916667 0.18 0.7973958 0.18166667 0.8151042 0.19083333
18 0.48697916 0.63 0.47604167 0.60583335 0.46302083 0.5783333 0.45104167 0.54833335 0.4265625 0.48833334 0.4203125 0.48083332 0.41145834 0.4775 0.40572917 0.4825 0.30260417 0.5966667 0.25052083 0.6566667 0.2421875 0.67 0.23958333 0.68333334 0.24583334 0.70416665 0.2765625 0.7733333 0.315625 0.85333335 0.32604167 0.8541667 0.328125 0.8541667 0.34322917 0.835 0.36979166 0.7975 0.3921875 0.76916665 0.45052084 0.6983333 0.484375 0.6575 0.48854166 0.64166665 0.4875 0.635
