19 0.13072917 0.385 0.1421875 0.38916665 0.15416667 0.39833334 0.17552084 0.41083333 0.17708333 0.415 0.17916666 0.455 0.1796875 0.46416667 0.178125 0.48 0.17708333 0.49833333 0.17604166 0.5058333 0.17552084 0.53833336 0.17552084 0.5708333 0.175 0.5975 0.17552084 0.6166667 0.175 0.6191667 0.17604166 0.625 0.18125 0.6358333 0.18802084 0.63666666 0.2109375 0.635 0.23541667 0.63416666 0.2515625 0.63416666 0.259375 0.63416666 0.24583334 0.6825 0.24375 0.6925 0.240625 0.69916666 0.23125 0.7033333 0.22552083 0.69916666 0.12552084 0.63 0.075520836 0.5975 0.071354166 0.59166664 0.0703125 0.58 0.071875 0.56583333 0.110416666 0.43166667 0.12135417 0.39333335 0.123958334 0.38916665
19 0.45364583 0.1475 0.49635416 0.1725 0.5338542 0.19583334 0.5854167 0.225 0.60625 0.2375 0.6177083 0.24416667 0.6223958 0.25416666 0.62395835 0.2625 0.6223958 0.27666667 0.6015625 0.35583332 0.5859375 0.42083332 0.578125 0.45583335 0.575 0.46166667 0.5708333 0.46666667 0.565625 0.46916667 0.55104166 0.46083334 0.5265625 0.445 0.4515625 0.39916667 0.40260416 0.3725 0.39947918 0.3675 0.39635417 0.36 0.3953125 0.35333332 0.39583334 0.34583333 0.40833333 0.2975 0.425 0.235 0.43802083 0.17416666 0.44010416 0.1625 0.44322917 0.1525 0.44635418 0.14833333 0.44739583 0.1475
19 0.43229166 0.1725 0.42916667 0.17916666 0.42760417 0.18666667 0.42395833 0.22 0.421875 0.24333334 0.42291668 0.24333334 0.43229166 0.20083334 0.4375 0.17416666 0.4390625 0.1675 0.43697917 0.16833334 0.43489584 0.17
19 0.53333336 0.19333333 0.55833334 0.20083334 0.56927085 0.20166667 0.58229166 0.205 0.5989583 0.20916666 0.6088542 0.2125 0.61145836 0.21416667 0.6140625 0.21916667 0.615625 0.22666667 0.615625 0.23583333 0.61510414 0.2425 0.5864583 0.225 0.55885416 0.21 0.5416667 0.2 0.53229165 0.195 0.5307292 0.19333333
19 0.59947914 0.3675 0.59479165 0.41083333 0.59375 0.425 0.59166664 0.43083334 0.5885417 0.435 0.58489585 0.44 0.58125 0.44083333 0.59375 0.38833332 0.5984375 0.37083334
19 0.40833333 0.3775 0.40833333 0.38333333 0.41145834 0.39166668 0.415625 0.39416668 0.42708334 0.3975 0.44791666 0.40416667 0.46822917 0.41 0.45833334 0.4025 0.4171875 0.38 0.409375 0.37583333
19 0.846875 0.31916666 0.9057292 0.38083333 0.94322914 0.41666666 0.9515625 0.4275 0.9578125 0.4375 0.9583333 0.44583333 0.9583333 0.45416668 0.9557292 0.46333334 0.9192708 0.5541667 0.8958333 0.61833334 0.8890625 0.63166666 0.87604165 0.67 0.8723958 0.67833334 0.86614585 0.685 0.85625 0.68416667 0.83229166 0.6625 0.75625 0.5825 0.74583334 0.5675 0.740625 0.55583334 0.740625 0.5491667 0.740625 0.5391667 0.7552083 0.50166667 0.80104166 0.39166668 0.8140625 0.35666665 0.82604164 0.32416666 0.8328125 0.3175 0.83697915 0.31416667
19 0.61614585 0.48666668 0.690625 0.41833332 0.7192708 0.3925 0.7260417 0.39166668 0.7317708 0.39166668 0.7375 0.4 0.74114585 0.41416666 0.765625 0.47666666 0.7526042 0.5083333 0.740625 0.5391667 0.740625 0.5516667 0.740625 0.55583334 0.7447917 0.56666666 0.74791664 0.5708333 0.73333335 0.6075 0.7338542 0.61833334 0.7369792 0.62833333 0.740625 0.6325 0.753125 0.6483333 0.7864583 0.68333334 0.7447917 0.72083336 0.7104167 0.75416666 0.70104164 0.75916666 0.6953125 0.75416666 0.69114584 0.7475 0.68385416 0.72833335 0.67395836 0.6983333 0.6536458 0.635 0.6411458 0.6016667 0.6276042 0.56333333 0.61875 0.545 0.609375 0.51666665 0.6078125 0.5125 0.6078125 0.50666666 0.6098958 0.4975 0.61145836 0.49
19 0.9380208 0.55916667 0.9614583 0.57916665 0.96875 0.5875 0.971875 0.5975 0.971875 0.61083335 0.96510416 0.62916666 0.91510415 0.74333334 0.89739585 0.785 0.88854164 0.78833336 0.88177085 0.785 0.81458336 0.70916665 0.78541666 0.6816667 0.7526042 0.6475 0.73854166 0.63 0.7348958 0.62333333 0.7338542 0.61833334 0.7338542 0.605 0.7375 0.5966667 0.74791664 0.5725 0.75572914 0.58 0.8015625 0.63166666 0.8432292 0.67333335 0.85364586 0.6825 0.8588542 0.68583333 0.8645833 0.68583333 0.8697917 0.6825 0.87395835 0.675 0.8890625 0.6333333 0.9145833 0.57 0.9203125 0.5516667 0.9244792 0.5441667 0.93854165 0.56
19 0.1890625 0.34 0.21197917 0.33583334 0.2421875 0.34083334 0.2625 0.34166667 0.2828125 0.33666667 0.3 0.33583334 0.30885416 0.335 0.315625 0.34083334 0.31822917 0.34583333 0.31979167 0.36166668 0.31927082 0.46333334 0.31927082 0.55083334 0.31875 0.60833335 0.3171875 0.62333333 0.31614584 0.62916666 0.3109375 0.6325 0.21302083 0.635 0.184375 0.6358333 0.18020834 0.6358333 0.17760417 0.6275 0.175 0.6191667 0.1765625 0.50333333 0.1796875 0.46416667 0.17708333 0.41333333 0.175 0.39416668 0.17552084 0.35833332 0.17708333 0.35166666 0.18177083 0.3425
