9 0.16458334 0.29 0.15677084 0.28833333 0.1015625 0.28916666 0.09739583 0.29333332 0.0953125 0.28666666 0.055729166 0.28666666 0.055208333 0.29666665 0.063541666 0.39916667 0.06979167 0.43583333 0.06979167 0.48083332 0.075 0.5133333 0.08177083 0.5733333 0.118229166 0.55916667 0.1203125 0.55333334 0.12291667 0.55916667 0.16458334 0.545 0.17708333 0.52916664 0.19166666 0.5283333 0.22395833 0.52916664 0.2828125 0.5258333 0.30885416 0.5225 0.3078125 0.45666668 0.3015625 0.35833332 0.29427084 0.29583332 0.28697917 0.265 0.2828125 0.25916666 0.26145834 0.2575 0.22864583 0.27 0.20104167 0.28083333 0.18072917 0.295 0.16770834 0.29583332
9 0.14427084 0.5566667 0.122395836 0.5933333 0.1046875 0.62166667 0.096354164 0.6358333 0.1109375 0.6533333 0.12447917 0.6691667 0.12447917 0.6766667 0.12708333 0.68333334 0.1390625 0.6925 0.16666667 0.74333334 0.2046875 0.79833335 0.22083333 0.8183333 0.2375 0.79583335 0.28177083 0.71416664 0.30989584 0.66583335 0.31927082 0.63666666 0.34895834 0.60083336 0.34895834 0.5941667 0.35260418 0.5941667 0.3859375 0.54583335 0.3640625 0.5083333 0.33697918 0.4775 0.3203125 0.45166665 0.30833334 0.43 0.30572918 0.425 0.3078125 0.44833332 0.30885416 0.5225 0.221875 0.53 0.178125 0.5283333 0.1640625 0.5441667 0.14895834 0.55
9 0.40052083 0.47166666 0.38489583 0.49916667 0.37916666 0.51666665 0.37395832 0.5258333 0.38541666 0.54583335 0.35260418 0.5933333 0.3484375 0.5925 0.34947917 0.6016667 0.31927082 0.6375 0.309375 0.6666667 0.2953125 0.6925 0.3078125 0.7125 0.34322917 0.7625 0.36666667 0.7975 0.39375 0.815 0.4125 0.8325 0.434375 0.8591667 0.440625 0.85583335 0.43958333 0.865 0.46822917 0.9033333 0.48697916 0.865 0.5 0.845 0.51927084 0.8233333 0.52447915 0.80916667 0.565625 0.74 0.5390625 0.7008333 0.5338542 0.7008333 0.53333336 0.69416666 0.49895832 0.63916665 0.43802083 0.5366667 0.40677083 0.48083332
9 0.4359375 0.30583334 0.39947918 0.28583333 0.36458334 0.26583335 0.3390625 0.25083333 0.32395834 0.32416666 0.31354168 0.37166667 0.30729166 0.42416668 0.309375 0.43333334 0.32864583 0.4625 0.33645833 0.4775 0.36145833 0.5058333 0.3734375 0.525 0.37760416 0.51916665 0.38333333 0.5025 0.40104166 0.4725 0.43697917 0.5341667 0.4703125 0.59 0.4921875 0.60083336 0.51979166 0.6075 0.52447915 0.55083334 0.52916664 0.52666664 0.54114586 0.4675 0.5578125 0.39083335 0.5609375 0.35416666 0.51666665 0.33916667 0.51197916 0.34333333 0.5109375 0.3375 0.46197918 0.31666666
9 0.44635418 0.23416667 0.43854168 0.24916667 0.43489584 0.255 0.415625 0.29 0.4140625 0.29333332 0.43802083 0.30666667 0.4734375 0.32166666 0.5109375 0.3375 0.51145834 0.34416667 0.51666665 0.33916667 0.5421875 0.3475 0.5317708 0.3325 0.5307292 0.32416666 0.52760416 0.325 0.51875 0.315 0.49114582 0.27666667 0.46770832 0.24833333
9 0.640625 0.32333332 0.6109375 0.29083332 0.6015625 0.27083334 0.5828125 0.32166666 0.56041664 0.36833334 0.5578125 0.39333335 0.53802085 0.48 0.53489584 0.5025 0.540625 0.51 0.5442708 0.5083333 0.54375 0.5158333 0.5729167 0.55833334 0.5942708 0.5258333 0.609375 0.4875 0.64166665 0.43833333 0.67604166 0.375 0.67291665 0.36583334 0.64427084 0.32916668 0.63958335 0.32833335
9 0.44583333 0.0 0.4171875 0.064166665 0.39583334 0.10916667 0.39270833 0.115833335 0.37552083 0.16166666 0.3828125 0.17 0.40729168 0.195 0.43229166 0.22083333 0.446875 0.23416667 0.46927083 0.24833333 0.49375 0.28 0.5140625 0.30916667 0.52708334 0.32416666 0.5317708 0.32416666 0.5317708 0.3325 0.54010415 0.345 0.54375 0.3475 0.56041664 0.35416666 0.56041664 0.36916667 0.57604164 0.335 0.5864583 0.31166667 0.6015625 0.27083334 0.6067708 0.26083332 0.640625 0.18333334 0.6546875 0.145 0.64635414 0.13166666 0.6255208 0.11833333 0.62135416 0.12 0.6203125 0.11416667 0.60364586 0.094166666 0.57395834 0.07416666 0.5552083 0.058333334 0.52447915 0.0225 0.51927084 0.006666667 0.5109375 0.0
9 0.71302086 0.014166667 0.68072915 0.0475 0.63645834 0.0875 0.61302084 0.105 0.6203125 0.11416667 0.62135416 0.12 0.6244792 0.11833333 0.6458333 0.13166666 0.6546875 0.14416666 0.6401042 0.18166667 0.6171875 0.23583333 0.634375 0.27416667 0.6567708 0.32416666 0.67083335 0.35416666 0.67395836 0.37 0.6791667 0.38666666 0.6822917 0.39083335 0.6802083 0.39666668 0.69635415 0.43833333 0.7005208 0.44666666 0.71875 0.43 0.76354164 0.38166666 0.7828125 0.35833332 0.8234375 0.32 0.8390625 0.30166668 0.81666666 0.25833333 0.8109375 0.25583333 0.81354165 0.25 0.8 0.2175 0.7729167 0.15333334 0.74583334 0.0925 0.73333335 0.055833332
9 0.6645833 0.4225 0.6625 0.45166665 0.6536458 0.525 0.6859375 0.50916666 0.6890625 0.5125 0.70208335 0.56 0.69947916 0.565 0.7036458 0.5675 0.7265625 0.6641667 0.7421875 0.71416664 0.80104166 0.7325 0.8140625 0.73833334 0.81875 0.7341667 0.8203125 0.7416667 0.8625 0.75333333 0.86614585 0.71 0.8666667 0.68583333 0.8697917 0.64166665 0.8697917 0.62416667 0.87291664 0.61333334 0.8744792 0.59 0.8875 0.505 0.84479165 0.49 0.8411458 0.49583334 0.8385417 0.48833334 0.81041664 0.48083332 0.79583335 0.47333333 0.7729167 0.4675 0.7416667 0.4575 0.715625 0.44083333 0.70989585 0.43833333 0.7005208 0.44666666 0.69375 0.43333334
9 0.64947915 0.5283333 0.61354166 0.5516667 0.5989583 0.56416667 0.58958334 0.5725 0.5625 0.5833333 0.54583335 0.5975 0.5552083 0.65416664 0.559375 0.6558333 0.5578125 0.66833335 0.58125 0.74333334 0.58697915 0.75916666 0.5921875 0.79083335 0.6010417 0.8491667 0.6177083 0.9225 0.62708336 0.95416665 0.6453125 0.93833333 0.67552084 0.9116667 0.7036458 0.88916665 0.73854166 0.8616667 0.7505208 0.8525 0.78020835 0.83916664 0.74791664 0.74083334 0.7390625 0.7025 0.72760415 0.66583335 0.7078125 0.585 0.7036458 0.5675 0.7 0.56583333 0.7026042 0.55833334 0.68958336 0.51416665 0.68645835 0.5083333
9 0.30729166 0.0025 0.29010418 0.0175 0.26510417 0.029166667 0.246875 0.031666666 0.221875 0.034166668 0.14270833 0.058333334 0.14375 0.06583333 0.15677084 0.1325 0.1625 0.17166667 0.16666667 0.19833334 0.171875 0.22666667 0.1828125 0.29333332 0.20260416 0.28083333 0.23541667 0.2675 0.2609375 0.25916666 0.28333333 0.25916666 0.28802082 0.2675 0.30260417 0.26 0.34166667 0.24416667 0.36302084 0.24666667 0.371875 0.24416667 0.37291667 0.23833333 0.3765625 0.2425 0.41041666 0.2325 0.40677083 0.195 0.37552083 0.1625 0.3921875 0.115833335 0.38489583 0.0525 0.37239584 0.0
