18 0.17604166 0.3275 0.22552083 0.38583332 0.23854166 0.40333334 0.240625 0.41166666 0.2421875 0.4225 0.240625 0.43 0.20885417 0.49916667 0.17239584 0.5708333 0.1640625 0.5875 0.1546875 0.60333335 0.14791666 0.62333333 0.14322917 0.64666665 0.13020833 0.68083334 0.121875 0.69 0.115625 0.69 0.104166664 0.68416667 0.088541664 0.6666667 0.032291666 0.61333334 0.016666668 0.55833334 0.0026041667 0.5158333 0.044270832 0.5375 0.08385417 0.56333333 0.1 0.57166666 0.10520833 0.5708333 0.11145833 0.565 0.116145834 0.55583334 0.121875 0.5416667 0.1453125 0.4475 0.15625 0.3975 0.16354166 0.37
18 0.071875 0.1725 0.084375 0.17583333 0.098958336 0.18583333 0.12760417 0.20333333 0.16458334 0.225 0.17760417 0.23583333 0.18385416 0.24666667 0.1859375 0.2625 0.18333334 0.29166666 0.175 0.33 0.15833333 0.38833332 0.14583333 0.44416666 0.13125 0.50083333 0.12083333 0.545 0.11354167 0.56166667 0.106770836 0.56916666 0.100520834 0.5725 0.065104164 0.5516667 0.0359375 0.5325 0.0026041667 0.5158333 0.0 0.5058333 0.0 0.40833333 0.014583333 0.38166666 0.017708333 0.35583332 0.017708333 0.335 0.019270834 0.32 0.053125 0.18833333 0.060416665 0.1775
18 0.22239584 0.4925 0.24375 0.44083333 0.2703125 0.38 0.27864584 0.37583333 0.28489584 0.37416667 0.29270834 0.3825 0.34375 0.44416666 0.38229167 0.49333334 0.38489583 0.5058333 0.38385418 0.52 0.38072917 0.5275 0.35989583 0.5675 0.35833332 0.5708333 0.35520834 0.5725 0.3484375 0.57666665 0.34166667 0.5833333 0.32552084 0.5991667 0.27708334 0.6475 0.25677082 0.6675 0.253125 0.67833334 0.25260416 0.69166666 0.25364584 0.7008333 0.25833333 0.7125 0.27395833 0.74833333 0.26770833 0.7625 0.2625 0.7708333 0.2546875 0.7725 0.24791667 0.7725 0.23958333 0.7633333 0.22239584 0.74 0.18489583 0.69666666 0.15885417 0.6641667 0.15208334 0.6558333 0.1515625 0.63916665 0.15677084 0.62083334 0.1796875 0.5733333 0.20885417 0.51916665
18 0.37291667 0.58 0.384375 0.6066667 0.38802084 0.6225 0.390625 0.635 0.39427084 0.64666665 0.40729168 0.6716667 0.4453125 0.75416666 0.47083333 0.81166667 0.4765625 0.82916665 0.47760418 0.8408333 0.475 0.85583335 0.46770832 0.8675 0.45208332 0.885 0.42916667 0.91083336 0.425 0.92083335 0.42135417 0.92833334 0.40729168 0.93583333 0.38177082 0.9583333 0.37135416 0.96666664 0.3625 0.9608333 0.35625 0.9483333 0.33125 0.8925 0.3109375 0.8408333 0.27395833 0.74833333 0.25677082 0.7058333 0.25364584 0.6975 0.25260416 0.68833333 0.25364584 0.6766667 0.2578125 0.6666667 0.32760417 0.5966667 0.35520834 0.5725 0.36041668 0.5708333 0.36927083 0.575
18 0.25833333 0.91833335 0.2515625 0.89916664 0.24322917 0.86833334 0.240625 0.84833336 0.2375 0.82916665 0.23177083 0.8075 0.21979167 0.78583336 0.203125 0.7441667 0.19479166 0.72583336 0.18541667 0.6975 0.221875 0.7391667 0.23958333 0.7625 0.24791667 0.77166665 0.26197916 0.7725 0.26822916 0.7633333 0.27395833 0.74833333 0.32708332 0.8833333 0.31979167 0.89166665 0.27291667 0.92583334 0.26666668 0.92583334
18 0.64635414 0.78833336 0.66979164 0.7825 0.67864585 0.7841667 0.68541664 0.79 0.69166666 0.80083334 0.69739586 0.86583334 0.703125 0.98 0.69947916 0.99333334 0.696875 1.0 0.48854166 1.0 0.484375 0.8433333 0.4859375 0.8258333 0.4890625 0.81333333 0.49583334 0.80833334 0.52239585 0.80833334 0.53333336 0.83916664 0.5453125 0.86833334 0.55104166 0.8725 0.5572917 0.8725 0.5921875 0.83416665 0.59947914 0.82 0.596875 0.80333334 0.6020833 0.7991667 0.6140625 0.8016667 0.62395835 0.7991667
18 0.46302083 0.5725 0.521875 0.5175 0.56041664 0.48416665 0.5697917 0.48416665 0.57604164 0.4925 0.5828125 0.5133333 0.5984375 0.5675 0.6359375 0.7058333 0.6515625 0.7675 0.6453125 0.7841667 0.6401042 0.79083335 0.62395835 0.7991667 0.6145833 0.80333334 0.60260415 0.7991667 0.5963542 0.80333334 0.59947914 0.81916666 0.5932292 0.8333333 0.56041664 0.8691667 0.5578125 0.8725 0.55104166 0.8725 0.5453125 0.8675 0.53229165 0.8358333 0.52239585 0.80833334 0.5083333 0.7708333 0.47916666 0.68666667 0.459375 0.625 0.45416668 0.60583335 0.45416668 0.59166664 0.4546875 0.5875
18 0.375 0.5708333 0.4109375 0.47416666 0.44270834 0.5125 0.46770832 0.5675 0.4625 0.575 0.45729166 0.5833333 0.45416668 0.5883333 0.45416668 0.60583335 0.46354166 0.6383333 0.4796875 0.68916667 0.43802083 0.6533333 0.3828125 0.60333335 0.371875 0.5775
18 0.48958334 0.74083334 0.48385417 0.7558333 0.48072916 0.76916665 0.46822917 0.8041667 0.41666666 0.69083333 0.409375 0.67583334 0.39270833 0.6425 0.38958332 0.6308333 0.38489583 0.605 0.47916666 0.68916667 0.49427083 0.7316667
18 0.72291666 0.7758333 0.740625 0.7633333 0.75416666 0.755 0.76927084 0.74333334 0.79322916 0.72333336 0.81458336 0.7075 0.8229167 0.7075 0.83177084 0.71 0.83802086 0.7241667 0.85 0.7925 0.871875 0.85583335 0.90833336 0.9675 0.909375 0.98083335 0.90520835 1.0 0.76458335 1.0 0.7317708 0.885 0.7125 0.81416667 0.7109375 0.7991667 0.715625 0.7841667
18 0.6015625 0.50333333 0.64375 0.4475 0.6791667 0.39083335 0.70520836 0.34916666 0.7270833 0.3175 0.73541665 0.31583333 0.7421875 0.31833333 0.75104165 0.33333334 0.78541666 0.395 0.81927085 0.45333335 0.8208333 0.465 0.81822914 0.47916666 0.8046875 0.49916667 0.759375 0.56416667 0.71770835 0.6275 0.6744792 0.69416666 0.66510415 0.69416666 0.65989584 0.69166666 0.628125 0.635 0.6067708 0.595 0.5864583 0.5258333
18 0.82447916 0.44083333 0.89270836 0.5258333 0.89479166 0.5366667 0.896875 0.55583334 0.89479166 0.56666666 0.8796875 0.5933333 0.871875 0.6025 0.86145836 0.6191667 0.853125 0.6408333 0.81666666 0.7058333 0.8125 0.7083333 0.7796875 0.735 0.74895835 0.7583333 0.7348958 0.765 0.68072915 0.68583333 0.7630208 0.55916667 0.8177083 0.48083332 0.81927085 0.4725 0.8197917 0.46416667 0.8197917 0.4525 0.8 0.41833332 0.8046875 0.4175
18 0.77447915 0.011666667 0.8203125 0.07833333 0.8484375 0.12 0.8598958 0.13416667 0.8703125 0.14416666 0.8921875 0.1725 0.9078125 0.19333333 0.9109375 0.20333333 0.91041666 0.21583334 0.90833336 0.2225 0.896875 0.24333334 0.8859375 0.2625 0.8734375 0.28416666 0.8520833 0.33166668 0.8364583 0.36166668 0.828125 0.365 0.8234375 0.36333334 0.815625 0.35833332 0.7864583 0.3175 0.8041667 0.305 0.80625 0.30083334 0.8098958 0.2875 0.8109375 0.27916667 0.80572915 0.25666666 0.7828125 0.17583333 0.7609375 0.10916667 0.75677085 0.08916666 0.74114585 0.0275 0.73333335 0.0 0.76458335 0.0
18 0.6088542 0.07083333 0.646875 0.04 0.69739586 0.0 0.7328125 0.0 0.7375 0.0125 0.7546875 0.0825 0.7630208 0.115 0.784375 0.1825 0.80260414 0.24666667 0.81041664 0.28083333 0.809375 0.29083332 0.80572915 0.3025 0.79583335 0.31083333 0.784375 0.31666666 0.7760417 0.32416666 0.76145834 0.33583334 0.7578125 0.34333333 0.7427083 0.32 0.73541665 0.31666666 0.7260417 0.3175 0.7140625 0.33416668 0.709375 0.2475 0.70416665 0.185 0.6984375 0.13666667 0.6953125 0.11333334 0.6927083 0.104166664 0.6875 0.09583333 0.68333334 0.093333334 0.68072915 0.094166666 0.6723958 0.095 0.609375 0.11666667 0.60520834 0.10166667 0.60625 0.0825
18 0.5671875 0.13166666 0.61041665 0.11666667 0.6703125 0.09583333 0.684375 0.094166666 0.6890625 0.09833334 0.69427085 0.1075 0.696875 0.12583333 0.7036458 0.18416667 0.7135417 0.335 0.6848958 0.38 0.63854164 0.45333335 0.621875 0.4575 0.6015625 0.46083334 0.59375 0.45583335 0.58697915 0.445 0.58489585 0.43416667 0.5859375 0.39083335 0.5890625 0.36416668 0.59166664 0.35416666 0.5885417 0.33166668 0.58177084 0.3 0.5765625 0.27583334 0.56666666 0.225 0.56145835 0.19083333 0.55833334 0.155 0.5598958 0.1425
18 0.39583334 0.375 0.44166666 0.31583333 0.4765625 0.27583334 0.48385417 0.26916668 0.4921875 0.26833335 0.5026042 0.2775 0.5208333 0.3175 0.53229165 0.35 0.5463542 0.37916666 0.57447916 0.43416667 0.60572916 0.49666667 0.5864583 0.52416664 0.58020836 0.505 0.5765625 0.49333334 0.5697917 0.48416665 0.5598958 0.48416665 0.49322918 0.54333335 0.46822917 0.5675 0.44427082 0.5133333 0.4296875 0.4825 0.41770834 0.4625 0.40677083 0.44166666 0.39427084 0.42083332 0.3890625 0.40666667 0.390625 0.38333333
18 0.38125 0.29583332 0.40416667 0.23833333 0.44427082 0.14666666 0.46197918 0.13416667 0.47864583 0.115 0.496875 0.135 0.52447915 0.17083333 0.56458336 0.21666667 0.57135415 0.25083333 0.53020835 0.3425 0.52239585 0.32166666 0.503125 0.27833334 0.49270833 0.26916668 0.4828125 0.27 0.46354166 0.28833333 0.4359375 0.3225 0.40364584 0.36333334 0.39114583 0.3825 0.3890625 0.4075 0.39375 0.41916665 0.4125 0.45416668 0.42239583 0.47166666 0.4296875 0.4825 0.4421875 0.51 0.40885416 0.47083333 0.390625 0.445 0.37135416 0.425 0.35677084 0.4125 0.34739584 0.4025 0.34479168 0.39 0.34427083 0.37833333 0.3484375 0.3625 0.36458334 0.33
18 0.19791667 0.061666667 0.20989583 0.0675 0.265625 0.08833333 0.259375 0.094166666 0.25104168 0.1025 0.24895833 0.115833335 0.25052083 0.13166666 0.27447918 0.17666666 0.32864583 0.27916667 0.33541667 0.285 0.34427083 0.28416666 0.34947917 0.28083333 0.3828125 0.24083333 0.3703125 0.31666666 0.3578125 0.34083334 0.35052082 0.34583333 0.34166667 0.34416667 0.3171875 0.33166668 0.29427084 0.32083333 0.28333333 0.31 0.27083334 0.30666667 0.22291666 0.3025 0.18385416 0.2925 0.1859375 0.26333332 0.18385416 0.24583334 0.17760417 0.235 0.16458334 0.22416666 0.15416667 0.2175 0.16197917 0.14666666 0.17083333 0.07833333 0.178125 0.065
18 0.27135417 0.08083333 0.33489582 0.009166666 0.34270832 0.0 0.465625 0.0 0.49947917 0.0625 0.50104165 0.0725 0.49947917 0.08583333 0.4984375 0.09 0.47760418 0.115833335 0.46145833 0.13416667 0.44322917 0.14583333 0.43177083 0.15833333 0.42135417 0.175 0.41041666 0.1975 0.4015625 0.21333334 0.3796875 0.2425 0.35729167 0.27 0.34895834 0.28083333 0.3453125 0.28333333 0.33541667 0.28416666 0.32708332 0.27666667 0.284375 0.195 0.25104168 0.1325 0.24947916 0.1175 0.2515625 0.10333333
18 0.0 0.51 0.016145833 0.5566667 0.046875 0.6675 0.058854166 0.715 0.071875 0.76416665 0.071354166 0.7783333 0.067708336 0.7925 0.058854166 0.80333334 0.0 0.8383333
