11 0.75677085 0.0175 0.76979166 0.0075 0.7984375 0.004166667 0.82604164 0.0025 0.8286458 0.0033333334 0.8208333 0.16416667 0.8197917 0.23166667 0.8234375 0.25916666 0.8171875 0.265 0.73229164 0.2575 0.696875 0.25666666 0.66614586 0.25666666 0.6197917 0.25333333 0.6078125 0.25083333 0.60729164 0.23583333 0.6145833 0.095 0.621875 0.0025
6 0.6098958 0.0 0.6119792 0.058333334 0.61145836 0.06916667 0.6166667 0.06916667 0.61875 0.004166667 0.61875 0.0
8 0.49739584 0.115 0.51458335 0.095 0.52135414 0.09 0.53125 0.0825 0.54010415 0.08416667 0.55364585 0.0675 0.57135415 0.045833334 0.5833333 0.035833333 0.59270835 0.025833333 0.6 0.0225 0.60520834 0.025 0.6098958 0.030833334 0.6098958 0.0575 0.6098958 0.07 0.6166667 0.07083333 0.6078125 0.20916666 0.6046875 0.24583334 0.6067708 0.25416666 0.62291664 0.25666666 0.6614583 0.2575 0.6880208 0.25833333 0.70625 0.30583334 0.7083333 0.32333332 0.7057292 0.33583334 0.70208335 0.34416667 0.690625 0.35416666 0.63177085 0.40166667 0.60625 0.42416668 0.59270835 0.4225 0.5864583 0.40416667 0.5671875 0.355 0.54114586 0.2675 0.525 0.21666667 0.525 0.19333333 0.5234375 0.18 0.5130208 0.1875 0.50364584 0.16166666 0.49427083 0.14 0.49375 0.12833333
14 0.45208332 0.2225 0.47864583 0.21 0.5130208 0.19 0.5203125 0.1825 0.52239585 0.18166667 0.5239583 0.19666667 0.5239583 0.21666667 0.52447915 0.2375 0.52135414 0.25666666 0.5239583 0.27916667 0.54375 0.37916666 0.55625 0.475 0.55885416 0.50416666 0.575 0.53 0.578125 0.5525 0.55625 0.56166667 0.5140625 0.58 0.50572914 0.5825 0.5026042 0.56583333 0.50208336 0.5466667 0.50677085 0.5083333 0.490625 0.41916665 0.465625 0.27583334 0.4625 0.24833333 0.45052084 0.24 0.44947916 0.2325
5 0.2421875 0.14083333 0.26197916 0.155 0.28854167 0.1725 0.30416667 0.18916667 0.31875 0.20333333 0.34791666 0.2275 0.39375 0.2525 0.41197917 0.25583333 0.41614583 0.26083332 0.4140625 0.2725 0.38802084 0.33666667 0.371875 0.3825 0.36614582 0.4275 0.35989583 0.45 0.353125 0.4875 0.34010416 0.56083333 0.33645833 0.58416665 0.3328125 0.5908333 0.20625 0.5125 0.15989584 0.48666668 0.15989584 0.4775 0.16354166 0.45333335 0.20208333 0.35083333 0.22395833 0.25916666 0.2359375 0.21583334 0.2359375 0.16 0.23645833 0.1475
19 0.42708334 0.49083334 0.48802084 0.57666665 0.5328125 0.64416665 0.54791665 0.66083336 0.55364585 0.6725 0.55625 0.68583333 0.55260414 0.7008333 0.509375 0.7725 0.465625 0.845 0.46197918 0.845 0.453125 0.8433333 0.434375 0.815 0.3546875 0.695 0.32760417 0.6591667 0.32760417 0.6408333 0.34010416 0.6166667 0.4046875 0.5108333 0.415625 0.49083334
7 0.38958332 0.7575 0.41666666 0.81333333 0.4328125 0.8625 0.446875 0.87666667 0.50104165 0.9225 0.5151042 0.93666667 0.52447915 0.93916667 0.5395833 0.93916667 0.5515625 0.9483333 0.55 0.9633333 0.52552086 1.0 0.26875 1.0 0.26041666 1.0 0.26041666 0.9816667 0.32291666 0.9 0.33229166 0.89166665 0.34479168 0.87666667 0.37291667 0.79833335 0.3875 0.76666665
4 0.5854167 0.5541667 0.6625 0.605 0.6765625 0.61583334 0.68854165 0.60833335 0.70989585 0.5933333 0.725 0.5883333 0.74010414 0.59583336 0.75989586 0.6125 0.7708333 0.63166666 0.7786458 0.6575 0.7786458 0.695 0.76979166 0.7416667 0.75885415 0.765 0.74635416 0.7775 0.734375 0.785 0.715625 0.7891667 0.7015625 0.7866667 0.68645835 0.77166665 0.671875 0.7475 0.66614586 0.7291667 0.65833336 0.7058333 0.653125 0.69083333 0.64635414 0.68 0.5890625 0.6408333 0.5703125 0.62583333 0.5619792 0.61833334 0.5609375 0.6091667 0.5619792 0.5975 0.56875 0.57166666 0.57239586 0.56 0.57708335 0.55083334
13 0.140625 0.038333334 0.1328125 0.030833334 0.11927083 0.0 0.19635417 0.0
6 0.75572914 0.0 0.75 0.016666668 0.74895835 0.028333334 0.74635416 0.04083333 0.7369792 0.04083333 0.70729166 0.025 0.67760414 0.010833333 0.640625 0.0033333334 0.6197917 0.0
