4 0.7135417 0.0 0.7171875 0.009166666 0.725 0.028333334 0.7265625 0.031666666 0.81822914 0.035833333 0.82708335 0.031666666 0.8359375 0.030833334 0.84583336 0.036666665 0.86041665 0.035833333 0.846875 0.026666667 0.803125 0.0
5 0.87864584 0.19416666 0.92604166 0.24583334 0.96302086 0.28083333 1.0 0.30833334 1.0 0.45083332 0.98333335 0.50333333 0.95989585 0.58416665 0.93854165 0.65 0.93125 0.6716667 0.90729165 0.6483333 0.8484375 0.585 0.77239585 0.50166667 0.7786458 0.48166665 0.7890625 0.47 0.80625 0.445 0.81354165 0.4375 0.8208333 0.405 0.840625 0.32333332 0.85572916 0.275 0.8588542 0.26666668 0.86614585 0.20916666
15 0.8078125 0.38416666 0.79114586 0.4375 0.79895836 0.45583335 0.80625 0.44416666 0.81354165 0.4375 0.8197917 0.40916666
15 0.7078125 0.26583335 0.70989585 0.25916666 0.71302086 0.25833333 0.7171875 0.26416665 0.7213542 0.26333332 0.72447914 0.26833335 0.73229164 0.26916668 0.7395833 0.27333334 0.75364584 0.29333332 0.7135417 0.28 0.71302086 0.27583334 0.7114583 0.27166668
21 0.68854165 0.2725 0.75364584 0.2925 0.8130208 0.31416667 0.81875 0.32583332 0.8197917 0.33583334 0.81041664 0.37583333 0.79114586 0.43833333 0.78489584 0.45666668 0.7838542 0.46166667 0.7890625 0.4675 0.79010415 0.46833333 0.7890625 0.47 0.77916664 0.48083332 0.77239585 0.50166667 0.796875 0.53 0.7963542 0.5316667 0.7921875 0.53333336 0.77760416 0.5283333 0.7046875 0.52166665 0.64635414 0.51666665 0.60625 0.5125 0.5807292 0.51166666 0.5359375 0.24583334 0.57708335 0.24916667 0.64739585 0.26166666
14 0.18958333 0.37833333 0.19947916 0.38166666 0.23645833 0.40833333 0.25260416 0.41916665 0.246875 0.42666668 0.24947916 0.44 0.2484375 0.47416666 0.24947916 0.55 0.25208333 0.6225 0.25208333 0.64666665 0.25416666 0.7033333 0.25885418 0.71416664 0.25989583 0.73333335 0.25729167 0.7425 0.253125 0.74583334 0.24114583 0.74833333 0.196875 0.74916667 0.190625 0.7441667 0.19583334 0.74083334 0.196875 0.7275 0.2015625 0.7108333 0.19739583 0.5758333 0.19739583 0.5466667 0.19635417 0.48166665 0.19427083 0.4225 0.18697916 0.41166666 0.18854167 0.39833334 0.18854167 0.38166666
0 0.1765625 0.3625 0.18072917 0.36833334 0.19114584 0.37916666 0.19947916 0.38166666 0.23697917 0.40916666 0.253125 0.41916665 0.2671875 0.4325 0.3 0.47083333 0.34479168 0.52416664 0.35364583 0.5083333 0.36458334 0.46416667 0.378125 0.41 0.3765625 0.39916667 0.3625 0.31166667 0.39583334 0.28666666 0.45625 0.245 0.45833334 0.23583333 0.43697917 0.22083333 0.40520832 0.19916667 0.3703125 0.17083333 0.32135418 0.125 0.27916667 0.07833333 0.2765625 0.08083333 0.27552083 0.13416667 0.27291667 0.2 0.25885418 0.2075 0.2328125 0.25166667 0.20989583 0.29916668 0.18489583 0.33416668 0.17916666 0.35583332
1 0.40625 0.91083336 0.4375 0.9141667 0.559375 0.915 0.578125 0.89666665 0.59947914 0.89666665 0.5911458 0.97333336 0.58697915 1.0 0.40677083 1.0 0.40833333 0.96 0.4078125 0.9325 0.40364584 0.925 0.3984375 0.9433333 0.39635417 0.9316667 0.40104166 0.91833335
2 0.25520834 0.62416667 0.33697918 0.56666666 0.40104166 0.52166665 0.4125 0.5733333 0.41875 0.60333335 0.42083332 0.6333333 0.4265625 0.64166665 0.434375 0.65166664 0.4328125 0.6691667 0.43072918 0.6825 0.42708334 0.6958333 0.41822916 0.7316667 0.4171875 0.73583335 0.4171875 0.7475 0.41927084 0.75916666 0.42604166 0.77 0.43072918 0.7725 0.48385417 0.79833335 0.50364584 0.8666667 0.45572916 0.9 0.4375 0.9066667 0.43020833 0.91333336 0.40572917 0.91 0.4015625 0.9175 0.39635417 0.9316667 0.396875 0.93666667 0.36875 0.9558333 0.35 0.9658333 0.33958334 0.9725 0.32916668 0.94166666 0.32291666 0.9091667 0.3140625 0.8691667 0.3015625 0.81333333 0.28229168 0.75916666 0.26145834 0.6816667 0.2625 0.6766667 0.25989583 0.6741667 0.25260416 0.63916665 0.25260416 0.625
18 0.5239583 0.6483333 0.5125 0.7 0.5130208 0.7133333 0.515625 0.725 0.60729164 0.7733333 0.63854164 0.79083335 0.63125 0.83416665 0.6244792 0.8491667 0.61354166 0.85583335 0.5953125 0.85083336 0.48229167 0.7975 0.42760417 0.77166665 0.41875 0.75916666 0.41666666 0.74916667 0.41666666 0.7375 0.43125 0.68083334 0.43385416 0.6508333 0.44635418 0.67 0.45208332 0.68083334 0.46302083 0.68 0.47291666 0.6675 0.48020834 0.6616667 0.49010417 0.6575 0.5083333 0.655
16 0.528125 0.20916666 0.49739584 0.22083333 0.45520833 0.245 0.3625 0.31083333 0.378125 0.41083333 0.39791667 0.51166666 0.41875 0.60083336 0.4203125 0.6333333 0.43541667 0.6525 0.45104167 0.68 0.46145833 0.68 0.47291666 0.6666667 0.48020834 0.66083336 0.48854166 0.6575 0.5083333 0.65416664 0.53697914 0.6425 0.59791666 0.6166667 0.59791666 0.6016667 0.58125 0.51166666 0.55625 0.365 0.534375 0.23916666
19 0.7296875 0.58666664 0.69635415 0.56916666 0.69166666 0.575 0.69166666 0.5675 0.6536458 0.55 0.58125 0.5133333 0.59791666 0.5991667 0.5984375 0.6166667 0.5239583 0.64916664 0.5125 0.7008333 0.5125 0.71416664 0.5151042 0.725 0.584375 0.7608333 0.6390625 0.79083335 0.64947915 0.795 0.653125 0.78833336 0.6546875 0.79833335 0.68385416 0.8125 0.69322914 0.81083333 0.70104164 0.8 0.7328125 0.6075 0.7317708 0.5908333
5 0.7838542 0.5566667 0.7994792 0.5975 0.809375 0.6166667 0.80677086 0.62666667 0.8296875 0.6816667 0.8484375 0.72833335 0.87083334 0.78 0.915625 0.85333335 0.84947914 0.9066667 0.8098958 0.955 0.8052083 0.97083336 0.77760416 1.0 0.74895835 1.0 0.7296875 0.935 0.7182292 0.91333336 0.6791667 0.81083333 0.68385416 0.8125 0.69322914 0.81 0.7005208 0.7991667 0.73229164 0.60833335 0.7786458 0.5566667
2 0.80572915 0.0 0.82916665 0.015833333 0.84583336 0.025833333 0.8953125 0.06 0.9375 0.0925 0.96510416 0.11 0.971875 0.09916667 1.0 0.02 1.0 0.0 0.8229167 0.0
