14 0.2453125 0.17 0.25572917 0.13583334 0.2546875 0.0925 0.26197916 0.0875 0.27135417 0.08916666 0.284375 0.10666667 0.3546875 0.14583333 0.47083333 0.21416667 0.48125 0.215 0.49166667 0.23 0.48541668 0.25416666 0.48177084 0.275 0.47864583 0.2875 0.471875 0.315 0.46666667 0.31833333 0.45520833 0.3125 0.44895834 0.29833335 0.43072918 0.29 0.2546875 0.19166666 0.25052083 0.17666666
14 0.309375 0.30166668 0.30833334 0.41833332 0.31302083 0.41333333 0.33125 0.4 0.34114584 0.39833334 0.50208336 0.39583334 0.5052083 0.40916666 0.509375 0.42166665 0.515625 0.42 0.51927084 0.3975 0.5239583 0.3725 0.5338542 0.34083334 0.54322916 0.31666666 0.5265625 0.30666667 0.51666665 0.31416667 0.47135416 0.31416667 0.46614584 0.31916666 0.4578125 0.31833333 0.34166667 0.31916666 0.3203125 0.31083333 0.31666666 0.3025
14 0.6557292 0.12 0.6489583 0.07083333 0.63645834 0.014166667 0.62395835 0.016666668 0.6109375 0.0275 0.603125 0.038333334 0.58385414 0.05 0.4375 0.11083333 0.41354167 0.115833335 0.4015625 0.12 0.41458333 0.18 0.45625 0.20666666 0.5338542 0.16833334 0.6203125 0.123333335 0.6276042 0.1225 0.640625 0.135 0.6510417 0.12833333
14 0.25260416 0.52416664 0.25572917 0.5575 0.25885418 0.565 0.25625 0.57166666 0.26354167 0.63166666 0.2734375 0.635 0.29270834 0.62333333 0.303125 0.6166667 0.41979167 0.6175 0.4609375 0.6175 0.4765625 0.6425 0.4828125 0.6425 0.4828125 0.5391667 0.48333332 0.52666664 0.47447917 0.53333336 0.43229166 0.53833336 0.2921875 0.5375 0.2828125 0.535 0.271875 0.525
14 0.28541666 0.41166666 0.28385416 0.535 0.30364582 0.5366667 0.30625 0.5325 0.3265625 0.52166665 0.43072918 0.51916665 0.49322918 0.5158333 0.50208336 0.52166665 0.49791667 0.535 0.5046875 0.5375 0.50885415 0.53333336 0.51145834 0.5083333 0.51666665 0.45083332 0.51875 0.42 0.50989586 0.42083332 0.4984375 0.43166667 0.4828125 0.43416667 0.3171875 0.42833334 0.30364582 0.41333333
14 0.57604164 0.28333333 0.6453125 0.31583333 0.64427084 0.32416666 0.6421875 0.33916667 0.6333333 0.35666665 0.62708336 0.36 0.61822915 0.3675 0.5552083 0.6091667 0.553125 0.62083334 0.55625 0.645 0.5494792 0.65833336 0.5015625 0.63166666 0.4828125 0.61833334 0.48333332 0.6041667 0.50104165 0.58166665 0.5161458 0.54333335 0.55625 0.39333335 0.5755208 0.31666666 0.571875 0.29833335
14 0.6723958 0.38583332 0.6333333 0.35666665 0.625 0.365 0.621875 0.385 0.621875 0.40166667 0.6067708 0.48 0.5640625 0.62666667 0.55677086 0.65 0.54895836 0.66583335 0.54322916 0.6741667 0.534375 0.6975 0.5463542 0.7083333 0.5953125 0.74333334 0.6015625 0.74 0.6078125 0.70916665 0.60364586 0.6975 0.6557292 0.49 0.66875 0.42666668 0.6890625 0.4
14 0.74583334 0.094166666 0.72291666 0.19166666 0.7265625 0.20583333 0.7328125 0.21166667 0.74635416 0.21 0.7526042 0.21916667 0.7625 0.2175 0.77135414 0.22333333 0.8880208 0.32833335 0.8979167 0.34333333 0.9010417 0.35583332 0.9078125 0.355 0.9203125 0.32416666 0.94322914 0.255 0.93385416 0.2525 0.925 0.25916666 0.91041666 0.2525 0.80364585 0.16 0.7703125 0.13166666 0.7630208 0.11666667 0.76145834 0.104166664
14 0.5598958 0.16833334 0.571875 0.18416667 0.65260416 0.2075 0.74895835 0.23166667 0.75208336 0.22416666 0.7671875 0.22083333 0.76875 0.23666666 0.7630208 0.34 0.7546875 0.33333334 0.7348958 0.32416666 0.70104164 0.315 0.6609375 0.3 0.5703125 0.27666667 0.5598958 0.2725 0.5442708 0.28333333 0.5375 0.28083333 0.53333336 0.26916668 0.5375 0.195 0.54375 0.17
14 0.75364584 0.36583334 0.74375 0.37666667 0.7234375 0.59583336 0.72083336 0.6475 0.72760415 0.67583334 0.7161458 0.67833334 0.684375 0.6725 0.66197914 0.6566667 0.66875 0.6425 0.6765625 0.5425 0.6869792 0.40666667 0.6901042 0.39833334 0.6880208 0.38 0.68177086 0.34 0.6859375 0.31 0.73802084 0.32416666 0.7578125 0.33583334
14 0.6536458 0.6525 0.62708336 0.6508333 0.61927086 0.6575 0.6145833 0.66583335 0.61510414 0.6825 0.6067708 0.7175 0.56145835 0.9116667 0.55104166 0.95166665 0.54010415 0.965 0.54270834 0.97 0.559375 0.9775 0.5984375 0.9891667 0.6041667 0.98583335 0.6119792 0.9558333 0.65052086 0.7866667 0.6692708 0.70916665 0.6869792 0.6775 0.68177086 0.6716667 0.66197914 0.65416664
14 0.7739583 0.5158333 0.81145835 0.52916664 0.8375 0.54083335 0.84270835 0.54833335 0.83802086 0.5625 0.83177084 0.5733333 0.82708335 0.5966667 0.803125 0.8066667 0.7994792 0.8516667 0.8 0.9058333 0.7984375 0.915 0.73072916 0.89666665 0.73125 0.8725 0.7390625 0.8425 0.7447917 0.825 0.75572914 0.72583336 0.7729167 0.57666665 0.76770836 0.5416667
14 0.9036458 0.51 0.8567708 0.51666665 0.8546875 0.50083333 0.84947914 0.49916667 0.8453125 0.5058333 0.8411458 0.5366667 0.84375 0.55 0.8390625 0.56666666 0.8234375 0.7875 0.81041664 0.8 0.8130208 0.80583334 0.83020836 0.8183333 0.8765625 0.8383333 0.8796875 0.8358333 0.87708336 0.8175 0.878125 0.7875 0.89166665 0.6025 0.89635414 0.5375 0.9057292 0.51916665
14 0.76145834 0.38416666 0.7630208 0.425 0.77239585 0.495 0.77552086 0.50083333 0.78697914 0.48916668 0.78541666 0.48166665 0.9421875 0.48166665 0.9739583 0.48833334 0.9890625 0.48666668 0.99010414 0.47416666 0.9828125 0.45 0.975 0.42166665 0.9713542 0.4125 0.975 0.405 0.98229164 0.40083334 0.97760415 0.395 0.9625 0.39833334 0.83385414 0.39333335 0.78489584 0.39333335 0.771875 0.39 0.771875 0.38416666
14 0.1703125 0.33 0.14947917 0.31 0.1265625 0.31 0.1203125 0.32 0.1203125 0.34666666 0.035416666 0.6175 0.028125 0.62416667 0.017708333 0.6425 0.026041666 0.6525 0.0890625 0.6925 0.09739583 0.68916667 0.10208333 0.6716667 0.104166664 0.6425 0.15572916 0.44 0.18072917 0.3725 0.18333334 0.35916665 0.17916666 0.34
14 0.21145834 0.4975 0.20989583 0.5175 0.23802084 0.55833334 0.25833333 0.565 0.25677082 0.57166666 0.24895833 0.58666664 0.240625 0.60083336 0.14947917 0.8066667 0.14270833 0.855 0.13125 0.86833334 0.11302083 0.83916664 0.104166664 0.8 0.096875 0.80333334 0.08958333 0.81416667 0.09427083 0.7875 0.19114584 0.56416667 0.19635417 0.5441667 0.20260416 0.50666666
14 0.35520834 0.64 0.3203125 0.63666666 0.28958333 0.63166666 0.2875 0.64916664 0.2953125 0.6725 0.29583332 0.94916666 0.28541666 0.9658333 0.28541666 0.98083335 0.29166666 0.9875 0.3078125 0.98583335 0.33177084 0.9716667 0.34947917 0.975 0.35625 0.9608333 0.3515625 0.9433333 0.34739584 0.69416666 0.34479168 0.6666667 0.34895834 0.66333336 0.36041668 0.655 0.36145833 0.64416665
14 0.4125 0.63916665 0.36197916 0.6433333 0.36041668 0.6558333 0.34479168 0.6675 0.3453125 0.6791667 0.35052082 0.68333334 0.3578125 0.695 0.35729167 0.74333334 0.35989583 0.90833336 0.36145833 0.9525 0.35833332 0.98083335 0.3546875 0.99 0.3546875 0.99833333 0.3609375 0.99666667 0.40520832 0.98333335 0.40885416 0.9916667 0.4140625 0.995 0.42135417 0.9916667 0.4265625 0.9841667 0.4234375 0.97083336 0.41666666 0.9583333 0.41145834 0.9225 0.40729168 0.74833333 0.40416667 0.7008333 0.40260416 0.6975 0.40677083 0.6925 0.41145834 0.67333335 0.41510418 0.6641667 0.415625 0.64666665
14 0.47916666 0.68083334 0.4328125 0.66833335 0.41458333 0.6691667 0.41145834 0.6741667 0.40729168 0.6925 0.41666666 0.7191667 0.42083332 0.73833334 0.43645832 0.99083334 0.4359375 1.0 0.490625 1.0 0.48541668 0.9633333 0.47552082 0.7608333 0.47395834 0.705 0.47864583 0.7033333 0.48125 0.6933333 0.48229167 0.68416667
14 0.13177083 0.28583333 0.14270833 0.2575 0.21458334 0.0075 0.21770833 0.0 0.2921875 0.0 0.28645834 0.0175 0.275 0.035 0.26302084 0.0575 0.2390625 0.14416666 0.196875 0.29666665 0.196875 0.30916667 0.19635417 0.31833333 0.2 0.32416666 0.19791667 0.33 0.16145833 0.30416667 0.14166667 0.28583333 0.1375 0.29416665 0.13125 0.28916666
