6 0.5708333 0.60833335 0.55364585 0.6175 0.51875 0.65416664 0.4578125 0.6933333 0.43125 0.7033333 0.43333334 0.7225 0.4640625 0.86833334 0.46927083 0.8691667 0.54322916 0.8025 0.5875 0.76916665 0.5921875 0.7558333 0.5807292 0.68 0.5729167 0.61083335
6 0.5234375 0.82 0.5239583 0.82666665 0.54895836 0.805 0.54791665 0.7991667 0.54270834 0.8025
6 0.490625 0.8491667 0.49270833 0.85333335 0.49375 0.85333335 0.5239583 0.82666665 0.5239583 0.82
6 0.44635418 0.5858333 0.421875 0.6325 0.4 0.69 0.3828125 0.7416667 0.3921875 0.74833333 0.4484375 0.7941667 0.43333334 0.7241667 0.43229166 0.70416665 0.45572916 0.69416666 0.5072917 0.6625 0.5026042 0.65833336 0.48697916 0.6458333 0.48229167 0.6358333 0.45208332 0.58916664
6 0.43541667 0.785 0.44375 0.86083335 0.44739583 0.87583333 0.46041667 0.87083334 0.4640625 0.8666667 0.44739583 0.79333335
6 0.49010417 0.58 0.45885417 0.60083336 0.48229167 0.635 0.4875 0.64666665 0.50677085 0.6616667 0.5078125 0.6566667 0.49791667 0.605 0.49322918 0.5858333
6 0.42447916 0.62666667 0.3921875 0.65 0.39114583 0.66 0.4015625 0.685 0.42135417 0.6325
6 0.7994792 0.22416666 0.7864583 0.22416666 0.71302086 0.25166667 0.70208335 0.25083333 0.646875 0.2475 0.6354167 0.25083333 0.6375 0.27833334 0.64375 0.37333333 0.64270836 0.42666668 0.6515625 0.42833334 0.7348958 0.40666667 0.759375 0.405 0.7994792 0.41 0.8052083 0.3975 0.80104166 0.27916667 0.80104166 0.23666666
6 0.6380208 0.28916666 0.6234375 0.305 0.615625 0.31833333 0.6421875 0.35583332 0.6390625 0.3025
6 0.6901042 0.41833332 0.7 0.4325 0.70416665 0.42916667 0.71458334 0.41416666 0.71458334 0.41166666
6 0.7140625 0.12916666 0.7057292 0.14666666 0.65989584 0.2475 0.71197915 0.2525 0.7895833 0.2225 0.7234375 0.13666667
6 0.7885417 0.12166667 0.74010414 0.15833333 0.790625 0.22333333 0.8 0.22333333 0.80104166 0.24083333 0.80104166 0.29166666 0.8041667 0.36666667 0.815625 0.35 0.86354166 0.2925 0.8697917 0.29 0.86822915 0.28083333 0.85833335 0.26166666 0.8541667 0.26416665 0.8411458 0.23833333 0.81458336 0.20166667 0.8020833 0.18083334 0.79375 0.12666667
6 0.5677083 0.79 0.55104166 0.80333334 0.44583333 0.8958333 0.42760417 0.90166664 0.47135416 1.0 0.5171875 1.0 0.55833334 0.965 0.5963542 0.93416667 0.6088542 0.91833335 0.57239586 0.80583334
