7 0.73645836 0.6566667 0.7453125 0.665 0.7447917 0.6691667 0.73333335 0.6933333 0.73333335 0.69666666 0.71302086 0.7216667 0.70520836 0.73 0.7046875 0.7225 0.7161458 0.7008333 0.7234375 0.68583333 0.73541665 0.655
7 0.5729167 0.9225 0.59166664 0.9375 0.60833335 0.9525 0.61354166 0.9558333 0.62291664 0.9483333 0.603125 0.93833333 0.59583336 0.9325 0.59166664 0.925 0.58177084 0.925 0.57708335 0.9191667 0.57135415 0.92083335
7 0.684375 0.92833334 0.6822917 0.9716667 0.68333334 0.9775 0.6822917 0.9825 0.6703125 0.9791667 0.66197914 0.97583336 0.64739585 0.96166664 0.64270836 0.95916665 0.64375 0.9525 0.63645834 0.955 0.62864584 0.9533333 0.6223958 0.9483333 0.6015625 0.9375 0.59583336 0.9325 0.5921875 0.925 0.58177084 0.925 0.5765625 0.92 0.5864583 0.9166667 0.6088542 0.92 0.63854164 0.9116667 0.67083335 0.9216667 0.684375 0.92583334
7 0.49635416 0.6016667 0.51458335 0.6116667 0.5375 0.62416667 0.540625 0.655 0.5473958 0.7075 0.5494792 0.72333336 0.54270834 0.74666667 0.5375 0.7658333 0.5161458 0.8975 0.50885415 0.8975 0.50104165 0.8958333 0.4921875 0.905 0.48333332 0.9141667 0.4796875 0.92 0.4734375 0.9241667 0.4671875 0.92 0.4734375 0.87166667 0.48489583 0.7875 0.49114582 0.7083333 0.49427083 0.6533333 0.49479166 0.61
7 0.48802084 0.7366667 0.4609375 0.7841667 0.45364583 0.81 0.478125 0.83416665 0.484375 0.7875 0.48958334 0.73583335
7 0.56875 0.5175 0.5776042 0.495 0.60052085 0.5233333 0.5729167 0.51916665 0.56875 0.5183333
7 0.61875 0.48333332 0.6078125 0.52416664 0.6322917 0.5283333 0.6265625 0.5108333 0.62395835 0.495
7 0.74427086 0.6325 0.771875 0.6625 0.7838542 0.6591667 0.79322916 0.6025 0.7703125 0.6066667 0.7640625 0.61
7 0.83489585 0.36166668 0.84166664 0.3625 0.8546875 0.37 0.85729164 0.36833334 0.85833335 0.37333333 0.85572916 0.37916666 0.84791666 0.4
7 0.7369792 0.33166668 0.7317708 0.33166668 0.7234375 0.325 0.71197915 0.32333332 0.709375 0.32333332 0.68385416 0.275 0.67395836 0.26 0.63854164 0.37833333 0.6890625 0.35666665 0.71979165 0.35 0.73333335 0.33833334 0.73802084 0.3325
7 0.7640625 0.30416667 0.7942708 0.2725 0.7984375 0.2675 0.81666666 0.2575 0.8177083 0.27666667 0.82239586 0.31333333 0.8359375 0.36416668 0.853125 0.41833332 0.85572916 0.42666668 0.85520834 0.43916667 0.8609375 0.48333332 0.871875 0.52166665 0.8833333 0.55833334 0.88958335 0.5625 0.8875 0.57 0.86822915 0.5833333 0.796875 0.60083336 0.79270834 0.6025 0.7703125 0.6066667 0.7640625 0.61083335 0.74375 0.6325 0.74635416 0.625 0.75104165 0.6025 0.7546875 0.5858333 0.75885415 0.55083334 0.75208336 0.5475 0.70885414 0.5425 0.65 0.5316667 0.63177085 0.5275 0.62604165 0.50916666 0.6244792 0.49583334 0.6171875 0.48 0.59583336 0.42916667 0.58802086 0.4075 0.5932292 0.40416667 0.6041667 0.39333335 0.6411458 0.3775 0.690625 0.35583332 0.7203125 0.35 0.73802084 0.3325 0.7484375 0.32166666 0.759375 0.31
7 0.7505208 0.5475 0.6890625 0.5391667 0.6171875 0.5258333 0.55833334 0.5175 0.5364583 0.51416665 0.52916664 0.5475 0.54010415 0.65 0.5494792 0.72333336 0.5375 0.7658333 0.51666665 0.89666665 0.52239585 0.92833334 0.5708333 0.92083335 0.58697915 0.9166667 0.609375 0.92 0.63854164 0.9116667 0.66302085 0.92 0.70416665 0.9316667 0.74114585 0.93833333 0.74114585 0.895 0.73541665 0.87666667 0.71770835 0.82 0.7078125 0.8025 0.7046875 0.7225 0.7234375 0.68666667 0.74635416 0.62583333 0.7552083 0.5833333 0.75885415 0.55083334
