17 0.23802084 0.41833332 0.21927084 0.46083334 0.2 0.5158333 0.16822916 0.5808333 0.153125 0.61 0.1515625 0.62166667 0.15208334 0.63416666 0.15677084 0.64666665 0.16770834 0.66083336 0.20572917 0.695 0.2578125 0.74083334 0.26927084 0.75 0.2765625 0.7475 0.28854167 0.7391667 0.29479167 0.7191667 0.29583332 0.7033333 0.28489584 0.69166666 0.29739583 0.6716667 0.30572918 0.6666667 0.31770834 0.65166664 0.31875 0.62583333 0.33072916 0.6141667 0.33958334 0.6141667 0.37760416 0.54583335 0.38697916 0.5258333 0.39114583 0.5108333 0.38802084 0.48666668 0.37760416 0.47166666 0.3125 0.39083335
17 0.25260416 0.74083334 0.2375 0.8408333 0.23385416 0.88 0.23541667 0.8983333 0.240625 0.91083336 0.26979166 0.92333335 0.27291667 0.9191667 0.2734375 0.9266667 0.31302083 0.93833333 0.36927083 0.9533333 0.38229167 0.95666665 0.39427084 0.9608333 0.40052083 0.9691667 0.41458333 0.9825 0.42291668 0.98083335 0.43125 0.975 0.4421875 0.9316667 0.45520833 0.87583333 0.42916667 0.87833333 0.41510418 0.86583334 0.37708333 0.81916666 0.3140625 0.7475 0.31666666 0.68583333 0.309375 0.6816667 0.30572918 0.685 0.30364582 0.6791667 0.29583332 0.67583334 0.28489584 0.6925 0.2953125 0.7033333 0.29479167 0.7191667 0.2890625 0.7391667 0.27760416 0.74666667 0.26875 0.75083333 0.25364584 0.7375
17 0.053645834 0.65166664 0.060416665 0.7675 0.0546875 0.78583336 0.038020834 0.795 0.0 0.79833335 0.0 0.46833333 0.026041666 0.46333334 0.039583333 0.47 0.0453125 0.48 0.043229166 0.5158333 0.0390625 0.5325 0.038020834 0.55 0.041666668 0.56166667 0.045833334 0.57916665 0.041145835 0.6066667 0.044270832 0.62333333 0.048958335 0.64166665
17 0.083333336 0.2275 0.13697916 0.23833333 0.20208333 0.2625 0.21822916 0.31583333 0.24114583 0.39166668 0.2359375 0.41416666 0.20989583 0.43083334 0.19895834 0.43666667 0.18177083 0.44333333 0.17083333 0.43083334 0.165625 0.4325 0.15677084 0.44416666 0.134375 0.47666666 0.075520836 0.5366667 0.06302083 0.5375 0.05625 0.5283333 0.044270832 0.50083333 0.045833334 0.48 0.039583333 0.46916667 0.025 0.46333334 0.0 0.40666667 0.0 0.29416665 0.034375 0.2675 0.077083334 0.23166667
17 0.1921875 0.19416666 0.1578125 0.21416667 0.1390625 0.225 0.13333334 0.23666666 0.1453125 0.24083333 0.20208333 0.26166666 0.24166666 0.39083335 0.2359375 0.41333333 0.23385416 0.41833332 0.23854166 0.4175 0.315625 0.38833332 0.2921875 0.37833333 0.27135417 0.37 0.26458332 0.35583332 0.26041666 0.33916667 0.271875 0.26583335 0.25260416 0.27416667 0.2421875 0.27166668 0.2328125 0.25666666 0.2203125 0.17916666
17 0.19739583 0.093333334 0.18177083 0.045833334 0.16822916 0.0 0.290625 0.0 0.2375 0.004166667 0.2375 0.008333334 0.234375 0.0058333334 0.21302083 0.008333334 0.20572917 0.020833334 0.203125 0.035833333 0.20416667 0.054166667 0.2203125 0.17833333 0.21145834 0.14416666
17 0.32291666 0.24416667 0.353125 0.23333333 0.38489583 0.22333333 0.40677083 0.21833333 0.4125 0.20583333 0.42604166 0.1725 0.43645832 0.14916667 0.43645832 0.1275 0.43072918 0.10916667 0.4140625 0.0875 0.40416667 0.07333333 0.40104166 0.06 0.40364584 0.048333332 0.4171875 0.024166666 0.42395833 0.014166667 0.4234375 0.0 0.29166666 0.0 0.2375 0.005 0.23697917 0.0075 0.23385416 0.0058333334 0.21354167 0.008333334 0.20625 0.020833334 0.20260416 0.036666665 0.21145834 0.10666667 0.22083333 0.18166667 0.2328125 0.2575 0.2421875 0.27166668 0.25260416 0.27416667 0.27552083 0.26333332 0.3015625 0.25416666 0.3078125 0.25083333
17 0.34895834 0.39583334 0.33229166 0.395 0.315625 0.38833332 0.284375 0.375 0.27135417 0.37 0.2640625 0.355 0.25989583 0.33833334 0.271875 0.265 0.30052084 0.25583333 0.309375 0.25 0.33072916 0.24166666 0.35989583 0.23166667 0.40729168 0.21833333 0.41510418 0.2 0.43177083 0.21 0.44791666 0.22166666 0.465625 0.2325 0.478125 0.24166666 0.4625 0.25583333 0.45833334 0.26666668 0.45364583 0.2975 0.4453125 0.31 0.43385416 0.345 0.42604166 0.34666666 0.41875 0.3525 0.41510418 0.36 0.4125 0.38166666 0.4140625 0.38916665 0.4109375 0.39166668 0.409375 0.4225 0.42291668 0.43 0.421875 0.46833333 0.4109375 0.45166665 0.40520832 0.43583333 0.40416667 0.42916667 0.40729168 0.41583332 0.403125 0.4025 0.39375 0.39833334 0.38802084 0.39833334 0.38177082 0.405 0.37395832 0.40833333 0.365625 0.405
17 0.39739582 0.40166667 0.3828125 0.43083334 0.375 0.44666666 0.3703125 0.46166667 0.38958332 0.4875 0.39166668 0.51166666 0.3875 0.5258333 0.33958334 0.61333334 0.3453125 0.61333334 0.384375 0.6225 0.43958333 0.63416666 0.44166666 0.62583333 0.43072918 0.62416667 0.42135417 0.61333334 0.41666666 0.6025 0.42135417 0.46833333 0.4109375 0.45166665 0.40416667 0.43666667 0.40416667 0.4275 0.40729168 0.41666666 0.40260416 0.40083334
17 0.48697916 0.465 0.46927083 0.45333335 0.42916667 0.43583333 0.4234375 0.43 0.409375 0.4225 0.41145834 0.39166668 0.41510418 0.38916665 0.41302082 0.38 0.415625 0.35916665 0.41875 0.3525 0.4265625 0.34666666 0.43385416 0.345 0.4453125 0.30916667 0.45364583 0.2975 0.45833334 0.26666668 0.46302083 0.255 0.47916666 0.24083333 0.496875 0.22416666 0.503125 0.22166666 0.509375 0.2225 0.52447915 0.23416667 0.54375 0.2525 0.5609375 0.25916666 0.58489585 0.2725 0.60260415 0.285 0.6098958 0.3 0.6125 0.31416667 0.5953125 0.36666667 0.58177084 0.42083332 0.5578125 0.50916666 0.5265625 0.49166667 0.49479166 0.47333333
17 0.63125 0.38416666 0.6411458 0.3975 0.64427084 0.40416667 0.64427084 0.48666668 0.64427084 0.61083335 0.6390625 0.62583333 0.628125 0.63666666 0.6078125 0.635 0.6046875 0.62916666 0.603125 0.635 0.5989583 0.6358333 0.5484375 0.6333333 0.45208332 0.625 0.43958333 0.62583333 0.43020833 0.625 0.41979167 0.6116667 0.41666666 0.60083336 0.4234375 0.43083334 0.43072918 0.43666667 0.46875 0.4525 0.48697916 0.465 0.49791667 0.47583333 0.55833334 0.51 0.58802086 0.39833334 0.6088542 0.38666666 0.62395835 0.38416666
17 0.4984375 0.0825 0.55260414 0.075 0.56614584 0.0725 0.61354166 0.064166665 0.62083334 0.06666667 0.63072914 0.085 0.63125 0.119166665 0.62864584 0.12 0.63125 0.125 0.6296875 0.24 0.62864584 0.2825 0.61510414 0.3 0.6166667 0.31583333 0.62083334 0.33416668 0.6276042 0.33833334 0.634375 0.34416667 0.6375 0.3575 0.6359375 0.37083334 0.63125 0.38333333 0.61927086 0.38333333 0.60625 0.38833332 0.5875 0.39833334 0.59583336 0.365 0.60260415 0.34583333 0.61302084 0.315 0.609375 0.29833335 0.603125 0.285 0.5640625 0.25916666 0.54375 0.2525 0.51770836 0.22833334 0.50989586 0.2225 0.50104165 0.22083333 0.49583334 0.22416666 0.4828125 0.23666666 0.4828125 0.21166667 0.478125 0.18416667 0.46770832 0.1175 0.46927083 0.10333333 0.47395834 0.09166667 0.48333332 0.08833333
17 0.47291666 0.055 0.48333332 0.0 0.5364583 0.0 0.5578125 0.009166666 0.56822914 0.015833333 0.5786458 0.019166667 0.6255208 0.024166666 0.6557292 0.03 0.65729165 0.036666665 0.6614583 0.030833334 0.6859375 0.036666665 0.69166666 0.04916667 0.6958333 0.06 0.68854165 0.12083333 0.68125 0.18666667 0.66770834 0.2775 0.659375 0.2875 0.65208334 0.29083332 0.62916666 0.28416666 0.63072914 0.18833333 0.63072914 0.125 0.6296875 0.12083333 0.63177085 0.12083333 0.63072914 0.085 0.6203125 0.06666667 0.61354166 0.06333333 0.5515625 0.07416666 0.496875 0.0825 0.4734375 0.0925 0.46875 0.10333333 0.4671875 0.11666667 0.48229167 0.21166667 0.48333332 0.23666666 0.4671875 0.23333333 0.46197918 0.22833334 0.4546875 0.2075 0.46666667 0.10166667
17 0.49166667 0.8983333 0.47083333 0.89916664 0.45052084 0.895 0.4546875 0.875 0.48125 0.88 0.4875 0.8933333
17 0.50625 0.90416664 0.52552086 0.9025 0.53697914 0.90416664 0.55052084 0.9025 0.5630208 0.8933333 0.57135415 0.87916666 0.57239586 0.8641667 0.5734375 0.8425 0.5708333 0.82666665 0.5651042 0.8125 0.55625 0.7975 0.55677086 0.78583336 0.56041664 0.7783333 0.56927085 0.77416664 0.57239586 0.7675 0.58229166 0.715 0.590625 0.65166664 0.590625 0.6358333 0.5171875 0.63166666 0.45104167 0.625 0.44166666 0.62583333 0.44010416 0.6325 0.446875 0.63416666 0.5125 0.6458333 0.53125 0.6525 0.5395833 0.6691667 0.5390625 0.69166666 0.534375 0.7125 0.5296875 0.76666665 0.53020835 0.7941667 0.5203125 0.8775 0.5130208 0.895 0.50416666 0.90166664
17 0.53229165 0.9075 0.5307292 0.9825 0.5307292 1.0 0.67552084 1.0 0.67291665 0.97333336 0.6723958 0.94916666 0.6723958 0.93416667 0.67760414 0.9066667 0.68125 0.87083334 0.66614586 0.8566667 0.62916666 0.815 0.5786458 0.7441667 0.57708335 0.7441667 0.5729167 0.7675 0.5697917 0.7758333 0.5609375 0.7783333 0.5572917 0.78583336 0.55677086 0.7966667 0.5651042 0.81166667 0.571875 0.82916665 0.5734375 0.8425 0.57239586 0.88 0.5625 0.89416665 0.55104166 0.9025 0.5338542 0.905
17 0.621875 0.63916665 0.5854167 0.70166665 0.58385414 0.70416665 0.590625 0.65166664 0.590625 0.63666666 0.6 0.63666666 0.603125 0.6358333 0.6041667 0.63 0.6078125 0.635 0.6234375 0.63666666
17 0.6921875 0.50666666 0.66979164 0.48583335 0.6453125 0.46333334 0.64427084 0.60333335 0.6666667 0.5675 0.68177086 0.55 0.6958333 0.5391667 0.7083333 0.5258333
17 0.7348958 0.5083333 0.75 0.5233333 0.775 0.56 0.8 0.6 0.81354165 0.62916666 0.81145835 0.65833336 0.80104166 0.68 0.7953125 0.68916667 0.7807292 0.70166665 0.77135414 0.7075 0.7640625 0.72 0.76354164 0.72583336 0.76770836 0.73583335 0.76145834 0.75 0.7375 0.78833336 0.7192708 0.81333333 0.70677084 0.8325 0.6927083 0.86083335 0.6796875 0.8691667 0.6515625 0.8408333 0.6244792 0.8075 0.5989583 0.7725 0.57708335 0.74333334 0.58489585 0.705 0.6234375 0.6375 0.62864584 0.6375 0.6401042 0.62666667 0.64375 0.61333334 0.64427084 0.6041667 0.6666667 0.56916666 0.68177086 0.55083334 0.69635415 0.5391667 0.709375 0.525 0.715625 0.515 0.72447914 0.5083333 0.7270833 0.5075
17 0.77552086 0.4 0.80625 0.43666667 0.8421875 0.4775 0.87916666 0.5225 0.8796875 0.53833336 0.871875 0.5566667 0.85572916 0.58 0.8515625 0.5775 0.853125 0.58416665 0.8119792 0.6558333 0.81458336 0.63 0.80052084 0.5991667 0.7765625 0.56 0.7546875 0.52916664 0.74010414 0.5133333 0.7328125 0.50666666 0.7260417 0.5075 0.71458334 0.51416665 0.709375 0.5258333 0.7015625 0.515 0.753125 0.40583333 0.75989586 0.39916667
17 0.72239584 0.2175 0.78333336 0.2475 0.80364585 0.27333334 0.80625 0.28916666 0.8140625 0.33083335 0.7942708 0.42166665 0.7760417 0.4 0.75885415 0.39916667 0.75104165 0.41083333 0.7203125 0.47333333 0.70104164 0.46 0.68125 0.44416666 0.65625 0.43083334 0.64479166 0.42666668 0.6453125 0.4025 0.63125 0.3825 0.63697916 0.36666667 0.6375 0.35583332 0.63385415 0.3425 0.62083334 0.33333334 0.61510414 0.3 0.6296875 0.28416666 0.6536458 0.2925 0.66770834 0.27833334 0.67864585 0.20916666 0.69947916 0.22083333 0.70729166 0.21916667 0.71458334 0.21583334
17 0.78229165 0.029166667 0.80625 0.0 0.8390625 0.0 0.8666667 0.048333332 0.89270836 0.0975 0.91197914 0.15833333 0.9088542 0.18333334 0.88177085 0.20666666 0.85572916 0.2325 0.8255208 0.24583334 0.8197917 0.2525 0.8229167 0.2825 0.80885416 0.3025 0.80364585 0.2725 0.7828125 0.24583334 0.7234375 0.2175 0.715625 0.215 0.7005208 0.22083333 0.678125 0.20833333 0.68541664 0.15416667 0.753125 0.0625
17 0.34583333 0.61333334 0.39895833 0.62666667 0.421875 0.6308333 0.46041667 0.63666666 0.5151042 0.6475 0.53125 0.6533333 0.5390625 0.67 0.5390625 0.69083333 0.5338542 0.71416664 0.5286458 0.7675 0.5296875 0.7941667 0.5203125 0.87583333 0.51354164 0.89416665 0.5 0.9033333 0.4875 0.8933333 0.48177084 0.87916666 0.4546875 0.87583333 0.42916667 0.87833333 0.415625 0.8666667 0.38072917 0.82416666 0.31458333 0.7475 0.31875 0.6275 0.33125 0.615
