18 0.82395834 0.54083335 0.79479164 0.5475 0.7703125 0.54833335 0.75885415 0.54833335 0.75208336 0.5541667 0.74791664 0.56583333 0.8 0.56583333 0.86354166 0.5575 0.87291664 0.55916667 0.87604165 0.5683333 0.8744792 0.5525 0.8697917 0.5391667 0.86145836 0.5366667 0.846875 0.5391667
18 0.853125 0.87333333 0.80104166 0.8833333 0.77239585 0.885 0.76354164 0.885 0.75572914 0.875 0.753125 0.8541667 0.7505208 0.77916664 0.759375 0.77666664 0.7739583 0.77 0.7942708 0.7783333 0.8609375 0.7775 0.871875 0.7725 0.8796875 0.7625 0.88489586 0.7441667 0.8875 0.83666664 0.8854167 0.85083336 0.8822917 0.8625 0.8765625 0.87083334 0.86822915 0.87166667
18 0.76927084 0.14583333 0.7015625 0.30583334 0.6822917 0.3475 0.6796875 0.35916665 0.6796875 0.3775 0.6848958 0.38666666 0.7104167 0.41333333 0.75364584 0.45916668 0.7682292 0.4725 0.7760417 0.475 0.7859375 0.4675 0.79583335 0.45583335 0.80104166 0.43916667 0.8041667 0.41333333 0.8125 0.4 0.8255208 0.38416666 0.8875 0.25583333 0.9015625 0.22416666 0.90208334 0.20916666 0.90052086 0.19333333 0.8765625 0.16 0.8171875 0.095 0.80885416 0.0875 0.7973958 0.0925 0.78697914 0.10333333 0.78020835 0.1175
18 0.74322915 0.13 0.7083333 0.13166666 0.7026042 0.14083333 0.69739586 0.15416667 0.70625 0.2925 0.7739583 0.1325 0.77760416 0.123333335
18 0.86875 0.104166664 0.9046875 0.1 0.91302085 0.10666667 0.91614586 0.11416667 0.9192708 0.12916666 0.9213542 0.19666667 0.9223958 0.3 0.9203125 0.31083333 0.91197914 0.325 0.903125 0.32666665 0.85052085 0.33416668 0.890625 0.25 0.90208334 0.22416666 0.903125 0.2025 0.8984375 0.19083333 0.8755208 0.15833333 0.834375 0.115
18 0.34427083 0.6725 0.3046875 0.69166666 0.29114583 0.69166666 0.28385416 0.6875 0.27760416 0.67 0.26770833 0.6191667 0.2578125 0.56 0.25625 0.52666664 0.2546875 0.5108333 0.24479167 0.47166666 0.22083333 0.39666668 0.22447917 0.3775 0.23333333 0.36916667 0.26666668 0.35083333 0.325 0.31083333 0.33854166 0.30666667 0.35 0.3125 0.35572916 0.32166666 0.3625 0.3475 0.37760416 0.41833332 0.40104166 0.51666665 0.41458333 0.5908333 0.41666666 0.6041667 0.4140625 0.62416667 0.40260416 0.64 0.35729167 0.66333336
18 0.45677084 0.5325 0.4234375 0.46166667 0.4109375 0.4375 0.3984375 0.43083334 0.38541666 0.4475 0.41822916 0.6041667 0.41458333 0.62333333 0.40364584 0.63916665 0.3453125 0.67333335 0.38125 0.7375 0.3953125 0.75916666 0.40520832 0.7825 0.42239583 0.81583333 0.43489584 0.81916666 0.4546875 0.8025 0.52916664 0.7033333 0.53125 0.68916667 0.5286458 0.67583334 0.5109375 0.64 0.496875 0.6191667 0.48333332 0.59166664 0.46666667 0.5525
18 0.4125 0.35916665 0.44583333 0.30916667 0.4578125 0.31 0.46770832 0.31916666 0.5015625 0.385 0.5385417 0.45666668 0.53802085 0.47416666 0.5307292 0.49 0.47135416 0.56333333 0.41927084 0.45166665 0.41197917 0.43583333 0.39947918 0.43083334 0.38489583 0.4475 0.37552083 0.40333334 0.39583334 0.3825 0.40364584 0.37416667
18 0.21927084 0.56916666 0.18072917 0.60083336 0.17604166 0.61083335 0.17291667 0.62416667 0.17760417 0.6408333 0.22291666 0.79 0.23020834 0.7966667 0.24114583 0.79833335 0.25364584 0.7891667 0.27239582 0.7758333 0.32447916 0.735 0.34166667 0.7291667 0.35052082 0.7225 0.36302084 0.705 0.34427083 0.6716667 0.30416667 0.69166666 0.29010418 0.69166666 0.28177083 0.68666667 0.2765625 0.6675 0.26041666 0.5858333 0.25729167 0.545
18 0.7984375 0.565 0.7083333 0.56583333 0.6927083 0.56666666 0.6869792 0.56916666 0.6822917 0.5758333 0.67760414 0.58416665 0.67604166 0.59833336 0.67760414 0.7525 0.68385416 0.77166665 0.6953125 0.77916664 0.75677085 0.7775 0.76927084 0.77166665 0.775 0.76916665 0.7942708 0.7775 0.8609375 0.77666664 0.8697917 0.7725 0.8802083 0.7625 0.884375 0.7441667 0.8796875 0.5733333 0.87291664 0.56 0.8625 0.55833334 0.80833334 0.565
