15 0.0515625 0.0 0.046354167 0.010833333 0.046354167 0.02 0.053125 0.030833334 0.047395833 0.031666666 0.038020834 0.0325 0.031770833 0.03 0.0359375 0.02 0.027604166 0.0125 0.021354167 0.005 0.017708333 0.0
1 0.22447917 0.17416666 0.23229167 0.275 0.23020834 0.28666666 0.2328125 0.31083333 0.2375 0.34 0.2375 0.35666665 0.23645833 0.35916665 0.2328125 0.36166668 0.2265625 0.36166668 0.2109375 0.34 0.20208333 0.33666667 0.1921875 0.3325 0.0515625 0.36916667 0.0375 0.38166666 0.028645834 0.38333333 0.0203125 0.31083333 0.014583333 0.27 0.0046875 0.2225 0.0 0.19416666 0.0109375 0.195 0.019791666 0.2025 0.03125 0.2175 0.0421875 0.22833334 0.061458334 0.21833333 0.14895834 0.20416667 0.16666667 0.19583334 0.19166666 0.19 0.20572917 0.18416667 0.20989583 0.1775 0.2140625 0.1725 0.21875 0.16833334
4 0.259375 0.0 0.3265625 0.0 0.34375 0.0225 0.35364583 0.04916667 0.35989583 0.08166666 0.36354166 0.094166666 0.3703125 0.10166667 0.45364583 0.16083333 0.4640625 0.1725 0.46770832 0.18 0.46770832 0.19083333 0.4640625 0.2025 0.45416668 0.23333333 0.45208332 0.23916666 0.44583333 0.24333334 0.44166666 0.2425 0.35520834 0.17916666 0.34739584 0.17416666 0.3421875 0.17666666 0.3375 0.17666666 0.3328125 0.18083334 0.32447916 0.18833333 0.31666666 0.1925 0.30833334 0.195 0.29791668 0.1975 0.28645834 0.19833334 0.2734375 0.195 0.2625 0.185 0.24583334 0.165 0.23125 0.13 0.22708334 0.104166664 0.22708334 0.075 0.23125 0.050833333 0.24270834 0.021666666 0.24635416 0.014166667 0.2515625 0.0058333334
6 0.3125 0.19583334 0.32447916 0.2025 0.340625 0.21666667 0.35052082 0.22916667 0.35729167 0.22916667 0.36666667 0.23166667 0.38020834 0.23 0.3578125 0.3675 0.34895834 0.36 0.34583333 0.36 0.34010416 0.36416668 0.33385417 0.36666667 0.32604167 0.38666666 0.31979167 0.39583334 0.31770834 0.40666667 0.32239583 0.41333333 0.31979167 0.41916665 0.31770834 0.425 0.31927082 0.44166666 0.296875 0.43416667 0.28697917 0.43833333 0.26822916 0.4325 0.25208333 0.425 0.23541667 0.41833332 0.23333333 0.41333333 0.24479167 0.3575 0.25989583 0.28666666 0.26770833 0.23166667 0.2703125 0.19166666 0.278125 0.19916667 0.28854167 0.2 0.3046875 0.19666667 0.30885416 0.19666667
3 0.22239584 0.46583334 0.23958333 0.45833334 0.25208333 0.44583333 0.26822916 0.4425 0.275 0.4375 0.28958333 0.44166666 0.29583332 0.43583333 0.31875 0.44416666 0.31927082 0.42416668 0.3234375 0.415 0.31822917 0.40333334 0.321875 0.39583334 0.3265625 0.3875 0.33489582 0.36916667 0.34739584 0.36083335 0.3578125 0.37 0.396875 0.44 0.41770834 0.485 0.4328125 0.51666665 0.43802083 0.53833336 0.43489584 0.5475 0.42708334 0.56 0.39791667 0.5808333 0.378125 0.6066667 0.36458334 0.6125 0.35572916 0.62583333 0.3515625 0.6433333 0.34635416 0.6191667 0.3140625 0.6275 0.28802082 0.63666666 0.271875 0.6 0.25677082 0.57416666 0.24375 0.5316667 0.228125 0.48833334 0.2234375 0.4775
5 0.13333334 0.66 0.15 0.6666667 0.171875 0.68333334 0.21666667 0.6675 0.27239582 0.645 0.29114583 0.63916665 0.346875 0.6191667 0.35260418 0.6591667 0.375 0.85 0.37864584 0.8983333 0.365625 0.89916664 0.34947917 0.9008333 0.30885416 0.9033333 0.28802082 0.90416664 0.26041666 0.9125 0.22239584 0.9225 0.18177083 0.9375 0.1625 0.9475 0.1515625 0.94666666 0.1484375 0.81 0.14270833 0.74583334 0.13541667 0.6958333 0.13020833 0.67
19 0.478125 0.35833332 0.5494792 0.35583332 0.5942708 0.36 0.61145836 0.3575 0.63125 0.355 0.64166665 0.3575 0.6515625 0.36916667 0.6546875 0.38833332 0.653125 0.57666665 0.6484375 0.58666664 0.64427084 0.59166664 0.625 0.5941667 0.5463542 0.59 0.5260417 0.5941667 0.50989586 0.5941667 0.48958334 0.60083336 0.475 0.5966667 0.46510416 0.58416665 0.465625 0.56416667 0.46510416 0.39083335 0.46510416 0.37666667 0.4703125 0.36416668
8 0.5161458 0.5966667 0.52916664 0.7125 0.53541666 0.7758333 0.5453125 0.81666666 0.55 0.8375 0.54375 0.8466667 0.5307292 0.8575 0.50677085 0.865 0.49635416 0.86 0.48802084 0.8625 0.4765625 0.87166667 0.4578125 0.8833333 0.4375 0.8908333 0.42395833 0.8858333 0.41822916 0.87666667 0.41354167 0.8641667 0.4046875 0.7708333 0.4 0.7341667 0.38489583 0.64916664 0.38177082 0.6308333 0.378125 0.60583335 0.3953125 0.5875 0.40364584 0.58 0.42916667 0.5625 0.43854168 0.54583335 0.4390625 0.53333336 0.46354166 0.52416664 0.46510416 0.58916664 0.4765625 0.6 0.49114582 0.6025 0.50416666 0.6
13 0.65520835 0.4525 0.65416664 0.575 0.65052086 0.5875 0.6453125 0.5941667 0.59479165 0.5966667 0.54270834 0.5941667 0.5182292 0.5975 0.521875 0.6075 0.6489583 0.6975 0.66041666 0.715 0.67083335 0.715 0.7114583 0.5941667 0.728125 0.5441667 0.73333335 0.52416664 0.7270833 0.5083333 0.68385416 0.47833332 0.66770834 0.4625 0.66302085 0.46 0.66197914 0.45916668
20 0.75208336 0.0 0.828125 0.0 0.8385417 0.0 0.875 0.07083333 0.8859375 0.100833334 0.8859375 0.119166665 0.8776042 0.14166667 0.86041665 0.165 0.8520833 0.1725 0.83697915 0.17833333 0.8208333 0.1775 0.8046875 0.17666666 0.79375 0.175 0.790625 0.19333333 0.79322916 0.22583333 0.7885417 0.25583333 0.7796875 0.325 0.7734375 0.38333333 0.7682292 0.44666666 0.7682292 0.4625 0.7682292 0.48333332 0.7661458 0.495 0.75364584 0.495 0.7416667 0.4775 0.6947917 0.41083333 0.65052086 0.345 0.6328125 0.31666666 0.6375 0.29666665 0.66302085 0.2025 0.6770833 0.175 0.7057292 0.08833333 0.7427083 0.011666667 0.74635416 0.0016666667
18 0.8541667 0.33 0.9859375 0.42416668 1.0 0.435 1.0 0.58916664 0.99375 0.62583333 0.9890625 0.645 0.9796875 0.6433333 0.9671875 0.6375 0.9322917 0.61583334 0.9213542 0.6025 0.909375 0.595 0.85520834 0.565 0.81458336 0.54083335 0.80052084 0.52416664 0.796875 0.5158333 0.7953125 0.5025 0.7963542 0.4875 0.821875 0.39166668 0.8307292 0.35333332 0.83697915 0.335 0.8432292 0.33
20 0.82239586 0.54833335 0.88489586 0.5858333 0.9203125 0.6025 0.93125 0.6175 0.9661458 0.6408333 0.9166667 0.79833335 0.8989583 0.8691667 0.8796875 0.9375 0.853125 1.0 0.69895834 1.0 0.71770835 0.92333335 0.7213542 0.89666665 0.74635416 0.8333333 0.7890625 0.76666665 0.8041667 0.72833335 0.8041667 0.70166665 0.80104166 0.6475 0.80052084 0.6166667 0.82135415 0.5541667
18 0.08229167 0.0 0.09583333 0.011666667 0.1078125 0.018333333 0.11354167 0.02 0.11927083 0.020833334 0.12760417 0.014166667 0.13072917 0.008333334 0.13125 0.0
