1 0.1828125 0.075 0.2109375 0.14583333 0.22291666 0.17166667 0.24479167 0.21833333 0.25104168 0.24 0.24427083 0.24833333 0.21197917 0.26166666 0.14375 0.3475 0.13697916 0.355 0.123958334 0.355 0.1265625 0.36166668 0.12291667 0.3775 0.111979164 0.385 0.10208333 0.43666667 0.084895834 0.44583333 0.06458333 0.39916667 0.054166667 0.37333333 0.00625 0.29083332 0.053125 0.24833333 0.106770836 0.18666667 0.153125 0.1375 0.1671875 0.11333334 0.17083333 0.08166666
4 0.49947917 0.41083333 0.51927084 0.37 0.5484375 0.34666666 0.56875 0.34333333 0.5932292 0.3575 0.615625 0.3875 0.625 0.42166665 0.6265625 0.44833332 0.62395835 0.47333333 0.61875 0.50166667 0.60520834 0.52916664 0.590625 0.54 0.57708335 0.55083334 0.54895836 0.55083334 0.5338542 0.5425 0.51666665 0.525 0.5072917 0.5075 0.49010417 0.50166667 0.45 0.5083333 0.409375 0.5158333 0.39479166 0.51666665 0.39166668 0.5158333 0.38697916 0.5075 0.3828125 0.46333334 0.38645834 0.4475 0.38958332 0.43916667 0.4203125 0.435 0.49010417 0.42416668 0.49635416 0.42
19 0.14270833 0.355 0.23541667 0.39083335 0.26979166 0.405 0.275 0.41666666 0.275 0.42583334 0.27239582 0.45416668 0.24947916 0.6016667 0.24427083 0.63166666 0.2375 0.6791667 0.22395833 0.6725 0.21510416 0.67083335 0.20989583 0.67833334 0.20833333 0.68333334 0.20833333 0.6933333 0.20833333 0.7008333 0.0953125 0.6558333 0.0859375 0.6525 0.08385417 0.6425 0.09583333 0.58 0.11302083 0.48166665 0.12552084 0.38333333 0.125 0.36583334 0.13020833 0.35916665 0.13697916 0.35916665
20 0.7973958 0.031666666 0.8385417 0.064166665 0.9348958 0.13916667 1.0 0.20666666 1.0 0.48166665 0.97552085 0.45416668 0.9453125 0.41416666 0.92760414 0.3775 0.9088542 0.35416666 0.87604165 0.3325 0.8140625 0.315 0.7609375 0.28833333 0.7203125 0.25916666 0.71979165 0.24916667 0.7234375 0.2175 0.78229165 0.058333334 0.7859375 0.035833333
9 0.6645833 0.63 0.725 0.45 0.7572917 0.34333333 0.7671875 0.30166668 0.8208333 0.33416668 0.85572916 0.36916667 0.8703125 0.38083333 0.86302084 0.50416666 0.8609375 0.58666664 0.85729164 0.61583334 0.82916665 0.70916665 0.8171875 0.73583335 0.81354165 0.73583335 0.7984375 0.7275 0.68125 0.64916664 0.66614586 0.64166665 0.66041666 0.6358333
8 0.8984375 0.3475 0.92552084 0.3775 0.95208335 0.42916667 1.0 0.48416665 1.0 0.535 0.94427085 0.5125 0.934375 0.5025 0.9114583 0.50083333 0.89270836 0.49166667 0.884375 0.48583335 0.878125 0.475 0.878125 0.45916668 0.88385415 0.43666667 0.8890625 0.3975 0.896875 0.36416668
8 0.95104164 0.14833333 1.0 0.17083333 1.0 0.2025 0.953125 0.15333334 0.953125 0.15333334
5 0.46458334 0.59833336 0.5052083 0.56666666 0.5463542 0.55916667 0.58020836 0.57416666 0.58958334 0.57166666 0.6015625 0.56666666 0.5911458 0.55333334 0.60729164 0.5575 0.63177085 0.5966667 0.63645834 0.65833336 0.65052086 0.8175 0.65416664 0.85333335 0.5171875 0.88 0.48333332 0.8833333 0.4796875 0.8833333 0.4796875 0.865 0.47708333 0.78583336 0.478125 0.74333334 0.475 0.6358333 0.47135416 0.62333333 0.46458334 0.61333334
18 0.32864583 0.6983333 0.34375 0.685 0.36458334 0.6508333 0.37760416 0.62833333 0.3859375 0.62083334 0.3984375 0.62333333 0.4140625 0.64 0.45989582 0.72 0.47395834 0.745 0.47708333 0.76166666 0.47604167 0.79 0.47135416 0.79333335 0.46302083 0.805 0.4546875 0.8125 0.44114584 0.8258333 0.42708334 0.8475 0.41145834 0.86833334 0.38489583 0.9225 0.35625 0.9608333 0.346875 0.9775 0.33645833 0.985 0.3234375 0.98083335 0.28645834 0.92833334 0.2546875 0.87583333 0.3515625 0.795 0.37760416 0.7675 0.36822918 0.75083333 0.34739584 0.7316667 0.328125 0.705
3 0.234375 0.87583333 0.21666667 0.8625 0.21354167 0.84833336 0.215625 0.835 0.23541667 0.82 0.22135417 0.75416666 0.20989583 0.7058333 0.2109375 0.69416666 0.2109375 0.685 0.2109375 0.6791667 0.21458334 0.675 0.225 0.67583334 0.24010417 0.68333334 0.24479167 0.6791667 0.253125 0.675 0.2625 0.6716667 0.27760416 0.66833335 0.2875 0.6675 0.31197917 0.66833335 0.32395834 0.66583335 0.3296875 0.66083336 0.34114584 0.6675 0.3421875 0.67583334 0.34114584 0.6791667 0.33541667 0.68833333 0.32395834 0.6983333 0.32864583 0.7133333 0.35208333 0.74083334 0.37395832 0.76166666 0.3703125 0.7708333 0.3328125 0.80833334 0.26041666 0.8666667 0.24270834 0.87583333
15 0.0 0.053333335 0.08229167 0.0 0.0 0.0
