20 0.49895832 0.60333335 0.5328125 0.635 0.590625 0.6875 0.63177085 0.7266667 0.659375 0.7625 0.6875 0.835 0.70989585 0.8933333 0.72552085 0.93833333 0.74114585 0.99916667 0.6203125 1.0 0.6020833 0.9558333 0.5890625 0.9216667 0.5697917 0.88916665 0.5552083 0.87 0.52239585 0.8725 0.52916664 0.79583335 0.5442708 0.7183333 0.5442708 0.69 0.51666665 0.665 0.4703125 0.6533333 0.475 0.62416667 0.484375 0.6125 0.496875 0.6066667
20 0.209375 0.59583336 0.23333333 0.56416667 0.3125 0.4575 0.35677084 0.39083335 0.40572917 0.3275 0.41927084 0.33916667 0.43177083 0.33833334 0.4515625 0.34 0.46354166 0.34 0.47916666 0.34 0.49322918 0.34583333 0.5109375 0.35833332 0.5260417 0.3675 0.5364583 0.36916667 0.5463542 0.35583332 0.54791665 0.3375 0.5442708 0.27166668 0.5677083 0.325 0.590625 0.37583333 0.6020833 0.39666668 0.59947914 0.41416666 0.58177084 0.4375 0.55572915 0.4725 0.43802083 0.6 0.41197917 0.6308333 0.4015625 0.64416665 0.40260416 0.65 0.37760416 0.6766667 0.340625 0.72833335 0.29635417 0.77 0.28385416 0.77666664 0.26614583 0.7658333 0.25104168 0.7216667 0.23958333 0.6775 0.2109375 0.61833334 0.20885417 0.6
20 0.5932292 0.37 0.6510417 0.37916666 0.6828125 0.38583332 0.6921875 0.40083334 0.6921875 0.43083334 0.69166666 0.5308333 0.6828125 0.57916665 0.67083335 0.6225 0.6432292 0.6333333 0.6171875 0.6191667 0.59166664 0.5925 0.5807292 0.555 0.5708333 0.535 0.5515625 0.56083333 0.52239585 0.5833333 0.49895832 0.60333335 0.48645833 0.6116667 0.47552082 0.62166667 0.446875 0.6433333 0.42708334 0.6425 0.40260416 0.6483333 0.403125 0.645 0.44270834 0.595 0.51458335 0.5175 0.5609375 0.46666667 0.5875 0.43083334 0.6010417 0.41333333 0.60260415 0.39666668 0.59166664 0.375
20 0.0015625 0.22083333 0.059895832 0.245 0.100520834 0.27416667 0.11927083 0.31 0.13072917 0.3325 0.15364583 0.35666665 0.16927083 0.36583334 0.1921875 0.36 0.215625 0.345 0.23177083 0.36583334 0.25729167 0.39166668 0.28072917 0.42666668 0.29375 0.4325 0.3109375 0.41583332 0.32395834 0.38833332 0.325 0.40333334 0.3203125 0.44333333 0.2203125 0.58166665 0.21458334 0.57 0.175 0.57 0.094791666 0.53833336 0.047916666 0.515 0.0 0.49083334 0.0 0.23
20 0.18177083 0.010833333 0.25572917 0.079166666 0.31458333 0.13416667 0.35416666 0.19166666 0.37708333 0.22333333 0.378125 0.25166667 0.32395834 0.39083335 0.31145832 0.41083333 0.29375 0.4325 0.27864584 0.4225 0.25572917 0.3875 0.21614583 0.34583333 0.2046875 0.31333333 0.17135416 0.28166667 0.11145833 0.23833333 0.0 0.14916667 0.0 0.0 0.16354166 0.0
20 0.49427083 0.00083333335 0.4953125 0.04916667 0.5078125 0.11083333 0.52916664 0.15416667 0.5385417 0.22333333 0.54479164 0.275 0.546875 0.35583332 0.534375 0.3675 0.51354164 0.3625 0.49322918 0.34583333 0.4796875 0.34083334 0.4421875 0.34083334 0.41614583 0.33916667 0.4046875 0.325 0.38541666 0.305 0.38229167 0.26333332 0.37916666 0.22166666 0.37708333 0.17333333 0.35208333 0.1025 0.340625 0.045833334 0.33645833 0.0 0.47552082 0.0
20 0.55364585 0.00083333335 0.53541666 0.031666666 0.5286458 0.06583333 0.5541667 0.10666667 0.58958334 0.14083333 0.62083334 0.19583334 0.6515625 0.245 0.6703125 0.27416667 0.69114584 0.31416667 0.7171875 0.34083334 0.74010414 0.3875 0.76770836 0.4225 0.8041667 0.46416667 0.815625 0.46916667 0.83125 0.435 0.88697916 0.33083335 0.91041666 0.275 0.8989583 0.24333334 0.8359375 0.17083333 0.771875 0.11416667 0.74010414 0.0825 0.7125 0.04083333 0.6979167 0.015833333 0.69947916 0.0 0.5578125 0.0
20 0.734375 0.40916666 0.7739583 0.47333333 0.7942708 0.5158333 0.80885416 0.5575 0.8276042 0.5875 0.79479164 0.6333333 0.77708334 0.6558333 0.7453125 0.7241667 0.7270833 0.75916666 0.6489583 0.6333333 0.671875 0.62 0.6848958 0.5708333 0.69322914 0.52916664 0.69322914 0.455 0.7046875 0.43083334 0.71979165 0.41
20 0.91875 0.22833334 0.903125 0.2475 0.9114583 0.27666667 0.89166665 0.3225 0.8921875 0.34916666 0.86875 0.39666668 0.85520834 0.43166667 0.84479165 0.4825 0.83697915 0.5425 0.828125 0.58916664 0.7786458 0.65416664 0.72760415 0.75916666 0.76145834 0.8075 0.80625 0.8525 0.8203125 0.875 0.8734375 0.8125 0.89375 0.77416664 0.90625 0.74916667 0.9036458 0.715 0.9213542 0.70416665 0.94166666 0.6433333 0.97291666 0.57666665 1.0 0.49 1.0 0.26 0.9223958 0.22416666
20 0.921875 0.70916665 0.93177086 0.7225 0.9270833 0.74333334 0.9135417 0.83416665 0.8859375 0.9033333 0.8625 0.94916666 0.85520834 0.95416665 0.8364583 0.9091667 0.8197917 0.87583333 0.875 0.8125 0.9078125 0.74833333 0.90416664 0.715 0.91822916 0.7058333
20 0.1765625 0.60583335 0.1515625 0.7391667 0.14166667 0.79 0.13541667 0.8325 0.15572916 0.84833336 0.21302083 0.8641667 0.253125 0.8675 0.29635417 0.88166666 0.32864583 0.8858333 0.346875 0.88166666 0.38072917 0.83166665 0.39479166 0.8333333 0.4390625 0.87166667 0.46770832 0.8875 0.5046875 0.9091667 0.52135414 0.875 0.5286458 0.7966667 0.5421875 0.7241667 0.54479164 0.68833333 0.5171875 0.6675 0.46927083 0.6525 0.425 0.64166665 0.40260416 0.64916664 0.37760416 0.6775 0.34270832 0.72583336 0.32239583 0.74583334 0.2953125 0.7708333 0.28333333 0.77666664 0.265625 0.7658333 0.25208333 0.725 0.23958333 0.6766667 0.21822916 0.63416666 0.2125 0.61833334 0.20885417 0.59583336 0.19739583 0.58666664 0.17916666 0.5925
