15 0.7338542 0.53 0.7317708 0.5125 0.73541665 0.50083333 0.7390625 0.49166667 0.7390625 0.48416665 0.7390625 0.46833333 0.74635416 0.46833333 0.7484375 0.48 0.7505208 0.4875 0.75572914 0.49166667 0.7609375 0.49916667 0.76770836 0.53 0.8072917 0.8 0.8052083 0.81416667 0.7994792 0.8258333 0.8046875 0.8383333 0.7994792 0.845 0.79375 0.8333333 0.7895833 0.8283333 0.78333336 0.8225 0.7786458 0.815 0.77239585 0.7816667
15 0.715625 0.26916668 0.7109375 0.25666666 0.7104167 0.24083333 0.71510416 0.23166667 0.7114583 0.21 0.72447914 0.20583333 0.72552085 0.21333334 0.72552085 0.21916667 0.73020834 0.22333333 0.7369792 0.2275 0.7421875 0.24 0.8119792 0.52916664 0.8119792 0.54083335 0.8078125 0.5466667 0.8046875 0.5516667 0.80833334 0.5625 0.809375 0.56666666 0.803125 0.57 0.7963542 0.56916666 0.79583335 0.55833334 0.790625 0.55333334 0.7828125 0.54833335 0.77760416 0.52416664
15 0.8776042 0.07 0.8822917 0.053333335 0.8875 0.048333332 0.89427084 0.039166667 0.89739585 0.03 0.8989583 0.02 0.909375 0.0225 0.9057292 0.04083333 0.9088542 0.048333332 0.9109375 0.059166666 0.91197914 0.079166666 0.86041665 0.37 0.85 0.3975 0.8442708 0.40333334 0.840625 0.41166666 0.83697915 0.42083332 0.82708335 0.41333333 0.83177084 0.40166667 0.83020836 0.3925 0.8255208 0.38333333 0.8265625 0.37 0.8307292 0.34916666 0.8432292 0.27916667
15 0.73020834 0.0775 0.73020834 0.05666667 0.73229164 0.045 0.73125 0.035 0.72760415 0.030833334 0.73229164 0.0275 0.7416667 0.025 0.74635416 0.038333334 0.75416666 0.044166666 0.7604167 0.060833335 0.8 0.20583333 0.81458336 0.27 0.8255208 0.32666665 0.8307292 0.35166666 0.8265625 0.36666667 0.8255208 0.38333333 0.8255208 0.39333335 0.81875 0.3975 0.815625 0.385 0.8119792 0.3775 0.80104166 0.36333334 0.79010415 0.3275
15 0.63072914 0.115833335 0.6421875 0.104166664 0.65416664 0.09833334 0.6609375 0.10333333 0.66614586 0.09833334 0.6703125 0.09166667 0.6734375 0.0925 0.67604166 0.100833334 0.6703125 0.11 0.66770834 0.12166667 0.6640625 0.13833334 0.6432292 0.1625 0.5015625 0.31833333 0.49479166 0.325 0.48697916 0.325 0.48125 0.3225 0.4765625 0.3225 0.46614584 0.32666665 0.4640625 0.31583333 0.47135416 0.30666667 0.4734375 0.29666665 0.47864583 0.28166667
15 0.50416666 0.13416667 0.5078125 0.175 0.51145834 0.18333334 0.5171875 0.1875 0.51979166 0.19416666 0.5208333 0.20583333 0.5234375 0.21166667 0.53020835 0.20833333 0.53125 0.2 0.5317708 0.18916667 0.53697914 0.17833333 0.5395833 0.16333333 0.53697914 0.12416667 0.5239583 0.0 0.490625 0.0
15 0.49479166 0.47333333 0.5286458 0.5325 0.5359375 0.5391667 0.54375 0.53833336 0.54583335 0.5425 0.5494792 0.545 0.5520833 0.5541667 0.56041664 0.545 0.55677086 0.535 0.5546875 0.52666664 0.55625 0.515 0.55364585 0.50083333 0.49479166 0.39166668 0.4359375 0.29416665 0.42552084 0.2775 0.41770834 0.27083334 0.40625 0.2725 0.4046875 0.27 0.4046875 0.26 0.3953125 0.26083332 0.39427084 0.265 0.39791667 0.27583334 0.39791667 0.28666666 0.39947918 0.30083334 0.41197917 0.3275
15 0.33333334 0.39916667 0.3421875 0.36333334 0.35 0.35 0.35520834 0.34916666 0.35885417 0.33416668 0.36927083 0.33666667 0.36614582 0.355 0.3703125 0.37333333 0.36614582 0.41083333 0.3125 0.655 0.30260417 0.6875 0.2953125 0.6975 0.29166666 0.70916665 0.28854167 0.72083336 0.28229168 0.71666664 0.28125 0.70166665 0.278125 0.685 0.278125 0.6666667 0.28177083 0.63916665 0.29375 0.5775
15 0.25989583 0.39333335 0.2671875 0.3725 0.27447918 0.36666667 0.278125 0.35583332 0.28229168 0.34583333 0.28854167 0.3525 0.284375 0.36333334 0.29166666 0.3725 0.29270834 0.39333335 0.29166666 0.45083332 0.2734375 0.66583335 0.26614583 0.7183333 0.25572917 0.73083335 0.25416666 0.74916667 0.24270834 0.74 0.246875 0.7275 0.24166666 0.7191667 0.2375 0.70666665 0.24166666 0.655
15 0.48177084 0.7416667 0.47447917 0.72833335 0.47864583 0.7175 0.484375 0.7241667 0.48958334 0.7241667 0.4921875 0.7291667 0.5 0.72833335 0.50625 0.73333335 0.640625 0.95166665 0.640625 0.95916665 0.64166665 0.9683333 0.64427084 0.9775 0.64739585 0.98333335 0.64270836 0.9916667 0.6375 0.9875 0.6328125 0.9875 0.62864584 0.9875 0.61822915 0.985 0.61041665 0.9766667 0.59791666 0.96 0.4796875 0.7633333 0.478125 0.75083333
