9 0.2734375 0.535 0.28072917 0.5375 0.28854167 0.5425 0.29427084 0.5516667 0.30104166 0.5566667 0.31354168 0.55916667 0.33229166 0.5708333 0.34479168 0.58166665 0.36979166 0.5925 0.40572917 0.6066667 0.40989584 0.58416665 0.41197917 0.57666665 0.3984375 0.56916666 0.384375 0.55833334 0.36927083 0.545 0.36770833 0.54083335 0.39791667 0.45333335 0.40885416 0.42833334 0.41302082 0.41583332 0.415625 0.4 0.4375 0.3225 0.4453125 0.29416665 0.45052084 0.265 0.46041667 0.24416667 0.45104167 0.23916666 0.43489584 0.2325 0.42395833 0.23 0.403125 0.22 0.38020834 0.20416667 0.34270832 0.18916667 0.31875 0.17666666 0.30364582 0.17333333 0.29322916 0.25416666 0.27395833 0.36583334 0.26197916 0.4275 0.2625 0.435 0.2671875 0.49083334 0.27135417 0.525 0.27239582 0.5308333 0.27291667 0.53583336
9 0.41302082 0.57666665 0.42916667 0.58416665 0.4453125 0.5941667 0.45989582 0.6075 0.471875 0.62583333 0.48802084 0.63916665 0.5130208 0.6616667 0.546875 0.5516667 0.5807292 0.44833332 0.59739584 0.4 0.60260415 0.37333333 0.6109375 0.34416667 0.615625 0.32666665 0.603125 0.31833333 0.5885417 0.31 0.5854167 0.30916667 0.5833333 0.3025 0.5796875 0.29833335 0.5708333 0.295 0.54010415 0.26583335 0.5083333 0.23916666 0.48697916 0.22333333 0.47604167 0.22666667 0.46875 0.23083334 0.46302083 0.24166666 0.4609375 0.24416667 0.45052084 0.26666668 0.44947916 0.2725 0.44895834 0.27583334 0.4453125 0.29416665 0.43177083 0.34333333 0.42135417 0.38166666 0.415625 0.40166667 0.41302082 0.41666666 0.40885416 0.43083334 0.4 0.44916666 0.37864584 0.51 0.36770833 0.54 0.36979166 0.54583335 0.3796875 0.55333334 0.38697916 0.56 0.40104166 0.57
9 0.28385416 0.30083334 0.27291667 0.28583333 0.23958333 0.22583333 0.24010417 0.22333333 0.29010418 0.14833333 0.3484375 0.06916667 0.359375 0.05666667 0.36927083 0.033333335 0.39010417 0.0 0.428125 0.0 0.44322917 0.028333334 0.46979168 0.079166666 0.48541668 0.12083333 0.50885415 0.16166666 0.52239585 0.18833333 0.49270833 0.2275 0.48802084 0.2225 0.4765625 0.22583333 0.46822917 0.23 0.4625 0.24083333 0.4609375 0.24416667 0.4359375 0.23166667 0.42552084 0.23 0.40833333 0.22166666 0.40364584 0.22 0.38020834 0.20333333 0.34583333 0.19 0.31927082 0.17666666 0.30416667 0.17333333 0.30364582 0.17333333 0.29947916 0.205 0.29270834 0.25416666 0.284375 0.3025
9 0.2609375 0.26583335 0.23385416 0.2675 0.21770833 0.27 0.19010417 0.27583334 0.1703125 0.27833334 0.1671875 0.2075 0.16510417 0.14833333 0.16666667 0.0975 0.16614583 0.04916667 0.16510417 0.01 0.1765625 0.011666667 0.22916667 0.0125 0.27760416 0.0075 0.32552084 0.0058333334 0.35677084 0.0025 0.36510417 0.0 0.38958332 0.0 0.37395832 0.025833333 0.37083334 0.030833334 0.36770833 0.036666665 0.35885417 0.05666667 0.35 0.06666667 0.32760417 0.0975 0.29010418 0.14833333 0.25260416 0.20333333 0.23958333 0.22333333 0.2390625 0.22583333 0.2578125 0.25916666
9 0.6354167 0.6333333 0.65208334 0.62583333 0.68177086 0.6175 0.73020834 0.61 0.7765625 0.605 0.8229167 0.6 0.86145836 0.5908333 0.8671875 0.5908333 0.86302084 0.56 0.84947914 0.49083334 0.846875 0.475 0.84166664 0.4225 0.8307292 0.34583333 0.8276042 0.32916668 0.8078125 0.335 0.7895833 0.33833334 0.7546875 0.3525 0.7427083 0.355 0.7057292 0.36333334 0.6947917 0.3675 0.68958336 0.36833334 0.65989584 0.40166667 0.64479166 0.37 0.61510414 0.37416667 0.61145836 0.375 0.6125 0.41583332 0.6166667 0.465 0.6234375 0.5 0.625 0.51166666 0.6255208 0.5341667 0.62708336 0.55083334 0.62864584 0.5858333 0.6333333 0.61833334
9 0.7953125 0.33666667 0.7963542 0.3075 0.84947914 0.30666667 0.89635414 0.30083334 0.91510415 0.30083334 0.96875 0.28666666 1.0 0.2775 1.0 0.54083335 0.9421875 0.54583335 0.91302085 0.5466667 0.8859375 0.55083334 0.8671875 0.5516667 0.8619792 0.55333334 0.8588542 0.5341667 0.8489583 0.48916668 0.8463542 0.47166666 0.8432292 0.435 0.84166664 0.41833332 0.83125 0.34666666 0.82708335 0.32916668 0.81354165 0.33333334 0.80833334 0.335 0.7953125 0.33666667
9 0.56458336 0.17333333 0.6020833 0.13833334 0.65833336 0.09 0.67604166 0.075833336 0.709375 0.043333333 0.74427086 0.0016666667 0.7473958 0.0 0.7515625 0.0 0.7682292 0.035 0.77760416 0.0525 0.7895833 0.06583333 0.79895836 0.086666666 0.8098958 0.11 0.81041664 0.12 0.80052084 0.1325 0.7942708 0.15583333 0.78333336 0.18666667 0.76770836 0.23416667 0.75572914 0.26 0.74427086 0.29833335 0.7338542 0.31416667 0.6947917 0.36 0.6848958 0.37333333 0.6625 0.39833334 0.65989584 0.4 0.64270836 0.36666667 0.61041665 0.28916666 0.6 0.26333332 0.596875 0.25166667 0.57708335 0.205 0.56822914 0.18333334
9 0.57604164 0.20416667 0.575 0.21083333 0.56666666 0.24166666 0.5630208 0.25833333 0.559375 0.28 0.59375 0.3025 0.6223958 0.31833333 0.61041665 0.29083332 0.60364586 0.27333334 0.60052085 0.26583335 0.59947914 0.26333332 0.596875 0.2525 0.57604164 0.20333333
9 0.7005208 0.35416666 0.71458334 0.36083335 0.7182292 0.36 0.721875 0.33666667 0.72447914 0.32583332 0.70520836 0.34833333
9 0.59166664 0.14666666 0.59583336 0.1125 0.603125 0.071666665 0.60729164 0.03 0.6109375 0.0 0.7125 0.0 0.7328125 0.013333334 0.73333335 0.013333334 0.7213542 0.028333334 0.709375 0.0425 0.6734375 0.0775 0.634375 0.10916667 0.60052085 0.13916667
9 0.76770836 0.0325 0.77708334 0.035833333 0.775 0.046666667 0.76927084 0.036666665 0.7671875 0.033333335
9 0.35104167 0.99916667 0.3546875 0.9216667 0.35572916 0.92083335 0.35625 0.92 0.390625 0.92 0.42604166 0.9216667 0.44739583 0.92583334 0.4640625 0.9316667 0.47604167 0.9316667 0.48072916 0.9266667 0.48489583 0.9166667 0.48958334 0.9141667 0.5015625 0.91 0.51875 0.9066667 0.5385417 0.9 0.5463542 0.8975 0.5651042 0.8925 0.57916665 0.88916665 0.58385414 0.93416667 0.5875 0.98 0.5875 1.0
9 0.080729164 0.33 0.108333334 0.3225 0.15625 0.31166667 0.17447917 0.30916667 0.19427083 0.31 0.20416667 0.30416667 0.234375 0.28916666 0.24322917 0.28666666 0.25052083 0.31833333 0.2546875 0.35666665 0.26197916 0.42916667 0.26302084 0.4475 0.2671875 0.4925 0.271875 0.53 0.27552083 0.57 0.27760416 0.58416665 0.28229168 0.63 0.28645834 0.66083336 0.27708334 0.66333336 0.240625 0.6741667 0.22291666 0.6791667 0.1671875 0.695 0.11145833 0.70416665 0.110416666 0.66833335 0.10625 0.58416665 0.1015625 0.54333335 0.09947917 0.49916667 0.094791666 0.46416667 0.09375 0.42416668 0.0859375 0.37583333 0.08229167 0.34833333
