3 0.086979166 0.175 0.09322917 0.16416667 0.10208333 0.1575 0.106770836 0.15333334 0.1140625 0.1525 0.122395836 0.1525 0.125 0.155 0.13697916 0.17666666 0.15729167 0.22166666 0.16145833 0.23666666 0.16302083 0.24916667 0.16302083 0.26333332 0.171875 0.25833333 0.18958333 0.2525 0.19479166 0.25416666 0.1984375 0.25916666 0.20104167 0.26666668 0.2015625 0.27583334 0.19479166 0.29833335 0.17916666 0.34666666 0.1703125 0.37166667 0.1640625 0.39333335 0.15052083 0.42916667 0.1390625 0.44916666 0.10989583 0.505 0.11302083 0.49333334 0.11770833 0.45666668 0.116145834 0.445 0.1125 0.43833333 0.1046875 0.43333334 0.094791666 0.42833334 0.0421875 0.40833333 0.0 0.385 0.0 0.31666666 0.022916667 0.28 0.053645834 0.2375 0.06614583 0.22083333 0.078125 0.20916666 0.08229167 0.20333333
3 0.33333334 0.77 0.34375 0.775 0.37083334 0.7866667 0.41354167 0.8041667 0.42395833 0.81333333 0.4375 0.82666665 0.47447917 0.86333334 0.47447917 0.87833333 0.47552082 0.88 0.47395834 0.8833333 0.47083333 0.8833333 0.46770832 0.88 0.45572916 0.9191667 0.44270834 0.9316667 0.4421875 0.93833333 0.43854168 0.95 0.43854168 0.9658333 0.4359375 0.9825 0.42916667 1.0 0.309375 1.0 0.290625 0.98583335 0.28645834 0.9825 0.28333333 0.9766667 0.2828125 0.97333336 0.2828125 0.9633333 0.2859375 0.95666665 0.29583332 0.935 0.30416667 0.9241667 0.3140625 0.9175 0.32239583 0.9141667 0.31822917 0.89666665 0.31614584 0.8808333 0.31614584 0.86583334 0.31666666 0.8466667 0.31875 0.8283333 0.32447916 0.79833335 0.33125 0.77166665
3 0.22552083 0.62166667 0.24635416 0.63 0.259375 0.6325 0.2828125 0.63416666 0.28489584 0.635 0.28177083 0.6475 0.28229168 0.6533333 0.30208334 0.70166665 0.32395834 0.74833333 0.33229166 0.7608333 0.33229166 0.77 0.33125 0.77166665 0.3234375 0.8025 0.31875 0.8275 0.31614584 0.85083336 0.31614584 0.87083334 0.30729166 0.86833334 0.28958333 0.86333334 0.2828125 0.8591667 0.27760416 0.85583335 0.27291667 0.85333335 0.26770833 0.8525 0.25833333 0.85583335 0.2484375 0.8641667 0.23177083 0.8641667 0.21458334 0.8625 0.19479166 0.86833334 0.17395833 0.87083334 0.15 0.8691667 0.14375 0.8625 0.13958333 0.85083336 0.1390625 0.82666665 0.14166667 0.74666667 0.1484375 0.6333333 0.15052083 0.6275 0.15416667 0.62 0.15989584 0.615 0.16979167 0.6166667 0.19791667 0.62
3 0.29583332 0.56 0.31354168 0.55 0.33854166 0.5366667 0.35104167 0.5316667 0.36614582 0.52916664 0.37604168 0.5308333 0.39114583 0.5366667 0.40885416 0.54083335 0.41927084 0.545 0.42135417 0.5525 0.42083332 0.5758333 0.42083332 0.59 0.42135417 0.6408333 0.42395833 0.6766667 0.42395833 0.72583336 0.42760417 0.76666665 0.42760417 0.785 0.42760417 0.8 0.42552084 0.81416667 0.41302082 0.80333334 0.37135416 0.7875 0.33333334 0.77 0.3328125 0.77 0.33229166 0.7608333 0.32447916 0.74833333 0.30260417 0.7025 0.2828125 0.655 0.28177083 0.64666665 0.28541666 0.6325 0.28802082 0.62666667 0.29479167 0.6175 0.3046875 0.6091667 0.3 0.6066667 0.28072917 0.59583336 0.275 0.5808333 0.27291667 0.5708333 0.27604166 0.56416667 0.28229168 0.5625
3 0.303125 0.15083334 0.3234375 0.21833333 0.33645833 0.26666668 0.35625 0.34583333 0.36302084 0.37083334 0.35833332 0.37833333 0.340625 0.40083334 0.31354168 0.42833334 0.303125 0.43916667 0.29166666 0.45166665 0.27552083 0.47083333 0.2640625 0.44916666 0.2609375 0.4375 0.2609375 0.425 0.25833333 0.41083333 0.2375 0.36166668 0.22447917 0.3275 0.21770833 0.3325 0.2140625 0.33083335 0.20052083 0.31083333 0.2015625 0.30333334 0.20416667 0.2975 0.21979167 0.2775 0.23802084 0.25666666 0.24322917 0.25166667 0.25052083 0.25 0.25208333 0.24583334 0.25104168 0.2375 0.25052083 0.2275 0.2515625 0.21916667 0.2578125 0.205 0.284375 0.165 0.3 0.15083334 0.3015625 0.15
3 0.309375 0.145 0.3375 0.16916667 0.37760416 0.21166667 0.41666666 0.24833333 0.44010416 0.275 0.440625 0.27916667 0.43854168 0.28416666 0.43333334 0.285 0.41979167 0.30166668 0.4125 0.30666667 0.40729168 0.3075 0.40104166 0.30833334 0.39635417 0.3125 0.38541666 0.33083335 0.37552083 0.35083333 0.36354166 0.37083334 0.35520834 0.3425 0.33645833 0.2675 0.32291666 0.21666667 0.30364582 0.15083334 0.303125 0.145 0.3046875 0.14166667
3 0.51666665 0.635 0.54114586 0.62583333 0.5625 0.6191667 0.625 0.59583336 0.66302085 0.585 0.6713542 0.585 0.678125 0.58916664 0.6822917 0.59583336 0.6880208 0.68583333 0.69427085 0.7675 0.6958333 0.80333334 0.69427085 0.81166667 0.68958336 0.81916666 0.67083335 0.8225 0.62135416 0.8258333 0.571875 0.8375 0.534375 0.8441667 0.51927084 0.84833336 0.5140625 0.84583336 0.509375 0.8383333 0.5083333 0.8283333 0.50989586 0.8175 0.515625 0.805 0.51458335 0.7866667 0.5140625 0.7658333 0.51458335 0.7391667 0.5229167 0.7291667 0.5265625 0.7216667 0.52447915 0.71416664 0.5182292 0.7058333 0.50885415 0.6975 0.50208336 0.69083333 0.49635416 0.6775 0.49375 0.6675 0.49427083 0.65416664 0.5 0.6408333
3 0.61354166 0.46833333 0.646875 0.495 0.690625 0.53583336 0.7338542 0.5783333 0.7552083 0.6025 0.759375 0.61083335 0.7604167 0.62166667 0.75885415 0.6333333 0.725 0.7008333 0.6947917 0.76916665 0.69427085 0.7575 0.68854165 0.68916667 0.6822917 0.5966667 0.678125 0.5883333 0.6713542 0.58416665 0.6614583 0.5858333 0.6234375 0.59583336 0.56041664 0.62 0.5395833 0.625 0.54479164 0.6125 0.5546875 0.59583336 0.5630208 0.58916664 0.5671875 0.58416665 0.57135415 0.585 0.58125 0.5933333 0.58385414 0.5758333 0.5859375 0.55583334 0.5963542 0.49083334 0.59947914 0.46833333 0.6041667 0.46416667 0.6098958 0.465
3 0.7828125 0.0 0.77552086 0.018333333 0.74583334 0.0 0.7796875 0.0
3 0.484375 0.0725 0.49427083 0.021666666 0.4953125 0.0 0.6489583 0.0 0.62708336 0.095 0.6140625 0.1275 0.5989583 0.14833333 0.5833333 0.16666667 0.58020836 0.17 0.57395834 0.155 0.5734375 0.14083333 0.57604164 0.11833333 0.57239586 0.11666667 0.5640625 0.12083333 0.54010415 0.13083333 0.53020835 0.1325 0.50416666 0.12583333 0.49739584 0.11416667 0.48802084 0.10333333 0.48072916 0.090833336
3 0.0 0.385 0.027604166 0.40166667 0.042708334 0.40916666 0.084895834 0.42583334 0.094791666 0.42916667 0.104166664 0.43333334 0.111979164 0.4375 0.116145834 0.44583333 0.11770833 0.45666668 0.115625 0.47 0.1125 0.4925 0.10625 0.5183333 0.09947917 0.5425 0.09322917 0.55583334 0.0875 0.5675 0.0734375 0.5825 0.071354166 0.59166664 0.078125 0.6025 0.0796875 0.6091667 0.0796875 0.6175 0.07760417 0.6275 0.075 0.635 0.07083333 0.6383333 0.065625 0.63666666 0.0625 0.62916666 0.0578125 0.62333333 0.052604165 0.62416667 0.027604166 0.62833333 0.0 0.6358333
