14 0.38333333 0.7316667 0.42760417 0.7708333 0.434375 0.7733333 0.44375 0.7575 0.44479167 0.7425 0.44375 0.7291667 0.44583333 0.71166664 0.44322917 0.7125 0.42916667 0.69666666 0.43020833 0.6925 0.43697917 0.67833334 0.446875 0.67083335 0.46302083 0.6591667 0.4875 0.56416667 0.5140625 0.48166665 0.5234375 0.45583335 0.5296875 0.45333335 0.53541666 0.44333333 0.5421875 0.41916665 0.5130208 0.39416668 0.4953125 0.37833333 0.4765625 0.3625 0.465625 0.39166668 0.46510416 0.41083333 0.46145833 0.43666667 0.45416668 0.46916667 0.45260417 0.47416666 0.453125 0.4825 0.45208332 0.48666668 0.45052084 0.49 0.446875 0.49083334 0.40677083 0.6308333 0.39114583 0.6666667 0.3828125 0.68583333 0.378125 0.69416666 0.37760416 0.695 0.37760416 0.7241667 0.378125 0.725
14 0.3734375 0.72833335 0.33541667 0.7225 0.30885416 0.7225 0.30260417 0.7216667 0.30364582 0.6933333 0.30833334 0.67583334 0.30885416 0.6675 0.31354168 0.66 0.31354168 0.6425 0.315625 0.5825 0.33020833 0.56333333 0.375 0.5083333 0.375 0.52916664 0.36875 0.6483333 0.36666667 0.685 0.375 0.6925 0.37708333 0.6958333 0.37708333 0.725
14 0.24739583 0.68833333 0.2328125 0.6458333 0.215625 0.5975 0.21822916 0.58166665 0.22135417 0.5733333 0.22760417 0.57416666 0.2359375 0.57 0.24635416 0.56416667 0.25364584 0.5541667 0.3265625 0.46333334 0.3609375 0.4125 0.375 0.38333333 0.37291667 0.375 0.3796875 0.36583334 0.38541666 0.3775 0.40885416 0.43166667 0.41822916 0.4525 0.421875 0.46916667 0.41614583 0.47083333 0.409375 0.47166666 0.390625 0.49 0.375 0.5083333 0.36145833 0.52416664 0.33385417 0.55833334 0.31510416 0.5825 0.28385416 0.62333333 0.28020832 0.6325 0.27604166 0.6458333 0.26770833 0.66333336 0.259375 0.67583334 0.25052083 0.685
14 0.32291666 0.46583334 0.3265625 0.40916666 0.3265625 0.3775 0.32395834 0.36416668 0.321875 0.3525 0.321875 0.34833333 0.33072916 0.345 0.33489582 0.345 0.3359375 0.355 0.35364583 0.35666665 0.3859375 0.3575 0.39427084 0.35333332 0.39322916 0.36416668 0.3875 0.38083333 0.3875 0.38083333 0.38541666 0.37666667 0.38177082 0.36916667 0.3796875 0.36583334 0.3796875 0.36583334 0.37291667 0.375 0.375 0.38333333 0.36614582 0.40166667 0.3609375 0.41166666 0.33854166 0.445 0.32708332 0.4625 0.32291666 0.4675
14 0.38958332 0.15166667 0.38958332 0.14416666 0.38854167 0.13083333 0.3890625 0.12416667 0.415625 0.1125 0.43385416 0.11 0.43072918 0.1275 0.42760417 0.135 0.42916667 0.145 0.434375 0.16 0.4390625 0.1925 0.44166666 0.26583335 0.44427082 0.35416666 0.4546875 0.45416668 0.4546875 0.46333334 0.4546875 0.465 0.45416668 0.4675 0.453125 0.47166666 0.45260417 0.47333333 0.45260417 0.475 0.45260417 0.48166665 0.45260417 0.48333332 0.45208332 0.48583335 0.45104167 0.48833334 0.45052084 0.49 0.44635418 0.49083334 0.43072918 0.49166667 0.40989584 0.49583334 0.4 0.49583334 0.38958332 0.49166667 0.39010417 0.49083334 0.3953125 0.48583335 0.4078125 0.47416666 0.40885416 0.4725 0.4171875 0.47166666 0.42239583 0.46916667 0.42239583 0.46916667 0.41822916 0.45166665 0.39791667 0.40583333 0.3953125 0.39833334 0.39375 0.36583334 0.39479166 0.35416666 0.39322916 0.3525 0.3890625 0.29916668 0.38333333 0.20916666 0.38229167 0.18916667 0.38125 0.17583333 0.38333333 0.165 0.38697916 0.15666667
14 0.4484375 0.34166667 0.4609375 0.34666666 0.496875 0.3375 0.5161458 0.33166668 0.5182292 0.3325 0.51666665 0.34416667 0.5130208 0.34916666 0.5109375 0.36416668 0.5072917 0.3725 0.5104167 0.39166668 0.490625 0.37333333 0.478125 0.36416668 0.47604167 0.3625 0.465625 0.39166668 0.46510416 0.40416667 0.46510416 0.41166666 0.46145833 0.4375 0.45729166 0.45416668 0.4546875 0.40916666 0.45 0.355 0.44739583 0.3425
14 0.5125 0.48833334 0.5229167 0.58166665 0.52552086 0.62 0.5317708 0.63916665 0.5338542 0.6558333 0.5395833 0.6716667 0.54114586 0.6741667 0.5416667 0.6925 0.53802085 0.69666666 0.515625 0.7008333 0.51354164 0.69916666 0.5109375 0.69416666 0.50364584 0.6766667 0.49895832 0.665 0.49635416 0.6325 0.49635416 0.6325 0.49479166 0.63166666 0.4828125 0.6458333 0.46927083 0.65416664 0.46302083 0.6591667 0.46979168 0.6325 0.48802084 0.56333333 0.50677085 0.505 0.5125 0.48833334
14 0.54375 0.75916666 0.5671875 0.74833333 0.571875 0.74583334 0.5776042 0.7375 0.6515625 0.6625 0.6958333 0.6166667 0.71510416 0.59833336 0.71770835 0.5933333 0.7125 0.5941667 0.7078125 0.5933333 0.709375 0.58916664 0.715625 0.58666664 0.7265625 0.58916664 0.74427086 0.605 0.76354164 0.62583333 0.7765625 0.655 0.77552086 0.66583335 0.76875 0.67083335 0.75416666 0.6675 0.7114583 0.71166664 0.60520834 0.8233333 0.5921875 0.8333333 0.59479165 0.8466667 0.590625 0.8541667 0.584375 0.85833335 0.56614584 0.81333333 0.546875 0.76916665 0.5421875 0.76
14 0.6640625 0.7633333 0.6822917 0.78583336 0.6890625 0.80916667 0.6921875 0.81416667 0.69739586 0.80833334 0.7203125 0.7708333 0.7328125 0.74583334 0.7270833 0.7266667 0.7260417 0.72333336 0.7135417 0.71 0.6958333 0.72833335 0.6734375 0.75166667 0.6635417 0.7625
14 0.6109375 0.70166665 0.5796875 0.6625 0.54270834 0.61833334 0.53333336 0.6025 0.5307292 0.595 0.53697914 0.5933333 0.54322916 0.59833336 0.5453125 0.60833335 0.55 0.59583336 0.55364585 0.57666665 0.559375 0.5683333 0.56614584 0.56333333 0.5796875 0.56083333 0.5828125 0.56083333 0.62291664 0.6041667 0.64427084 0.62833333 0.653125 0.6375 0.66302085 0.64916664 0.6625 0.65 0.6177083 0.695 0.61145836 0.70166665
14 0.690625 0.585 0.6859375 0.60333335 0.6901042 0.61083335 0.6927083 0.6166667 0.69322914 0.61833334 0.69375 0.61833334 0.7015625 0.61083335 0.71302086 0.6 0.715625 0.59833336 0.71770835 0.5933333 0.71302086 0.595 0.7083333 0.5933333 0.7078125 0.5933333 0.7083333 0.5908333 0.703125 0.5925 0.69895834 0.5925 0.6921875 0.5858333
14 0.72239584 0.5875 0.728125 0.5808333 0.74322915 0.5675 0.74791664 0.55916667 0.7546875 0.5625 0.7552083 0.5675 0.7494792 0.58666664 0.7453125 0.58916664 0.7494792 0.595 0.75677085 0.61083335 0.75677085 0.6175 0.74791664 0.6091667 0.7369792 0.59833336 0.72760415 0.59 0.7265625 0.58916664
14 0.7604167 0.56083333 0.77916664 0.61 0.7890625 0.61583334 0.79375 0.625 0.803125 0.6383333 0.8078125 0.65 0.7895833 0.6666667 0.7765625 0.6791667 0.7729167 0.6691667 0.7760417 0.66583335 0.77708334 0.655 0.76979166 0.64 0.7640625 0.62583333 0.7572917 0.61833334 0.7572917 0.61833334 0.75677085 0.61083335 0.75 0.59583336 0.7453125 0.59 0.75 0.58666664 0.7552083 0.5683333 0.7552083 0.56166667 0.75885415 0.56083333
14 0.72083336 0.70416665 0.7270833 0.7275 0.7338542 0.74833333 0.746875 0.795 0.76666665 0.8666667 0.77552086 0.8825 0.7807292 0.8958333 0.7953125 0.9058333 0.79010415 0.88916665 0.7895833 0.8825 0.79114586 0.87833333 0.81145835 0.8775 0.8286458 0.87583333 0.8385417 0.8725 0.83385414 0.86 0.83229166 0.84833336 0.8276042 0.8408333 0.821875 0.8383333 0.7864583 0.7191667 0.7765625 0.68 0.7729167 0.6691667 0.7729167 0.66833335 0.76979166 0.6716667 0.75364584 0.6675 0.72864586 0.69416666 0.7203125 0.7025
14 0.52708334 0.465 0.53229165 0.555 0.53541666 0.5875 0.5421875 0.585 0.54479164 0.5758333 0.55677086 0.5708333 0.5572917 0.5708333 0.5598958 0.5675 0.565625 0.56333333 0.57916665 0.56 0.5833333 0.56 0.5942708 0.56166667 0.64479166 0.5575 0.68072915 0.5541667 0.7359375 0.5466667 0.74791664 0.55916667 0.7552083 0.56166667 0.7630208 0.55916667 0.771875 0.5575 0.7682292 0.50166667 0.76197916 0.44916666 0.7552083 0.44 0.7427083 0.43916667 0.7291667 0.45333335 0.715625 0.46083334 0.68333334 0.46166667 0.63697916 0.46666667 0.58958334 0.47333333 0.56145835 0.47583333 0.553125 0.4775 0.55052084 0.47833332 0.54895836 0.47833332 0.53541666 0.46916667 0.5328125 0.46333334
14 0.6177083 0.56083333 0.64427084 0.6141667 0.65260416 0.6325 0.65520835 0.63416666 0.65416664 0.62 0.65416664 0.60833335 0.6635417 0.5991667 0.6875 0.5908333 0.6890625 0.5908333 0.690625 0.585 0.6921875 0.585 0.69895834 0.5925 0.7015625 0.59166664 0.7 0.57666665 0.69114584 0.5625 0.68645835 0.55333334 0.6765625 0.555 0.64479166 0.5575 0.6177083 0.56
14 0.69166666 0.55333334 0.7015625 0.5808333 0.70625 0.5908333 0.7083333 0.5908333 0.709375 0.58916664 0.715625 0.58666664 0.72239584 0.5875 0.72864586 0.58 0.7427083 0.5683333 0.7427083 0.5675 0.7473958 0.55833334 0.7369792 0.54833335 0.7359375 0.5475 0.7104167 0.55083334
14 0.57708335 0.47333333 0.55677086 0.42666668 0.53541666 0.38416666 0.5307292 0.36666667 0.5208333 0.35916665 0.51354164 0.35583332 0.515625 0.3525 0.53697914 0.33083335 0.56354165 0.31083333 0.5786458 0.2975 0.58125 0.2975 0.58125 0.30416667 0.5807292 0.3225 0.58385414 0.33083335 0.61510414 0.4 0.63125 0.43333334 0.64479166 0.465 0.6276042 0.46666667 0.5921875 0.4725 0.58125 0.4725 0.578125 0.47333333
14 0.6578125 0.46333334 0.65 0.44416666 0.6458333 0.41916665 0.63645834 0.41666666 0.628125 0.4125 0.62083334 0.38833332 0.6510417 0.35416666 0.68385416 0.32416666 0.69114584 0.3475 0.69114584 0.365 0.6921875 0.37416667 0.7036458 0.4125 0.7161458 0.44833332 0.71979165 0.45666668 0.71979165 0.4575 0.71666664 0.46 0.68854165 0.46083334 0.6723958 0.4625
14 0.42916667 0.69666666 0.44322917 0.7125 0.4546875 0.705 0.48333332 0.7808333 0.5317708 0.8875 0.55885416 0.9458333 0.5609375 0.9483333 0.55833334 0.95 0.55833334 0.9583333 0.56458336 0.9633333 0.5708333 0.96416664 0.5796875 0.95666665 0.590625 0.9433333 0.615625 0.925 0.6244792 0.91083336 0.62291664 0.9075 0.61510414 0.89 0.59947914 0.89416665 0.5864583 0.8625 0.54895836 0.77416664 0.51354164 0.7 0.49895832 0.665 0.49739584 0.6458333 0.49635416 0.6325 0.4953125 0.63166666 0.48229167 0.64666665 0.4671875 0.6558333 0.4453125 0.6725 0.43697917 0.6791667 0.43020833 0.6933333
