3 0.609375 0.7475 0.6296875 0.77666664 0.65833336 0.78583336 0.6848958 0.7891667 0.6947917 0.7816667 0.69947916 0.775 0.6958333 0.6825 0.6921875 0.66083336 0.6921875 0.64666665 0.7026042 0.60833335 0.7026042 0.60333335 0.6734375 0.6075 0.66510415 0.5925 0.659375 0.56583333 0.6588542 0.48916668 0.63125 0.4925 0.6125 0.4975 0.58489585 0.5225 0.56458336 0.5625 0.5572917 0.60083336 0.5630208 0.66083336 0.58229166 0.7316667 0.58802086 0.7558333 0.58802086 0.7633333 0.58125 0.775 0.5942708 0.7775 0.6010417 0.77 0.60260415 0.75666666
3 0.5651042 0.675 0.56145835 0.6691667 0.5515625 0.60583335 0.540625 0.51916665 0.534375 0.42416668 0.53125 0.39666668 0.5317708 0.38416666 0.53333336 0.3925 0.540625 0.405 0.5640625 0.4125 0.59375 0.4225 0.653125 0.44333333 0.65729165 0.44416666 0.65729165 0.48833334 0.62604165 0.49166667 0.61145836 0.49666667 0.584375 0.52 0.56354165 0.56166667 0.55625 0.59833336 0.56145835 0.66083336
3 0.69114584 0.46166667 0.65520835 0.4425 0.59166664 0.42 0.54010415 0.40333334 0.5338542 0.3875 0.5364583 0.36583334 0.54270834 0.32083333 0.5578125 0.26833335 0.5734375 0.2425 0.5609375 0.225 0.55677086 0.21166667 0.56145835 0.20333333 0.571875 0.2025 0.62135416 0.22916667 0.63072914 0.23583333 0.6411458 0.23416667 0.6635417 0.2425 0.6921875 0.24666667 0.7135417 0.255 0.7270833 0.27333334 0.7296875 0.28916666 0.73020834 0.35083333 0.72239584 0.4225 0.71666664 0.45833334 0.7125 0.465 0.70625 0.465
3 0.70416665 0.6025 0.7213542 0.59583336 0.74322915 0.5391667 0.76666665 0.48 0.7875 0.42666668 0.7890625 0.41666666 0.78229165 0.39083335 0.77239585 0.375 0.7885417 0.35833332 0.79375 0.34083334 0.78697914 0.33333334 0.7734375 0.33166668 0.73645836 0.31583333 0.73072916 0.31583333 0.7317708 0.34333333 0.7291667 0.375 0.725 0.415 0.71770835 0.45583335 0.71510416 0.465 0.7135417 0.46833333 0.6958333 0.465 0.68072915 0.4575 0.65833336 0.445 0.659375 0.4825 0.659375 0.4975 0.6609375 0.56333333 0.6666667 0.5925 0.67395836 0.605 0.7 0.6
3 0.7604167 0.50166667 0.77552086 0.48916668 0.828125 0.44166666 0.85052085 0.42333335 0.86145836 0.42416668 0.87395835 0.45166665 0.9270833 0.61333334 0.94166666 0.6616667 0.94375 0.6816667 0.9369792 0.68833333 0.88697916 0.6975 0.8734375 0.6975 0.87395835 0.705 0.859375 0.75416666 0.8463542 0.765 0.8359375 0.7575 0.8140625 0.7075 0.80104166 0.68833333 0.7885417 0.66083336 0.7583333 0.57416666 0.7421875 0.54333335
3 0.17552084 0.325 0.1203125 0.32166666 0.09166667 0.32 0.07395833 0.32 0.0671875 0.33416668 0.060416665 0.37416667 0.059375 0.415 0.059895832 0.4625 0.055729166 0.5175 0.056770835 0.5308333 0.0578125 0.5491667 0.0640625 0.55916667 0.06614583 0.56416667 0.086979166 0.565 0.10729167 0.5625 0.12552084 0.5675 0.14427084 0.56583333 0.17447917 0.5575 0.2171875 0.56 0.23177083 0.55583334 0.2375 0.54833335 0.24479167 0.51666665 0.24427083 0.48083332 0.24270834 0.46083334 0.22604166 0.42083332 0.22291666 0.405 0.22916667 0.39583334 0.24895833 0.39166668 0.25260416 0.38583332 0.25260416 0.375 0.23802084 0.365 0.22135417 0.3475 0.20989583 0.3375
3 0.51197916 0.4075 0.47708333 0.4625 0.46927083 0.475 0.45520833 0.475 0.44010416 0.455 0.37916666 0.305 0.3578125 0.2525 0.3578125 0.23333333 0.3703125 0.21416667 0.45625 0.14 0.47447917 0.1275 0.48333332 0.12583333 0.49166667 0.13333334 0.52708334 0.22166666 0.54270834 0.3 0.54270834 0.31 0.54010415 0.3225 0.5328125 0.3825 0.52239585 0.3775 0.5171875 0.38083333 0.5161458 0.39833334
3 0.38645834 0.325 0.3828125 0.33 0.37395832 0.33 0.3640625 0.32333332 0.35729167 0.305 0.32447916 0.15416667 0.32447916 0.13416667 0.33697918 0.10916667 0.37395832 0.0925 0.4078125 0.08416667 0.41927084 0.068333335 0.45 0.0525 0.46197918 0.0625 0.4796875 0.12416667 0.47239584 0.125 0.4046875 0.18083334 0.36822918 0.21333334 0.35572916 0.23083334 0.35625 0.2525 0.38125 0.31416667
3 0.5796875 0.19166666 0.5515625 0.18666667 0.5307292 0.17833333 0.5208333 0.17416666 0.515625 0.15416667 0.52760416 0.13583334 0.5307292 0.1275 0.5307292 0.108333334 0.534375 0.09 0.5359375 0.075 0.5416667 0.054166667 0.55260414 0.026666667 0.5541667 0.0016666667 0.5578125 0.0 0.5786458 0.0016666667 0.5796875 0.010833333 0.57135415 0.02 0.57708335 0.03 0.603125 0.0016666667 0.61614585 0.0 0.6380208 0.0 0.63854164 0.060833335 0.6333333 0.16833334 0.63489586 0.20333333 0.63385415 0.225 0.6302083 0.22916667 0.6166667 0.22416666 0.6015625 0.2125 0.59479165 0.1975 0.5911458 0.195
3 0.465625 0.58916664 0.3875 0.7008333 0.35572916 0.755 0.37708333 0.7991667 0.40208334 0.85333335 0.415625 0.8833333 0.42447916 0.9058333 0.42708334 0.9175 0.43020833 0.9175 0.4421875 0.90416664 0.446875 0.87666667 0.4484375 0.85583335 0.46822917 0.8408333 0.49166667 0.81 0.49947917 0.7966667 0.52239585 0.81166667 0.53541666 0.80833334 0.5364583 0.7916667 0.5208333 0.7525 0.5104167 0.72583336 0.5052083 0.7183333 0.496875 0.71666664 0.496875 0.705 0.49947917 0.6958333 0.49895832 0.6791667 0.484375 0.6275 0.46822917 0.5941667
