12 0.27083334 0.47 0.27447918 0.4975 0.278125 0.5516667 0.28645834 0.6125 0.28802082 0.62666667 0.2875 0.6408333 0.26145834 0.62083334 0.23958333 0.6075 0.20364584 0.59583336 0.2 0.5975 0.1828125 0.72583336 0.17708333 0.6666667 0.17239584 0.62083334 0.15989584 0.56083333 0.15364583 0.5375 0.14166667 0.465 0.18072917 0.45166665 0.21927084 0.44083333 0.26354167 0.4225
12 0.28958333 0.6408333 0.30572918 0.6458333 0.32135418 0.6533333 0.34322917 0.6641667 0.3875 0.675 0.40260416 0.6725 0.421875 0.675 0.45052084 0.6875 0.44010416 0.75166667 0.43229166 0.80916667 0.428125 0.85583335 0.42083332 0.8541667 0.40989584 0.8516667 0.384375 0.8375 0.36302084 0.82916665 0.3125 0.8183333 0.26197916 0.80916667 0.20416667 0.7991667 0.17395833 0.7916667 0.17291667 0.7825 0.18333334 0.7216667 0.20052083 0.5975 0.203125 0.595 0.24010417 0.6075 0.26145834 0.62 0.28697917 0.64166665
12 0.19270833 0.8 0.19427083 0.8208333 0.19791667 0.8425 0.20729166 0.8425 0.29895833 0.81666666 0.23333333 0.805 0.1921875 0.7966667
12 0.28854167 0.615 0.31197917 0.49 0.31510416 0.49 0.35833332 0.5175 0.3765625 0.5316667 0.40729168 0.5491667 0.42395833 0.56416667 0.44791666 0.56916666 0.484375 0.5858333 0.5416667 0.6116667 0.5546875 0.62166667 0.54791665 0.6566667 0.5265625 0.7658333 0.52135414 0.79 0.49947917 0.7825 0.48177084 0.7783333 0.43958333 0.75333333 0.45052084 0.68833333 0.42135417 0.6741667 0.403125 0.6725 0.3875 0.675 0.34322917 0.6641667 0.30572918 0.6458333 0.28958333 0.6408333 0.28697917 0.64166665 0.28854167 0.625
12 0.57447916 0.225 0.58177084 0.215 0.59270835 0.2025 0.6125 0.1675 0.61822915 0.1575 0.64166665 0.115 0.66614586 0.07666667 0.67395836 0.060833335 0.69166666 0.090833336 0.734375 0.16083333 0.7572917 0.20416667 0.75 0.2175 0.72447914 0.2525 0.6958333 0.29166666 0.67552084 0.3175 0.6510417 0.355 0.64375 0.34416667 0.6244792 0.315 0.57395834 0.22833334
12 0.7338542 0.24333334 0.8177083 0.33916667 0.81822914 0.34333333 0.77708334 0.42416668 0.7609375 0.46583334 0.7375 0.46 0.70520836 0.45 0.6765625 0.40916666 0.65625 0.36583334 0.65052086 0.35666665 0.67552084 0.3175 0.73020834 0.24333334
12 0.4890625 0.33416668 0.5015625 0.30416667 0.5546875 0.22583333 0.5697917 0.22166666 0.5765625 0.23333333 0.6234375 0.31416667 0.6510417 0.35583332 0.65 0.3575 0.65729165 0.36916667 0.67604166 0.40833333 0.70416665 0.45 0.7239583 0.4775 0.74114585 0.49333334 0.7213542 0.5391667 0.6869792 0.60083336 0.6666667 0.6225 0.6609375 0.6166667 0.61302084 0.53 0.57447916 0.48833334 0.5640625 0.4675 0.51875 0.38833332 0.490625 0.33833334
12 0.7651042 0.46916667 0.78489584 0.4725 0.78125 0.49416667 0.76666665 0.60583335 0.753125 0.72333336 0.7526042 0.7625 0.7416667 0.8675 0.703125 0.8566667 0.621875 0.82916665 0.62864584 0.7758333 0.6453125 0.7025 0.6536458 0.63166666 0.6536458 0.6025 0.65989584 0.61583334 0.6666667 0.62166667 0.6869792 0.6016667 0.7203125 0.54 0.74114585 0.49416667 0.72291666 0.47666666 0.7046875 0.45 0.7359375 0.46083334
12 0.5833333 0.56 0.596875 0.5275 0.6020833 0.51666665 0.6125 0.5283333 0.653125 0.6025 0.6536458 0.6325 0.65208334 0.6408333 0.6067708 0.5925 0.5833333 0.56333333
12 0.22447917 0.23416667 0.284375 0.2875 0.29739583 0.3025 0.32604167 0.32583332 0.346875 0.3425 0.35677084 0.34916666 0.37291667 0.35833332 0.3875 0.37333333 0.43645832 0.405 0.44583333 0.41166666 0.4390625 0.44166666 0.42083332 0.5083333 0.41145834 0.5375 0.40572917 0.54583335 0.378125 0.525 0.33177084 0.49583334 0.29166666 0.475 0.2703125 0.46583334 0.26302084 0.42333335 0.21822916 0.44166666 0.19427083 0.42583334 0.1796875 0.405 0.17447917 0.395 0.1859375 0.36833334 0.19427083 0.32583332 0.2171875 0.26083332 0.221875 0.23583333
