11 0.0 0.43166667 0.09166667 0.47666666 0.121875 0.50083333 0.16302083 0.5208333 0.19895834 0.53833336 0.19739583 0.5525 0.1734375 0.6533333 0.1515625 0.72 0.1328125 0.77 0.12916666 0.77166665 0.0609375 0.70166665 0.027083334 0.6791667 0.009895833 0.6741667 0.0 0.68333334
8 0.25260416 0.39 0.28697917 0.44083333 0.29479167 0.46 0.30729166 0.46666667 0.3328125 0.49833333 0.34010416 0.515 0.33854166 0.53 0.33072916 0.5475 0.31510416 0.56333333 0.2953125 0.60083336 0.28072917 0.6325 0.24114583 0.71 0.234375 0.73 0.21822916 0.76416665 0.20989583 0.77166665 0.2 0.77166665 0.18802084 0.7608333 0.1578125 0.72333336 0.15208334 0.72 0.16458334 0.68 0.17916666 0.6325 0.19583334 0.56 0.2 0.5391667 0.1875 0.53333336 0.16354166 0.5208333 0.21458334 0.4225 0.228125 0.395 0.23489584 0.38416666 0.240625 0.3825
9 0.3609375 0.18416667 0.41875 0.17833333 0.484375 0.16666667 0.5229167 0.16583334 0.54114586 0.16333333 0.5421875 0.32166666 0.5421875 0.35416666 0.53125 0.4 0.51145834 0.5025 0.50625 0.52 0.49739584 0.5375 0.48125 0.5425 0.47135416 0.5491667 0.41458333 0.56666666 0.39895833 0.56666666 0.39895833 0.5366667 0.39010417 0.4475 0.38125 0.35833332 0.3859375 0.3425 0.39270833 0.3 0.38489583 0.26333332 0.37552083 0.23083334 0.36458334 0.22083333 0.36458334 0.21416667 0.3625 0.20333333
6 0.559375 0.21 0.5942708 0.19 0.6171875 0.18583333 0.6510417 0.15666667 0.6703125 0.14 0.6828125 0.13 0.69166666 0.16583334 0.71666664 0.24583334 0.7291667 0.285 0.72291666 0.29666665 0.7109375 0.30666667 0.69166666 0.31083333 0.64947915 0.33 0.6333333 0.33916667 0.61145836 0.365 0.59947914 0.37083334 0.58802086 0.37083334 0.5833333 0.3475 0.5734375 0.29 0.57447916 0.2525 0.5708333 0.23833333 0.5630208 0.21666667
14 0.7916667 0.2525 0.7994792 0.3075 0.80260414 0.33 0.7984375 0.35416666 0.79322916 0.37166667 0.790625 0.36666667 0.77708334 0.37166667 0.675 0.42083332 0.6125 0.45166665 0.61302084 0.46333334 0.6125 0.47833332 0.60625 0.47833332 0.58958334 0.42583334 0.5755208 0.37416667 0.5828125 0.36333334 0.5875 0.37166667 0.59947914 0.37166667 0.61875 0.36166668 0.7114583 0.31666666 0.7671875 0.27916667 0.77239585 0.275 0.77447915 0.265 0.7838542 0.2575
13 0.72291666 0.2625 0.7703125 0.2675 0.771875 0.27 0.771875 0.27583334 0.7083333 0.3175 0.7078125 0.31916666 0.7083333 0.31416667 0.7078125 0.31083333 0.70729166 0.30833334 0.7078125 0.30666667 0.7140625 0.305 0.72291666 0.29583332 0.73020834 0.28583333 0.7234375 0.26666668
13 0.7953125 0.26666668 0.8390625 0.2725 0.84947914 0.28 0.853125 0.2925 0.83697915 0.52 0.834375 0.54833335 0.81614584 0.5108333 0.81145835 0.525 0.8046875 0.5441667 0.78489584 0.5908333 0.7796875 0.60583335 0.7583333 0.605 0.7625 0.53 0.7640625 0.49916667 0.7578125 0.49916667 0.7171875 0.49166667 0.696875 0.48916668 0.7005208 0.435 0.70104164 0.4075 0.7765625 0.37333333 0.79010415 0.3675 0.79270834 0.3725 0.8020833 0.33666667 0.8020833 0.32583332 0.7953125 0.2725
7 0.8390625 0.55 0.8734375 0.61 0.88385415 0.6225 0.9015625 0.67333335 0.92291665 0.70666665 0.9390625 0.73083335 0.9453125 0.7416667 0.9359375 0.74583334 0.91614586 0.7583333 0.90416664 0.7675 0.8901042 0.7925 0.8671875 0.8383333 0.8598958 0.8625 0.84010416 0.8958333 0.825 0.92083335 0.81875 0.9658333 0.8140625 0.975 0.8072917 0.965 0.7609375 0.845 0.7546875 0.83416665 0.7078125 0.7991667 0.6802083 0.7633333 0.671875 0.75416666 0.6723958 0.745 0.68541664 0.7225 0.71770835 0.6958333 0.74635416 0.6725 0.75677085 0.6641667 0.76666665 0.635 0.78125 0.6016667 0.80885416 0.5341667 0.8130208 0.5233333 0.815625 0.51166666 0.8333333 0.54833335
2 0.58697915 0.4775 0.6489583 0.48166665 0.69947916 0.49 0.7317708 0.49583334 0.75208336 0.49833333 0.7630208 0.50083333 0.7583333 0.5975 0.75364584 0.6575 0.7505208 0.6675 0.728125 0.68666667 0.69635415 0.71416664 0.6859375 0.7216667 0.671875 0.74333334 0.6713542 0.755 0.69166666 0.7775 0.7078125 0.7991667 0.73020834 0.8175 0.7473958 0.83 0.746875 0.8516667 0.746875 0.8691667 0.5984375 0.85333335 0.603125 0.7275 0.57447916 0.7316667 0.5833333 0.5708333 0.5859375 0.4875
5 0.4234375 0.75333333 0.46927083 0.74333334 0.546875 0.73583335 0.57604164 0.7316667 0.603125 0.7275 0.59791666 0.8516667 0.6098958 0.9658333 0.6140625 1.0 0.44114584 1.0 0.43802083 0.8775 0.42916667 0.80083334 0.42239583 0.7625
4 0.20833333 0.08916666 0.28645834 0.19333333 0.29479167 0.20416667 0.30520833 0.20166667 0.32447916 0.1975 0.33645833 0.19833334 0.35416666 0.2125 0.37291667 0.2275 0.3859375 0.265 0.39114583 0.29666665 0.38645834 0.3425 0.3765625 0.36833334 0.3703125 0.38 0.35729167 0.395 0.33854166 0.405 0.31875 0.40583333 0.2921875 0.395 0.27083334 0.36333334 0.26302084 0.33916667 0.26041666 0.30333334 0.26041666 0.27083334 0.24114583 0.23916666 0.17916666 0.15583333 0.17083333 0.1375 0.178125 0.12166667 0.1921875 0.09833334 0.2 0.08916666
