19 0.14635417 0.22916667 0.13958333 0.24 0.13697916 0.24916667 0.12864584 0.31416667 0.123958334 0.335 0.10885417 0.3975 0.10885417 0.41416666 0.11354167 0.43416667 0.1203125 0.44416666 0.13854167 0.45583335 0.14114584 0.45666668 0.14114584 0.4525 0.14270833 0.4525 0.14322917 0.46083334 0.18645833 0.4775 0.2609375 0.5133333 0.26770833 0.5133333 0.271875 0.5108333 0.27239582 0.4125 0.27708334 0.39916667 0.28489584 0.3925 0.29427084 0.39166668 0.30833334 0.315 0.30729166 0.30166668 0.30520833 0.295 0.29895833 0.28916666 0.19479166 0.24666667 0.18333334 0.24 0.17916666 0.24583334 0.17708333 0.24333334 0.1765625 0.23833333 0.15364583 0.2275
19 0.3203125 0.33416668 0.3046875 0.33583334 0.29427084 0.39166668 0.31510416 0.39333335 0.31927082 0.40333334 0.32135418 0.39916667 0.32135418 0.39416668 0.32604167 0.39333335 0.32239583 0.34583333
19 0.4390625 0.40166667 0.36770833 0.3975 0.32135418 0.39333335 0.32135418 0.4 0.31927082 0.4025 0.31510416 0.39333335 0.2859375 0.39166668 0.28020832 0.39666668 0.2765625 0.4 0.27239582 0.41166666 0.27135417 0.5375 0.27083334 0.6025 0.27447918 0.61833334 0.27760416 0.62416667 0.28125 0.6275 0.3109375 0.62916666 0.31614584 0.62416667 0.3203125 0.62833333 0.42708334 0.6333333 0.45052084 0.6325 0.4578125 0.6275 0.46197918 0.62166667 0.4640625 0.61083335 0.46458334 0.50666666 0.46666667 0.46166667 0.46875 0.42166665 0.46614584 0.41416666 0.46145833 0.40583333 0.4546875 0.40166667
19 0.45572916 0.19 0.44739583 0.18583333 0.3734375 0.19916667 0.32447916 0.20666666 0.31770834 0.21 0.3140625 0.21833333 0.3125 0.225 0.31510416 0.2775 0.3203125 0.27916667 0.3203125 0.285 0.315625 0.28666666 0.32135418 0.33833334 0.32291666 0.35833332 0.32604167 0.39333335 0.3828125 0.39833334 0.4546875 0.4025 0.4609375 0.40583333 0.465625 0.41333333 0.46822917 0.41916665 0.465625 0.48916668 0.47239584 0.4875 0.47760418 0.48 0.4796875 0.46666667 0.47864583 0.45666668 0.47760418 0.43 0.47135416 0.35916665 0.465625 0.25916666 0.45989582 0.25583333 0.46197918 0.25166667 0.46458334 0.25083333 0.46145833 0.2025 0.45885417 0.19583334
19 0.44270834 0.053333335 0.41822916 0.07333333 0.41927084 0.08 0.41875 0.083333336 0.415625 0.083333336 0.41302082 0.07666667 0.3515625 0.125 0.29739583 0.16416667 0.29114583 0.17416666 0.290625 0.1825 0.29166666 0.1925 0.31354168 0.26416665 0.31197917 0.22583333 0.31458333 0.215 0.31822917 0.21 0.32395834 0.20666666 0.43020833 0.18916667 0.44635418 0.185 0.45572916 0.19 0.45885417 0.19583334 0.4609375 0.2025 0.46458334 0.25083333 0.46145833 0.25083333 0.45989582 0.25583333 0.46510416 0.25916666 0.46770832 0.295 0.5083333 0.26833335 0.5109375 0.25333333 0.5109375 0.24916667 0.4875 0.1625 0.459375 0.061666667 0.45260417 0.053333335
19 0.48854166 0.5083333 0.46927083 0.52416664 0.46458334 0.5275 0.46510416 0.48833334 0.471875 0.48833334 0.47760418 0.48
19 0.5286458 0.2225 0.5083333 0.2375 0.51145834 0.2525 0.50885415 0.26916668 0.46770832 0.295 0.47135416 0.36083335 0.4765625 0.42166665 0.478125 0.43333334 0.52135414 0.395 0.57708335 0.345 0.56666666 0.30833334 0.5463542 0.235 0.54322916 0.2275 0.5364583 0.22083333
19 0.590625 0.33416668 0.5755208 0.34583333 0.51197916 0.40416667 0.47760418 0.43416667 0.47864583 0.4575 0.4796875 0.46416667 0.47760418 0.48 0.5046875 0.55083334 0.53489584 0.62583333 0.53802085 0.63 0.5453125 0.6358333 0.5630208 0.62166667 0.59479165 0.5933333 0.65 0.5416667 0.66510415 0.52916664 0.66510415 0.5208333 0.67083335 0.525 0.7 0.49916667 0.7026042 0.485 0.70104164 0.47666666 0.6390625 0.31333333 0.63645834 0.30916667 0.628125 0.30916667 0.609375 0.32083333 0.5953125 0.33 0.59583336 0.3375 0.5932292 0.3375
19 0.68177086 0.25166667 0.675 0.25833333 0.64427084 0.32583332 0.6484375 0.33833334 0.69166666 0.4525 0.7015625 0.4775 0.7026042 0.485 0.7 0.49916667 0.671875 0.525 0.73020834 0.5966667 0.73854166 0.60583335 0.74427086 0.6066667 0.74791664 0.60583335 0.8015625 0.505 0.8296875 0.44416666 0.83177084 0.43666667 0.83177084 0.4275 0.82708335 0.41333333 0.79791665 0.3775 0.75677085 0.33666667 0.74322915 0.31916666 0.7213542 0.28833333 0.71979165 0.29 0.7171875 0.29083332 0.7161458 0.28666666 0.71770835 0.2825 0.6953125 0.25416666 0.68958336 0.25083333
19 0.24427083 0.5058333 0.21770833 0.5491667 0.215625 0.56416667 0.2203125 0.5775 0.23854166 0.60833335 0.2421875 0.6075 0.24479167 0.605 0.24583334 0.60833335 0.24322917 0.6141667 0.32447916 0.7441667 0.3359375 0.76416665 0.34166667 0.76416665 0.34947917 0.7633333 0.3890625 0.6983333 0.434375 0.6333333 0.3203125 0.62916666 0.31614584 0.62416667 0.3109375 0.62916666 0.28125 0.6275 0.27760416 0.62416667 0.27395833 0.61833334 0.27083334 0.6025 0.27135417 0.51166666 0.265625 0.515 0.25833333 0.5125
