4 0.49739584 0.52166665 0.51197916 0.53333336 0.52135414 0.55083334 0.49427083 0.5733333 0.46041667 0.6 0.42291668 0.6383333 0.4203125 0.64916664 0.4203125 0.6641667 0.42552084 0.68416667 0.44010416 0.72 0.4015625 0.77666664 0.36822918 0.825 0.36145833 0.83 0.3546875 0.83 0.3328125 0.7916667 0.33020833 0.78333336 0.33125 0.7733333 0.33489582 0.7658333 0.36979166 0.7183333 0.403125 0.6691667 0.4109375 0.6483333 0.41197917 0.5991667 0.425 0.5566667 0.44010416 0.5325 0.45729166 0.52 0.47291666 0.51666665 0.484375 0.51666665 0.49375 0.51916665
16 0.42395833 0.8625 0.39479166 0.7875 0.44010416 0.7216667 0.45885417 0.75166667 0.47552082 0.775 0.48385417 0.7916667 0.49427083 0.805 0.4328125 0.85833335
10 0.53020835 0.5441667 0.5375 0.54083335 0.55 0.54083335 0.55625 0.5491667 0.5630208 0.56916666 0.57604164 0.5975 0.5859375 0.62916666 0.59270835 0.6575 0.6 0.69083333 0.60572916 0.69916666 0.61041665 0.7058333 0.62135416 0.7325 0.64479166 0.7825 0.6510417 0.80083334 0.6510417 0.8125 0.6458333 0.8225 0.63697916 0.825 0.6276042 0.8275 0.61510414 0.8208333 0.609375 0.81583333 0.6041667 0.81 0.59739584 0.8325 0.5885417 0.8591667 0.57916665 0.87416667 0.57395834 0.8875 0.5640625 0.9116667 0.55260414 0.9216667 0.54322916 0.9216667 0.5375 0.91583335 0.5265625 0.89416665 0.52135414 0.87833333 0.515625 0.8641667 0.5005208 0.8375 0.49895832 0.83 0.49895832 0.81333333 0.49739584 0.80833334 0.49427083 0.805 0.484375 0.7916667 0.4765625 0.7758333 0.45677084 0.74833333 0.440625 0.7216667 0.425 0.6816667 0.41979167 0.6641667 0.41979167 0.6508333 0.4234375 0.6383333 0.46197918 0.5991667 0.521875 0.55083334
1 0.46197918 0.32333332 0.46927083 0.34166667 0.48020834 0.3525 0.50572914 0.3725 0.59010416 0.43 0.60364586 0.43833333 0.6234375 0.44083333 0.6401042 0.44666666 0.6333333 0.46666667 0.6088542 0.5325 0.596875 0.57 0.6015625 0.5725 0.615625 0.56333333 0.61145836 0.57416666 0.60520834 0.57916665 0.59739584 0.57916665 0.5807292 0.56916666 0.5572917 0.55083334 0.55052084 0.54083335 0.540625 0.54083335 0.5140625 0.52 0.5005208 0.51 0.49010417 0.50416666 0.45833334 0.49166667 0.43697917 0.49666667 0.42239583 0.49166667 0.41614583 0.48666668 0.43072918 0.44083333 0.446875 0.39333335 0.44895834 0.38333333 0.45729166 0.35166666 0.4578125 0.33833334 0.45416668 0.32333332 0.45677084 0.32
11 0.7578125 0.3825 0.8796875 0.54 0.88489586 0.5475 0.85572916 0.595 0.7640625 0.7525 0.75 0.78333336 0.7494792 0.8 0.740625 0.7866667 0.721875 0.7441667 0.71666664 0.73083335 0.70885414 0.7008333 0.6984375 0.68 0.69322914 0.6716667 0.678125 0.67 0.6510417 0.67083335 0.63385415 0.66333336 0.6354167 0.6458333 0.64635414 0.61583334 0.6947917 0.51166666 0.7083333 0.47833332 0.75364584 0.38416666
2 0.7552083 0.7875 0.84739584 0.89916664 0.834375 0.92 0.815625 0.96166664 0.79791665 1.0 0.63645834 1.0 0.584375 0.9375 0.5640625 0.91333336 0.56458336 0.9091667 0.5807292 0.87166667 0.5885417 0.8591667 0.6041667 0.81083333 0.61510414 0.8208333 0.6276042 0.8275 0.6458333 0.8233333 0.6515625 0.81333333 0.6515625 0.8016667 0.6432292 0.77916664 0.6166667 0.7216667 0.63697916 0.68 0.64479166 0.66833335 0.65 0.67083335 0.65989584 0.67333335 0.72291666 0.7475 0.73020834 0.7633333 0.73854166 0.7816667 0.7494792 0.80083334 0.7505208 0.78333336
1 0.821875 0.7125 0.87708336 0.67083335 0.9270833 0.62833333 0.9692708 0.58666664 0.98072916 0.57166666 0.9953125 0.56666666 1.0 0.5925 1.0 0.7275 0.9921875 0.7441667 0.89479166 0.8225 0.85052085 0.86333334 0.8359375 0.8858333 0.8041667 0.84583336 0.7916667 0.8066667 0.7729167 0.74083334 0.778125 0.73083335 0.78697914 0.7275 0.7973958 0.72833335
15 0.7046875 0.30666667 0.69635415 0.305 0.6979167 0.29666665 0.70104164 0.29416665 0.70625 0.29916668 0.70729166 0.29333332 0.7109375 0.29416665 0.71197915 0.2975 0.71510416 0.2925 0.7213542 0.29 0.73020834 0.29 0.7369792 0.2925 0.77708334 0.315 0.846875 0.36083335 0.91979164 0.41333333 0.9234375 0.42 0.9265625 0.43 0.92760414 0.43666667 0.93177086 0.44083333 0.93125 0.44583333 0.93958336 0.45083332 0.93645835 0.46 0.9291667 0.45333335 0.925 0.45666668 0.921875 0.45333335 0.91979164 0.45583335 0.91041666 0.45833334 0.89739585 0.455 0.8411458 0.41333333 0.7640625 0.365 0.721875 0.3375 0.71458334 0.33083335 0.7109375 0.3225 0.70885414 0.31333333 0.7057292 0.3125
20 0.28854167 0.1675 0.31822917 0.14666666 0.35833332 0.12416667 0.45104167 0.08583333 0.53125 0.035833333 0.59375 0.0 0.6015625 0.0 0.6109375 0.0 0.6171875 0.011666667 0.6296875 0.050833333 0.65989584 0.16 0.66875 0.19666667 0.6671875 0.21 0.6609375 0.21833333 0.62291664 0.24166666 0.57447916 0.26833335 0.5203125 0.29833335 0.48333332 0.31583333 0.4734375 0.31666666 0.45729166 0.3125 0.44791666 0.31 0.440625 0.31083333 0.4296875 0.32083333 0.42447916 0.33 0.40625 0.3475 0.33802083 0.40583333 0.32916668 0.405 0.31927082 0.39333335 0.3140625 0.37416667 0.29427084 0.31083333 0.28541666 0.28666666 0.26197916 0.23583333 0.25677082 0.21583334 0.2609375 0.19166666 0.26666668 0.18333334
16 0.3578125 0.46416667 0.42604166 0.39 0.4421875 0.375 0.44739583 0.39166668 0.43125 0.44083333 0.41666666 0.4875 0.42239583 0.49166667 0.43802083 0.49666667 0.45625 0.49166667 0.47291666 0.49833333 0.48958334 0.50416666 0.49375 0.51916665 0.48177084 0.5158333 0.4703125 0.51666665 0.45520833 0.52166665 0.44114584 0.5325 0.425 0.55583334 0.4171875 0.5808333 0.41197917 0.6 0.41145834 0.63 0.41145834 0.6458333 0.40677083 0.66 0.403125 0.6691667 0.3671875 0.72083336 0.3578125 0.6925 0.3453125 0.6558333 0.33697918 0.62916666 0.33072916 0.605 0.31666666 0.58166665 0.3125 0.5675 0.31510416 0.54833335 0.3171875 0.5025 0.3234375 0.49333334 0.34322917 0.48583335
