15 0.471875 0.47083333 0.47135416 0.4925 0.484375 0.4975 0.5005208 0.50333333 0.503125 0.47666666 0.48333332 0.47333333
15 0.49322918 0.37916666 0.4875 0.38083333 0.48697916 0.39166668 0.484375 0.39416668 0.48385417 0.40166667 0.47552082 0.4125 0.475 0.41916665 0.4828125 0.42083332 0.49322918 0.4225 0.50364584 0.42333335 0.5026042 0.41666666 0.49583334 0.40083334 0.4953125 0.395 0.49375 0.39333335 0.49375 0.3825
15 0.4640625 0.62333333 0.45729166 0.7325 0.45885417 0.75 0.46145833 0.75666666 0.465625 0.7625 0.46510416 0.76916665 0.46666667 0.77 0.46458334 0.7825 0.46927083 0.7866667 0.47239584 0.7825 0.47239584 0.7725 0.47604167 0.7725 0.47760418 0.7683333 0.475 0.7633333 0.48125 0.7625 0.48489583 0.7575 0.48958334 0.73333335 0.496875 0.6275 0.48333332 0.62666667 0.471875 0.625
15 0.53125 0.63 0.50104165 0.695 0.49947917 0.7075 0.49947917 0.7158333 0.5005208 0.7191667 0.49895832 0.72083336 0.4984375 0.72833335 0.49583334 0.7391667 0.49739584 0.7425 0.503125 0.74583334 0.5052083 0.7441667 0.50572914 0.7341667 0.5083333 0.735 0.509375 0.7316667 0.51354164 0.735 0.5208333 0.7316667 0.5296875 0.7191667 0.57239586 0.62916666 0.5578125 0.6308333 0.54322916 0.6308333
15 0.37083334 0.56333333 0.36197916 0.56916666 0.36041668 0.5733333 0.3578125 0.57416666 0.35625 0.5808333 0.35052082 0.5733333 0.34791666 0.5758333 0.34791666 0.58416665 0.34739584 0.5908333 0.34895834 0.59166664 0.35572916 0.5925 0.35729167 0.595 0.359375 0.59583336 0.36041668 0.6041667 0.36458334 0.61333334 0.3734375 0.615 0.4640625 0.62333333 0.4765625 0.625 0.4875 0.6275 0.49739584 0.6275 0.5317708 0.63 0.5473958 0.6308333 0.56145835 0.6308333 0.5729167 0.62833333 0.5776042 0.625 0.58020836 0.6166667 0.58125 0.615 0.584375 0.61083335 0.5921875 0.6141667 0.5953125 0.5991667 0.59375 0.59166664 0.5864583 0.595 0.5828125 0.5925 0.5776042 0.59166664 0.5755208 0.58416665 0.5697917 0.5775 0.55104166 0.575 0.49947917 0.5725 0.48333332 0.57 0.4671875 0.57 0.38333333 0.56416667
15 0.6380208 0.56416667 0.6302083 0.5625 0.62864584 0.5575 0.625 0.555 0.6234375 0.54583335 0.6177083 0.5391667 0.603125 0.53333336 0.5 0.50333333 0.46822917 0.49166667 0.4109375 0.4725 0.4046875 0.47666666 0.4 0.48083332 0.39895833 0.48416665 0.39583334 0.485 0.3875 0.47833332 0.38645834 0.4925 0.39166668 0.4975 0.39427084 0.4975 0.39791667 0.5025 0.40520832 0.5183333 0.41145834 0.5258333 0.471875 0.5475 0.49947917 0.5575 0.5828125 0.58166665 0.6078125 0.5883333 0.61302084 0.58666664 0.61875 0.585 0.62395835 0.57666665 0.62708336 0.5783333 0.6302083 0.5733333 0.6390625 0.575
15 0.5151042 0.42583334 0.5541667 0.43333334 0.5619792 0.435 0.565625 0.44083333 0.56875 0.44916666 0.57239586 0.45 0.5729167 0.45666668 0.5833333 0.455 0.58229166 0.46666667 0.58125 0.47416666 0.5729167 0.46666667 0.571875 0.47166666 0.56822914 0.47333333 0.565625 0.47833332 0.559375 0.48333332 0.5026042 0.47583333 0.4828125 0.47333333 0.4671875 0.46916667 0.3734375 0.455 0.34895834 0.44833332 0.34427083 0.44166666 0.34270832 0.43583333 0.3390625 0.43333334 0.33489582 0.44083333 0.33229166 0.43916667 0.3296875 0.42416668 0.33229166 0.41583332 0.3375 0.41916665 0.34010416 0.41333333 0.3421875 0.41166666 0.34739584 0.40583333 0.35104167 0.4025 0.36875 0.40333334 0.4140625 0.40916666 0.47447917 0.41916665 0.48802084 0.42166665 0.503125 0.42333335
15 0.6359375 0.53 0.63177085 0.54083335 0.6296875 0.54333335 0.628125 0.54583335 0.6244792 0.54583335 0.6244792 0.555 0.62864584 0.5575 0.63072914 0.56166667 0.63645834 0.56333333 0.6359375 0.55833334 0.6375 0.555 0.63854164 0.55 0.6390625 0.5466667 0.64270836 0.5391667
15 0.6401042 0.4975 0.62291664 0.5308333 0.6197917 0.5375 0.62291664 0.545 0.625 0.54583335 0.628125 0.545 0.6296875 0.5425 0.63177085 0.54 0.63645834 0.53 0.64270836 0.5391667 0.63958335 0.54583335 0.6380208 0.555 0.6359375 0.55916667 0.63645834 0.56333333 0.6380208 0.56416667 0.6390625 0.5675 0.6453125 0.56416667 0.64739585 0.56916666 0.65 0.5733333 0.653125 0.57666665 0.6567708 0.57416666 0.65416664 0.5625 0.6536458 0.5566667 0.65260416 0.5541667 0.6557292 0.54583335 0.653125 0.5325 0.64479166 0.51166666
15 0.6645833 0.42666668 0.65989584 0.41666666 0.6567708 0.415 0.6536458 0.41833332 0.6510417 0.42666668 0.64739585 0.425 0.6458333 0.42666668 0.64479166 0.42916667 0.63645834 0.4275 0.6276042 0.44083333 0.6 0.48833334 0.5828125 0.5233333 0.5828125 0.52666664 0.60364586 0.5325 0.6171875 0.5391667 0.61822915 0.5391667 0.62604165 0.525 0.6390625 0.49833333 0.6546875 0.4675 0.6578125 0.45833334 0.65625 0.44833332 0.6546875 0.44333333 0.6567708 0.43833333 0.6567708 0.43416667 0.6588542 0.43166667 0.6640625 0.43083334
15 0.6276042 0.605 0.6375 0.5825 0.63854164 0.57416666 0.6302083 0.57416666 0.6265625 0.5783333 0.62395835 0.57666665 0.61927086 0.585 0.60729164 0.5883333 0.5953125 0.585 0.59375 0.59166664 0.5953125 0.59833336 0.5921875 0.6141667 0.584375 0.61 0.58020836 0.61583334 0.5776042 0.62416667 0.57239586 0.63 0.54322916 0.695 0.5052083 0.77416664 0.48958334 0.81 0.48854166 0.82166666 0.49010417 0.83 0.49114582 0.83416665 0.490625 0.8375 0.48645833 0.8525 0.49322918 0.85833335 0.496875 0.8516667 0.5 0.8491667 0.49895832 0.83916664 0.5104167 0.84 0.51927084 0.83 0.55677086 0.75333333 0.61302084 0.6358333
15 0.67291665 0.745 0.6479167 0.6575 0.63072914 0.5991667 0.61822915 0.62583333 0.6109375 0.64166665 0.65208334 0.7991667 0.6723958 0.8675 0.67760414 0.87583333 0.68333334 0.88 0.68541664 0.885 0.68854165 0.8858333 0.6890625 0.8908333 0.68958336 0.895 0.6927083 0.8975 0.696875 0.8975 0.69895834 0.8883333 0.6979167 0.88 0.69739586 0.87583333 0.6958333 0.87166667 0.69739586 0.865 0.69895834 0.8591667 0.6979167 0.8441667
15 0.53697914 0.35666665 0.525 0.39 0.5171875 0.41916665 0.515625 0.42583334 0.5484375 0.43166667 0.55625 0.40083334
15 0.525 0.25916666 0.5161458 0.265 0.51927084 0.27833334 0.5182292 0.28333333 0.51875 0.28666666 0.5171875 0.29333332 0.5171875 0.30416667 0.51979166 0.3175 0.5364583 0.35583332 0.5755208 0.44 0.58125 0.45416668 0.5833333 0.455 0.5859375 0.46583334 0.59739584 0.49083334 0.61927086 0.455 0.6171875 0.445 0.5984375 0.39833334 0.55625 0.3025 0.546875 0.28333333 0.5416667 0.27833334 0.5328125 0.27416667 0.5296875 0.26916668 0.52708334 0.27
15 0.609375 0.31416667 0.60572916 0.31333333 0.60260415 0.31666666 0.6 0.31833333 0.6 0.32083333 0.60364586 0.32833335 0.6020833 0.33416668 0.6020833 0.33833334 0.59947914 0.35083333 0.6020833 0.36666667 0.62604165 0.44166666 0.62604165 0.44333333 0.63645834 0.4275 0.64479166 0.42833334 0.646875 0.42416668 0.65052086 0.42666668 0.6536458 0.4175 0.6380208 0.3625 0.6276042 0.335 0.6223958 0.32833335 0.615625 0.3275 0.61145836 0.32416666 0.609375 0.32416666
15 0.690625 0.53833336 0.659375 0.43166667 0.6567708 0.43333334 0.6567708 0.4375 0.65520835 0.44333333 0.6578125 0.45916668 0.65520835 0.4675 0.6411458 0.49583334 0.6557292 0.5391667 0.6875 0.6475 0.69114584 0.6525 0.70104164 0.65833336 0.703125 0.66083336 0.70416665 0.66333336 0.70677084 0.67583334 0.7140625 0.6725 0.71770835 0.6666667 0.71302086 0.655 0.7125 0.64916664 0.71666664 0.6375 0.71666664 0.62666667
15 0.64375 0.13333334 0.63854164 0.13333334 0.63385415 0.13333334 0.6328125 0.14 0.63125 0.14583333 0.6197917 0.14833333 0.6125 0.16416667 0.5885417 0.22416666 0.55677086 0.30333334 0.5697917 0.33416668 0.57708335 0.34916666 0.584375 0.33166668 0.6244792 0.22583333 0.64479166 0.17333333 0.64479166 0.16 0.64166665 0.1525 0.64166665 0.14666666 0.6458333 0.13333334
15 0.46875 0.5466667 0.4671875 0.57 0.48385417 0.57 0.49947917 0.5725 0.49947917 0.5575 0.47916666 0.55083334
