18 0.10625 0.38083333 0.09947917 0.39666668 0.10104167 0.41583332 0.11666667 0.54083335 0.1359375 0.7 0.14270833 0.71416664 0.14895834 0.725 0.17135416 0.7241667 0.18020834 0.7191667 0.20677084 0.7125 0.22395833 0.67 0.2484375 0.6016667 0.26458332 0.565 0.25364584 0.5075 0.24739583 0.47666666 0.24583334 0.43666667 0.23802084 0.37 0.23229167 0.35666665 0.22395833 0.34916666 0.1734375 0.36583334 0.1296875 0.37583333
18 0.21927084 0.15166667 0.2078125 0.15083334 0.203125 0.15083334 0.18020834 0.18833333 0.122395836 0.27916667 0.116145834 0.28916666 0.116145834 0.29916668 0.11666667 0.31083333 0.12135417 0.32 0.15729167 0.37 0.19427083 0.35916665 0.22447917 0.34916666 0.23333333 0.35833332 0.2375 0.36833334 0.2453125 0.43083334 0.246875 0.47666666 0.25729167 0.52916664 0.2640625 0.535 0.27552083 0.5341667 0.28333333 0.5233333 0.31354168 0.47416666 0.35729167 0.39833334 0.35885417 0.39166668 0.35729167 0.36916667 0.33958334 0.3425 0.27552083 0.24666667 0.22916667 0.1675
18 0.32552084 0.08083333 0.31041667 0.09 0.30572918 0.09833334 0.30104166 0.12166667 0.29427084 0.14333333 0.2796875 0.21 0.271875 0.24 0.28958333 0.2675 0.33697918 0.33833334 0.3578125 0.36916667 0.359375 0.39166668 0.35729167 0.3975 0.32395834 0.4575 0.3421875 0.47416666 0.35364583 0.4725 0.36145833 0.46666667 0.365625 0.45833334 0.37708333 0.40666667 0.38072917 0.36916667 0.38645834 0.35333332 0.39583334 0.335 0.4140625 0.27083334 0.43697917 0.18416667 0.4390625 0.1725 0.43333334 0.1525 0.33020833 0.08416667
18 0.4859375 0.27583334 0.45416668 0.27583334 0.4390625 0.27166668 0.41458333 0.26666668 0.39635417 0.33666667 0.3875 0.35083333 0.38333333 0.36333334 0.38125 0.46166667 0.3875 0.47916666 0.39739582 0.48916668 0.46197918 0.48833334 0.515625 0.49416667 0.5552083 0.49416667 0.57135415 0.48583335 0.6 0.4675 0.60052085 0.3325 0.5921875 0.3375 0.57916665 0.3325 0.534375 0.30666667 0.5109375 0.2925 0.48854166 0.27416667
18 0.453125 0.024166666 0.44427082 0.029166667 0.4390625 0.0375 0.42395833 0.104166664 0.4140625 0.14 0.43333334 0.15333334 0.4390625 0.1725 0.43645832 0.18666667 0.42291668 0.23666666 0.43020833 0.24083333 0.44635418 0.25083333 0.4640625 0.25666666 0.48854166 0.27333334 0.503125 0.28583333 0.51927084 0.2975 0.56458336 0.325 0.59166664 0.33666667 0.60052085 0.3325 0.60625 0.32666665 0.62135416 0.26583335 0.64166665 0.17916666 0.64635414 0.16 0.64427084 0.14416666 0.640625 0.13166666 0.5677083 0.093333334 0.51458335 0.060833335 0.465625 0.030833334
18 0.47291666 0.5075 0.41145834 0.50666666 0.40208334 0.5125 0.3953125 0.52166665 0.39270833 0.535 0.39375 0.56333333 0.39479166 0.60083336 0.39635417 0.61833334 0.39739582 0.63166666 0.39635417 0.6558333 0.3953125 0.66583335 0.39010417 0.74333334 0.38802084 0.7758333 0.38802084 0.82916665 0.39010417 0.83916664 0.39635417 0.8525 0.409375 0.8575 0.490625 0.85583335 0.5104167 0.855 0.5171875 0.85083336 0.5260417 0.83666664 0.528125 0.8233333 0.5296875 0.63666666 0.5286458 0.6016667 0.5307292 0.5708333 0.5328125 0.53333336 0.5265625 0.5175 0.51770836 0.51 0.5078125 0.5075
18 0.6515625 0.43583333 0.60052085 0.46666667 0.5541667 0.49416667 0.54375 0.5 0.540625 0.50916666 0.5385417 0.52166665 0.5416667 0.5416667 0.56458336 0.63916665 0.5828125 0.7133333 0.60520834 0.80333334 0.61302084 0.815 0.62083334 0.82 0.6322917 0.81666666 0.65729165 0.8 0.6671875 0.6791667 0.6692708 0.6358333 0.67395836 0.6016667 0.67604166 0.59 0.68072915 0.5808333 0.6875 0.575 0.6947917 0.5733333 0.68645835 0.5525 0.6822917 0.5366667 0.678125 0.49083334 0.66770834 0.44916666 0.6609375 0.43916667
18 0.75208336 0.58416665 0.7192708 0.57666665 0.69427085 0.5733333 0.68645835 0.575 0.6791667 0.5825 0.67552084 0.59 0.66979164 0.63 0.66770834 0.68 0.66302085 0.7325 0.6567708 0.80916667 0.653125 0.87333333 0.6536458 0.905 0.66197914 0.92 0.675 0.92583334 0.70989585 0.9275 0.7291667 0.93083334 0.7359375 0.92833334 0.74895835 0.93 0.77708334 0.93416667 0.7859375 0.925 0.79010415 0.91583335 0.79114586 0.8825 0.79895836 0.74583334 0.8015625 0.72083336 0.80885416 0.615 0.80677086 0.6041667 0.80260414 0.5925 0.7973958 0.58916664 0.7640625 0.5858333
18 0.77552086 0.44916666 0.7625 0.4525 0.75208336 0.47333333 0.72083336 0.5758333 0.7473958 0.5833333 0.7708333 0.58666664 0.8 0.59 0.8041667 0.59583336 0.80833334 0.6125 0.80260414 0.71416664 0.8390625 0.7416667 0.88958335 0.7758333 0.8989583 0.7733333 0.90520835 0.76416665 0.92395836 0.69916666 0.94322914 0.6325 0.95208335 0.60333335 0.9536458 0.5941667 0.94895834 0.57666665 0.93854165 0.56666666 0.921875 0.55833334 0.9114583 0.55333334 0.9 0.5475 0.88385415 0.53333336 0.8171875 0.47916666 0.78541666 0.455
18 0.67604166 0.2175 0.6421875 0.175 0.6140625 0.29416665 0.60729164 0.32416666 0.6010417 0.33166668 0.6010417 0.4025 0.6328125 0.43833333 0.63697916 0.44416666 0.6510417 0.43583333 0.65989584 0.43833333 0.6671875 0.44916666 0.6765625 0.48416665 0.678125 0.49 0.6796875 0.5075 0.6947917 0.52666664 0.7026042 0.5283333 0.7083333 0.5258333 0.7140625 0.5183333 0.71666664 0.51 0.69427085 0.49916667 0.6901042 0.49166667 0.68645835 0.47583333 0.696875 0.4125 0.6984375 0.405 0.703125 0.37083334 0.70989585 0.34666666 0.71666664 0.295 0.7192708 0.28833333 0.72447914 0.2825 0.6869792 0.23166667
18 0.85052085 0.3375 0.78229165 0.3075 0.7375 0.2825 0.7296875 0.28 0.7239583 0.2825 0.71770835 0.29 0.715625 0.29666665 0.709375 0.34666666 0.7026042 0.37333333 0.6984375 0.40416667 0.69427085 0.4275 0.68645835 0.47666666 0.68958336 0.49 0.69375 0.49916667 0.7192708 0.51 0.73854166 0.5183333 0.753125 0.47083333 0.7625 0.4525 0.7760417 0.44916666 0.81458336 0.4775 0.88125 0.5308333 0.90052086 0.43666667 0.9114583 0.37583333 0.9109375 0.36333334 0.87708336 0.3475 0.865625 0.34416667
18 0.29375 0.5183333 0.28333333 0.52416664 0.27395833 0.5391667 0.24583334 0.61 0.22239584 0.67583334 0.18802084 0.75666666 0.1765625 0.7875 0.17708333 0.80833334 0.18229167 0.82 0.23697917 0.87083334 0.27916667 0.9116667 0.29375 0.9075 0.3015625 0.89166665 0.33541667 0.7916667 0.3640625 0.735 0.37916666 0.69916666 0.396875 0.6558333 0.39791667 0.6325 0.396875 0.625 0.39583334 0.62 0.3890625 0.6091667 0.32604167 0.5466667 0.30364582 0.5225
