5 0.6458333 1.0 0.634375 0.95416665 0.6328125 0.94166666 0.63072914 0.93666667 0.6223958 0.9116667 0.60260415 0.86 0.56875 0.78583336 0.56458336 0.77 0.6421875 0.72 0.67760414 0.6975 0.67083335 0.67333335 0.69427085 0.6558333 0.72552085 0.63416666 0.728125 0.635 0.7328125 0.6625 0.75364584 0.76916665 0.7765625 0.83666664 0.79375 0.8883333 0.7994792 0.8958333 0.81145835 0.90833336 0.81458336 0.92583334 0.7838542 0.9525 0.7213542 1.0
13 0.7760417 0.47083333 0.8776042 0.58 0.8901042 0.5908333 0.8958333 0.5991667 0.896875 0.6125 0.88385415 0.6425 0.82708335 0.7816667 0.8130208 0.7841667 0.775 0.74583334 0.7427083 0.71166664 0.7317708 0.65833336 0.728125 0.63416666 0.72552085 0.63416666 0.7036458 0.6483333 0.73854166 0.5566667 0.74427086 0.535 0.7682292 0.48666668
18 0.65260416 0.6075 0.6645833 0.62 0.67760414 0.62083334 0.67864585 0.61833334 0.68125 0.615 0.6859375 0.6141667 0.7640625 0.45 0.77760416 0.42166665 0.78125 0.42583334 0.7838542 0.44166666 0.7838542 0.45333335 0.76875 0.48583335 0.74427086 0.53583336 0.73802084 0.5575 0.703125 0.65 0.6713542 0.67333335
18 0.6255208 0.37583333 0.65208334 0.32333332 0.65989584 0.30333334 0.6875 0.24583334 0.69322914 0.24166666 0.69947916 0.23583333 0.70625 0.2375 0.7260417 0.26416665 0.7390625 0.27916667 0.75625 0.29583332 0.77135414 0.3125 0.7828125 0.32416666 0.7953125 0.3375 0.80104166 0.34333333 0.80260414 0.35416666 0.8015625 0.37083334 0.7895833 0.39833334 0.76458335 0.44916666 0.68958336 0.6075 0.68541664 0.61583334 0.6802083 0.6166667 0.678125 0.62 0.6635417 0.62166667 0.65208334 0.6066667 0.6401042 0.5566667 0.64739585 0.54833335 0.66875 0.5258333 0.69895834 0.47333333 0.6869792 0.4525 0.65208334 0.41333333
4 0.32552084 0.85 0.40677083 0.7725 0.41354167 0.7608333 0.41770834 0.74583334 0.42239583 0.7075 0.42708334 0.69166666 0.43958333 0.67083335 0.45572916 0.655 0.46302083 0.65 0.5046875 0.79583335 0.4640625 0.83 0.4609375 0.8425 0.45364583 0.835 0.4421875 0.8325 0.4328125 0.835 0.37552083 0.89 0.34895834 0.915 0.34166667 0.91583335 0.32708332 0.88166666 0.321875 0.86583334 0.321875 0.8575
6 0.56666666 0.34083334 0.5854167 0.30833334 0.60572916 0.34 0.6255208 0.37416667 0.64479166 0.40333334 0.6609375 0.42333335 0.6848958 0.45 0.69895834 0.47416666 0.66822916 0.5283333 0.6401042 0.5575 0.59270835 0.38166666 0.57916665 0.33666667
1 0.23229167 0.5183333 0.3171875 0.53833336 0.37552083 0.5491667 0.39375 0.54333335 0.40364584 0.52166665 0.41197917 0.52416664 0.41458333 0.5366667 0.4078125 0.5991667 0.40260416 0.62416667 0.3953125 0.6875 0.38802084 0.7125 0.3828125 0.7075 0.384375 0.68083334 0.38229167 0.67333335 0.2921875 0.6666667 0.23489584 0.645 0.23177083 0.64666665 0.21197917 0.6666667 0.203125 0.66333336 0.21041666 0.61583334 0.2125 0.53 0.21041666 0.49583334 0.21614583 0.48833334 0.22395833 0.49 0.2265625 0.49916667
8 0.21875 0.33166668 0.29739583 0.27166668 0.3484375 0.22 0.35520834 0.22333333 0.35572916 0.215 0.37760416 0.19583334 0.3828125 0.21416667 0.415625 0.25833333 0.434375 0.28 0.45364583 0.35333332 0.4546875 0.36083335 0.45260417 0.37416667 0.44739583 0.3875 0.41875 0.41 0.41458333 0.4075 0.41458333 0.41416666 0.3375 0.47583333 0.296875 0.50916666 0.27916667 0.53 0.26302084 0.5258333 0.24947916 0.485 0.24270834 0.44916666 0.21927084 0.4025 0.23020834 0.3775 0.2328125 0.36666667 0.2109375 0.36916667 0.20885417 0.36166668 0.21041666 0.34916666
12 0.45833334 0.30416667 0.4515625 0.29833335 0.44479167 0.30916667 0.4421875 0.30916667 0.4546875 0.36 0.45260417 0.37416667 0.4484375 0.38583332 0.4234375 0.4075 0.43333334 0.43833333 0.515625 0.38166666 0.49166667 0.35333332 0.49375 0.3475 0.49114582 0.34333333 0.48802084 0.34666666
19 0.384375 0.17583333 0.37916666 0.18833333 0.37760416 0.19583334 0.38229167 0.21333334 0.41822916 0.26083332 0.43645832 0.2825 0.45260417 0.29916668 0.459375 0.305 0.48802084 0.34666666 0.49114582 0.34416667 0.49322918 0.3475 0.49166667 0.35416666 0.515625 0.38083333 0.54375 0.3575 0.56875 0.30416667 0.60520834 0.22666667 0.60625 0.21583334 0.60625 0.205 0.5984375 0.19166666 0.57916665 0.16916667 0.57708335 0.1725 0.57447916 0.17333333 0.5734375 0.17 0.5755208 0.16583334 0.5203125 0.094166666 0.4703125 0.029166667 0.465625 0.0275 0.46041667 0.028333334 0.45260417 0.0375 0.40572917 0.1325
1 0.1171875 0.3625 0.16510417 0.36916667 0.1734375 0.36416668 0.1875 0.36583334 0.21197917 0.36833334 0.23229167 0.36666667 0.23177083 0.375 0.21875 0.4025 0.21666667 0.41083333 0.21145834 0.41916665 0.20885417 0.42833334 0.2078125 0.48416665 0.20364584 0.5908333 0.20572917 0.62166667 0.20260416 0.66333336 0.209375 0.6983333 0.17239584 0.69166666 0.14322917 0.69083333 0.13854167 0.68416667 0.13125 0.68083334 0.110416666 0.68416667 0.09010417 0.6816667 0.08802083 0.67 0.1 0.645 0.10572917 0.6091667 0.116145834 0.42166665 0.11510417 0.375
3 0.4640625 0.8308333 0.50364584 0.79583335 0.5083333 0.80833334 0.56354165 0.7683333 0.56927085 0.7875 0.60572916 0.8675 0.62708336 0.9241667 0.63072914 0.93833333 0.571875 0.9816667 0.5442708 1.0 0.48385417 1.0 0.48697916 0.9925 0.484375 0.9683333 0.48802084 0.9225 0.4890625 0.9066667 0.4890625 0.8975 0.478125 0.8908333 0.46822917 0.87333333 0.45989582 0.84583336
2 0.40677083 0.4625 0.4171875 0.49333334 0.45885417 0.62666667 0.496875 0.76916665 0.5072917 0.80833334 0.55364585 0.7758333 0.6765625 0.6958333 0.634375 0.5341667 0.5786458 0.33416668 0.55364585 0.35166666 0.48229167 0.40666667 0.4390625 0.43083334
