15 0.28020832 0.27833334 0.26041666 0.29833335 0.22916667 0.32166666 0.22239584 0.3225 0.21614583 0.32166666 0.21145834 0.3175 0.20833333 0.32083333 0.20625 0.32083333 0.2015625 0.32583332 0.19635417 0.32666665 0.1953125 0.3225 0.19479166 0.32 0.2015625 0.31083333 0.2 0.30666667 0.20208333 0.3025 0.20416667 0.3025 0.20416667 0.2975 0.20677084 0.2875 0.2109375 0.28 0.21614583 0.2725 0.24479167 0.24666667 0.2546875 0.2375 0.2609375 0.23333333 0.27708334 0.22083333
15 0.34166667 0.24 0.3328125 0.205 0.325 0.17916666 0.3234375 0.16833334 0.325 0.15833333 0.32864583 0.1525 0.32760417 0.1475 0.3296875 0.145 0.32552084 0.14166667 0.32291666 0.14 0.32395834 0.135 0.32864583 0.12833333 0.33229166 0.12666667 0.33489582 0.12416667 0.33645833 0.12416667 0.33802083 0.13833334 0.340625 0.13916667 0.3421875 0.14416666 0.3421875 0.14666666 0.34791666 0.14833333 0.35260418 0.15333334 0.35572916 0.15916666 0.37135416 0.21583334 0.37864584 0.24333334 0.4015625 0.32083333 0.4203125 0.38333333 0.42291668 0.38666666 0.42395833 0.39333335 0.4265625 0.39333335 0.428125 0.4025 0.43229166 0.41666666 0.43125 0.4175 0.4390625 0.4425 0.44270834 0.45833334 0.4421875 0.4675 0.44114584 0.47333333 0.44010416 0.47583333 0.440625 0.4775 0.44166666 0.48 0.44114584 0.485 0.43958333 0.48666668 0.44114584 0.4925 0.44270834 0.49666667 0.44270834 0.5 0.440625 0.50333333 0.43645832 0.505 0.43489584 0.505 0.43125 0.50166667 0.43072918 0.49583334 0.43072918 0.49166667 0.428125 0.49083334 0.42760417 0.48666668 0.421875 0.48666668 0.4171875 0.48166665 0.4109375 0.46833333 0.40104166 0.44 0.39322916 0.41416666 0.37760416 0.3625 0.36197916 0.3075
15 0.31041667 0.19416666 0.32604167 0.18416667 0.33177084 0.2025 0.33333334 0.20833333 0.34010416 0.23416667 0.33333334 0.23833333 0.31510416 0.25166667 0.31354168 0.2525 0.31145832 0.22166666 0.30989584 0.19666667
15 0.35625 0.16083333 0.36197916 0.15916666 0.38020834 0.14666666 0.39375 0.13833334 0.3984375 0.13666667 0.40364584 0.1375 0.40833333 0.14166667 0.41041666 0.14416666 0.41197917 0.14 0.41458333 0.14 0.41666666 0.14333333 0.41822916 0.1425 0.42135417 0.14 0.42447916 0.1375 0.42604166 0.13916667 0.4265625 0.1475 0.42552084 0.15166667 0.41770834 0.1525 0.4171875 0.15666667 0.41458333 0.15833333 0.4140625 0.16833334 0.41145834 0.17583333 0.40572917 0.18583333 0.39010417 0.19833334 0.37447917 0.21 0.37083334 0.21166667
15 0.36302084 0.495 0.40416667 0.495 0.421875 0.495 0.42552084 0.49583334 0.42916667 0.49916667 0.43177083 0.5025 0.43489584 0.505 0.43697917 0.50916666 0.4375 0.51 0.440625 0.51 0.44270834 0.51166666 0.44322917 0.51416665 0.44583333 0.51416665 0.44947916 0.51166666 0.45104167 0.51166666 0.45260417 0.5175 0.45208332 0.5308333 0.446875 0.5283333 0.4421875 0.5258333 0.44010416 0.53 0.4375 0.53 0.43489584 0.5375 0.43125 0.5425 0.42447916 0.54583335 0.40364584 0.54833335 0.37239584 0.5491667 0.32760417 0.55083334 0.26666668 0.55 0.22447917 0.5466667 0.21510416 0.54333335 0.20833333 0.5366667 0.20572917 0.53 0.20416667 0.52916664 0.203125 0.5308333 0.2 0.5308333 0.19947916 0.52916664 0.1984375 0.52916664 0.19635417 0.5316667 0.19375 0.5316667 0.19114584 0.52916664 0.18958333 0.5258333 0.19010417 0.52166665 0.19322917 0.5183333 0.1984375 0.5175 0.20052083 0.51166666 0.2046875 0.51 0.20885417 0.50416666 0.21458334 0.49833333 0.21979167 0.49583334 0.23697917 0.49583334 0.26041666 0.49583334 0.290625 0.49583334 0.29270834 0.49666667 0.29322916 0.49916667 0.2953125 0.50083333 0.3 0.50333333 0.29947916 0.51 0.303125 0.51416665 0.30052084 0.5225 0.30104166 0.5275 0.30729166 0.52916664 0.31302083 0.5283333 0.31458333 0.5233333 0.3125 0.51666665 0.3125 0.51166666 0.31510416 0.5108333 0.31510416 0.505 0.3203125 0.50333333 0.3234375 0.5 0.32395834 0.4975
15 0.36770833 0.495 0.3875 0.465 0.4015625 0.4425 0.40625 0.455 0.41041666 0.46833333 0.41666666 0.48166665 0.41927084 0.48416665 0.41302082 0.49416667 0.378125 0.495
15 0.428125 0.40166667 0.4390625 0.38583332 0.44791666 0.375 0.45416668 0.37416667 0.459375 0.37666667 0.46145833 0.3725 0.4640625 0.37416667 0.46510416 0.36666667 0.4671875 0.36166668 0.46822917 0.36166668 0.4734375 0.36583334 0.47552082 0.36916667 0.47447917 0.37416667 0.46979168 0.38166666 0.47135416 0.385 0.47135416 0.38833332 0.46979168 0.3925 0.46822917 0.3925 0.46822917 0.40583333 0.46458334 0.41583332 0.45104167 0.43916667 0.4421875 0.45333335 0.43958333 0.4425 0.43177083 0.4175 0.43229166 0.41583332
15 0.37760416 0.55 0.36666667 0.5675 0.35208333 0.59 0.3421875 0.60333335 0.32083333 0.63416666 0.31354168 0.6425 0.3078125 0.64166665 0.30416667 0.6425 0.303125 0.645 0.30104166 0.6483333 0.29895833 0.6475 0.296875 0.6508333 0.29375 0.6591667 0.29114583 0.65833336 0.28541666 0.64916664 0.28489584 0.6458333 0.29166666 0.6375 0.29114583 0.6333333 0.29375 0.6308333 0.29166666 0.6275 0.29166666 0.615 0.29427084 0.6066667 0.30520833 0.5875 0.32604167 0.55833334 0.33177084 0.55083334
15 0.221875 0.49583334 0.22291666 0.48083332 0.22447917 0.475 0.22916667 0.46916667 0.23020834 0.46833333 0.22864583 0.46583334 0.22916667 0.46166667 0.23072916 0.46083334 0.22864583 0.455 0.22552083 0.45083332 0.22864583 0.44666666 0.23541667 0.44333333 0.23802084 0.44416666 0.23802084 0.4575 0.24166666 0.4575 0.24270834 0.45916668 0.24270834 0.46416667 0.246875 0.46583334 0.25104168 0.47 0.25416666 0.48 0.25625 0.48833334 0.25677082 0.49583334
15 0.2359375 0.6016667 0.23177083 0.565 0.23020834 0.5475 0.25 0.5491667 0.26354167 0.55083334 0.26979166 0.6016667 0.27708334 0.66833335 0.28645834 0.7625 0.28958333 0.805 0.28958333 0.81916666 0.2875 0.825 0.28385416 0.83166665 0.28385416 0.8375 0.28177083 0.84 0.28229168 0.8441667 0.28177083 0.855 0.2734375 0.855 0.27135417 0.85333335 0.27291667 0.8433333 0.2703125 0.8408333 0.26979166 0.8358333 0.2640625 0.83166665 0.25989583 0.8258333 0.25833333 0.81583333 0.25572917 0.7925 0.25208333 0.75333333 0.2453125 0.68833333
15 0.58385414 0.6166667 0.57395834 0.63416666 0.559375 0.6616667 0.55052084 0.6725 0.5463542 0.675 0.54010415 0.6741667 0.53802085 0.675 0.5375 0.6775 0.5359375 0.68 0.5338542 0.68 0.53333336 0.68583333 0.53125 0.6925 0.52760416 0.69166666 0.5229167 0.68666667 0.5265625 0.6791667 0.5286458 0.6775 0.5286458 0.6741667 0.52708334 0.6725 0.52708334 0.6691667 0.5296875 0.66583335 0.5296875 0.6508333 0.5307292 0.64 0.54270834 0.6125 0.5625 0.5708333 0.578125 0.5425 0.5942708 0.51 0.6276042 0.4425 0.64479166 0.41 0.65729165 0.38666666 0.66510415 0.37833333 0.671875 0.37666667 0.67552084 0.37666667 0.67864585 0.37166667 0.68125 0.3725 0.6869792 0.3625 0.69114584 0.3675 0.6921875 0.37166667 0.6859375 0.37916666 0.68645835 0.3825 0.6859375 0.38833332 0.68333334 0.39 0.6848958 0.4 0.684375 0.41166666 0.6822917 0.41916665 0.665625 0.455 0.640625 0.50416666 0.61510414 0.5541667 0.590625 0.6025
15 0.62604165 0.53333336 0.6458333 0.55833334 0.6588542 0.5775 0.66302085 0.58666664 0.66302085 0.6025 0.66510415 0.60333335 0.6666667 0.6066667 0.67083335 0.605 0.6734375 0.60583335 0.675 0.6125 0.6744792 0.62083334 0.6723958 0.62166667 0.66510415 0.6175 0.6635417 0.61833334 0.659375 0.6191667 0.65833336 0.615 0.65625 0.6175 0.6536458 0.6191667 0.6453125 0.6191667 0.6322917 0.6075 0.6119792 0.585 0.6041667 0.5758333
15 0.57708335 0.54333335 0.56145835 0.52666664 0.5385417 0.50083333 0.5286458 0.49083334 0.49947917 0.46083334 0.4859375 0.44416666 0.4828125 0.4375 0.48125 0.43083334 0.48125 0.4225 0.47760418 0.41916665 0.47760418 0.41416666 0.4734375 0.41083333 0.4703125 0.40916666 0.4703125 0.40666667 0.47447917 0.39666668 0.47864583 0.3975 0.47864583 0.40166667 0.48125 0.405 0.4828125 0.40416667 0.48645833 0.405 0.49010417 0.4025 0.503125 0.4025 0.5083333 0.40583333 0.52916664 0.42666668 0.5375 0.43416667 0.5385417 0.4375 0.5416667 0.43916667 0.565625 0.46583334 0.59375 0.49666667 0.59791666 0.50166667
15 0.62604165 0.445 0.5953125 0.44833332 0.56927085 0.45083332 0.5609375 0.45 0.5552083 0.44583333 0.5520833 0.44 0.55104166 0.43416667 0.54895836 0.435 0.546875 0.43416667 0.5463542 0.42916667 0.5421875 0.43666667 0.5416667 0.4375 0.5385417 0.4375 0.5375 0.43416667 0.5359375 0.425 0.5359375 0.41583332 0.53697914 0.415 0.54375 0.41583332 0.54479164 0.41666666 0.5463542 0.4125 0.55052084 0.41333333 0.55104166 0.4075 0.55677086 0.40166667 0.5630208 0.39833334 0.58020836 0.39666668 0.62395835 0.3925 0.6515625 0.38916665 0.65520835 0.39 0.64375 0.41166666
15 0.6875 0.3875 0.7140625 0.385 0.75 0.38 0.7625 0.38 0.7661458 0.38166666 0.76979166 0.38916665 0.771875 0.38916665 0.7739583 0.39166668 0.775 0.39583334 0.778125 0.39333335 0.7807292 0.39083335 0.78229165 0.39166668 0.7828125 0.39583334 0.78125 0.40166667 0.7838542 0.4025 0.78333336 0.405 0.78229165 0.40833333 0.7760417 0.4075 0.7734375 0.41083333 0.771875 0.41333333 0.7708333 0.41333333 0.76875 0.42 0.76666665 0.425 0.7625 0.42916667 0.7348958 0.435 0.71302086 0.43666667 0.6890625 0.44 0.67291665 0.44 0.6828125 0.41916665 0.6848958 0.41166666 0.68541664 0.4 0.68385416 0.39 0.6859375 0.38833332
15 0.5234375 0.685 0.5104167 0.66 0.49270833 0.62833333 0.47291666 0.5875 0.4625 0.56666666 0.45989582 0.5566667 0.459375 0.5466667 0.46197918 0.53583336 0.459375 0.5341667 0.459375 0.53 0.45989582 0.52916664 0.46041667 0.52666664 0.45729166 0.525 0.45416668 0.52166665 0.45364583 0.5183333 0.45572916 0.51416665 0.45989582 0.5108333 0.46145833 0.5125 0.4625 0.51666665 0.4640625 0.5208333 0.46614584 0.52 0.46822917 0.52416664 0.47447917 0.52416664 0.47916666 0.5258333 0.484375 0.5308333 0.496875 0.55333334 0.51197916 0.57666665 0.5140625 0.58166665 0.51927084 0.5941667 0.53229165 0.6166667 0.53697914 0.62416667 0.53020835 0.64 0.5296875 0.6508333 0.5296875 0.665 0.52708334 0.6691667 0.52708334 0.6725 0.5286458 0.6741667 0.528125 0.6775 0.5265625 0.6791667
15 0.5390625 0.7125 0.528125 0.6925 0.53125 0.6933333 0.53333336 0.685 0.534375 0.68 0.5364583 0.68 0.53802085 0.6775 0.53802085 0.67583334 0.54010415 0.675 0.5463542 0.67583334 0.55104166 0.6725 0.55833334 0.66333336 0.56666666 0.67833334 0.59375 0.7291667 0.5953125 0.73333335 0.61354166 0.7658333 0.6166667 0.775 0.6171875 0.7891667 0.6166667 0.7991667 0.61822915 0.7966667 0.6203125 0.79833335 0.6203125 0.8016667 0.6197917 0.80583334 0.6244792 0.8125 0.6244792 0.81583333 0.62291664 0.82 0.61927086 0.8225 0.61510414 0.81416667 0.61510414 0.81166667 0.6 0.81083333 0.59583336 0.80833334 0.58802086 0.79833335 0.5697917 0.7675 0.54322916 0.72083336
15 0.29322916 0.49833333 0.290625 0.48833334 0.2875 0.41583332 0.2828125 0.31333333 0.2765625 0.20666666 0.27395833 0.16 0.27447918 0.14916667 0.278125 0.14583333 0.28072917 0.14333333 0.28125 0.1375 0.2828125 0.135 0.28072917 0.12916666 0.27916667 0.125 0.27916667 0.1225 0.28333333 0.12166667 0.284375 0.119166665 0.2890625 0.12 0.2921875 0.12166667 0.29270834 0.12583333 0.2953125 0.12666667 0.2953125 0.12916666 0.29322916 0.13333334 0.2921875 0.13416667 0.29479167 0.13666667 0.29583332 0.14 0.30260417 0.14583333 0.30572918 0.155 0.30885416 0.1775 0.309375 0.19 0.31197917 0.23416667 0.31510416 0.27916667 0.31875 0.3475 0.325 0.46333334 0.32447916 0.4925 0.3234375 0.50083333 0.3203125 0.50333333 0.31510416 0.50416666 0.31458333 0.51 0.31197917 0.51166666 0.31197917 0.51666665 0.3140625 0.52416664 0.31302083 0.5275 0.30677083 0.52916664 0.30104166 0.52666664 0.30104166 0.5225 0.30364582 0.51416665 0.3015625 0.51166666 0.29947916 0.50916666 0.3 0.50333333 0.29479167 0.50083333
