18 0.67395836 0.225 0.6953125 0.26166666 0.70416665 0.28333333 0.72447914 0.33333334 0.75208336 0.39666668 0.75677085 0.40916666 0.7640625 0.41416666 0.7760417 0.41 0.78489584 0.4 0.79114586 0.4 0.7942708 0.39333335 0.81041664 0.37666667 0.8609375 0.3125 0.86822915 0.29916668 0.8677083 0.2775 0.8609375 0.26083332 0.82395834 0.17333333 0.8078125 0.14333333 0.8 0.13416667 0.77239585 0.06583333 0.75625 0.034166668 0.74895835 0.028333334 0.74114585 0.028333334 0.73541665 0.0325 0.73229164 0.035833333 0.69322914 0.086666666 0.65052086 0.14583333 0.646875 0.1525 0.6458333 0.15916666 0.6458333 0.1675 0.6489583 0.17916666 0.6536458 0.19083333 0.665625 0.21
18 0.69166666 0.071666665 0.6828125 0.08166666 0.67864585 0.095 0.67760414 0.108333334 0.70520836 0.07083333 0.69322914 0.07
18 0.6692708 0.0725 0.64166665 0.08166666 0.6177083 0.0875 0.5828125 0.09583333 0.5807292 0.0975 0.57604164 0.108333334 0.57239586 0.115 0.57239586 0.125 0.575 0.13083333 0.59479165 0.285 0.5984375 0.30666667 0.6015625 0.31166667 0.60833335 0.31583333 0.61041665 0.31833333 0.61354166 0.31416667 0.61927086 0.30166668 0.6770833 0.23166667 0.65260416 0.18833333 0.6484375 0.17916666 0.64635414 0.16833334 0.6458333 0.15666667 0.64739585 0.15083334 0.65260416 0.1425 0.678125 0.1075 0.67864585 0.09583333 0.6828125 0.0825 0.69322914 0.07 0.7057292 0.07083333 0.71666664 0.055 0.6791667 0.0675
18 0.7703125 0.036666665 0.7817708 0.046666667 0.784375 0.07083333 0.7838542 0.07833333 0.77708334 0.075833336 0.771875 0.06333333 0.759375 0.038333334
18 0.86822915 0.0675 0.8328125 0.075833336 0.8098958 0.08166666 0.7953125 0.083333336 0.79010415 0.083333336 0.78333336 0.0775 0.7765625 0.07666667 0.79895836 0.13166666 0.80052084 0.13416667 0.8072917 0.1425 0.82395834 0.17333333 0.85729164 0.25083333 0.8677083 0.27666667 0.86822915 0.29 0.8755208 0.29083332 0.8822917 0.27916667 0.88645834 0.26583335 0.8875 0.23916666 0.88645834 0.2 0.88177085 0.11 0.88125 0.085 0.8744792 0.07
18 0.67864585 0.24 0.678125 0.27083334 0.6796875 0.27833334 0.6859375 0.29083332 0.6921875 0.2975 0.70104164 0.29916668 0.7104167 0.3 0.6958333 0.2625 0.6802083 0.23583333
18 0.61145836 0.32166666 0.61145836 0.33416668 0.61354166 0.34333333 0.6432292 0.41083333 0.6744792 0.47666666 0.6765625 0.4825 0.68385416 0.48583335 0.68854165 0.48583335 0.6927083 0.485 0.70208335 0.47666666 0.7125 0.46083334 0.71770835 0.44583333 0.72239584 0.43583333 0.7427083 0.42 0.7552083 0.40666667 0.75416666 0.40166667 0.73020834 0.34583333 0.7114583 0.3 0.7015625 0.29916668 0.69375 0.2975 0.68854165 0.29333332 0.68385416 0.28833333 0.6791667 0.27333334 0.678125 0.2675 0.67864585 0.24083333 0.6802083 0.23666666 0.67760414 0.23166667 0.61822915 0.30333334 0.61302084 0.31583333
18 0.33541667 0.5 0.2609375 0.5316667 0.2578125 0.5375 0.25520834 0.5475 0.25520834 0.5575 0.26510417 0.61583334 0.28802082 0.73583335 0.29635417 0.7683333 0.29895833 0.7733333 0.3015625 0.785 0.3109375 0.8425 0.315625 0.855 0.31875 0.86 0.3265625 0.86333334 0.334375 0.86333334 0.38333333 0.845 0.43645832 0.82166666 0.4421875 0.80833334 0.44427082 0.7975 0.43645832 0.76166666 0.42864582 0.7375 0.42135417 0.715 0.41458333 0.6641667 0.40989584 0.63 0.40520832 0.5933333 0.39010417 0.50416666 0.3875 0.495 0.37708333 0.48416665 0.37135416 0.48416665
18 0.459375 0.39916667 0.33333334 0.42833334 0.32552084 0.43916667 0.32083333 0.45 0.321875 0.4575 0.3265625 0.50333333 0.37083334 0.48416665 0.3765625 0.48416665 0.38854167 0.495 0.390625 0.5075 0.40520832 0.5941667 0.41041666 0.6375 0.41614583 0.63666666 0.46979168 0.6166667 0.47760418 0.6141667 0.4921875 0.6125 0.5161458 0.61333334 0.5390625 0.6125 0.54375 0.61 0.55260414 0.595 0.5520833 0.59166664 0.55260414 0.5758333 0.5453125 0.4675 0.5421875 0.4025 0.534375 0.39166668 0.5307292 0.3875 0.5260417 0.3875
18 0.28541666 0.7341667 0.27291667 0.775 0.2734375 0.785 0.27552083 0.79583335 0.28385416 0.80583334 0.3078125 0.825 0.30052084 0.77916664 0.2984375 0.7733333 0.29635417 0.76666665 0.2875 0.73083335
18 0.36666667 0.87083334 0.4234375 0.9125 0.45520833 0.935 0.45989582 0.93416667 0.46510416 0.9316667 0.46979168 0.9241667 0.48072916 0.88666666 0.5161458 0.7658333 0.51927084 0.74916667 0.51354164 0.73583335 0.49322918 0.7216667 0.47916666 0.715 0.46458334 0.71 0.45729166 0.705 0.45052084 0.6975 0.44114584 0.68416667 0.41510418 0.66833335 0.42135417 0.715 0.43645832 0.76166666 0.44427082 0.7966667 0.44270834 0.8075 0.4359375 0.82166666 0.40989584 0.8333333 0.38541666 0.8441667 0.35 0.85833335
18 0.88645834 0.57916665 0.8609375 0.58166665 0.8489583 0.5825 0.84166664 0.5833333 0.8177083 0.58166665 0.8119792 0.5825 0.8046875 0.5908333 0.80104166 0.60083336 0.80052084 0.615 0.80052084 0.70166665 0.8 0.7966667 0.8 0.83666664 0.8 0.88 0.7994792 0.9008333 0.8 0.9091667 0.80572915 0.9191667 0.8286458 0.92083335 0.91875 0.9166667 0.92552084 0.9116667 0.9322917 0.9025 0.93385416 0.875 0.93385416 0.8283333 0.93385416 0.7875 0.93385416 0.7416667 0.9296875 0.595 0.92604166 0.5833333 0.9166667 0.5783333 0.90520835 0.5775
