19 0.7604167 0.6625 0.7572917 0.67 0.7552083 0.66083336 0.7270833 0.6483333 0.71875 0.6508333 0.71197915 0.6625 0.678125 0.85083336 0.678125 0.8625 0.68333334 0.87583333 0.68645835 0.87833333 0.715625 0.89 0.71875 0.88416666 0.7203125 0.8925 0.7484375 0.90416664 0.80260414 0.9275 0.8546875 0.955 0.86354166 0.95 0.8671875 0.93416667 0.87291664 0.8833333 0.8755208 0.8525 0.8828125 0.81416667 0.8984375 0.75083333 0.8989583 0.735 0.89375 0.72333336 0.8880208 0.7191667
19 0.70416665 0.5575 0.609375 0.59 0.58489585 0.6 0.57604164 0.61083335 0.5734375 0.625 0.58020836 0.6716667 0.5859375 0.6741667 0.58229166 0.6791667 0.60364586 0.82166666 0.61354166 0.88666666 0.61822915 0.8933333 0.625 0.8958333 0.6822917 0.87333333 0.678125 0.86333334 0.67760414 0.8516667 0.7114583 0.66333336 0.71875 0.6508333 0.7270833 0.6483333 0.73020834 0.65 0.72760415 0.625 0.72239584 0.6225 0.72552085 0.6175 0.7192708 0.5708333 0.71458334 0.56083333
19 0.1921875 0.59 0.19270833 0.59833336 0.18854167 0.59583336 0.16927083 0.6091667 0.16354166 0.61583334 0.159375 0.62 0.15885417 0.62916666 0.16145833 0.64 0.16875 0.6558333 0.18697916 0.725 0.20677084 0.79083335 0.2109375 0.8066667 0.21666667 0.81416667 0.22604166 0.815 0.25 0.7975 0.25104168 0.79 0.25364584 0.79583335 0.3109375 0.7558333 0.3375 0.73833334 0.35677084 0.7266667 0.36145833 0.7191667 0.36302084 0.70916665 0.35989583 0.6933333 0.35416666 0.67583334 0.34166667 0.65 0.33541667 0.63166666 0.3296875 0.6016667 0.32291666 0.56583333 0.31510416 0.5366667 0.309375 0.51916665 0.30260417 0.5125 0.296875 0.5125 0.2921875 0.51416665 0.27447918 0.5283333 0.22916667 0.565 0.20416667 0.5825
19 0.24739583 0.34666666 0.228125 0.36666667 0.21145834 0.38666666 0.19895834 0.3975 0.1890625 0.40583333 0.18541667 0.41166666 0.1828125 0.42083332 0.1859375 0.435 0.196875 0.47083333 0.22916667 0.565 0.28177083 0.5225 0.28489584 0.5208333 0.27239582 0.49333334 0.271875 0.485 0.2734375 0.47833332 0.27760416 0.46416667 0.28802082 0.45083332 0.27447918 0.4075 0.25729167 0.35416666 0.253125 0.3425
19 0.29322916 0.49166667 0.29010418 0.46083334 0.2890625 0.45416668 0.296875 0.46166667 0.30416667 0.46083334 0.41770834 0.3425 0.41770834 0.33 0.4234375 0.33583334 0.42760417 0.33 0.43854168 0.5133333 0.43958333 0.53333336 0.43645832 0.54583335 0.428125 0.55583334 0.3546875 0.5733333 0.32552084 0.5808333 0.32239583 0.56333333 0.31510416 0.53583336 0.309375 0.52 0.303125 0.5125 0.29739583 0.5125 0.29375 0.51416665
19 0.2921875 0.47916666 0.28958333 0.45416668 0.28802082 0.45083332 0.27760416 0.46416667 0.2734375 0.4775 0.271875 0.485 0.27239582 0.49333334 0.284375 0.5208333 0.29166666 0.515 0.29375 0.51416665 0.29322916 0.49166667
19 0.540625 0.23916666 0.50989586 0.21916667 0.4640625 0.17583333 0.45885417 0.17916666 0.45885417 0.1725 0.4296875 0.14666666 0.421875 0.15 0.41666666 0.15666667 0.40989584 0.17666666 0.43229166 0.23333333 0.45 0.27583334 0.45260417 0.28833333 0.45 0.30333334 0.42760417 0.33083335 0.4328125 0.41583332 0.503125 0.47416666 0.51197916 0.4825 0.51770836 0.4825 0.52239585 0.48083332 0.57708335 0.31333333 0.584375 0.29166666 0.58385414 0.2825 0.578125 0.27083334 0.553125 0.24916667
19 0.3953125 0.6166667 0.390625 0.62166667 0.38645834 0.6191667 0.38645834 0.62666667 0.36197916 0.65833336 0.3546875 0.66083336 0.34635416 0.655 0.3359375 0.6325 0.32552084 0.5808333 0.42760417 0.55583334 0.43645832 0.54583335 0.43958333 0.5341667 0.4328125 0.41583332 0.496875 0.46916667 0.49895832 0.47666666 0.4984375 0.4875 0.49427083 0.4975 0.39739582 0.6141667
19 0.67291665 0.35833332 0.5755208 0.32666665 0.5729167 0.32583332 0.5229167 0.47916666 0.5208333 0.48083332 0.5125 0.54083335 0.5161458 0.545 0.51145834 0.54833335 0.50572914 0.59833336 0.50677085 0.60833335 0.51458335 0.6175 0.575 0.6383333 0.5729167 0.62583333 0.5755208 0.6116667 0.58489585 0.6 0.65833336 0.5725 0.6666667 0.5 0.68072915 0.41083333 0.68541664 0.37833333 0.68333334 0.36666667 0.6791667 0.36166668
19 0.38125 0.14166667 0.35833332 0.16416667 0.3578125 0.16833334 0.35364583 0.16833334 0.3140625 0.21416667 0.29479167 0.23583333 0.2734375 0.25666666 0.24947916 0.28333333 0.24375 0.2925 0.24322917 0.30416667 0.24375 0.3175 0.2578125 0.35666665 0.27447918 0.40833333 0.2890625 0.45333335 0.296875 0.46166667 0.30416667 0.46083334 0.34010416 0.42416668 0.41770834 0.3425 0.41770834 0.33 0.4234375 0.33583334 0.45 0.30416667 0.45260417 0.29083332 0.45 0.27666667 0.42239583 0.20916666 0.39947918 0.14833333 0.39479166 0.1375 0.39010417 0.135 0.38645834 0.13833334
