6 0.30833334 0.18333334 0.30364582 0.23583333 0.31510416 0.2675 0.33177084 0.31333333 0.35104167 0.3625 0.36875 0.36333334 0.3796875 0.37 0.41354167 0.385 0.40260416 0.305 0.40520832 0.28166667 0.44895834 0.27 0.44635418 0.2125 0.43802083 0.21083333 0.4234375 0.21416667 0.3921875 0.21333334 0.37760416 0.21 0.3546875 0.20333333 0.32447916 0.18666667
6 0.5078125 0.26 0.4484375 0.27 0.40572917 0.28083333 0.4046875 0.28416666 0.40260416 0.305 0.41354167 0.385 0.42291668 0.45583335 0.42552084 0.5025 0.4265625 0.51416665 0.43072918 0.5275 0.47604167 0.51 0.4984375 0.4975 0.5046875 0.45916668 0.5171875 0.4575 0.53697914 0.47166666 0.5364583 0.46583334 0.52760416 0.44416666 0.51354164 0.41416666 0.51770836 0.39416668 0.51145834 0.355 0.5083333 0.2975 0.50989586 0.2625
6 0.56458336 0.20666666 0.5390625 0.25333333 0.5307292 0.2675 0.5208333 0.3025 0.50989586 0.32 0.51145834 0.35166666 0.51197916 0.35916665 0.5140625 0.37083334 0.528125 0.37583333 0.5385417 0.37833333 0.55572915 0.40083334 0.58229166 0.43166667 0.61302084 0.45583335 0.61510414 0.46083334 0.63125 0.4725 0.6713542 0.345 0.68125 0.305 0.67395836 0.29333332 0.6359375 0.275 0.6197917 0.26583335 0.6010417 0.26166666 0.5854167 0.26333332 0.584375 0.2525 0.5697917 0.21333334
6 0.5442708 0.47583333 0.58229166 0.49833333 0.5932292 0.5133333 0.6171875 0.5158333 0.6119792 0.58 0.6088542 0.61083335 0.61041665 0.62916666 0.62135416 0.6308333 0.60833335 0.69916666 0.60364586 0.69916666 0.5963542 0.695 0.5619792 0.66083336 0.5515625 0.645 0.5307292 0.63666666 0.5239583 0.63 0.521875 0.6383333 0.5140625 0.6408333 0.49427083 0.6425 0.47916666 0.6375 0.49479166 0.50916666 0.49895832 0.49166667 0.50416666 0.46 0.51666665 0.4575 0.5390625 0.47333333
6 0.47604167 0.5566667 0.434375 0.5808333 0.44114584 0.6141667 0.4515625 0.62833333 0.48125 0.67 0.48333332 0.6791667 0.4765625 0.7133333 0.4703125 0.7658333 0.46510416 0.7758333 0.4703125 0.77666664 0.4859375 0.76666665 0.5182292 0.7758333 0.5630208 0.6741667 0.5625 0.6616667 0.5578125 0.655 0.5515625 0.645 0.5307292 0.6358333 0.5239583 0.63 0.521875 0.6375 0.51354164 0.6408333 0.49427083 0.6425 0.47916666 0.6375 0.48958334 0.55
6 0.5932292 0.69916666 0.62916666 0.7583333 0.634375 0.7683333 0.67760414 0.81916666 0.68125 0.8308333 0.65520835 0.8725 0.64947915 0.87833333 0.62864584 0.89916664 0.59010416 0.935 0.5864583 0.92583334 0.57916665 0.86833334 0.5765625 0.87083334 0.5515625 0.855 0.5140625 0.82916665 0.5015625 0.8125 0.5234375 0.76416665 0.5630208 0.67333335 0.56666666 0.66583335 0.58177084 0.68083334
6 0.6203125 0.47583333 0.61614585 0.5283333 0.61041665 0.595 0.6088542 0.61083335 0.6098958 0.62916666 0.62291664 0.6308333 0.69635415 0.6375 0.72291666 0.6358333 0.7171875 0.6 0.7109375 0.56166667 0.71875 0.53333336 0.72083336 0.4825 0.725 0.45416668 0.73125 0.41416666 0.7270833 0.4025 0.69322914 0.38833332 0.66875 0.38416666 0.659375 0.38333333 0.63645834 0.45666668 0.63125 0.4725 0.62135416 0.465
6 0.73229164 0.465 0.7552083 0.485 0.76666665 0.5 0.78697914 0.5183333 0.78541666 0.52666664 0.778125 0.54333335 0.7729167 0.56083333 0.74114585 0.615 0.7317708 0.625 0.7328125 0.6558333 0.73333335 0.6958333 0.73072916 0.71666664 0.7265625 0.7225 0.709375 0.715 0.6734375 0.68833333 0.646875 0.67 0.6197917 0.6483333 0.6234375 0.6308333 0.696875 0.6375 0.72291666 0.6358333 0.7109375 0.56166667 0.71875 0.53333336 0.72083336 0.4825 0.72447914 0.45916668
6 0.33333334 0.5775 0.33802083 0.6 0.34479168 0.62416667 0.3484375 0.66 0.3546875 0.685 0.35677084 0.6933333 0.36041668 0.70666665 0.36770833 0.74833333 0.37239584 0.7783333 0.37760416 0.795 0.44114584 0.7525 0.47239584 0.7275 0.46302083 0.6958333 0.4484375 0.62416667 0.440625 0.6141667 0.434375 0.5808333 0.440625 0.5775 0.4328125 0.52666664 0.43072918 0.5275 0.4265625 0.51416665 0.42552084 0.495 0.39583334 0.5125 0.3640625 0.5416667 0.3546875 0.555 0.33385417 0.5725
6 0.36041668 0.4775 0.35833332 0.49 0.34947917 0.50666666 0.32916668 0.5491667 0.31875 0.5758333 0.3125 0.5991667 0.328125 0.61 0.3375 0.5975 0.33333334 0.5775 0.33385417 0.5725 0.3546875 0.555 0.3640625 0.5416667 0.39583334 0.5125 0.4140625 0.50166667 0.42552084 0.495 0.42291668 0.45583335 0.41979167 0.42833334 0.41666666 0.40666667 0.38541666 0.38166666 0.37552083 0.40333334 0.37552083 0.40916666 0.36614582 0.44916666
6 0.45572916 0.52 0.43854168 0.56333333 0.43229166 0.52666664 0.45677084 0.51666665
6 0.27552083 0.68833333 0.28333333 0.70416665 0.28802082 0.705 0.30625 0.72583336 0.32135418 0.74333334 0.3265625 0.74666667 0.3328125 0.74833333 0.33333334 0.7575 0.346875 0.7891667 0.36614582 0.8383333 0.37916666 0.86 0.40729168 0.8258333 0.4375 0.785 0.4625 0.75166667 0.45833334 0.73833334 0.43645832 0.7558333 0.39947918 0.78 0.37760416 0.795 0.37239584 0.7775 0.36770833 0.74916667 0.35989583 0.7058333 0.35572916 0.68666667 0.3484375 0.66 0.34479168 0.62333333 0.3375 0.6 0.3375 0.5975 0.32708332 0.6116667 0.2765625 0.68666667
6 0.2859375 0.17916666 0.234375 0.24333334 0.21354167 0.2675 0.20104167 0.27916667 0.20520833 0.28166667 0.21145834 0.28666666 0.221875 0.31166667 0.2390625 0.35333332 0.25625 0.40666667 0.26510417 0.43333334 0.265625 0.4375 0.2640625 0.45333335 0.2734375 0.47 0.2796875 0.47583333 0.31354168 0.44416666 0.33385417 0.42416668 0.35885417 0.39666668 0.36458334 0.3875 0.35260418 0.36583334 0.32916668 0.30666667 0.30364582 0.23583333 0.28958333 0.18916667 0.2875 0.18
