15 0.2171875 0.033333335 0.18489583 0.035833333 0.15520833 0.0 0.2 0.0 0.225 0.025
0 0.25 0.045 0.23333333 0.038333334 0.22447917 0.025 0.196875 0.0 0.26041666 0.0 0.26145834 0.0075 0.25729167 0.041666668
15 0.275 0.029166667 0.25885418 0.0275 0.2625 0.0 0.28229168 0.0
7 0.26510417 0.10333333 0.27552083 0.03 0.2828125 0.0 0.49635416 0.0 0.49583334 0.013333334 0.48958334 0.050833333 0.48854166 0.0975 0.4890625 0.145 0.48958334 0.15 0.46875 0.12916666 0.40989584 0.105 0.36510417 0.0825 0.33854166 0.094166666 0.30052084 0.108333334 0.28229168 0.11333334 0.27395833 0.1075
13 0.253125 0.100833334 0.20729166 0.11666667 0.19635417 0.1375 0.17447917 0.17083333 0.15885417 0.20416667 0.140625 0.23416667 0.1359375 0.23833333 0.15833333 0.37 0.16927083 0.3825 0.18229167 0.38 0.346875 0.30916667 0.36666667 0.30083334 0.36927083 0.29 0.36979166 0.27333334 0.36041668 0.18166667 0.3453125 0.095 0.33854166 0.094166666 0.28385416 0.11333334 0.27083334 0.10666667 0.26510417 0.100833334
3 0.14166667 0.55 0.118229166 0.5733333 0.10572917 0.5683333 0.094791666 0.56916666 0.09583333 0.58666664 0.096354164 0.605 0.08541667 0.63666666 0.052083332 0.70916665 0.0421875 0.71666664 0.033854168 0.715 0.023958333 0.7 0.0 0.6666667 0.0 0.4475 0.025 0.3975 0.042708334 0.36416668 0.052083332 0.36083335 0.058333334 0.36166668 0.067708336 0.37083334 0.086979166 0.39833334 0.1140625 0.44416666 0.14166667 0.50166667 0.14947917 0.5258333 0.14895834 0.53833336 0.146875 0.545
18 0.17239584 0.60833335 0.1375 0.6091667 0.0984375 0.61 0.091145836 0.6191667 0.0828125 0.645 0.08541667 0.655 0.083333336 0.68916667 0.084375 0.71166664 0.0859375 0.74916667 0.084375 0.775 0.0828125 0.80916667 0.084895834 0.8233333 0.09322917 0.8333333 0.10989583 0.8358333 0.16666667 0.8275 0.29114583 0.8175 0.3015625 0.8125 0.309375 0.8041667 0.31197917 0.79 0.30885416 0.6925 0.3046875 0.61333334 0.29322916 0.595 0.28333333 0.595 0.21614583 0.6016667
3 0.48645833 0.36333334 0.47239584 0.3575 0.45520833 0.3625 0.43697917 0.37 0.4296875 0.38 0.41979167 0.38166666 0.41614583 0.3675 0.40625 0.36166668 0.39270833 0.365 0.3859375 0.375 0.38645834 0.3825 0.3984375 0.3725 0.40885416 0.37916666 0.40677083 0.385 0.38333333 0.4075 0.3921875 0.41416666 0.378125 0.4375 0.37083334 0.45333335 0.365625 0.48083332 0.38541666 0.49166667 0.4453125 0.51666665 0.5072917 0.545 0.5140625 0.54083335 0.5239583 0.5083333 0.528125 0.49 0.52708334 0.47166666 0.51145834 0.45416668 0.521875 0.40583333 0.52760416 0.36833334 0.52447915 0.35583332 0.51770836 0.35 0.5104167 0.35666665 0.5005208 0.365 0.49375 0.36916667
4 0.36875 0.32583332 0.39947918 0.29583332 0.40364584 0.27083334 0.41145834 0.22666667 0.42864582 0.19333333 0.45364583 0.16916667 0.47604167 0.1675 0.48958334 0.175 0.5052083 0.1875 0.52135414 0.21083333 0.5286458 0.23583333 0.534375 0.25833333 0.5328125 0.29 0.52708334 0.31916666 0.509375 0.35666665 0.49375 0.36916667 0.484375 0.365 0.47083333 0.35833332 0.43854168 0.36916667 0.42916667 0.36583334 0.41822916 0.37166667 0.41458333 0.365 0.40572917 0.36166668 0.39375 0.365 0.38697916 0.37166667 0.38645834 0.3775 0.38697916 0.385 0.39947918 0.37333333 0.40833333 0.37916666 0.40677083 0.38583332 0.3828125 0.4075 0.3453125 0.45 0.3359375 0.45416668 0.3265625 0.45 0.31979167 0.43583333 0.30989584 0.4125 0.30729166 0.39666668 0.3125 0.38583332 0.36041668 0.33666667
12 0.81354165 0.19166666 0.77135414 0.22666667 0.71875 0.26416665 0.67291665 0.3075 0.6145833 0.35083333 0.61510414 0.3675 0.6276042 0.41 0.6484375 0.46916667 0.66197914 0.465 0.7453125 0.3925 0.73020834 0.35083333 0.71770835 0.31666666 0.7078125 0.29083332 0.7114583 0.28083333 0.75885415 0.25 0.81145835 0.2175 0.8354167 0.20666666 0.83229166 0.18583333 0.8432292 0.17583333 0.8359375 0.16333333
7 0.87864584 0.18 0.828125 0.21 0.7942708 0.23083334 0.7317708 0.2675 0.71302086 0.27833334 0.7083333 0.29083332 0.7161458 0.31416667 0.74375 0.3875 0.7578125 0.43166667 0.77916664 0.48083332 0.7890625 0.4975 0.78489584 0.5475 0.7838542 0.5858333 0.7875 0.5941667 0.79895836 0.5991667 0.85572916 0.5683333 0.89270836 0.5466667 0.93385416 0.52916664 0.971875 0.51916665 0.9661458 0.49416667 0.93177086 0.40333334 0.9171875 0.3625 0.903125 0.33 0.89739585 0.29166666 0.89739585 0.2275 0.8880208 0.17166667
9 0.73854166 0.4725 0.646875 0.5675 0.653125 0.58416665 0.66770834 0.61833334 0.7140625 0.7191667 0.8130208 0.6425 0.82447916 0.6775 0.86354166 0.56583333 0.79895836 0.59833336 0.78697914 0.5941667 0.7838542 0.5833333 0.78802085 0.4975 0.7625 0.44416666
1 0.703125 0.065 0.6244792 0.14083333 0.59583336 0.15083334 0.58958334 0.155 0.6015625 0.1925 0.6177083 0.24416667 0.6328125 0.31 0.63697916 0.3175 0.64635414 0.31083333 0.6510417 0.29333332 0.65833336 0.26083332 0.6901042 0.235 0.7817708 0.16083333 0.7953125 0.1575 0.80833334 0.1525 0.79583335 0.10916667 0.7703125 0.021666666 0.7651042 0.0 0.74791664 0.0 0.73541665 0.0325 0.7203125 0.053333335
2 0.68177086 0.7475 0.6557292 0.77 0.659375 0.7875 0.72760415 1.0 0.87135416 1.0 0.90729165 0.96666664 0.86875 0.8375 0.83229166 0.71166664 0.82135415 0.6675 0.81145835 0.64166665 0.7078125 0.72583336
8 0.20364584 0.125 0.17291667 0.1725 0.14635417 0.22333333 0.13177083 0.24333334 0.12291667 0.24416667 0.11354167 0.23583333 0.100520834 0.21583334 0.084895834 0.18916667 0.060416665 0.16333333 0.0 0.093333334 0.0 0.0 0.15625 0.0 0.209375 0.071666665 0.21302083 0.08583333 0.21302083 0.100833334 0.20885417 0.11333334
