8 0.16145833 0.195 0.16875 0.18083334 0.18385416 0.19 0.20833333 0.19833334 0.21197917 0.195 0.21458334 0.20083334 0.23229167 0.19666667 0.27604166 0.18333334 0.31822917 0.17583333 0.35677084 0.16916667 0.36875 0.165 0.3859375 0.17666666 0.40260416 0.18583333 0.40885416 0.20166667 0.40625 0.22083333 0.38177082 0.28166667 0.37239584 0.305 0.35208333 0.36583334 0.33958334 0.37083334 0.31666666 0.35083333 0.2796875 0.31333333 0.26041666 0.29333332 0.25208333 0.28416666 0.21041666 0.26583335 0.209375 0.25833333 0.20625 0.26166666 0.17864583 0.24 0.16458334 0.22583333 0.16041666 0.20833333
8 0.19114584 0.3325 0.2203125 0.27083334 0.25208333 0.28416666 0.30260417 0.3375 0.33333334 0.36583334 0.31875 0.40916666 0.30677083 0.43666667 0.27604166 0.41916665 0.24791667 0.39833334 0.24114583 0.39166668 0.234375 0.38 0.225 0.38916665 0.20989583 0.445 0.20052083 0.485 0.14427084 0.44 0.16302083 0.4 0.18177083 0.35833332
8 0.0296875 0.3175 0.0 0.33416668 0.0 0.4875 0.0067708334 0.51666665 0.014583333 0.5441667 0.011979166 0.5491667 0.011458334 0.56416667 0.015625 0.58 0.022395832 0.5966667 0.027083334 0.6141667 0.036458332 0.6075 0.05 0.59583336 0.060416665 0.5925 0.080729164 0.5283333 0.108333334 0.43666667 0.115625 0.42916667 0.12135417 0.4275 0.134375 0.4325 0.12916666 0.41333333 0.11875 0.365 0.11145833 0.3075 0.10729167 0.2925 0.09739583 0.28583333 0.08958333 0.28333333 0.07239583 0.2975 0.055729166 0.30916667
8 0.0140625 0.63666666 0.0 0.6641667 0.0 0.7633333 0.013541667 0.76666665 0.008854167 0.75333333 0.0052083335 0.7325 0.029166667 0.66833335 0.033333335 0.665 0.032291666 0.66083336 0.043229166 0.635 0.060416665 0.5933333 0.047395833 0.5991667 0.027604166 0.615
8 0.1359375 0.43333334 0.16354166 0.455 0.20104167 0.48583335 0.21875 0.5 0.18489583 0.5275 0.14322917 0.56166667 0.11510417 0.5825 0.10572917 0.5833333 0.096354164 0.59 0.08229167 0.60083336 0.0828125 0.61333334 0.11770833 0.7008333 0.14479166 0.7733333 0.15104167 0.79083335 0.1484375 0.80916667 0.140625 0.81916666 0.12916666 0.8208333 0.11510417 0.81416667 0.09947917 0.8075 0.050520834 0.7891667 0.013541667 0.7633333 0.008854167 0.75416666 0.0052083335 0.7316667 0.029166667 0.66833335 0.0328125 0.665 0.032291666 0.66083336 0.059375 0.5966667 0.0984375 0.47166666 0.10885417 0.435 0.118229166 0.4275 0.1265625 0.42833334
8 0.100520834 0.8075 0.0859375 0.8375 0.07395833 0.83916664 0.063541666 0.83666664 0.036979165 0.8125 0.025 0.79 0.0140625 0.7633333 0.051041666 0.7891667
8 0.26197916 0.48166665 0.27864584 0.54 0.28802082 0.57416666 0.29479167 0.5991667 0.3046875 0.6175 0.3140625 0.6425 0.29947916 0.6766667 0.29739583 0.67833334 0.2484375 0.7183333 0.20260416 0.75666666 0.17447917 0.7841667 0.15989584 0.79833335 0.153125 0.8025 0.1515625 0.79083335 0.12604167 0.72 0.098958336 0.655 0.0828125 0.61333334 0.08177083 0.6016667 0.1046875 0.5833333 0.116145834 0.5825 0.228125 0.4925 0.25 0.475 0.25520834 0.475
8 0.26979166 0.7275 0.29270834 0.75083333 0.309375 0.76666665 0.31666666 0.79 0.31197917 0.81583333 0.29583332 0.84166664 0.2828125 0.855 0.27395833 0.86583334 0.2703125 0.87666667 0.26458332 0.91083336 0.2546875 0.93583333 0.24427083 0.94416666 0.23385416 0.93833333 0.21354167 0.9075 0.19947916 0.895 0.1828125 0.88 0.153125 0.8441667 0.140625 0.8208333 0.14739583 0.8125 0.15104167 0.7991667 0.153125 0.8041667 0.1640625 0.79583335 0.19583334 0.7633333 0.25729167 0.71166664
8 0.27552083 0.705 0.27083334 0.72833335 0.25677082 0.71166664 0.27239582 0.6983333
8 0.31197917 0.44 0.33958334 0.45833334 0.34375 0.475 0.33958334 0.49666667 0.3015625 0.61083335 0.29427084 0.5975 0.2703125 0.50916666 0.2625 0.48083332 0.25520834 0.47416666 0.24739583 0.47666666 0.21875 0.49916667 0.2 0.48666668 0.22447917 0.38916665 0.23489584 0.38083333 0.2421875 0.39416668 0.27135417 0.41583332
8 0.42916667 0.5833333 0.45208332 0.6225 0.49635416 0.67833334 0.5359375 0.7191667 0.54270834 0.7291667 0.54479164 0.7558333 0.53020835 0.78833336 0.5140625 0.81583333 0.4734375 0.8983333 0.46302083 0.8983333 0.45520833 0.89666665 0.43229166 0.8616667 0.3984375 0.82166666 0.34479168 0.7583333 0.3 0.70166665 0.29739583 0.6825 0.3171875 0.63666666 0.3734375 0.5275 0.3828125 0.52666664 0.39322916 0.53583336 0.42447916 0.5758333 0.421875 0.585
8 0.334375 0.74666667 0.33854166 0.7775 0.33958334 0.8016667 0.3421875 0.845 0.34479168 0.8566667 0.35729167 0.86583334 0.3875 0.8525 0.4109375 0.8383333
8 0.44739583 0.6116667 0.47239584 0.60083336 0.478125 0.6066667 0.47916666 0.60083336 0.5046875 0.64916664 0.51354164 0.6641667 0.5234375 0.66583335 0.5234375 0.6875 0.52552086 0.70666665 0.5072917 0.69 0.48489583 0.665 0.46145833 0.6333333 0.45 0.6166667
8 0.55260414 0.71416664 0.55833334 0.7558333 0.55833334 0.77416664 0.55 0.78833336 0.52447915 0.7991667 0.54479164 0.75666666 0.5421875 0.72833335 0.53333336 0.7158333
8 0.37083334 0.100833334 0.40052083 0.019166667 0.40572917 0.0 0.428125 0.0 0.43489584 0.0475 0.4359375 0.1775 0.43697917 0.26666668 0.44270834 0.2775 0.45208332 0.285 0.44270834 0.31 0.43645832 0.32 0.42916667 0.3225 0.41979167 0.31583333 0.38229167 0.28166667 0.40625 0.22166666 0.40833333 0.20166667 0.40364584 0.18583333 0.36822918 0.16416667 0.375 0.1525 0.3734375 0.119166665
8 0.5598958 0.2675 0.5572917 0.22333333 0.56145835 0.19583334 0.55677086 0.15916666 0.5598958 0.10333333 0.5572917 0.06 0.55677086 0.045833334 0.5552083 0.033333335 0.5598958 0.03 0.56041664 0.0 0.42760417 0.0 0.43489584 0.0475 0.4375 0.26666668 0.44375 0.2775 0.453125 0.285 0.50572914 0.28 0.5140625 0.27916667 0.5395833 0.28416666 0.5572917 0.28666666
8 0.4515625 0.3125 0.42760417 0.35333332 0.40520832 0.38583332 0.3796875 0.42916667 0.3765625 0.44083333 0.38489583 0.46416667 0.403125 0.4875 0.41510418 0.49666667 0.42291668 0.5058333 0.4515625 0.5516667 0.46302083 0.56666666 0.48229167 0.6066667 0.5046875 0.6475 0.5140625 0.66333336 0.5239583 0.66583335 0.534375 0.65833336 0.5484375 0.625 0.5625 0.6025 0.58020836 0.5858333 0.60833335 0.55083334 0.61302084 0.53 0.6 0.50333333 0.56822914 0.465 0.5395833 0.41333333 0.52135414 0.38583332 0.5005208 0.34166667 0.47239584 0.30333334 0.459375 0.30166668
8 0.60833335 0.2275 0.6041667 0.24666667 0.59791666 0.25583333 0.5984375 0.265 0.5942708 0.29833335 0.58802086 0.35666665 0.584375 0.38916665 0.5833333 0.42916667 0.6078125 0.43916667 0.615625 0.43583333 0.62083334 0.4275 0.6380208 0.4275 0.65416664 0.42833334 0.68541664 0.4375 0.7348958 0.4475 0.7427083 0.44083333 0.7473958 0.42666668 0.746875 0.405 0.7427083 0.37833333 0.74427086 0.33666667 0.74583334 0.30916667 0.7234375 0.25833333 0.715625 0.25666666 0.7057292 0.27083334 0.703125 0.2675 0.6770833 0.25666666 0.65208334 0.24916667 0.6177083 0.2325
8 0.57708335 0.71166664 0.62604165 0.72083336 0.62864584 0.7033333 0.6354167 0.6933333 0.678125 0.65833336 0.6479167 0.6358333 0.6390625 0.635 0.634375 0.625 0.64166665 0.605 0.65052086 0.5966667 0.653125 0.58 0.6609375 0.5183333 0.6067708 0.515 0.61302084 0.5308333 0.6088542 0.55083334 0.58020836 0.5858333 0.5625 0.6025 0.5494792 0.6225 0.53541666 0.65833336 0.53020835 0.6625 0.5234375 0.6666667 0.52447915 0.69916666 0.52552086 0.7083333 0.5328125 0.715 0.55572915 0.715
8 0.6890625 0.45666668 0.728125 0.485 0.7578125 0.5108333 0.7994792 0.54083335 0.81614584 0.5475 0.8177083 0.5525 0.821875 0.55083334 0.8390625 0.56416667 0.85625 0.5825 0.86041665 0.595 0.85833335 0.6116667 0.8515625 0.635 0.84739584 0.6575 0.846875 0.6766667 0.82395834 0.755 0.82135415 0.76416665 0.815625 0.77 0.80833334 0.7725 0.80104166 0.7675 0.7796875 0.74583334 0.7739583 0.74 0.77447915 0.735 0.76927084 0.7366667 0.75572914 0.7225 0.7447917 0.70916665 0.7171875 0.685 0.696875 0.665 0.67864585 0.6575 0.6635417 0.6483333 0.6484375 0.6358333 0.6401042 0.6358333 0.634375 0.625 0.6411458 0.60583335 0.6510417 0.5975 0.66041666 0.52666664 0.6692708 0.46416667 0.675 0.45916668 0.68072915 0.45583335
8 0.6265625 0.7266667 0.6453125 0.7816667 0.65260416 0.8041667 0.6588542 0.81416667 0.665625 0.8358333 0.66979164 0.86333334 0.6734375 0.8775 0.67864585 0.88166666 0.68645835 0.88416666 0.69635415 0.875 0.746875 0.83416665 0.7890625 0.79583335 0.8359375 0.7558333 0.85572916 0.7375 0.8598958 0.7191667 0.84739584 0.675 0.82916665 0.73833334 0.821875 0.76416665 0.8151042 0.77 0.80833334 0.7725 0.79791665 0.7658333 0.77447915 0.74083334 0.7739583 0.735 0.76875 0.7375 0.7515625 0.71666664 0.734375 0.7008333 0.696875 0.665 0.6802083 0.6575 0.67552084 0.66083336 0.63958335 0.69 0.63489586 0.6925 0.62916666 0.7033333 0.62604165 0.7225
8 0.7994792 0.42583334 0.7760417 0.44166666 0.75625 0.45083332 0.74635416 0.46083334 0.7416667 0.47 0.74322915 0.49833333 0.7578125 0.51 0.7817708 0.5283333 0.80104166 0.54083335 0.8151042 0.5475 0.8177083 0.55333334 0.821875 0.55 0.8390625 0.56333333 0.85572916 0.58166665 0.86041665 0.5908333 0.88854164 0.57 0.9057292 0.56 0.92083335 0.5625 0.92291665 0.5575 0.92760414 0.56083333 0.94895834 0.55083334 0.94635415 0.52916664 0.9223958 0.42416668 0.9036458 0.34666666 0.8765625 0.3675 0.87604165 0.3725 0.8723958 0.37083334 0.8666667 0.375 0.8484375 0.3925 0.8385417 0.40416667 0.81822914 0.415
8 0.14375 0.023333333 0.1453125 0.0016666667 0.14583333 0.0 0.19895834 0.0 0.20208333 0.006666667 0.20520833 0.004166667 0.22552083 0.0058333334 0.24427083 0.0125 0.2671875 0.009166666 0.28333333 0.0 0.36302084 0.0 0.3671875 0.004166667 0.36822918 0.031666666 0.36875 0.086666666 0.3703125 0.0975 0.3734375 0.11833333 0.375 0.15166667 0.36822918 0.16416667 0.35885417 0.16916667 0.3265625 0.17333333 0.31145832 0.1775 0.28072917 0.1825 0.2484375 0.19166666 0.21510416 0.20083334 0.21145834 0.19583334 0.209375 0.19833334 0.2 0.195 0.17864583 0.18666667 0.1625 0.17416666 0.15677084 0.15416667 0.15052083 0.10583334 0.15208334 0.0925 0.15052083 0.061666667 0.14583333 0.038333334
