3 0.25572917 0.7375 0.23072916 0.725 0.21354167 0.7033333 0.19895834 0.68916667 0.2 0.68083334 0.20052083 0.6725 0.2140625 0.66833335 0.221875 0.6575 0.22083333 0.63666666 0.215625 0.5941667 0.21770833 0.53583336 0.21979167 0.5108333 0.22760417 0.50333333 0.259375 0.50333333 0.26197916 0.5133333 0.27083334 0.57 0.259375 0.62083334 0.25729167 0.7183333 0.2578125 0.7341667
3 0.21927084 0.7125 0.2203125 0.78 0.22552083 0.7916667 0.234375 0.7941667 0.26875 0.7966667 0.3265625 0.7966667 0.38385418 0.8041667 0.39947918 0.8041667 0.40572917 0.79583335 0.4078125 0.7775 0.40677083 0.75916666 0.39114583 0.76416665 0.38489583 0.7841667 0.36145833 0.7708333 0.34739584 0.7733333 0.30833334 0.78333336 0.28802082 0.78333336 0.2796875 0.78333336 0.26927084 0.7841667 0.25833333 0.765 0.25885418 0.7441667 0.25416666 0.73833334 0.2328125 0.73 0.22760417 0.7241667
3 0.3875 0.76416665 0.371875 0.7675 0.3640625 0.77 0.3625 0.7708333 0.3703125 0.7758333 0.38489583 0.78333336 0.38489583 0.78333336 0.39114583 0.7633333
3 0.42135417 0.64916664 0.45208332 0.6616667 0.47864583 0.6825 0.490625 0.6775 0.4953125 0.66 0.5 0.6375 0.5083333 0.5883333 0.515625 0.54 0.51979166 0.51 0.52135414 0.46916667 0.51197916 0.45 0.49375 0.445 0.47552082 0.45083332 0.45677084 0.4475 0.44114584 0.42333335 0.43125 0.415 0.42552084 0.4425 0.41354167 0.4925 0.40572917 0.52416664 0.41145834 0.5366667 0.41302082 0.5416667 0.4109375 0.5775 0.4109375 0.58666664 0.41666666 0.63166666
3 0.40989584 0.58416665 0.41145834 0.5625 0.41302082 0.5425 0.4109375 0.53583336 0.40625 0.52666664 0.40416667 0.525 0.40260416 0.525 0.40729168 0.56333333
3 0.284375 0.45916668 0.28229168 0.43833333 0.28125 0.42 0.30208334 0.39416668 0.39739582 0.29083332 0.4109375 0.29833335 0.43802083 0.30666667 0.44635418 0.31416667 0.4484375 0.33333334 0.44375 0.36416668 0.43020833 0.4175 0.409375 0.50416666 0.40520832 0.5233333 0.403125 0.5233333 0.3984375 0.48666668 0.39635417 0.45 0.39010417 0.4425 0.37864584 0.44583333 0.371875 0.45666668 0.37135416 0.4725 0.36614582 0.48 0.32552084 0.46166667 0.29114583 0.46083334
3 0.67760414 0.49083334 0.65833336 0.38416666 0.67083335 0.37666667 0.70989585 0.34 0.7296875 0.33416668 0.7421875 0.35833332 0.746875 0.3825 0.7546875 0.38833332 0.7625 0.39916667 0.775 0.4225 0.7786458 0.44833332 0.796875 0.46166667 0.7973958 0.4775 0.7651042 0.5258333 0.740625 0.5525 0.74635416 0.5733333 0.74375 0.595 0.71770835 0.61333334 0.7005208 0.5825 0.6848958 0.5083333
3 0.684375 0.53833336 0.64427084 0.49 0.62864584 0.49 0.59739584 0.48416665 0.5708333 0.47166666 0.565625 0.45333335 0.565625 0.4425 0.5875 0.36 0.6020833 0.34583333 0.59479165 0.32916668 0.5864583 0.31416667 0.58489585 0.28833333 0.59270835 0.27 0.6333333 0.2775 0.665625 0.28416666 0.73020834 0.305 0.75208336 0.31 0.7609375 0.32416666 0.7609375 0.35083333 0.75625 0.38583332 0.746875 0.37916666 0.7447917 0.36083335 0.73020834 0.3325 0.70625 0.34 0.68385416 0.36083335 0.6703125 0.37583333 0.65729165 0.38333333 0.66875 0.45416668 0.6744792 0.49 0.68333334 0.50666666 0.69166666 0.54833335
3 0.69947916 0.5858333 0.63958335 0.64416665 0.61927086 0.6625 0.60833335 0.665 0.60260415 0.6375 0.60520834 0.62583333 0.6078125 0.6166667 0.590625 0.575 0.575 0.5316667 0.559375 0.52 0.5484375 0.49666667 0.546875 0.485 0.55885416 0.46916667 0.565625 0.46333334 0.56875 0.46916667 0.57135415 0.47416666 0.59947914 0.485 0.628125 0.49166667 0.64479166 0.49083334 0.6927083 0.55083334 0.6984375 0.5783333
3 0.27864584 0.7816667 0.30729166 0.7816667 0.34635416 0.7733333 0.4109375 0.7575 0.42291668 0.75083333 0.42708334 0.73 0.42760417 0.7 0.41145834 0.5975 0.40260416 0.5308333 0.39791667 0.49083334 0.39635417 0.45083332 0.3890625 0.44333333 0.3796875 0.44833332 0.3734375 0.4575 0.371875 0.47333333 0.36458334 0.48166665 0.33645833 0.46916667 0.32291666 0.46416667 0.2828125 0.46166667 0.26770833 0.4625 0.25989583 0.47583333 0.26770833 0.54083335 0.2734375 0.5675 0.2609375 0.6225 0.25885418 0.69166666 0.259375 0.7441667 0.25989583 0.76416665 0.2703125 0.7841667
