19 0.63177085 0.10583334 0.74583334 0.0375 0.7526042 0.04 0.759375 0.048333332 0.80625 0.245 0.80364585 0.25 0.80260414 0.25416666 0.80885416 0.25333333 0.81927085 0.29916668 0.81875 0.31 0.8125 0.32166666 0.7 0.39333335 0.69166666 0.39333335 0.68333334 0.38416666 0.6734375 0.33916667 0.67604166 0.33333334 0.67552084 0.33083335 0.6713542 0.33083335 0.62395835 0.12833333 0.6265625 0.11666667
19 0.67760414 0.4325 0.7473958 0.575 0.7447917 0.58 0.7447917 0.58416665 0.7473958 0.58416665 0.7515625 0.5808333 0.76927084 0.62 0.76927084 0.63416666 0.7651042 0.6433333 0.73645836 0.67583334 0.6703125 0.7683333 0.66614586 0.7683333 0.66197914 0.7683333 0.63958335 0.7266667 0.63958335 0.72 0.6354167 0.72083336 0.57447916 0.59833336 0.5541667 0.55916667 0.5515625 0.55 0.5541667 0.53833336 0.55677086 0.5283333 0.59739584 0.48333332 0.63645834 0.42666668 0.653125 0.41 0.65989584 0.41 0.6671875 0.41583332
19 0.42552084 0.685 0.52708334 0.57166666 0.53541666 0.57 0.5416667 0.5733333 0.559375 0.6141667 0.5578125 0.6191667 0.559375 0.6225 0.5625 0.62166667 0.60729164 0.7225 0.6390625 0.79333335 0.6390625 0.80583334 0.634375 0.815 0.5359375 0.9266667 0.52552086 0.92833334 0.5171875 0.91833335 0.44427082 0.7583333 0.44427082 0.7558333 0.44583333 0.75166667 0.4453125 0.74916667 0.440625 0.75 0.4234375 0.7108333 0.421875 0.69916666
19 0.16666667 0.5575 0.23958333 0.6025 0.23958333 0.6091667 0.24322917 0.61083335 0.24583334 0.6075 0.27604166 0.62916666 0.27916667 0.63916665 0.2796875 0.65416664 0.24166666 0.8075 0.23489584 0.83416665 0.22760417 0.8433333 0.21979167 0.8441667 0.1921875 0.8233333 0.190625 0.81583333 0.18697916 0.8183333 0.1203125 0.7758333 0.08802083 0.765 0.054166667 0.74333334 0.048958335 0.7341667 0.052083332 0.7133333 0.08958333 0.5833333 0.103125 0.52666664 0.1109375 0.5225 0.1171875 0.5233333 0.12760417 0.5308333 0.1375 0.5625 0.1453125 0.565 0.14895834 0.56583333
19 0.40260416 0.38333333 0.46302083 0.54333335 0.465625 0.555 0.46510416 0.56666666 0.46458334 0.57 0.43541667 0.59833336 0.42916667 0.5991667 0.43125 0.605 0.37760416 0.6558333 0.31510416 0.7158333 0.30833334 0.7133333 0.30260417 0.7083333 0.2796875 0.65 0.2796875 0.64 0.27604166 0.62916666 0.26875 0.62333333 0.23489584 0.5416667 0.234375 0.5275 0.23697917 0.51916665 0.24166666 0.5108333 0.34427083 0.41333333 0.3859375 0.3725 0.39375 0.3725
19 0.07083333 0.2875 0.0828125 0.34 0.0859375 0.33666667 0.08802083 0.33916667 0.08802083 0.34333333 0.083333336 0.34583333 0.1265625 0.52166665 0.1328125 0.54833335 0.13697916 0.56166667 0.14895834 0.56583333 0.16979167 0.55583334 0.1859375 0.54583335 0.2359375 0.51916665 0.2421875 0.50916666 0.23333333 0.50416666 0.19635417 0.3625 0.18177083 0.31166667 0.18229167 0.29916668 0.1859375 0.2875 0.23072916 0.26083332 0.22135417 0.21333334 0.21666667 0.20666666 0.20729166 0.205 0.1515625 0.2325 0.0796875 0.26333332 0.07395833 0.27166668 0.07239583 0.27416667
19 0.2328125 0.25916666 0.31614584 0.20833333 0.31927082 0.21333334 0.32083333 0.2025 0.34010416 0.19083333 0.32395834 0.31333333 0.3234375 0.33416668 0.32708332 0.34333333 0.33697918 0.3525 0.3953125 0.36916667 0.40989584 0.375 0.41041666 0.3925 0.40885416 0.39833334 0.4015625 0.38166666 0.39375 0.3725 0.38541666 0.3725 0.35989583 0.39833334 0.25833333 0.495 0.24322917 0.5083333 0.23333333 0.505 0.20052083 0.37833333 0.18177083 0.31166667 0.18229167 0.29833335 0.18645833 0.28583333
19 0.53541666 0.17083333 0.5942708 0.3575 0.59375 0.35833332 0.59166664 0.36583334 0.59375 0.3675 0.5984375 0.3675 0.61145836 0.40916666 0.61145836 0.42166665 0.60625 0.43166667 0.50885415 0.5175 0.49479166 0.5275 0.48958334 0.5275 0.484375 0.52166665 0.46822917 0.47833332 0.47083333 0.47166666 0.46979168 0.46666667 0.46614584 0.46833333 0.43802083 0.37833333 0.40625 0.28916666 0.40208334 0.26666668 0.41041666 0.25166667 0.48645833 0.19083333 0.5208333 0.16083333 0.52760416 0.15916666 0.5296875 0.16166666
19 0.36822918 0.043333333 0.4890625 0.086666666 0.49791667 0.093333334 0.5 0.10333333 0.50104165 0.10916667 0.49270833 0.18583333 0.42552084 0.24 0.40989584 0.25166667 0.4015625 0.2675 0.40572917 0.2875 0.44010416 0.38333333 0.43333334 0.38166666 0.40885416 0.37416667 0.33802083 0.3525 0.33072916 0.3475 0.3234375 0.33416668 0.32447916 0.3025 0.3265625 0.29333332 0.34322917 0.175 0.35677084 0.054166667 0.36041668 0.046666667
19 0.82447916 0.3075 0.94375 0.32416666 0.953125 0.32916668 0.95625 0.345 0.95416665 0.38583332 0.9505208 0.3925 0.9515625 0.39416668 0.95208335 0.39583334 0.9458333 0.46416667 0.9427083 0.60083336 0.9359375 0.615 0.9270833 0.6191667 0.80677086 0.6016667 0.8 0.5925 0.7994792 0.5783333 0.80625 0.48 0.81145835 0.37833333 0.81666666 0.37583333 0.8151042 0.3725 0.81145835 0.37166667 0.81145835 0.32333332 0.8177083 0.315
