20 0.1828125 0.0025 0.5260417 0.0 0.47916666 0.013333334 0.46145833 0.013333334 0.45625 0.0125 0.42135417 0.025833333 0.38541666 0.04083333 0.34270832 0.0575 0.31979167 0.054166667 0.30364582 0.051666666 0.26614583 0.0475 0.2390625 0.045 0.20052083 0.034166668 0.190625 0.024166666 0.18645833 0.015
19 0.0703125 0.48666668 0.171875 0.5158333 0.2 0.52 0.20677084 0.5316667 0.20729166 0.54833335 0.20677084 0.58 0.2046875 0.5908333 0.18385416 0.76916665 0.1828125 0.8016667 0.18020834 0.8125 0.17447917 0.8225 0.165625 0.82666665 0.045833334 0.7975 0.027083334 0.7866667 0.026041666 0.7783333 0.027083334 0.75416666 0.04375 0.645 0.050520834 0.56083333 0.0515625 0.5441667 0.0578125 0.5075 0.059375 0.50166667 0.063541666 0.49666667
6 0.4203125 0.16 0.4453125 0.19 0.51666665 0.29083332 0.534375 0.30583334 0.5286458 0.31666666 0.5151042 0.33583334 0.50885415 0.35333332 0.5083333 0.36666667 0.50572914 0.36833334 0.47395834 0.32916668 0.45729166 0.315 0.44270834 0.3125 0.43854168 0.36333334 0.43645832 0.39583334 0.38020834 0.33833334 0.35572916 0.31 0.35208333 0.30416667 0.36822918 0.2675 0.38125 0.24583334 0.4109375 0.18 0.41458333 0.16666667
14 0.5515625 0.10916667 0.6020833 0.09833334 0.6255208 0.09583333 0.6255208 0.119166665 0.615625 0.15833333 0.61145836 0.16916667 0.6145833 0.20916666 0.61875 0.34916666 0.6197917 0.375 0.56354165 0.39583334 0.55833334 0.18833333 0.5578125 0.14333333 0.55572915 0.13416667 0.55052084 0.1275 0.5484375 0.119166665
5 0.6171875 0.1725 0.73645836 0.14583333 0.79010415 0.1325 0.80104166 0.13 0.8020833 0.22666667 0.80104166 0.29083332 0.8020833 0.36416668 0.8130208 0.41166666 0.821875 0.4525 0.82604164 0.47916666 0.82604164 0.49 0.8125 0.4925 0.75885415 0.49666667 0.7234375 0.49083334 0.7015625 0.49666667 0.68541664 0.50166667 0.6510417 0.51166666 0.64270836 0.51166666 0.64166665 0.45833334 0.65 0.36833334 0.6411458 0.36583334 0.63697916 0.30166668 0.6333333 0.2825 0.6322917 0.24583334 0.61822915 0.205 0.61614585 0.17916666
8 0.803125 0.27666667 0.8125 0.27666667 0.82604164 0.27833334 0.83125 0.28833333 0.8328125 0.30416667 0.83177084 0.3275 0.834375 0.36 0.8411458 0.405 0.84791666 0.46083334 0.85572916 0.5183333 0.85572916 0.52916664 0.8598958 0.5683333 0.85833335 0.58666664 0.85833335 0.59833336 0.8546875 0.6041667 0.8463542 0.61 0.8265625 0.62166667 0.7875 0.6325 0.77552086 0.6358333 0.76197916 0.6358333 0.7473958 0.64 0.7416667 0.64 0.7328125 0.63416666 0.7260417 0.57416666 0.721875 0.52 0.72291666 0.49166667 0.7515625 0.49666667 0.7682292 0.495 0.82604164 0.49083334 0.82604164 0.47583333 0.80885416 0.38583332 0.80364585 0.36666667 0.803125 0.285
0 0.47552082 0.62166667 0.528125 0.655 0.5541667 0.665 0.58125 0.67833334 0.6010417 0.6933333 0.62708336 0.7058333 0.63645834 0.6666667 0.63645834 0.6425 0.640625 0.5875 0.6375 0.55833334 0.63385415 0.545 0.6401042 0.48 0.64166665 0.44666666 0.646875 0.38916665 0.6484375 0.36833334 0.63072914 0.36833334 0.62604165 0.3725 0.6234375 0.375 0.6197917 0.37583333 0.553125 0.40083334 0.53229165 0.41083333 0.51354164 0.38416666 0.4984375 0.36333334 0.46875 0.32666665 0.45572916 0.3175 0.44322917 0.315 0.43802083 0.39666668 0.43645832 0.44 0.43489584 0.4625 0.43489584 0.47166666 0.43072918 0.48083332 0.42083332 0.5083333 0.41302082 0.53583336 0.4015625 0.58666664 0.4 0.5966667 0.40052083 0.6 0.4078125 0.6041667 0.41927084 0.6075 0.44322917 0.6166667 0.4625 0.62083334 0.465625 0.62083334
7 0.365625 0.945 0.39583334 0.9425 0.41510418 0.94083333 0.46458334 0.9433333 0.48802084 0.9508333 0.509375 0.9525 0.5296875 0.97083336 0.5473958 0.9841667 0.55885416 0.9891667 0.56614584 0.9891667 0.5729167 0.8858333 0.57604164 0.8491667 0.58177084 0.8358333 0.58489585 0.80083334 0.58489585 0.7775 0.5890625 0.7191667 0.59375 0.69083333 0.57447916 0.6775 0.5078125 0.68 0.48802084 0.68083334 0.48020834 0.6825 0.4546875 0.66833335 0.4234375 0.6625 0.40729168 0.6525 0.38333333 0.63916665 0.3796875 0.63916665 0.37239584 0.79583335 0.3703125 0.86083335 0.3625 0.92 0.3609375 0.93416667
11 0.63854164 0.62583333 0.6666667 0.6433333 0.6796875 0.65833336 0.69739586 0.67833334 0.69947916 0.68083334 0.63697916 0.8225 0.61145836 0.885 0.61041665 0.8858333 0.603125 0.87833333 0.5796875 0.84583336 0.58229166 0.8375 0.5854167 0.7991667 0.5854167 0.7708333 0.59010416 0.72083336 0.5953125 0.69166666 0.61875 0.705 0.62708336 0.7075 0.6375 0.6691667 0.63854164 0.65833336 0.6375 0.63166666
11 0.4625 0.6225 0.475 0.6225 0.5130208 0.6475 0.53229165 0.65833336 0.5697917 0.6741667 0.54375 0.67583334 0.49010417 0.68 0.48125 0.68083334 0.46354166 0.6716667 0.45833334 0.6675 0.45 0.6666667 0.4453125 0.6625 0.4453125 0.65833336 0.446875 0.64916664 0.4609375 0.62666667
4 0.7447917 0.6425 0.7640625 0.63666666 0.77708334 0.63666666 0.7838542 0.63916665 0.78697914 0.65166664 0.7953125 0.77666664 0.7984375 0.7991667 0.80260414 0.8075 0.8140625 0.82166666 0.828125 0.835 0.83802086 0.8725 0.84010416 0.89916664 0.8385417 0.92333335 0.83020836 0.9533333 0.8171875 0.9725 0.8072917 0.9825 0.79322916 0.9891667 0.7807292 0.995 0.7583333 0.9891667 0.74635416 0.9775 0.7291667 0.9525 0.721875 0.9166667 0.7239583 0.87666667 0.728125 0.8566667 0.73802084 0.8375 0.74583334 0.8225 0.74895835 0.8075 0.74791664 0.7575 0.74010414 0.67083335 0.74010414 0.6525 0.7421875 0.64916664
18 0.0859375 0.0 0.102604166 0.016666668 0.11875 0.0325 0.13072917 0.028333334 0.1359375 0.0275 0.13958333 0.019166667 0.14635417 0.0
