19 0.7104167 0.5883333 0.6901042 0.635 0.6984375 0.6675 0.6984375 0.6791667 0.6979167 0.68583333 0.6953125 0.6925 0.65260416 0.7158333 0.6515625 0.725 0.6515625 0.73833334 0.66041666 0.75166667 0.68125 0.7775 0.715625 0.81583333 0.7473958 0.85333335 0.79322916 0.9066667 0.80052084 0.91333336 0.80625 0.91333336 0.81145835 0.9075 0.828125 0.87166667 0.8703125 0.7783333 0.88489586 0.74833333 0.8890625 0.7375 0.88958335 0.7291667 0.88697916 0.7183333 0.8765625 0.70666665 0.8364583 0.66333336 0.8171875 0.64416665 0.7864583 0.6091667 0.76979166 0.58916664 0.7671875 0.59166664 0.7651042 0.59166664 0.7661458 0.58416665 0.740625 0.555 0.7338542 0.55083334 0.73020834 0.55333334 0.72239584 0.56083333
19 0.47447917 0.59833336 0.5 0.7 0.52135414 0.785 0.528125 0.79 0.5364583 0.79 0.565625 0.76916665 0.6078125 0.7416667 0.6536458 0.715 0.6796875 0.7008333 0.6947917 0.6925 0.6979167 0.68833333 0.69895834 0.67 0.6880208 0.63166666 0.67864585 0.59583336 0.65520835 0.48833334 0.64947915 0.47833332 0.6458333 0.47583333 0.6359375 0.47833332 0.63177085 0.48166665 0.653125 0.6166667 0.65208334 0.6325 0.64479166 0.6433333 0.6322917 0.6475 0.59270835 0.66083336 0.525 0.68583333 0.51666665 0.68583333 0.5104167 0.6825 0.5072917 0.675 0.5026042 0.6525 0.490625 0.5683333 0.48385417 0.5733333 0.4796875 0.5783333 0.475 0.5858333 0.47395834 0.59
19 0.40208334 0.57166666 0.42291668 0.60083336 0.4671875 0.6575 0.48802084 0.68416667 0.49114582 0.6791667 0.49322918 0.68 0.49427083 0.6816667 0.4921875 0.68916667 0.49791667 0.69666666 0.49166667 0.6691667 0.47708333 0.6116667 0.47395834 0.59833336 0.47395834 0.5883333 0.47916666 0.58 0.484375 0.5733333 0.490625 0.5683333 0.48854166 0.5391667 0.45677084 0.55 0.4140625 0.56583333 0.41197917 0.55916667 0.409375 0.55916667 0.409375 0.56333333 0.40885416 0.5683333
19 0.540625 0.36333334 0.56822914 0.3525 0.6020833 0.33833334 0.6088542 0.34166667 0.61354166 0.3475 0.615625 0.35666665 0.62083334 0.4025 0.61875 0.405 0.621875 0.41 0.63177085 0.4825 0.6510417 0.60083336 0.6536458 0.6166667 0.65260416 0.6333333 0.64427084 0.64416665 0.5875 0.6625 0.52708334 0.685 0.5203125 0.68666667 0.51145834 0.68333334 0.50885415 0.68083334 0.50677085 0.67583334 0.5015625 0.64666665 0.49270833 0.5833333 0.48958334 0.55583334 0.48802084 0.5391667 0.5296875 0.5258333 0.54583335 0.52 0.5463542 0.5158333 0.5520833 0.50916666 0.5546875 0.49833333 0.5520833 0.47416666 0.54114586 0.41416666 0.53541666 0.36583334
19 0.35208333 0.44583333 0.365625 0.56166667 0.36979166 0.5708333 0.37760416 0.57666665 0.38958332 0.5733333 0.409375 0.56916666 0.409375 0.55833334 0.41145834 0.55833334 0.41510418 0.56666666 0.45833334 0.55 0.49635416 0.5366667 0.5453125 0.5208333 0.546875 0.515 0.5515625 0.51 0.5546875 0.49916667 0.5515625 0.4725 0.54114586 0.41166666 0.53489584 0.365 0.5286458 0.30083334 0.52447915 0.28833333 0.5203125 0.28583333 0.515625 0.28583333 0.48125 0.30166668 0.41614583 0.32416666 0.3859375 0.335 0.38541666 0.34 0.384375 0.34166667 0.38229167 0.34083334 0.38020834 0.33583334 0.35104167 0.3475 0.34322917 0.35916665 0.34322917 0.37416667
19 0.4078125 0.09916667 0.43333334 0.1 0.43333334 0.13166666 0.4328125 0.20333333 0.43645832 0.22 0.44270834 0.22666667 0.45364583 0.23 0.4765625 0.23 0.4765625 0.22416666 0.48020834 0.22083333 0.48125 0.22833334 0.5390625 0.22833334 0.53802085 0.36333334 0.53489584 0.36583334 0.5286458 0.3025 0.52447915 0.28833333 0.51770836 0.28416666 0.509375 0.28916666 0.4765625 0.30333334 0.39427084 0.33166668 0.39375 0.17666666 0.39739582 0.17583333 0.39895833 0.17083333 0.39791667 0.17 0.39427084 0.16916667 0.39375 0.11833333 0.4015625 0.1025
19 0.43229166 0.07416666 0.43229166 0.016666668 0.434375 0.0033333334 0.43541667 0.0 0.47604167 0.0 0.47760418 0.0016666667 0.47916666 0.0 0.6234375 0.0 0.625 0.010833333 0.62708336 0.145 0.628125 0.2075 0.625 0.2175 0.6197917 0.2225 0.61510414 0.225 0.53802085 0.22833334 0.48177084 0.22916667 0.48020834 0.22083333 0.47708333 0.22416666 0.47708333 0.23 0.45416668 0.23083334 0.44270834 0.22666667 0.43645832 0.22083333 0.4328125 0.205 0.4328125 0.0925
19 0.6453125 0.17416666 0.68072915 0.21083333 0.690625 0.22333333 0.69375 0.2325 0.69322914 0.24333334 0.6921875 0.25083333 0.675 0.29083332 0.671875 0.2875 0.66979164 0.28833333 0.6692708 0.29333332 0.6723958 0.2975 0.6692708 0.30333334 0.64427084 0.35583332 0.6223958 0.40916666 0.61927086 0.40583333 0.62135416 0.40166667 0.615625 0.35083333 0.61354166 0.34666666 0.60520834 0.33916667 0.60052085 0.33916667 0.5390625 0.36416668 0.5390625 0.26416665 0.55364585 0.2275 0.61510414 0.22666667 0.625 0.21833333 0.6276042 0.20666666 0.6276042 0.15416667
19 0.5390625 0.23 0.5390625 0.26416665 0.55364585 0.2275 0.5390625 0.22833334
19 0.55572915 0.7966667 0.58020836 0.9058333 0.5984375 0.9925 0.603125 0.995 0.60260415 1.0 0.74010414 1.0 0.7484375 0.9941667 0.7505208 0.98 0.7505208 0.9725 0.74114585 0.93 0.7359375 0.93 0.73541665 0.9266667 0.73854166 0.9241667 0.7375 0.9191667 0.71875 0.835 0.71510416 0.81583333 0.6770833 0.77166665 0.65729165 0.7475 0.653125 0.74083334 0.6510417 0.735 0.6510417 0.725 0.63177085 0.735 0.58802086 0.75916666 0.5677083 0.7683333 0.5630208 0.7708333 0.5578125 0.7816667
