20 0.20625 0.27416667 0.14270833 0.32666665 0.1140625 0.3525 0.09375 0.36666667 0.09739583 0.3975 0.11354167 0.44166666 0.13229166 0.48666668 0.1421875 0.50416666 0.19270833 0.47833332 0.22864583 0.44833332 0.2671875 0.41916665 0.2875 0.4175 0.30885416 0.43416667 0.33125 0.44833332 0.34322917 0.4325 0.35625 0.42 0.375 0.415 0.39375 0.3925 0.39947918 0.37333333 0.41875 0.36416668 0.41614583 0.31916666 0.40885416 0.2525 0.39322916 0.21583334 0.38854167 0.2 0.37916666 0.1675 0.35833332 0.1225 0.346875 0.1225 0.34010416 0.13 0.30520833 0.2025 0.29010418 0.22416666 0.27864584 0.24083333 0.24270834 0.26 0.21510416 0.26916668
20 0.57916665 0.004166667 0.553125 0.044166666 0.53802085 0.07083333 0.51197916 0.1 0.49947917 0.123333335 0.5005208 0.14166667 0.5130208 0.15 0.521875 0.145 0.5296875 0.1725 0.5421875 0.22 0.57395834 0.31416667 0.5953125 0.37916666 0.61145836 0.44416666 0.6203125 0.49 0.6296875 0.53833336 0.6375 0.5733333 0.64739585 0.58666664 0.67552084 0.575 0.6958333 0.5625 0.7291667 0.5416667 0.76927084 0.52166665 0.7859375 0.5058333 0.77447915 0.4625 0.75989586 0.41916665 0.7036458 0.24666667 0.68385416 0.17916666 0.65 0.07416666 0.6354167 0.033333335 0.6234375 0.013333334 0.58489585 0.0
20 0.596875 0.39333335 0.58177084 0.4025 0.5619792 0.41166666 0.5359375 0.43166667 0.52760416 0.44833332 0.50989586 0.45166665 0.4921875 0.4575 0.48333332 0.47666666 0.46354166 0.46083334 0.44114584 0.43166667 0.42864582 0.41916665 0.4109375 0.41583332 0.39166668 0.41 0.375 0.41583332 0.35729167 0.41916665 0.34375 0.43166667 0.33645833 0.44583333 0.33177084 0.45583335 0.3328125 0.4775 0.334375 0.525 0.33958334 0.56083333 0.34166667 0.58666664 0.34270832 0.6041667 0.33229166 0.62166667 0.346875 0.6191667 0.36145833 0.6125 0.38541666 0.61583334 0.4375 0.6275 0.45 0.6325 0.459375 0.60333335 0.46510416 0.59 0.47291666 0.5733333 0.4828125 0.5708333 0.50625 0.58416665 0.53697914 0.59833336 0.56875 0.6225 0.59166664 0.6333333 0.615625 0.62416667 0.6510417 0.61583334 0.6609375 0.61083335 0.66979164 0.5775 0.6484375 0.58666664 0.63697916 0.5733333 0.6145833 0.45916668 0.6067708 0.425 0.59739584 0.39416668
20 0.35625 0.62333333 0.35677084 0.6325 0.3703125 0.68583333 0.39375 0.7733333 0.41822916 0.8491667 0.43333334 0.88 0.440625 0.9091667 0.4546875 0.95916665 0.46927083 0.99083334 0.6302083 1.0 0.671875 1.0 0.62916666 0.9658333 0.6010417 0.94416666 0.58697915 0.935 0.5677083 0.9141667 0.528125 0.87166667 0.5026042 0.83916664 0.4734375 0.8 0.45364583 0.775 0.41979167 0.7216667 0.41510418 0.7025 0.4390625 0.665 0.4546875 0.635 0.4375 0.6275 0.38541666 0.61583334 0.36145833 0.6125 0.35729167 0.61583334
20 0.5859375 0.6358333 0.6234375 0.6791667 0.6703125 0.74333334 0.7 0.77666664 0.7296875 0.7825 0.7515625 0.7891667 0.77760416 0.8075 0.7953125 0.825 0.80833334 0.8466667 0.8046875 0.87166667 0.76145834 0.9891667 0.75364584 1.0 0.67760414 1.0 0.67083335 0.99916667 0.6296875 0.9658333 0.60052085 0.94416666 0.5885417 0.93416667 0.5260417 0.87 0.49375 0.82666665 0.453125 0.77416664 0.4375 0.75 0.4234375 0.7275 0.41979167 0.7216667 0.41510418 0.7025 0.43958333 0.6641667 0.4546875 0.635 0.45052084 0.6325 0.45989582 0.6025 0.47239584 0.575 0.4828125 0.5683333 0.51770836 0.5908333 0.54010415 0.6025 0.5755208 0.625
20 0.76666665 0.5308333 0.7838542 0.5808333 0.7994792 0.635 0.7984375 0.66833335 0.78697914 0.6983333 0.7604167 0.735 0.7375 0.7816667 0.7026042 0.775 0.66822916 0.74083334 0.6328125 0.69 0.6375 0.67 0.646875 0.6383333 0.659375 0.6116667 0.66979164 0.5775 0.7057292 0.55583334 0.7390625 0.5366667 0.7630208 0.5283333
20 0.746875 0.1325 0.7828125 0.1825 0.80885416 0.22416666 0.8463542 0.305 0.9046875 0.38833332 0.93385416 0.45416668 0.9609375 0.49416667 0.978125 0.535 0.978125 0.5625 0.94895834 0.60083336 0.9223958 0.6433333 0.89427084 0.68333334 0.87916666 0.68583333 0.8333333 0.6308333 0.80104166 0.575 0.7760417 0.5158333 0.7864583 0.50333333 0.7734375 0.45666668 0.69947916 0.23333333 0.6875 0.19166666 0.7015625 0.17083333 0.71875 0.14583333 0.73854166 0.12833333
20 0.9166667 0.66 0.9380208 0.7025 0.96197915 0.73833334 0.9635417 0.75666666 0.9546875 0.79 0.9322917 0.8208333 0.8979167 0.8433333 0.85572916 0.86833334 0.8255208 0.885 0.79322916 0.90166664 0.8046875 0.87166667 0.80833334 0.8466667 0.7953125 0.8225 0.77760416 0.8075 0.7526042 0.78833336 0.73645836 0.7825 0.7609375 0.73583335 0.78802085 0.69916666 0.79895836 0.6666667 0.8020833 0.64666665 0.82708335 0.62 0.83385414 0.6308333 0.87864584 0.68666667 0.89375 0.68333334 0.9140625 0.6558333
20 0.9375 0.62916666 0.971875 0.66083336 0.9875 0.67583334 0.9973958 0.685 0.9947917 0.81916666 0.98541665 0.88916665 0.9609375 0.93583333 0.94895834 0.97083336 0.93645835 0.9975 0.78125 0.99583334 0.790625 0.94916666 0.80625 0.8958333 0.89166665 0.8475 0.9328125 0.82 0.95520836 0.79 0.9635417 0.7558333 0.9625 0.73833334 0.9380208 0.7025 0.91770834 0.66 0.9140625 0.6558333 0.93541664 0.6275
20 0.12083333 0.0033333334 0.12291667 0.029166667 0.123958334 0.07833333 0.1265625 0.115833335 0.12760417 0.145 0.12552084 0.1675 0.11770833 0.17583333 0.12135417 0.19 0.15989584 0.19583334 0.22395833 0.185 0.25260416 0.17583333 0.27708334 0.19083333 0.30104166 0.20166667 0.30520833 0.20166667 0.3265625 0.15916666 0.334375 0.1425 0.33958334 0.12916666 0.346875 0.123333335 0.3578125 0.123333335 0.3625 0.13416667 0.37864584 0.16583334 0.3890625 0.2025 0.40364584 0.21 0.453125 0.21916667 0.48697916 0.22083333 0.49322918 0.20916666 0.49427083 0.17583333 0.49010417 0.0775 0.48854166 0.00083333335 0.128125 0.0
