2 0.33229166 0.61583334 0.3921875 0.83916664 0.40833333 0.835 0.43697917 0.80916667 0.45 0.8016667 0.459375 0.8 0.47864583 0.7875 0.5265625 0.75416666 0.55885416 0.7266667 0.5541667 0.7083333 0.5338542 0.63166666 0.49947917 0.5158333 0.49947917 0.51416665 0.3984375 0.57666665
2 0.30729166 0.63 0.29479167 0.645 0.3390625 0.7133333 0.37552083 0.7808333 0.37552083 0.77916664 0.33229166 0.6166667 0.33177084 0.61583334
2 0.3625 0.7583333 0.3609375 0.85 0.3609375 0.88666666 0.44270834 0.8933333 0.4078125 0.835 0.39166668 0.83916664 0.3765625 0.7816667 0.375 0.7816667 0.36510417 0.7625
2 0.409375 0.83666664 0.46197918 0.925 0.46510416 0.925 0.5078125 0.85333335 0.57135415 0.74666667 0.590625 0.7175 0.55104166 0.6558333 0.534375 0.63166666 0.559375 0.7266667 0.55833334 0.7275 0.52760416 0.7558333 0.46145833 0.8 0.45052084 0.8016667 0.43697917 0.81083333 0.409375 0.835
2 0.48229167 0.8975 0.5833333 0.9125 0.59583336 0.9116667 0.5989583 0.79333335 0.6046875 0.62 0.5296875 0.6141667 0.5296875 0.615 0.52916664 0.615 0.5338542 0.63166666 0.53541666 0.6325 0.5911458 0.7175 0.5729167 0.745 0.5161458 0.84 0.48177084 0.8975
2 0.59739584 0.84166664 0.6255208 0.84166664 0.64375 0.835 0.646875 0.7966667 0.64739585 0.7725 0.6453125 0.74333334 0.6432292 0.7191667 0.64270836 0.6791667 0.64270836 0.6691667 0.64739585 0.625 0.6510417 0.46083334 0.59270835 0.46 0.51979166 0.45833334 0.5265625 0.48666668 0.52760416 0.49666667 0.5 0.5133333 0.5 0.5133333 0.49947917 0.515 0.525 0.6016667 0.5286458 0.6141667 0.5296875 0.6141667 0.5317708 0.6141667 0.5578125 0.61583334 0.6046875 0.62 0.6046875 0.62 0.6041667 0.6533333 0.5984375 0.7925
2 0.64479166 0.82666665 0.65625 0.8233333 0.68125 0.81083333 0.690625 0.80583334 0.68333334 0.75666666 0.67395836 0.705 0.66614586 0.63666666 0.6546875 0.5541667 0.65 0.52 0.6484375 0.595 0.6479167 0.625 0.6432292 0.6675 0.6432292 0.71666664 0.6479167 0.77166665 0.64739585 0.79
2 0.471875 0.265 0.55885416 0.23583333 0.63489586 0.20833333 0.65052086 0.31666666 0.65833336 0.37 0.67604166 0.4725 0.65208334 0.4825 0.6515625 0.48333332 0.6515625 0.46 0.55625 0.4575 0.51979166 0.4575 0.48385417 0.31083333
2 0.7 0.036666665 0.68385416 0.015 0.671875 0.0 0.72239584 0.0
2 0.24635416 0.37166667 0.29947916 0.34083334 0.334375 0.3225 0.36302084 0.305 0.425 0.2675 0.45572916 0.25083333 0.46614584 0.24333334 0.5052083 0.39916667 0.5265625 0.48833334 0.52760416 0.49583334 0.45885417 0.53833336 0.36197916 0.59833336 0.32239583 0.62083334 0.30208334 0.6325 0.29114583 0.5725 0.28645834 0.535 0.27552083 0.49583334 0.24947916 0.38666666
