4 0.09427083 0.55916667 0.12291667 0.5733333 0.1296875 0.58166665 0.14166667 0.59 0.1609375 0.6 0.171875 0.6116667 0.20625 0.75916666 0.21302083 0.7683333 0.2171875 0.76916665 0.24479167 0.745 0.25 0.73833334 0.25208333 0.7225 0.2203125 0.5908333 0.24010417 0.5833333 0.25677082 0.5858333 0.275 0.5933333 0.290625 0.61 0.30052084 0.62916666 0.30729166 0.6533333 0.3109375 0.6725 0.31145832 0.7033333 0.30729166 0.7266667 0.29583332 0.75083333 0.29010418 0.7625 0.27395833 0.78 0.26458332 0.7866667 0.25572917 0.79083335 0.23854166 0.7891667 0.22083333 0.7841667 0.21145834 0.77416664 0.20208333 0.7633333 0.18958333 0.73833334 0.18385416 0.715 0.18072917 0.6983333 0.17135416 0.6875 0.07083333 0.62916666 0.06979167 0.6191667 0.08229167 0.56416667 0.088541664 0.55916667
4 0.35416666 0.5258333 0.353125 0.53583336 0.353125 0.5425 0.35520834 0.5475 0.359375 0.5516667 0.38072917 0.55833334 0.37708333 0.55 0.37239584 0.5441667 0.3640625 0.5375 0.35989583 0.5325
4 0.5385417 0.3225 0.43333334 0.3375 0.42760417 0.335 0.41927084 0.32583332 0.40989584 0.31 0.396875 0.29583332 0.3765625 0.2875 0.3640625 0.28583333 0.35208333 0.2875 0.33541667 0.29666665 0.3203125 0.31583333 0.31197917 0.33083335 0.30520833 0.35083333 0.3046875 0.35166666 0.30104166 0.37333333 0.3 0.39916667 0.30208334 0.42166665 0.309375 0.44583333 0.315625 0.45916668 0.328125 0.4775 0.33333334 0.48333332 0.32864583 0.45666668 0.32864583 0.43083334 0.3328125 0.4075 0.3390625 0.3875 0.34791666 0.36833334 0.35625 0.35583332 0.37604168 0.34083334 0.3921875 0.3375 0.40729168 0.34 0.428125 0.35 0.44322917 0.36916667 0.453125 0.39083335 0.45885417 0.41666666 0.54114586 0.40416667 0.54583335 0.4 0.54895836 0.39333335 0.54583335 0.335 0.54322916 0.32916668
4 0.46145833 0.43333334 0.45885417 0.4175 0.45364583 0.39083335 0.4421875 0.36833334 0.42916667 0.35 0.40677083 0.33916667 0.39270833 0.3375 0.3765625 0.34083334 0.35520834 0.3575 0.34791666 0.36833334 0.33854166 0.38666666 0.33333334 0.40583333 0.328125 0.42916667 0.32864583 0.45583335 0.33333334 0.48333332 0.3421875 0.5108333 0.3546875 0.5275 0.3640625 0.5375 0.37447917 0.5466667 0.378125 0.5516667 0.38229167 0.56083333 0.403125 0.7275 0.40833333 0.73583335 0.41458333 0.7366667 0.44895834 0.7241667 0.45260417 0.71666664 0.453125 0.7083333 0.434375 0.5466667 0.43489584 0.5366667 0.44270834 0.5175 0.45364583 0.49333334 0.45885417 0.47333333 0.46145833 0.45083332
4 0.546875 0.45916668 0.5317708 0.45833334 0.5151042 0.46333334 0.4984375 0.47666666 0.48645833 0.49333334 0.48125 0.49833333 0.47395834 0.50083333 0.45208332 0.49666667 0.4421875 0.5183333 0.434375 0.5366667 0.434375 0.545 0.4375 0.57416666 0.4578125 0.5808333 0.46458334 0.5858333 0.47135416 0.5933333 0.47604167 0.6066667 0.48072916 0.62 0.48802084 0.6375 0.49895832 0.65 0.5072917 0.65833336 0.52135414 0.6675 0.53229165 0.6691667 0.5473958 0.6675 0.55572915 0.6641667 0.56927085 0.6558333 0.58020836 0.64166665 0.59166664 0.62 0.5989583 0.595 0.6020833 0.5758333 0.6015625 0.55 0.60052085 0.5325 0.59583336 0.5175 0.5885417 0.49833333 0.57916665 0.4825 0.565625 0.46916667 0.5520833 0.46083334
4 0.59375 0.8125 0.51145834 0.7083333 0.5072917 0.6983333 0.50572914 0.69 0.50572914 0.6575 0.4875 0.6375 0.47916666 0.615 0.47135416 0.5933333 0.4640625 0.585 0.4578125 0.5808333 0.43697917 0.57416666 0.45364583 0.71 0.45260417 0.71666664 0.44947916 0.7241667 0.415625 0.73583335 0.40885416 0.73583335 0.403125 0.7275 0.3875 0.6066667 0.3796875 0.6275 0.37395832 0.6625 0.37447917 0.6875 0.37864584 0.715 0.3859375 0.735 0.3984375 0.75416666 0.40885416 0.76666665 0.4234375 0.7758333 0.43697917 0.78 0.4515625 0.7758333 0.46614584 0.77166665 0.47760418 0.7733333 0.5630208 0.8775 0.56822914 0.87666667 0.57395834 0.87083334 0.5953125 0.82666665 0.5953125 0.81916666
4 0.6770833 0.4625 0.62708336 0.49916667 0.6244792 0.5025 0.6234375 0.5075 0.621875 0.5133333 0.63489586 0.56333333 0.63958335 0.5725 0.6458333 0.5733333 0.64947915 0.5708333 0.70520836 0.53 0.6796875 0.465
4 0.66197914 0.43166667 0.67083335 0.44416666 0.6802083 0.465 0.7125 0.5475 0.72239584 0.5683333 0.7260417 0.57416666 0.72864586 0.5783333 0.7328125 0.5808333 0.73645836 0.58166665 0.7682292 0.5516667 0.7703125 0.5375 0.7114583 0.39833334 0.70989585 0.3825 0.71197915 0.36583334 0.7171875 0.335 0.715625 0.30583334 0.7125 0.28666666 0.709375 0.27666667 0.69947916 0.255 0.6901042 0.24 0.6770833 0.2275 0.6625 0.21833333 0.6390625 0.21833333 0.63489586 0.22 0.62604165 0.2225 0.6109375 0.23416667 0.60260415 0.245 0.59010416 0.27166668 0.58697915 0.2875 0.584375 0.31166667 0.584375 0.3275 0.5859375 0.35 0.5942708 0.37583333 0.603125 0.3975 0.621875 0.41666666 0.6380208 0.425 0.65416664 0.42666668
4 0.7838542 0.3225 0.771875 0.32666665 0.75572914 0.3375 0.7453125 0.35 0.734375 0.37166667 0.72760415 0.39833334 0.72552085 0.41333333 0.72239584 0.42333335 0.7609375 0.5158333 0.771875 0.5233333 0.7864583 0.52666664 0.80052084 0.52666664 0.8140625 0.5208333 0.82916665 0.5075 0.84479165 0.48333332 0.8515625 0.45666668 0.85520834 0.43 0.85520834 0.41166666 0.84947914 0.38583332 0.84166664 0.36166668 0.82447916 0.33833334 0.8041667 0.32416666
4 0.55572915 0.24583334 0.60260415 0.245 0.6109375 0.23333333 0.6265625 0.2225 0.6359375 0.22 0.63854164 0.2175 0.66197914 0.2175 0.67760414 0.2275 0.690625 0.24 0.7 0.255 0.70885414 0.27583334 0.71197915 0.28583333 0.7135417 0.29666665 0.7171875 0.29666665 0.73020834 0.28583333 0.7427083 0.27083334 0.75208336 0.2475 0.7583333 0.2225 0.7604167 0.20083334 0.759375 0.18083334 0.75677085 0.1675 0.7494792 0.14416666 0.7427083 0.12833333 0.7338542 0.11666667 0.7239583 0.10583334 0.70677084 0.09583333 0.69375 0.095 0.68177086 0.095 0.66614586 0.1025 0.64739585 0.1225 0.63854164 0.145 0.6322917 0.155 0.6223958 0.16 0.5208333 0.16666667 0.5151042 0.17083333 0.5125 0.17666666 0.51354164 0.23583333 0.51458335 0.2425 0.51927084 0.24833333
4 0.2203125 0.59166664 0.25208333 0.7241667 0.25104168 0.7316667 0.25052083 0.7366667 0.2453125 0.7441667 0.21822916 0.76916665 0.21354167 0.76916665 0.20677084 0.7583333 0.171875 0.6116667 0.16302083 0.60083336 0.1421875 0.5908333 0.13020833 0.5825 0.119791664 0.56583333 0.1078125 0.53833336 0.10520833 0.50333333 0.10572917 0.47666666 0.115625 0.43916667 0.13645834 0.40666667 0.16458334 0.39083335 0.18177083 0.3925 0.20052083 0.40333334 0.21979167 0.43333334 0.22760417 0.46083334 0.23072916 0.48333332 0.23020834 0.505 0.228125 0.52416664 0.22239584 0.545 0.21666667 0.56666666
