3 0.27760416 0.7058333 0.30364582 0.77666664 0.3203125 0.8075 0.33385417 0.8625 0.34947917 0.90833336 0.35572916 0.9058333 0.36770833 0.8883333 0.36927083 0.8616667 0.39270833 0.85 0.42916667 0.8233333 0.4359375 0.835 0.45989582 0.83666664 0.4671875 0.8275 0.46927083 0.81 0.45104167 0.7416667 0.43645832 0.6558333 0.43072918 0.6383333 0.3390625 0.675 0.29270834 0.69166666
3 0.49114582 0.7083333 0.43333334 0.62916666 0.39583334 0.57916665 0.38385418 0.55583334 0.38697916 0.53583336 0.4328125 0.45833334 0.48333332 0.385 0.4875 0.3825 0.5130208 0.415 0.5338542 0.45083332 0.54791665 0.485 0.57239586 0.54 0.60520834 0.57666665 0.61041665 0.5925 0.60052085 0.6116667 0.57604164 0.65 0.5598958 0.67333335 0.53125 0.69083333 0.528125 0.70416665 0.53229165 0.72 0.5307292 0.7391667 0.5182292 0.74916667 0.50572914 0.73
3 0.25416666 0.71416664 0.22447917 0.52416664 0.2078125 0.47583333 0.25052083 0.455 0.3 0.44083333 0.3375 0.435 0.3515625 0.43833333 0.3734375 0.46416667 0.375 0.51666665 0.37760416 0.57416666 0.3796875 0.6275 0.37864584 0.6458333 0.37083334 0.66 0.35052082 0.6675 0.3375 0.65166664 0.3328125 0.64166665 0.30416667 0.6825 0.290625 0.69 0.27135417 0.715 0.26302084 0.7275
3 0.23854166 0.6358333 0.21770833 0.6375 0.20885417 0.635 0.215625 0.6533333 0.20989583 0.6641667 0.19479166 0.66083336 0.19270833 0.62083334 0.16979167 0.58416665 0.15729167 0.565 0.153125 0.5316667 0.14635417 0.51916665 0.1296875 0.50083333 0.13489583 0.47666666 0.14791666 0.45916668 0.17552084 0.45 0.19791667 0.43333334 0.20052083 0.3975 0.20989583 0.385 0.24635416 0.385 0.25416666 0.39083335 0.2609375 0.45083332 0.25416666 0.4525 0.20572917 0.47416666 0.21458334 0.49916667 0.22239584 0.525 0.2375 0.61333334 0.24010417 0.62666667
3 0.24635416 0.7183333 0.2046875 0.75 0.1828125 0.76166666 0.16770834 0.76666665 0.15833333 0.75916666 0.14166667 0.69416666 0.14427084 0.68083334 0.14947917 0.66333336 0.16302083 0.6575 0.17083333 0.6483333 0.175 0.64166665 0.18385416 0.6383333 0.19322917 0.63416666 0.19427083 0.6616667 0.209375 0.665 0.215625 0.65416664 0.2109375 0.63666666 0.21770833 0.6383333 0.23697917 0.6375 0.24010417 0.63166666 0.24739583 0.675 0.2515625 0.705
3 0.17083333 0.6175 0.15520833 0.595 0.1453125 0.5275 0.14427084 0.5183333 0.153125 0.5325 0.15625 0.565 0.1921875 0.62083334 0.19322917 0.6308333 0.18385416 0.6358333 0.175 0.63666666 0.1734375 0.63 0.17291667 0.62333333
3 0.13802083 0.47083333 0.12864584 0.4125 0.1359375 0.39416668 0.14322917 0.38833332 0.19739583 0.3725 0.2515625 0.3625 0.27760416 0.36416668 0.3140625 0.35916665 0.32291666 0.3625 0.33020833 0.37416667 0.33020833 0.39083335 0.3203125 0.41083333 0.3109375 0.41583332 0.3078125 0.42833334 0.31302083 0.43416667 0.31510416 0.4375 0.30104166 0.43833333 0.26354167 0.45 0.2609375 0.45 0.25520834 0.39166668 0.246875 0.38333333 0.209375 0.38333333 0.19947916 0.39916667 0.19635417 0.4325 0.17708333 0.44833332 0.14895834 0.45666668
3 0.10729167 0.52666664 0.109375 0.49916667 0.109375 0.4775 0.11145833 0.47 0.11927083 0.46916667 0.125 0.475 0.128125 0.485 0.1296875 0.49833333 0.1296875 0.5025 0.13958333 0.51416665 0.14375 0.52 0.15260416 0.58666664 0.15416667 0.59166664 0.140625 0.5783333 0.12552084 0.5683333 0.114583336 0.5391667 0.110416666 0.535
3 0.084895834 0.79 0.010416667 0.7241667 0.0 0.71416664 0.0 0.53333336 0.0 0.48166665 0.013541667 0.44666666 0.023958333 0.44416666 0.0328125 0.4475 0.0953125 0.5125 0.10989583 0.53583336 0.114583336 0.54083335 0.1234375 0.57 0.13385417 0.5758333 0.1421875 0.5808333 0.15260416 0.5933333 0.1703125 0.61833334 0.17395833 0.6308333 0.17239584 0.6425 0.1703125 0.645 0.16197917 0.6575 0.14791666 0.6641667 0.14270833 0.67833334 0.13645834 0.69916666 0.12552084 0.7183333 0.110416666 0.7183333 0.10729167 0.72583336 0.10729167 0.745 0.1109375 0.76416665 0.1109375 0.78583336 0.106770836 0.80333334 0.096354164 0.8025
3 0.12604167 0.27916667 0.0921875 0.27166668 0.065104164 0.24416667 0.0 0.20666666 0.0 0.35583332 0.0 0.4625 0.0046875 0.46333334 0.014583333 0.445 0.0234375 0.44166666 0.0328125 0.4475 0.065625 0.48083332 0.0796875 0.4725 0.091145836 0.47916666 0.1015625 0.48333332 0.10729167 0.45916668 0.09791667 0.4325 0.11770833 0.41 0.13229166 0.37 0.13697916 0.35833332 0.13802083 0.33333334 0.13697916 0.30166668 0.13385417 0.28583333
3 0.094791666 0.2625 0.1390625 0.17666666 0.17135416 0.1275 0.18177083 0.108333334 0.19375 0.10333333 0.20104167 0.10333333 0.22395833 0.13333334 0.2765625 0.20416667 0.284375 0.22083333 0.28697917 0.24416667 0.28229168 0.26416665 0.23385416 0.32416666 0.20885417 0.35333332 0.19583334 0.37083334 0.15677084 0.38333333 0.14114584 0.3875 0.1359375 0.3925 0.13125 0.4025 0.12708333 0.38666666 0.13854167 0.35666665 0.1390625 0.32166666 0.13802083 0.3 0.134375 0.28583333 0.12864584 0.2775 0.123958334 0.2775 0.09322917 0.27083334
3 0.050520834 0.99666667 0.09427083 0.9058333 0.13125 0.8233333 0.14479166 0.7925 0.1609375 0.79 0.18177083 0.7991667 0.20260416 0.81416667 0.23072916 0.85833335 0.26197916 0.90833336 0.26822916 0.9216667 0.26302084 0.9316667 0.253125 0.93916667 0.22760417 0.93083334 0.2328125 0.9508333 0.2375 0.9716667 0.23645833 0.9916667 0.22760417 1.0
