20 0.22604166 0.5325 0.21822916 0.55916667 0.2 0.61833334 0.19739583 0.6358333 0.19114584 0.6558333 0.17447917 0.6616667 0.15104167 0.65166664 0.14166667 0.64416665 0.1140625 0.6425 0.103125 0.64416665 0.088541664 0.65166664 0.08020833 0.6508333 0.07447917 0.62833333 0.07447917 0.5925 0.07760417 0.5225 0.08020833 0.4925 0.1296875 0.49416667 0.171875 0.50166667 0.20833333 0.5366667 0.215625 0.5308333 0.2171875 0.53333336 0.21927084 0.535
20 0.20989583 0.0 0.15104167 0.046666667 0.11145833 0.0825 0.13177083 0.20666666 0.14635417 0.26083332 0.1703125 0.26166666 0.2125 0.26666668 0.23958333 0.2775 0.24479167 0.28333333 0.246875 0.3075 0.2453125 0.44333333 0.22083333 0.52416664 0.215625 0.53 0.21770833 0.5341667 0.2203125 0.535 0.22916667 0.53333336 0.2578125 0.51416665 0.32135418 0.46333334 0.34895834 0.43916667 0.32239583 0.36166668 0.31458333 0.33166668 0.29427084 0.3075 0.26458332 0.29833335 0.25677082 0.29416665 0.26458332 0.2475 0.26979166 0.15833333 0.27135417 0.105 0.27760416 0.041666668 0.275 0.013333334 0.27708334 0.0
20 0.13541667 0.055 0.1171875 0.0525 0.10625 0.086666666 0.098958336 0.11666667 0.0921875 0.1325 0.08645833 0.19 0.0875 0.235 0.08645833 0.26 0.09166667 0.26416665 0.12916666 0.26666668 0.15052083 0.26416665 0.15572916 0.26166666 0.14635417 0.26166666 0.13020833 0.195 0.11145833 0.0825 0.13854167 0.0575
20 0.46666667 0.033333335 0.45520833 0.029166667 0.43802083 0.028333334 0.41354167 0.028333334 0.3890625 0.02 0.36041668 0.018333333 0.33229166 0.014166667 0.32395834 0.02 0.31875 0.039166667 0.3203125 0.093333334 0.32291666 0.17416666 0.31145832 0.25916666 0.30989584 0.28833333 0.31145832 0.32916668 0.315625 0.33333334 0.32083333 0.3575 0.3484375 0.43666667 0.30885416 0.47333333 0.3140625 0.55833334 0.36666667 0.5308333 0.43333334 0.49 0.46145833 0.48 0.47083333 0.485 0.47239584 0.44083333 0.46458334 0.4 0.46979168 0.3275 0.47447917 0.1925 0.47604167 0.071666665 0.47552082 0.05
20 0.31614584 0.059166666 0.2953125 0.07083333 0.275 0.085 0.27239582 0.09166667 0.2703125 0.15 0.28541666 0.21416667 0.2921875 0.25 0.30625 0.31583333 0.31197917 0.33166668 0.3109375 0.28416666 0.31302083 0.24916667 0.32447916 0.17083333 0.31875 0.054166667
20 0.50208336 0.48916668 0.49427083 0.44916666 0.4890625 0.43833333 0.4828125 0.43333334 0.47864583 0.4375 0.47239584 0.4425 0.47135416 0.48583335 0.4734375 0.485 0.478125 0.48416665 0.48645833 0.48416665 0.49322918 0.485 0.49739584 0.4875
20 0.65833336 0.5058333 0.5989583 0.4825 0.57395834 0.48083332 0.53125 0.485 0.50364584 0.4925 0.48385417 0.48416665 0.4703125 0.485 0.46302083 0.48083332 0.43385416 0.49083334 0.33177084 0.5491667 0.3125 0.55833334 0.30364582 0.5675 0.27708334 0.585 0.27447918 0.5966667 0.27708334 0.6116667 0.28489584 0.62583333 0.3078125 0.7241667 0.33802083 0.735 0.39114583 0.73833334 0.40625 0.73333335 0.43125 0.71416664 0.4484375 0.68916667 0.45885417 0.6791667 0.4734375 0.6525 0.48802084 0.63416666 0.5572917 0.6275 0.58229166 0.6175 0.58958334 0.60833335 0.5984375 0.6075 0.65833336 0.5941667 0.6609375 0.58916664 0.6625 0.525 0.6625 0.5175
20 1.0 0.29416665 0.98645836 0.28416666 0.96510416 0.26833335 0.9578125 0.25916666 0.9291667 0.2025 0.9067708 0.1775 0.89427084 0.17166667 0.8671875 0.20583333 0.84739584 0.24 0.8411458 0.25416666 0.84010416 0.26833335 0.825 0.28166667 0.7838542 0.28583333 0.75885415 0.3075 0.67291665 0.40083334 0.6411458 0.4425 0.6411458 0.46083334 0.6890625 0.5758333 0.7182292 0.6475 0.73020834 0.64166665 0.775 0.5783333 0.7875 0.5525 0.8234375 0.52 0.8515625 0.48666668 0.959375 0.40583333 1.0 0.365
20 0.6588542 0.23833333 0.653125 0.23416667 0.6098958 0.23916666 0.58385414 0.25666666 0.56041664 0.28083333 0.5375 0.27166668 0.5072917 0.25916666 0.484375 0.2525 0.4734375 0.2525 0.47291666 0.2525 0.46979168 0.3275 0.46302083 0.4025 0.4734375 0.44166666 0.48333332 0.43083334 0.49114582 0.43833333 0.49479166 0.4525 0.5015625 0.49 0.54114586 0.48333332 0.59739584 0.47916666 0.6322917 0.49333334 0.64947915 0.485 0.64166665 0.46083334 0.64166665 0.4425 0.6723958 0.40333334 0.6734375 0.36583334 0.65989584 0.30333334 0.6588542 0.29166666 0.6588542 0.26166666 0.6625 0.25083333 0.66302085 0.24833333
20 0.5619792 0.0 0.54895836 0.05666667 0.5317708 0.06916667 0.47916666 0.11083333 0.4765625 0.115 0.47395834 0.255 0.4875 0.2525 0.5625 0.28166667 0.54791665 0.25833333 0.5338542 0.23916666 0.5453125 0.195 0.5703125 0.1575 0.6 0.12083333 0.6234375 0.08916666 0.640625 0.0225 0.64739585 0.0
20 0.75885415 0.11083333 0.7109375 0.030833334 0.69322914 0.0 0.6489583 0.0 0.62135416 0.0925 0.57135415 0.1575 0.5442708 0.1975 0.534375 0.23916666 0.5625 0.28 0.58385414 0.2575 0.61302084 0.23833333 0.65416664 0.2325 0.6901042 0.19916667 0.75208336 0.13833334 0.759375 0.135 0.7604167 0.12833333
20 0.240625 0.27833334 0.23177083 0.27416667 0.2015625 0.26583335 0.16979167 0.26 0.1546875 0.26166666 0.1296875 0.2675 0.0921875 0.26416665 0.046354167 0.245 0.0 0.2375 0.0 0.47833332 0.041666668 0.48833334 0.055208333 0.48 0.06979167 0.48583335 0.08020833 0.49083334 0.096875 0.4925 0.12708333 0.49333334 0.16770834 0.49916667 0.20520833 0.535 0.209375 0.535 0.2140625 0.5316667 0.221875 0.5225 0.24270834 0.45083332 0.24427083 0.44083333 0.24791667 0.37583333 0.246875 0.31666666 0.2453125 0.2925 0.24479167 0.2875
