19 0.621875 0.47583333 0.6734375 0.57166666 0.6744792 0.58666664 0.6703125 0.6016667 0.66510415 0.60583335 0.625 0.6675 0.61354166 0.685 0.575 0.7425 0.57239586 0.7391667 0.5697917 0.7391667 0.5697917 0.74333334 0.57135415 0.7475 0.5453125 0.7808333 0.53802085 0.7816667 0.5307292 0.775 0.4953125 0.715 0.46041667 0.655 0.49270833 0.58916664 0.49375 0.57416666 0.48333332 0.5566667 0.4875 0.55083334 0.50677085 0.56166667 0.5125 0.55916667 0.51927084 0.5466667 0.53333336 0.48916668 0.5786458 0.42333335 0.5859375 0.42 0.5963542 0.42666668
19 0.5677083 0.34833333 0.5677083 0.43916667 0.5552083 0.4575 0.53333336 0.48833334 0.5375 0.47333333 0.5640625 0.36083335 0.5640625 0.34416667 0.5598958 0.33583334 0.5630208 0.3375
19 0.40885416 0.2525 0.4765625 0.28833333 0.5265625 0.31583333 0.5260417 0.32166666 0.52708334 0.32416666 0.53125 0.31833333 0.55833334 0.33083335 0.5598958 0.33666667 0.56458336 0.34416667 0.56458336 0.36083335 0.5494792 0.4225 0.51979166 0.5441667 0.5125 0.55916667 0.50625 0.56083333 0.48697916 0.5516667 0.47395834 0.5416667 0.4734375 0.535 0.471875 0.5341667 0.46927083 0.53833336 0.3921875 0.48916668 0.34947917 0.4625 0.34375 0.45416668 0.34270832 0.445 0.34375 0.43333334 0.3578125 0.395 0.3703125 0.34833333 0.37708333 0.3125 0.39270833 0.25833333 0.40104166 0.2525
19 0.4890625 0.08083333 0.5671875 0.1025 0.61145836 0.115 0.61927086 0.125 0.621875 0.14 0.61614585 0.1875 0.61145836 0.1875 0.61041665 0.19 0.6125 0.19333333 0.6145833 0.195 0.60364586 0.28 0.5875 0.41166666 0.58229166 0.41833332 0.5677083 0.41833332 0.5677083 0.34916666 0.56354165 0.3375 0.56041664 0.33583334 0.55833334 0.33083335 0.53125 0.31833333 0.52708334 0.32416666 0.5260417 0.3225 0.5260417 0.31583333 0.4921875 0.29666665 0.45520833 0.27666667 0.46302083 0.22 0.46927083 0.15333334 0.471875 0.15166667 0.47395834 0.15 0.471875 0.14666666 0.46979168 0.145 0.47395834 0.0975 0.48072916 0.0825
19 0.088541664 0.33666667 0.12291667 0.34166667 0.153125 0.35 0.2140625 0.35416666 0.2140625 0.35916665 0.21666667 0.3625 0.21770833 0.36 0.21770833 0.355 0.2484375 0.35916665 0.25677082 0.37 0.25729167 0.38083333 0.259375 0.40916666 0.25260416 0.56666666 0.25052083 0.5783333 0.24427083 0.58666664 0.2125 0.58166665 0.2109375 0.57666665 0.209375 0.5775 0.20833333 0.5808333 0.1453125 0.5708333 0.079166666 0.56333333 0.072916664 0.55583334 0.0703125 0.55 0.069270834 0.5416667 0.07083333 0.5108333 0.07083333 0.47166666 0.0765625 0.38666666 0.0765625 0.35333332 0.080729164 0.34166667 0.084895834 0.34
19 0.30833334 0.6166667 0.36614582 0.69416666 0.375 0.7075 0.3984375 0.7375 0.40989584 0.75083333 0.4140625 0.75333333 0.421875 0.74 0.4609375 0.65416664 0.49270833 0.59 0.49427083 0.5758333 0.48333332 0.55583334 0.47083333 0.53833336 0.46875 0.53833336 0.38125 0.4825 0.35 0.4625 0.34375 0.45416668 0.34270832 0.445 0.34375 0.43166667 0.3546875 0.40333334 0.3453125 0.42083332 0.325 0.4725 0.29375 0.53333336 0.28177083 0.56333333 0.28229168 0.5783333 0.28958333 0.5908333 0.30364582 0.61083335 0.30677083 0.6075 0.30885416 0.6091667
19 0.328125 0.6458333 0.328125 0.68833333 0.33333334 0.6983333 0.33958334 0.7033333 0.37291667 0.705 0.3671875 0.6958333 0.32916668 0.64416665
19 0.55 0.7775 0.5395833 0.8183333 0.5359375 0.8208333 0.5359375 0.8233333 0.53697914 0.8275 0.5296875 0.85583335 0.52552086 0.87583333 0.51875 0.88166666 0.509375 0.87916666 0.47447917 0.8541667 0.43020833 0.8233333 0.40052083 0.8016667 0.39479166 0.7916667 0.39427084 0.78333336 0.39427084 0.7733333 0.4 0.7475 0.40260416 0.74333334 0.40989584 0.75083333 0.41458333 0.75333333 0.42239583 0.7391667 0.43489584 0.7108333 0.46458334 0.7125 0.46614584 0.70666665 0.46822917 0.70666665 0.46927083 0.7133333 0.49479166 0.71416664 0.53020835 0.77416664 0.53802085 0.7825 0.54583335 0.7808333 0.55 0.77666664
19 0.46302083 0.65833336 0.49479166 0.71416664 0.46979168 0.7133333 0.46822917 0.70666665 0.46614584 0.7058333 0.46458334 0.7125 0.43541667 0.71166664 0.46041667 0.655
19 0.7885417 0.5883333 0.8151042 0.6508333 0.86614585 0.75333333 0.87083334 0.7683333 0.8697917 0.7816667 0.8197917 0.8358333 0.76197916 0.90416664 0.7552083 0.9058333 0.74895835 0.90166664 0.66770834 0.72583336 0.66979164 0.7216667 0.66979164 0.7175 0.6645833 0.7191667 0.646875 0.6775 0.64739585 0.6625 0.65260416 0.64916664 0.70208335 0.5975 0.74895835 0.5375 0.75677085 0.5341667 0.76458335 0.5366667 0.76927084 0.5416667 0.78541666 0.58 0.7838542 0.58666664 0.784375 0.5883333
