5 0.43020833 0.91833335 0.4609375 0.79583335 0.4796875 0.6358333 0.48333332 0.5991667 0.5083333 0.6016667 0.5494792 0.6225 0.63385415 0.6558333 0.6567708 0.6625 0.6588542 0.67 0.6244792 0.80333334 0.6067708 0.91583335 0.6041667 0.96666664 0.6 0.995 0.5359375 0.96166664 0.47291666 0.935
2 0.68333334 0.5825 0.6171875 0.64916664 0.64479166 0.66 0.65729165 0.6625 0.65833336 0.6725 0.625 0.7975 0.60833335 0.9075 0.6479167 1.0 0.69739586 1.0 0.7807292 0.91833335 0.81041664 0.8875 0.73125 0.7033333
13 0.6734375 0.44583333 0.6588542 0.6075 0.68385416 0.58416665 0.7015625 0.62666667 0.7213542 0.6358333 0.78125 0.6533333 0.80052084 0.6433333 0.803125 0.58166665 0.8229167 0.335 0.81875 0.3225 0.75416666 0.31166667 0.721875 0.36333334 0.7046875 0.3825 0.6947917 0.41833332 0.6791667 0.45
6 0.8015625 0.0 0.8234375 0.071666665 0.865625 0.03 0.88177085 0.0
14 0.7270833 0.0 0.7875 0.0 0.80104166 0.06 0.8130208 0.083333336 0.7963542 0.1125 0.7875 0.119166665 0.7796875 0.1075 0.76666665 0.07833333 0.7291667 0.01
7 0.54479164 0.2075 0.56614584 0.185 0.6255208 0.14083333 0.6666667 0.11833333 0.70625 0.0025 0.7125 0.0 0.725 0.0 0.73020834 0.011666667 0.76666665 0.07833333 0.7796875 0.10666667 0.7890625 0.1225 0.7973958 0.17 0.82708335 0.22666667 0.840625 0.24583334 0.8385417 0.2525 0.8255208 0.2475 0.79479164 0.25083333 0.75364584 0.31416667 0.721875 0.36333334 0.7036458 0.3825 0.69322914 0.42 0.6802083 0.45083332 0.67395836 0.44666666 0.6223958 0.30916667 0.5734375 0.25 0.55052084 0.21666667
8 0.19479166 0.29083332 0.1828125 0.29416665 0.17447917 0.3025 0.17083333 0.32833335 0.15625 0.47333333 0.14583333 0.545 0.14895834 0.5575 0.14270833 0.5575 0.13645834 0.6125 0.1390625 0.6225 0.1421875 0.63416666 0.15208334 0.6483333 0.21145834 0.66 0.21927084 0.66 0.22395833 0.66 0.24114583 0.6716667 0.25989583 0.67333335 0.26875 0.67083335 0.271875 0.66083336 0.29739583 0.4225 0.3109375 0.35583332 0.30677083 0.34 0.30052084 0.33166668 0.275 0.32083333 0.25729167 0.32166666 0.24895833 0.32083333 0.2265625 0.305
9 0.3359375 0.0 0.30989584 0.065 0.29947916 0.090833336 0.2984375 0.095 0.30572918 0.11 0.3125 0.14 0.44375 0.2525 0.4609375 0.26833335 0.46510416 0.26666668 0.46614584 0.27416667 0.49479166 0.305 0.4984375 0.30666667 0.52135414 0.25416666 0.5359375 0.21083333 0.5416667 0.19 0.5463542 0.1775 0.5385417 0.13416667 0.4828125 0.0
4 0.14375 0.0 0.2 0.059166666 0.2109375 0.06666667 0.228125 0.05666667 0.24114583 0.055833332 0.25520834 0.055833332 0.27447918 0.064166665 0.29270834 0.08416667 0.303125 0.1025 0.30677083 0.1125 0.31197917 0.13666667 0.31458333 0.1675 0.309375 0.20666666 0.29270834 0.24 0.26875 0.26166666 0.24322917 0.265 0.21614583 0.25333333 0.1921875 0.21833333 0.1859375 0.185 0.18385416 0.16166666 0.17916666 0.13916667 0.1578125 0.11083333 0.0875 0.0425 0.075520836 0.025833333 0.07447917 0.015 0.077083334 0.0058333334 0.08125 0.0
11 0.13333334 0.86833334 0.1953125 0.72583336 0.21458334 0.67583334 0.2234375 0.65833336 0.23541667 0.66833335 0.24375 0.675 0.26197916 0.69666666 0.2625 0.7 0.26614583 0.7025 0.31875 0.7575 0.35 0.7975 0.39791667 0.84833336 0.37395832 0.915 0.32552084 1.0 0.271875 1.0 0.23958333 0.945 0.22395833 0.91833335 0.21145834 0.91 0.18541667 0.89916664 0.14739583 0.87583333
