19 0.42552084 0.30666667 0.453125 0.28583333 0.45833334 0.285 0.465625 0.2875 0.47239584 0.29916668 0.5 0.385 0.49322918 0.40166667 0.4921875 0.4125 0.49427083 0.42333335 0.5140625 0.44333333 0.4390625 0.45416668 0.4375 0.46333334 0.434375 0.46333334 0.43177083 0.45666668 0.40260416 0.46 0.3953125 0.46666667 0.35208333 0.42416668 0.3453125 0.42 0.33854166 0.42 0.3328125 0.425 0.315625 0.46916667 0.31979167 0.475 0.31927082 0.48 0.31354168 0.4775 0.30989584 0.47333333 0.2984375 0.44333333 0.29739583 0.43 0.30052084 0.4225 0.30572918 0.41416666 0.42135417 0.31083333 0.42447916 0.31666666 0.42708334 0.31416667
19 0.116145834 0.56583333 0.14791666 0.54333335 0.2265625 0.48333332 0.23072916 0.4875 0.23333333 0.48333332 0.23177083 0.4775 0.2609375 0.45916668 0.26875 0.4575 0.27447918 0.4625 0.2953125 0.5283333 0.25572917 0.6358333 0.24583334 0.65833336 0.24479167 0.6716667 0.2453125 0.68583333 0.23125 0.73583335 0.22708334 0.74833333 0.17291667 0.7866667 0.16302083 0.78833336 0.1578125 0.7825 0.15416667 0.77416664 0.146875 0.75166667 0.13802083 0.71 0.125 0.66083336 0.102604166 0.605 0.09947917 0.59 0.1015625 0.58 0.104166664 0.57416666
19 0.309375 0.49 0.27604166 0.5808333 0.24895833 0.6525 0.24583334 0.6591667 0.24479167 0.67083335 0.24583334 0.68583333 0.25208333 0.69666666 0.29583332 0.7375 0.35833332 0.7966667 0.3671875 0.79583335 0.37447917 0.79 0.38072917 0.7733333 0.41927084 0.66333336 0.44427082 0.6 0.44166666 0.5941667 0.44322917 0.59 0.44635418 0.5925 0.4609375 0.5541667 0.4625 0.54083335 0.459375 0.52916664 0.45364583 0.5208333 0.39322916 0.46416667 0.34895834 0.42166665 0.34270832 0.42 0.33802083 0.42 0.3328125 0.425 0.31614584 0.47 0.31979167 0.47583333 0.31927082 0.48 0.31302083 0.47833332
19 0.22239584 0.7675 0.19166666 0.87083334 0.1890625 0.88416666 0.18958333 0.8958333 0.19375 0.90416664 0.2046875 0.91083336 0.23125 0.9291667 0.24427083 0.93583333 0.26041666 0.9433333 0.28125 0.95916665 0.3 0.9775 0.30885416 0.9841667 0.31666666 0.9875 0.32291666 0.9816667 0.32760417 0.9691667 0.38177082 0.78333336 0.37916666 0.7808333 0.37395832 0.79083335 0.3671875 0.7966667 0.35729167 0.7966667 0.28489584 0.72833335 0.25104168 0.6958333 0.2453125 0.68416667
19 0.396875 0.73583335 0.38385418 0.7758333 0.38020834 0.77416664 0.39479166 0.73333335
19 0.46822917 0.69083333 0.45260417 0.69416666 0.45104167 0.685 0.44739583 0.68583333 0.446875 0.69416666 0.41875 0.6983333 0.41145834 0.6958333 0.4203125 0.7391667 0.42447916 0.7391667 0.42447916 0.745 0.421875 0.74833333 0.43854168 0.8441667 0.45364583 0.95 0.4578125 0.96166664 0.46354166 0.9691667 0.46927083 0.97 0.47760418 0.9658333 0.51458335 0.95 0.575 0.92583334 0.5890625 0.9191667 0.5963542 0.9125 0.5984375 0.90416664 0.5989583 0.895 0.58489585 0.8125 0.5651042 0.6925 0.54583335 0.6766667 0.4859375 0.68583333
19 0.55572915 0.43416667 0.46614584 0.45083332 0.4390625 0.45416668 0.4375 0.46416667 0.43333334 0.46333334 0.43229166 0.45583335 0.40208334 0.46083334 0.39583334 0.46666667 0.45104167 0.51916665 0.46041667 0.52916664 0.46197918 0.5425 0.4609375 0.5541667 0.44739583 0.5908333 0.44322917 0.59 0.44114584 0.5941667 0.44479167 0.59833336 0.409375 0.69166666 0.4125 0.6958333 0.41979167 0.6983333 0.446875 0.695 0.44791666 0.68583333 0.4515625 0.685 0.45260417 0.69416666 0.49010417 0.685 0.5494792 0.67583334 0.58958334 0.66833335 0.59479165 0.6625 0.59739584 0.6525 0.5921875 0.5833333 0.584375 0.44666666 0.5796875 0.43666667 0.5734375 0.43333334 0.5697917 0.43166667
19 0.6125 0.54083335 0.59375 0.5975 0.5885417 0.5283333 0.59479165 0.535 0.6041667 0.54083335 0.6088542 0.5416667
19 0.66197914 0.42833334 0.61145836 0.54333335 0.59375 0.59833336 0.59739584 0.65166664 0.59479165 0.6625 0.59010416 0.6691667 0.5463542 0.6766667 0.5677083 0.695 0.6125 0.73833334 0.65260416 0.77416664 0.6625 0.77916664 0.66979164 0.7783333 0.67552084 0.77166665 0.68385416 0.7441667 0.7395833 0.5833333 0.7359375 0.5775 0.7369792 0.5733333 0.7421875 0.57416666 0.75572914 0.52916664 0.75572914 0.5208333 0.753125 0.51 0.73854166 0.49666667
19 0.56822914 0.2225 0.51666665 0.3475 0.49635416 0.39416668 0.49270833 0.40333334 0.49166667 0.41333333 0.49427083 0.42416668 0.5130208 0.44333333 0.5703125 0.43166667 0.5796875 0.4375 0.584375 0.44833332 0.5890625 0.52916664 0.5963542 0.5366667 0.60625 0.54083335 0.6125 0.5425 0.66197914 0.42833334 0.6927083 0.3575 0.68958336 0.3525 0.69166666 0.3475 0.69635415 0.34916666 0.7135417 0.30916667 0.71458334 0.295 0.7125 0.2875 0.7046875 0.27833334 0.60520834 0.17083333 0.59583336 0.17 0.5890625 0.17666666 0.571875 0.2175 0.575 0.2225 0.5729167 0.2275
19 0.6703125 0.108333334 0.6848958 0.10666667 0.70625 0.100833334 0.7447917 0.0875 0.76458335 0.08166666 0.771875 0.085 0.77708334 0.0925 0.7796875 0.1025 0.79114586 0.2375 0.79895836 0.31083333 0.79270834 0.31083333 0.79270834 0.31583333 0.7994792 0.31583333 0.8041667 0.36 0.80052084 0.3775 0.7921875 0.38666666 0.66770834 0.41666666 0.6927083 0.3575 0.6901042 0.35333332 0.69166666 0.34916666 0.696875 0.34916666 0.7140625 0.31083333 0.71510416 0.29416665 0.7125 0.28666666 0.66041666 0.23083334 0.6380208 0.20583333 0.63177085 0.13583334 0.63385415 0.12166667 0.63854164 0.11333334 0.64375 0.11
19 0.20052083 0.33083335 0.14479166 0.30416667 0.123958334 0.29416665 0.116145834 0.29666665 0.10885417 0.30666667 0.0984375 0.38333333 0.0734375 0.50166667 0.0734375 0.5125 0.0796875 0.5225 0.10520833 0.5375 0.13854167 0.55 0.22708334 0.48416665 0.23072916 0.4875 0.23333333 0.48333332 0.23229167 0.47833332 0.26145834 0.45833334 0.26875 0.45833334 0.27395833 0.46333334 0.28229168 0.48833334 0.28489584 0.48166665 0.30208334 0.39416668 0.30104166 0.385 0.296875 0.3775 0.26510417 0.35916665 0.26197916 0.36666667 0.259375 0.36416668 0.259375 0.35833332
