2 0.2453125 0.41916665 0.20052083 0.41583332 0.19739583 0.51166666 0.24635416 0.42
2 0.190625 0.6725 0.19010417 0.7075 0.22239584 0.7108333
2 0.33125 0.7175 0.39583334 0.7216667 0.43385416 0.72333336 0.4390625 0.6191667 0.44270834 0.4975 0.34166667 0.6958333 0.33072916 0.71666664
2 0.40260416 0.43333334 0.43020833 0.43666667 0.44270834 0.4375 0.44427082 0.4375 0.44375 0.485
2 0.61875 0.20166667 0.609375 0.29583332 0.5984375 0.41416666 0.5911458 0.48333332 0.59010416 0.495 0.6411458 0.5083333 0.7239583 0.525 0.75625 0.5325 0.7994792 0.545 0.8109375 0.545 0.821875 0.49916667 0.82708335 0.46583334 0.8276042 0.41916665 0.828125 0.40583333 0.8296875 0.39666668 0.83697915 0.37666667 0.8364583 0.35333332 0.8432292 0.27 0.83125 0.26416665 0.8130208 0.25833333 0.740625 0.23916666 0.68541664 0.22166666 0.6223958 0.2025
2 0.69427085 0.52 0.6921875 0.55833334 0.69322914 0.57416666 0.7421875 0.57666665 0.79270834 0.5783333 0.84583336 0.5808333 0.85520834 0.5758333 0.8645833 0.5258333 0.86510414 0.48833334 0.8677083 0.47166666 0.86927086 0.405 0.8703125 0.37333333 0.8744792 0.305 0.8776042 0.25 0.88177085 0.20833333 0.8286458 0.2025 0.7135417 0.18916667 0.70416665 0.19 0.7036458 0.2275 0.759375 0.24416667 0.82135415 0.26083332 0.8307292 0.26416665 0.84375 0.27 0.83697915 0.3475 0.8364583 0.35583332 0.8364583 0.3775 0.83125 0.39333335 0.8286458 0.40333334 0.828125 0.41 0.82708335 0.4675 0.821875 0.50083333 0.81145835 0.54583335 0.7984375 0.54583335 0.7572917 0.53333336 0.7140625 0.5233333
2 0.7484375 0.5775 0.7447917 0.605 0.74427086 0.62 0.7291667 0.615 0.6635417 0.5941667 0.60260415 0.575 0.5260417 0.5516667 0.51927084 0.55 0.52239585 0.5233333 0.53802085 0.4375 0.54114586 0.41666666 0.5442708 0.37333333 0.5484375 0.35 0.55833334 0.29916668 0.5619792 0.28083333 0.56822914 0.26166666 0.6041667 0.27583334 0.6109375 0.27833334 0.59739584 0.42083332 0.59010416 0.495 0.6421875 0.5083333 0.6947917 0.52 0.6927083 0.5575 0.69322914 0.57416666 0.7484375 0.57666665
2 0.47604167 0.28833333 0.46614584 0.34833333 0.4609375 0.3775 0.45729166 0.40833333 0.47447917 0.41583332 0.5171875 0.43416667 0.5359375 0.4425 0.5416667 0.41416666 0.5442708 0.37166667 0.5442708 0.37 0.51197916 0.3275
2 0.5442708 0.3675 0.5182292 0.33666667 0.5109375 0.32583332 0.46822917 0.27916667 0.47083333 0.27 0.4828125 0.24583334 0.51145834 0.18083334 0.52708334 0.145 0.55052084 0.09583333 0.57239586 0.051666666 0.59479165 0.0 0.6359375 0.0 0.65260416 0.025833333 0.67395836 0.053333335 0.6921875 0.07333333 0.7192708 0.108333334 0.7473958 0.14416666 0.7494792 0.1475 0.7484375 0.1525 0.73125 0.19083333 0.71302086 0.18916667 0.70416665 0.19 0.70416665 0.22833334 0.6734375 0.21833333 0.63385415 0.20666666 0.61822915 0.20166667 0.6119792 0.2675 0.61145836 0.27833334 0.5942708 0.27083334 0.56822914 0.26166666 0.56145835 0.28166667 0.55677086 0.305 0.55104166 0.33583334 0.5463542 0.3625 0.5453125 0.3675
2 0.484375 0.24166666 0.490625 0.19916667 0.5 0.14416666 0.5026042 0.12833333 0.5151042 0.13166666 0.5296875 0.13833334 0.50677085 0.1925 0.48541668 0.24
2 0.14322917 0.61333334 0.21197917 0.6975 0.27083334 0.77 0.28854167 0.79833335 0.3171875 0.7441667 0.4 0.5808333 0.44635418 0.48916668 0.38072917 0.40833333 0.340625 0.35166666 0.30572918 0.30666667 0.26458332 0.38666666 0.21354167 0.48333332 0.15520833 0.5908333 0.15052083 0.60083336 0.1453125 0.6091667
