16 0.21145834 0.56 0.20885417 0.55 0.20833333 0.5366667 0.19322917 0.55833334 0.1796875 0.57 0.17083333 0.57416666 0.16666667 0.57916665 0.16354166 0.5833333 0.16041666 0.5925 0.14635417 0.6458333 0.14635417 0.6508333 0.159375 0.6725 0.1671875 0.68416667 0.19375 0.75166667 0.23177083 0.8358333 0.2984375 0.7633333 0.3453125 0.71666664 0.35 0.7125 0.346875 0.66833335 0.346875 0.6591667 0.34270832 0.67 0.33489582 0.67833334 0.328125 0.68 0.30677083 0.67583334 0.29010418 0.67333335 0.28177083 0.67833334 0.26614583 0.68 0.23072916 0.68333334 0.22239584 0.68 0.21510416 0.6675 0.2125 0.655 0.2109375 0.6125 0.21041666 0.5875
18 0.26875 0.32583332 0.22552083 0.33166668 0.21510416 0.33416668 0.21041666 0.33833334 0.20416667 0.34916666 0.20208333 0.36083335 0.2046875 0.4525 0.2046875 0.48583335 0.20677084 0.5108333 0.2078125 0.5366667 0.20833333 0.55 0.21145834 0.55916667 0.2109375 0.5875 0.2109375 0.6066667 0.2125 0.655 0.21510416 0.6666667 0.221875 0.6791667 0.23020834 0.68333334 0.28177083 0.67833334 0.29010418 0.6725 0.32916668 0.68 0.33489582 0.67833334 0.34270832 0.67 0.3484375 0.6558333 0.34895834 0.62333333 0.34739584 0.58666664 0.34635416 0.56166667 0.34270832 0.47 0.3375 0.34666666 0.33489582 0.33916667 0.33125 0.33083335 0.32083333 0.32166666 0.3140625 0.32166666
16 0.34114584 0.39416668 0.37395832 0.4675 0.40364584 0.54083335 0.4421875 0.625 0.41770834 0.6475 0.37552083 0.655 0.3484375 0.6558333 0.3484375 0.61833334 0.34427083 0.50166667 0.33958334 0.39166668
5 0.31302083 0.12666667 0.24895833 0.14 0.24166666 0.14083333 0.23854166 0.1425 0.23645833 0.14333333 0.21875 0.135 0.2140625 0.13333334 0.21197917 0.13416667 0.20989583 0.13583334 0.20572917 0.13916667 0.21458334 0.19416666 0.22135417 0.2225 0.221875 0.265 0.22083333 0.29666665 0.22135417 0.32083333 0.2234375 0.3325 0.2625 0.32666665 0.29479167 0.32333332 0.32083333 0.32166666 0.33072916 0.33083335 0.33541667 0.34 0.3375 0.34583333 0.3390625 0.38583332 0.38072917 0.38666666 0.415625 0.3775 0.42083332 0.3775 0.43333334 0.3725 0.42552084 0.3375 0.42239583 0.2775 0.41145834 0.18666667 0.40520832 0.13916667 0.40364584 0.08083333 0.39114583 0.08166666 0.34583333 0.123333335
2 0.41458333 0.37833333 0.41145834 0.41166666 0.4109375 0.42916667 0.40729168 0.425 0.40572917 0.425 0.39010417 0.45833334 0.36979166 0.45833334 0.34583333 0.405 0.34114584 0.39416668 0.33958334 0.3925 0.3390625 0.38583332 0.3734375 0.38583332 0.38072917 0.38583332 0.4140625 0.37833333 0.41458333 0.3775
14 0.378125 0.47333333 0.39114583 0.45666668 0.40572917 0.425 0.40677083 0.425 0.41197917 0.43083334 0.42135417 0.4425 0.42447916 0.46083334 0.46510416 0.525 0.50885415 0.58916664 0.54270834 0.6408333 0.5520833 0.66083336 0.5630208 0.66833335 0.5734375 0.67333335 0.5755208 0.6791667 0.57708335 0.68 0.57708335 0.67333335 0.57916665 0.6766667 0.58020836 0.6816667 0.5671875 0.6975 0.55260414 0.7191667 0.5375 0.74583334 0.53802085 0.75 0.53333336 0.74833333 0.52708334 0.7441667 0.52239585 0.73583335 0.5203125 0.7291667 0.5182292 0.72083336 0.46145833 0.6333333 0.4109375 0.5575 0.403125 0.54 0.3765625 0.47416666
2 0.3578125 0.0725 0.3078125 0.071666665 0.30729166 0.075833336 0.309375 0.086666666 0.30885416 0.1275 0.3125 0.12583333 0.3453125 0.12416667 0.39114583 0.08166666 0.40364584 0.08 0.40520832 0.13916667 0.41041666 0.17916666 0.4203125 0.26083332 0.42239583 0.28 0.42395833 0.2575 0.428125 0.25 0.43229166 0.2475 0.43958333 0.24833333 0.48072916 0.265 0.484375 0.1775 0.48333332 0.09916667 0.48333332 0.07333333
21 0.48489583 0.1575 0.51875 0.21833333 0.5520833 0.27916667 0.50416666 0.27083334 0.48072916 0.265 0.484375 0.17583333 0.48385417 0.15583333
19 0.5572917 0.28 0.5453125 0.27833334 0.50677085 0.27166668 0.48125 0.265 0.43958333 0.24833333 0.43177083 0.2475 0.42708334 0.25166667 0.42395833 0.2575 0.42239583 0.28166667 0.42552084 0.3375 0.43333334 0.3725 0.42083332 0.3775 0.415625 0.3775 0.41510418 0.3775 0.4125 0.39916667 0.41145834 0.4125 0.4109375 0.43 0.421875 0.4425 0.42447916 0.46083334 0.45260417 0.505 0.46458334 0.52416664 0.4828125 0.55083334 0.4984375 0.5733333 0.5161458 0.58 0.5296875 0.58416665 0.5364583 0.5825 0.5416667 0.57666665 0.54479164 0.56416667 0.54895836 0.5233333 0.54583335 0.52166665 0.54479164 0.52 0.5442708 0.5183333 0.5442708 0.51666665 0.54479164 0.5158333 0.5463542 0.515 0.5494792 0.5158333 0.55052084 0.51 0.5541667 0.46666667 0.5578125 0.42083332 0.56041664 0.39416668 0.56666666 0.34083334 0.5703125 0.30166668 0.56927085 0.29666665 0.56458336 0.28666666 0.5625 0.285 0.56041664 0.28166667
21 0.5729167 0.31916666 0.59479165 0.3625 0.6244792 0.42916667 0.653125 0.49583334 0.6671875 0.535 0.66510415 0.54833335 0.6614583 0.5541667 0.6328125 0.5758333 0.59583336 0.59833336 0.58697915 0.6041667 0.58802086 0.6383333 0.5875 0.64916664 0.5776042 0.6666667 0.575 0.66833335 0.5697917 0.67 0.565625 0.66833335 0.54895836 0.635 0.52239585 0.5933333 0.5151042 0.57916665 0.5296875 0.58416665 0.5364583 0.5825 0.5416667 0.57666665 0.54479164 0.565 0.54895836 0.5233333 0.54583335 0.52166665 0.54479164 0.52 0.5442708 0.5183333 0.5442708 0.51666665 0.54479164 0.5158333 0.5463542 0.515 0.5494792 0.5158333 0.55052084 0.50916666 0.5552083 0.45083332 0.55833334 0.41666666 0.56041664 0.39333335 0.56666666 0.3425 0.56927085 0.31333333
1 0.35520834 0.8225 0.35 0.7125 0.346875 0.6716667 0.34635416 0.6591667 0.3484375 0.655 0.37604168 0.655 0.3953125 0.6508333 0.41770834 0.6475 0.43020833 0.6433333 0.44166666 0.6408333 0.440625 0.6575 0.43541667 0.6558333 0.43541667 0.6816667 0.43385416 0.7133333 0.43333334 0.7525 0.434375 0.805 0.43541667 0.90416664 0.453125 0.93416667 0.45572916 0.93916667 0.453125 0.95166665 0.45104167 0.9575 0.44635418 0.9525 0.44427082 0.945 0.43489584 0.93583333 0.42083332 0.93833333 0.40833333 0.945 0.39947918 0.945 0.39322916 0.9475 0.3671875 0.9533333 0.34270832 0.9583333 0.34427083 0.9483333 0.34479168 0.9216667 0.35625 0.89166665 0.3546875 0.83166665
5 0.76875 1.0 0.75364584 1.0 0.74322915 0.9816667 0.7375 0.9658333 0.70729166 0.9225 0.6770833 0.88166666 0.65208334 0.8566667 0.64166665 0.8383333 0.69427085 0.7558333 0.75 0.66583335 0.7729167 0.6308333 0.80572915 0.68333334 0.8072917 0.6975 0.83177084 0.735 0.8515625 0.77666664 0.890625 0.83166665 0.93645835 0.8833333 0.8958333 0.93416667 0.87916666 0.9575 0.86302084 0.9875 0.8578125 1.0
15 0.61145836 0.35583332 0.6125 0.34416667 0.6145833 0.33833334 0.6119792 0.33666667 0.6125 0.33166668 0.615625 0.32916668 0.6119792 0.31666666 0.6166667 0.31416667 0.6203125 0.31416667 0.62083334 0.3275 0.6234375 0.33 0.6234375 0.3325 0.63177085 0.33333334 0.63958335 0.34666666 0.6635417 0.4175 0.68333334 0.4775 0.7171875 0.5725 0.7328125 0.62083334 0.7348958 0.6333333 0.7296875 0.65166664 0.7317708 0.6533333 0.7317708 0.65833336 0.7369792 0.66333336 0.7348958 0.66833335 0.73020834 0.67333335 0.7270833 0.6625 0.72291666 0.6625 0.72083336 0.66 0.72083336 0.6575 0.7182292 0.6566667 0.7114583 0.65166664 0.70625 0.64416665 0.69322914 0.60833335 0.68541664 0.5925 0.6671875 0.53583336 0.65416664 0.4975 0.63645834 0.45 0.6119792 0.36583334
0 0.0 0.32416666 0.0796875 0.2975 0.12916666 0.275 0.19583334 0.23666666 0.20104167 0.25416666 0.20208333 0.26166666 0.19947916 0.26416665 0.2046875 0.34833333 0.20208333 0.3625 0.2046875 0.45 0.2046875 0.48416665 0.20677084 0.5133333 0.2078125 0.5375 0.19270833 0.55833334 0.1796875 0.57 0.171875 0.57416666 0.16666667 0.57916665 0.15572916 0.57666665 0.14895834 0.58 0.12864584 0.57916665 0.119791664 0.5825 0.07083333 0.61 0.041145835 0.6225 0.031770833 0.62416667 0.030208332 0.62083334 0.027083334 0.59833336 0.025520833 0.5908333 0.033333335 0.54583335 0.039583333 0.5058333 0.039583333 0.49166667 0.048958335 0.42583334 0.052083332 0.4025 0.053645834 0.40083334 0.0328125 0.3775 0.016145833 0.36166668 0.0 0.345
4 0.8859375 0.0075 0.94739586 0.08083333 0.96510416 0.08083333 0.98802084 0.043333333 0.9947917 0.025 0.99427086 0.015833333 0.98072916 0.008333334
