21 0.5 1.0 0.4921875 1.0 0.503125 0.9866667 0.51197916 0.9691667 0.5234375 0.92583334 0.52760416 0.915 0.5421875 0.88916665 0.5854167 0.82 0.6421875 0.74916667 0.6479167 0.7416667 0.65208334 0.7391667 0.65625 0.74 0.66302085 0.74333334 0.66510415 0.74583334 0.6703125 0.75166667 0.6880208 0.78583336 0.71770835 0.8475 0.75 0.9125 0.75364584 0.9225 0.7526042 0.93583333 0.75 0.9458333 0.746875 0.9533333 0.703125 1.0
20 0.19114584 0.68416667 0.24739583 0.69666666 0.303125 0.70416665 0.3765625 0.70916665 0.38333333 0.70166665 0.3859375 0.6933333 0.38802084 0.6641667 0.41354167 0.675 0.43333334 0.6766667 0.478125 0.69666666 0.52552086 0.7291667 0.5552083 0.75166667 0.5598958 0.76166666 0.5640625 0.78 0.5416667 0.8591667 0.5161458 0.94666666 0.50989586 0.965 0.5 0.975 0.49166667 0.97583336 0.48854166 0.9741667 0.43958333 0.92833334 0.40833333 0.9008333 0.40416667 0.8958333 0.4 0.88916665 0.39739582 0.88416666 0.3953125 0.88 0.38802084 0.8775 0.38125 0.875 0.371875 0.87333333 0.35052082 0.8808333 0.3390625 0.87583333 0.30729166 0.8575 0.26145834 0.82916665 0.23645833 0.81583333 0.2109375 0.79583335 0.184375 0.7758333 0.18072917 0.77166665 0.17708333 0.7608333
21 0.20104167 0.4475 0.15572916 0.44666666 0.13645834 0.44833332 0.11302083 0.44833332 0.096354164 0.4475 0.092708334 0.45 0.08802083 0.45916668 0.08645833 0.46333334 0.0859375 0.49333334 0.086979166 0.49666667 0.09791667 0.5075 0.0890625 0.555 0.083333336 0.595 0.080729164 0.63 0.0828125 0.6408333 0.0859375 0.6483333 0.0984375 0.655 0.13697916 0.6666667 0.19427083 0.685 0.24895833 0.69666666 0.30416667 0.705 0.3765625 0.70916665 0.38333333 0.7025 0.3859375 0.6933333 0.38854167 0.6558333 0.38854167 0.635 0.36302084 0.625 0.35729167 0.625 0.346875 0.61833334 0.346875 0.6116667 0.35208333 0.5825 0.371875 0.50166667 0.38385418 0.46583334 0.38645834 0.45666668 0.38385418 0.4525 0.38072917 0.45083332 0.3453125 0.44833332 0.28541666 0.44583333 0.23489584 0.44666666
16 0.3203125 0.1925 0.22291666 0.20083334 0.2078125 0.20333333 0.2078125 0.24666667 0.2140625 0.35166666 0.21979167 0.37916666 0.21770833 0.3975 0.2109375 0.415 0.2109375 0.4275 0.2296875 0.44666666 0.25833333 0.44666666 0.315625 0.44666666 0.38020834 0.45083332 0.38645834 0.45583335 0.40572917 0.3825 0.41875 0.34666666 0.42708334 0.34833333 0.446875 0.35916665 0.44947916 0.37 0.45677084 0.37333333 0.459375 0.37666667 0.459375 0.19916667 0.45729166 0.1775 0.4421875 0.17583333 0.39947918 0.17916666 0.39166668 0.18166667 0.390625 0.18416667 0.38854167 0.18583333 0.38645834 0.18166667 0.35208333 0.18833333 0.3390625 0.1925 0.32552084 0.19166666
5 0.5109375 0.40833333 0.47604167 0.39083335 0.459375 0.37666667 0.45677084 0.37333333 0.45 0.37 0.44635418 0.35916665 0.42708334 0.34833333 0.41875 0.3475 0.40520832 0.3825 0.38333333 0.46666667 0.37135416 0.50416666 0.35260418 0.5808333 0.346875 0.6125 0.346875 0.61833334 0.35677084 0.625 0.36302084 0.625 0.40104166 0.63916665 0.41458333 0.6408333 0.46458334 0.66083336 0.5109375 0.68583333 0.5442708 0.71 0.5520833 0.715 0.5619792 0.7175 0.57395834 0.64666665 0.5765625 0.6225 0.5765625 0.595 0.5807292 0.5675 0.58802086 0.5233333 0.6015625 0.47 0.609375 0.4375 0.59270835 0.4375 0.5677083 0.4375 0.5630208 0.43583333 0.55833334 0.43083334 0.52447915 0.41333333
19 0.6041667 0.54833335 0.60260415 0.58 0.59739584 0.595 0.59010416 0.6016667 0.5765625 0.6016667 0.5765625 0.595 0.58489585 0.5416667 0.5890625 0.54833335 0.596875 0.5491667
19 0.5307292 0.29416665 0.48177084 0.28666666 0.47447917 0.2875 0.46875 0.29833335 0.465625 0.3825 0.4765625 0.39166668 0.51197916 0.40916666 0.5359375 0.41916665 0.55677086 0.43 0.5630208 0.43583333 0.5671875 0.4375 0.58489585 0.4375 0.5854167 0.41916665 0.5875 0.41 0.58958334 0.405 0.5911458 0.3975 0.58958334 0.38333333 0.59010416 0.3375 0.59375 0.29833335 0.553125 0.29666665
10 0.70677084 0.20916666 0.690625 0.19833334 0.6791667 0.19666667 0.66875 0.19083333 0.6359375 0.18416667 0.6166667 0.18083334 0.61510414 0.18166667 0.6020833 0.19916667 0.5989583 0.22 0.596875 0.2525 0.59947914 0.255 0.59947914 0.26 0.5953125 0.26083332 0.5932292 0.3 0.590625 0.33416668 0.5890625 0.38333333 0.5911458 0.39833334 0.5854167 0.4175 0.58489585 0.4375 0.6088542 0.4375 0.59739584 0.48833334 0.58802086 0.52416664 0.58489585 0.54083335 0.5890625 0.54833335 0.59739584 0.55 0.60520834 0.54833335 0.609375 0.5441667 0.6234375 0.5375 0.63385415 0.5375 0.65052086 0.52666664 0.66302085 0.5158333 0.665625 0.50916666 0.66822916 0.5075 0.6744792 0.51 0.6770833 0.51416665 0.67760414 0.5316667 0.68125 0.5425 0.6890625 0.5491667 0.70520836 0.5566667 0.71197915 0.555 0.71666664 0.5491667 0.7203125 0.5325 0.71979165 0.49083334 0.71875 0.47666666 0.71979165 0.465 0.725 0.44416666 0.7270833 0.42916667 0.7270833 0.42166665 0.72239584 0.41833332 0.72291666 0.40583333 0.7375 0.3525 0.7473958 0.3025 0.7453125 0.29916668 0.7484375 0.29416665 0.75416666 0.25 0.753125 0.2425 0.740625 0.23166667 0.715625 0.21333334
18 0.459375 0.33416668 0.46770832 0.3325 0.465625 0.3825 0.459375 0.37666667 0.459375 0.33666667
2 0.5520833 0.0 0.5395833 0.014166667 0.5390625 0.021666666 0.5364583 0.020833334 0.515625 0.05 0.53229165 0.079166666 0.5395833 0.093333334 0.56666666 0.135 0.60520834 0.195 0.6145833 0.18166667 0.6171875 0.18083334 0.62708336 0.18333334 0.6578125 0.18833333 0.6703125 0.19166666 0.6791667 0.19583334 0.7260417 0.115833335 0.7671875 0.0475 0.79583335 0.0
