6 0.44427082 0.87916666 0.46927083 0.87583333 0.4765625 0.8725 0.49635416 0.875 0.54583335 0.8825 0.5515625 0.8808333 0.55104166 0.85 0.54375 0.76416665 0.5421875 0.72833335 0.5541667 0.68333334 0.5520833 0.675 0.54270834 0.6691667 0.5046875 0.6666667 0.4640625 0.6616667 0.43489584 0.66083336 0.434375 0.6791667 0.4453125 0.7216667 0.44322917 0.7816667 0.44322917 0.8516667 0.44322917 0.8725 0.44375 0.8775
6 0.40260416 0.64 0.43489584 0.5733333 0.46979168 0.5133333 0.4703125 0.5075 0.47552082 0.51 0.49479166 0.5391667 0.51354164 0.57166666 0.55260414 0.61833334 0.5796875 0.6475 0.5921875 0.66333336 0.5703125 0.69666666 0.5421875 0.7316667 0.5421875 0.72833335 0.55364585 0.68333334 0.55260414 0.675 0.5421875 0.6691667 0.49947917 0.6666667 0.465625 0.6616667 0.43489584 0.66 0.434375 0.6791667 0.43697917 0.69 0.42239583 0.6741667 0.40989584 0.6616667 0.403125 0.6483333 0.4015625 0.6433333
6 0.41875 0.5208333 0.4390625 0.56583333 0.43541667 0.5733333 0.4015625 0.6433333 0.403125 0.64916664 0.41041666 0.6625 0.43697917 0.68916667 0.44010416 0.7025 0.4203125 0.72 0.41458333 0.72083336 0.40885416 0.72583336 0.40416667 0.73083335 0.40052083 0.73833334 0.38854167 0.76416665 0.36614582 0.7475 0.34583333 0.73333335 0.33229166 0.72583336 0.30208334 0.6675 0.30208334 0.6625 0.3109375 0.6483333 0.3125 0.6475 0.35520834 0.60333335 0.36979166 0.58416665 0.40208334 0.54083335 0.40260416 0.53583336 0.40677083 0.5316667 0.41510418 0.5208333
6 0.17916666 0.525 0.20260416 0.515 0.21979167 0.50916666 0.23541667 0.49833333 0.2484375 0.485 0.26197916 0.46916667 0.26927084 0.45333335 0.27760416 0.45083332 0.2859375 0.44666666 0.29479167 0.48833334 0.30885416 0.54833335 0.32135418 0.5925 0.33020833 0.615 0.31666666 0.6225 0.31354168 0.6225 0.27864584 0.6358333 0.25364584 0.6475 0.23958333 0.6533333 0.21822916 0.67833334 0.20052083 0.6875 0.19427083 0.645 0.18802084 0.6091667 0.18697916 0.5858333 0.18802084 0.56083333 0.1734375 0.5341667 0.1703125 0.52916664 0.175 0.5208333 0.17760417 0.525
6 0.22604166 0.39916667 0.240625 0.4 0.25052083 0.40333334 0.26354167 0.40583333 0.31197917 0.4125 0.34114584 0.41166666 0.36354166 0.40916666 0.37760416 0.41083333 0.3796875 0.42166665 0.37395832 0.49833333 0.37083334 0.55333334 0.36927083 0.58416665 0.36354166 0.5925 0.35572916 0.5908333 0.32864583 0.5775 0.31666666 0.5758333 0.309375 0.55 0.29583332 0.49333334 0.2859375 0.44666666 0.27708334 0.45083332 0.26927084 0.45333335 0.2625 0.46916667 0.23541667 0.49833333 0.22447917 0.5058333 0.22447917 0.42833334 0.22604166 0.4025
6 0.49270833 0.385 0.525 0.4175 0.5364583 0.42583334 0.5552083 0.4325 0.5854167 0.4475 0.58125 0.47333333 0.57708335 0.4825 0.56145835 0.5325 0.55104166 0.56583333 0.546875 0.5858333 0.54270834 0.6066667 0.5140625 0.5725 0.49479166 0.5391667 0.47604167 0.51 0.4703125 0.5075 0.46979168 0.5133333 0.4390625 0.56583333 0.45625 0.5083333 0.47447917 0.4375 0.48177084 0.40666667 0.48125 0.4025 0.48854166 0.38416666 0.49114582 0.385
6 0.013020833 0.28 0.035416666 0.40083334 0.0484375 0.39666668 0.065625 0.35583332 0.1140625 0.35666665 0.153125 0.36083335 0.16770834 0.3625 0.18177083 0.35666665 0.175 0.26916668 0.16666667 0.18416667 0.153125 0.18416667 0.0984375 0.2 0.036458332 0.215 0.0171875 0.20333333 0.0020833334 0.20416667 0.0125 0.27416667
6 0.028125 0.06 0.09947917 0.0425 0.14635417 0.029166667 0.1671875 0.18416667 0.15208334 0.185 0.096354164 0.20083334 0.06666667 0.2075 0.06875 0.1825 0.0640625 0.15666667 0.040625 0.11333334 0.027083334 0.08583333 0.025520833 0.064166665
6 0.30625 0.1725 0.33020833 0.26416665 0.34739584 0.32666665 0.35520834 0.31666666 0.38177082 0.27916667 0.4171875 0.25166667 0.4375 0.24666667 0.45885417 0.2375 0.47239584 0.23416667 0.47708333 0.22416666 0.4734375 0.19083333 0.42864582 0.22416666 0.41979167 0.2325 0.41614583 0.23416667 0.41197917 0.22666667 0.38854167 0.11333334 0.35416666 0.145 0.33958334 0.14916667 0.31614584 0.15833333 0.30885416 0.16833334 0.30625 0.17083333
6 0.35 0.33416668 0.40520832 0.47083333 0.42291668 0.45083332 0.4609375 0.39833334 0.4765625 0.38083333 0.5046875 0.35916665 0.5182292 0.35083333 0.5338542 0.34166667 0.51979166 0.3 0.509375 0.27 0.49635416 0.23833333 0.484375 0.21333334 0.475 0.2075 0.47708333 0.2225 0.471875 0.23416667 0.45833334 0.2375 0.43697917 0.24666667 0.4171875 0.25166667 0.38177082 0.27833334 0.35572916 0.31583333 0.34739584 0.32583332 0.34947917 0.3325
6 0.371875 0.039166667 0.38854167 0.016666668 0.3953125 0.009166666 0.4046875 0.0 0.47135416 0.0 0.471875 0.029166667 0.47239584 0.064166665 0.47552082 0.08 0.48697916 0.090833336 0.50989586 0.12916666 0.5130208 0.135 0.5161458 0.15833333 0.48072916 0.18916667 0.47395834 0.19 0.471875 0.1925 0.44114584 0.215 0.43229166 0.22166666 0.42916667 0.22416666 0.4203125 0.2325 0.41614583 0.23416667 0.41197917 0.22666667 0.39322916 0.13666667 0.38489583 0.09833334 0.37395832 0.060833335 0.37447917 0.0575 0.37135416 0.041666668
6 0.61614585 0.28833333 0.6098958 0.42583334 0.60729164 0.4675 0.6557292 0.46583334 0.7171875 0.46916667 0.74895835 0.4775 0.7572917 0.4775 0.7625 0.37916666 0.759375 0.2925 0.74427086 0.29416665 0.7015625 0.30333334 0.6880208 0.305 0.6770833 0.3 0.6411458 0.2925 0.625 0.28666666 0.6166667 0.28666666
6 0.2765625 0.64666665 0.24895833 0.7291667 0.24270834 0.7583333 0.23541667 0.775 0.23072916 0.78583336 0.22552083 0.79 0.22447917 0.7941667 0.2265625 0.7941667 0.2296875 0.79083335 0.23489584 0.7925 0.26875 0.81416667 0.278125 0.82 0.28645834 0.8425 0.31145832 0.87916666 0.31822917 0.88666666 0.31927082 0.9 0.33333334 0.9125 0.33958334 0.91333336 0.38802084 0.8 0.39739582 0.77166665 0.36875 0.75 0.34583333 0.73333335 0.325 0.72083336 0.31822917 0.7175 0.29114583 0.66083336 0.278125 0.6458333
