18 0.35 0.29083332 0.33854166 0.28916666 0.33125 0.29583332 0.3125 0.33583334 0.31666666 0.34333333 0.33489582 0.39833334 0.33177084 0.41666666 0.32760417 0.42416668 0.25416666 0.47833332 0.23072916 0.53 0.22447917 0.5475 0.22239584 0.56083333 0.22447917 0.57416666 0.23020834 0.5858333 0.24895833 0.6041667 0.2546875 0.60583335 0.3078125 0.6308333 0.309375 0.6175 0.31458333 0.60333335 0.375 0.58 0.39635417 0.53333336 0.43177083 0.4575 0.43645832 0.44583333 0.42083332 0.42583334 0.3921875 0.39 0.35208333 0.34916666 0.34635416 0.3325 0.346875 0.31666666 0.35729167 0.295
18 0.31822917 0.6358333 0.30260417 0.62916666 0.2484375 0.60333335 0.24479167 0.6025 0.23489584 0.61583334 0.225 0.685 0.2171875 0.72833335 0.20677084 0.80083334 0.2125 0.8208333 0.22447917 0.8275 0.259375 0.8425 0.2828125 0.84 0.3 0.8466667 0.32708332 0.87666667 0.36354166 0.8983333 0.39739582 0.9125 0.40677083 0.9091667 0.41510418 0.89916664 0.44010416 0.75083333 0.446875 0.7108333 0.4390625 0.69166666 0.3328125 0.64166665
18 0.51145834 0.5308333 0.50104165 0.53 0.4875 0.53583336 0.38854167 0.5733333 0.37239584 0.58 0.31510416 0.6016667 0.30885416 0.61583334 0.30833334 0.6308333 0.33177084 0.64 0.39166668 0.66833335 0.43958333 0.69166666 0.446875 0.71 0.434375 0.7866667 0.46354166 0.7775 0.521875 0.76166666 0.54114586 0.75333333 0.54791665 0.7425 0.55 0.72833335 0.54479164 0.675 0.52708334 0.5516667 0.51927084 0.5366667
18 0.478125 0.505 0.4515625 0.5441667 0.4515625 0.55083334 0.49270833 0.5341667 0.496875 0.5308333 0.490625 0.5208333
18 0.5885417 0.34916666 0.58697915 0.35166666 0.59270835 0.35833332 0.59479165 0.36333334 0.59583336 0.38333333 0.5598958 0.45583335 0.52447915 0.52666664 0.51979166 0.5366667 0.52760416 0.5516667 0.5421875 0.6575 0.5494792 0.7133333 0.553125 0.7108333 0.5932292 0.6458333 0.584375 0.62916666 0.584375 0.6125 0.59010416 0.5933333 0.64375 0.49833333 0.6625 0.46666667 0.67552084 0.4625 0.6375 0.41416666 0.63072914 0.41583332 0.6276042 0.4075 0.6276042 0.4
18 0.434375 0.16666667 0.42395833 0.16666667 0.41875 0.16833334 0.3703125 0.2675 0.3578125 0.29416665 0.346875 0.3175 0.34635416 0.33166668 0.35208333 0.34833333 0.36302084 0.36 0.39322916 0.39083335 0.42239583 0.42833334 0.4359375 0.445 0.4375 0.44833332 0.471875 0.4975 0.48020834 0.50666666 0.49427083 0.525 0.49791667 0.5308333 0.5078125 0.5308333 0.51197916 0.5325 0.51979166 0.5366667 0.57604164 0.42333335 0.59583336 0.38333333 0.59479165 0.36083335 0.5833333 0.34666666 0.48645833 0.2275 0.47135416 0.21166667 0.44322917 0.17416666
18 0.7348958 0.545 0.6953125 0.48333332 0.68385416 0.46583334 0.6765625 0.4625 0.66510415 0.46583334 0.65989584 0.47083333 0.6125 0.5525 0.590625 0.5925 0.5833333 0.6141667 0.58489585 0.6308333 0.6 0.6558333 0.6625 0.7391667 0.678125 0.7633333 0.7 0.80333334 0.725 0.8433333 0.7338542 0.8475 0.74322915 0.8441667 0.7578125 0.81666666 0.8119792 0.7225 0.8208333 0.7058333 0.821875 0.6925 0.8208333 0.6816667 0.80625 0.6575 0.77916664 0.6166667 0.75208336 0.57166666
18 0.66197914 0.745 0.64375 0.74333334 0.6354167 0.75166667 0.6296875 0.7658333 0.62916666 0.7825 0.62916666 0.82 0.6244792 0.9325 0.6265625 0.94666666 0.6296875 0.95666665 0.6354167 0.965 0.6380208 0.9683333 0.6645833 0.9716667 0.67760414 0.96666664 0.68854165 0.9675 0.696875 0.97 0.71666664 0.9675 0.77760416 0.9741667 0.8307292 0.9766667 0.84010416 0.965 0.8432292 0.955 0.84583336 0.87333333 0.8453125 0.8308333 0.8484375 0.7916667 0.84739584 0.77 0.8411458 0.75666666 0.8375 0.75333333 0.796875 0.74833333 0.7583333 0.81666666 0.74375 0.8441667 0.734375 0.8475 0.72552085 0.8433333 0.7026042 0.8075 0.6770833 0.7608333 0.665625 0.745
18 0.8296875 0.28166667 0.78229165 0.26333332 0.759375 0.255 0.75104165 0.25916666 0.7447917 0.26666668 0.74375 0.27 0.75364584 0.27833334 0.7640625 0.29416665 0.78333336 0.3175 0.79114586 0.32916668 0.79479164 0.34916666 0.7921875 0.3575 0.7796875 0.38166666 0.76666665 0.40166667 0.7270833 0.48833334 0.72239584 0.49916667 0.715625 0.50416666 0.709375 0.50333333 0.70989585 0.5058333 0.7578125 0.58166665 0.7864583 0.62666667 0.8203125 0.6425 0.8286458 0.63916665 0.83385414 0.63166666 0.83802086 0.59166664 0.85833335 0.455 0.87083334 0.3725 0.8734375 0.3525 0.87916666 0.325 0.87604165 0.30916667 0.87083334 0.29833335
18 0.6458333 0.12666667 0.63697916 0.125 0.6322917 0.12666667 0.62395835 0.13666667 0.59479165 0.1875 0.5697917 0.23666666 0.553125 0.27083334 0.5520833 0.2875 0.5546875 0.29666665 0.55625 0.3025 0.5598958 0.30916667 0.575 0.33083335 0.58958334 0.34916666 0.62916666 0.4025 0.6453125 0.42333335 0.67552084 0.46333334 0.67760414 0.46333334 0.68385416 0.46583334 0.709375 0.50416666 0.715625 0.50416666 0.7234375 0.49833333 0.74375 0.45166665 0.7671875 0.40083334 0.78125 0.37916666 0.79479164 0.35083333 0.79010415 0.3275 0.778125 0.31083333 0.7609375 0.28916666 0.7526042 0.27666667 0.7421875 0.26833335 0.7270833 0.2475 0.66510415 0.14833333 0.6515625 0.13083333
18 0.6197917 0.08583333 0.6109375 0.09583333 0.60729164 0.104166664 0.60572916 0.115 0.60572916 0.1675 0.62604165 0.1325 0.6333333 0.12583333 0.64166665 0.12583333 0.6479167 0.1275 0.66302085 0.145 0.70208335 0.2075 0.72864586 0.25 0.74322915 0.26916668 0.75104165 0.25833333 0.759375 0.255 0.82135415 0.2775 0.8276042 0.265 0.8286458 0.24583334 0.8255208 0.2175 0.821875 0.14083333 0.815625 0.096666664 0.8140625 0.0825 0.8072917 0.06666667 0.8 0.06 0.7864583 0.06333333 0.75364584 0.0675 0.69322914 0.08583333 0.690625 0.08833333 0.68072915 0.08833333 0.67395836 0.086666666 0.6265625 0.08416667
18 0.25677082 0.11083333 0.1953125 0.13916667 0.15625 0.16083333 0.13645834 0.17333333 0.13541667 0.18833333 0.15052083 0.26666668 0.20364584 0.49333334 0.20833333 0.49916667 0.21979167 0.50416666 0.290625 0.45 0.328125 0.42333335 0.33177084 0.41583332 0.33541667 0.39916667 0.31614584 0.34166667 0.30625 0.32666665 0.303125 0.32416666 0.29739583 0.32166666 0.29427084 0.29416665 0.29635417 0.27416667 0.29322916 0.23666666 0.2734375 0.123333335 0.26666668 0.115
