15 0.20833333 0.21916667 0.203125 0.20583333 0.196875 0.21416667 0.19791667 0.21916667 0.196875 0.225 0.20208333 0.23 0.20260416 0.23666666 0.20520833 0.23916666 0.20729166 0.25166667 0.2171875 0.27083334 0.24375 0.31416667 0.296875 0.4 0.33385417 0.45666668 0.35208333 0.48333332 0.35885417 0.48916668 0.36458334 0.48916668 0.3671875 0.49583334 0.37239584 0.49583334 0.37552083 0.50333333 0.38177082 0.50166667 0.38333333 0.48666668 0.3796875 0.48333332 0.3765625 0.47666666 0.37708333 0.46083334 0.36145833 0.43083334 0.275 0.29 0.2296875 0.22333333 0.22135417 0.2175 0.21458334 0.2175
15 0.25833333 0.5025 0.25052083 0.49833333 0.24947916 0.50666666 0.24947916 0.51666665 0.25364584 0.5175 0.25885418 0.51666665 0.2625 0.5208333 0.2671875 0.5325 0.2734375 0.5391667 0.30364582 0.545 0.43645832 0.56333333 0.47760418 0.56916666 0.48385417 0.565 0.4859375 0.555 0.48854166 0.55833334 0.4921875 0.5525 0.50104165 0.55083334 0.5 0.5375 0.4921875 0.54 0.49010417 0.5325 0.48645833 0.5325 0.48020834 0.52416664 0.46875 0.5183333 0.43541667 0.5133333 0.30416667 0.49333334 0.27708334 0.48916668 0.27239582 0.49083334 0.265625 0.49833333 0.26145834 0.49833333
15 0.34114584 0.55833334 0.33541667 0.5491667 0.32916668 0.5625 0.3296875 0.5683333 0.33854166 0.56916666 0.3375 0.5775 0.34114584 0.5783333 0.34375 0.5908333 0.34739584 0.5975 0.37447917 0.6141667 0.53802085 0.71 0.5484375 0.7083333 0.5515625 0.70166665 0.55625 0.70166665 0.5619792 0.70916665 0.565625 0.6925 0.55885416 0.69166666 0.55677086 0.68416667 0.55364585 0.68333334 0.55 0.67083335 0.5421875 0.6591667 0.46458334 0.6116667 0.37395832 0.56 0.3609375 0.55333334 0.353125 0.55333334 0.34791666 0.55833334 0.34427083 0.5566667
15 0.2828125 0.57916665 0.27708334 0.58416665 0.27708334 0.59166664 0.28229168 0.59583336 0.28229168 0.60083336 0.28489584 0.6041667 0.28697917 0.6041667 0.28854167 0.61833334 0.29583332 0.6275 0.35260418 0.6675 0.43541667 0.72083336 0.4421875 0.72833335 0.44427082 0.72583336 0.47552082 0.74333334 0.4859375 0.7425 0.4890625 0.73833334 0.4921875 0.74333334 0.49583334 0.74 0.5046875 0.7441667 0.50677085 0.73083335 0.49947917 0.7275 0.49583334 0.7216667 0.49270833 0.70916665 0.48489583 0.6975 0.39739582 0.6408333 0.303125 0.57916665 0.29166666 0.5858333 0.2890625 0.585 0.2859375 0.58666664
15 0.378125 0.6925 0.37395832 0.68333334 0.36666667 0.6958333 0.37395832 0.70166665 0.37239584 0.7083333 0.37604168 0.7133333 0.37447917 0.72583336 0.37864584 0.7341667 0.459375 0.8333333 0.53802085 0.91583335 0.5463542 0.91833335 0.5520833 0.9125 0.5546875 0.91583335 0.55833334 0.91833335 0.56354165 0.92 0.56927085 0.90833336 0.5619792 0.90416664 0.5598958 0.895 0.5578125 0.88166666 0.5515625 0.87166667 0.45885417 0.76666665 0.403125 0.7 0.39010417 0.6925 0.384375 0.6933333 0.38125 0.6925
15 0.71875 0.18916667 0.7135417 0.19083333 0.70416665 0.18666667 0.7005208 0.18666667 0.6421875 0.24916667 0.5807292 0.3125 0.52708334 0.36333334 0.52135414 0.3725 0.52135414 0.385 0.51770836 0.39166668 0.50989586 0.39333335 0.5130208 0.41166666 0.51979166 0.40916666 0.528125 0.40333334 0.5328125 0.40916666 0.54479164 0.40583333 0.6302083 0.3225 0.7135417 0.23416667 0.7182292 0.21833333 0.71875 0.20583333 0.72239584 0.2025 0.7291667 0.19166666 0.71979165 0.18
15 0.92291665 0.07833333 0.9234375 0.0875 0.91979164 0.0975 0.90989584 0.105 0.903125 0.123333335 0.84583336 0.41833332 0.846875 0.43083334 0.8515625 0.43916667 0.8515625 0.45 0.85052085 0.4575 0.8510417 0.465 0.86145836 0.46916667 0.8619792 0.45666668 0.8666667 0.4525 0.865625 0.44583333 0.87291664 0.44 0.88697916 0.38 0.9369792 0.13666667 0.9375 0.11833333 0.934375 0.10666667 0.934375 0.09583333 0.9328125 0.093333334 0.9359375 0.079166666
15 0.925 0.37083334 0.9166667 0.36833334 0.9171875 0.37666667 0.9135417 0.3825 0.9145833 0.39 0.90833336 0.39416668 0.9036458 0.40833333 0.90052086 0.515 0.90208334 0.6066667 0.9057292 0.695 0.90989584 0.7316667 0.92083335 0.7391667 0.92083335 0.74833333 0.921875 0.75666666 0.93125 0.75333333 0.928125 0.74333334 0.9291667 0.7366667 0.93645835 0.7275 0.940625 0.7083333 0.9348958 0.55916667 0.9375 0.46 0.9348958 0.40666667 0.9265625 0.38916665 0.9265625 0.38416666 0.9234375 0.38416666 0.925 0.3775
15 0.8442708 0.9741667 0.83802086 0.96666664 0.83020836 0.9658333 0.82395834 0.97 0.76145834 1.0 0.8510417 1.0 0.85 0.99333334 0.853125 0.9925 0.859375 0.9941667 0.8609375 0.9875 0.85625 0.9741667 0.8541667 0.97083336 0.85 0.97583336
15 0.021875 0.22333333 0.010416667 0.2125 0.0 0.21 0.0 0.27 0.0671875 0.42583334 0.098958336 0.49916667 0.10989583 0.5158333 0.12135417 0.52166665 0.125 0.5275 0.12864584 0.5258333 0.134375 0.5375 0.13958333 0.53 0.13489583 0.52 0.1359375 0.5158333 0.13385417 0.5108333 0.13489583 0.49583334 0.13020833 0.47416666 0.031770833 0.2425
