18 0.28645834 0.6191667 0.30885416 0.6458333 0.31770834 0.64666665 0.3234375 0.64416665 0.3265625 0.6375 0.34791666 0.59 0.3421875 0.59166664 0.29947916 0.58
18 0.14166667 0.57166666 0.13125 0.60583335 0.13125 0.6191667 0.1328125 0.6308333 0.1375 0.6375 0.16354166 0.65833336 0.1796875 0.675 0.20520833 0.695 0.23333333 0.72333336 0.24166666 0.725 0.25052083 0.72083336 0.25885418 0.7025 0.2875 0.61583334 0.29947916 0.58166665 0.221875 0.555 0.15416667 0.535
18 0.2359375 0.32333332 0.22916667 0.3225 0.22083333 0.32666665 0.2328125 0.33083335 0.24322917 0.33333334 0.246875 0.3325 0.2375 0.325
18 0.22083333 0.2725 0.21875 0.27416667 0.20572917 0.30166668 0.19895834 0.315 0.22135417 0.3275 0.22760417 0.32333332 0.23489584 0.32166666 0.24583334 0.3325 0.25052083 0.33333334 0.2921875 0.34833333 0.29114583 0.34416667 0.23385416 0.27083334
18 0.57604164 0.004166667 0.54114586 0.025 0.5229167 0.0375 0.46979168 0.064166665 0.4640625 0.0775 0.46145833 0.08583333 0.46354166 0.096666664 0.49895832 0.25916666 0.5026042 0.27083334 0.50625 0.27583334 0.51197916 0.28 0.5208333 0.2775 0.55885416 0.25416666 0.58958334 0.23416667 0.6458333 0.2075 0.6947917 0.1775 0.70104164 0.17166667 0.7046875 0.16 0.7046875 0.14916667 0.69427085 0.083333336 0.68177086 0.031666666 0.67552084 0.0 0.5828125 0.0
18 0.65 0.21083333 0.6666667 0.25583333 0.6713542 0.25916666 0.678125 0.27333334 0.6901042 0.30333334 0.7 0.345 0.7109375 0.3725 0.71875 0.39166668 0.7239583 0.395 0.73125 0.3975 0.7369792 0.3975 0.759375 0.3775 0.83177084 0.3025 0.8354167 0.295 0.83697915 0.28333333 0.83177084 0.2675 0.809375 0.2175 0.80052084 0.20833333 0.7942708 0.19083333 0.7890625 0.175 0.78802085 0.16666667 0.7807292 0.13 0.7661458 0.08166666 0.7453125 0.0225 0.73854166 0.014166667 0.7296875 0.0125 0.7239583 0.0125 0.68541664 0.046666667 0.69114584 0.071666665 0.69635415 0.0975 0.7026042 0.13416667 0.70416665 0.14916667 0.7046875 0.15666667 0.70104164 0.17083333 0.6958333 0.1775 0.64739585 0.20583333
18 0.9203125 0.45583335 0.91041666 0.465 0.88854164 0.49 0.8776042 0.5025 0.86041665 0.5175 0.8515625 0.52416664 0.83177084 0.5466667 0.79322916 0.58666664 0.78802085 0.6016667 0.78697914 0.61 0.78697914 0.615 0.790625 0.63 0.81354165 0.68833333 0.834375 0.74666667 0.84375 0.76416665 0.85052085 0.7675 0.85833335 0.765 0.8765625 0.7475 0.93645835 0.68833333 1.0 0.6333333 1.0 0.51 0.9895833 0.48583335 0.959375 0.42916667 0.95520836 0.42666668 0.9484375 0.42583334 0.94114584 0.42833334 0.9302083 0.44416666
18 0.5578125 0.62583333 0.5520833 0.62583333 0.54583335 0.62833333 0.54010415 0.6308333 0.5260417 0.6641667 0.50885415 0.705 0.471875 0.7916667 0.4546875 0.83416665 0.434375 0.8775 0.43385416 0.8833333 0.43333334 0.8908333 0.43333334 0.89666665 0.43541667 0.90166664 0.44583333 0.9141667 0.46041667 0.9325 0.4921875 0.96416664 0.52916664 1.0 0.5463542 1.0 0.54791665 1.0 0.56354165 0.95916665 0.59791666 0.8858333 0.6557292 0.76166666 0.6578125 0.755 0.6588542 0.745 0.65729165 0.73333335 0.64947915 0.72583336 0.5640625 0.6325
18 0.6822917 0.6458333 0.6734375 0.64416665 0.571875 0.6408333 0.5807292 0.6508333 0.625 0.6983333 0.6453125 0.7216667 0.6567708 0.7325 0.65833336 0.74 0.65833336 0.74583334 0.65833336 0.75 0.6567708 0.75916666 0.6411458 0.7925 0.59791666 0.8858333 0.5755208 0.9316667 0.56458336 0.9558333 0.5598958 0.9691667 0.5609375 0.9716667 0.575 0.97333336 0.6666667 0.9775 0.67291665 0.9725 0.6828125 0.9625 0.68645835 0.9433333 0.6921875 0.82166666 0.69114584 0.7916667 0.69322914 0.7325 0.6947917 0.6691667 0.6890625 0.65166664 0.6859375 0.64916664
18 0.3703125 0.44416666 0.38645834 0.45916668 0.38958332 0.46833333 0.39270833 0.4825 0.39166668 0.48916668 0.35572916 0.56916666 0.36875 0.44583333
18 0.25885418 0.33666667 0.24895833 0.3325 0.2390625 0.3325 0.23020834 0.33083335 0.221875 0.3275 0.19166666 0.31083333 0.17395833 0.30333334 0.16770834 0.30333334 0.16197917 0.30833334 0.15833333 0.31583333 0.15052083 0.37333333 0.13645834 0.47416666 0.13177083 0.5083333 0.1328125 0.5175 0.13541667 0.5258333 0.14010416 0.53 0.15989584 0.5375 0.225 0.55583334 0.29427084 0.58 0.33489582 0.59 0.3421875 0.59166664 0.34739584 0.59 0.3546875 0.5783333 0.3609375 0.5258333 0.37447917 0.3925 0.375 0.38416666 0.371875 0.3725 0.36614582 0.36583334 0.34479168 0.36333334 0.28177083 0.345
