20 0.072916664 0.26 0.029166667 0.23416667 0.0234375 0.235 0.014583333 0.24083333 0.011979166 0.25333333 0.0 0.305 0.0 0.395 0.0 0.49 0.016145833 0.49666667 0.0359375 0.4975 0.058854166 0.49333334 0.08020833 0.4775 0.08958333 0.47 0.10364583 0.4475 0.108333334 0.44416666 0.11302083 0.44666666 0.1171875 0.46666667 0.119791664 0.45333335 0.12291667 0.4425 0.128125 0.43 0.14375 0.41083333 0.15572916 0.38833332 0.16770834 0.32083333 0.16302083 0.31583333 0.1125 0.28166667
20 0.159375 0.555 0.14895834 0.57166666 0.17708333 0.6066667 0.17708333 0.5758333 0.1765625 0.55833334 0.159375 0.55083334
20 0.1765625 0.625 0.175 0.6641667 0.1765625 0.67583334 0.18229167 0.69083333 0.1859375 0.6983333 0.19479166 0.7 0.20260416 0.7008333 0.21510416 0.6983333 0.21979167 0.6933333 0.23333333 0.63916665 0.24479167 0.5883333 0.22083333 0.5783333 0.17604166 0.55833334 0.17708333 0.5758333 0.1765625 0.6116667
20 0.28177083 0.65416664 0.278125 0.74333334 0.27916667 0.75083333 0.28385416 0.755 0.28958333 0.75916666 0.34791666 0.77416664 0.36979166 0.7758333 0.42552084 0.7825 0.43697917 0.775 0.44270834 0.76416665 0.44427082 0.7375 0.446875 0.67833334 0.37447917 0.64666665 0.3625 0.6383333 0.30572918 0.61 0.28333333 0.60333335
20 0.23802084 0.645 0.2640625 0.6533333 0.28177083 0.6591667 0.28385416 0.60333335 0.26770833 0.59833336 0.24479167 0.58916664 0.23229167 0.64416665
20 0.24114583 0.66 0.2171875 0.705 0.21510416 0.7175 0.21458334 0.7216667 0.21614583 0.7275 0.21822916 0.7316667 0.271875 0.80833334 0.3 0.7625 0.28958333 0.75916666 0.2796875 0.75083333 0.278125 0.7425 0.28125 0.6591667 0.24635416 0.6475
20 0.246875 0.8516667 0.2046875 0.935 0.18072917 0.9866667 0.17552084 0.99916667 0.36927083 1.0 0.37552083 0.9875 0.3921875 0.95416665 0.4109375 0.90833336 0.4375 0.8575 0.44947916 0.83666664 0.4546875 0.8358333 0.4625 0.8333333 0.47291666 0.83166665 0.4828125 0.82916665 0.51354164 0.7966667 0.5390625 0.75666666 0.54270834 0.745 0.54375 0.7316667 0.54270834 0.72 0.50885415 0.65 0.5046875 0.68083334 0.49947917 0.68916667 0.49270833 0.6925 0.48541668 0.6925 0.446875 0.67833334 0.44427082 0.7366667 0.44270834 0.7625 0.43697917 0.775 0.42552084 0.7816667 0.34635416 0.77416664 0.3 0.7625 0.2671875 0.81583333
20 0.3375 0.15916666 0.33697918 0.16916667 0.33385417 0.19583334 0.33333334 0.21666667 0.3296875 0.255 0.32135418 0.32166666 0.31354168 0.3725 0.31770834 0.375 0.33229166 0.38333333 0.37760416 0.40416667 0.38177082 0.40666667 0.38958332 0.40833333 0.425 0.41083333 0.45625 0.4225 0.4625 0.39916667 0.46614584 0.38 0.4734375 0.31833333 0.47864583 0.2375 0.478125 0.22083333 0.4734375 0.21166667 0.46875 0.20416667 0.46041667 0.19916667 0.41510418 0.18666667 0.37864584 0.18083334 0.3640625 0.17666666 0.35572916 0.17166667 0.35052082 0.1625 0.346875 0.15666667 0.34375 0.155 0.3390625 0.15416667
20 0.31458333 0.145 0.33020833 0.1625 0.33697918 0.17 0.33385417 0.195 0.33333334 0.21666667 0.33072916 0.24666667 0.32083333 0.3225 0.31354168 0.37333333 0.25260416 0.34 0.24322917 0.33416668 0.23177083 0.33666667 0.22447917 0.34 0.23854166 0.28666666 0.25833333 0.205 0.278125 0.15083334 0.28333333 0.14 0.28958333 0.13583334 0.2953125 0.13416667 0.3015625 0.13583334 0.30625 0.13833334
20 0.521875 0.36 0.48125 0.32416666 0.47395834 0.3175 0.46979168 0.34833333 0.46614584 0.38 0.4609375 0.405 0.45572916 0.4225 0.46822917 0.42666668 0.50416666 0.43583333 0.5078125 0.43333334 0.515625 0.43333334 0.521875 0.43916667 0.528125 0.455 0.5234375 0.5225 0.52135414 0.5416667 0.5338542 0.52 0.540625 0.50666666 0.55260414 0.47 0.56666666 0.43083334 0.56666666 0.41916665 0.5630208 0.40166667 0.55260414 0.39333335 0.54270834 0.3825
20 0.19010417 0.2875 0.18177083 0.28833333 0.1734375 0.29666665 0.1703125 0.30833334 0.16302083 0.34416667 0.15885417 0.3725 0.15572916 0.38833332 0.14427084 0.40916666 0.128125 0.43 0.12291667 0.44333333 0.11927083 0.45666668 0.116145834 0.47833332 0.11510417 0.5 0.1171875 0.51666665 0.1203125 0.5258333 0.12604167 0.5308333 0.15260416 0.5475 0.22447917 0.5808333 0.27239582 0.6 0.30520833 0.61 0.36354166 0.63916665 0.37395832 0.6458333 0.46927083 0.6875 0.48645833 0.6933333 0.49270833 0.6925 0.49947917 0.68916667 0.5046875 0.6825 0.5104167 0.6383333 0.521875 0.54 0.52760416 0.46416667 0.528125 0.455 0.52239585 0.43916667 0.515625 0.43333334 0.50885415 0.4325 0.50416666 0.435 0.47083333 0.4275 0.425 0.41083333 0.40625 0.40916666 0.3890625 0.40833333 0.38072917 0.40666667 0.33229166 0.38333333 0.28541666 0.3575 0.24270834 0.335 0.23229167 0.33666667 0.22291666 0.34083334 0.2171875 0.34 0.21302083 0.3375 0.209375 0.3325 0.2078125 0.32333332 0.20416667 0.30083334 0.19375 0.28916666
