6 0.434375 0.4575 0.3484375 0.56916666 0.3609375 0.59166664 0.4109375 0.66833335 0.45 0.76166666 0.45885417 0.7683333 0.5385417 0.6591667 0.54010415 0.64916664 0.503125 0.5925 0.4765625 0.55083334 0.46354166 0.51166666 0.4390625 0.4675
6 0.5286458 0.48916668 0.5078125 0.5075 0.47395834 0.5441667 0.4765625 0.55083334 0.540625 0.65 0.5390625 0.65833336 0.51770836 0.68833333 0.5453125 0.67333335 0.57135415 0.6616667 0.5833333 0.65166664 0.53333336 0.49666667
6 0.47239584 0.47666666 0.46458334 0.48333332 0.45520833 0.49666667 0.46302083 0.50916666 0.47395834 0.5441667 0.49270833 0.5225 0.4765625 0.48166665
6 0.36145833 0.6 0.34270832 0.6175 0.346875 0.62916666 0.378125 0.69416666 0.3875 0.72333336 0.4078125 0.76166666 0.41927084 0.755 0.43385416 0.7375 0.41614583 0.685 0.41041666 0.66833335 0.36458334 0.59583336
6 0.41927084 0.695 0.43385416 0.7375 0.44010416 0.7625 0.44427082 0.7725 0.453125 0.7658333 0.44947916 0.7608333 0.41979167 0.69083333
6 0.6901042 0.11666667 0.68125 0.119166665 0.57447916 0.15416667 0.54322916 0.14833333 0.5296875 0.15166667 0.5307292 0.17416666 0.54322916 0.28666666 0.5484375 0.33166668 0.5520833 0.33666667 0.5786458 0.32333332 0.596875 0.31333333 0.61614585 0.31083333 0.6635417 0.29833335 0.69427085 0.29833335 0.7015625 0.2975 0.7036458 0.29166666 0.696875 0.21166667 0.6958333 0.18666667 0.69375 0.17083333 0.690625 0.119166665
6 0.8109375 0.3725 0.7953125 0.385 0.7916667 0.38916665 0.78802085 0.4025 0.759375 0.43083334 0.70520836 0.47083333 0.6947917 0.47166666 0.6875 0.4825 0.6979167 0.5108333 0.7083333 0.5516667 0.72083336 0.5883333 0.73229164 0.6325 0.734375 0.6425 0.7427083 0.6375 0.80677086 0.575 0.840625 0.545 0.84739584 0.5425 0.85572916 0.5366667 0.86354166 0.52666664 0.86145836 0.5175 0.828125 0.41916665 0.8151042 0.38
6 0.7390625 0.4125 0.696875 0.47166666 0.70520836 0.47083333 0.7526042 0.435 0.75 0.42833334 0.74583334 0.41666666 0.74114585 0.41166666
6 0.6859375 0.48583335 0.659375 0.52416664 0.66822916 0.54083335 0.69166666 0.57166666 0.709375 0.6041667 0.7546875 0.70166665 0.7630208 0.7075 0.76770836 0.70166665 0.79114586 0.6533333 0.79375 0.65 0.8234375 0.6191667 0.8354167 0.6075 0.83229166 0.5991667 0.82604164 0.5833333 0.81666666 0.56666666 0.8098958 0.5725 0.7494792 0.63166666 0.7416667 0.6383333 0.734375 0.64166665 0.7203125 0.5858333 0.7078125 0.55083334 0.69947916 0.5175 0.6953125 0.505 0.6875 0.4825
6 0.52239585 0.10166667 0.51875 0.2875 0.54270834 0.28666666 0.53020835 0.17083333 0.53020835 0.15166667 0.54322916 0.14833333 0.575 0.15416667 0.6796875 0.119166665 0.65989584 0.12 0.59375 0.123333335 0.5828125 0.125 0.5442708 0.105 0.5307292 0.09833334
