6 0.22291666 0.49333334 0.18072917 0.48916668 0.1578125 0.495 0.11770833 0.49583334 0.11770833 0.5208333 0.14114584 0.60583335 0.15416667 0.7025 0.16041666 0.73583335 0.2109375 0.7075 0.2625 0.6875 0.25520834 0.65416664 0.24010417 0.6091667 0.23177083 0.56083333 0.22447917 0.5425 0.22291666 0.51416665 0.225 0.50083333
6 0.3796875 0.62583333 0.35104167 0.6325 0.32083333 0.635 0.2765625 0.62916666 0.278125 0.73333335 0.2796875 0.81 0.30833334 0.8041667 0.35885417 0.79 0.39322916 0.78583336 0.42447916 0.7925 0.43697917 0.7916667 0.43385416 0.62 0.41927084 0.6166667 0.396875 0.62166667 0.3875 0.62666667 0.38489583 0.6325 0.38072917 0.63166666
6 0.37239584 0.58916664 0.34895834 0.5683333 0.34010416 0.555 0.30208334 0.5025 0.27708334 0.46 0.26927084 0.44583333 0.2359375 0.5 0.22395833 0.5258333 0.22395833 0.54083335 0.23229167 0.56083333 0.24010417 0.60833335 0.25677082 0.66 0.27708334 0.69416666 0.27708334 0.62916666 0.32083333 0.635 0.3515625 0.6325 0.3796875 0.62583333 0.3796875 0.59833336
6 0.18802084 0.0 0.12760417 0.051666666 0.13958333 0.08416667 0.15364583 0.09916667 0.2046875 0.265 0.20833333 0.27666667 0.24895833 0.23833333 0.30833334 0.18416667 0.30208334 0.1675 0.28697917 0.13583334 0.2671875 0.0825 0.24479167 0.01 0.24166666 0.0
6 0.490625 0.13416667 0.478125 0.14333333 0.46979168 0.1575 0.4 0.25583333 0.37708333 0.27916667 0.36666667 0.2925 0.42552084 0.4 0.44270834 0.42666668 0.45520833 0.4125 0.45572916 0.4075 0.50677085 0.33166668 0.5171875 0.31666666 0.5421875 0.27666667 0.55052084 0.26666668 0.55885416 0.24666667 0.5265625 0.22583333 0.51354164 0.18083334 0.49479166 0.1425
6 0.38020834 0.44083333 0.378125 0.48166665 0.37135416 0.50083333 0.37552083 0.55583334 0.38020834 0.5991667 0.3796875 0.62583333 0.38125 0.6308333 0.38541666 0.63166666 0.38802084 0.62583333 0.3984375 0.62083334 0.428125 0.605 0.45989582 0.62916666 0.48958334 0.6475 0.5026042 0.65 0.515625 0.535 0.5229167 0.48833334 0.5171875 0.465 0.5072917 0.46333334 0.446875 0.455 0.39895833 0.44333333 0.3875 0.44
6 0.4828125 0.6591667 0.440625 0.68916667 0.44895834 0.7175 0.45885417 0.7416667 0.4828125 0.8183333 0.49635416 0.8625 0.49739584 0.87583333 0.50625 0.9025 0.5921875 0.82916665 0.60364586 0.82 0.59583336 0.79 0.5911458 0.78583336 0.546875 0.65416664 0.5421875 0.6308333 0.5364583 0.61833334 0.52916664 0.62416667 0.50677085 0.64666665 0.50104165 0.6508333 0.496875 0.6508333
6 0.8171875 0.70916665 0.8072917 0.72333336 0.76666665 0.78583336 0.7427083 0.8183333 0.71197915 0.865 0.7015625 0.8808333 0.77135414 0.99 0.784375 0.9716667 0.82708335 0.91333336 0.8671875 0.85583335 0.8734375 0.85 0.8765625 0.84 0.88072914 0.8358333 0.8354167 0.7441667 0.82395834 0.72333336
6 0.89635414 0.46416667 0.87864584 0.46583334 0.85364586 0.4775 0.80885416 0.49583334 0.79270834 0.495 0.76354164 0.4975 0.75104165 0.50333333 0.75416666 0.57416666 0.75572914 0.6225 0.7583333 0.68 0.7760417 0.6775 0.77916664 0.6741667 0.84791666 0.6308333 0.88489586 0.6475 0.9 0.64166665 0.8932292 0.58666664 0.89166665 0.56916666 0.8984375 0.505 0.8984375 0.4725
6 0.8921875 0.78583336 0.8859375 0.7583333 0.87135416 0.6766667 0.8677083 0.6625 0.86927086 0.6483333 0.86875 0.6408333 0.84791666 0.6308333 0.77916664 0.6741667 0.7765625 0.6775 0.7708333 0.67833334 0.77447915 0.70166665 0.7786458 0.7416667 0.7796875 0.76416665 0.8130208 0.715 0.8177083 0.71 0.82447916 0.7241667 0.86302084 0.7991667 0.8901042 0.79333335
6 0.7708333 0.35333332 0.7604167 0.37916666 0.74375 0.43833333 0.7375 0.44916666 0.7109375 0.5125 0.6984375 0.5425 0.6875 0.5566667 0.75625 0.62833333 0.75104165 0.50333333 0.76354164 0.49666667 0.79322916 0.49416667 0.809375 0.49583334 0.8359375 0.485 0.846875 0.46166667 0.84739584 0.43666667 0.80572915 0.3875
6 1.0 0.355 0.9947917 0.35333332 0.9578125 0.355 0.940625 0.35666665 0.909375 0.35166666 0.8703125 0.33666667 0.85833335 0.335 0.85 0.47833332 0.8671875 0.47083333 0.87864584 0.46583334 0.89635414 0.46416667 0.8984375 0.4725 0.8984375 0.5025 0.8984375 0.505 0.9015625 0.51 0.90989584 0.50666666 0.94114584 0.5175 0.9661458 0.5233333 0.9765625 0.5233333 1.0 0.5341667
6 0.5572917 0.29833335 0.5182292 0.315 0.46302083 0.39583334 0.47552082 0.45833334 0.51770836 0.46583334 0.5234375 0.49 0.5130208 0.56083333 0.55 0.5625 0.596875 0.5475 0.59166664 0.51416665 0.5796875 0.4575 0.5697917 0.45 0.5765625 0.42166665 0.5671875 0.36416668 0.5619792 0.31583333
6 0.7317708 0.29583332 0.721875 0.29166666 0.65 0.235 0.63489586 0.22 0.6244792 0.25 0.6109375 0.32333332 0.60833335 0.3475 0.5921875 0.38583332 0.57604164 0.4225 0.5697917 0.44916666 0.59739584 0.46916667 0.6713542 0.51916665 0.6770833 0.49166667 0.68072915 0.45 0.6869792 0.435 0.6723958 0.35 0.7234375 0.3275
6 1.0 0.15916666 0.9671875 0.135 0.94166666 0.09916667 0.93333334 0.08083333 0.9135417 0.10916667 0.8875 0.16833334 0.8625 0.23333333 0.8979167 0.26916668 0.91197914 0.27916667 0.96875 0.34333333 0.97864586 0.35416666 0.9875 0.35333332 1.0 0.33
6 0.6625 0.0 0.65 0.0275 0.6015625 0.10333333 0.625 0.135 0.6859375 0.21583334 0.7192708 0.265 0.75 0.19833334 0.7838542 0.125 0.76927084 0.10666667 0.73854166 0.075833336 0.68854165 0.0
6 0.77239585 0.30333334 0.6723958 0.35 0.6875 0.43583333 0.69895834 0.5258333 0.7005208 0.535 0.7395833 0.44583333 0.74375 0.43833333 0.76145834 0.37666667 0.77135414 0.35166666 0.78125 0.3625 0.77916664 0.33166668 0.77916664 0.32
6 0.384375 0.32833335 0.3640625 0.33916667 0.32447916 0.3775 0.31041667 0.38583332 0.31822917 0.41 0.3359375 0.435 0.34635416 0.465 0.37395832 0.52166665 0.37135416 0.49916667 0.378125 0.48 0.38020834 0.44166666 0.3890625 0.44 0.4671875 0.45833334 0.45052084 0.4175 0.44322917 0.42583334 0.42083332 0.3925 0.39166668 0.33916667
6 0.3375 0.28666666 0.275 0.22166666 0.2734375 0.21583334 0.23125 0.255 0.19739583 0.3575 0.2203125 0.37583333 0.23802084 0.38416666 0.25260416 0.3825 0.26510417 0.40583333 0.31197917 0.46833333 0.32604167 0.48333332 0.34166667 0.45333335 0.33489582 0.43416667 0.31770834 0.40916666 0.30989584 0.38583332 0.3234375 0.3775 0.36510417 0.33916667 0.384375 0.3275 0.36510417 0.3125 0.35052082 0.2975
6 0.14479166 0.45 0.165625 0.39416668 0.14947917 0.38666666 0.11302083 0.36416668 0.027083334 0.28083333 0.009375 0.26583335 0.0 0.29083332 0.0 0.465 0.030729167 0.48333332 0.053125 0.49 0.065625 0.4875 0.07239583 0.515 0.09166667 0.545 0.100520834 0.55333334 0.11770833 0.52166665 0.11770833 0.49583334 0.128125 0.49583334 0.14166667 0.46333334
