3 0.584375 0.6958333 0.58697915 0.74666667 0.5989583 0.7875 0.62135416 0.8358333 0.62916666 0.83666664 0.6380208 0.8358333 0.66510415 0.79333335 0.678125 0.765 0.684375 0.74833333 0.7192708 0.72 0.75989586 0.65833336 0.759375 0.6408333 0.75208336 0.62416667 0.7046875 0.54333335 0.6822917 0.51416665 0.659375 0.5125 0.6276042 0.5308333 0.625 0.54083335 0.6234375 0.5475 0.6109375 0.555 0.60260415 0.5675 0.5833333 0.63 0.571875 0.6775 0.5671875 0.67833334 0.5546875 0.6766667 0.56614584 0.7033333 0.5734375 0.7033333
3 0.5854167 0.6091667 0.484375 0.6625 0.47447917 0.665 0.45677084 0.6725 0.42135417 0.62833333 0.41927084 0.62416667 0.42135417 0.5941667 0.4515625 0.5283333 0.49322918 0.44333333 0.50208336 0.41916665 0.5104167 0.4125 0.5239583 0.38583332 0.5328125 0.3825 0.5385417 0.385 0.55833334 0.41083333 0.58177084 0.45333335 0.60520834 0.50083333 0.6223958 0.53333336 0.6255208 0.535 0.62395835 0.54583335 0.609375 0.555 0.59010416 0.54583335 0.59583336 0.56416667 0.5989583 0.5775 0.590625 0.60583335
3 0.54270834 0.38833332 0.54895836 0.3875 0.5703125 0.4125 0.5765625 0.41 0.58385414 0.38583332 0.59270835 0.3775 0.6119792 0.365 0.6166667 0.36416668 0.6296875 0.34666666 0.63645834 0.33583334 0.646875 0.3375 0.65260416 0.34666666 0.6567708 0.3625 0.6635417 0.38833332 0.6635417 0.40333334 0.6640625 0.42083332 0.67552084 0.4525 0.6875 0.51 0.6890625 0.5208333 0.6828125 0.5125 0.659375 0.51166666 0.6265625 0.53 0.62604165 0.535 0.6223958 0.53333336 0.603125 0.49583334 0.584375 0.45666668 0.58229166 0.45083332 0.5651042 0.42166665 0.55833334 0.40916666
3 0.55625 0.6275 0.5619792 0.6666667 0.5651042 0.67333335 0.5697917 0.6775 0.57135415 0.6766667 0.58229166 0.6308333 0.5890625 0.6091667 0.5630208 0.6225 0.55572915 0.62583333
3 0.5989583 0.57666665 0.59583336 0.56166667 0.59010416 0.5466667 0.60625 0.5541667 0.6098958 0.55583334 0.6088542 0.5566667 0.6020833 0.5683333
3 0.34635416 0.515 0.35520834 0.55583334 0.36197916 0.5758333 0.3734375 0.57916665 0.40416667 0.55916667 0.45052084 0.5308333 0.4703125 0.4875 0.4828125 0.46333334 0.49375 0.44333333 0.50208336 0.4175 0.50989586 0.41083333 0.51770836 0.3975 0.50989586 0.38 0.49947917 0.3575 0.47916666 0.34666666 0.49322918 0.315 0.49739584 0.29666665 0.49739584 0.28833333 0.49114582 0.2825 0.48645833 0.27833334 0.44270834 0.29333332 0.43489584 0.29416665 0.43333334 0.35083333 0.43125 0.44333333 0.42552084 0.48916668 0.42447916 0.5158333 0.41770834 0.52666664 0.41145834 0.5275 0.371875 0.52 0.35260418 0.5183333
3 0.22864583 0.5808333 0.22395833 0.5733333 0.20364584 0.53 0.18854167 0.4975 0.16666667 0.4675 0.14479166 0.40583333 0.13385417 0.38666666 0.12916666 0.37916666 0.13072917 0.35083333 0.14895834 0.3325 0.16979167 0.30916667 0.20885417 0.265 0.24270834 0.23583333 0.25364584 0.23583333 0.2671875 0.26 0.31145832 0.3725 0.32447916 0.43416667 0.3234375 0.46416667 0.32864583 0.49416667 0.3234375 0.50166667 0.3109375 0.4875 0.30052084 0.46666667 0.29322916 0.4725 0.2796875 0.53 0.2703125 0.5466667 0.25520834 0.56916666 0.23385416 0.5825
3 0.29791668 0.33166668 0.30260417 0.3075 0.31041667 0.30083334 0.31666666 0.28416666 0.31666666 0.26833335 0.3109375 0.25416666 0.31197917 0.20833333 0.31354168 0.2 0.32135418 0.1975 0.353125 0.2075 0.37916666 0.22333333 0.39895833 0.25 0.40625 0.2525 0.41197917 0.24333334 0.41822916 0.22833334 0.42708334 0.22416666 0.4359375 0.23 0.43802083 0.24083333 0.4359375 0.26416665 0.434375 0.27583334 0.43385416 0.29333332 0.43177083 0.4025 0.43020833 0.44666666 0.425 0.4875 0.42447916 0.5158333 0.4171875 0.5258333 0.353125 0.5183333 0.3421875 0.51166666 0.29947916 0.49583334 0.290625 0.49166667 0.29479167 0.4725 0.30052084 0.46833333 0.309375 0.48833334 0.32291666 0.50166667 0.32916668 0.49583334 0.32447916 0.46416667 0.32552084 0.43333334 0.31302083 0.37333333
3 0.32864583 0.19666667 0.32135418 0.16416667 0.31979167 0.14416666 0.32083333 0.135 0.321875 0.12833333 0.33072916 0.1175 0.36770833 0.09166667 0.3953125 0.083333336 0.40625 0.08166666 0.40833333 0.071666665 0.4421875 0.0475 0.4484375 0.0475 0.48541668 0.15 0.48958334 0.16333333 0.49791667 0.215 0.49947917 0.23833333 0.503125 0.27416667 0.50677085 0.2875 0.49114582 0.28083333 0.484375 0.27833334 0.44322917 0.2925 0.43697917 0.29333332 0.43489584 0.29333332 0.43802083 0.255 0.43854168 0.24 0.43697917 0.22916667 0.42760417 0.22333333 0.4171875 0.2275 0.4109375 0.2425 0.40572917 0.25 0.3984375 0.24833333 0.378125 0.22166666 0.3546875 0.20666666
3 0.57395834 0.28083333 0.55260414 0.27333334 0.54479164 0.25833333 0.5463542 0.24166666 0.5598958 0.1875 0.56614584 0.15 0.5734375 0.095 0.6020833 0.019166667 0.6098958 0.0 0.63645834 0.0 0.68854165 0.0525 0.72083336 0.08583333 0.7270833 0.0975 0.7270833 0.11333334 0.7114583 0.15333334 0.69427085 0.205 0.6671875 0.28666666 0.65729165 0.32166666 0.6510417 0.33916667 0.64947915 0.33833334 0.64739585 0.335 0.6359375 0.33416668 0.6322917 0.335 0.62291664 0.31583333 0.6020833 0.27416667 0.596875 0.26166666 0.5885417 0.27416667 0.5807292 0.28166667
3 0.5578125 0.19083333 0.5359375 0.18833333 0.51458335 0.18166667 0.5083333 0.17333333 0.5052083 0.16083333 0.5052083 0.15333334 0.5203125 0.13583334 0.5208333 0.12166667 0.5208333 0.100833334 0.52708334 0.08083333 0.53229165 0.054166667 0.54270834 0.0375 0.5484375 0.006666667 0.54791665 0.0 0.56666666 0.0 0.56614584 0.0075 0.5677083 0.019166667 0.5734375 0.018333333 0.578125 0.013333334 0.5796875 0.00083333335 0.5953125 0.0 0.5989583 0.0225 0.5854167 0.059166666 0.571875 0.096666664 0.56666666 0.1375 0.5609375 0.17333333
3 0.43541667 0.8908333 0.41302082 0.87 0.36614582 0.8283333 0.3609375 0.8175 0.3875 0.72333336 0.41302082 0.61333334 0.41822916 0.585 0.42395833 0.58416665 0.4203125 0.5933333 0.4171875 0.62 0.421875 0.63416666 0.45364583 0.67083335 0.45989582 0.6725 0.47760418 0.66583335 0.47604167 0.6725 0.47760418 0.6791667 0.4890625 0.68416667 0.50572914 0.7025 0.53333336 0.7325 0.53541666 0.7425 0.5151042 0.76666665 0.5083333 0.75666666 0.5026042 0.77416664 0.48333332 0.8208333 0.46979168 0.84583336 0.46875 0.85083336 0.47135416 0.8775 0.46510416 0.9116667 0.4609375 0.91833335
