8 0.42291668 0.011666667 0.45208332 0.0 0.57135415 0.0 0.57447916 0.05666667 0.57916665 0.086666666 0.5875 0.123333335 0.590625 0.14833333 0.5864583 0.16833334 0.57916665 0.1825 0.55833334 0.185 0.53020835 0.19333333 0.49375 0.20666666 0.45364583 0.22416666 0.4203125 0.23833333 0.3921875 0.24916667 0.38125 0.2475 0.37291667 0.23666666 0.3625 0.1875 0.34322917 0.058333334 0.34739584 0.048333332 0.35572916 0.033333335 0.39583334 0.018333333 0.415625 0.013333334
20 0.7494792 0.041666668 0.7661458 0.095 0.7739583 0.10583334 0.784375 0.0975 0.79114586 0.086666666 0.7994792 0.0925 0.8151042 0.11416667 0.82604164 0.14833333 0.825 0.16416667 0.784375 0.27333334 0.74010414 0.34666666 0.68125 0.43666667 0.66770834 0.45916668 0.6609375 0.4775 0.6578125 0.49166667 0.628125 0.53 0.6145833 0.5466667 0.6010417 0.56333333 0.6015625 0.59 0.60364586 0.6041667 0.59270835 0.61 0.50208336 0.49666667 0.484375 0.46833333 0.48020834 0.455 0.5015625 0.4025 0.53802085 0.33916667 0.6140625 0.2025 0.7083333 0.06333333 0.7296875 0.0375 0.73645836 0.0325 0.740625 0.0325
4 0.7338542 0.0 0.825 0.0 0.80833334 0.0175 0.79010415 0.026666667 0.77760416 0.028333334 0.76197916 0.024166666 0.7494792 0.014166667 0.7390625 0.006666667
3 0.9010417 0.123333335 0.92291665 0.16166666 0.94375 0.18583333 0.9614583 0.205 0.9791667 0.22666667 0.99895835 0.25333333 1.0 0.27166668 0.99791664 0.29 0.9458333 0.38666666 0.9135417 0.43666667 0.9010417 0.45333335 0.8901042 0.46416667 0.88125 0.44416666 0.8598958 0.40666667 0.853125 0.3675 0.84375 0.32916668 0.825 0.335 0.81145835 0.32666665 0.80052084 0.30583334 0.80052084 0.29 0.8020833 0.28166667 0.8130208 0.25666666 0.853125 0.18083334 0.8677083 0.15083334 0.87864584 0.1275 0.8880208 0.11666667 0.8958333 0.11416667
19 0.21770833 0.111666664 0.29270834 0.19666667 0.32083333 0.22666667 0.3265625 0.23916666 0.32864583 0.24916667 0.32760417 0.26083332 0.31770834 0.28083333 0.30364582 0.31166667 0.27239582 0.37833333 0.25260416 0.42583334 0.2296875 0.47333333 0.21927084 0.48666668 0.2125 0.485 0.18541667 0.45416668 0.1234375 0.38416666 0.10520833 0.365 0.102604166 0.35666665 0.102604166 0.34583333 0.103125 0.33583334 0.159375 0.215 0.17916666 0.16666667 0.19739583 0.11833333 0.2015625 0.111666664 0.20520833 0.10916667 0.20989583 0.10916667
18 0.4515625 0.6166667 0.50364584 0.62333333 0.56145835 0.6333333 0.59479165 0.6325 0.6119792 0.63166666 0.6234375 0.7158333 0.63697916 0.74916667 0.6375 0.825 0.63489586 0.8375 0.6296875 0.8441667 0.6223958 0.8491667 0.60833335 0.8516667 0.60260415 0.8491667 0.553125 0.8441667 0.4953125 0.84 0.44270834 0.8383333 0.43645832 0.83416665 0.42708334 0.8258333 0.42447916 0.81333333 0.42291668 0.79833335 0.42395833 0.77666664 0.42552084 0.7375 0.42760417 0.6675 0.42916667 0.64416665 0.43177083 0.63166666 0.43958333 0.62083334
1 0.0 0.20916666 0.016145833 0.20083334 0.029166667 0.20333333 0.025 0.225 0.016145833 0.2425 0.0140625 0.27083334 0.044791665 0.50416666 0.055729166 0.5341667 0.058854166 0.54 0.030729167 0.5566667 0.0125 0.5316667 0.0 0.5158333
5 0.14114584 0.6925 0.08958333 0.77916664 0.00052083336 0.985 0.0 0.51666665 0.0640625 0.5991667 0.10625 0.655 0.13177083 0.6775
13 0.12447917 0.805 0.19947916 0.7675 0.20989583 0.78 0.2625 0.99833333 0.0953125 1.0 0.058854166 0.8541667 0.083333336 0.83416665 0.110416666 0.815
6 0.85833335 0.61 0.98125 0.62416667 1.0 0.6225 0.9973958 0.80083334 0.9791667 0.7991667 0.94375 0.785 0.9145833 0.7825 0.89739585 0.7808333 0.86302084 0.77916664 0.84947914 0.7733333 0.85520834 0.7083333 0.85520834 0.64666665 0.8588542 0.63
20 0.72552085 0.41833332 0.7473958 0.4025 0.7609375 0.41916665 0.76666665 0.43833333 0.75416666 0.46833333 0.73229164 0.51 0.7390625 0.5991667 0.73020834 0.72083336 0.7583333 0.7316667 0.79375 0.73583335 0.82447916 0.77166665 0.84166664 0.8125 0.83958334 0.8358333 0.83229166 0.8516667 0.77552086 0.9216667 0.734375 0.9683333 0.7161458 0.95416665 0.65260416 0.7975 0.6401042 0.765 0.6354167 0.7425 0.62395835 0.71416664 0.6140625 0.63916665 0.60833335 0.6191667 0.60260415 0.595 0.6015625 0.56416667 0.6265625 0.53333336 0.659375 0.49 0.6984375 0.44416666 0.71770835 0.4275
15 0.053125 0.0 0.053125 0.009166666 0.055729166 0.0225 0.058333334 0.033333335 0.044791665 0.033333335 0.035416666 0.030833334 0.036458332 0.021666666 0.03125 0.009166666 0.022916667 0.00083333335
