19 0.5765625 0.2075 0.57447916 0.19166666 0.57447916 0.18583333 0.5755208 0.18083334 0.578125 0.17583333 0.58229166 0.17166667 0.5833333 0.1675 0.61302084 0.15583333 0.6203125 0.15333334 0.6703125 0.135 0.721875 0.115 0.7447917 0.108333334 0.75 0.10916667 0.75416666 0.111666664 0.75677085 0.11666667 0.7604167 0.1325 0.7682292 0.1825 0.77760416 0.2375 0.78229165 0.27166668 0.79010415 0.3125 0.7895833 0.32 0.7859375 0.32833335 0.7817708 0.33416668 0.74895835 0.34666666 0.74375 0.34916666 0.72864586 0.355 0.6692708 0.37666667 0.6411458 0.3875 0.6166667 0.3975 0.6125 0.39666668 0.60625 0.2575 0.60364586 0.22666667 0.6010417 0.21666667 0.59791666 0.21 0.584375 0.20666666 0.5796875 0.2075
19 0.46458334 0.22166666 0.5015625 0.21916667 0.52760416 0.215 0.5630208 0.21 0.5786458 0.20833333 0.58020836 0.20833333 0.58385414 0.20666666 0.5984375 0.21 0.6010417 0.21583334 0.60364586 0.22583333 0.60729164 0.28166667 0.61302084 0.39833334 0.61354166 0.41666666 0.6125 0.42333335 0.6098958 0.43583333 0.603125 0.44166666 0.59791666 0.44333333 0.55364585 0.4475 0.5286458 0.45083332 0.44791666 0.46 0.43020833 0.46166667 0.43125 0.45833334 0.425 0.45583335 0.42135417 0.44916666 0.4203125 0.44333333 0.41927084 0.4375 0.41875 0.40916666 0.41822916 0.35 0.41666666 0.32583332 0.4140625 0.29 0.41197917 0.24833333 0.41197917 0.2375 0.41770834 0.22416666 0.46302083 0.22166666
19 0.29166666 0.59 0.246875 0.65416664 0.240625 0.65833336 0.234375 0.6575 0.22864583 0.65166664 0.22291666 0.64166665 0.22083333 0.63416666 0.16145833 0.5275 0.12552084 0.46583334 0.11354167 0.44333333 0.11302083 0.43833333 0.11302083 0.4325 0.11510417 0.42333335 0.11770833 0.42 0.19583334 0.3125 0.21510416 0.28833333 0.2234375 0.28583333 0.23177083 0.29083332 0.26666668 0.35583332 0.27916667 0.38 0.31302083 0.44 0.278125 0.46083334 0.26875 0.46833333 0.26510417 0.47666666 0.2640625 0.48583335 0.29166666 0.5908333
19 0.315625 0.43833333 0.3875 0.395 0.38958332 0.39333335 0.39583334 0.395 0.39895833 0.39583334 0.40520832 0.4025 0.4078125 0.40833333 0.41614583 0.44416666 0.41197917 0.44666666 0.4046875 0.45583335 0.4046875 0.4625 0.40416667 0.47083333 0.41875 0.5325 0.4515625 0.6616667 0.46354166 0.6725 0.4671875 0.6725 0.4609375 0.68 0.34375 0.75416666 0.3375 0.75416666 0.33229166 0.74833333 0.29166666 0.59 0.26458332 0.48583335 0.26510417 0.47666666 0.26927084 0.46666667 0.31458333 0.43916667
19 0.53020835 0.62583333 0.47916666 0.66333336 0.46354166 0.6725 0.45104167 0.66083336 0.40520832 0.47333333 0.4046875 0.46916667 0.4046875 0.45666668 0.41145834 0.44666666 0.41927084 0.44166666 0.41979167 0.44166666 0.42135417 0.44916666 0.425 0.45583335 0.43125 0.45833334 0.43020833 0.4625 0.46458334 0.45833334 0.5203125 0.45166665 0.575 0.44583333 0.5239583 0.51916665 0.50364584 0.5491667 0.5005208 0.56083333 0.5005208 0.57166666 0.5296875 0.62333333
19 0.61302084 0.42583334 0.6359375 0.465 0.68541664 0.56166667 0.7114583 0.60833335 0.6921875 0.6591667 0.68854165 0.665 0.6880208 0.6691667 0.6880208 0.68 0.6890625 0.68416667 0.69114584 0.68833333 0.690625 0.69166666 0.640625 0.76666665 0.62916666 0.785 0.6255208 0.7866667 0.62083334 0.7875 0.6166667 0.785 0.61145836 0.77916664 0.6020833 0.76166666 0.5885417 0.73583335 0.57916665 0.715 0.56927085 0.69 0.53697914 0.6375 0.5151042 0.5966667 0.50104165 0.57166666 0.5005208 0.56916666 0.5005208 0.56083333 0.50364584 0.5491667 0.5171875 0.52916664 0.575 0.44583333 0.59947914 0.44333333 0.60364586 0.44166666 0.6098958 0.43583333 0.6125 0.425
19 0.71197915 0.6066667 0.7729167 0.45333335 0.7807292 0.435 0.78541666 0.43083334 0.7895833 0.43 0.79375 0.43166667 0.803125 0.44 0.86145836 0.505 0.8953125 0.5366667 0.89947915 0.54583335 0.9010417 0.5541667 0.8984375 0.56666666 0.875 0.63 0.84583336 0.7 0.8203125 0.77 0.8130208 0.78583336 0.80625 0.795 0.8015625 0.79583335 0.7984375 0.795 0.7916667 0.7916667 0.77239585 0.7683333 0.75 0.74333334 0.7375 0.7325 0.69322914 0.69166666 0.69166666 0.68833333 0.6890625 0.68333334 0.6880208 0.68 0.6880208 0.66833335 0.68854165 0.665 0.69166666 0.66 0.7114583 0.60833335
19 0.2671875 0.7475 0.28072917 0.83416665 0.29375 0.9316667 0.29635417 0.9433333 0.29947916 0.95 0.303125 0.9525 0.30989584 0.95416665 0.32083333 0.95166665 0.40625 0.9166667 0.4609375 0.895 0.47604167 0.88666666 0.4796875 0.8833333 0.48229167 0.8808333 0.48385417 0.87333333 0.484375 0.8691667 0.484375 0.86583334 0.47864583 0.82666665 0.46979168 0.7658333 0.4578125 0.6825 0.3640625 0.74083334 0.34427083 0.75416666 0.3375 0.75416666 0.33229166 0.74916667 0.32083333 0.7058333 0.2984375 0.7133333 0.271875 0.7241667 0.26666668 0.7316667
19 0.50885415 0.7941667 0.5104167 0.7841667 0.5109375 0.77916664 0.55104166 0.6775 0.5546875 0.6675 0.56875 0.69 0.58958334 0.7391667 0.6109375 0.7783333 0.6125 0.7816667 0.61927086 0.7875 0.62291664 0.78833336 0.62864584 0.785 0.6614583 0.735 0.68333334 0.7033333 0.703125 0.7225 0.728125 0.74666667 0.734375 0.75416666 0.73854166 0.7625 0.7390625 0.775 0.72864586 0.8 0.709375 0.84583336 0.7026042 0.8625 0.69166666 0.8975 0.67395836 0.95 0.6703125 0.95666665 0.66614586 0.9583333 0.65989584 0.9575 0.65520835 0.955 0.6380208 0.9375 0.58802086 0.8875 0.54270834 0.8408333 0.53229165 0.8308333 0.51354164 0.81 0.5125 0.80583334 0.50989586 0.80083334
19 0.27552083 0.3375 0.2625 0.17333333 0.25989583 0.14583333 0.26041666 0.1375 0.26510417 0.125 0.27083334 0.1225 0.31979167 0.1125 0.32864583 0.1125 0.3484375 0.105 0.41510418 0.09166667 0.44166666 0.0875 0.44791666 0.090833336 0.45104167 0.104166664 0.46197918 0.22083333 0.41770834 0.22416666 0.41197917 0.2375 0.41197917 0.25166667 0.4140625 0.29333332 0.41666666 0.3325 0.29114583 0.36 0.2859375 0.35666665 0.27916667 0.34916666 0.27760416 0.34416667
