18 0.3484375 0.68416667 0.4015625 0.7 0.47083333 0.73 0.49791667 0.80083334 0.50572914 0.80833334 0.51666665 0.80583334 0.54791665 0.7758333 0.5515625 0.7825 0.5338542 0.8691667 0.515625 0.96416664 0.5078125 0.97583336 0.4984375 0.9766667 0.40677083 0.9275 0.36822918 0.9033333 0.321875 0.8825 0.30989584 0.87083334 0.30572918 0.8525 0.32708332 0.78333336 0.3375 0.7808333 0.3328125 0.745 0.33645833 0.7 0.34166667 0.69083333
18 0.22083333 0.4575 0.2953125 0.51666665 0.3265625 0.5425 0.3640625 0.585 0.4 0.62166667 0.37708333 0.69166666 0.3484375 0.68416667 0.33645833 0.6983333 0.33229166 0.7425 0.3375 0.7816667 0.3265625 0.7841667 0.32395834 0.7916667 0.29635417 0.76916665 0.28854167 0.7608333 0.28645834 0.75416666 0.2625 0.7325 0.24270834 0.72833335 0.17760417 0.68083334 0.153125 0.6591667 0.14739583 0.64 0.14895834 0.62 0.1640625 0.58 0.18854167 0.50166667 0.20104167 0.465 0.215625 0.4575
18 0.05625 0.32333332 0.16302083 0.26083332 0.22395833 0.21833333 0.234375 0.21083333 0.24427083 0.2175 0.24947916 0.225 0.26979166 0.31333333 0.2828125 0.3625 0.29010418 0.40166667 0.2859375 0.42333335 0.25260416 0.445 0.21770833 0.45666668 0.20104167 0.46333334 0.17447917 0.49666667 0.104166664 0.54083335 0.09010417 0.5316667 0.075 0.4675 0.044791665 0.3525 0.046354167 0.33916667 0.049479168 0.33166668
18 0.325 0.27916667 0.35625 0.31083333 0.43802083 0.38833332 0.49427083 0.44666666 0.4984375 0.47 0.45885417 0.5725 0.43958333 0.62 0.43385416 0.6325 0.42552084 0.64 0.41822916 0.64 0.39947918 0.62083334 0.3421875 0.56083333 0.30260417 0.5108333 0.2515625 0.46666667 0.2484375 0.4475 0.2859375 0.42333335 0.28958333 0.4 0.28177083 0.3575 0.30729166 0.28583333 0.315625 0.28
18 0.27916667 0.013333334 0.37239584 0.0775 0.38333333 0.08583333 0.3515625 0.22916667 0.353125 0.24166666 0.359375 0.25833333 0.34791666 0.30083334 0.325 0.27833334 0.3140625 0.28 0.30729166 0.28583333 0.28125 0.35833332 0.25520834 0.2525 0.25 0.22583333 0.24427083 0.2175 0.234375 0.21083333 0.21614583 0.225 0.24375 0.104166664 0.26458332 0.021666666 0.271875 0.015833333
18 0.40729168 0.043333333 0.5026042 0.10583334 0.57708335 0.15083334 0.59739584 0.165 0.59947914 0.18166667 0.5677083 0.30333334 0.5578125 0.25916666 0.5208333 0.17916666 0.50572914 0.17583333 0.46770832 0.22583333 0.4515625 0.24583334 0.42604166 0.2775 0.4140625 0.29166666 0.35989583 0.25916666 0.35260418 0.23833333 0.35208333 0.22916667 0.3828125 0.0875 0.39375 0.0525 0.39739582 0.048333332
18 0.5807292 0.31416667 0.6375 0.28666666 0.68333334 0.26583335 0.71197915 0.24916667 0.7260417 0.24166666 0.74114585 0.25333333 0.7453125 0.26166666 0.7604167 0.34166667 0.77552086 0.41666666 0.77760416 0.43416667 0.77239585 0.455 0.7317708 0.46666667 0.7046875 0.47416666 0.6859375 0.48416665 0.6625 0.50333333 0.646875 0.515 0.6302083 0.46833333 0.63697916 0.455 0.6375 0.4325 0.6098958 0.37333333 0.57708335 0.32
18 0.56875 0.30583334 0.57916665 0.3225 0.6046875 0.365 0.6380208 0.43333334 0.63645834 0.455 0.5953125 0.5125 0.5453125 0.5708333 0.54010415 0.5758333 0.5286458 0.57166666 0.5078125 0.52166665 0.54479164 0.51416665 0.55364585 0.49416667 0.5546875 0.48833334 0.5395833 0.31916666 0.53541666 0.30083334 0.5239583 0.28916666 0.51354164 0.28916666 0.4734375 0.30416667 0.45 0.31333333 0.41614583 0.32083333 0.41041666 0.32083333 0.4109375 0.29916668 0.41510418 0.29 0.4828125 0.20666666 0.50572914 0.17583333 0.521875 0.17916666 0.5484375 0.24 0.5578125 0.25916666
18 0.37864584 0.325 0.42604166 0.31916666 0.45104167 0.3125 0.5130208 0.28916666 0.52447915 0.28916666 0.5364583 0.30166668 0.5390625 0.32 0.54270834 0.35916665 0.5546875 0.48666668 0.5541667 0.49333334 0.54479164 0.51416665 0.50416666 0.52166665 0.4765625 0.52666664 0.4984375 0.47166666 0.49479166 0.44583333 0.44166666 0.3925 0.375 0.3275
18 0.6479167 0.5183333 0.66770834 0.56916666 0.659375 0.57416666 0.65260416 0.5883333 0.6515625 0.61 0.65625 0.6675 0.63958335 0.68 0.60833335 0.70666665 0.55260414 0.76916665 0.53697914 0.78583336 0.5161458 0.80583334 0.5052083 0.8075 0.49739584 0.80083334 0.47083333 0.73 0.43645832 0.6383333 0.4359375 0.6275 0.44427082 0.6091667 0.48645833 0.56666666 0.515625 0.5416667 0.528125 0.57166666 0.540625 0.575 0.5942708 0.515 0.6296875 0.46583334
18 0.6875 0.56583333 0.7708333 0.56416667 0.784375 0.5683333 0.79375 0.5808333 0.79114586 0.6408333 0.7895833 0.68416667 0.7921875 0.79083335 0.7890625 0.87833333 0.78229165 0.8975 0.771875 0.9025 0.6901042 0.9058333 0.6666667 0.9058333 0.6567708 0.895 0.65208334 0.88416666 0.6510417 0.80083334 0.65520835 0.72583336 0.65729165 0.695 0.65625 0.6666667 0.6515625 0.6066667 0.65260416 0.58666664 0.65989584 0.5725 0.6692708 0.56916666
18 0.840625 0.38166666 0.8765625 0.54 0.87916666 0.56583333 0.8703125 0.585 0.8276042 0.6091667 0.7916667 0.6225 0.79375 0.5808333 0.7838542 0.5683333 0.7703125 0.56416667 0.7171875 0.565 0.68541664 0.56583333 0.66822916 0.56916666 0.66770834 0.56916666 0.646875 0.515 0.6692708 0.4975 0.6927083 0.48083332 0.70677084 0.47416666 0.77135414 0.45583335 0.77760416 0.435 0.7729167 0.4025 0.8177083 0.375 0.828125 0.37 0.83385414 0.375
18 0.81614584 0.34833333 0.8463542 0.36083335 0.9145833 0.3775 0.93125 0.38166666 0.94375 0.40833333 0.91875 0.5758333 0.9015625 0.70916665 0.8875 0.7216667 0.85572916 0.71416664 0.790625 0.69166666 0.7921875 0.6225 0.8307292 0.6091667 0.87135416 0.5858333 0.87916666 0.565 0.875 0.53583336 0.8411458 0.38083333 0.8276042 0.37 0.79895836 0.385 0.8078125 0.3575
18 0.061458334 0.6091667 0.1109375 0.595 0.16145833 0.5858333 0.14895834 0.62166667 0.14739583 0.64166665 0.153125 0.6591667 0.16145833 0.6675 0.2171875 0.71 0.24166666 0.7275 0.26302084 0.73333335 0.2859375 0.75416666 0.28854167 0.7608333 0.27916667 0.7758333 0.23072916 0.7891667 0.203125 0.7975 0.15833333 0.81333333 0.08958333 0.83416665 0.07760417 0.8283333 0.06875 0.815 0.056770835 0.69916666 0.051041666 0.6308333 0.054166667 0.6166667
