6 0.3453125 0.33916667 0.42291668 0.34 0.43697917 0.34666666 0.43541667 0.36833334 0.43072918 0.3875 0.4296875 0.405 0.42760417 0.41666666 0.43020833 0.43916667 0.43020833 0.5283333 0.4328125 0.5575 0.43229166 0.58416665 0.3390625 0.5758333 0.32395834 0.575 0.32135418 0.55833334 0.33020833 0.47583333 0.3296875 0.3675 0.34114584 0.3625 0.34583333 0.365 0.34583333 0.345
6 0.3453125 0.5783333 0.30520833 0.61083335 0.30520833 0.62166667 0.32447916 0.66583335 0.36770833 0.78833336 0.37760416 0.8275 0.44166666 0.77166665 0.47864583 0.7425 0.471875 0.72 0.42604166 0.6091667 0.4203125 0.5833333
6 0.42864582 0.09833334 0.41770834 0.13583334 0.41145834 0.19166666 0.41145834 0.215 0.39166668 0.2475 0.453125 0.29 0.46875 0.18583333 0.4734375 0.15666667 0.4578125 0.1225
6 0.57447916 0.0 0.528125 0.06 0.5083333 0.08583333 0.47604167 0.10916667 0.45885417 0.125 0.47395834 0.15666667 0.5541667 0.20166667 0.5546875 0.19166666 0.59375 0.17916666 0.6401042 0.12916666 0.58802086 0.015
6 0.47239584 0.1625 0.45260417 0.2925 0.43541667 0.375 0.43125 0.38666666 0.43125 0.3925 0.5104167 0.42583334 0.53333336 0.43 0.5286458 0.39833334 0.5328125 0.355 0.5307292 0.31916666 0.540625 0.30583334 0.55052084 0.31583333 0.56822914 0.24166666 0.5546875 0.2025 0.4765625 0.15916666 0.4734375 0.1575
6 0.4328125 0.3975 0.4328125 0.42 0.42916667 0.43666667 0.42916667 0.5158333 0.471875 0.51416665 0.5307292 0.49333334 0.53489584 0.43083334 0.50885415 0.42583334 0.4390625 0.39583334
6 0.5859375 0.31 0.5708333 0.30916667 0.5578125 0.31666666 0.54895836 0.315 0.54010415 0.30416667 0.53020835 0.31833333 0.5328125 0.3525 0.528125 0.4025 0.5338542 0.43166667 0.5307292 0.49416667 0.528125 0.5158333 0.5296875 0.5466667 0.60260415 0.5525 0.60729164 0.52916664 0.6098958 0.48166665 0.6088542 0.42833334 0.60729164 0.38833332 0.5890625 0.32166666
6 0.45885417 0.525 0.46197918 0.5525 0.48177084 0.58166665 0.48125 0.6275 0.5005208 0.755 0.50416666 0.76 0.5385417 0.7441667 0.58385414 0.72 0.61041665 0.70916665 0.5828125 0.6041667 0.57447916 0.55083334 0.5296875 0.5466667 0.52760416 0.5158333 0.5296875 0.49333334 0.4734375 0.51416665
6 0.4953125 0.74583334 0.4984375 0.795 0.5 0.83 0.58385414 0.7991667 0.609375 0.7916667 0.6010417 0.7583333 0.59583336 0.7441667 0.5953125 0.715 0.51979166 0.75416666 0.50364584 0.76 0.50104165 0.7558333 0.4984375 0.7441667
6 0.47552082 0.75083333 0.46822917 0.7891667 0.46302083 0.825 0.4328125 0.9375 0.41979167 0.9791667 0.45833334 1.0 0.53020835 1.0 0.5453125 0.92833334 0.5484375 0.90833336 0.5625 0.8691667 0.575 0.83916664 0.578125 0.815 0.56145835 0.80916667 0.5005208 0.83 0.4953125 0.765
6 0.6489583 0.68833333 0.6401042 0.705 0.63645834 0.7241667 0.63125 0.77916664 0.58489585 0.85333335 0.57604164 0.885 0.621875 0.9275 0.63854164 0.9375 0.65989584 0.9625 0.671875 0.9816667 0.6770833 0.95666665 0.7026042 0.87083334 0.73541665 0.7916667 0.74375 0.77166665 0.709375 0.74 0.65989584 0.69666666
6 0.8375 0.72083336 0.8046875 0.7583333 0.75208336 0.795 0.7552083 0.8125 0.7885417 0.8833333 0.83177084 1.0 0.840625 1.0 0.88697916 0.945 0.92604166 0.90833336 0.9223958 0.8933333 0.8880208 0.83666664 0.8723958 0.85 0.86927086 0.8383333 0.8442708 0.74833333 0.83802086 0.72583336
6 0.5786458 0.5775 0.58229166 0.6066667 0.59010416 0.62916666 0.590625 0.6 0.5890625 0.57416666
6 0.6119792 0.42833334 0.6088542 0.44166666 0.609375 0.48333332 0.60729164 0.52916664 0.6020833 0.56083333 0.59166664 0.6325 0.5989583 0.665 0.6953125 0.695 0.69635415 0.63 0.7015625 0.56083333 0.703125 0.5316667 0.7114583 0.47583333 0.70885414 0.46083334 0.68177086 0.45583335 0.6510417 0.49 0.6401042 0.48166665 0.6223958 0.445 0.61927086 0.42583334
6 0.7203125 0.43166667 0.7114583 0.47666666 0.703125 0.53 0.6984375 0.6 0.72447914 0.6075 0.8140625 0.6425 0.8375 0.65 0.840625 0.615 0.8484375 0.5341667 0.85260415 0.48666668 0.834375 0.48666668 0.771875 0.465 0.74010414 0.44583333 0.7338542 0.43666667
6 0.9557292 0.6041667 0.9458333 0.61 0.93072915 0.6375 0.87083334 0.6675 0.84166664 0.6716667 0.8296875 0.6791667 0.8375 0.7241667 0.8463542 0.75416666 0.8723958 0.85 0.88645834 0.8375 0.95104164 0.79 0.9973958 0.76916665 0.99010414 0.7366667 0.96302086 0.62916666
6 0.675 0.10666667 0.60364586 0.18333334 0.58385414 0.1825 0.5546875 0.19166666 0.5546875 0.20083334 0.57447916 0.26083332 0.5859375 0.30333334 0.5984375 0.35166666 0.615625 0.3425 0.65260416 0.3 0.67083335 0.28333333 0.7125 0.26583335 0.7260417 0.25583333 0.7171875 0.25166667 0.6875 0.24916667 0.68385416 0.23916666 0.68541664 0.23333333 0.69166666 0.18083334 0.69322914 0.16 0.68072915 0.11833333 0.6770833 0.11
6 0.5989583 0.35416666 0.60833335 0.39083335 0.61875 0.42666668 0.62135416 0.44166666 0.64166665 0.48416665 0.6515625 0.48916668 0.68333334 0.45333335 0.72291666 0.4275 0.76875 0.40583333 0.76197916 0.3825 0.74895835 0.3375 0.73854166 0.29583332 0.728125 0.255 0.71302086 0.26583335 0.6703125 0.28333333 0.646875 0.30583334 0.6166667 0.34166667 0.6 0.35
6 0.67760414 0.034166668 0.67395836 0.06333333 0.6822917 0.12083333 0.69322914 0.15916666 0.69114584 0.18583333 0.6859375 0.22916667 0.68333334 0.23916666 0.6880208 0.24833333 0.7203125 0.25166667 0.7375 0.2575 0.78541666 0.25833333 0.78229165 0.24583334 0.77447915 0.093333334 0.7729167 0.029166667 0.68333334 0.035
6 0.85364586 0.015833333 0.8255208 0.045 0.7765625 0.115833335 0.778125 0.12916666 0.7890625 0.1475 0.828125 0.20666666 0.8625 0.25916666 0.8744792 0.28416666 0.88125 0.27833334 0.95416665 0.16666667 0.940625 0.14916667 0.90260416 0.100833334 0.87291664 0.04 0.8645833 0.024166666
6 0.30885416 0.13583334 0.25885418 0.15416667 0.234375 0.16083333 0.22864583 0.16833334 0.2015625 0.17583333 0.20208333 0.18916667 0.21927084 0.26583335 0.2359375 0.40416667 0.24010417 0.40583333 0.34166667 0.36166668 0.34583333 0.36416668 0.34583333 0.34666666 0.31458333 0.2225 0.30989584 0.14833333
