15 0.24739583 0.20833333 0.23958333 0.21916667 0.19635417 0.3475 0.16510417 0.4325 0.18645833 0.485 0.26979166 0.2325 0.26822916 0.21666667 0.27291667 0.2025 0.27135417 0.195 0.26510417 0.195 0.26041666 0.20333333 0.25677082 0.20583333
15 0.14479166 0.49166667 0.14635417 0.5025 0.14947917 0.515 0.14895834 0.52 0.14791666 0.5258333 0.14322917 0.5325 0.14947917 0.53833336 0.15416667 0.5258333 0.1609375 0.525 0.14583333 0.4875
15 0.35989583 0.33666667 0.36510417 0.34 0.36875 0.345 0.371875 0.34416667 0.3765625 0.33083335 0.38385418 0.34583333 0.37604168 0.3525 0.37760416 0.3575 0.37395832 0.36 0.375 0.37166667 0.3734375 0.3775 0.36145833 0.39333335 0.2078125 0.5341667 0.18854167 0.49 0.34375 0.34583333 0.3515625 0.33833334 0.35520834 0.33583334
15 0.35625 0.31416667 0.35833332 0.31 0.3609375 0.31083333 0.36302084 0.29666665 0.36979166 0.3025 0.37395832 0.3075 0.36979166 0.315 0.371875 0.31833333 0.36979166 0.32416666 0.36979166 0.33 0.37239584 0.3375 0.37291667 0.34333333 0.36875 0.345 0.36510417 0.33833334 0.35885417 0.33583334 0.35572916 0.335 0.35104167 0.33916667 0.33489582 0.355 0.34322917 0.3275 0.34739584 0.3225 0.353125 0.31833333
15 0.35625 0.405 0.32291666 0.5566667 0.30208334 0.5366667 0.29270834 0.53 0.31197917 0.43916667 0.359375 0.39583334
15 0.26510417 0.54333335 0.26197916 0.5441667 0.2578125 0.54 0.25989583 0.5258333 0.26666668 0.5258333 0.2703125 0.5316667 0.271875 0.53 0.275 0.5316667 0.28020832 0.52666664 0.2875 0.52666664 0.2953125 0.5316667 0.30572918 0.5391667 0.3234375 0.5575 0.4625 0.6933333 0.46770832 0.6983333 0.46822917 0.70416665 0.4703125 0.71166664 0.4703125 0.71666664 0.47395834 0.7225 0.47864583 0.7241667 0.47864583 0.7325 0.471875 0.7425 0.46927083 0.7366667 0.4640625 0.73333335 0.459375 0.74 0.453125 0.7391667 0.4453125 0.735 0.37239584 0.67 0.2890625 0.5883333 0.27291667 0.575 0.26927084 0.5683333 0.26822916 0.55916667 0.26822916 0.55083334 0.26614583 0.5475
15 0.275 0.66333336 0.271875 0.6666667 0.2734375 0.6741667 0.27552083 0.6741667 0.27604166 0.67833334 0.28177083 0.68083334 0.284375 0.67833334 0.28333333 0.67 0.2875 0.66583335 0.2875 0.66 0.2953125 0.65416664 0.309375 0.61 0.28697917 0.5875 0.28020832 0.58166665 0.2703125 0.63 0.26979166 0.6383333 0.27291667 0.6483333 0.27395833 0.6558333 0.275 0.66083336
15 0.4203125 0.2225 0.4203125 0.21583334 0.42604166 0.21166667 0.42864582 0.22 0.43333334 0.21833333 0.43489584 0.22416666 0.44375 0.2225 0.44947916 0.22333333 0.55885416 0.35416666 0.54791665 0.40333334 0.440625 0.27583334 0.4328125 0.2625 0.42916667 0.2525 0.42864582 0.24333334 0.43020833 0.23833333 0.425 0.2325 0.42552084 0.22916667
15 0.6 0.23833333 0.6020833 0.22583333 0.6088542 0.2275 0.61145836 0.23083334 0.60833335 0.2425 0.609375 0.24583334 0.609375 0.25 0.6145833 0.25666666 0.6166667 0.26416665 0.5442708 0.57666665 0.54114586 0.5883333 0.53333336 0.5941667 0.52552086 0.59166664 0.521875 0.6075 0.5130208 0.60333335 0.5182292 0.5933333 0.515625 0.5908333 0.5171875 0.585 0.5140625 0.5808333 0.51145834 0.5733333 0.5125 0.56083333 0.54895836 0.40166667 0.5598958 0.35166666 0.58385414 0.25416666 0.5875 0.2475 0.5932292 0.24333334 0.59583336 0.2425 0.596875 0.2375
15 0.59375 0.3975 0.61510414 0.425 0.6166667 0.435 0.6171875 0.44583333 0.62916666 0.4575 0.6234375 0.47 0.61614585 0.4625 0.61302084 0.46583334 0.6088542 0.46416667 0.60833335 0.45916668 0.60052085 0.46083334 0.59375 0.4575 0.5859375 0.44916666 0.57604164 0.43833333 0.58802086 0.38916665
15 0.46875 0.61333334 0.46614584 0.62166667 0.46354166 0.63 0.465625 0.6383333 0.47239584 0.63416666 0.4734375 0.64 0.4765625 0.6383333 0.47864583 0.6483333 0.48333332 0.6533333 0.509375 0.65833336 0.5776042 0.67083335 0.5776042 0.6666667 0.58489585 0.6766667 0.5864583 0.675 0.5911458 0.67583334 0.5984375 0.6691667 0.61145836 0.6725 0.634375 0.67833334 0.6109375 0.62 0.5234375 0.60833335 0.4953125 0.6041667 0.48489583 0.605 0.48177084 0.61 0.478125 0.6166667 0.47604167 0.6191667 0.4734375 0.62083334
15 0.5984375 0.5516667 0.6 0.5475 0.60364586 0.5425 0.6078125 0.54 0.6088542 0.5541667 0.61354166 0.5525 0.6171875 0.5575 0.62291664 0.5575 0.6296875 0.565 0.725 0.8125 0.73854166 0.8475 0.73854166 0.8566667 0.7395833 0.86583334 0.73645836 0.87166667 0.7427083 0.89 0.73125 0.89666665 0.7291667 0.8833333 0.72447914 0.88416666 0.725 0.8775 0.7161458 0.87833333 0.71197915 0.87083334 0.70416665 0.8566667 0.66197914 0.74916667 0.63385415 0.67583334 0.609375 0.61333334 0.6015625 0.5858333 0.6010417 0.58166665 0.6015625 0.5708333 0.60625 0.56583333 0.6010417 0.56 0.6041667 0.55833334
15 0.6567708 0.625 0.6947917 0.635 0.69739586 0.6375 0.7 0.6433333 0.70104164 0.65416664 0.703125 0.6566667 0.7125 0.65166664 0.7135417 0.6616667 0.7125 0.67333335 0.70885414 0.675 0.7036458 0.67 0.7 0.67333335 0.6979167 0.67 0.69375 0.68083334 0.6875 0.6816667 0.675 0.6816667 0.6536458 0.62583333
15 0.57708335 0.68666667 0.5776042 0.6716667 0.5776042 0.6666667 0.58489585 0.67583334 0.5864583 0.675 0.5911458 0.67583334 0.5989583 0.66833335 0.61822915 0.6775 0.64270836 0.7 0.67552084 0.78333336 0.63645834 0.74916667 0.60729164 0.72583336 0.58958334 0.7108333 0.58697915 0.7 0.58489585 0.69083333 0.58177084 0.6875
15 0.70625 0.75083333 0.7739583 0.7966667 0.78697914 0.805 0.79114586 0.81333333 0.79375 0.8258333 0.7973958 0.82916665 0.8041667 0.8325 0.80260414 0.8475 0.7963542 0.845 0.79270834 0.84583336 0.784375 0.85333335 0.7703125 0.85083336 0.7270833 0.8175 0.6984375 0.74333334
15 0.084375 0.295 0.0796875 0.28833333 0.0828125 0.28583333 0.0859375 0.2875 0.08802083 0.28166667 0.090625 0.28416666 0.091145836 0.2925 0.09166667 0.29833335 0.0984375 0.295 0.10364583 0.29583332 0.109375 0.29916668 0.12135417 0.325 0.19010417 0.49333334 0.22083333 0.56416667 0.22708334 0.58166665 0.228125 0.5908333 0.2265625 0.6 0.225 0.6075 0.2265625 0.6125 0.23020834 0.61833334 0.22604166 0.63166666 0.22135417 0.6308333 0.21666667 0.62166667 0.21354167 0.62 0.21302083 0.615 0.20520833 0.615 0.19895834 0.6116667 0.19114584 0.5975 0.1640625 0.5325 0.121875 0.42833334 0.08229167 0.32333332 0.0828125 0.31166667 0.084375 0.305 0.08645833 0.3
