2 0.32864583 0.21 0.35677084 0.32833335 0.39010417 0.49583334 0.38125 0.4875 0.32447916 0.43666667 0.2453125 0.38416666 0.23541667 0.37666667 0.23333333 0.38166666 0.21197917 0.47916666 0.1796875 0.3 0.17708333 0.285 0.21354167 0.27333334 0.23854166 0.2625 0.290625 0.2275 0.3203125 0.2125 0.32864583 0.20666666
2 0.39270833 0.51 0.40989584 0.57916665 0.3921875 0.5883333 0.37083334 0.5975 0.3765625 0.57916665 0.378125 0.5725 0.3921875 0.5125
2 0.3484375 0.28666666 0.37239584 0.2475 0.41041666 0.1925 0.415625 0.18666667 0.43802083 0.22416666 0.45833334 0.2625 0.50208336 0.3375 0.52552086 0.3825 0.5265625 0.39083335 0.5307292 0.40166667 0.5265625 0.40833333 0.48385417 0.47416666 0.40989584 0.58166665 0.3640625 0.65166664 0.35572916 0.645 0.37083334 0.59833336 0.41041666 0.57916665 0.39270833 0.5108333 0.39479166 0.50166667 0.39010417 0.495 0.35520834 0.32166666 0.346875 0.28916666
2 0.52760416 0.39083335 0.6166667 0.64666665 0.69427085 0.575 0.79010415 0.4875 0.8171875 0.46 0.81875 0.45333335 0.8109375 0.42583334 0.80677086 0.405 0.7890625 0.35583332 0.77552086 0.33166668 0.771875 0.31583333 0.76927084 0.3025 0.75364584 0.26833335 0.746875 0.25 0.73541665 0.2125 0.73333335 0.20333333 0.6901042 0.2425 0.62604165 0.2975 0.53125 0.37916666 0.5260417 0.38333333
2 0.61354166 0.28916666 0.625 0.29916668 0.60260415 0.31833333 0.6109375 0.295
2 0.56822914 0.33416668 0.58020836 0.33666667 0.565625 0.35 0.56666666 0.3425 0.5671875 0.33666667
2 0.54583335 0.44833332 0.5125 0.5233333 0.53020835 0.5416667 0.6109375 0.63166666 0.609375 0.625 0.54791665 0.44916666 0.54583335 0.445
2 0.5307292 0.5441667 0.5182292 0.6116667 0.6432292 0.6691667 0.62135416 0.6425 0.6166667 0.64666665 0.6109375 0.63166666 0.53125 0.5425
2 0.7921875 0.48666668 0.8151042 0.50666666 0.8151042 0.5133333 0.76875 0.61 0.72760415 0.735 0.7203125 0.75666666 0.6802083 0.71166664 0.64270836 0.6675 0.62291664 0.6425 0.7 0.57 0.75 0.52416664 0.7916667 0.48666668
2 0.77447915 0.6025 0.75364584 0.7183333 0.7526042 0.72 0.73541665 0.71166664 0.73645836 0.7083333 0.76979166 0.6091667 0.77447915 0.59833336
2 0.23489584 0.37583333 0.2546875 0.39083335 0.30520833 0.42583334 0.32916668 0.44166666 0.38333333 0.48916668 0.39427084 0.50166667 0.37708333 0.5758333 0.35364583 0.65 0.3453125 0.68833333 0.33854166 0.72833335 0.31458333 0.82 0.3109375 0.8283333 0.29947916 0.8225 0.2484375 0.78 0.1953125 0.7425 0.15885417 0.7191667 0.15729167 0.71666664 0.16041666 0.70416665 0.1625 0.69416666 0.1796875 0.62083334 0.2015625 0.525 0.225 0.42083332 0.2328125 0.38166666
