15 0.1453125 0.42666668 0.15052083 0.43 0.15364583 0.42666668 0.15572916 0.42833334 0.15677084 0.42416668 0.15885417 0.42083332 0.165625 0.40916666 0.17135416 0.40666667 0.18072917 0.40333334 0.21145834 0.39583334 0.33697918 0.36083335 0.34427083 0.35916665 0.36354166 0.35666665 0.3765625 0.35666665 0.38177082 0.35916665 0.3859375 0.36583334 0.38645834 0.37166667 0.38958332 0.375 0.3921875 0.375 0.3984375 0.3675 0.4 0.37166667 0.40104166 0.37416667 0.40052083 0.37833333 0.40052083 0.38583332 0.39947918 0.39416668 0.3953125 0.3925 0.39166668 0.38916665 0.39114583 0.3925 0.38802084 0.3925 0.38697916 0.39333335 0.38541666 0.39833334 0.3796875 0.405 0.36927083 0.40916666 0.35052082 0.41166666 0.33177084 0.41583332 0.32552084 0.4175 0.31927082 0.41916665 0.2734375 0.43166667 0.24479167 0.44 0.23802084 0.44083333 0.20520833 0.45083332 0.178125 0.45833334 0.16875 0.45833334 0.16145833 0.45666668 0.159375 0.45166665 0.1546875 0.45166665 0.1515625 0.44666666 0.14895834 0.4475 0.14427084 0.44416666 0.14427084 0.43833333 0.14375 0.4325 0.14375 0.42833334
15 0.15104167 0.42333335 0.17447917 0.3775 0.21041666 0.30666667 0.24791667 0.22916667 0.25416666 0.22 0.259375 0.21916667 0.26614583 0.22083333 0.26770833 0.2175 0.27083334 0.2125 0.2734375 0.20333333 0.28072917 0.20833333 0.28229168 0.21333334 0.28125 0.21666667 0.27604166 0.2225 0.27760416 0.2275 0.275 0.23166667 0.2765625 0.24083333 0.2765625 0.25083333 0.271875 0.26416665 0.25260416 0.305 0.20729166 0.39583334 0.18072917 0.40333334 0.165625 0.40916666 0.159375 0.41916665 0.15677084 0.42416668 0.15572916 0.42833334 0.15364583 0.42583334 0.15052083 0.43 0.14791666 0.42833334
15 0.27552083 0.28416666 0.27760416 0.28666666 0.28125 0.2875 0.28125 0.295 0.28385416 0.29666665 0.28541666 0.29916668 0.28489584 0.30333334 0.28854167 0.30583334 0.2921875 0.30916667 0.29635417 0.31583333 0.29791668 0.325 0.3078125 0.36916667 0.27395833 0.37833333 0.26927084 0.34833333 0.26822916 0.3325 0.26822916 0.32333332 0.26927084 0.3175 0.271875 0.31166667 0.27395833 0.30833334 0.27239582 0.305 0.27291667 0.30083334 0.27447918 0.29833335 0.27083334 0.28833333 0.27291667 0.28666666
15 0.28333333 0.095 0.28697917 0.108333334 0.29114583 0.11083333 0.29114583 0.11416667 0.29583332 0.11416667 0.30260417 0.119166665 0.30625 0.125 0.3125 0.145 0.334375 0.22666667 0.3703125 0.35666665 0.3640625 0.35666665 0.34270832 0.36 0.33541667 0.36 0.328125 0.33416668 0.2921875 0.19916667 0.278125 0.14166667 0.278125 0.13166666 0.28072917 0.12416667 0.28020832 0.119166665 0.28177083 0.115 0.27760416 0.10166667 0.27916667 0.09916667
15 0.3828125 0.40166667 0.38802084 0.42416668 0.38802084 0.42833334 0.38645834 0.4375 0.38541666 0.44166666 0.38125 0.44666666 0.38177082 0.45333335 0.38385418 0.4575 0.3859375 0.465 0.38333333 0.47 0.378125 0.47333333 0.37708333 0.4725 0.3765625 0.46583334 0.37604168 0.4625 0.3734375 0.46333334 0.371875 0.46166667 0.3703125 0.45583335 0.36875 0.4525 0.3640625 0.44916666 0.36041668 0.44333333 0.34895834 0.41166666 0.35104167 0.41166666 0.36979166 0.40916666 0.37916666 0.405
15 0.315625 0.42 0.328125 0.50166667 0.33020833 0.5258333 0.32916668 0.52916664 0.325 0.525 0.31875 0.5233333 0.31614584 0.5233333 0.3109375 0.5258333 0.2984375 0.53583336 0.28229168 0.42916667 0.30677083 0.4225
15 0.24739583 0.44 0.2515625 0.48083332 0.2609375 0.56666666 0.2859375 0.54583335 0.29322916 0.5391667 0.28802082 0.49583334 0.28697917 0.48 0.28385416 0.45416668 0.28177083 0.43583333 0.28072917 0.42916667
15 0.18489583 0.47583333 0.18854167 0.47166666 0.19270833 0.47083333 0.1953125 0.47166666 0.19583334 0.48333332 0.1984375 0.48666668 0.1984375 0.49166667 0.20364584 0.49166667 0.209375 0.495 0.21197917 0.49833333 0.2171875 0.51666665 0.23385416 0.58 0.23541667 0.5883333 0.21302083 0.60833335 0.20416667 0.615 0.20104167 0.5991667 0.18385416 0.52666664 0.1828125 0.51166666 0.1875 0.49666667 0.18697916 0.49083334 0.18697916 0.48666668 0.18489583 0.47833332
15 0.122395836 0.7 0.122395836 0.69083333 0.13072917 0.6775 0.16927083 0.64166665 0.2078125 0.6125 0.21354167 0.60833335 0.2359375 0.5883333 0.2625 0.56583333 0.29322916 0.5391667 0.3 0.5341667 0.3109375 0.5258333 0.315625 0.5233333 0.31875 0.5225 0.325 0.525 0.32864583 0.5283333 0.33125 0.5283333 0.33385417 0.5308333 0.3359375 0.5283333 0.33697918 0.52 0.3390625 0.52 0.34479168 0.52416664 0.34739584 0.53 0.34791666 0.5375 0.34427083 0.54083335 0.34010416 0.5416667 0.33854166 0.5416667 0.33802083 0.54583335 0.33697918 0.54833335 0.33541667 0.54833335 0.3359375 0.55583334 0.334375 0.56166667 0.3296875 0.57 0.309375 0.5883333 0.29166666 0.6016667 0.25052083 0.63666666 0.20833333 0.6716667 0.15572916 0.7158333 0.14427084 0.7241667 0.13333334 0.7216667 0.13177083 0.72 0.12760417 0.72083336 0.12447917 0.72 0.12083333 0.72583336 0.11927083 0.7241667 0.115625 0.7183333 0.11510417 0.71416664 0.115625 0.70916665 0.12135417 0.70916665 0.122395836 0.7033333
15 0.33385417 0.56583333 0.34166667 0.6308333 0.34114584 0.6425 0.33854166 0.6508333 0.33385417 0.65833336 0.33645833 0.6625 0.334375 0.665 0.33177084 0.6675 0.33385417 0.6775 0.33333334 0.68333334 0.32864583 0.68333334 0.3265625 0.68083334 0.3265625 0.66833335 0.3234375 0.66583335 0.31979167 0.6625 0.31822917 0.65833336 0.31354168 0.6533333 0.31041667 0.6408333 0.30677083 0.61833334 0.30416667 0.5925 0.30989584 0.5875 0.3296875 0.57 0.33385417 0.56333333
15 0.29895833 0.5966667 0.30885416 0.7008333 0.30833334 0.73 0.30729166 0.7391667 0.30416667 0.74583334 0.30260417 0.74916667 0.3046875 0.7525 0.303125 0.7558333 0.3046875 0.765 0.303125 0.77166665 0.3015625 0.7733333 0.29635417 0.77 0.296875 0.76166666 0.29375 0.75916666 0.2921875 0.75333333 0.28854167 0.75166667 0.28333333 0.74666667 0.27916667 0.73583335 0.27552083 0.70916665 0.2671875 0.6225 0.29166666 0.60083336
15 0.24635416 0.6408333 0.28125 0.7991667 0.28125 0.81083333 0.2796875 0.81916666 0.27604166 0.8258333 0.27447918 0.82666665 0.27760416 0.83 0.27604166 0.83666664 0.28229168 0.84166664 0.28020832 0.8475 0.2765625 0.85333335 0.27395833 0.8525 0.27083334 0.8475 0.26927084 0.8408333 0.26614583 0.84 0.2640625 0.8333333 0.25729167 0.8308333 0.25208333 0.8225 0.2421875 0.7808333 0.21614583 0.66583335 0.24635416 0.64
15 0.3703125 0.28583333 0.37291667 0.29666665 0.37604168 0.2975 0.37708333 0.29833335 0.38333333 0.29416665 0.3875 0.295 0.39166668 0.2975 0.40416667 0.31083333 0.40260416 0.31833333 0.4015625 0.34166667 0.40208334 0.375 0.39895833 0.36833334 0.39635417 0.36916667 0.37239584 0.33666667 0.36979166 0.32666665 0.37135416 0.315 0.36979166 0.31166667 0.36875 0.30916667 0.36979166 0.30583334 0.365625 0.29916668 0.36302084 0.295 0.36458334 0.29166666 0.3671875 0.28666666
15 0.41302082 0.2925 0.4125 0.2875 0.4125 0.28166667 0.41354167 0.27916667 0.41822916 0.27916667 0.42447916 0.28083333 0.4234375 0.28583333 0.42135417 0.29333332 0.42395833 0.29416665 0.42395833 0.29916668 0.4234375 0.30083334 0.42760417 0.30416667 0.43177083 0.31 0.43333334 0.315 0.43385416 0.32666665 0.43489584 0.34916666 0.43489584 0.365 0.43541667 0.42333335 0.43802083 0.5391667 0.44270834 0.6175 0.44375 0.6566667 0.44322917 0.6691667 0.44114584 0.6766667 0.4390625 0.68 0.43489584 0.6816667 0.43489584 0.68916667 0.434375 0.69083333 0.43229166 0.69166666 0.43385416 0.69666666 0.43645832 0.7025 0.4359375 0.70416665 0.43333334 0.70666665 0.42916667 0.70666665 0.42395833 0.70666665 0.425 0.6933333 0.421875 0.69083333 0.421875 0.68333334 0.4171875 0.6816667 0.4125 0.6716667 0.4109375 0.6533333 0.40729168 0.5733333 0.4046875 0.52416664 0.403125 0.44166666 0.40208334 0.37416667 0.4015625 0.34083334 0.40260416 0.31916666 0.40416667 0.31 0.4078125 0.30416667 0.40989584 0.30166668 0.41041666 0.2975 0.41197917 0.29333332
15 0.43645832 0.35166666 0.49114582 0.41833332 0.55833334 0.50416666 0.55885416 0.5125 0.55885416 0.52 0.5609375 0.52666664 0.5671875 0.5325 0.56666666 0.54 0.5609375 0.5475 0.55885416 0.5441667 0.55625 0.53833336 0.553125 0.54 0.55052084 0.53833336 0.5463542 0.5425 0.5395833 0.54083335 0.5307292 0.5316667 0.50104165 0.49833333 0.453125 0.43833333 0.4359375 0.4175 0.43489584 0.35333332
15 0.34739584 0.48166665 0.35208333 0.4925 0.35520834 0.49 0.3578125 0.49 0.35885417 0.49416667 0.36875 0.4925 0.37291667 0.4925 0.40520832 0.525 0.40833333 0.5933333 0.390625 0.5708333 0.36145833 0.5416667 0.3546875 0.5316667 0.35208333 0.5233333 0.35104167 0.5158333 0.35104167 0.5108333 0.3484375 0.5075 0.34739584 0.50333333 0.34114584 0.49833333 0.340625 0.48916668 0.34375 0.485
15 0.43958333 0.56 0.5421875 0.6666667 0.54375 0.675 0.5463542 0.6816667 0.5494792 0.685 0.55 0.69083333 0.55833334 0.69666666 0.55677086 0.7058333 0.55260414 0.71166664 0.5473958 0.7133333 0.54583335 0.70416665 0.5395833 0.7058333 0.5395833 0.7025 0.52916664 0.70666665 0.5234375 0.7058333 0.48802084 0.6691667 0.44270834 0.62666667 0.44270834 0.6175 0.43958333 0.56166667
15 0.12083333 0.5108333 0.1203125 0.4925 0.12552084 0.47583333 0.14270833 0.44333333 0.14895834 0.4475 0.1515625 0.44666666 0.15416667 0.45083332 0.15885417 0.45166665 0.16197917 0.45666668 0.16822916 0.45833334 0.178125 0.45833334 0.1703125 0.47166666 0.14427084 0.5175 0.13697916 0.51916665 0.13489583 0.5208333 0.13333334 0.5258333 0.13020833 0.5258333 0.125 0.5391667 0.12083333 0.5341667 0.115625 0.5283333 0.121875 0.52 0.12135417 0.51416665
