10 0.016666668 0.32583332 0.016145833 0.3175 0.020833334 0.31083333 0.030729167 0.305 0.091145836 0.29916668 0.1109375 0.30333334 0.1609375 0.29833335 0.17135416 0.31333333 0.17447917 0.32583332 0.17916666 0.34916666 0.18125 0.3925 0.17916666 0.47166666 0.17760417 0.4925 0.17395833 0.5058333 0.17395833 0.5133333 0.17760417 0.52916664 0.17760417 0.61083335 0.17708333 0.6333333 0.17604166 0.64 0.17135416 0.6475 0.16302083 0.6533333 0.1578125 0.655 0.1515625 0.6533333 0.121875 0.635 0.10625 0.6275 0.091145836 0.61083335 0.07760417 0.595 0.07239583 0.5966667 0.0671875 0.62666667 0.0609375 0.6375 0.0484375 0.6475 0.041145835 0.65 0.033333335 0.6458333 0.027083334 0.635 0.024479168 0.6125 0.024479168 0.60083336 0.028645834 0.57416666 0.029166667 0.5525 0.027083334 0.5283333 0.025520833 0.5108333 0.029166667 0.49833333 0.032291666 0.4925 0.031770833 0.475 0.0234375 0.4225 0.019270834 0.36666667
11 0.18385416 0.47416666 0.23697917 0.5833333 0.18072917 0.6475 0.1640625 0.6616667 0.15104167 0.6691667 0.13645834 0.6741667 0.13072917 0.6816667 0.12291667 0.6975 0.11145833 0.72333336 0.09010417 0.75 0.06302083 0.7733333 0.059375 0.76916665 0.043229166 0.7375 0.038541667 0.72083336 0.040625 0.68416667 0.043229166 0.64916664 0.0484375 0.6483333 0.0609375 0.6375 0.06666667 0.62666667 0.07239583 0.5966667 0.078125 0.595 0.096354164 0.6166667 0.10625 0.6275 0.122395836 0.635 0.1421875 0.6475 0.15104167 0.6533333 0.15833333 0.655 0.16354166 0.6533333 0.17135416 0.64666665 0.17604166 0.64 0.17708333 0.6333333 0.17760417 0.6116667 0.17760417 0.5875 0.17708333 0.54333335 0.17760417 0.5283333 0.17395833 0.5133333 0.17395833 0.5058333 0.17760417 0.49333334 0.17916666 0.465
10 0.13072917 0.7225 0.12708333 0.70416665 0.12708333 0.69416666 0.13020833 0.68583333 0.1328125 0.6825 0.13645834 0.67833334 0.1828125 0.66583335 0.25260416 0.6508333 0.275 0.6458333 0.2984375 0.64166665 0.31927082 0.63 0.3234375 0.62916666 0.32604167 0.64166665 0.32604167 0.6425 0.29166666 0.71 0.30052084 0.72083336 0.30416667 0.7241667 0.30416667 0.735 0.3078125 0.74333334 0.31822917 0.75166667 0.325 0.7675 0.32708332 0.7783333 0.3359375 0.78833336 0.34427083 0.79583335 0.346875 0.8125 0.35 0.82666665 0.35729167 0.8358333 0.309375 0.8525 0.29947916 0.8491667 0.29010418 0.8525 0.2859375 0.85083336 0.27604166 0.84833336 0.265625 0.855 0.25625 0.86333334 0.24739583 0.87916666 0.23854166 0.8825 0.23645833 0.885 0.23385416 0.88916665 0.21354167 0.8958333 0.21041666 0.89 0.209375 0.89666665 0.19010417 0.9058333 0.18020834 0.9091667 0.17135416 0.9025 0.165625 0.88916665 0.16041666 0.86 0.15625 0.84583336 0.14947917 0.82916665 0.13854167 0.7608333
10 0.36979166 0.8383333 0.378125 0.8308333 0.38229167 0.82416666 0.38489583 0.81166667 0.35625 0.78583336 0.32708332 0.7475 0.30416667 0.7241667 0.30416667 0.7341667 0.3078125 0.74333334 0.31875 0.7525 0.325 0.7675 0.32708332 0.7783333 0.3359375 0.7891667 0.34427083 0.7966667 0.34583333 0.80833334 0.34947917 0.82666665 0.35729167 0.83666664 0.36666667 0.8383333
10 0.23333333 0.65 0.23333333 0.6375 0.23645833 0.62916666 0.25989583 0.5941667 0.2640625 0.59583336 0.26510417 0.58916664 0.28958333 0.5625 0.29479167 0.5541667 0.29479167 0.54833335 0.30104166 0.5416667 0.32760417 0.51166666 0.33385417 0.50666666 0.340625 0.5075 0.34739584 0.51 0.3515625 0.505 0.35364583 0.495 0.353125 0.47916666 0.35 0.47166666 0.35052082 0.45333335 0.35416666 0.44083333 0.359375 0.435 0.36979166 0.43 0.3765625 0.4325 0.38020834 0.43333334 0.38854167 0.4475 0.4046875 0.47166666 0.41197917 0.48833334 0.421875 0.50416666 0.42447916 0.51166666 0.43333334 0.5183333 0.446875 0.5225 0.45885417 0.5858333 0.421875 0.5391667 0.39583334 0.50666666 0.39479166 0.50333333 0.3859375 0.49833333 0.37239584 0.50083333 0.36458334 0.5058333 0.35572916 0.53833336 0.33802083 0.5858333 0.32552084 0.625 0.32447916 0.6308333 0.3234375 0.63 0.3203125 0.63 0.30729166 0.63666666 0.29739583 0.64166665 0.23385416 0.655
10 0.37447917 0.55 0.3265625 0.6433333 0.32447916 0.6325 0.32552084 0.625 0.33802083 0.5858333 0.35520834 0.5391667 0.36458334 0.5058333 0.371875 0.50083333 0.3859375 0.49833333 0.39479166 0.50333333 0.3953125 0.5075 0.378125 0.54333335
11 0.40208334 0.30083334 0.42395833 0.29083332 0.44114584 0.29583332 0.446875 0.30416667 0.45729166 0.30666667 0.465625 0.3 0.47447917 0.29333332 0.48333332 0.27166668 0.496875 0.25166667 0.525 0.22583333 0.54114586 0.21416667 0.55260414 0.2575 0.5572917 0.2825 0.5609375 0.32416666 0.55260414 0.3425 0.57916665 0.40333334 0.58697915 0.41666666 0.6125 0.50666666 0.61822915 0.53583336 0.48072916 0.6191667 0.46979168 0.6 0.459375 0.58666664 0.44583333 0.51666665 0.4390625 0.47583333 0.434375 0.44083333 0.428125 0.40833333 0.415625 0.35416666 0.40677083 0.31916666
11 0.66770834 0.12083333 0.68177086 0.08833333 0.70104164 0.1375 0.7203125 0.17416666 0.73541665 0.20166667 0.75677085 0.24916667 0.7807292 0.28833333 0.79010415 0.3125 0.7671875 0.3425 0.7453125 0.3675 0.73125 0.37083334 0.7234375 0.36833334 0.7078125 0.39 0.6947917 0.40916666 0.67552084 0.4625 0.66510415 0.48666668 0.6380208 0.52666664 0.61354166 0.46833333 0.58697915 0.415 0.5796875 0.40416667 0.5515625 0.3425 0.5625 0.3225 0.58802086 0.27916667 0.6098958 0.2475 0.6145833 0.23833333 0.6145833 0.225 0.634375 0.19416666 0.65625 0.1475
11 0.75572914 0.2425 0.7604167 0.24666667 0.76458335 0.25333333 0.76666665 0.26333332 0.7661458 0.265 0.7572917 0.25 0.75364584 0.2425
10 0.7875 0.2975 0.79375 0.29916668 0.81041664 0.32 0.83125 0.35083333 0.81875 0.395 0.7921875 0.46416667 0.74895835 0.55833334 0.7421875 0.5683333 0.73229164 0.56916666 0.72447914 0.56166667 0.7083333 0.53 0.70885414 0.5233333 0.70520836 0.5233333 0.68958336 0.49 0.6848958 0.47083333 0.6796875 0.45083332 0.6947917 0.41 0.7083333 0.38916665 0.7234375 0.3675 0.73072916 0.37 0.7453125 0.3675 0.76666665 0.34333333 0.79010415 0.3125 0.784375 0.29833335
11 0.0 0.57666665 0.010416667 0.56666666 0.028125 0.565 0.028645834 0.57416666 0.024479168 0.59833336 0.024479168 0.615 0.025520833 0.625 0.016666668 0.62333333 0.0 0.6066667
11 0.35677084 0.78583336 0.32708332 0.74833333 0.30989584 0.73083335 0.29114583 0.71 0.37291667 0.55333334 0.39583334 0.50666666 0.45625 0.5825 0.47135416 0.6025 0.48697916 0.63166666 0.5083333 0.6575 0.5453125 0.69166666 0.54270834 0.7025 0.53333336 0.715 0.51354164 0.7325 0.5026042 0.7391667 0.48125 0.7975 0.47447917 0.825 0.465625 0.8466667 0.44791666 0.87083334 0.41614583 0.84
