8 0.12604167 0.9475 0.17135416 0.9716667 0.21458334 1.0 0.13958333 1.0 0.12135417 0.985 0.10625 0.97333336 0.10729167 0.96666664 0.1109375 0.9558333 0.116145834 0.9483333
8 0.184375 0.9125 0.18541667 0.91833335 0.1890625 0.9241667 0.19791667 0.93 0.20572917 0.94166666 0.21666667 0.95916665 0.2515625 1.0 0.23489584 1.0 0.21302083 0.975 0.20572917 0.9675 0.1984375 0.965 0.19270833 0.9583333 0.1828125 0.94416666 0.1765625 0.9325
8 0.25260416 0.765 0.25729167 0.75916666 0.26354167 0.7558333 0.27135417 0.7575 0.28072917 0.76416665 0.29635417 0.7875 0.3171875 0.82 0.346875 0.86083335 0.3625 0.8808333 0.3796875 0.8958333 0.40572917 0.925 0.41666666 0.9375 0.3859375 1.0 0.25208333 1.0 0.2203125 0.9633333 0.21614583 0.95916665 0.20572917 0.94166666 0.19791667 0.93083334 0.1890625 0.9241667 0.1859375 0.9175 0.184375 0.9125 0.18385416 0.9033333 0.18697916 0.88916665 0.19270833 0.87833333 0.22239584 0.8283333 0.23645833 0.8075 0.2421875 0.79583335 0.24583334 0.7816667
8 0.5697917 0.865 0.5796875 0.8475 0.6020833 0.8208333 0.6171875 0.795 0.6265625 0.79 0.63125 0.785 0.6333333 0.7675 0.63489586 0.755 0.6411458 0.74083334 0.653125 0.7366667 0.65989584 0.74083334 0.6765625 0.7725 0.7 0.8066667 0.71770835 0.8358333 0.7739583 0.91833335 0.8 0.9558333 0.80260414 0.96416664 0.80364585 0.9766667 0.8020833 0.985 0.7921875 1.0 0.63958335 1.0 0.5890625 0.9191667 0.5734375 0.8958333 0.5697917 0.8858333 0.56822914 0.87333333
8 0.80052084 0.9875 0.80104166 0.99916667 0.79270834 1.0 0.80052084 0.9875
8 0.7796875 0.9058333 0.7838542 0.905 0.7885417 0.9058333 0.7916667 0.9091667 0.79791665 0.9191667 0.79895836 0.955 0.76927084 0.91 0.7734375 0.9066667
8 0.821875 0.685 0.82708335 0.6825 0.8359375 0.68583333 0.878125 0.705 0.91510415 0.7266667 1.0 0.7658333 1.0 0.97 0.9973958 0.97333336 0.99322915 0.9741667 0.984375 0.9716667 0.9192708 0.93666667 0.8901042 0.92083335 0.87135416 0.91083336 0.8625 0.9075 0.8546875 0.9058333 0.8442708 0.9033333 0.8333333 0.89916664 0.81822914 0.8958333 0.803125 0.8883333 0.79479164 0.88416666 0.7890625 0.87833333 0.7859375 0.87083334 0.7838542 0.8566667 0.7859375 0.8475 0.80052084 0.7775 0.8119792 0.69916666 0.81666666 0.6875
8 0.91875 0.5625 0.92552084 0.55083334 0.9328125 0.5475 0.95 0.5516667 1.0 0.56083333 0.9994792 0.765 0.9213542 0.73 0.8890625 0.71166664 0.89427084 0.68583333 0.9015625 0.66083336 0.909375 0.6475 0.91770834 0.64 0.91979164 0.62583333 0.9166667 0.6175 0.91041666 0.5933333 0.9140625 0.57416666
8 0.5578125 0.5125 0.571875 0.4925 0.5807292 0.485 0.5963542 0.46416667 0.60833335 0.44416666 0.6359375 0.4075 0.6453125 0.39833334 0.653125 0.39666668 0.6614583 0.405 0.684375 0.44333333 0.6947917 0.465 0.72552085 0.5283333 0.7515625 0.5725 0.78125 0.6191667 0.7838542 0.6308333 0.7817708 0.64166665 0.7734375 0.65416664 0.753125 0.6816667 0.7375 0.70666665 0.7083333 0.75416666 0.69947916 0.7633333 0.690625 0.7633333 0.68541664 0.76166666 0.671875 0.73583335 0.65260416 0.6983333 0.64270836 0.6791667 0.63125 0.66 0.60052085 0.6116667 0.58385414 0.58916664 0.57239586 0.57 0.5598958 0.5491667 0.5546875 0.5366667 0.55364585 0.5208333
8 0.31302083 0.5133333 0.36666667 0.51 0.41197917 0.50416666 0.42604166 0.49583334 0.4375 0.49166667 0.4515625 0.4975 0.45729166 0.49916667 0.48489583 0.49916667 0.48333332 0.505 0.47760418 0.51916665 0.47604167 0.52666664 0.4765625 0.5341667 0.48229167 0.54583335 0.4859375 0.5625 0.48958334 0.605 0.4890625 0.62083334 0.48385417 0.6358333 0.47604167 0.64666665 0.40520832 0.6458333 0.3625 0.64666665 0.35 0.65166664 0.33020833 0.65416664 0.325 0.6533333 0.2828125 0.6575 0.27708334 0.655 0.2703125 0.6475 0.26822916 0.63916665 0.26510417 0.5225 0.26354167 0.465 0.26510417 0.45583335 0.2703125 0.44583333 0.27708334 0.44083333 0.2953125 0.43916667 0.29739583 0.49666667 0.30416667 0.50916666
8 0.3109375 0.3 0.36614582 0.29666665 0.4171875 0.29583332 0.41875 0.30833334 0.42291668 0.32583332 0.43177083 0.33 0.47239584 0.35666665 0.51979166 0.38583332 0.5234375 0.47833332 0.5208333 0.48833334 0.51354164 0.49833333 0.503125 0.50166667 0.48385417 0.49916667 0.45677084 0.49916667 0.43802083 0.49083334 0.43020833 0.49416667 0.42395833 0.49666667 0.4125 0.50333333 0.3671875 0.5108333 0.33125 0.51166666 0.31302083 0.5133333 0.3046875 0.51 0.29791668 0.49583334 0.2953125 0.43666667 0.29322916 0.36916667 0.29322916 0.33583334 0.29479167 0.32083333 0.29739583 0.31166667 0.30260417 0.30416667
8 0.425 0.26333332 0.440625 0.19833334 0.4640625 0.0925 0.4765625 0.023333333 0.48020834 0.005 0.48489583 0.0 0.50625 0.0 0.5359375 0.0175 0.55 0.0275 0.57395834 0.039166667 0.56927085 0.046666667 0.56875 0.055 0.5677083 0.0875 0.56875 0.12666667 0.5708333 0.15416667 0.56875 0.18083334 0.56927085 0.2375 0.56666666 0.25583333 0.56145835 0.2975 0.55885416 0.315 0.546875 0.37833333 0.540625 0.3875 0.5338542 0.3925 0.51927084 0.385 0.46822917 0.35416666 0.42291668 0.325 0.41822916 0.30333334 0.41770834 0.29583332
8 0.81354165 0.36833334 0.8666667 0.36166668 0.87604165 0.36166668 0.8822917 0.37166667 0.88489586 0.3825 0.88385415 0.41583332 0.88072914 0.46 0.88125 0.48666668 0.88645834 0.5325 0.8859375 0.5516667 0.8833333 0.56 0.87864584 0.565 0.865625 0.56583333 0.8265625 0.57 0.8125 0.57 0.7963542 0.5675 0.7828125 0.57 0.7703125 0.57416666 0.7552083 0.5775 0.725 0.52666664 0.68541664 0.445 0.66822916 0.41666666 0.66875 0.3975 0.67552084 0.3975 0.68125 0.39583334 0.69114584 0.38416666 0.7526042 0.42416668 0.7786458 0.44 0.78697914 0.44 0.79010415 0.43583333 0.79322916 0.43166667 0.796875 0.4225 0.809375 0.36916667
8 0.7526042 0.059166666 0.75989586 0.05 0.7671875 0.0475 0.775 0.04916667 0.79114586 0.06333333 0.828125 0.09166667 0.8697917 0.12 0.875 0.12916666 0.87604165 0.14083333 0.875 0.15 0.86875 0.165 0.86041665 0.18666667 0.853125 0.20083334 0.8463542 0.22333333 0.83958334 0.26166666 0.821875 0.33333334 0.80833334 0.37166667 0.7973958 0.42083332 0.79270834 0.43166667 0.7875 0.43916667 0.7786458 0.44083333 0.76458335 0.43083334 0.69166666 0.38416666 0.6927083 0.35916665 0.69322914 0.33 0.69322914 0.2925 0.69375 0.26916668 0.7083333 0.225 0.72083336 0.1775 0.74895835 0.07
8 0.58020836 0.033333335 0.5921875 0.03 0.6145833 0.035 0.6401042 0.039166667 0.6859375 0.041666668 0.69166666 0.044166666 0.69739586 0.053333335 0.69947916 0.065 0.69895834 0.0775 0.696875 0.111666664 0.6947917 0.18666667 0.69427085 0.225 0.69375 0.27166668 0.6927083 0.345 0.6927083 0.35833332 0.69166666 0.38333333 0.68125 0.39583334 0.6666667 0.3975 0.6510417 0.39583334 0.64427084 0.39583334 0.57395834 0.38833332 0.5651042 0.38416666 0.559375 0.37333333 0.5572917 0.36166668 0.5598958 0.3125 0.5671875 0.24916667 0.56927085 0.23833333 0.56875 0.18 0.5708333 0.1525 0.56875 0.13083333 0.5677083 0.08416667 0.5697917 0.0475 0.57395834 0.0375
8 0.61614585 0.0 0.60625 0.0325 0.5932292 0.03 0.5796875 0.033333335 0.5734375 0.038333334 0.55677086 0.03 0.53229165 0.0
8 0.0 0.23666666 0.1171875 0.22083333 0.13385417 0.22083333 0.1421875 0.22583333 0.14791666 0.24083333 0.1484375 0.26 0.14895834 0.30083334 0.15260416 0.34166667 0.1609375 0.40833333 0.1578125 0.42083332 0.15260416 0.42833334 0.1421875 0.4325 0.10520833 0.43833333 0.08645833 0.43833333 0.0 0.45583335
8 0.1265625 0.14166667 0.14375 0.111666664 0.15989584 0.075833336 0.17135416 0.043333333 0.18958333 0.00083333335 0.19114584 0.01 0.19583334 0.0175 0.2078125 0.025833333 0.215625 0.03 0.22239584 0.030833334 0.22604166 0.043333333 0.24010417 0.07 0.25520834 0.1 0.259375 0.1175 0.26927084 0.14083333 0.27239582 0.145 0.28125 0.14666666 0.290625 0.14166667 0.30104166 0.12833333 0.30989584 0.115833335 0.31822917 0.12416667 0.32552084 0.125 0.33125 0.12916666 0.34895834 0.15166667 0.3359375 0.19083333 0.31041667 0.24083333 0.2875 0.29 0.271875 0.33 0.26770833 0.32833335 0.25677082 0.31416667 0.24583334 0.29916668 0.240625 0.29416665 0.23177083 0.28583333 0.2125 0.26833335 0.19010417 0.24416667 0.1484375 0.2 0.13229166 0.18333334 0.12447917 0.17333333 0.12291667 0.1575 0.1234375 0.15083334
8 0.38697916 0.0 0.36197916 0.0325 0.35572916 0.0425 0.34791666 0.04916667 0.34010416 0.058333334 0.33802083 0.068333335 0.33333334 0.07833333 0.31302083 0.111666664 0.30885416 0.11666667 0.29010418 0.14166667 0.28177083 0.14583333 0.27395833 0.145 0.26822916 0.14083333 0.259375 0.11666667 0.25572917 0.1 0.22604166 0.0425 0.22291666 0.031666666 0.21666667 0.03 0.2078125 0.025833333 0.19479166 0.015833333 0.190625 0.009166666 0.18958333 0.0
8 0.05 0.9425 0.057291668 0.9375 0.0640625 0.93833333 0.080729164 0.95166665 0.1390625 1.0 0.0296875 1.0 0.0453125 0.95166665
