15 0.62395835 0.3625 0.6390625 0.37583333 0.65 0.39166668 0.65208334 0.40333334 0.65416664 0.41083333 0.6640625 0.41333333 0.6567708 0.43333334 0.6515625 0.425 0.6432292 0.42583334 0.63854164 0.43083334 0.6125 0.41416666 0.465625 0.28583333 0.4546875 0.2775 0.45208332 0.26583335 0.44947916 0.26333332 0.44791666 0.25166667 0.44166666 0.25 0.4453125 0.23916666 0.45260417 0.24083333 0.45677084 0.23833333 0.46666667 0.23416667 0.478125 0.23833333
15 0.33802083 0.1925 0.3375 0.17333333 0.34010416 0.16333333 0.34427083 0.15583333 0.34739584 0.14916667 0.34635416 0.13916667 0.35208333 0.1375 0.3546875 0.1475 0.35885417 0.15333334 0.36354166 0.16333333 0.36770833 0.17416666 0.36875 0.18666667 0.38333333 0.46083334 0.3828125 0.5058333 0.37604168 0.5158333 0.375 0.5208333 0.37395832 0.5308333 0.375 0.5375 0.3640625 0.54083335 0.3640625 0.53 0.36197916 0.52666664 0.359375 0.5183333 0.35572916 0.51166666 0.35260418 0.49666667 0.34895834 0.4425
15 0.37083334 0.15 0.37604168 0.13916667 0.37604168 0.13166666 0.37447917 0.12166667 0.37916666 0.115833335 0.3859375 0.115833335 0.38802084 0.12583333 0.39114583 0.1325 0.396875 0.14916667 0.39947918 0.15833333 0.40208334 0.19916667 0.409375 0.30833334 0.41458333 0.38 0.4203125 0.44833332 0.42083332 0.47916666 0.415625 0.49166667 0.41614583 0.5 0.41770834 0.51416665 0.403125 0.5133333 0.4046875 0.5025 0.39947918 0.49333334 0.39322916 0.48666668 0.38958332 0.46333334 0.38541666 0.41416666 0.36822918 0.1675
15 0.21770833 0.73083335 0.24166666 0.73 0.25625 0.7291667 0.265625 0.7291667 0.2734375 0.7266667 0.28125 0.7191667 0.2859375 0.71166664 0.2953125 0.705 0.290625 0.6933333 0.28333333 0.6975 0.2796875 0.6925 0.27239582 0.68416667 0.26041666 0.6816667 0.24114583 0.67833334 0.22239584 0.6766667 0.08802083 0.6766667 0.075 0.6775 0.06666667 0.6816667 0.060416665 0.69166666 0.057291668 0.69916666 0.052604165 0.70166665 0.045833334 0.69916666 0.042708334 0.7158333 0.051041666 0.7108333 0.0546875 0.7125 0.060416665 0.72083336 0.063541666 0.7275 0.071354166 0.7316667 0.084895834 0.7325
15 0.25 0.6275 0.265625 0.63166666 0.27447918 0.63666666 0.28020832 0.6433333 0.284375 0.6525 0.29010418 0.6575 0.29583332 0.65833336 0.2921875 0.6775 0.28541666 0.675 0.28020832 0.675 0.27552083 0.67833334 0.2703125 0.68333334 0.2296875 0.675 0.0765625 0.65416664 0.055729166 0.6508333 0.050520834 0.6408333 0.044270832 0.63416666 0.035416666 0.63 0.0359375 0.6225 0.039583333 0.6141667 0.04375 0.6116667 0.046875 0.61833334 0.051041666 0.61333334 0.055208333 0.6066667 0.058854166 0.6016667 0.0703125 0.5991667 0.128125 0.605
15 0.83177084 0.24583334 0.8411458 0.22833334 0.846875 0.21916667 0.853125 0.2175 0.8625 0.2125 0.8677083 0.205 0.8723958 0.2025 0.8776042 0.20666666 0.8744792 0.21583334 0.8744792 0.22583333 0.871875 0.22916667 0.87083334 0.24916667 0.8510417 0.2925 0.7609375 0.47583333 0.74322915 0.50333333 0.73854166 0.50166667 0.7348958 0.5083333 0.7317708 0.51166666 0.72864586 0.51916665 0.7213542 0.51166666 0.725 0.50416666 0.72447914 0.49333334 0.725 0.48583335 0.72552085 0.47166666 0.72760415 0.46333334 0.74010414 0.43583333 0.7505208 0.41083333
15 0.7078125 0.42 0.7182292 0.405 0.72447914 0.40166667 0.73020834 0.40166667 0.73333335 0.40416667 0.7338542 0.39333335 0.7348958 0.38583332 0.746875 0.39583334 0.7421875 0.40583333 0.74010414 0.41666666 0.7416667 0.43166667 0.72760415 0.46416667 0.6557292 0.5925 0.6041667 0.68083334 0.59947914 0.6875 0.59166664 0.68833333 0.5864583 0.68916667 0.5828125 0.69083333 0.57708335 0.69666666 0.5708333 0.6816667 0.5776042 0.67833334 0.5776042 0.66833335 0.5776042 0.6591667 0.5786458 0.6508333 0.5864583 0.6375
15 0.47135416 0.50916666 0.47552082 0.5258333 0.48177084 0.5375 0.48697916 0.54 0.49322918 0.5466667 0.49583334 0.5525 0.5 0.56166667 0.50572914 0.55833334 0.50208336 0.5491667 0.503125 0.53833336 0.50572914 0.5258333 0.5052083 0.50916666 0.49322918 0.46083334 0.43385416 0.22166666 0.42916667 0.21166667 0.42239583 0.205 0.41875 0.20166667 0.41510418 0.19583334 0.41458333 0.18583333 0.4078125 0.18833333 0.409375 0.19666667 0.4078125 0.20083334 0.40729168 0.2125 0.4046875 0.21916667 0.4046875 0.235 0.4125 0.28166667
15 0.35 0.6641667 0.36354166 0.685 0.371875 0.6983333 0.37447917 0.7133333 0.375 0.7275 0.38333333 0.73583335 0.37916666 0.74666667 0.37239584 0.7391667 0.36614582 0.7375 0.359375 0.73833334 0.34635416 0.72833335 0.20833333 0.5366667 0.2 0.52416664 0.19635417 0.5108333 0.19635417 0.49833333 0.19322917 0.49166667 0.1890625 0.48416665 0.1875 0.48 0.19114584 0.47416666 0.19895834 0.48333332 0.20625 0.48416665 0.215625 0.48083332 0.22604166 0.49083334
15 0.8734375 0.67333335 0.89166665 0.69166666 0.9010417 0.70666665 0.9015625 0.72333336 0.9078125 0.73 0.9140625 0.735 0.9057292 0.74833333 0.89739585 0.73833334 0.8901042 0.74083334 0.88177085 0.74083334 0.853125 0.71166664 0.72552085 0.5708333 0.71875 0.56083333 0.715625 0.5516667 0.715625 0.54083335 0.71302086 0.5375 0.70729166 0.5375 0.70885414 0.52 0.7135417 0.5158333 0.71875 0.5225 0.7234375 0.52166665 0.72760415 0.52 0.73333335 0.5183333 0.7395833 0.52416664
