17 0.53802085 0.16166666 0.52552086 0.15083334 0.5140625 0.15416667 0.5046875 0.16166666 0.49583334 0.19083333 0.49791667 0.19666667 0.49375 0.1975 0.478125 0.25583333 0.46875 0.3 0.4703125 0.3125 0.471875 0.33166668 0.47552082 0.36416668 0.4734375 0.3675 0.46510416 0.37 0.459375 0.36583334 0.453125 0.35833332 0.446875 0.3575 0.44166666 0.36083335 0.4359375 0.3675 0.43489584 0.37083334 0.4359375 0.38583332 0.44166666 0.4075 0.44895834 0.4275 0.45572916 0.4425 0.46614584 0.45666668 0.4734375 0.47083333 0.47864583 0.48333332 0.49739584 0.48583335 0.5078125 0.49166667 0.5390625 0.49416667 0.546875 0.50333333 0.55104166 0.51416665 0.54895836 0.5441667 0.565625 0.49916667 0.5890625 0.42833334 0.59270835 0.41583332 0.6109375 0.3675 0.5875 0.3425 0.5515625 0.29833335 0.5375 0.285 0.5307292 0.2725 0.53020835 0.25916666 0.546875 0.23333333 0.55677086 0.20833333 0.56458336 0.185 0.5651042 0.18416667 0.55 0.17083333
17 0.33489582 0.7008333 0.32708332 0.70166665 0.3203125 0.69666666 0.309375 0.6591667 0.30364582 0.6575 0.29635417 0.6641667 0.29114583 0.67583334 0.290625 0.70916665 0.2859375 0.75166667 0.28177083 0.81583333 0.27916667 0.87916666 0.2765625 0.9325 0.28229168 0.94166666 0.2765625 0.9458333 0.27552083 0.9725 0.28072917 0.9841667 0.29322916 0.9925 0.33020833 0.9866667 0.41510418 0.9825 0.425 0.9775 0.43072918 0.96166664 0.43125 0.9075 0.42916667 0.865 0.4265625 0.83666664 0.425 0.82666665 0.42604166 0.82166666 0.42447916 0.81333333 0.42708334 0.7525 0.42604166 0.7133333 0.42395833 0.69083333 0.42239583 0.6741667 0.41458333 0.6625 0.40885416 0.6591667 0.39114583 0.6625 0.38385418 0.6641667 0.371875 0.67 0.3640625 0.67583334 0.35677084 0.68333334 0.3421875 0.695
17 0.12604167 0.67083335 0.12083333 0.67333335 0.115625 0.6816667 0.1046875 0.7075 0.07239583 0.7658333 0.047916666 0.81 0.040104166 0.8233333 0.0390625 0.83916664 0.041145835 0.8525 0.071354166 0.88416666 0.0890625 0.90416664 0.102604166 0.91333336 0.111979164 0.9241667 0.11666667 0.93916667 0.115625 0.955 0.118229166 0.97083336 0.12604167 0.9741667 0.1359375 0.975 0.15729167 0.94666666 0.16770834 0.92333335 0.2078125 0.86833334 0.26197916 0.795 0.2671875 0.7866667 0.2671875 0.77166665 0.26458332 0.7583333 0.24947916 0.7266667 0.2359375 0.6975 0.19947916 0.6933333 0.1515625 0.6825
17 0.5385417 0.7966667 0.5229167 0.78333336 0.51197916 0.7841667 0.50625 0.78833336 0.47708333 0.89 0.46458334 0.9291667 0.453125 0.97833335 0.45625 0.9916667 0.4609375 1.0 0.67552084 1.0 0.6791667 0.9691667 0.684375 0.93666667 0.69114584 0.91333336 0.6859375 0.89916664 0.68072915 0.89166665 0.665625 0.88916665 0.65833336 0.895 0.634375 0.88916665 0.6322917 0.87416667 0.6109375 0.8525 0.5786458 0.82666665 0.54375 0.80083334 0.5395833 0.8066667
17 0.7817708 0.34583333 0.7651042 0.32 0.76197916 0.32333332 0.75364584 0.36 0.7484375 0.37833333 0.7213542 0.45083332 0.7125 0.46166667 0.7026042 0.46166667 0.68958336 0.45333335 0.68125 0.445 0.6890625 0.49 0.7046875 0.5516667 0.70989585 0.57416666 0.75208336 0.62166667 0.809375 0.68583333 0.8171875 0.68583333 0.82708335 0.68 0.8671875 0.58166665 0.8796875 0.54083335 0.8875 0.5175 0.8958333 0.49916667 0.8958333 0.48333332 0.8932292 0.47 0.87604165 0.45 0.85520834 0.43083334 0.828125 0.4125 0.8015625 0.40083334 0.7864583 0.38416666 0.79010415 0.36083335 0.78697914 0.35083333
17 0.8265625 0.28916666 0.809375 0.28583333 0.77239585 0.27916667 0.7640625 0.31166667 0.76197916 0.3225 0.765625 0.32 0.78229165 0.34583333 0.78697914 0.35083333 0.79010415 0.36083335 0.7859375 0.385 0.8015625 0.40166667 0.8255208 0.41083333 0.840625 0.32 0.83958334 0.30833334 0.8328125 0.29583332
17 0.61510414 0.39083335 0.60625 0.45 0.6088542 0.46166667 0.61510414 0.47416666 0.62395835 0.47916666 0.63125 0.47333333 0.64427084 0.47416666 0.65520835 0.47916666 0.66770834 0.49333334 0.6921875 0.50416666 0.6890625 0.49083334 0.68541664 0.47 0.68125 0.44666666 0.68125 0.43833333 0.67760414 0.44166666 0.6536458 0.41666666 0.61927086 0.37583333
17 0.68125 0.515 0.6609375 0.51416665 0.65520835 0.52416664 0.65052086 0.53583336 0.6625 0.6933333 0.66822916 0.73583335 0.67395836 0.74916667 0.68072915 0.7575 0.6869792 0.76 0.73125 0.74916667 0.74791664 0.7441667 0.7661458 0.73583335 0.79375 0.73833334 0.8442708 0.73833334 0.84583336 0.73083335 0.84947914 0.7375 0.8765625 0.7341667 0.884375 0.7241667 0.8880208 0.7083333 0.8765625 0.60583335 0.8744792 0.57166666 0.8734375 0.56333333 0.86875 0.5775 0.8364583 0.6575 0.82708335 0.68 0.81822914 0.68583333 0.80885416 0.68583333 0.7104167 0.575 0.69427085 0.51166666
17 0.50572914 0.7425 0.45520833 0.77 0.44010416 0.7875 0.4328125 0.7991667 0.425 0.82666665 0.4265625 0.84 0.43020833 0.85333335 0.43385416 0.87166667 0.45625 0.9608333 0.46458334 0.9275 0.47864583 0.885 0.4921875 0.8358333 0.50625 0.7891667 0.51197916 0.7841667 0.5234375 0.78333336 0.5375 0.79583335 0.5395833 0.80583334 0.5442708 0.80083334 0.5864583 0.8333333 0.57239586 0.7583333 0.5677083 0.7583333 0.5708333 0.75166667 0.5671875 0.7325 0.5619792 0.72583336 0.55572915 0.7216667 0.54583335 0.72083336 0.5390625 0.7225
17 0.40520832 0.43583333 0.39322916 0.43166667 0.3890625 0.4375 0.38854167 0.43 0.3734375 0.4275 0.36927083 0.42916667 0.3609375 0.4375 0.353125 0.45 0.34791666 0.46916667 0.33802083 0.5183333 0.32135418 0.6358333 0.3234375 0.6475 0.3296875 0.66083336 0.33645833 0.6666667 0.36458334 0.675 0.37083334 0.67 0.38385418 0.6641667 0.40833333 0.65833336 0.41458333 0.6625 0.42291668 0.6741667 0.42447916 0.69416666 0.434375 0.7025 0.4546875 0.7075 0.46770832 0.72083336 0.50364584 0.7391667 0.5125 0.7341667 0.51979166 0.725 0.53802085 0.61583334 0.5494792 0.5441667 0.55104166 0.515 0.5473958 0.50333333 0.5395833 0.49416667 0.5083333 0.49166667 0.496875 0.48583335 0.47604167 0.4825 0.46302083 0.47916666 0.45729166 0.475 0.44583333 0.46166667 0.428125 0.45083332 0.41354167 0.44166666
17 0.62604165 0.7325 0.584375 0.82 0.5864583 0.83416665 0.6119792 0.8525 0.6322917 0.87416667 0.634375 0.89 0.65833336 0.895 0.66614586 0.88916665 0.6802083 0.89166665 0.68645835 0.8983333 0.69166666 0.9141667 0.684375 0.935 0.678125 0.9766667 0.6921875 0.975 0.70729166 0.9716667 0.7114583 0.96166664 0.70989585 0.95166665 0.7057292 0.9425 0.7046875 0.93333334 0.709375 0.9191667 0.71510416 0.9125 0.73072916 0.905 0.74322915 0.8883333 0.7526042 0.87083334 0.7515625 0.825 0.7505208 0.81166667 0.7484375 0.79333335 0.7552083 0.7675 0.7604167 0.73833334 0.74583334 0.7441667 0.6880208 0.76 0.6802083 0.7575 0.67291665 0.74833333 0.66770834 0.73583335 0.6625 0.68666667 0.65989584 0.6616667
17 0.19739583 0.44 0.14270833 0.44916666 0.11770833 0.45416668 0.09166667 0.4575 0.08385417 0.4675 0.08020833 0.47916666 0.08541667 0.5258333 0.0890625 0.5258333 0.086979166 0.5316667 0.096354164 0.6025 0.0984375 0.62416667 0.1 0.64166665 0.11145833 0.64916664 0.111979164 0.6566667 0.1109375 0.6641667 0.10572917 0.685 0.10520833 0.7058333 0.115625 0.6816667 0.12135417 0.6725 0.12604167 0.67083335 0.15208334 0.6825 0.2 0.6933333 0.23541667 0.6983333 0.23697917 0.7008333 0.24322917 0.69 0.24583334 0.6766667 0.246875 0.62333333 0.24270834 0.5858333 0.24114583 0.555 0.2375 0.5083333 0.234375 0.5075 0.2328125 0.50666666 0.23385416 0.5025 0.2375 0.50166667 0.23125 0.45583335 0.228125 0.445 0.22291666 0.43916667 0.2125 0.43833333
17 0.3140625 0.615 0.27864584 0.5966667 0.27083334 0.59833336 0.26145834 0.6075 0.25364584 0.6525 0.25729167 0.6575 0.25260416 0.6575 0.24166666 0.70916665 0.26510417 0.7608333 0.2671875 0.77166665 0.2671875 0.7875 0.2015625 0.8775 0.19791667 0.89916664 0.19947916 0.9141667 0.2078125 0.92833334 0.23697917 0.9375 0.2609375 0.9325 0.27604166 0.94666666 0.28177083 0.94166666 0.27604166 0.93333334 0.28385416 0.7891667 0.2875 0.7316667 0.290625 0.70666665 0.29114583 0.67583334 0.29583332 0.6641667 0.30364582 0.6566667 0.30885416 0.6575 0.31979167 0.69666666 0.32760417 0.70166665 0.33489582 0.7 0.353125 0.68583333 0.36458334 0.675 0.33697918 0.6666667 0.33072916 0.6625 0.32291666 0.6475 0.321875 0.6333333 0.3234375 0.6191667
17 0.61510414 0.6625 0.5859375 0.5975 0.5520833 0.535 0.54895836 0.54583335 0.51979166 0.72583336 0.5130208 0.7341667 0.50416666 0.7391667 0.46770832 0.72083336 0.4546875 0.7075 0.434375 0.70166665 0.42447916 0.69416666 0.42604166 0.7125 0.42708334 0.7525 0.42447916 0.8125 0.42604166 0.8208333 0.4328125 0.7991667 0.44010416 0.7866667 0.45520833 0.76916665 0.521875 0.73333335 0.5385417 0.7225 0.54583335 0.72083336 0.55625 0.72083336 0.5630208 0.7266667 0.56614584 0.7325 0.5708333 0.75 0.56822914 0.7575 0.571875 0.7583333 0.57395834 0.7633333 0.590625 0.74333334 0.621875 0.7108333 0.62395835 0.6958333 0.6234375 0.6816667
17 0.5640625 0.18583333 0.55677086 0.20833333 0.546875 0.23333333 0.53020835 0.25916666 0.5307292 0.2725 0.5375 0.285 0.5520833 0.29833335 0.58697915 0.3425 0.6177083 0.37416667 0.66302085 0.42666668 0.6770833 0.4425 0.68125 0.43833333 0.68072915 0.445 0.6901042 0.45416668 0.703125 0.46166667 0.71302086 0.46083334 0.721875 0.45083332 0.7494792 0.37666667 0.7583333 0.34083334 0.76458335 0.31 0.77552086 0.26333332 0.77447915 0.23666666 0.7708333 0.22416666 0.7578125 0.21416667 0.7546875 0.21583334 0.7546875 0.20833333 0.71770835 0.1825 0.678125 0.16 0.67395836 0.1675 0.66875 0.16666667 0.6588542 0.1525 0.6354167 0.108333334 0.62604165 0.10166667 0.61302084 0.100833334 0.609375 0.1025 0.58489585 0.145 0.57135415 0.17166667
