5 0.28802082 0.44416666 0.35260418 0.38083333 0.37395832 0.36333334 0.38020834 0.36333334 0.3890625 0.36916667 0.3921875 0.38 0.37916666 0.39 0.37395832 0.39916667 0.37447917 0.44083333 0.37083334 0.46 0.359375 0.50916666 0.3046875 0.47833332 0.28385416 0.46166667 0.2796875 0.45666668
21 0.4921875 0.6716667 0.51458335 0.74583334 0.5286458 0.7841667 0.5260417 0.7975 0.51927084 0.8066667 0.50572914 0.80916667 0.484375 0.795 0.478125 0.805 0.453125 0.855 0.43385416 0.88916665 0.42395833 0.8933333 0.4171875 0.8908333 0.40104166 0.8616667 0.3703125 0.795 0.3796875 0.8025 0.38802084 0.80083334 0.39427084 0.7875 0.4234375 0.7158333 0.44322917 0.65416664
16 0.41770834 0.36583334 0.4484375 0.38083333 0.47083333 0.38333333 0.51770836 0.3975 0.5630208 0.40916666 0.61302084 0.44083333 0.61145836 0.5416667 0.6078125 0.5416667 0.5963542 0.5416667 0.58802086 0.5475 0.5828125 0.56 0.584375 0.59 0.58958334 0.66083336 0.5885417 0.70666665 0.5828125 0.7075 0.540625 0.68916667 0.49114582 0.6716667 0.43697917 0.65166664 0.3609375 0.62583333 0.3453125 0.62083334 0.359375 0.50916666 0.37447917 0.44083333 0.37447917 0.39916667 0.37916666 0.39083335 0.396875 0.3775 0.4125 0.36833334
21 0.6265625 0.55833334 0.640625 0.5683333 0.6510417 0.57 0.6635417 0.56583333 0.67291665 0.56 0.6869792 0.55833334 0.71510416 0.56166667 0.76354164 0.5775 0.83697915 0.61083335 0.84375 0.62 0.8463542 0.6358333 0.8442708 0.65416664 0.8333333 0.71416664 0.81822914 0.81333333 0.8125 0.84583336 0.80885416 0.8541667 0.8 0.8591667 0.790625 0.85583335 0.74895835 0.8308333 0.725 0.81416667 0.6927083 0.77916664 0.66875 0.75166667 0.66041666 0.735 0.6567708 0.7391667 0.64427084 0.7583333 0.62916666 0.76666665 0.6197917 0.77 0.6067708 0.7725 0.5932292 0.7725 0.5859375 0.76666665 0.58489585 0.75166667 0.58802086 0.7175 0.58802086 0.7058333 0.58958334 0.6616667 0.5828125 0.5683333 0.5828125 0.56083333 0.5875 0.5475 0.596875 0.5416667 0.6125 0.5425
19 0.60572916 0.1875 0.6828125 0.26083332 0.66614586 0.31416667 0.65208334 0.3725 0.64947915 0.39166668 0.64375 0.41166666 0.62083334 0.48333332 0.615625 0.5083333 0.6171875 0.52166665 0.62135416 0.5341667 0.63125 0.5425 0.62604165 0.54833335 0.62083334 0.55083334 0.6125 0.5416667 0.61302084 0.48916668 0.61354166 0.4425 0.5619792 0.4075 0.51666665 0.39666668 0.578125 0.23333333 0.59479165 0.19 0.6 0.18583333
10 0.72291666 0.195 0.76458335 0.22583333 0.8015625 0.265 0.8265625 0.3 0.8354167 0.3175 0.8333333 0.32583332 0.8276042 0.33583334 0.8171875 0.3725 0.8072917 0.40166667 0.7984375 0.4175 0.78802085 0.4325 0.77708334 0.45 0.7729167 0.46083334 0.7729167 0.46666667 0.77760416 0.48 0.7734375 0.49 0.765625 0.5025 0.7578125 0.5233333 0.7546875 0.5516667 0.75104165 0.5733333 0.71770835 0.56333333 0.7083333 0.56 0.7083333 0.55333334 0.70989585 0.54333335 0.70729166 0.5325 0.6921875 0.53833336 0.6802083 0.5425 0.671875 0.5441667 0.6536458 0.5425 0.63177085 0.54333335 0.6302083 0.5425 0.62083334 0.5341667 0.6166667 0.52166665 0.615625 0.5083333 0.62083334 0.48416665 0.64947915 0.3925 0.65208334 0.37333333 0.665625 0.31666666 0.684375 0.25666666 0.69427085 0.22166666 0.70104164 0.20583333 0.71302086 0.19333333
12 0.28958333 0.16666667 0.38802084 0.1325 0.38229167 0.14 0.3765625 0.15333334 0.375 0.1675 0.3765625 0.18083334 0.38385418 0.195 0.40260416 0.22166666 0.40885416 0.2325 0.41354167 0.2475 0.43645832 0.295 0.3890625 0.3125 0.26614583 0.36333334 0.259375 0.32833335 0.24114583 0.1925 0.2421875 0.18833333 0.26822916 0.1775
18 0.5911458 0.05666667 0.6010417 0.071666665 0.61354166 0.09583333 0.615625 0.10916667 0.61354166 0.123333335 0.6078125 0.13416667 0.56875 0.18333334 0.5338542 0.22833334 0.52135414 0.24416667 0.51354164 0.24833333 0.5072917 0.25833333 0.4921875 0.28 0.47083333 0.31 0.46041667 0.3175 0.45 0.315 0.44479167 0.31 0.43697917 0.295 0.4140625 0.24916667 0.40885416 0.2325 0.40364584 0.2225 0.38385418 0.195 0.37604168 0.18 0.37447917 0.16833334 0.37708333 0.1525 0.3828125 0.13916667 0.38958332 0.13083333 0.39895833 0.12083333 0.409375 0.11 0.43333334 0.0775 0.44791666 0.08166666 0.4859375 0.125 0.51354164 0.155 0.5416667 0.18916667 0.5442708 0.1825 0.5864583 0.06333333
19 0.62135416 0.0 0.61354166 0.015833333 0.6010417 0.035 0.5911458 0.05666667 0.5864583 0.064166665 0.5416667 0.18916667 0.51666665 0.15916666 0.46458334 0.1 0.44895834 0.08166666 0.43333334 0.0775 0.42604166 0.07666667 0.4109375 0.0625 0.40416667 0.054166667 0.396875 0.055833332 0.39322916 0.051666666 0.37083334 0.013333334 0.37395832 0.0
2 0.81354165 0.0 0.778125 0.07083333 0.7609375 0.1025 0.68072915 0.0
20 0.14479166 0.31916666 0.20677084 0.3575 0.23958333 0.38833332 0.25520834 0.41083333 0.27395833 0.44416666 0.28385416 0.46083334 0.30364582 0.47666666 0.35989583 0.5083333 0.34635416 0.62 0.44322917 0.6525 0.42395833 0.715 0.39583334 0.78583336 0.38854167 0.79833335 0.3796875 0.8016667 0.36354166 0.78833336 0.30729166 0.73333335 0.225 0.655 0.18958333 0.60583335 0.1828125 0.5925 0.1796875 0.5808333 0.16875 0.5708333 0.1109375 0.525 0.09739583 0.51 0.0953125 0.49333334 0.103125 0.46916667 0.1203125 0.39916667 0.118229166 0.37166667 0.11666667 0.34666666 0.11875 0.33 0.12708333 0.32 0.13489583 0.31166667
