19 0.30885416 0.495 0.33072916 0.53583336 0.31979167 0.57166666 0.309375 0.62083334 0.3 0.67 0.31770834 0.68333334 0.34791666 0.71166664 0.3640625 0.7225 0.40572917 0.735 0.38229167 0.765 0.340625 0.83 0.33333334 0.84 0.32760417 0.8408333 0.3203125 0.8375 0.27239582 0.75 0.24479167 0.69666666 0.24114583 0.67083335 0.24166666 0.6425 0.259375 0.6175 0.30625 0.53583336 0.303125 0.49833333 0.30677083 0.49333334
16 0.18072917 0.21833333 0.21666667 0.24083333 0.2234375 0.24666667 0.228125 0.255 0.23020834 0.27166668 0.23489584 0.28916666 0.24270834 0.3025 0.25416666 0.32416666 0.27135417 0.36333334 0.2890625 0.4 0.29739583 0.43166667 0.30364582 0.49916667 0.30677083 0.53583336 0.2765625 0.5875 0.25989583 0.615 0.2421875 0.64166665 0.24322917 0.59583336 0.24322917 0.50916666 0.24322917 0.505 0.23958333 0.49916667 0.15364583 0.4975 0.1359375 0.49916667 0.0984375 0.4075 0.0828125 0.375 0.067708336 0.34166667 0.10572917 0.30166668 0.13333334 0.27166668 0.15 0.25416666 0.1640625 0.24083333 0.17552084 0.22333333
5 0.32552084 0.4825 0.33020833 0.49666667 0.33854166 0.5158333 0.33125 0.535 0.309375 0.49333334 0.31145832 0.49083334 0.32083333 0.48416665
10 0.35989583 0.35833332 0.3703125 0.3625 0.38072917 0.36833334 0.3859375 0.37666667 0.3875 0.38666666 0.3875 0.40083334 0.39010417 0.4075 0.39479166 0.40916666 0.4125 0.395 0.4296875 0.45416668 0.42135417 0.46583334 0.41666666 0.475 0.4140625 0.485 0.41354167 0.51416665 0.41927084 0.525 0.42447916 0.5275 0.44635418 0.525 0.47239584 0.5225 0.47291666 0.545 0.4703125 0.5908333 0.46302083 0.6641667 0.45625 0.72083336 0.453125 0.7325 0.44791666 0.74 0.44010416 0.74583334 0.40572917 0.7341667 0.36979166 0.72333336 0.36458334 0.72083336 0.346875 0.71 0.31822917 0.68333334 0.30052084 0.6691667 0.30833334 0.6275 0.3203125 0.57 0.33177084 0.535 0.33854166 0.515 0.3390625 0.5075 0.34010416 0.49833333 0.33645833 0.49166667 0.334375 0.48333332 0.33541667 0.47416666 0.34270832 0.4525 0.34375 0.43916667 0.34322917 0.40583333 0.34375 0.385 0.34791666 0.36416668 0.353125 0.35916665
20 0.5442708 0.62166667 0.5796875 0.5858333 0.62604165 0.53583336 0.65 0.51 0.66197914 0.515 0.66875 0.5225 0.68072915 0.5566667 0.7182292 0.6475 0.73229164 0.68333334 0.7317708 0.7 0.728125 0.715 0.6984375 0.74916667 0.66614586 0.78 0.6171875 0.81083333 0.55677086 0.8475 0.5328125 0.86583334 0.49947917 0.8908333 0.4671875 0.925 0.4359375 0.9583333 0.421875 0.97083336 0.41197917 0.97083336 0.40364584 0.9625 0.38645834 0.91583335 0.34947917 0.8175 0.38020834 0.7675 0.40572917 0.735 0.44010416 0.745 0.44739583 0.74083334 0.45364583 0.73083335 0.45625 0.7216667 0.46197918 0.67 0.4859375 0.6425 0.49739584 0.6325 0.5072917 0.63 0.52239585 0.63 0.5307292 0.63
5 0.56927085 0.5083333 0.58697915 0.5516667 0.5885417 0.55833334 0.58229166 0.5675 0.5640625 0.58 0.5296875 0.60333335 0.5072917 0.6166667 0.4890625 0.63916665 0.48385417 0.6458333 0.4625 0.67 0.4703125 0.5941667 0.47291666 0.54833335 0.47239584 0.5233333
18 0.6109375 0.505 0.6223958 0.54 0.60833335 0.55583334 0.5729167 0.5925 0.5453125 0.62 0.53020835 0.63 0.5078125 0.63 0.49895832 0.6325 0.49791667 0.62833333 0.50677085 0.6166667 0.5260417 0.605 0.58229166 0.5675 0.5885417 0.55916667 0.58697915 0.5516667 0.56927085 0.5083333
21 0.49635416 0.27 0.55677086 0.255 0.6010417 0.24583334 0.64270836 0.2575 0.6609375 0.26333332 0.67864585 0.27583334 0.71510416 0.3 0.7213542 0.3775 0.7239583 0.45916668 0.7203125 0.48 0.71302086 0.4875 0.7026042 0.48916668 0.65260416 0.5 0.6109375 0.50416666 0.56927085 0.5083333 0.47395834 0.5233333 0.47135416 0.5233333 0.42604166 0.5275 0.42135417 0.5258333 0.41875 0.5233333 0.41354167 0.5125 0.4140625 0.48416665 0.41822916 0.47083333 0.42135417 0.465 0.4296875 0.455 0.41354167 0.395 0.39895833 0.33166668 0.39895833 0.31833333 0.40520832 0.30416667 0.43489584 0.29 0.4875 0.27333334
0 0.6046875 0.041666668 0.603125 0.016666668 0.6015625 0.0 0.7875 0.0 0.771875 0.051666666 0.7640625 0.083333336 0.765625 0.1 0.75989586 0.175 0.753125 0.28166667 0.74895835 0.30583334 0.74583334 0.31666666 0.715625 0.30083334 0.6614583 0.26416665 0.6 0.24666667 0.57604164 0.245 0.5640625 0.24166666 0.56145835 0.2275 0.56666666 0.205 0.5875 0.123333335 0.59270835 0.09916667 0.6 0.060833335 0.60520834 0.05
2 0.4609375 0.23666666 0.34270832 0.0 0.5755208 0.0 0.603125 0.055 0.59947914 0.0625 0.59010416 0.11083333 0.57916665 0.1575 0.49375 0.27083334 0.48177084 0.27583334
12 0.12552084 0.50083333 0.15208334 0.4975 0.23958333 0.49916667 0.24322917 0.505 0.24375 0.52166665 0.24375 0.59 0.24166666 0.6675 0.2453125 0.7033333 0.25052083 0.865 0.2484375 0.87333333 0.24114583 0.87666667 0.15 0.86833334 0.14114584 0.86583334 0.140625 0.83916664 0.13697916 0.815 0.13645834 0.79583335 0.13645834 0.7808333 0.13489583 0.75166667 0.14010416 0.7033333 0.140625 0.67583334 0.13645834 0.6175 0.123958334 0.50416666
