14 0.66822916 0.35416666 0.65833336 0.36583334 0.64739585 0.37416667 0.640625 0.3775 0.63645834 0.3775 0.6453125 0.38916665 0.6666667 0.41333333 0.6901042 0.43916667 0.6947917 0.44666666 0.7 0.43916667 0.69739586 0.42 0.71197915 0.40666667 0.81041664 0.2575 0.82239586 0.2325 0.8364583 0.2225 0.8567708 0.2075 0.8567708 0.18 0.83125 0.15833333 0.80052084 0.14 0.7921875 0.13833334 0.7890625 0.17083333
14 0.7338542 0.51166666 0.7338542 0.5375 0.7213542 0.53 0.66979164 0.4775 0.6765625 0.465 0.6828125 0.46666667 0.6890625 0.46416667 0.69739586 0.44333333 0.70520836 0.42583334 0.7114583 0.40666667 0.8072917 0.26083332 0.82239586 0.23166667 0.82916665 0.22833334 0.85260415 0.25 0.8432292 0.27333334 0.83177084 0.28583333 0.8265625 0.29333332 0.775 0.41416666
14 0.534375 0.4025 0.5416667 0.39083335 0.55260414 0.40833333 0.57395834 0.435 0.5885417 0.4475 0.60364586 0.45333335 0.59947914 0.4725 0.59166664 0.48666668 0.58125 0.48666668 0.5708333 0.49666667 0.48697916 0.5825 0.41458333 0.665 0.40572917 0.685 0.378125 0.625 0.36302084 0.5908333 0.39791667 0.5725 0.4453125 0.5225 0.53541666 0.425 0.5395833 0.40916666
14 0.39114583 0.6566667 0.39322916 0.69083333 0.41145834 0.68583333 0.41927084 0.66833335 0.45208332 0.66583335 0.45052084 0.62416667 0.415625 0.6641667 0.40572917 0.68416667
14 0.44947916 0.77166665 0.453125 0.80333334 0.5208333 0.78333336 0.52760416 0.765 0.5260417 0.75083333 0.51979166 0.7366667 0.51354164 0.7175 0.50885415 0.6525 0.50208336 0.56666666 0.45 0.62416667 0.45364583 0.6975 0.45208332 0.7341667
14 0.50416666 0.5683333 0.5776042 0.5566667 0.5953125 0.55583334 0.60364586 0.5475 0.6119792 0.53833336 0.6197917 0.5375 0.61927086 0.56166667 0.6166667 0.6175 0.61822915 0.6591667 0.60833335 0.66 0.6010417 0.6425 0.5463542 0.65416664 0.515625 0.6616667 0.50885415 0.66083336 0.5026042 0.57
14 0.58229166 0.4875 0.5864583 0.51916665 0.59010416 0.5525 0.575 0.5541667 0.56875 0.5425 0.5598958 0.53833336 0.53697914 0.54083335 0.52708334 0.5416667
14 0.42447916 0.4075 0.459375 0.39833334 0.471875 0.3925 0.4859375 0.395 0.4984375 0.405 0.50208336 0.40916666 0.5015625 0.42333335 0.49322918 0.435 0.48854166 0.44583333 0.49114582 0.47333333 0.44010416 0.5275 0.4375 0.4775 0.43125 0.46583334 0.42916667 0.45083332 0.42552084 0.43333334 0.42395833 0.4225
14 0.36770833 0.45916668 0.375 0.46166667 0.38072917 0.48333332 0.4359375 0.47666666 0.43802083 0.48 0.440625 0.5283333 0.40885416 0.5625 0.39427084 0.56166667 0.38541666 0.57 0.36614582 0.58 0.36770833 0.5625
14 0.7447917 0.15166667 0.7760417 0.0525 0.7953125 0.061666667 0.79791665 0.06916667 0.796875 0.0825 0.8328125 0.11666667 0.9635417 0.2325 0.97760415 0.23166667 0.975 0.2425 0.93854165 0.33416668 0.9348958 0.32666665 0.93177086 0.31 0.925 0.305 0.834375 0.225 0.85052085 0.2125 0.85625 0.20833333 0.85625 0.18166667 0.83489585 0.16083333 0.8177083 0.14916667 0.803125 0.14166667 0.7916667 0.13833334 0.7890625 0.17 0.77916664 0.17 0.778125 0.16833334 0.76145834 0.16833334 0.7526042 0.16166666 0.74583334 0.15416667
