14 0.4125 0.6641667 0.42239583 0.6825 0.4328125 0.6675 0.4328125 0.665
14 0.46041667 0.5733333 0.45729166 0.57416666 0.44791666 0.5683333 0.440625 0.56416667 0.43333334 0.5625 0.4296875 0.5491667 0.42083332 0.53583336 0.40625 0.5441667 0.40052083 0.55083334 0.39479166 0.5566667 0.39270833 0.53833336 0.39010417 0.51416665 0.3890625 0.5075 0.3875 0.49583334 0.38645834 0.49 0.38541666 0.48333332 0.384375 0.47916666 0.334375 0.39916667 0.32291666 0.38166666 0.315625 0.36666667 0.31197917 0.36583334 0.30572918 0.35833332 0.31197917 0.34166667 0.30729166 0.3375 0.30260417 0.33916667 0.29375 0.33916667 0.29114583 0.345 0.28333333 0.35916665 0.27604166 0.3675 0.27291667 0.36916667 0.26145834 0.39166668 0.25 0.415 0.25416666 0.42416668 0.26145834 0.42416668 0.26614583 0.43166667 0.27395833 0.4375 0.278125 0.43583333 0.32552084 0.5158333 0.35677084 0.56583333 0.3921875 0.57166666 0.41302082 0.57666665 0.446875 0.5725 0.45729166 0.5758333 0.453125 0.58916664 0.43229166 0.6408333 0.43541667 0.645 0.44114584 0.65 0.47552082 0.5966667 0.4625 0.57666665
14 0.43385416 0.5341667 0.45729166 0.57 0.471875 0.58916664 0.4921875 0.61333334 0.4953125 0.62166667 0.5140625 0.6191667 0.5109375 0.5825 0.51458335 0.5775 0.521875 0.57416666 0.52760416 0.55916667 0.5151042 0.5541667 0.503125 0.53583336 0.49114582 0.5233333 0.45572916 0.5308333
14 0.44583333 0.30333334 0.43333334 0.30916667 0.39010417 0.36916667 0.43802083 0.43666667 0.44739583 0.4375 0.50364584 0.43083334 0.46458334 0.35833332 0.4578125 0.33333334 0.45416668 0.3225 0.45416668 0.31416667
14 0.5671875 0.5366667 0.5515625 0.5125 0.49791667 0.52 0.49479166 0.5233333 0.509375 0.54333335 0.5151042 0.555 0.52760416 0.55916667 0.521875 0.575 0.5338542 0.5933333 0.5395833 0.61083335 0.5442708 0.6225 0.54270834 0.635 0.5463542 0.6433333 0.57708335 0.6 0.58229166 0.5883333
14 0.5630208 0.5208333 0.5598958 0.51 0.60572916 0.50333333 0.6119792 0.5083333 0.61510414 0.5158333 0.6177083 0.5183333 0.621875 0.5208333 0.6244792 0.5375 0.6322917 0.55583334 0.6375 0.55833334 0.6432292 0.57166666 0.64947915 0.5908333 0.6197917 0.61583334 0.58697915 0.64166665 0.5854167 0.63 0.5875 0.60083336 0.58229166 0.5875
14 0.675 0.39083335 0.67552084 0.425 0.67604166 0.4275 0.68125 0.3975 0.67864585 0.3975
14 0.5104167 0.665 0.5 0.67333335 0.5015625 0.695 0.49635416 0.7 0.48489583 0.70666665 0.51979166 0.7033333 0.51666665 0.68583333 0.51354164 0.675
14 0.38385418 0.78833336 0.33958334 0.8233333 0.32760417 0.82416666 0.31197917 0.8258333 0.31197917 0.84166664 0.31458333 0.8516667 0.31614584 0.86583334 0.32864583 0.92 0.33854166 0.9433333 0.3546875 0.9216667 0.35416666 0.8983333 0.384375 0.8833333 0.48177084 0.8066667 0.396875 0.81 0.39010417 0.83 0.3828125 0.83416665 0.38177082 0.83
14 0.38177082 0.70166665 0.38385418 0.7841667 0.38177082 0.8308333 0.3828125 0.83416665 0.390625 0.82916665 0.396875 0.81 0.496875 0.8041667 0.5677083 0.79083335 0.57604164 0.79 0.59010416 0.7975 0.59479165 0.805 0.60260415 0.8125 0.6171875 0.80916667 0.6203125 0.76916665 0.61822915 0.74583334 0.61875 0.73833334 0.61614585 0.71166664 0.60625 0.6933333 0.6109375 0.6875 0.603125 0.68583333 0.5885417 0.69916666 0.51927084 0.7033333 0.45833334 0.7108333 0.39947918 0.7158333 0.38802084 0.70666665
14 0.55625 0.25333333 0.5104167 0.29 0.4984375 0.30083334 0.4953125 0.315 0.5005208 0.3325 0.51354164 0.3475 0.5208333 0.36166668 0.52447915 0.37 0.5375 0.42583334 0.58802086 0.41583332 0.5942708 0.41166666 0.5640625 0.30666667 0.5671875 0.28083333 0.559375 0.255
14 0.61510414 0.17583333 0.59479165 0.29333332 0.61302084 0.30166668 0.621875 0.295 0.62916666 0.28833333 0.6411458 0.29916668 0.66302085 0.30833334 0.6869792 0.32 0.68645835 0.29083332 0.6890625 0.27333334 0.69322914 0.26333332 0.70625 0.26583335 0.7109375 0.27583334 0.7239583 0.2825 0.7296875 0.275 0.7625 0.285 0.7651042 0.2925 0.76145834 0.3175 0.7484375 0.33666667 0.7473958 0.3475 0.80625 0.37166667 0.8125 0.38416666 0.81458336 0.39333335 0.81822914 0.3925 0.82395834 0.37666667 0.8453125 0.27666667 0.8333333 0.27333334 0.8151042 0.27333334 0.8072917 0.27833334 0.7026042 0.23416667 0.6479167 0.20916666 0.6375 0.19916667 0.63072914 0.18416667
14 0.6510417 0.58916664 0.6197917 0.6166667 0.61041665 0.62333333 0.6166667 0.68 0.63854164 0.66 0.6328125 0.6533333 0.63697916 0.625 0.64739585 0.5975
14 0.67552084 0.43666667 0.659375 0.54583335 0.6557292 0.5833333 0.646875 0.5991667 0.63645834 0.625 0.6328125 0.6533333 0.64427084 0.6558333 0.678125 0.66583335 0.7005208 0.675 0.70520836 0.68416667 0.715625 0.6558333 0.70677084 0.6308333 0.72083336 0.5425 0.73802084 0.41 0.7484375 0.33666667 0.7494792 0.335 0.76145834 0.31666666 0.7651042 0.29333332 0.7625 0.28583333 0.7296875 0.275 0.7234375 0.2825 0.7109375 0.27583334 0.70625 0.26583335 0.69375 0.26333332 0.6890625 0.27333334 0.68645835 0.29083332 0.6869792 0.32 0.690625 0.33166668
14 0.7338542 0.5441667 0.71770835 0.56416667 0.7338542 0.44166666 0.734375 0.48583335 0.7348958 0.515
14 0.64479166 0.76 0.62916666 0.7608333 0.62708336 0.7675 0.621875 0.7675 0.61822915 0.745 0.61927086 0.7366667 0.6166667 0.7108333
14 0.68125 0.7366667 0.684375 0.75083333 0.684375 0.75666666 0.67083335 0.755 0.6713542 0.7475
14 0.73854166 0.66 0.6848958 0.7316667 0.68333334 0.73833334 0.6875 0.765 0.69166666 0.75916666 0.7453125 0.75166667 0.75 0.74916667 0.7505208 0.73333335 0.7526042 0.7325 0.74322915 0.69416666 0.7395833 0.67833334
14 0.8020833 0.47833332 0.7734375 0.5 0.7338542 0.545 0.7171875 0.56416667 0.70677084 0.6308333 0.715625 0.6558333 0.7046875 0.685 0.7005208 0.675 0.678125 0.66583335 0.6333333 0.6533333 0.6390625 0.66 0.6166667 0.68 0.6067708 0.6933333 0.64479166 0.7608333 0.6458333 0.7683333 0.65416664 0.7825 0.6703125 0.7683333 0.6713542 0.7475 0.68177086 0.7366667 0.690625 0.7241667 0.7505208 0.6433333 0.82239586 0.55083334 0.83020836 0.5475 0.8364583 0.55 0.85 0.5391667 0.8276042 0.4975 0.815625 0.485
14 0.7984375 0.4725 0.79010415 0.47 0.7828125 0.475 0.78541666 0.49 0.8020833 0.4775
14 0.82239586 0.45083332 0.8 0.47416666 0.80364585 0.47916666 0.815625 0.485 0.8255208 0.49333334 0.83697915 0.47833332 0.8390625 0.47 0.83020836 0.45333335
14 0.8598958 0.555 0.8484375 0.5258333 0.83802086 0.4975 0.8333333 0.48333332 0.82447916 0.49416667 0.82916665 0.50083333 0.85 0.53833336 0.8359375 0.55083334 0.83020836 0.5475 0.8229167 0.55083334 0.80104166 0.57916665 0.8609375 0.7375 0.8828125 0.80083334 0.8859375 0.83 0.89739585 0.8525 0.92395836 0.8183333 0.94375 0.7916667 0.94166666 0.775 0.94114584 0.765 0.94114584 0.7583333 0.93125 0.745
14 0.35677084 0.31416667 0.3546875 0.32083333 0.353125 0.35916665 0.35208333 0.35416666 0.34739584 0.355 0.34739584 0.35166666 0.3390625 0.3675 0.3375 0.37166667 0.34114584 0.40083334 0.34427083 0.40416667 0.38489583 0.4625 0.3859375 0.45083332 0.38541666 0.44416666 0.38489583 0.43166667 0.39166668 0.43 0.39739582 0.43 0.40208334 0.43333334 0.4078125 0.43416667 0.415625 0.44 0.4265625 0.43916667 0.4359375 0.43833333 0.41302082 0.4025 0.38645834 0.36416668 0.378125 0.35 0.35885417 0.3325 0.35677084 0.325 0.35572916 0.32083333
14 0.521875 0.4275 0.503125 0.43083334 0.4453125 0.43833333 0.43541667 0.43833333 0.415625 0.44 0.4078125 0.43333334 0.40260416 0.43416667 0.39739582 0.42916667 0.39114583 0.43 0.38489583 0.43166667 0.3859375 0.45083332 0.3859375 0.45333335 0.38541666 0.46833333 0.3859375 0.485 0.3859375 0.49 0.3875 0.49583334 0.3890625 0.5083333 0.39010417 0.5133333 0.39479166 0.5575 0.40677083 0.5441667 0.42083332 0.53583336 0.42552084 0.53583336 0.43229166 0.5325 0.446875 0.5325 0.49583334 0.52166665 0.49791667 0.5208333 0.60572916 0.5025 0.6119792 0.5083333 0.61510414 0.5158333 0.6171875 0.5183333 0.62135416 0.52 0.6255208 0.5233333 0.625 0.49 0.62604165 0.45583335 0.625 0.43333334 0.62083334 0.4075 0.6197917 0.39583334 0.6166667 0.39666668 0.6046875 0.40416667 0.59375 0.41166666 0.58802086 0.41583332 0.53333336 0.42666668
14 0.6588542 0.3875 0.653125 0.38666666 0.63854164 0.3925 0.625 0.39833334 0.62083334 0.4 0.6203125 0.4075 0.625 0.43333334 0.62604165 0.45833334 0.625 0.485 0.6255208 0.5233333 0.621875 0.52 0.6244792 0.53833336 0.6322917 0.55583334 0.6375 0.55833334 0.64479166 0.5775 0.6489583 0.59 0.6515625 0.58916664 0.65520835 0.5833333 0.65989584 0.5425 0.6578125 0.5325 0.65208334 0.475 0.65052086 0.44333333 0.6510417 0.43333334 0.6510417 0.42416668 0.6578125 0.42166665 0.66041666 0.41416666 0.65989584 0.4
14 0.23854166 0.53 0.2359375 0.5425 0.234375 0.5725 0.228125 0.64416665 0.24375 0.6433333 0.24375 0.63916665 0.26302084 0.64166665 0.3140625 0.6508333 0.409375 0.6641667 0.41927084 0.6641667 0.44791666 0.6641667 0.44947916 0.65833336 0.43541667 0.64666665 0.43229166 0.6408333 0.453125 0.5883333 0.45729166 0.5758333 0.446875 0.5725 0.41302082 0.57666665 0.38958332 0.5708333 0.25364584 0.55 0.25052083 0.54833335 0.25416666 0.5391667 0.24375 0.53333336
