8 0.09947917 0.125 0.11145833 0.18083334 0.121875 0.195 0.1421875 0.22583333 0.1265625 0.25083333 0.13125 0.27583334 0.13541667 0.2975 0.13854167 0.31833333 0.14010416 0.34833333 0.14427084 0.34916666 0.14114584 0.3525 0.1453125 0.38666666 0.15052083 0.42 0.15833333 0.42833334 0.1640625 0.4325 0.19739583 0.41916665 0.24166666 0.39666668 0.2734375 0.37166667 0.28229168 0.35166666 0.27864584 0.33333334 0.26875 0.29 0.26666668 0.27666667 0.2578125 0.24 0.25260416 0.22083333 0.24270834 0.15083334 0.2359375 0.115833335 0.2296875 0.0675 0.221875 0.05666667 0.2171875 0.055833332 0.19479166 0.068333335 0.16979167 0.08166666 0.15729167 0.090833336 0.1390625 0.09583333 0.1296875 0.096666664 0.11145833 0.100833334 0.1046875 0.1075 0.1015625 0.11333334
8 0.0171875 0.6225 0.0067708334 0.5225 0.0 0.45 0.0 0.39 0.00625 0.38833332 0.027083334 0.36916667 0.034895834 0.37083334 0.059375 0.3775 0.0671875 0.36833334 0.07604167 0.35166666 0.11875 0.325 0.12604167 0.33 0.1328125 0.33916667 0.14270833 0.41 0.14791666 0.45666668 0.1484375 0.47583333 0.16041666 0.54333335 0.16510417 0.5758333 0.16302083 0.58416665 0.1328125 0.64 0.12864584 0.64916664 0.1140625 0.67333335 0.10104167 0.6975 0.09583333 0.6975 0.056770835 0.7133333 0.0375 0.7191667 0.028645834 0.71666664 0.01875 0.7058333 0.017708333 0.6358333 0.023958333 0.6308333 0.022395832 0.62583333 0.0171875 0.62916666
8 0.0375 0.8258333 0.0 0.75666666 0.0 0.6075 0.0140625 0.59583336 0.016666668 0.62916666 0.0234375 0.62583333 0.025 0.63 0.017708333 0.6358333 0.019270834 0.70666665 0.028645834 0.71666664 0.038541667 0.72 0.090625 0.69916666 0.10104167 0.69666666 0.1140625 0.67333335 0.123958334 0.7225 0.1 0.7658333 0.09322917 0.7633333 0.09583333 0.76916665 0.080729164 0.79333335 0.058333334 0.8258333 0.0484375 0.8275
8 0.14947917 0.46583334 0.15572916 0.48 0.159375 0.49083334 0.16145833 0.4975 0.16197917 0.50916666 0.1703125 0.51916665 0.17083333 0.5441667 0.1734375 0.59583336 0.175 0.62166667 0.16145833 0.6275 0.13333334 0.64 0.1625 0.5858333 0.165625 0.57666665 0.15833333 0.5325 0.1484375 0.47416666 0.1484375 0.465
8 0.12447917 0.7225 0.1296875 0.7416667 0.13333334 0.7416667 0.13229166 0.7475 0.14114584 0.7683333 0.14791666 0.78583336 0.153125 0.80583334 0.1546875 0.82666665 0.15729167 0.85083336 0.1640625 0.87166667 0.165625 0.8858333 0.16875 0.92 0.17395833 0.9658333 0.17395833 0.97833335 0.17708333 0.98583335 0.18229167 0.9916667 0.1921875 0.9916667 0.1984375 0.9875 0.20572917 0.9791667 0.22239584 0.9683333 0.2453125 0.96416664 0.28229168 0.9475 0.2984375 0.93833333 0.3046875 0.9225 0.30572918 0.9058333 0.30364582 0.8883333 0.2984375 0.8566667 0.29479167 0.845 0.28958333 0.8066667 0.278125 0.7575 0.27239582 0.735 0.2703125 0.7216667 0.26770833 0.6958333 0.26614583 0.68416667 0.265625 0.6825 0.2609375 0.68333334 0.26145834 0.68 0.2640625 0.68 0.26041666 0.6716667 0.2546875 0.66083336 0.25104168 0.6325 0.24739583 0.62 0.23020834 0.6016667 0.21770833 0.6075 0.17604166 0.62166667 0.1328125 0.64 0.12552084 0.655 0.1140625 0.67333335 0.116145834 0.68416667 0.1234375 0.7175
8 0.20052083 0.45833334 0.22916667 0.46166667 0.2515625 0.46666667 0.28020832 0.46416667 0.3 0.46666667 0.30625 0.47583333 0.31041667 0.48583335 0.30625 0.55 0.30260417 0.62333333 0.30260417 0.69666666 0.29739583 0.7058333 0.29583332 0.71666664 0.2953125 0.72333336 0.3046875 0.7966667 0.30104166 0.8066667 0.29583332 0.815 0.29166666 0.81916666 0.29010418 0.805 0.27239582 0.73333335 0.26614583 0.6825 0.2609375 0.68333334 0.26145834 0.68 0.2640625 0.68 0.2546875 0.6616667 0.2515625 0.63166666 0.24739583 0.62 0.23020834 0.6016667 0.20833333 0.61083335 0.175 0.62166667 0.17135416 0.54333335 0.1703125 0.5175 0.16927083 0.47666666 0.17447917 0.46583334 0.1796875 0.45916668 0.1828125 0.45916668 0.19270833 0.45916668
8 0.35208333 0.2625 0.36041668 0.295 0.37291667 0.34166667 0.37708333 0.36166668 0.39375 0.3925 0.4015625 0.41083333 0.40104166 0.42083332 0.39270833 0.4375 0.37760416 0.44666666 0.3578125 0.465 0.34739584 0.47 0.33229166 0.47833332 0.32135418 0.48666668 0.309375 0.50666666 0.31041667 0.485 0.3 0.46583334 0.28125 0.465 0.24895833 0.46583334 0.21302083 0.46 0.20260416 0.45916668 0.18020834 0.45916668 0.17395833 0.46666667 0.16145833 0.4325 0.1640625 0.4325 0.19895834 0.41833332 0.24114583 0.39666668 0.27395833 0.3725 0.28229168 0.35166666 0.27552083 0.3175 0.28072917 0.31416667 0.303125 0.28666666 0.3359375 0.25416666 0.34583333 0.255
8 0.28802082 0.9458333 0.29114583 0.95916665 0.29322916 1.0 0.40625 1.0 0.42291668 0.9875 0.465625 0.9558333 0.41875 0.97333336 0.36770833 0.9891667 0.365625 0.94083333 0.36770833 0.9325 0.36354166 0.9216667 0.36354166 0.89916664 0.33333334 0.91333336 0.32395834 0.9091667 0.31614584 0.89916664 0.30989584 0.85083336 0.29947916 0.85833335 0.30572918 0.9 0.30520833 0.9191667 0.3 0.9375
8 0.30885416 0.6925 0.34635416 0.6825 0.34791666 0.71416664 0.35989583 0.81083333 0.365625 0.8616667 0.36458334 0.8983333 0.334375 0.91333336 0.32239583 0.90833336 0.31614584 0.8975 0.30989584 0.84583336 0.30364582 0.7891667 0.2953125 0.7216667 0.29739583 0.70666665 0.303125 0.69666666
8 0.36197916 0.65833336 0.38697916 0.6566667 0.39739582 0.6558333 0.43177083 0.6408333 0.45729166 0.63166666 0.46770832 0.6325 0.47604167 0.64166665 0.47916666 0.6591667 0.48229167 0.7083333 0.4875 0.8125 0.48645833 0.8325 0.4890625 0.85083336 0.496875 0.87166667 0.50208336 0.8833333 0.5 0.88416666 0.4984375 0.89166665 0.50364584 0.89166665 0.5072917 0.915 0.5109375 0.9266667 0.5109375 0.935 0.4890625 0.9433333 0.46510416 0.9558333 0.43020833 0.9691667 0.40833333 0.9766667 0.36770833 0.98833334 0.365625 0.94166666 0.36822918 0.9325 0.3640625 0.92333335 0.3640625 0.89916664 0.36614582 0.8625 0.35572916 0.775 0.34791666 0.71416664 0.346875 0.68083334 0.35052082 0.67083335 0.35520834 0.6616667
8 0.3359375 0.053333335 0.34479168 0.0 0.48020834 0.0 0.4765625 0.02 0.4734375 0.02 0.4734375 0.0225 0.47552082 0.025 0.46927083 0.053333335 0.4640625 0.07833333 0.45729166 0.104166664 0.45260417 0.12166667 0.45104167 0.13083333 0.45052084 0.14083333 0.45 0.16 0.44375 0.2 0.43854168 0.22583333 0.43125 0.2375 0.4234375 0.24 0.40885416 0.235 0.384375 0.22416666 0.375 0.22 0.35416666 0.21833333 0.32552084 0.21 0.31927082 0.20416667 0.31458333 0.1925 0.31302083 0.18083334 0.32447916 0.12 0.33229166 0.086666666 0.334375 0.064166665
8 0.37604168 0.47166666 0.36770833 0.4925 0.36770833 0.505 0.36979166 0.5208333 0.38229167 0.5316667 0.40989584 0.55583334 0.42135417 0.57166666 0.43541667 0.57666665 0.44114584 0.58666664 0.4453125 0.60333335 0.45833334 0.62083334 0.46354166 0.61 0.47760418 0.60583335 0.49583334 0.5566667 0.5125 0.5275 0.54010415 0.47083333 0.53802085 0.4575 0.54114586 0.44666666 0.59166664 0.365 0.5875 0.34416667 0.5776042 0.32916668 0.5385417 0.28083333 0.50885415 0.245 0.49947917 0.23666666 0.49010417 0.2375 0.48177084 0.24583334 0.47083333 0.26916668 0.45833334 0.29666665 0.459375 0.3025 0.4546875 0.30166668 0.44583333 0.32333332 0.4234375 0.3725 0.40208334 0.42 0.3875 0.44916666
8 0.5130208 0.82416666 0.49739584 0.83166665 0.4859375 0.835 0.48802084 0.81333333 0.48020834 0.6666667 0.4765625 0.6408333 0.4671875 0.63 0.46302083 0.63 0.4953125 0.6175 0.50208336 0.62 0.5046875 0.63416666 0.5125 0.6475 0.5208333 0.7125 0.53125 0.78833336 0.5375 0.80083334 0.5359375 0.81083333 0.52708334 0.8175
8 0.49895832 0.59583336 0.47708333 0.6075 0.4625 0.61083335 0.45833334 0.62166667 0.45625 0.63166666 0.46197918 0.63166666 0.46302083 0.63 0.4953125 0.6175 0.5015625 0.6191667
8 0.59375 0.6458333 0.60520834 0.70166665 0.6171875 0.76416665 0.625 0.79083335 0.63072914 0.8175 0.6067708 0.83166665 0.5619792 0.85833335 0.5052083 0.8925 0.49583334 0.85833335 0.49583334 0.8466667 0.49791667 0.8425 0.496875 0.83166665 0.5265625 0.8183333 0.5359375 0.8125 0.53802085 0.80083334 0.53125 0.78833336 0.51927084 0.69916666 0.5125 0.64666665 0.5171875 0.65166664 0.5265625 0.65416664 0.546875 0.65416664 0.56354165 0.6508333 0.57239586 0.64916664 0.58385414 0.6475
8 0.49166667 0.1175 0.49739584 0.06333333 0.5005208 0.0625 0.49895832 0.0575 0.5046875 0.0 0.59375 0.0 0.628125 0.01 0.63385415 0.0275 0.62604165 0.09583333 0.6223958 0.09833334 0.62395835 0.1025 0.62135416 0.12083333 0.609375 0.18416667 0.60572916 0.21166667 0.6020833 0.23666666 0.5963542 0.27416667 0.590625 0.295 0.5864583 0.33916667 0.5494792 0.29416665 0.509375 0.245 0.5005208 0.23583333 0.48958334 0.23666666 0.48020834 0.2475 0.46458334 0.27833334 0.475 0.22333333 0.4875 0.145
8 0.6489583 0.63666666 0.62291664 0.63916665 0.59375 0.645 0.54479164 0.6533333 0.51927084 0.6525 0.5078125 0.64166665 0.50416666 0.635 0.4984375 0.5925 0.49739584 0.5541667 0.52447915 0.50333333 0.54010415 0.4725 0.55625 0.4975 0.56875 0.5183333 0.5885417 0.54 0.60625 0.5683333 0.61510414 0.58416665 0.6223958 0.5925 0.62708336 0.5975 0.63385415 0.5966667 0.64427084 0.59 0.66302085 0.5541667 0.6640625 0.56416667 0.66510415 0.58416665 0.6567708 0.5941667 0.65208334 0.6016667 0.65208334 0.61083335
8 0.65989584 0.23333333 0.6359375 0.28416666 0.6119792 0.32916668 0.6 0.35666665 0.5911458 0.3675 0.56041664 0.415 0.540625 0.44833332 0.53802085 0.45916668 0.540625 0.4725 0.55572915 0.49583334 0.56927085 0.51916665 0.5911458 0.5425 0.6177083 0.5858333 0.6265625 0.59833336 0.6322917 0.5966667 0.64479166 0.58916664 0.6625 0.5541667 0.66979164 0.545 0.66822916 0.5391667 0.671875 0.5366667 0.68645835 0.50083333 0.69635415 0.46 0.70677084 0.42833334 0.7161458 0.3825 0.721875 0.36333334 0.72552085 0.33583334 0.72864586 0.3275 0.7375 0.31916666 0.72447914 0.30083334 0.71302086 0.28083333 0.6979167 0.26333332 0.6890625 0.26583335 0.68072915 0.26333332 0.6723958 0.25583333 0.6645833 0.245 0.6635417 0.23
8 0.65 0.6408333 0.64947915 0.68833333 0.65 0.7158333 0.6479167 0.7425 0.6453125 0.7941667 0.6453125 0.81083333 0.6432292 0.8333333 0.6458333 0.8383333 0.6421875 0.83916664 0.640625 0.86333334 0.6411458 0.9125 0.64427084 0.9216667 0.6515625 0.93333334 0.68385416 0.93583333 0.7395833 0.93833333 0.76354164 0.94083333 0.76927084 0.935 0.77447915 0.9241667 0.775 0.88166666 0.7729167 0.87333333 0.7703125 0.84833336 0.7661458 0.845 0.7703125 0.8425 0.76875 0.81166667 0.765625 0.79333335 0.765625 0.7708333 0.76666665 0.7475 0.76458335 0.7225 0.7630208 0.7083333 0.76458335 0.695 0.71979165 0.66833335 0.6765625 0.6408333 0.665625 0.63 0.66041666 0.61833334 0.659375 0.60333335 0.6645833 0.585 0.65208334 0.6 0.65208334 0.605 0.65052086 0.62416667
8 0.74583334 0.32 0.7609375 0.33166668 0.7708333 0.34083334 0.77552086 0.35166666 0.78489584 0.36 0.8197917 0.37833333 0.8333333 0.39083335 0.83958334 0.40916666 0.8375 0.43 0.82395834 0.47833332 0.8151042 0.50083333 0.81354165 0.51 0.80885416 0.54583335 0.8 0.56916666 0.7973958 0.585 0.79583335 0.61833334 0.79010415 0.62 0.7942708 0.62416667 0.79010415 0.65 0.7890625 0.6725 0.7828125 0.69166666 0.7765625 0.6983333 0.77239585 0.6983333 0.7625 0.6933333 0.72447914 0.67083335 0.67552084 0.64 0.665625 0.63 0.66041666 0.6191667 0.65989584 0.60083336 0.6671875 0.5775 0.6744792 0.5441667 0.67760414 0.5416667 0.6765625 0.53 0.68645835 0.5025 0.69635415 0.45833334 0.70625 0.4325 0.7161458 0.38333333 0.721875 0.365 0.725 0.33833334 0.72864586 0.32833335 0.73802084 0.31833333
8 0.7213542 0.0175 0.740625 0.034166668 0.7630208 0.0525 0.7739583 0.0625 0.78125 0.075 0.8046875 0.08916666 0.828125 0.10666667 0.828125 0.115833335 0.809375 0.1575 0.8046875 0.175 0.7828125 0.23083334 0.7807292 0.24083333 0.7734375 0.24583334 0.7729167 0.25083333 0.7760417 0.26083332 0.77916664 0.26833335 0.775 0.285 0.7640625 0.2925 0.74791664 0.29416665 0.7296875 0.28416666 0.71979165 0.28 0.715625 0.27083334 0.70989585 0.26416665 0.70104164 0.2625 0.6953125 0.26416665 0.6875 0.26666668 0.68072915 0.26416665 0.66979164 0.2525 0.6645833 0.24416667 0.6645833 0.22833334 0.6822917 0.16333333 0.6979167 0.1175 0.7057292 0.083333336 0.703125 0.0725 0.703125 0.05666667 0.71197915 0.030833334 0.7161458 0.020833334
8 0.6645833 0.5708333 0.66302085 0.55333334 0.6692708 0.545 0.66822916 0.5391667 0.671875 0.53583336 0.68541664 0.50333333 0.68541664 0.505 0.6765625 0.5308333 0.6770833 0.5416667 0.6744792 0.5441667 0.66510415 0.5825
8 0.0359375 0.07 0.051041666 0.0875 0.058333334 0.0975 0.079166666 0.13416667 0.091145836 0.15166667 0.108333334 0.17916666 0.121875 0.195 0.14114584 0.22666667 0.121875 0.25833333 0.11354167 0.27083334 0.104166664 0.27083334 0.09947917 0.26833335 0.07760417 0.29166666 0.069270834 0.30416667 0.059375 0.31833333 0.047916666 0.32916668 0.029166667 0.35333332 0.005729167 0.3875 0.0 0.38916665 0.0 0.13083333 0.020833334 0.100833334 0.023958333 0.086666666 0.028125 0.07666667 0.032291666 0.07333333
