5 0.15729167 0.80333334 0.075520836 0.8725 0.061979167 0.9033333 0.056770835 0.9166667 0.044270832 0.925 0.0 0.8183333 0.0 0.74 0.009895833 0.75 0.030729167 0.78333336 0.048958335 0.7158333 0.05 0.7108333 0.075 0.65166664 0.10104167 0.58916664 0.116145834 0.55333334 0.13177083 0.5108333 0.14479166 0.5025 0.16510417 0.5575 0.18072917 0.60333335 0.1859375 0.62 0.1765625 0.62 0.17291667 0.63166666 0.17864583 0.66083336 0.1734375 0.70666665 0.16666667 0.7966667
1 0.1640625 0.83166665 0.15677084 0.8775 0.15364583 0.9216667 0.15416667 0.9325 0.16041666 0.94 0.1671875 0.9433333 0.17291667 0.9375 0.16354166 0.9316667 0.16510417 0.9241667 0.2484375 0.94 0.24739583 0.9175 0.24322917 0.8825 0.26302084 0.735 0.27291667 0.6741667 0.28489584 0.6383333 0.27708334 0.62833333 0.271875 0.6383333 0.26666668 0.64916664 0.25625 0.64916664 0.23177083 0.6383333 0.18541667 0.62 0.1765625 0.62 0.17291667 0.63166666 0.17864583 0.66083336 0.1734375 0.70666665 0.16822916 0.77666664 0.16614583 0.80333334
1 0.6703125 0.6591667 0.7546875 0.62 0.7875 0.5908333 0.81614584 0.56166667 0.82447916 0.5933333 0.8484375 0.73833334 0.8463542 0.7475 0.8354167 0.7441667 0.8197917 0.74083334 0.7671875 0.765 0.7015625 0.7991667 0.66822916 0.81083333 0.65989584 0.8525 0.653125 0.86083335 0.6458333 0.83416665 0.63854164 0.7925 0.62916666 0.7708333 0.6125 0.67833334 0.6171875 0.6691667 0.6234375 0.6741667 0.634375 0.67833334 0.65625 0.66583335
5 0.7453125 0.50166667 0.7046875 0.5525 0.684375 0.5833333 0.67864585 0.60083336 0.67083335 0.5925 0.66197914 0.56166667 0.6536458 0.58 0.6557292 0.62416667 0.665625 0.66083336 0.71510416 0.6383333 0.7546875 0.62 0.7890625 0.59 0.79791665 0.5808333 0.78333336 0.5683333 0.76458335 0.5366667 0.74895835 0.5058333
5 0.75208336 0.49916667 0.8307292 0.56 0.82239586 0.585 0.81614584 0.5625 0.79791665 0.5808333 0.7838542 0.56916666 0.7640625 0.5366667 0.74895835 0.5058333 0.7348958 0.48833334
5 0.8411458 0.59833336 0.88697916 0.7058333 0.89947915 0.75 0.87916666 0.76666665 0.8354167 0.7991667 0.8229167 0.8 0.8119792 0.82166666 0.76927084 0.87 0.7390625 0.895 0.73072916 0.8775 0.7083333 0.79583335 0.7447917 0.77666664 0.76927084 0.76416665 0.80260414 0.74916667 0.8197917 0.74083334 0.8354167 0.74333334 0.8463542 0.7475 0.8484375 0.73833334 0.84270835 0.7033333 0.82447916 0.5925 0.82239586 0.585 0.82708335 0.5708333
1 0.80364585 0.3725 0.7651042 0.34 0.7447917 0.31333333 0.73541665 0.3025 0.7328125 0.30333334 0.72760415 0.33833334 0.6901042 0.4675 0.6927083 0.48 0.69635415 0.47916666 0.71770835 0.4725 0.7348958 0.48833334 0.7546875 0.50083333 0.80364585 0.5391667 0.8307292 0.56 0.83020836 0.56166667 0.85260415 0.57916665 0.859375 0.59 0.8567708 0.59833336 0.85729164 0.6066667 0.86041665 0.6116667 0.86822915 0.61083335 0.87864584 0.60083336 0.89166665 0.5775 0.90989584 0.5366667 0.9203125 0.52166665 0.93541664 0.485 0.9427083 0.4575 0.94166666 0.45166665 0.93072915 0.4475 0.9125 0.44916666 0.90208334 0.44916666 0.88854164 0.44 0.875 0.42916667 0.8385417 0.40083334
5 0.7864583 0.14 0.77447915 0.16916667 0.7390625 0.2725 0.7114583 0.3375 0.6822917 0.3875 0.66770834 0.39916667 0.6640625 0.4075 0.696875 0.44416666 0.72760415 0.33833334 0.7328125 0.30333334 0.73541665 0.3025 0.7453125 0.31416667 0.7651042 0.34083334 0.8197917 0.38583332 0.87604165 0.43083334 0.89635414 0.40416667 0.92864585 0.34166667 0.9380208 0.32 0.9390625 0.3125 0.91979164 0.28916666 0.84375 0.20083334 0.8015625 0.15166667 0.790625 0.13833334
1 0.61145836 0.4325 0.5453125 0.41 0.51979166 0.40583333 0.5260417 0.3725 0.49895832 0.39166668 0.4953125 0.4025 0.5130208 0.435 0.5260417 0.46583334 0.54114586 0.5125 0.55885416 0.55583334 0.5671875 0.5391667 0.565625 0.51916665 0.565625 0.50333333 0.60729164 0.45583335 0.6234375 0.43583333
1 0.62395835 0.115 0.60833335 0.10666667 0.58958334 0.09 0.5572917 0.075833336 0.546875 0.21166667 0.5364583 0.33 0.5260417 0.37333333 0.51979166 0.40666667 0.54479164 0.41 0.5729167 0.41916665 0.6255208 0.43666667 0.63854164 0.43916667 0.6421875 0.425 0.64270836 0.41333333 0.6401042 0.40083334 0.6401042 0.38916665 0.64166665 0.32916668 0.64427084 0.24666667 0.65 0.15333334 0.66041666 0.108333334 0.6578125 0.095 0.65208334 0.08833333 0.65 0.093333334 0.6421875 0.1025 0.63177085 0.11083333
1 0.65989584 0.17916666 0.690625 0.2475 0.7203125 0.31583333 0.7161458 0.32583332 0.7114583 0.3375 0.7036458 0.35 0.69166666 0.35583332 0.6734375 0.37833333 0.64166665 0.40833333 0.6401042 0.40083334 0.6401042 0.38833332 0.6411458 0.345 0.64375 0.27166668 0.64427084 0.24666667 0.646875 0.20333333 0.6567708 0.18 0.65833336 0.17833333
5 0.045833334 0.40083334 0.0 0.35333332 0.0 0.74 0.009895833 0.75 0.03125 0.78333336 0.05 0.71166664 0.114583336 0.5575 0.14375 0.47916666 0.14010416 0.47083333 0.06875 0.425 0.050520834 0.4075
