14 0.39166668 0.28416666 0.4140625 0.29833335 0.453125 0.30166668 0.46614584 0.35666665 0.47239584 0.38583332 0.46666667 0.39083335 0.42760417 0.39083335 0.415625 0.39083335 0.40729168 0.40083334 0.39947918 0.40833333 0.38958332 0.4075 0.38854167 0.395 0.38697916 0.35583332 0.38697916 0.33666667 0.390625 0.30166668
14 0.6145833 0.28333333 0.61510414 0.34666666 0.61302084 0.37916666 0.6078125 0.40083334 0.590625 0.3875 0.5578125 0.38166666 0.5453125 0.38583332 0.5395833 0.38083333 0.5286458 0.36833334 0.51354164 0.30583334 0.559375 0.30583334 0.5885417 0.30583334 0.59583336 0.30166668 0.6046875 0.28833333 0.6078125 0.28583333
14 0.6645833 0.22583333 0.6979167 0.2725 0.71510416 0.28583333 0.72291666 0.29083332 0.72239584 0.29666665 0.7140625 0.30666667 0.7083333 0.31416667 0.68958336 0.29333332 0.65052086 0.39166668 0.6489583 0.4025 0.6645833 0.4175 0.6375 0.48833334 0.61875 0.5341667 0.6145833 0.54333335 0.61041665 0.575 0.6078125 0.5933333 0.6020833 0.6025 0.59583336 0.5941667 0.58697915 0.5733333 0.5786458 0.55083334 0.56875 0.5441667 0.5640625 0.54833335 0.5625 0.55583334 0.559375 0.5491667 0.55833334 0.53333336 0.58958334 0.44666666 0.6088542 0.40083334 0.61302084 0.38416666 0.6546875 0.28083333 0.659375 0.25416666 0.6588542 0.23333333 0.65989584 0.23
14 0.88177085 0.49333334 0.8765625 0.51916665 0.8677083 0.5416667 0.8598958 0.56 0.8442708 0.5975 0.84270835 0.59833336 0.83697915 0.58916664 0.83177084 0.5758333 0.8197917 0.55583334 0.7427083 0.48333332 0.6875 0.4325 0.67604166 0.42333335 0.6640625 0.41583332 0.65 0.40416667 0.65 0.39416668 0.6614583 0.36583334 0.6859375 0.30333334 0.6880208 0.29416665 0.69166666 0.29416665 0.7083333 0.31583333 0.7114583 0.32916668 0.721875 0.34916666 0.7885417 0.41833332 0.8484375 0.48083332 0.8697917 0.49666667 0.8765625 0.495
14 0.5911458 0.19666667 0.6380208 0.18166667 0.6609375 0.17833333 0.66614586 0.19833334 0.6640625 0.22083333 0.6625 0.22666667 0.65833336 0.23333333 0.659375 0.25583333 0.65729165 0.26333332 0.65520835 0.275 0.65416664 0.28166667 0.640625 0.315 0.6244792 0.355 0.621875 0.36 0.62083334 0.3475 0.6145833 0.31833333 0.6145833 0.3025 0.6145833 0.28416666 0.6088542 0.28666666 0.60520834 0.26083332 0.6020833 0.23916666 0.59270835 0.22916667 0.59010416 0.2025
14 0.65416664 0.5733333 0.6614583 0.57416666 0.68177086 0.5575 0.6875 0.5566667 0.71875 0.55583334 0.7182292 0.5425 0.7182292 0.5283333 0.70677084 0.5058333 0.69947916 0.47083333 0.6953125 0.44 0.66875 0.41833332 0.66510415 0.41666666 0.64635414 0.46666667 0.6453125 0.48 0.6515625 0.515 0.65052086 0.52666664 0.64635414 0.5491667 0.64635414 0.56 0.65052086 0.56916666
14 0.6588542 0.1625 0.69114584 0.17666666 0.70989585 0.17916666 0.70989585 0.15 0.71458334 0.15 0.71875 0.155 0.746875 0.33416668 0.75364584 0.37916666 0.75104165 0.37916666 0.72239584 0.34916666 0.71197915 0.33166668 0.70885414 0.315 0.71197915 0.31 0.72239584 0.29666665 0.72291666 0.29083332 0.6979167 0.27166668 0.68541664 0.255 0.678125 0.24416667 0.6703125 0.21583334 0.665625 0.1975 0.65989584 0.17666666 0.65833336 0.17083333
14 0.7515625 0.49333334 0.7239583 0.49833333 0.71458334 0.5 0.70625 0.50083333 0.7005208 0.4725 0.6958333 0.44333333 0.6953125 0.44083333 0.715625 0.45833334 0.74010414 0.48166665 0.74583334 0.48583335
14 0.76458335 0.6533333 0.79479164 0.66083336 0.81927085 0.66583335 0.828125 0.6666667 0.8328125 0.6533333 0.834375 0.63666666 0.8296875 0.59583336 0.83229166 0.57916665 0.8276042 0.57 0.81927085 0.5541667 0.7875 0.525 0.7817708 0.52166665 0.77916664 0.5341667 0.7739583 0.5975 0.7708333 0.6066667 0.7661458 0.6166667 0.7640625 0.62333333 0.7630208 0.6325
14 0.79114586 0.2925 0.846875 0.3075 0.86302084 0.31 0.86302084 0.315 0.84947914 0.34 0.8432292 0.42333335 0.8432292 0.455 0.8411458 0.47166666 0.7916667 0.42166665 0.7895833 0.41666666 0.7921875 0.3625 0.7953125 0.32333332 0.79114586 0.31 0.7875 0.30916667 0.78697914 0.30416667 0.78697914 0.29666665 0.78697914 0.2925
14 0.39635417 0.10166667 0.42604166 0.095 0.45052084 0.08166666 0.459375 0.07333333 0.4625 0.06583333 0.46822917 0.07833333 0.47291666 0.09 0.47291666 0.09583333 0.47083333 0.10916667 0.46927083 0.119166665 0.50885415 0.285 0.5286458 0.36666667 0.54010415 0.38166666 0.54791665 0.39666668 0.5520833 0.41333333 0.54791665 0.42083332 0.5375 0.42666668 0.50625 0.44166666 0.496875 0.44916666 0.484375 0.4575 0.47864583 0.45833334 0.47239584 0.44083333 0.47083333 0.42333335 0.46927083 0.39833334 0.471875 0.38333333 0.44479167 0.26166666 0.42708334 0.185 0.41302082 0.15333334 0.403125 0.13 0.4 0.12166667 0.39739582 0.111666664
