18 0.6588542 0.215 0.646875 0.20666666 0.6177083 0.1875 0.5630208 0.1525 0.54375 0.1425 0.528125 0.13166666 0.5130208 0.11833333 0.4890625 0.100833334 0.47916666 0.095 0.47083333 0.096666664 0.4640625 0.104166664 0.459375 0.1125 0.45052084 0.14083333 0.421875 0.25 0.415625 0.27583334 0.4171875 0.28666666 0.42291668 0.3 0.4421875 0.31166667 0.49010417 0.335 0.50104165 0.34666666 0.509375 0.3425 0.51979166 0.35083333 0.5208333 0.35333332 0.5234375 0.36083335 0.55364585 0.3875 0.5734375 0.4025 0.62291664 0.395 0.62916666 0.37 0.6359375 0.34916666 0.64166665 0.32666665 0.66041666 0.25666666 0.6640625 0.24 0.6640625 0.2275 0.6625 0.2225
18 0.53125 0.405 0.5234375 0.36166668 0.5286458 0.36583334 0.5729167 0.4025 0.54479164 0.40416667 0.53229165 0.40666667
18 0.66822916 0.16166666 0.64635414 0.17333333 0.62083334 0.18916667 0.6354167 0.2 0.659375 0.21416667 0.66510415 0.23 0.6640625 0.245 0.64166665 0.325 0.62291664 0.395 0.6557292 0.39166668 0.6869792 0.3875 0.6953125 0.38333333 0.7260417 0.355 0.7505208 0.33666667 0.784375 0.31833333 0.79010415 0.315 0.725 0.25916666 0.721875 0.25416666 0.71302086 0.25583333 0.7036458 0.25583333 0.6979167 0.25083333 0.6901042 0.23833333 0.67083335 0.16583334
18 0.74895835 0.0 0.6822917 0.034166668 0.65729165 0.05 0.65208334 0.06 0.64947915 0.07083333 0.65052086 0.08416667 0.66875 0.16 0.690625 0.23916666 0.70104164 0.25416666 0.70520836 0.255 0.70729166 0.25666666 0.72239584 0.2525 0.88645834 0.1375 0.88958335 0.125 0.8854167 0.1025 0.859375 0.021666666 0.8541667 0.004166667 0.8510417 0.0
18 0.94427085 0.225 0.93645835 0.21 0.9291667 0.20333333 0.9078125 0.18166667 0.884375 0.15666667 0.8723958 0.1475 0.728125 0.2475 0.7213542 0.25333333 0.72291666 0.2575 0.759375 0.28916666 0.80260414 0.32583332 0.853125 0.37416667 0.87135416 0.3925 0.8755208 0.395 0.88854164 0.385 0.9067708 0.34333333 0.90833336 0.33333334 0.91302085 0.32 0.9291667 0.27666667 0.9401042 0.24416667 0.9421875 0.235
18 0.98854166 0.5366667 0.9875 0.5283333 0.978125 0.515 0.9484375 0.4775 0.90729165 0.41916665 0.89375 0.40833333 0.8802083 0.39666668 0.8723958 0.3925 0.81666666 0.34 0.81041664 0.3525 0.7682292 0.42666668 0.75104165 0.46083334 0.7515625 0.48083332 0.753125 0.49 0.78333336 0.53333336 0.78541666 0.5366667 0.7859375 0.5391667 0.8119792 0.4875 0.8520833 0.42333335 0.85572916 0.41583332 0.865625 0.415 0.8697917 0.4175 0.87864584 0.43 0.8953125 0.45333335 0.9213542 0.49583334 0.94114584 0.5316667 0.95 0.54333335 0.95 0.56 0.94375 0.5783333 0.928125 0.6041667 0.8796875 0.68 0.8859375 0.68666667 0.8953125 0.6875 0.9078125 0.68583333 0.9166667 0.66833335 0.9515625 0.61083335 0.96510416 0.58916664 0.9828125 0.56 0.9869792 0.54583335
18 0.78125 0.54833335 0.77447915 0.5625 0.76354164 0.57 0.75208336 0.58 0.7473958 0.58916664 0.7604167 0.5925 0.7671875 0.6025 0.7708333 0.61 0.7729167 0.62416667 0.7682292 0.6483333 0.7515625 0.71416664 0.77708334 0.75666666 0.79375 0.78583336 0.7984375 0.78583336 0.80885416 0.78583336 0.8484375 0.72833335 0.8703125 0.69416666 0.87916666 0.68 0.940625 0.5833333 0.94375 0.57916665 0.95 0.56083333 0.94947916 0.5441667 0.9447917 0.53583336 0.93854165 0.5275 0.89635414 0.455 0.87604165 0.42583334 0.86927086 0.41583332 0.86614585 0.415 0.85572916 0.415 0.85260415 0.42166665 0.8052083 0.50166667 0.78229165 0.5441667
18 0.6588542 0.7633333 0.67291665 0.7725 0.70416665 0.7916667 0.7239583 0.8 0.7359375 0.7916667 0.7427083 0.7675 0.75104165 0.71166664 0.7671875 0.6508333 0.7729167 0.6225 0.76875 0.605 0.75885415 0.59166664 0.7416667 0.58916664 0.74895835 0.6075 0.7546875 0.6275 0.75208336 0.64666665 0.7447917 0.6616667 0.71458334 0.6925 0.69427085 0.7191667 0.6723958 0.745 0.6666667 0.75333333
18 0.6947917 0.48166665 0.68854165 0.48 0.68177086 0.47916666 0.678125 0.47916666 0.6536458 0.50416666 0.6432292 0.5158333 0.63177085 0.525 0.6119792 0.5466667 0.5494792 0.6175 0.51458335 0.6575 0.51145834 0.6716667 0.5125 0.6791667 0.5130208 0.685 0.528125 0.7216667 0.5671875 0.8066667 0.58020836 0.8333333 0.5854167 0.8358333 0.59270835 0.8358333 0.6010417 0.8325 0.659375 0.7625 0.7161458 0.68916667 0.7395833 0.6666667 0.7473958 0.65833336 0.753125 0.64416665 0.7546875 0.6275 0.7494792 0.6091667 0.740625 0.58666664 0.70208335 0.49666667 0.69739586 0.485
18 0.62604165 0.53 0.60520834 0.5233333 0.5911458 0.52166665 0.584375 0.525 0.5786458 0.52916664 0.571875 0.54833335 0.5578125 0.60833335 0.6244792 0.53333336
18 0.56875 0.5575 0.5328125 0.5566667 0.5265625 0.56083333 0.5208333 0.5683333 0.5151042 0.57916665 0.5140625 0.595 0.5078125 0.70666665 0.5046875 0.7558333 0.50416666 0.77166665 0.50364584 0.77916664 0.5026042 0.8433333 0.50208336 0.87666667 0.50364584 0.8875 0.5078125 0.895 0.5140625 0.89916664 0.52760416 0.89916664 0.54895836 0.88666666 0.55260414 0.885 0.5572917 0.89166665 0.5677083 0.8933333 0.59947914 0.89416665 0.61510414 0.8933333 0.62291664 0.89166665 0.62708336 0.8858333 0.63072914 0.875 0.6333333 0.8641667 0.6328125 0.8275 0.63125 0.79583335 0.6 0.83416665 0.59166664 0.8358333 0.5854167 0.8358333 0.58020836 0.8325 0.55677086 0.7841667 0.51875 0.6983333 0.51354164 0.68333334 0.51145834 0.675 0.51145834 0.6725 0.5140625 0.65833336 0.51458335 0.6566667 0.5515625 0.615 0.55833334 0.6066667 0.56875 0.56166667 0.56927085 0.5575
18 0.72552085 0.54833335 0.728125 0.43333334 0.72864586 0.3925 0.7192708 0.3825 0.7140625 0.38166666 0.6927083 0.385 0.67395836 0.38916665 0.5520833 0.40416667 0.5151042 0.40833333 0.50989586 0.4175 0.5083333 0.42666668 0.5151042 0.56 0.5151042 0.58 0.5229167 0.565 0.5317708 0.55833334 0.53541666 0.55833334 0.56822914 0.55833334 0.5765625 0.5341667 0.578125 0.5308333 0.590625 0.5225 0.61145836 0.525 0.6265625 0.5316667 0.63854164 0.51916665 0.6567708 0.50166667 0.678125 0.4775 0.6921875 0.48 0.69635415 0.4825 0.69895834 0.48916668 0.72552085 0.55083334
18 0.49947917 0.3475 0.42552084 0.38666666 0.39322916 0.405 0.38854167 0.4175 0.38645834 0.42666668 0.4328125 0.62666667 0.45520833 0.7191667 0.45989582 0.7316667 0.46197918 0.735 0.46822917 0.7375 0.47239584 0.73833334 0.48333332 0.7316667 0.50677085 0.7175 0.5125 0.62083334 0.515625 0.5758333 0.50989586 0.45416668 0.50989586 0.425 0.5104167 0.41833332 0.5140625 0.41083333 0.5171875 0.40833333 0.53229165 0.40666667 0.52239585 0.36166668 0.51927084 0.35083333 0.50989586 0.3425
18 0.421875 0.6225 0.3984375 0.58166665 0.40833333 0.61833334 0.43697917 0.7125 0.44114584 0.72833335 0.44114584 0.7341667 0.4484375 0.7291667 0.45572916 0.7225 0.4546875 0.7175 0.44375 0.67083335 0.44010416 0.6558333 0.43645832 0.65166664 0.43072918 0.6383333
18 0.271875 0.87166667 0.2828125 0.885 0.29895833 0.91333336 0.3046875 0.9216667 0.31354168 0.9216667 0.3234375 0.92 0.34583333 0.88166666 0.38072917 0.82 0.39427084 0.79583335 0.40052083 0.7875 0.40885416 0.775 0.4125 0.77 0.35416666 0.81083333 0.29427084 0.85583335 0.275 0.87
18 0.39739582 0.57916665 0.39010417 0.5575 0.384375 0.5516667 0.37604168 0.5466667 0.37135416 0.55 0.36302084 0.5566667 0.3578125 0.56166667 0.2953125 0.60833335 0.2375 0.6566667 0.22135417 0.6675 0.19375 0.685 0.19114584 0.69166666 0.18802084 0.7025 0.1890625 0.7108333 0.22135417 0.81416667 0.23958333 0.88 0.24427083 0.885 0.25104168 0.8858333 0.25833333 0.8833333 0.27291667 0.87083334 0.35364583 0.81166667 0.41458333 0.7683333 0.42135417 0.76416665 0.43177083 0.7583333 0.43645832 0.75333333 0.4390625 0.7441667 0.440625 0.73 0.44010416 0.7241667 0.40729168 0.61333334 0.4 0.5883333
18 0.22135417 0.66583335 0.2078125 0.6591667 0.19583334 0.6508333 0.17916666 0.63416666 0.16197917 0.62166667 0.13333334 0.60583335 0.1296875 0.6066667 0.1203125 0.6116667 0.11666667 0.61583334 0.0796875 0.76166666 0.0703125 0.795 0.07083333 0.8016667 0.075 0.815 0.07760417 0.82 0.0984375 0.82916665 0.1921875 0.875 0.27083334 0.9125 0.2765625 0.9125 0.28229168 0.9125 0.2875 0.9091667 0.2890625 0.905 0.290625 0.89916664 0.27864584 0.8808333 0.271875 0.87166667 0.2578125 0.8833333 0.2515625 0.88666666 0.24427083 0.885 0.2390625 0.87916666 0.21770833 0.8016667 0.1984375 0.7416667 0.1890625 0.71166664 0.1875 0.7033333 0.1921875 0.68666667 0.19322917 0.685 0.21302083 0.6725 0.22239584 0.6675
18 0.37708333 0.42333335 0.37083334 0.41416666 0.365625 0.40833333 0.3625 0.4075 0.31666666 0.42083332 0.25 0.44 0.18697916 0.4625 0.17864583 0.465 0.1625 0.47083333 0.15833333 0.475 0.15520833 0.48166665 0.153125 0.49 0.15364583 0.49666667 0.16666667 0.585 0.17708333 0.63166666 0.18177083 0.6375 0.1984375 0.6533333 0.21614583 0.6641667 0.221875 0.66583335 0.22239584 0.6666667 0.2421875 0.6525 0.2765625 0.62416667 0.3109375 0.59583336 0.3375 0.57666665 0.37447917 0.54833335 0.37604168 0.5475 0.37708333 0.5475 0.38854167 0.555 0.38958332 0.5566667 0.38541666 0.54083335 0.378125 0.525 0.37395832 0.5158333 0.37395832 0.5133333 0.37604168 0.51166666 0.37864584 0.51 0.38072917 0.5075 0.38177082 0.49833333 0.3796875 0.45 0.378125 0.4275
18 0.43489584 0.055833332 0.42708334 0.05 0.42135417 0.045833334 0.40989584 0.046666667 0.39895833 0.0525 0.35625 0.06666667 0.321875 0.07666667 0.28125 0.090833336 0.22916667 0.11 0.22239584 0.1175 0.21875 0.1275 0.21822916 0.14 0.2484375 0.3175 0.25520834 0.32666665 0.26510417 0.3325 0.28541666 0.32166666 0.3125 0.3075 0.33697918 0.29916668 0.38854167 0.28583333 0.415625 0.27833334 0.41614583 0.275 0.42864582 0.225 0.4421875 0.17083333 0.45052084 0.1425 0.44375 0.096666664 0.4375 0.0625
