6 0.11770833 0.42166665 0.0875 0.46916667 0.041145835 0.50916666 0.0 0.5541667 0.0 0.605 0.008333334 0.6308333 0.05625 0.7083333 0.08541667 0.65833336 0.13385417 0.6166667 0.18489583 0.5725 0.17864583 0.55083334 0.13229166 0.44666666
6 0.28385416 0.8283333 0.26354167 0.835 0.20677084 0.8775 0.14010416 0.90166664 0.1515625 1.0 0.31145832 1.0 0.30885416 0.9816667 0.29166666 0.8858333 0.28854167 0.84583336
6 0.3921875 0.8666667 0.35520834 1.0 0.52239585 1.0 0.5307292 0.97583336 0.49583334 0.93416667 0.43385416 0.89916664 0.41302082 0.8808333 0.396875 0.8675
6 0.37708333 0.5541667 0.3703125 0.6025 0.371875 0.675 0.35416666 0.71166664 0.36770833 0.72333336 0.39010417 0.73083335 0.378125 0.6525 0.3765625 0.625 0.4859375 0.5991667 0.4890625 0.6125 0.490625 0.7341667 0.5 0.775 0.50885415 0.7725 0.5296875 0.6016667 0.50989586 0.5933333 0.5052083 0.59583336 0.45729166 0.5825 0.39375 0.55833334
6 0.35416666 0.71 0.30885416 0.7625 0.27760416 0.80083334 0.26875 0.8125 0.278125 0.82916665 0.284375 0.82666665 0.290625 0.85583335 0.33020833 0.92 0.34791666 0.9433333 0.38020834 0.8858333 0.38802084 0.865 0.40052083 0.86083335 0.39895833 0.7675 0.390625 0.73083335 0.3640625 0.7225
6 0.37708333 0.62583333 0.37760416 0.6525 0.39114583 0.73583335 0.4 0.7675 0.40104166 0.86 0.40416667 0.87416667 0.4140625 0.87666667 0.4609375 0.8566667 0.496875 0.8433333 0.51197916 0.8358333 0.5109375 0.81 0.4984375 0.77 0.490625 0.735 0.48958334 0.61333334 0.4859375 0.59833336
6 0.5338542 0.755 0.50885415 0.79583335 0.51197916 0.8183333 0.51197916 0.8375 0.48125 0.85 0.45885417 0.88916665 0.49375 0.9291667 0.5015625 0.94083333 0.54895836 1.0 0.59791666 1.0 0.6411458 0.90166664 0.6041667 0.92583334 0.59010416 0.93083334 0.58125 0.83166665 0.54114586 0.765
6 0.57916665 0.7475 0.58125 0.83416665 0.59010416 0.93 0.60364586 0.92583334 0.6421875 0.9 0.6536458 0.89666665 0.7104167 0.9066667 0.7260417 0.90166664 0.7203125 0.7816667 0.7213542 0.7316667 0.7 0.7266667 0.67552084 0.74333334 0.66614586 0.74916667 0.65416664 0.74583334 0.59739584 0.74333334 0.58802086 0.7425
6 0.5697917 0.59833336 0.5463542 0.66 0.5416667 0.6975 0.53697914 0.7158333 0.5182292 0.7425 0.53125 0.75166667 0.56145835 0.7808333 0.58125 0.81666666 0.5786458 0.74666667 0.5875 0.7425 0.65833336 0.745 0.66510415 0.74916667 0.68333334 0.73833334 0.6635417 0.70916665 0.5859375 0.615 0.5755208 0.59833336
6 0.37395832 0.28 0.37604168 0.33833334 0.3890625 0.455 0.44583333 0.43083334 0.46875 0.42583334 0.4828125 0.375 0.49947917 0.38416666 0.52135414 0.40583333 0.52552086 0.41166666 0.5375 0.40583333 0.5130208 0.235 0.4921875 0.24166666 0.46614584 0.26166666 0.44322917 0.275 0.43385416 0.28083333 0.38229167 0.27416667
6 0.48177084 0.38166666 0.44895834 0.49833333 0.44166666 0.525 0.44791666 0.53333336 0.4703125 0.54583335 0.47552082 0.5466667 0.54791665 0.605 0.5625 0.61833334 0.5708333 0.5966667 0.5765625 0.5975 0.5796875 0.59583336 0.59375 0.55583334 0.61927086 0.4725 0.615625 0.46916667 0.6020833 0.48666668 0.5875 0.49 0.5755208 0.445 0.5307292 0.41583332 0.52552086 0.41083333 0.51145834 0.395 0.49895832 0.38416666 0.4828125 0.37583333
6 0.56614584 0.07666667 0.56354165 0.11 0.56041664 0.17083333 0.5515625 0.24166666 0.5609375 0.24666667 0.6390625 0.2525 0.66302085 0.2625 0.6703125 0.25 0.6770833 0.255 0.68072915 0.2675 0.703125 0.27416667 0.70416665 0.18916667 0.70989585 0.10583334 0.6979167 0.10333333 0.640625 0.10666667 0.61354166 0.108333334 0.5807292 0.08
6 0.6645833 0.2675 0.60260415 0.30666667 0.5708333 0.32333332 0.55885416 0.32333332 0.5442708 0.33 0.5463542 0.34 0.58802086 0.49083334 0.6020833 0.48666668 0.61614585 0.46833333 0.68854165 0.41666666 0.71510416 0.40583333 0.72239584 0.39583334 0.6958333 0.31833333 0.678125 0.25833333 0.67083335 0.24833333 0.66510415 0.25833333
6 0.64739585 0.48 0.6223958 0.5341667 0.5796875 0.6066667 0.6635417 0.7083333 0.684375 0.7375 0.70208335 0.725 0.7109375 0.73 0.7609375 0.61583334 0.74791664 0.6016667 0.70677084 0.56916666 0.6921875 0.5525 0.6557292 0.48416665
6 0.8640625 0.08916666 0.825 0.13166666 0.76770836 0.18083334 0.7515625 0.18583333 0.740625 0.19333333 0.76875 0.26166666 0.7942708 0.34333333 0.81458336 0.3275 0.8463542 0.2825 0.909375 0.24416667 0.89270836 0.16666667 0.8703125 0.10916667
6 0.871875 0.8208333 0.85729164 0.8358333 0.83802086 0.8525 0.7375 0.8925 0.7395833 0.8975 0.76145834 1.0 0.9 1.0 0.91510415 0.99666667 0.9078125 0.9508333 0.89166665 0.9583333 0.8875 0.93333334 0.88125 0.8491667 0.8776042 0.8233333
6 0.86302084 0.7158333 0.865625 0.74083334 0.87395835 0.7733333 0.88385415 0.87833333 0.88489586 0.91083336 0.8911458 0.95916665 0.909375 0.9508333 1.0 0.93916667 1.0 0.8975 0.97552085 0.7733333 0.9671875 0.7183333 0.9671875 0.69 0.9401042 0.6933333 0.88125 0.70916665
6 0.996875 0.42666668 0.8911458 0.45666668 0.88697916 0.48 0.90833336 0.59166664 0.91822916 0.6975 0.9713542 0.68416667 1.0 0.675 1.0 0.4375
6 0.36927083 0.019166667 0.35 0.10333333 0.3484375 0.12833333 0.3421875 0.1575 0.3359375 0.17333333 0.34739584 0.17916666 0.40572917 0.21833333 0.4421875 0.24916667 0.45520833 0.26583335 0.47239584 0.25666666 0.5109375 0.12083333 0.49375 0.104166664 0.46510416 0.0925 0.4265625 0.06583333 0.38229167 0.023333333
6 0.0015625 0.2275 0.034895834 0.27166668 0.0 0.31583333 0.0 0.23916666
