0 0.615625 0.76416665 0.5911458 0.7291667 0.5598958 0.68333334 0.55052084 0.65166664 0.5375 0.63 0.51666665 0.61083335 0.515625 0.56416667 0.5130208 0.5375 0.51458335 0.5175 0.50625 0.49916667 0.42447916 0.5775 0.3125 0.6625 0.3296875 0.705 0.3859375 0.7866667 0.42916667 0.9033333 0.45364583 0.9775 0.46770832 0.96 0.5796875 0.8358333 0.61927086 0.7875
0 0.55625 0.87416667 0.5463542 0.87416667 0.5572917 0.8591667 0.55833334 0.86583334
0 0.73645836 0.7425 0.6822917 0.7133333 0.6567708 0.69916666 0.6421875 0.7033333 0.615625 0.71416664 0.5833333 0.7183333 0.5598958 0.68583333 0.55260414 0.65833336 0.57135415 0.5316667 0.5796875 0.475 0.56927085 0.41666666 0.59791666 0.37833333 0.665625 0.35666665 0.6859375 0.3525 0.76354164 0.36333334 0.7661458 0.39583334 0.75 0.475 0.74114585 0.58666664 0.7453125 0.7058333
0 0.3390625 0.5708333 0.4328125 0.57 0.346875 0.635 0.33854166 0.5908333
0 0.35833332 0.90833336 0.390625 0.89916664 0.42291668 0.8875 0.3859375 0.7875 0.36770833 0.7608333 0.35989583 0.8833333 0.35416666 0.8833333
0 0.45885417 0.45833334 0.5072917 0.41833332 0.5463542 0.385 0.6010417 0.37583333 0.5671875 0.41083333 0.54583335 0.42416668 0.5130208 0.45 0.471875 0.49833333 0.46145833 0.47
0 0.43697917 0.46416667 0.459375 0.4575 0.54479164 0.385 0.61041665 0.375 0.67604166 0.35 0.66614586 0.3075 0.64166665 0.23583333 0.6302083 0.20666666 0.6333333 0.14583333 0.62916666 0.08083333 0.6234375 0.026666667 0.6010417 0.033333335 0.525 0.08916666 0.46197918 0.13166666 0.41197917 0.12166667 0.39010417 0.12166667 0.37864584 0.13166666 0.37291667 0.14916667 0.41197917 0.285 0.42760417 0.36916667 0.42604166 0.38333333 0.43541667 0.45
0 0.36458334 0.17 0.378125 0.16333333 0.40052083 0.24916667 0.36875 0.18916667
0 0.45208332 0.09916667 0.540625 0.026666667 0.55364585 0.045 0.5572917 0.0675 0.4609375 0.1325 0.42291668 0.12416667
0 0.51197916 0.53833336 0.5328125 0.5325 0.54010415 0.5683333 0.53697914 0.63 0.51875 0.61 0.5171875 0.5875 0.5125 0.5525
