17 0.42135417 0.61083335 0.3734375 0.5575 0.35520834 0.5366667 0.33489582 0.51666665 0.3 0.47916666 0.2734375 0.45333335 0.26302084 0.44083333 0.25989583 0.42916667 0.25989583 0.41833332 0.27395833 0.38666666 0.28020832 0.38333333 0.29375 0.34583333 0.32552084 0.26 0.3296875 0.24583334 0.33854166 0.2425 0.34635416 0.2425 0.36510417 0.2625 0.37447917 0.27583334 0.39010417 0.29083332 0.41822916 0.3175 0.43177083 0.33583334 0.46822917 0.36833334 0.49947917 0.39916667 0.50364584 0.40916666 0.50677085 0.42416668 0.50677085 0.43166667 0.459375 0.56 0.43854168 0.60833335 0.4328125 0.6125 0.42916667 0.6116667
17 0.3453125 0.5275 0.3515625 0.62416667 0.3546875 0.65416664 0.35572916 0.68666667 0.359375 0.77666664 0.3640625 0.79583335 0.37239584 0.80916667 0.38229167 0.8208333 0.390625 0.82916665 0.3984375 0.82916665 0.41666666 0.81916666 0.44166666 0.7866667 0.45364583 0.7825 0.46354166 0.7875 0.47604167 0.80833334 0.48229167 0.81916666 0.4890625 0.82 0.49479166 0.81166667 0.49739584 0.8025 0.4953125 0.7608333 0.4984375 0.5675 0.496875 0.5083333 0.49479166 0.5 0.4890625 0.49 0.4859375 0.49 0.45416668 0.57666665 0.4390625 0.61 0.4328125 0.61333334 0.4203125 0.6116667 0.390625 0.5783333 0.35833332 0.5416667
17 0.3578125 0.745 0.34791666 0.7441667 0.32552084 0.7216667 0.3140625 0.705 0.30729166 0.69166666 0.29791668 0.67833334 0.28333333 0.665 0.27239582 0.6558333 0.2671875 0.64416665 0.26614583 0.5933333 0.26666668 0.56416667 0.27395833 0.5475 0.28125 0.535 0.28385416 0.5233333 0.296875 0.49416667 0.30104166 0.48083332 0.30260417 0.48166665 0.325 0.5075 0.3453125 0.5275 0.34583333 0.5375 0.3515625 0.6308333 0.35364583 0.6566667
17 0.1078125 0.26583335 0.16354166 0.24 0.20989583 0.2175 0.23489584 0.20583333 0.24635416 0.20916666 0.25364584 0.2225 0.27552083 0.37416667 0.27604166 0.385 0.2734375 0.38583332 0.259375 0.4175 0.25885418 0.42916667 0.26197916 0.43916667 0.24635416 0.44 0.22916667 0.43416667 0.2234375 0.42416668 0.21666667 0.42333335 0.20520833 0.4325 0.20260416 0.44666666 0.19166666 0.46 0.17135416 0.475 0.14322917 0.50166667 0.123958334 0.515 0.1078125 0.525 0.098958336 0.5233333 0.08958333 0.5075 0.07083333 0.43 0.055729166 0.35833332 0.08020833 0.31416667
17 0.11927083 0.24916667 0.14114584 0.21416667 0.14322917 0.20083334 0.14114584 0.19 0.106770836 0.14 0.0859375 0.104166664 0.0671875 0.08083333 0.044270832 0.04916667 0.034375 0.045 0.017708333 0.0475 0.005729167 0.055 0.011979166 0.07833333 0.018229166 0.08833333 0.018229166 0.100833334 0.0 0.1125 0.0 0.2725 0.0 0.425 0.0 0.42916667 0.0067708334 0.42833334 0.021875 0.40583333 0.063541666 0.34416667 0.109375 0.26166666
17 0.09583333 0.119166665 0.10729167 0.053333335 0.11666667 0.011666667 0.123958334 0.0016666667 0.13333334 0.00083333335 0.1703125 0.013333334 0.20833333 0.03 0.23697917 0.04 0.25520834 0.050833333 0.26770833 0.05666667 0.28802082 0.059166666 0.30729166 0.06583333 0.31770834 0.0825 0.31875 0.105 0.30052084 0.2025 0.28333333 0.27 0.2796875 0.28666666 0.27395833 0.295 0.26666668 0.29583332 0.26458332 0.295 0.2546875 0.22166666 0.246875 0.20833333 0.23541667 0.205 0.1515625 0.245 0.10885417 0.265 0.110416666 0.2625 0.11927083 0.25 0.14114584 0.215 0.14427084 0.2 0.14114584 0.18833333 0.11510417 0.15 0.10208333 0.12916666
17 0.34739584 0.24166666 0.35208333 0.22416666 0.36354166 0.165 0.36822918 0.145 0.37395832 0.14166667 0.38385418 0.1425 0.3890625 0.1525 0.38958332 0.1725 0.39947918 0.17916666 0.42083332 0.17916666 0.4453125 0.18333334 0.4671875 0.19333333 0.48072916 0.19583334 0.48802084 0.21166667 0.4890625 0.2275 0.48020834 0.29416665 0.47083333 0.35916665 0.4703125 0.36833334 0.45572916 0.35583332 0.4328125 0.33666667 0.4296875 0.33333334 0.42239583 0.32083333 0.41666666 0.315 0.38489583 0.285 0.37552083 0.27583334 0.36458334 0.26083332 0.35052082 0.24583334
17 0.346875 0.005 0.409375 0.13083333 0.43072918 0.16333333 0.44947916 0.16666667 0.46354166 0.17166667 0.48541668 0.18 0.5151042 0.19416666 0.5260417 0.19583334 0.53697914 0.18 0.54479164 0.1225 0.5515625 0.0675 0.5520833 0.030833334 0.55572915 0.0 0.40989584 0.0 0.3625 0.0 0.353125 0.0
17 0.5005208 0.99916667 0.496875 0.9275 0.496875 0.87 0.49583334 0.8541667 0.496875 0.84 0.5083333 0.8233333 0.53697914 0.81083333 0.5609375 0.8075 0.603125 0.805 0.63072914 0.8016667 0.6401042 0.805 0.64635414 0.8183333 0.6453125 0.83166665 0.64375 0.8441667 0.63645834 0.86083335 0.6359375 0.87833333 0.6375 0.9058333 0.6432292 0.92 0.6458333 0.93666667 0.64947915 0.965 0.65052086 1.0
17 0.64375 0.81083333 0.68333334 0.81583333 0.7291667 0.815 0.74322915 0.815 0.753125 0.8208333 0.7609375 0.83666664 0.759375 0.9325 0.7583333 0.97333336 0.75677085 0.9875 0.75677085 1.0 0.6515625 1.0 0.65 0.96416664 0.64375 0.92083335 0.6375 0.905 0.6359375 0.8775 0.63645834 0.86083335 0.64479166 0.8425 0.64635414 0.8175
17 0.6401042 0.8025 0.6401042 0.79333335 0.6489583 0.79333335 0.6645833 0.7925 0.6765625 0.78333336 0.68072915 0.76416665 0.70885414 0.7625 0.72447914 0.76416665 0.74114585 0.7725 0.7515625 0.7758333 0.7651042 0.7733333 0.771875 0.7675 0.7807292 0.7683333 0.790625 0.7758333 0.7916667 0.7808333 0.7895833 0.84833336 0.79010415 0.88 0.79114586 0.9058333 0.79010415 0.9241667 0.790625 0.94666666 0.7953125 0.9891667 0.7953125 1.0 0.76145834 1.0 0.75677085 1.0 0.7572917 0.9875 0.759375 0.9725 0.75989586 0.91 0.76145834 0.83666664 0.75364584 0.82 0.74322915 0.81416667 0.6869792 0.815 0.6453125 0.81083333 0.64375 0.81083333
17 0.63385415 0.78833336 0.60572916 0.7841667 0.584375 0.7775 0.5453125 0.76666665 0.53697914 0.74333334 0.5364583 0.7216667 0.5473958 0.6766667 0.55572915 0.63416666 0.55572915 0.6116667 0.5572917 0.56083333 0.56614584 0.495 0.5703125 0.46583334 0.57916665 0.45 0.5921875 0.44916666 0.6411458 0.46583334 0.67864585 0.48416665 0.6859375 0.49166667 0.6276042 0.52916664 0.61927086 0.53333336 0.61354166 0.55333334 0.61354166 0.56583333 0.6171875 0.5908333 0.64635414 0.6625 0.6645833 0.71 0.6713542 0.7291667 0.6791667 0.7425 0.68125 0.7475 0.6791667 0.7708333 0.6765625 0.7816667 0.6645833 0.79333335 0.6489583 0.79333335 0.6375 0.7925
17 0.8255208 1.0 0.85833335 0.9791667 0.86927086 0.9775 0.8755208 0.98 0.8828125 0.99 0.88697916 1.0
17 0.9213542 1.0 0.9036458 0.99 0.87916666 0.9775 0.8677083 0.9658333 0.84010416 0.9558333 0.83177084 0.9533333 0.82135415 0.95 0.8151042 0.94083333 0.8109375 0.93083334 0.8098958 0.9175 0.8286458 0.81333333 0.8520833 0.74083334 0.8640625 0.7291667 0.87291664 0.725 0.90625 0.7441667 0.9635417 0.7775 1.0 0.8025 1.0 0.9525 0.98229164 0.9875 0.9770833 1.0
17 0.71302086 0.76166666 0.7125 0.75083333 0.7161458 0.7366667 0.72291666 0.7266667 0.7640625 0.7033333 0.7765625 0.6933333 0.78489584 0.685 0.81927085 0.6691667 0.83489585 0.6616667 0.8442708 0.6508333 0.8484375 0.64166665 0.87916666 0.6191667 0.88645834 0.6141667 0.89479166 0.6141667 0.9010417 0.61833334 0.9078125 0.63416666 0.928125 0.715 0.9401042 0.7633333 0.915625 0.74916667 0.89166665 0.7341667 0.8734375 0.7241667 0.86354166 0.72833335 0.8510417 0.7416667 0.828125 0.81166667 0.8255208 0.82666665 0.80885416 0.9175 0.809375 0.92333335 0.80260414 0.92833334 0.79375 0.93333334 0.7916667 0.93333334 0.79114586 0.9266667 0.79114586 0.915 0.7916667 0.90416664 0.790625 0.87833333 0.79010415 0.85 0.7916667 0.7808333 0.790625 0.775 0.78229165 0.7683333 0.7729167 0.76666665 0.76354164 0.7725 0.7515625 0.77416664 0.74114585 0.7725 0.72447914 0.7633333
17 0.68125 0.745 0.6880208 0.7475 0.69947916 0.745 0.7104167 0.73 0.7104167 0.7183333 0.70677084 0.7083333 0.7161458 0.7025 0.728125 0.6983333 0.7348958 0.7008333 0.74427086 0.7008333 0.7807292 0.68666667 0.78697914 0.68333334 0.81822914 0.6691667 0.83489585 0.66083336 0.84375 0.65 0.8489583 0.63666666 0.84583336 0.6166667 0.83020836 0.5475 0.82447916 0.5308333 0.8203125 0.535 0.80104166 0.57166666 0.796875 0.57416666 0.78333336 0.5725 0.7729167 0.56 0.75989586 0.5375 0.75572914 0.5208333 0.7453125 0.505 0.7369792 0.495 0.72864586 0.4775 0.7234375 0.465 0.69114584 0.48916668 0.64270836 0.51916665 0.6203125 0.5341667 0.6177083 0.5416667 0.6140625 0.55333334 0.6140625 0.56583333 0.6177083 0.59 0.6510417 0.6741667 0.6609375 0.69916666 0.6713542 0.72833335 0.671875 0.73 0.678125 0.74 0.6802083 0.74333334
17 0.7213542 0.46333334 0.7192708 0.44583333 0.72447914 0.435 0.72447914 0.42583334 0.721875 0.41916665 0.71510416 0.41666666 0.69947916 0.4175 0.6848958 0.41416666 0.6713542 0.40166667 0.66510415 0.38083333 0.66302085 0.35666665 0.66875 0.345 0.6869792 0.3075 0.69375 0.29 0.70989585 0.25916666 0.728125 0.22666667 0.7375 0.22583333 0.74635416 0.22833334 0.7546875 0.23916666 0.7583333 0.25083333 0.7625 0.25666666 0.7609375 0.26833335 0.76197916 0.275 0.7640625 0.28416666 0.7661458 0.28833333 0.78541666 0.31 0.80104166 0.32916668 0.82395834 0.35166666 0.85 0.39 0.865625 0.40166667 0.8697917 0.4025 0.88072914 0.39916667 0.8833333 0.4075 0.87864584 0.43 0.86302084 0.46583334 0.83020836 0.5208333 0.821875 0.5325 0.8015625 0.56916666 0.8 0.57166666 0.796875 0.57416666 0.7838542 0.57166666 0.7729167 0.55916667 0.76458335 0.5441667 0.75989586 0.5366667 0.75572914 0.5208333 0.746875 0.50666666 0.7375 0.495 0.728125 0.47666666 0.7239583 0.465
17 0.9390625 0.7525 0.95104164 0.7525 0.971875 0.74583334 0.98020834 0.74666667 0.9828125 0.7525 1.0 0.755 1.0 0.6275 1.0 0.5175 0.9692708 0.52416664 0.96979165 0.5316667 0.96770835 0.5475 0.9583333 0.55333334 0.921875 0.5708333 0.89739585 0.57166666 0.8833333 0.5858333 0.85625 0.60333335 0.8453125 0.6091667 0.84947914 0.63416666 0.8484375 0.6408333 0.884375 0.615 0.89375 0.6125 0.90052086 0.6175 0.90833336 0.63166666 0.9296875 0.7183333
17 0.96875 0.52166665 0.9625 0.50416666 0.95989585 0.48666668 0.9526042 0.455 0.9453125 0.43083334 0.9401042 0.41666666 0.92604166 0.3925 0.9203125 0.37833333 0.9145833 0.35416666 0.909375 0.34666666 0.9010417 0.34666666 0.8984375 0.35 0.8921875 0.36 0.8932292 0.36416668 0.88489586 0.39083335 0.88125 0.39833334 0.8828125 0.40583333 0.8828125 0.4075 0.8796875 0.43083334 0.86354166 0.46583334 0.8296875 0.5225 0.8255208 0.52916664 0.825 0.5308333 0.8307292 0.5466667 0.8442708 0.6066667 0.8442708 0.60833335 0.8546875 0.60333335 0.88177085 0.5858333 0.896875 0.5708333 0.91770834 0.57 0.921875 0.57 0.953125 0.555 0.9661458 0.5475 0.9671875 0.5466667 0.9692708 0.5316667
17 0.98802084 0.26166666 0.94166666 0.265 0.9171875 0.3125 0.90416664 0.3375 0.90208334 0.345 0.9088542 0.345 0.9145833 0.3525 0.9213542 0.37833333 0.9270833 0.39 0.940625 0.41583332 0.953125 0.45666668 0.9609375 0.48833334 0.96302086 0.50416666 0.9682292 0.5175 0.97552085 0.5158333 0.9828125 0.5175 0.9895833 0.5183333 1.0 0.5158333 1.0 0.40416667 1.0 0.28666666
17 0.81041664 0.15833333 0.79791665 0.18833333 0.7875 0.20666666 0.765625 0.2525 0.7640625 0.25666666 0.76197916 0.2675 0.765625 0.28416666 0.76979166 0.2925 0.803125 0.32833335 0.8255208 0.35083333 0.8515625 0.38833332 0.8677083 0.40083334 0.8734375 0.40166667 0.88177085 0.3975 0.8932292 0.36416668 0.8911458 0.36 0.90208334 0.3425 0.90625 0.33083335 0.9453125 0.2575 0.9765625 0.19833334 0.978125 0.18333334 0.9760417 0.175 0.95208335 0.185 0.9390625 0.18833333 0.9213542 0.17333333 0.9166667 0.17333333 0.9036458 0.19833334 0.8859375 0.2125 0.86354166 0.225 0.8484375 0.22 0.8411458 0.2125 0.8197917 0.1825 0.81354165 0.16666667
17 0.87135416 0.0 0.84270835 0.013333334 0.8276042 0.018333333 0.8041667 0.028333334 0.7890625 0.033333335 0.778125 0.041666668 0.784375 0.07333333 0.809375 0.15583333 0.81822914 0.17416666 0.82239586 0.1825 0.84739584 0.21916667 0.86145836 0.22333333 0.86510414 0.2225 0.90208334 0.1975 0.91770834 0.1725 0.921875 0.17333333 0.9401042 0.185 0.94947916 0.18416667 0.990625 0.1675 1.0 0.1625 1.0 0.12916666 1.0 0.115 0.9869792 0.07666667 0.97291666 0.020833334 0.9682292 0.0
17 0.16197917 0.54833335 0.111979164 0.58666664 0.09427083 0.6041667 0.086979166 0.615 0.0828125 0.62166667 0.080729164 0.63416666 0.0796875 0.64416665 0.10729167 0.7058333 0.12864584 0.75666666 0.16041666 0.855 0.17916666 0.9058333 0.18541667 0.91333336 0.19479166 0.915 0.2015625 0.91 0.30520833 0.80833334 0.3140625 0.7991667 0.31614584 0.785 0.31458333 0.77666664 0.3 0.74083334 0.2828125 0.7008333 0.26927084 0.6775 0.25416666 0.6533333 0.25208333 0.645 0.25104168 0.62833333 0.24791667 0.6191667 0.2421875 0.6041667 0.2375 0.5808333 0.228125 0.555 0.22239584 0.5391667 0.215625 0.53583336 0.18645833 0.5425 0.1703125 0.5466667
