6 0.2671875 0.4475 0.27604166 0.46916667 0.296875 0.515 0.30885416 0.545 0.30572918 0.55 0.30052084 0.55916667 0.27447918 0.5808333 0.25364584 0.59833336 0.2375 0.60833335 0.20364584 0.6575 0.19166666 0.67583334 0.17708333 0.6875 0.175 0.68333334 0.1734375 0.6775 0.15104167 0.62083334 0.15104167 0.6125 0.165625 0.5925 0.20104167 0.53 0.20520833 0.5225 0.20729166 0.5275 0.22291666 0.5108333 0.2390625 0.4725 0.26614583 0.44666666
6 0.14270833 0.32666665 0.14895834 0.355 0.18229167 0.42166665 0.1953125 0.44916666 0.20989583 0.47583333 0.21614583 0.4975 0.20572917 0.5225 0.16458334 0.595 0.15104167 0.61333334 0.14947917 0.6225 0.1421875 0.61333334 0.1046875 0.5316667 0.058333334 0.43666667 0.055208333 0.43083334 0.072916664 0.40416667 0.10729167 0.36 0.14010416 0.32166666
6 0.06458333 0.2275 0.08958333 0.23666666 0.17708333 0.24166666 0.20520833 0.24 0.2140625 0.2425 0.21041666 0.3025 0.18333334 0.33416668 0.15416667 0.36333334 0.1484375 0.35416666 0.14375 0.3275 0.140625 0.32083333 0.1015625 0.36583334 0.0640625 0.41583332 0.060416665 0.41833332 0.049479168 0.41416666 0.0484375 0.38583332 0.046354167 0.34583333 0.048958335 0.30666667 0.045833334 0.23083334 0.050520834 0.23
6 0.26770833 0.235 0.31302083 0.3175 0.33854166 0.36833334 0.3328125 0.37416667 0.2625 0.45 0.23854166 0.47416666 0.2234375 0.50916666 0.20833333 0.5283333 0.20625 0.5233333 0.21666667 0.4975 0.21041666 0.47666666 0.18802084 0.43333334 0.18125 0.41916665 0.15416667 0.36333334 0.1828125 0.33583334 0.2109375 0.3025 0.2640625 0.23333333
6 0.49583334 0.24166666 0.5026042 0.25333333 0.5239583 0.31333333 0.5364583 0.34416667 0.50104165 0.35 0.46666667 0.35833332 0.46666667 0.365 0.478125 0.45 0.478125 0.45416668 0.44791666 0.49083334 0.42291668 0.51666665 0.41927084 0.51666665 0.40052083 0.45916668 0.39583334 0.44166666 0.3875 0.41833332 0.384375 0.40416667 0.36822918 0.355 0.36979166 0.35083333 0.40572917 0.32666665 0.42447916 0.31166667 0.47916666 0.25583333 0.49166667 0.24083333
6 0.54791665 0.34 0.578125 0.33333334 0.61354166 0.3075 0.6244792 0.305 0.625 0.31083333 0.6458333 0.46083334 0.6479167 0.48666668 0.6354167 0.49083334 0.5864583 0.50166667 0.51979166 0.52666664 0.503125 0.535 0.4890625 0.5391667 0.48802084 0.52416664 0.48854166 0.51916665 0.48645833 0.5125 0.48645833 0.5058333 0.48489583 0.5025 0.48489583 0.49666667 0.48333332 0.49 0.48333332 0.48416665 0.48177084 0.4775 0.48177084 0.47083333 0.48072916 0.46583334 0.48072916 0.46083334 0.47864583 0.455 0.47083333 0.40083334 0.46666667 0.36583334 0.46666667 0.35916665 0.48697916 0.35333332 0.50572914 0.34833333 0.53541666 0.34416667
6 0.640625 0.495 0.634375 0.56083333 0.63645834 0.6616667 0.63645834 0.68333334 0.6067708 0.68 0.575 0.67 0.56354165 0.6716667 0.55625 0.6725 0.55104166 0.6741667 0.54322916 0.6741667 0.53697914 0.67583334 0.53489584 0.6741667 0.5296875 0.675 0.5265625 0.6725 0.52760416 0.6525 0.5286458 0.6375 0.53229165 0.5233333 0.5859375 0.5025 0.63854164 0.49
6 0.746875 0.3525 0.75208336 0.425 0.7708333 0.51416665 0.7807292 0.5575 0.78229165 0.57416666 0.77916664 0.5775 0.75416666 0.58166665 0.7239583 0.5933333 0.684375 0.60833335 0.6723958 0.61583334 0.66822916 0.6116667 0.66510415 0.5908333 0.6640625 0.5808333 0.65729165 0.5058333 0.64947915 0.4575 0.68645835 0.40166667 0.7161458 0.355 0.7348958 0.35083333 0.7447917 0.34416667
6 0.6171875 0.19333333 0.6625 0.27583334 0.6848958 0.31333333 0.7109375 0.33416668 0.7161458 0.35333332 0.7161458 0.35666665 0.67395836 0.42083332 0.6458333 0.46 0.6333333 0.3675 0.6244792 0.30416667 0.61145836 0.30833334 0.5796875 0.33166668 0.5552083 0.33833334 0.5338542 0.3175 0.52916664 0.31 0.540625 0.29333332 0.5708333 0.2375 0.6109375 0.18833333
6 0.28072917 0.58 0.2796875 0.63 0.2875 0.7291667 0.27291667 0.76416665 0.25208333 0.7975 0.23802084 0.8308333 0.20677084 0.8283333 0.18125 0.82416666 0.17916666 0.8208333 0.18385416 0.8175 0.18489583 0.7075 0.17708333 0.68833333 0.178125 0.68666667 0.1921875 0.675 0.21822916 0.63666666 0.2375 0.60833335 0.25416666 0.5975 0.27864584 0.5775
