14 0.6859375 0.6 0.6770833 0.5991667 0.67760414 0.605 0.68177086 0.61333334 0.68072915 0.62 0.6848958 0.6308333 0.6875 0.6308333 0.7005208 0.64416665 0.70625 0.6566667 0.73854166 0.68 0.73645836 0.67583334 0.73802084 0.66583335 0.74427086 0.6408333 0.74322915 0.6325 0.79114586 0.52666664 0.8390625 0.41583332 0.8463542 0.40416667 0.84739584 0.39583334 0.8588542 0.38416666 0.8598958 0.37333333 0.8671875 0.35916665 0.8125 0.29 0.79895836 0.3125 0.796875 0.32583332 0.79322916 0.34666666 0.7734375 0.395 0.72447914 0.5108333 0.690625 0.5858333
14 0.7026042 0.72333336 0.68854165 0.73 0.6765625 0.7583333 0.73333335 0.82166666 0.74010414 0.8175 0.7494792 0.8016667 0.7546875 0.76166666 0.8052083 0.6716667 0.8203125 0.6425 0.82447916 0.62583333 0.85833335 0.56 0.85833335 0.5541667 0.88177085 0.54083335 0.8833333 0.5325 0.87604165 0.5258333 0.8296875 0.47333333 0.81927085 0.465 0.8177083 0.47083333 0.8109375 0.50166667 0.8015625 0.52666664 0.78489584 0.5625 0.74375 0.64416665 0.73802084 0.6641667 0.73645836 0.675 0.73854166 0.68 0.7291667 0.67333335 0.7140625 0.7033333 0.7078125 0.7175 0.70416665 0.7175
14 0.871875 0.64 0.8697917 0.6358333 0.86614585 0.6333333 0.8598958 0.61083335 0.8588542 0.61083335 0.85260415 0.5708333 0.8265625 0.6225 0.82447916 0.62583333 0.8203125 0.6425 0.8015625 0.67833334 0.80260414 0.6825 0.81614584 0.6725 0.825 0.6741667 0.8463542 0.66083336 0.8723958 0.6433333
14 0.83489585 0.46083334 0.83125 0.43416667 0.8203125 0.46 0.79010415 0.5283333 0.7916667 0.5466667 0.80260414 0.52416664 0.8109375 0.50166667 0.81927085 0.465 0.83125 0.475 0.83958334 0.48416665
14 0.7890625 0.31916666 0.7708333 0.32416666 0.7630208 0.32916668 0.7484375 0.33333334 0.7494792 0.3475 0.753125 0.34583333 0.76458335 0.3625 0.76666665 0.36416668 0.7661458 0.37416667 0.77447915 0.39166668 0.79322916 0.34666666 0.7984375 0.31583333
14 0.578125 0.5833333 0.625 0.6125 0.6489583 0.6275 0.6625 0.63 0.66197914 0.6225 0.6734375 0.62916666 0.67083335 0.6433333 0.6489583 0.69916666 0.6390625 0.72833335 0.63489586 0.7366667 0.6322917 0.73333335 0.63125 0.7291667 0.6234375 0.71416664 0.62291664 0.71 0.58697915 0.6875 0.5338542 0.65416664 0.5026042 0.63416666 0.503125 0.6308333 0.52916664 0.59583336 0.5630208 0.57166666
14 0.44739583 0.5708333 0.4359375 0.5925 0.44322917 0.6025 0.4765625 0.61583334 0.45989582 0.55833334 0.45833334 0.5541667
14 0.56614584 0.46 0.5572917 0.4525 0.54322916 0.42583334 0.525 0.41916665 0.51979166 0.4725 0.5078125 0.5075 0.56927085 0.46166667
14 0.7015625 0.54833335 0.6453125 0.5083333 0.5755208 0.56166667 0.6625 0.6225 0.6734375 0.62916666 0.6828125 0.6375 0.6958333 0.645 0.69947916 0.6433333 0.6875 0.63 0.6848958 0.6308333 0.68072915 0.62 0.68177086 0.61333334 0.6770833 0.605 0.6770833 0.59833336 0.6859375 0.6 0.69114584 0.585 0.7057292 0.5525
14 0.7317708 0.45833334 0.7078125 0.44666666 0.7140625 0.4675 0.69947916 0.48333332 0.67291665 0.48666668 0.653125 0.5025 0.66770834 0.50916666 0.67604166 0.51166666 0.690625 0.52416664 0.7135417 0.535 0.72552085 0.50916666 0.74375 0.465
14 0.5765625 0.36 0.5697917 0.3625 0.56875 0.375 0.56875 0.39333335 0.57135415 0.41583332 0.5671875 0.44416666 0.5640625 0.4425 0.55885416 0.43583333 0.5578125 0.44 0.56041664 0.44666666 0.5640625 0.45833334 0.56614584 0.46083334 0.56927085 0.4625 0.6197917 0.425 0.63958335 0.41083333 0.6041667 0.39083335 0.59270835 0.37583333 0.58020836 0.36333334
14 0.6578125 0.38833332 0.65052086 0.40333334 0.615625 0.4275 0.5151042 0.50166667 0.48020834 0.52916664 0.46822917 0.5208333 0.46041667 0.52666664 0.45208332 0.54083335 0.45989582 0.5575 0.4765625 0.61583334 0.484375 0.6483333 0.5026042 0.63666666 0.503125 0.6308333 0.52916664 0.59583336 0.5640625 0.5708333 0.67291665 0.48666668 0.69947916 0.48333332 0.71458334 0.4675 0.68958336 0.39083335 0.6822917 0.35916665 0.66302085 0.37166667
