2 0.24479167 0.54 0.19114584 0.59583336 0.17291667 0.62166667 0.2078125 0.715 0.23125 0.76666665 0.26510417 0.85083336 0.3 0.93833333 0.30104166 0.9425 0.3234375 0.9216667 0.3671875 0.87166667 0.39270833 0.83916664 0.43177083 0.80333334 0.45364583 0.775 0.44010416 0.74583334 0.4359375 0.735 0.43385416 0.7325 0.38072917 0.715 0.346875 0.70166665 0.321875 0.6925 0.303125 0.68583333 0.28229168 0.68 0.2359375 0.6666667 0.23020834 0.665 0.234375 0.6425 0.23854166 0.6066667 0.24739583 0.54 0.24895833 0.5375
2 0.29427084 0.925 0.28177083 0.94 0.27604166 0.9475 0.2609375 0.9166667 0.2328125 0.855 0.21875 0.8233333 0.2125 0.815 0.18802084 0.76916665 0.1765625 0.75083333 0.16666667 0.73083335 0.196875 0.68833333 0.19791667 0.6875 0.20833333 0.71666664 0.23072916 0.7658333 0.2859375 0.90416664
2 0.3625 0.8775 0.37864584 0.9458333 0.38489583 0.96416664 0.38645834 0.96666664 0.4109375 0.9533333 0.4546875 0.9316667 0.4859375 0.9116667 0.5395833 0.8725 0.55104166 0.8641667 0.54479164 0.84 0.534375 0.7966667 0.5072917 0.68083334 0.496875 0.63666666 0.48802084 0.60083336 0.4765625 0.68 0.4671875 0.7441667 0.46666667 0.7441667 0.43385416 0.7325 0.4359375 0.735 0.44010416 0.74583334 0.45364583 0.77416664 0.45364583 0.775 0.4375 0.79583335 0.43125 0.80333334 0.3921875 0.84 0.36354166 0.87583333
2 0.5182292 0.7241667 0.5421875 0.7 0.55104166 0.68666667 0.53541666 0.62583333 0.5182292 0.58666664 0.50625 0.55583334 0.4984375 0.52416664 0.48802084 0.60083336 0.5015625 0.65416664 0.5182292 0.725
2 0.28541666 0.3975 0.25364584 0.43916667 0.24895833 0.44666666 0.24114583 0.45416668 0.26145834 0.49416667 0.27083334 0.46166667 0.28333333 0.4275 0.28541666 0.40083334
2 0.20677084 0.5783333 0.171875 0.5325 0.16354166 0.5208333 0.1890625 0.47083333 0.24427083 0.35333332 0.28541666 0.25083333 0.3 0.2175 0.3546875 0.27916667 0.36822918 0.29583332 0.30833334 0.36833334 0.29583332 0.38416666 0.28697917 0.38166666 0.28541666 0.39833334 0.284375 0.39833334 0.253125 0.43916667 0.24895833 0.44666666 0.24114583 0.45416668 0.26145834 0.49416667 0.2484375 0.5375 0.24375 0.54083335 0.22395833 0.56166667
2 0.40625 0.24916667 0.46197918 0.30666667 0.47864583 0.32333332 0.52708334 0.40916666 0.53802085 0.42833334 0.50885415 0.46916667 0.5046875 0.475 0.5072917 0.45916668 0.47604167 0.4475 0.4015625 0.42166665 0.36666667 0.40916666 0.29635417 0.385 0.29583332 0.385 0.325 0.34916666 0.37239584 0.29166666 0.39947918 0.25916666
2 0.39427084 0.23666666 0.42239583 0.1725 0.46145833 0.07833333 0.49010417 0.01 0.5375 0.0675 0.575 0.104166664 0.65208334 0.18 0.68177086 0.20666666 0.68177086 0.21083333 0.62604165 0.355 0.590625 0.4375 0.5130208 0.35833332 0.47604167 0.32 0.40520832 0.24666667
2 0.13177083 0.0 0.15416667 0.0525 0.1609375 0.045 0.1734375 0.034166668 0.20885417 0.0
2 0.6666667 0.0 0.71302086 0.048333332 0.7270833 0.019166667 0.7369792 0.0
2 0.23020834 0.665 0.30260417 0.68583333 0.43072918 0.73083335 0.4671875 0.74333334 0.48229167 0.63916665 0.5015625 0.49833333 0.50677085 0.45916668 0.42604166 0.43083334 0.32083333 0.3925 0.28697917 0.3825 0.28333333 0.4275 0.27135417 0.46166667 0.2484375 0.53833336 0.24375 0.56916666 0.234375 0.6425
