0 0.8822917 0.34416667 0.8625 0.40666667 0.8328125 0.48416665 0.815625 0.5275 0.8109375 0.55916667 0.80260414 0.62833333 0.79791665 0.6558333 0.6958333 0.5933333 0.61614585 0.5325 0.6510417 0.47333333 0.67864585 0.4025 0.70208335 0.32583332 0.70989585 0.25 0.71458334 0.19083333 0.7416667 0.22583333 0.79895836 0.2625 0.82447916 0.28166667 0.85520834 0.30833334 0.87135416 0.31 0.8822917 0.32083333 0.88489586 0.33083335
0 0.7786458 0.185 0.78697914 0.255 0.75989586 0.23416667 0.740625 0.22166666 0.76145834 0.20083334
0 0.6723958 0.24416667 0.6255208 0.2525 0.58958334 0.26416665 0.5921875 0.29 0.6432292 0.49083334 0.65625 0.45833334 0.6848958 0.38416666 0.70104164 0.325 0.70989585 0.24416667
0 0.6510417 0.62916666 0.69895834 0.59833336 0.65416664 0.56166667 0.6421875 0.555 0.6401042 0.59833336
0 0.375 0.3125 0.44479167 0.35583332 0.5260417 0.385 0.57708335 0.40666667 0.571875 0.435 0.55104166 0.48833334 0.5307292 0.5316667 0.52447915 0.63666666 0.51979166 0.7525 0.5109375 0.7758333 0.44895834 0.735 0.4203125 0.6975 0.40625 0.69 0.321875 0.6975 0.30677083 0.685 0.3140625 0.64916664 0.35364583 0.52 0.36197916 0.45333335 0.36875 0.36833334 0.36979166 0.32583332
0 0.43072918 0.28166667 0.44895834 0.3225 0.46510416 0.36333334 0.41875 0.34083334 0.3984375 0.3275 0.41875 0.30583334
0 0.2984375 0.4425 0.34791666 0.3975 0.36770833 0.38583332 0.3640625 0.42583334 0.35572916 0.50166667 0.34895834 0.5441667 0.334375 0.5775 0.30989584 0.5441667 0.27604166 0.49166667 0.27239582 0.47166666
0 0.38854167 0.75416666 0.42395833 0.7058333 0.41614583 0.69666666 0.40625 0.68916667 0.3734375 0.695 0.378125 0.72333336
0 0.5572917 0.575 0.52552086 0.605 0.53020835 0.52916664 0.5453125 0.555 0.553125 0.57
0 0.83385414 0.5525 0.81041664 0.56166667 0.81354165 0.54 0.82135415 0.5133333 0.8276042 0.51416665 0.8354167 0.5425
