6 0.14635417 0.28333333 0.086979166 0.36666667 0.098958336 0.38833332 0.13854167 0.43333334 0.15885417 0.4525 0.184375 0.52416664 0.19010417 0.535 0.19479166 0.5233333 0.2359375 0.48 0.27239582 0.425 0.27760416 0.41833332 0.2703125 0.4075 0.2328125 0.35416666 0.22291666 0.37166667 0.21770833 0.3775 0.21354167 0.375 0.1625 0.2975 0.14739583 0.28083333
6 0.58020836 0.0058333334 0.590625 0.14333333 0.59479165 0.21916667 0.5963542 0.23333333 0.68958336 0.225 0.69427085 0.225 0.69635415 0.21083333 0.6921875 0.185 0.68958336 0.1725 0.6765625 0.0125 0.6703125 0.01 0.6546875 0.013333334 0.6411458 0.010833333 0.63489586 0.0016666667 0.59010416 0.0016666667
6 0.4578125 0.0 0.42708334 0.07833333 0.38802084 0.16333333 0.384375 0.17333333 0.38333333 0.18583333 0.390625 0.195 0.43385416 0.2275 0.45625 0.24416667 0.47239584 0.2525 0.48020834 0.245 0.48125 0.22583333 0.48697916 0.18583333 0.5005208 0.16416667 0.53229165 0.111666664 0.54270834 0.09583333 0.55052084 0.0725 0.50364584 0.031666666 0.47552082 0.0
6 0.4328125 0.2525 0.38645834 0.28166667 0.34947917 0.31166667 0.334375 0.32 0.3453125 0.35583332 0.37083334 0.47583333 0.384375 0.44833332 0.39791667 0.42333335 0.45 0.35 0.44010416 0.28583333 0.43697917 0.26333332
6 0.36822918 0.48083332 0.33697918 0.5391667 0.28489584 0.6025 0.28854167 0.6125 0.32916668 0.68333334 0.365625 0.7391667 0.37708333 0.7225 0.39427084 0.67833334 0.39166668 0.64916664 0.384375 0.5025 0.38177082 0.49 0.40572917 0.49 0.38645834 0.45416668 0.3828125 0.44916666 0.37135416 0.47333333
6 0.2953125 0.63 0.2796875 0.64916664 0.29270834 0.66833335 0.3015625 0.685 0.31666666 0.7158333 0.3203125 0.73 0.33697918 0.82416666 0.34166667 0.8408333 0.37395832 0.8233333 0.36822918 0.79583335 0.35208333 0.75416666 0.34375 0.72 0.34166667 0.7025 0.32135418 0.67 0.296875 0.62833333
6 0.375 0.9375 0.3484375 1.0 0.42552084 1.0 0.38385418 0.9458333
6 0.41927084 0.66333336 0.39322916 0.6816667 0.37916666 0.7191667 0.365625 0.74 0.34270832 0.7033333 0.34375 0.71666664 0.34739584 0.735 0.3515625 0.75166667 0.36770833 0.79583335 0.37552083 0.82916665 0.37604168 0.85333335 0.375 0.9191667 0.378125 0.9266667 0.409375 0.9066667 0.43385416 0.90416664 0.43177083 0.855 0.4671875 0.8516667 0.4609375 0.8325 0.4734375 0.8183333 0.45833334 0.75916666 0.45572916 0.68 0.45208332 0.6616667
6 0.5390625 0.48083332 0.521875 0.48583335 0.49479166 0.48916668 0.39375 0.49083334 0.38125 0.49 0.38489583 0.50166667 0.38958332 0.62666667 0.39166668 0.6558333 0.39479166 0.67833334 0.42083332 0.66333336 0.4625 0.66083336 0.49739584 0.66 0.54010415 0.66833335 0.5484375 0.6666667 0.54322916 0.56583333 0.54479164 0.48333332
6 0.5317708 0.7133333 0.5052083 0.77416664 0.47083333 0.82166666 0.46145833 0.8308333 0.4671875 0.8491667 0.50989586 0.9025 0.52760416 0.92583334 0.534375 0.92583334 0.56145835 0.97083336 0.5786458 0.99833333 0.58489585 0.98583335 0.6390625 0.87416667 0.64947915 0.85833335 0.63125 0.83416665 0.5875 0.7916667 0.5703125 0.7683333 0.5395833 0.7175
6 0.43125 0.8541667 0.44010416 1.0 0.48802084 1.0 0.50208336 0.9766667 0.52916664 0.9266667 0.46927083 0.85083336
6 0.52552086 0.93416667 0.48958334 1.0 0.57916665 1.0 0.534375 0.925 0.5296875 0.9266667
6 0.54375 0.56666666 0.5484375 0.66833335 0.534375 0.6666667 0.49895832 0.66083336 0.48697916 0.6958333 0.4578125 0.73083335 0.45833334 0.755 0.48802084 0.79833335 0.50572914 0.77416664 0.53125 0.7125 0.5385417 0.7158333 0.5708333 0.7683333 0.6140625 0.7008333 0.62083334 0.69 0.6223958 0.6725 0.5473958 0.5675
6 0.46979168 0.315 0.44635418 0.355 0.39479166 0.4275 0.3828125 0.45083332 0.40520832 0.49083334 0.48802084 0.48916668 0.5171875 0.48583335 0.540625 0.48083332 0.54479164 0.48333332 0.54375 0.5491667 0.5755208 0.50666666 0.55833334 0.47666666 0.5229167 0.42583334 0.5109375 0.40416667 0.47447917 0.32
6 0.45260417 0.6625 0.4546875 0.6766667 0.48125 0.70166665 0.48697916 0.6958333 0.4984375 0.66083336 0.45520833 0.6616667
6 0.575 0.5075 0.54375 0.5491667 0.54322916 0.56666666 0.546875 0.56666666 0.58802086 0.62416667 0.6119792 0.5733333 0.621875 0.5475 0.58697915 0.5158333
6 0.53802085 0.2 0.47291666 0.25166667 0.46979168 0.25083333 0.4421875 0.27 0.44739583 0.29 0.46302083 0.325 0.46979168 0.315 0.47447917 0.32 0.5130208 0.40916666 0.5416667 0.4525 0.60260415 0.40666667 0.59479165 0.38083333 0.59010416 0.37416667 0.5755208 0.34333333 0.5546875 0.26583335 0.5494792 0.24666667 0.5473958 0.21666667 0.5416667 0.2025
6 0.63072914 0.8908333 0.584375 0.9866667 0.5911458 1.0 0.6625 1.0 0.640625 0.93333334 0.63177085 0.89666665
6 0.875 0.8 0.8598958 0.81083333 0.79895836 0.8575 0.7395833 0.8833333 0.76770836 1.0 0.846875 1.0 0.8598958 0.9916667 0.9010417 0.985 0.9135417 0.9766667 0.91770834 0.965 0.8958333 0.8725 0.8776042 0.80916667
6 0.8151042 0.5208333 0.81041664 0.5516667 0.8119792 0.57666665 0.7963542 0.64416665 0.77447915 0.75 0.7859375 0.75083333 0.815625 0.76666665 0.88125 0.7966667 0.88177085 0.7675 0.8880208 0.73583335 0.89739585 0.6625 0.9109375 0.59166664 0.9203125 0.5675 0.89947915 0.55583334 0.8208333 0.52
6 0.16197917 0.093333334 0.13958333 0.14666666 0.12760417 0.19166666 0.13020833 0.2 0.111979164 0.21083333 0.09791667 0.21583334 0.104166664 0.22916667 0.11666667 0.24583334 0.14895834 0.2825 0.16197917 0.2975 0.2125 0.37416667 0.21822916 0.37666667 0.22395833 0.37 0.26822916 0.29166666 0.28854167 0.25166667 0.28802082 0.24833333 0.28020832 0.23583333 0.27083334 0.2275 0.2078125 0.15166667 0.17864583 0.115 0.1734375 0.104166664
