14 0.19479166 0.6175 0.19635417 0.65833336 0.19010417 0.6666667 0.19322917 0.66833335 0.19583334 0.66833335 0.22135417 0.6508333 0.2140625 0.64416665 0.20208333 0.62583333 0.19739583 0.6191667
14 0.25208333 0.5883333 0.25364584 0.6091667 0.2640625 0.61583334 0.26458332 0.6225 0.259375 0.6358333 0.2234375 0.6508333 0.225 0.63666666 0.22760417 0.6191667 0.24739583 0.5941667
14 0.2265625 0.495 0.27083334 0.43666667 0.32395834 0.36333334 0.33697918 0.34666666 0.3390625 0.3425 0.3375 0.33833334 0.33854166 0.335 0.3484375 0.34 0.34427083 0.34916666 0.34010416 0.36583334 0.33958334 0.36916667 0.340625 0.37166667 0.36041668 0.38166666 0.37447917 0.39083335 0.38489583 0.4 0.38645834 0.40583333 0.38385418 0.41583332 0.37291667 0.425 0.33541667 0.46916667 0.29583332 0.5283333 0.2515625 0.5883333 0.23541667 0.6091667 0.22708334 0.6191667 0.22291666 0.65 0.22135417 0.65 0.21458334 0.64416665 0.21458334 0.64416665 0.20364584 0.62833333 0.1984375 0.6191667 0.19479166 0.6166667 0.17395833 0.59 0.16302083 0.5675 0.165625 0.56 0.16666667 0.56083333 0.16770834 0.56416667 0.17291667 0.56416667 0.178125 0.56 0.178125 0.55833334 0.18958333 0.545 0.19427083 0.5391667 0.20364584 0.52916664 0.21927084 0.5058333 0.22552083 0.49666667
14 0.23697917 0.695 0.25416666 0.70166665 0.28697917 0.7216667 0.30572918 0.7341667 0.3109375 0.7158333 0.31041667 0.7075 0.30885416 0.69666666 0.30989584 0.68 0.32135418 0.645 0.36458334 0.4875 0.38333333 0.425 0.3875 0.41583332 0.3984375 0.40583333 0.4 0.3925 0.39947918 0.38916665 0.3890625 0.37833333 0.38177082 0.3725 0.3765625 0.3725 0.36979166 0.3675 0.36354166 0.36583334 0.35260418 0.36583334 0.34114584 0.37166667 0.3546875 0.37833333 0.36145833 0.38166666 0.37135416 0.38833332 0.38541666 0.39916667 0.38645834 0.40583333 0.38385418 0.41583332 0.3734375 0.425 0.34010416 0.46416667 0.33489582 0.47 0.328125 0.48 0.31875 0.495 0.29791668 0.5258333 0.2875 0.54 0.2796875 0.57166666 0.26510417 0.62 0.26458332 0.6225 0.25885418 0.6358333 0.2484375 0.6533333 0.24010417 0.67083335 0.23697917 0.68583333 0.23541667 0.69166666 0.23541667 0.6933333
14 0.24739583 0.7975 0.25416666 0.7991667 0.25989583 0.80333334 0.28802082 0.85583335 0.29947916 0.87416667 0.3046875 0.86583334 0.3125 0.8383333 0.31614584 0.825 0.35833332 0.77416664 0.42604166 0.68833333 0.434375 0.6741667 0.45364583 0.6641667 0.46875 0.65166664 0.47083333 0.64 0.46041667 0.6275 0.44635418 0.5991667 0.43333334 0.5833333 0.42291668 0.5833333 0.4015625 0.60833335 0.31458333 0.7225 0.30416667 0.73583335 0.27552083 0.7708333 0.271875 0.77416664 0.25416666 0.7808333 0.25364584 0.7816667 0.24895833 0.78583336 0.24739583 0.7925
14 0.36041668 0.5058333 0.371875 0.5225 0.38229167 0.5258333 0.39479166 0.53333336 0.42291668 0.56916666 0.4328125 0.5825 0.4328125 0.5825 0.44791666 0.6 0.49375 0.6566667 0.5140625 0.6791667 0.51875 0.68 0.52552086 0.7125 0.52760416 0.71666664 0.53229165 0.7216667 0.5484375 0.68583333 0.5734375 0.61583334 0.5697917 0.61 0.56666666 0.61583334 0.54583335 0.60583335 0.515625 0.5708333 0.46927083 0.5133333 0.4125 0.44583333 0.40885416 0.425 0.396875 0.40916666 0.39583334 0.40833333 0.3875 0.41666666 0.38385418 0.425 0.36875 0.4725 0.3609375 0.50166667 0.35989583 0.505
14 0.47916666 0.6408333 0.45104167 0.69416666 0.44114584 0.715 0.43958333 0.715 0.4390625 0.7108333 0.43541667 0.7108333 0.425 0.7225 0.45 0.765 0.46770832 0.79 0.47708333 0.80083334 0.4828125 0.8041667 0.48489583 0.7916667 0.4796875 0.78583336 0.50364584 0.74 0.5234375 0.70666665 0.5234375 0.7033333 0.5182292 0.68083334 0.5140625 0.6791667 0.49270833 0.6558333 0.4828125 0.6433333 0.48020834 0.64
14 0.5151042 0.5683333 0.534375 0.5316667 0.54479164 0.5125 0.54895836 0.50666666 0.55052084 0.5 0.55677086 0.47333333 0.5703125 0.4475 0.5942708 0.48333332 0.6265625 0.53 0.62916666 0.5341667 0.61510414 0.55916667 0.5984375 0.5708333 0.58958334 0.57666665 0.58020836 0.59583336 0.571875 0.6116667 0.57135415 0.6125 0.5697917 0.6091667 0.56666666 0.61583334 0.546875 0.6066667 0.54583335 0.60583335 0.5416667 0.6 0.53229165 0.59 0.521875 0.5775 0.51458335 0.56916666
14 0.5364583 0.5258333 0.5171875 0.51666665 0.50364584 0.50916666 0.4984375 0.5475 0.49947917 0.55 0.51458335 0.5683333 0.5151042 0.5683333 0.5239583 0.5516667 0.5317708 0.5366667 0.5364583 0.52666664
14 0.55104166 0.49583334 0.52447915 0.48916668 0.51145834 0.48166665 0.5083333 0.48166665 0.5005208 0.48916668 0.4984375 0.49083334 0.48958334 0.48833334 0.478125 0.48083332 0.48229167 0.46666667 0.4875 0.4325 0.49166667 0.3725 0.49166667 0.3675 0.5151042 0.37583333 0.5203125 0.385 0.52135414 0.39416668 0.53489584 0.415 0.5364583 0.4175 0.5395833 0.43333334 0.5463542 0.45 0.5546875 0.48166665 0.55260414 0.49
14 0.52135414 0.38 0.52135414 0.37083334 0.52447915 0.37 0.52760416 0.37333333 0.5307292 0.37166667 0.55677086 0.37333333 0.575 0.37083334 0.5708333 0.3525 0.56822914 0.345 0.57395834 0.3475 0.5854167 0.3775 0.60520834 0.44083333 0.62604165 0.51916665 0.6302083 0.5341667 0.6296875 0.53333336 0.62708336 0.53 0.6125 0.50916666 0.58385414 0.4675 0.5703125 0.4475 0.5619792 0.4625 0.55625 0.47333333 0.5546875 0.48166665 0.5463542 0.45 0.5395833 0.43333334 0.5364583 0.41666666 0.52447915 0.39916667 0.521875 0.39416668 0.5208333 0.38916665
14 0.56458336 0.64416665 0.5921875 0.655 0.6067708 0.66 0.590625 0.60833335 0.5854167 0.58666664 0.578125 0.60083336 0.571875 0.6125 0.5734375 0.615 0.5734375 0.61583334 0.5671875 0.63416666 0.5640625 0.6425
14 0.6067708 0.6616667 0.60833335 0.6741667 0.6125 0.71 0.6166667 0.7075 0.61927086 0.69166666 0.62135416 0.68916667 0.6411458 0.68416667 0.65260416 0.68 0.6625 0.68416667 0.6744792 0.6975 0.6765625 0.68 0.675 0.66833335 0.6703125 0.6566667 0.66197914 0.6425 0.65260416 0.6125 0.63854164 0.56 0.6302083 0.5341667 0.6296875 0.5341667 0.62916666 0.5341667 0.61510414 0.56 0.59010416 0.57666665 0.5854167 0.5858333 0.5854167 0.58666664 0.59010416 0.605 0.5911458 0.60833335 0.60052085 0.63916665 0.60729164 0.66
14 0.64427084 0.58 0.67760414 0.5925 0.69427085 0.59833336 0.7005208 0.59833336 0.72291666 0.5933333 0.7348958 0.59833336 0.7317708 0.6333333 0.72239584 0.68583333 0.715625 0.7108333 0.703125 0.70916665 0.6927083 0.6875 0.6765625 0.6825 0.6765625 0.68 0.675 0.66833335 0.67083335 0.6566667 0.66197914 0.6433333 0.66197914 0.6425 0.6567708 0.62583333 0.653125 0.61333334 0.6484375 0.59583336 0.64427084 0.58
14 0.6265625 0.5183333 0.67395836 0.535 0.68958336 0.54083335 0.6927083 0.5441667 0.7015625 0.5566667 0.7171875 0.56416667 0.7234375 0.5375 0.73020834 0.47666666 0.7328125 0.44916666 0.728125 0.445 0.7161458 0.44166666 0.6979167 0.445 0.69166666 0.44916666 0.65052086 0.43416667 0.6177083 0.425 0.59947914 0.42083332 0.60625 0.44333333 0.62083334 0.49833333 0.6255208 0.515
14 0.118229166 0.34666666 0.12135417 0.32333332 0.1265625 0.31666666 0.15625 0.29833335 0.18541667 0.28666666 0.1875 0.28666666 0.19166666 0.30916667 0.19166666 0.32833335 0.19114584 0.33916667 0.20208333 0.39416668 0.22604166 0.495 0.20364584 0.52916664 0.19583334 0.5375 0.178125 0.55833334 0.1703125 0.5275 0.14947917 0.44083333 0.13020833 0.3675 0.1234375 0.3525
