6 0.16614583 0.28083333 0.17083333 0.3025 0.18125 0.3425 0.19166666 0.38916665 0.19791667 0.4 0.20572917 0.4275 0.20729166 0.4425 0.221875 0.4275 0.275 0.38916665 0.29583332 0.37083334 0.334375 0.34916666 0.3484375 0.34083334 0.3328125 0.2775 0.3078125 0.17416666 0.29427084 0.17916666 0.25625 0.21916667 0.24010417 0.23166667 0.21927084 0.245 0.17239584 0.27
6 0.35989583 0.17833333 0.3625 0.2 0.37604168 0.23916666 0.38802084 0.28 0.39739582 0.31666666 0.39583334 0.33 0.39375 0.36666667 0.39791667 0.39083335 0.43802083 0.375 0.48541668 0.35 0.48177084 0.33166668 0.50885415 0.31833333 0.49947917 0.295 0.4828125 0.26666668 0.4828125 0.22416666 0.47552082 0.1575 0.4703125 0.13666667 0.371875 0.16916667
6 0.5932292 0.285 0.59583336 0.30583334 0.5984375 0.3575 0.60260415 0.4125 0.6041667 0.44166666 0.6098958 0.47583333 0.615625 0.5025 0.5890625 0.5341667 0.5729167 0.55333334 0.54010415 0.565 0.5078125 0.56666666 0.5072917 0.5391667 0.5109375 0.44 0.5161458 0.40583333 0.5072917 0.39416668 0.4921875 0.36666667 0.48645833 0.355 0.484375 0.3475 0.48229167 0.33166668 0.5171875 0.31416667
6 0.3625 0.405 0.39166668 0.5183333 0.40104166 0.55083334 0.41666666 0.5425 0.45572916 0.5083333 0.5026042 0.46916667 0.50625 0.47333333 0.50989586 0.47333333 0.5109375 0.44 0.5161458 0.405 0.5072917 0.39333335 0.49322918 0.36916667 0.48489583 0.35 0.43958333 0.37416667 0.3984375 0.39083335 0.39375 0.3675 0.39427084 0.36 0.35677084 0.375
6 0.34114584 0.3525 0.34895834 0.36333334 0.35625 0.37166667 0.35729167 0.3775 0.36302084 0.40833333 0.38854167 0.505 0.39583334 0.5341667 0.40104166 0.55083334 0.37552083 0.52916664 0.31927082 0.50166667 0.31614584 0.52166665 0.27864584 0.5 0.2640625 0.4925 0.25208333 0.48083332 0.27395833 0.41333333 0.28020832 0.38333333 0.29635417 0.37 0.33697918 0.3475
6 0.41145834 0.5541667 0.39947918 0.5491667 0.37604168 0.52916664 0.31927082 0.50166667 0.315625 0.52416664 0.30416667 0.61583334 0.28802082 0.7183333 0.28333333 0.74083334 0.2828125 0.755 0.3921875 0.7966667 0.39583334 0.7808333 0.4 0.7633333 0.3875 0.7583333 0.38854167 0.7391667 0.39739582 0.715 0.40104166 0.67 0.4046875 0.6483333 0.40364584 0.6383333 0.40885416 0.62666667 0.41979167 0.5875 0.41979167 0.55916667
6 0.4125 0.54833335 0.4125 0.555 0.4015625 0.55 0.4125 0.5441667
6 0.41770834 0.5441667 0.41979167 0.55916667 0.41979167 0.59583336 0.42083332 0.62 0.41822916 0.63166666 0.41354167 0.6691667 0.41197917 0.68083334 0.39739582 0.7158333 0.38802084 0.74 0.3875 0.7583333 0.4 0.7625 0.46666667 0.775 0.49739584 0.78333336 0.49947917 0.7725 0.50364584 0.71416664 0.509375 0.69666666 0.5083333 0.68416667 0.51770836 0.63 0.528125 0.58166665 0.5296875 0.5775 0.5307292 0.56583333 0.5078125 0.56583333 0.5072917 0.5441667 0.44166666 0.52 0.41822916 0.54083335
6 0.56614584 0.56083333 0.5515625 0.5775 0.546875 0.5783333 0.53229165 0.59583336 0.53229165 0.60333335 0.5552083 0.64 0.5828125 0.69 0.60625 0.73333335 0.61041665 0.7325 0.62395835 0.71416664 0.6375 0.68833333 0.65989584 0.6558333 0.6723958 0.63416666 0.71302086 0.5833333 0.7239583 0.56583333 0.725 0.55916667 0.70520836 0.525 0.6848958 0.5025 0.67083335 0.49 0.65520835 0.46666667 0.64635414 0.445 0.63854164 0.45083332 0.615625 0.50333333 0.5885417 0.5341667 0.571875 0.5541667
6 0.096354164 0.7125 0.09739583 0.7375 0.0984375 0.7633333 0.1015625 0.77416664 0.10625 0.835 0.11145833 0.8383333 0.14270833 0.8183333 0.19427083 0.7941667 0.25572917 0.77916664 0.27083334 0.77166665 0.26354167 0.7275 0.24114583 0.5966667 0.23489584 0.5966667 0.21927084 0.6066667 0.19583334 0.62 0.18854167 0.6641667 0.1828125 0.6983333 0.17604166 0.72583336 0.16979167 0.72333336 0.13854167 0.70916665 0.096875 0.69 0.0875 0.68583333 0.09322917 0.69916666
6 0.12552084 0.43583333 0.11770833 0.4525 0.116145834 0.47416666 0.111979164 0.50333333 0.104166664 0.53833336 0.0921875 0.58 0.071875 0.64416665 0.063541666 0.6741667 0.17604166 0.72583336 0.1828125 0.6975 0.196875 0.6141667 0.20520833 0.57666665 0.20416667 0.54583335 0.20625 0.53 0.21822916 0.52 0.23072916 0.50416666 0.2234375 0.49833333 0.18645833 0.47416666 0.1328125 0.44 0.12864584 0.43583333
