17 0.40260416 0.0 0.41197917 0.018333333 0.4265625 0.026666667 0.4375 0.018333333 0.45885417 0.0
17 0.6203125 0.0 0.6354167 0.018333333 0.6515625 0.04 0.66041666 0.0475 0.6666667 0.043333333 0.66510415 0.051666666 0.67864585 0.051666666 0.68958336 0.0475 0.7046875 0.031666666 0.7270833 0.0
17 0.46510416 0.21166667 0.46041667 0.17 0.4625 0.15666667 0.4671875 0.14666666 0.50989586 0.12833333 0.55625 0.11416667 0.5833333 0.10666667 0.5963542 0.104166664 0.6041667 0.11 0.6119792 0.12 0.615625 0.165 0.61145836 0.16916667 0.61614585 0.17333333 0.6197917 0.24416667 0.6255208 0.30916667 0.6302083 0.35583332 0.6333333 0.42416668 0.6296875 0.43666667 0.62291664 0.4475 0.590625 0.45416668 0.5755208 0.45833334 0.55104166 0.46 0.53229165 0.47333333 0.5546875 0.445 0.5546875 0.4375 0.56041664 0.43666667 0.57447916 0.42083332 0.5765625 0.4075 0.575 0.38833332 0.56458336 0.37 0.53125 0.31166667 0.49791667 0.255 0.4859375 0.24 0.48177084 0.2375 0.475 0.23833333 0.46875 0.24333334 0.46666667 0.21916667 0.46875 0.215
17 0.40416667 0.5283333 0.375 0.51666665 0.35729167 0.49916667 0.35 0.48583335 0.34895834 0.47833332 0.34791666 0.4575 0.353125 0.4425 0.35416666 0.4275 0.36197916 0.40583333 0.37395832 0.39 0.40104166 0.35833332 0.40416667 0.35 0.40677083 0.3375 0.44583333 0.28 0.45833334 0.26333332 0.46614584 0.24833333 0.46927083 0.2425 0.4734375 0.23916666 0.4796875 0.2375 0.48385417 0.23916666 0.48802084 0.2425 0.4984375 0.255 0.546875 0.33916667 0.57447916 0.3875 0.5765625 0.40916666 0.57395834 0.42166665 0.56458336 0.43166667 0.5598958 0.43583333 0.5546875 0.43666667 0.5546875 0.44666666 0.54270834 0.45916668 0.53020835 0.47583333 0.49635416 0.51666665 0.45052084 0.57666665 0.42760417 0.6066667 0.41927084 0.6091667 0.41041666 0.5925 0.4125 0.55916667 0.4125 0.535
17 0.35833332 0.56333333 0.35104167 0.55333334 0.3484375 0.5416667 0.34739584 0.52916664 0.35364583 0.51666665 0.359375 0.50333333 0.375 0.51666665 0.40416667 0.5283333 0.41302082 0.535 0.41197917 0.5675 0.41041666 0.5883333 0.403125 0.5825 0.39010417 0.58166665 0.37239584 0.575 0.365625 0.57166666
17 0.5286458 0.47833332 0.53802085 0.49166667 0.5416667 0.50333333 0.55104166 0.51916665 0.56458336 0.53333336 0.57239586 0.5258333 0.58229166 0.52916664 0.58802086 0.5391667 0.5921875 0.5575 0.58958334 0.56666666 0.56927085 0.6225 0.54895836 0.6725 0.52552086 0.7241667 0.51979166 0.735 0.51145834 0.73833334 0.50364584 0.7375 0.48645833 0.71666664 0.46770832 0.69166666 0.45 0.65166664 0.43177083 0.62166667 0.41979167 0.6091667 0.42760417 0.6075 0.4921875 0.52166665 0.52708334 0.47916666
17 0.59166664 1.0 0.5875 0.9691667 0.584375 0.9325 0.5875 0.90833336 0.59791666 0.8875 0.61302084 0.87166667 0.6244792 0.8675 0.6401042 0.83166665 0.659375 0.785 0.6723958 0.7583333 0.68333334 0.76166666 0.74895835 0.775 0.75625 0.78583336 0.7609375 0.7966667 0.75364584 0.83416665 0.7484375 0.8325 0.7484375 0.8383333 0.7526042 0.8408333 0.7395833 0.9091667 0.7265625 0.955 0.71979165 0.98833334 0.7171875 1.0
17 0.5776042 0.9633333 0.56666666 0.9675 0.54791665 0.9675 0.534375 0.9633333 0.51770836 0.9608333 0.50989586 0.9558333 0.50364584 0.945 0.5005208 0.9375 0.50572914 0.84833336 0.50625 0.8441667 0.50885415 0.84 0.51666665 0.76166666 0.5229167 0.74916667 0.5296875 0.7366667 0.5375 0.735 0.5578125 0.74083334 0.57708335 0.74833333 0.61145836 0.7525 0.6432292 0.75416666 0.65989584 0.7525 0.6723958 0.7575 0.6588542 0.78583336 0.62395835 0.86833334 0.61354166 0.87166667 0.596875 0.8875 0.5875 0.9066667 0.58385414 0.9325 0.58697915 0.9675
17 0.421875 1.0 0.45416668 0.97083336 0.46302083 0.9608333 0.4671875 0.9433333 0.465625 0.9266667 0.45989582 0.9116667 0.45052084 0.8933333 0.43958333 0.875 0.43489584 0.865 0.43020833 0.8541667 0.4078125 0.8441667 0.390625 0.8283333 0.3890625 0.80916667 0.38645834 0.80333334 0.37395832 0.80083334 0.33697918 0.8075 0.31145832 0.80583334 0.28385416 0.7966667 0.2765625 0.795 0.26927084 0.78 0.26927084 0.76916665 0.27135417 0.7375 0.26354167 0.7425 0.2609375 0.7625 0.26041666 0.7775 0.2640625 0.7966667 0.26822916 0.79833335 0.26770833 0.80583334 0.2828125 0.86583334 0.30520833 0.9433333 0.33020833 1.0
17 0.28072917 0.5683333 0.275 0.63666666 0.271875 0.70166665 0.27135417 0.7366667 0.26927084 0.77916664 0.27083334 0.78333336 0.27604166 0.795 0.31302083 0.80583334 0.3359375 0.8066667 0.36979166 0.80083334 0.38020834 0.80083334 0.38645834 0.8025 0.38854167 0.80916667 0.39166668 0.83 0.409375 0.84583336 0.43645832 0.8566667 0.44635418 0.8566667 0.45520833 0.85083336 0.4609375 0.8125 0.46770832 0.7808333 0.47447917 0.7441667 0.48125 0.71 0.47604167 0.7033333 0.46770832 0.69166666 0.45416668 0.66 0.44791666 0.6483333 0.43177083 0.6225 0.41927084 0.6091667 0.41041666 0.5941667 0.40989584 0.59166664 0.40989584 0.5875 0.4046875 0.5833333 0.3875 0.58166665 0.37135416 0.5758333 0.35625 0.5683333 0.31927082 0.5575 0.30520833 0.5525 0.29427084 0.5525 0.2890625 0.555
17 0.209375 0.66083336 0.15104167 0.56666666 0.10989583 0.50166667 0.1109375 0.495 0.10520833 0.49583334 0.09322917 0.47666666 0.08645833 0.4625 0.088541664 0.445 0.096354164 0.4325 0.15885417 0.34666666 0.19010417 0.305 0.19791667 0.30083334 0.20989583 0.30416667 0.21875 0.31916666 0.22239584 0.325 0.22395833 0.33083335 0.221875 0.33583334 0.22708334 0.33416668 0.2625 0.4075 0.2703125 0.4275 0.26979166 0.46333334 0.27239582 0.48833334 0.28854167 0.4825 0.2953125 0.4675 0.30364582 0.46416667 0.30989584 0.465 0.31666666 0.475 0.31927082 0.48666668 0.32083333 0.50166667 0.31770834 0.5183333 0.30625 0.55333334 0.29270834 0.5525 0.28697917 0.5566667 0.28125 0.56666666 0.2765625 0.6225 0.25625 0.6666667 0.253125 0.67333335 0.24375 0.6816667 0.23541667 0.685 0.23020834 0.6825
17 0.2671875 0.65 0.27447918 0.64416665 0.2765625 0.62333333 0.2703125 0.63666666 0.26197916 0.655
17 0.24427083 0.68833333 0.18541667 0.75166667 0.14635417 0.7866667 0.14635417 0.7825 0.14270833 0.7841667 0.14375 0.7891667 0.12916666 0.8016667 0.123958334 0.79833335 0.1109375 0.7875 0.10625 0.7816667 0.0859375 0.7275 0.0640625 0.65416664 0.05 0.62 0.051041666 0.59833336 0.057291668 0.58666664 0.091145836 0.55583334 0.102604166 0.5441667 0.114583336 0.5375 0.12760417 0.53 0.209375 0.66 0.2234375 0.67583334 0.23177083 0.68416667 0.23489584 0.685 0.24270834 0.6825 0.25208333 0.6741667
17 0.0 0.44083333 0.005729167 0.43916667 0.0067708334 0.4475 0.009895833 0.44166666 0.06458333 0.43916667 0.09166667 0.43916667 0.0890625 0.44333333 0.08645833 0.4625 0.0921875 0.47583333 0.10520833 0.495 0.11145833 0.49416667 0.109375 0.50166667 0.12760417 0.53 0.10208333 0.5441667 0.0546875 0.5883333 0.0515625 0.59833336 0.050520834 0.60833335 0.019270834 0.5941667 0.0140625 0.5941667 0.0 0.6075
17 0.05625 0.8525 0.015625 0.7625 0.0 0.7125 0.0 0.6066667 0.013541667 0.595 0.01875 0.5941667 0.050520834 0.60833335 0.050520834 0.62083334 0.065104164 0.6575 0.078125 0.7 0.084895834 0.72583336 0.10625 0.78333336 0.1265625 0.80083334 0.12916666 0.8016667 0.14375 0.7891667 0.14270833 0.785 0.1453125 0.78333336 0.14635417 0.7875 0.19114584 0.74666667 0.19322917 0.745 0.19739583 0.75666666 0.2015625 0.76916665 0.203125 0.79333335 0.20260416 0.84583336 0.19583334 0.8566667 0.18854167 0.8625 0.14010416 0.8541667 0.100520834 0.85 0.08385417 0.85083336
17 0.16510417 0.0 0.20572917 0.016666668 0.21770833 0.020833334 0.24114583 0.023333333 0.26666668 0.023333333 0.275 0.02 0.28177083 0.008333334 0.28333333 0.0
