6 0.65625 0.2475 0.653125 0.24166666 0.61041665 0.27 0.5708333 0.29916668 0.54895836 0.31416667 0.5416667 0.3175 0.5229167 0.32166666 0.5171875 0.32333332 0.5072917 0.33083335 0.5046875 0.33333334 0.50625 0.33916667 0.51979166 0.385 0.53125 0.4225 0.5359375 0.42916667 0.53802085 0.43583333 0.5395833 0.45333335 0.54010415 0.4675 0.54114586 0.48333332 0.5421875 0.48666668 0.5453125 0.48833334 0.5484375 0.48916668 0.5546875 0.48666668 0.55833334 0.4825 0.5807292 0.46833333 0.61302084 0.44833332 0.6401042 0.435 0.64479166 0.43333334 0.64479166 0.4275 0.6458333 0.42666668 0.6484375 0.42666668 0.65520835 0.4275 0.65989584 0.42916667 0.6635417 0.43 0.6791667 0.425 0.6859375 0.42166665 0.68958336 0.41916665 0.68177086 0.38333333 0.6640625 0.29166666 0.65833336 0.25583333
6 0.6 0.45833334 0.6078125 0.47083333 0.615625 0.48416665 0.62135416 0.49083334 0.6197917 0.4825 0.61875 0.47083333 0.6177083 0.4625 0.6177083 0.45916668 0.6255208 0.45833334 0.63489586 0.455 0.64375 0.45583335 0.64427084 0.45333335 0.64635414 0.43 0.64635414 0.42666668 0.6453125 0.4275 0.6453125 0.42916667 0.6453125 0.43416667 0.6411458 0.435 0.6390625 0.43583333 0.615625 0.4475 0.6125 0.44916666 0.59947914 0.45666668
6 0.5932292 0.28166667 0.59739584 0.2725 0.61510414 0.24083333 0.6322917 0.2075 0.6411458 0.18833333 0.6489583 0.17666666 0.659375 0.18916667 0.6953125 0.24666667 0.7239583 0.29166666 0.73072916 0.3 0.73229164 0.3025 0.7270833 0.31166667 0.70885414 0.33583334 0.68854165 0.36583334 0.6802083 0.37666667 0.66822916 0.31333333 0.66041666 0.26833335 0.6567708 0.2475 0.653125 0.24166666 0.6197917 0.26416665 0.59947914 0.27833334
6 0.7317708 0.44916666 0.73020834 0.43083334 0.728125 0.43083334 0.6979167 0.44 0.6802083 0.44333333 0.67604166 0.44416666 0.6875 0.45583335 0.6927083 0.46 0.7171875 0.45416668
6 0.77708334 0.43833333 0.7708333 0.43916667 0.765625 0.4425 0.7505208 0.44666666 0.73333335 0.44916666 0.73125 0.44916666 0.71666664 0.455 0.6927083 0.46 0.68645835 0.45416668 0.675 0.44333333 0.6625 0.43166667 0.6578125 0.42916667 0.64947915 0.42666668 0.6458333 0.42666668 0.64635414 0.43083334 0.64427084 0.4575 0.63958335 0.5208333 0.64166665 0.5966667 0.6421875 0.6091667 0.64739585 0.6125 0.65416664 0.615 0.6635417 0.61333334 0.70208335 0.605 0.72447914 0.60333335 0.7416667 0.6091667 0.78020835 0.62416667 0.784375 0.6225 0.7916667 0.6225 0.79270834 0.6166667 0.79114586 0.5308333 0.78802085 0.46 0.78697914 0.45 0.778125 0.44666666 0.77552086 0.44416666
6 0.62291664 0.49333334 0.62864584 0.53 0.63072914 0.5425 0.6375 0.56666666 0.640625 0.58 0.6401042 0.5375 0.63958335 0.5208333 0.6421875 0.4825 0.64375 0.45583335 0.634375 0.455 0.62604165 0.4575 0.6177083 0.45916668 0.61822915 0.4675 0.6197917 0.4825
6 0.64375 0.6141667 0.6401042 0.6383333 0.63697916 0.66833335 0.6359375 0.6791667 0.63697916 0.7 0.68177086 0.69416666 0.73125 0.68416667 0.7494792 0.67833334 0.7494792 0.66583335 0.74583334 0.6508333 0.7421875 0.6375 0.73802084 0.62583333 0.73541665 0.6141667 0.73333335 0.6066667 0.72447914 0.60333335 0.7015625 0.605 0.659375 0.6141667 0.6546875 0.615 0.6479167 0.61333334 0.64427084 0.61083335
6 0.5697917 0.48 0.5671875 0.48166665 0.55625 0.4875 0.5473958 0.49 0.5239583 0.4925 0.47604167 0.5025 0.46197918 0.5058333 0.46197918 0.51 0.46354166 0.5133333 0.47291666 0.52416664 0.47864583 0.5275 0.47708333 0.54083335 0.47708333 0.54333335 0.47708333 0.5475 0.47447917 0.555 0.47291666 0.5566667 0.48333332 0.5525 0.49479166 0.5475 0.49583334 0.5475 0.50364584 0.595 0.51927084 0.7008333 0.51927084 0.72 0.5104167 0.7291667 0.4984375 0.7325 0.4859375 0.7341667 0.48177084 0.7341667 0.48645833 0.745 0.4921875 0.75166667 0.4984375 0.75333333 0.52135414 0.74333334 0.5671875 0.715 0.57916665 0.71416664 0.58958334 0.7133333 0.5859375 0.7 0.575 0.6275 0.57447916 0.6225 0.57135415 0.5675 0.56927085 0.5258333 0.5734375 0.5183333 0.575 0.51166666 0.5734375 0.495 0.571875 0.48583335
6 0.38333333 0.4475 0.43229166 0.48833334 0.45677084 0.5083333 0.46354166 0.5133333 0.47395834 0.525 0.47864583 0.5283333 0.4765625 0.5425 0.47708333 0.5475 0.4765625 0.5491667 0.47395834 0.55583334 0.47239584 0.55833334 0.44427082 0.5733333 0.39739582 0.5966667 0.37083334 0.6066667 0.35677084 0.6091667 0.34895834 0.61083335 0.34583333 0.61333334 0.34583333 0.61583334 0.34739584 0.62166667 0.359375 0.7033333 0.33645833 0.6925 0.32135418 0.6825 0.3171875 0.6766667 0.31770834 0.6716667 0.32395834 0.6508333 0.34166667 0.59833336 0.36875 0.5 0.3765625 0.46666667 0.38125 0.4525
6 0.36197916 0.7125 0.3734375 0.755 0.37864584 0.7733333 0.3796875 0.78333336 0.38645834 0.7841667 0.39166668 0.7825 0.40833333 0.76416665 0.4203125 0.7558333 0.42135417 0.75 0.45572916 0.73583335 0.4796875 0.7341667 0.4828125 0.7341667 0.49583334 0.7325 0.5109375 0.7291667 0.51927084 0.72083336 0.51875 0.69916666 0.50572914 0.6091667 0.49583334 0.5475 0.47552082 0.55583334 0.47291666 0.5566667 0.47135416 0.55916667 0.41302082 0.58916664 0.396875 0.5975 0.3703125 0.6075 0.34895834 0.61083335 0.3453125 0.61333334 0.34635416 0.6166667 0.34739584 0.62 0.35520834 0.675 0.359375 0.7033333
6 0.37239584 0.7583333 0.353125 0.77916664 0.34479168 0.78583336 0.3421875 0.7891667 0.34479168 0.8 0.35677084 0.8375 0.36927083 0.87333333 0.38802084 0.90833336 0.39739582 0.93416667 0.4 0.94083333 0.40885416 0.92833334 0.4140625 0.9225 0.42760417 0.8983333 0.4453125 0.8675 0.45104167 0.8516667 0.46614584 0.84166664 0.47604167 0.83166665 0.4953125 0.8258333 0.5072917 0.8208333 0.5109375 0.815 0.51666665 0.80583334 0.5109375 0.7916667 0.48645833 0.745 0.48125 0.73333335 0.45520833 0.735 0.4234375 0.74916667 0.42135417 0.75 0.4203125 0.7558333 0.40885416 0.76416665 0.39166668 0.7825 0.38697916 0.78333336 0.37916666 0.7841667 0.378125 0.77166665 0.37447917 0.7575
6 0.54479164 0.0625 0.553125 0.090833336 0.56145835 0.12666667 0.5734375 0.17083333 0.57447916 0.17833333 0.57447916 0.18666667 0.57604164 0.19583334 0.58125 0.21166667 0.58385414 0.22166666 0.5854167 0.22916667 0.578125 0.235 0.57395834 0.23833333 0.5703125 0.23916666 0.52916664 0.25 0.509375 0.25583333 0.5046875 0.255 0.5026042 0.255 0.5 0.25666666 0.49375 0.26333332 0.4734375 0.2825 0.4578125 0.295 0.44895834 0.30083334 0.44114584 0.30333334 0.43489584 0.26916668 0.42916667 0.23333333 0.41927084 0.18166667 0.41197917 0.135 0.409375 0.12416667 0.41145834 0.12166667 0.41979167 0.11833333 0.42604166 0.1175 0.465625 0.11333334 0.49166667 0.115 0.4953125 0.11416667 0.496875 0.11083333 0.4984375 0.1075 0.5052083 0.100833334 0.5338542 0.0675 0.54010415 0.06333333 0.54270834 0.0625
