19 0.24635416 0.69 0.27291667 0.68083334 0.278125 0.7241667 0.2859375 0.77916664 0.29635417 0.8433333 0.30364582 0.9008333 0.30625 0.925 0.309375 0.9525 0.34895834 0.9375 0.36927083 0.9266667 0.41666666 0.90833336 0.415625 0.91583335 0.41354167 0.9225 0.409375 0.9291667 0.40416667 0.9325 0.35052082 0.95666665 0.31354168 0.9741667 0.296875 0.9816667 0.290625 0.98333335 0.2859375 0.9816667 0.28177083 0.9775 0.27760416 0.9675 0.271875 0.92333335 0.27447918 0.9175 0.26979166 0.9141667 0.26302084 0.87166667 0.25520834 0.8225 0.24635416 0.7683333 0.2421875 0.73833334 0.23854166 0.7191667 0.23541667 0.71 0.23541667 0.70166665 0.23697917 0.6958333 0.24375 0.69166666
16 0.15052083 0.31083333 0.1828125 0.27166668 0.26041666 0.18416667 0.34895834 0.075833336 0.41145834 0.21666667 0.36822918 0.31083333 0.35729167 0.32833335 0.38541666 0.38416666 0.32604167 0.445 0.2890625 0.48083332 0.27135417 0.5058333 0.23541667 0.5083333 0.228125 0.5025 0.22291666 0.48416665 0.22135417 0.46833333 0.21510416 0.45666668 0.18802084 0.4125 0.159375 0.355 0.1453125 0.32416666 0.1453125 0.31666666
14 0.40364584 0.41416666 0.41927084 0.39083335 0.42083332 0.3775 0.36666667 0.31583333 0.365625 0.315 0.35729167 0.32833335 0.38541666 0.38416666
9 0.428125 0.19 0.4828125 0.08416667 0.56458336 0.2075 0.575 0.41666666 0.5765625 0.43583333 0.5734375 0.455 0.575 0.4975 0.58020836 0.49666667 0.58125 0.47333333 0.59739584 0.48583335 0.5640625 0.555 0.496875 0.46416667 0.42083332 0.3775 0.365625 0.315 0.36822918 0.31 0.41145834 0.2175 0.42395833 0.19666667
14 0.50885415 0.111666664 0.51666665 0.09583333 0.51770836 0.07833333 0.5239583 0.07 0.54895836 0.1175 0.57135415 0.15333334 0.56875 0.15666667 0.56614584 0.15333334 0.56354165 0.1575 0.5625 0.16083333 0.55625 0.16083333 0.5453125 0.17833333 0.5046875 0.1175
5 0.5921875 0.16 0.63854164 0.1775 0.6479167 0.1825 0.6734375 0.1775 0.73020834 0.18666667 0.73229164 0.19166666 0.7338542 0.2125 0.73125 0.405 0.7328125 0.46583334 0.72447914 0.52 0.70677084 0.515 0.69895834 0.50666666 0.6645833 0.5058333 0.65520835 0.5025 0.6401042 0.50166667 0.59791666 0.48583335 0.58125 0.47333333 0.58020836 0.49666667 0.575 0.4975 0.5729167 0.45416668 0.5765625 0.43583333 0.56458336 0.2075 0.5625 0.16083333 0.56354165 0.15666667 0.56614584 0.15333334 0.56875 0.15666667 0.57135415 0.15333334
11 0.45729166 0.56 0.46770832 0.43166667 0.49635416 0.46416667 0.5640625 0.555 0.59739584 0.48583335 0.6390625 0.50083333 0.6458333 0.50166667 0.64635414 0.5275 0.64947915 0.53833336 0.6645833 0.6075 0.6692708 0.62916666 0.66875 0.6408333 0.646875 0.635 0.5703125 0.62833333 0.50625 0.62 0.4578125 0.6125 0.45260417 0.6091667 0.45520833 0.58
18 0.61354166 0.85083336 0.6557292 0.6375 0.64635414 0.63416666 0.5671875 0.62833333 0.50989586 0.62 0.49114582 0.7175 0.47291666 0.7941667 0.46510416 0.825 0.46510416 0.8383333 0.47135416 0.8591667 0.484375 0.8666667 0.5239583 0.8883333 0.53333336 0.89 0.540625 0.88916665 0.5541667 0.9008333 0.57708335 0.9216667 0.58489585 0.9241667 0.59270835 0.9191667 0.60052085 0.9091667 0.60729164 0.8825
5 0.48541668 0.91 0.51927084 0.9316667 0.5546875 0.94166666 0.58385414 0.95166665 0.5859375 0.9483333 0.58697915 0.9433333 0.58489585 0.92833334 0.58385414 0.9241667 0.5765625 0.92083335 0.540625 0.88916665 0.5328125 0.89 0.5239583 0.8883333 0.48385417 0.86583334 0.48541668 0.87833333 0.44322917 0.8975 0.4453125 0.89916664 0.4578125 0.9 0.46145833 0.89666665 0.48020834 0.9075
5 0.44375 0.55833334 0.45677084 0.56166667 0.45260417 0.6091667 0.45729166 0.6125 0.50989586 0.62083334 0.48958334 0.7241667 0.47239584 0.7941667 0.45677084 0.7083333 0.4390625 0.5825 0.44270834 0.5625
12 0.70416665 0.71 0.721875 0.6816667 0.74895835 0.6383333 0.80625 0.56416667 0.83020836 0.5316667 0.8286458 0.52416664 0.7447917 0.39333335 0.74010414 0.3925 0.73125 0.40583333 0.7328125 0.46583334 0.72447914 0.51916665 0.70729166 0.51416665 0.69947916 0.50666666 0.67083335 0.50666666 0.64947915 0.53833336 0.6692708 0.62833333 0.66875 0.64 0.6557292 0.6375 0.6276042 0.7816667 0.64479166 0.8066667 0.68125 0.74916667
5 0.9234375 0.47833332 0.9895833 0.50916666 0.9661458 0.575 0.94375 0.6591667 0.9390625 0.7008333 0.9328125 0.7375 0.91822916 0.7966667 0.8854167 0.76666665 0.8130208 0.7033333 0.78489584 0.6716667 0.7671875 0.67333335 0.7375 0.6566667 0.7494792 0.6375 0.83020836 0.5316667 0.8286458 0.52416664 0.76145834 0.41916665 0.77708334 0.37 0.79479164 0.38583332 0.81875 0.3975 0.82604164 0.40916666 0.86354166 0.44166666 0.8854167 0.4625 0.90989584 0.47166666
15 0.9427083 0.34083334 1.0 0.44583333 1.0 0.5133333 0.9927083 0.5125 0.99010414 0.50916666 0.98125 0.49833333 0.9244792 0.4 0.853125 0.27666667 0.84583336 0.26083332 0.84739584 0.24583334 0.8453125 0.2375 0.8375 0.22916667 0.84270835 0.21916667 0.85052085 0.22833334 0.8546875 0.23 0.85729164 0.23166667 0.859375 0.22916667 0.865625 0.23 0.87291664 0.23416667 0.92083335 0.30666667
2 0.25989583 0.5758333 0.30520833 0.55583334 0.35677084 0.5325 0.3921875 0.5175 0.425 0.5 0.434375 0.55083334 0.43333334 0.55583334 0.4359375 0.55916667 0.44583333 0.63 0.45104167 0.6675 0.45729166 0.71166664 0.46875 0.7725 0.47239584 0.7941667 0.4671875 0.8175 0.46510416 0.825 0.46510416 0.8383333 0.46875 0.85083336 0.47135416 0.8591667 0.48385417 0.86583334 0.48541668 0.87833333 0.4671875 0.88666666 0.44322917 0.8975 0.4078125 0.9116667 0.36979166 0.9266667 0.3453125 0.93916667 0.309375 0.9525 0.303125 0.8958333 0.29635417 0.8433333 0.28645834 0.78333336 0.27708334 0.7158333 0.271875 0.6716667 0.2671875 0.63166666 0.26927084 0.62833333 0.26614583 0.6275 0.25989583 0.5783333
4 0.7885417 0.0 0.80260414 0.009166666 0.8234375 0.015833333 0.8385417 0.0125 0.859375 0.0016666667 0.8640625 0.0016666667 0.87083334 0.0033333334 0.95677084 0.08083333 0.97552085 0.08083333 0.98645836 0.055833332 0.9973958 0.033333335 0.99895835 0.021666666 0.9984375 0.011666667 0.9953125 0.0075 0.98645836 0.0
1 0.55833334 0.0 0.58489585 0.015 0.5989583 0.021666666 0.60520834 0.023333333 0.6276042 0.045833334 0.63958335 0.0575 0.64479166 0.05666667 0.6411458 0.044166666 0.640625 0.02 0.6484375 0.0
