2 0.26979166 0.75333333 0.29427084 0.775 0.30364582 0.78333336 0.33229166 0.70416665 0.3390625 0.685
2 0.32864583 0.71666664 0.40833333 0.7125 0.43645832 0.71 0.44114584 0.7083333 0.440625 0.5775 0.43697917 0.42333335 0.41458333 0.42416668 0.42083332 0.42916667 0.4203125 0.43583333 0.39895833 0.49916667 0.41614583 0.54083335 0.4328125 0.5858333 0.4328125 0.5925 0.39895833 0.62583333 0.33854166 0.68416667 0.32760417 0.71666664
2 0.35416666 0.38083333 0.38854167 0.40333334 0.41510418 0.425 0.41979167 0.42916667 0.41979167 0.435 0.39895833 0.49916667 0.38229167 0.45916668 0.35364583 0.38083333
2 0.20833333 0.46 0.24427083 0.34583333 0.259375 0.29916668 0.3203125 0.35083333 0.25885418 0.415 0.21041666 0.45916668 0.20833333 0.46083334
2 0.19270833 0.47416666 0.19114584 0.43166667 0.21770833 0.42916667 0.2078125 0.46166667 0.19270833 0.47583333
2 0.1453125 0.64916664 0.15208334 0.63 0.17135416 0.6725 0.1546875 0.66 0.1453125 0.65166664
2 0.525 0.35666665 0.4984375 0.47083333 0.46979168 0.5908333 0.45260417 0.66833335 0.446875 0.69666666 0.44375 0.7125 0.44375 0.7133333 0.47708333 0.73333335 0.5104167 0.7475 0.55833334 0.7733333 0.603125 0.79583335 0.609375 0.8016667 0.6125 0.7925 0.6421875 0.6791667 0.64375 0.65833336 0.6546875 0.6025 0.6614583 0.575 0.66770834 0.55916667 0.67552084 0.54833335 0.69322914 0.4825 0.6958333 0.47083333 0.69322914 0.46833333 0.68177086 0.45583335 0.66770834 0.445 0.59166664 0.3975 0.54583335 0.36916667 0.5265625 0.35666665
2 0.509375 0.41416666 0.5109375 0.31416667 0.6197917 0.32 0.67760414 0.325 0.7026042 0.325 0.715625 0.32166666 0.73333335 0.32333332 0.75 0.32916668 0.75208336 0.385 0.75208336 0.42083332 0.746875 0.46333334 0.7473958 0.48166665 0.75 0.50333333 0.7473958 0.54083335 0.7484375 0.5933333 0.74635416 0.61333334 0.7348958 0.61 0.66770834 0.60583335 0.65416664 0.60333335 0.66197914 0.5733333 0.66770834 0.55916667 0.67604166 0.5466667 0.6947917 0.4775 0.6953125 0.47083333 0.6828125 0.45666668 0.66770834 0.44416666 0.6333333 0.42333335 0.52708334 0.35583332 0.525 0.35666665 0.5151042 0.3975 0.50989586 0.42
2 0.646875 0.64666665 0.72760415 0.64166665 0.77239585 0.6383333 0.77916664 0.6383333 0.78229165 0.635 0.78229165 0.6308333 0.7828125 0.5158333 0.78125 0.46833333 0.7828125 0.39916667 0.7859375 0.36083335 0.77760416 0.36083335 0.7515625 0.35916665 0.75208336 0.38333333 0.7515625 0.42 0.74635416 0.46416667 0.7473958 0.48166665 0.75 0.5025 0.7473958 0.5366667 0.74791664 0.5941667 0.74635416 0.6141667 0.7348958 0.61 0.66614586 0.60583335 0.65416664 0.6025 0.64635414 0.645
2 0.721875 0.22916667 0.728125 0.23 0.73125 0.23 0.73125 0.23333333 0.7135417 0.32166666 0.703125 0.325 0.66510415 0.32333332 0.7125 0.22166666 0.7192708 0.22666667
2 0.50989586 0.32583332 0.46614584 0.2775 0.46614584 0.27166668 0.46927083 0.26083332 0.521875 0.145 0.5755208 0.031666666 0.5885417 0.0 0.6375 0.0 0.653125 0.023333333 0.68854165 0.0675 0.7328125 0.123333335 0.7473958 0.1425 0.703125 0.24083333 0.66510415 0.32333332 0.5854167 0.3175 0.5109375 0.31416667
2 0.50677085 0.43083334 0.46927083 0.415 0.45416668 0.40833333 0.4546875 0.40583333 0.47395834 0.2875 0.5109375 0.32666665 0.50989586 0.42083332
2 0.48489583 0.22333333 0.5005208 0.12666667 0.52552086 0.13666667 0.48489583 0.225
2 0.2265625 0.78833336 0.20572917 0.74333334 0.17083333 0.67083335 0.13697916 0.59 0.119791664 0.54583335 0.17604166 0.49166667 0.25729167 0.41583332 0.29791668 0.375 0.3359375 0.33416668 0.3765625 0.44166666 0.3828125 0.46 0.41458333 0.5366667 0.4328125 0.5858333 0.4328125 0.5925 0.38385418 0.6408333 0.34635416 0.6766667 0.3109375 0.71166664 0.27083334 0.75166667 0.23645833 0.78333336 0.22760417 0.79083335
