5 0.425 0.0 0.54375 0.1425 0.5755208 0.15833333 0.59166664 0.17333333 0.5984375 0.18 0.58125 0.21833333 0.52760416 0.35166666 0.51666665 0.38333333 0.49635416 0.4325 0.45416668 0.3675 0.37864584 0.28583333 0.32864583 0.24916667 0.31510416 0.23083334 0.3578125 0.135 0.40572917 0.01 0.41822916 0.0
13 0.09739583 0.0 0.1234375 0.044166666 0.16666667 0.024166666 0.21979167 0.0
9 0.013541667 0.365 0.059895832 0.30333334 0.171875 0.26 0.18020834 0.3075 0.18697916 0.35416666 0.19010417 0.37083334 0.196875 0.4 0.19947916 0.41583332 0.184375 0.44 0.19583334 0.4575 0.20833333 0.47583333 0.21979167 0.5341667 0.15833333 0.5575 0.06875 0.5883333 0.0 0.6175 0.0 0.3925
14 0.2390625 0.36 0.25052083 0.38 0.2640625 0.41583332 0.36145833 0.5775 0.37864584 0.5925 0.39791667 0.6066667 0.4078125 0.62083334 0.40208334 0.63166666 0.38645834 0.6575 0.35 0.69916666 0.3453125 0.685 0.34427083 0.665 0.31041667 0.625 0.25260416 0.5325 0.21979167 0.47583333 0.20364584 0.46666667 0.1859375 0.44333333 0.21041666 0.39416668 0.22083333 0.37583333
2 0.0453125 0.76416665 0.10989583 0.7841667 0.16302083 0.7991667 0.1765625 0.80083334 0.22447917 0.83166665 0.2546875 0.8425 0.2890625 0.84583336 0.32083333 0.6425 0.29583332 0.605 0.26302084 0.5541667 0.25833333 0.545 0.24114583 0.5391667 0.22291666 0.5325 0.2140625 0.5375 0.115625 0.5758333 0.07604167 0.5858333 0.05625 0.70416665 0.050520834 0.74083334
8 0.578125 0.685 0.62083334 0.69916666 0.64947915 0.71166664 0.66979164 0.7175 0.68333334 0.7225 0.6901042 0.735 0.6927083 0.74833333 0.6901042 0.77166665 0.659375 0.9291667 0.65052086 0.99833333 0.51770836 1.0 0.5453125 0.835 0.5578125 0.7575 0.5598958 0.7025 0.565625 0.68666667
4 0.7651042 0.63 0.784375 0.62083334 0.8 0.6191667 0.80572915 0.62833333 0.8276042 0.78583336 0.8364583 0.7916667 0.85364586 0.80583334 0.8703125 0.8408333 0.87708336 0.87 0.87604165 0.9025 0.86822915 0.93833333 0.846875 0.96416664 0.81927085 0.9766667 0.79010415 0.9675 0.7651042 0.94 0.75572914 0.87166667 0.76979166 0.8225 0.77760416 0.7991667 0.775 0.76416665 0.7583333 0.65416664 0.7630208 0.63916665
7 0.75364584 0.47416666 0.85364586 0.38166666 0.9067708 0.33833334 0.9328125 0.31083333 0.94322914 0.32166666 0.93958336 0.3325 0.9348958 0.35833332 0.95208335 0.39833334 0.9895833 0.49416667 1.0 0.51416665 1.0 0.6191667 0.96458334 0.63916665 0.95104164 0.64666665 0.940625 0.67333335 0.9114583 0.7316667 0.8921875 0.77166665 0.87864584 0.75333333 0.86822915 0.7225 0.85 0.6591667 0.80677086 0.5758333 0.784375 0.5308333 0.7661458 0.50666666 0.7572917 0.49083334
11 0.57916665 0.12083333 0.6276042 0.17833333 0.671875 0.23833333 0.69114584 0.26416665 0.69895834 0.27416667 0.6890625 0.30333334 0.6734375 0.33083335 0.6401042 0.36 0.6333333 0.3675 0.6333333 0.40333334 0.6119792 0.5 0.5984375 0.5325 0.528125 0.48 0.4953125 0.44166666 0.465625 0.405 0.46822917 0.38916665 0.4984375 0.43583333 0.51927084 0.38166666 0.5338542 0.33833334 0.5630208 0.26166666 0.59479165 0.195 0.603125 0.18 0.565625 0.15083334 0.5755208 0.12416667
6 0.66302085 0.15833333 0.6947917 0.1475 0.7390625 0.13666667 0.7583333 0.111666664 0.7739583 0.096666664 0.7942708 0.075 0.81145835 0.075 0.81614584 0.08083333 0.8229167 0.13833334 0.8208333 0.18416667 0.81927085 0.19333333 0.8229167 0.21333334 0.8333333 0.24 0.79010415 0.26583335 0.7015625 0.33083335 0.6947917 0.3 0.7005208 0.275 0.6880208 0.25833333 0.66770834 0.175
