18 0.29947916 0.40083334 0.28645834 0.43833333 0.265625 0.5183333 0.265625 0.5275 0.26666668 0.54 0.271875 0.55333334 0.328125 0.59 0.37291667 0.61833334 0.37916666 0.62 0.38697916 0.6191667 0.39635417 0.6116667 0.4 0.60083336 0.41822916 0.52916664 0.43072918 0.47333333 0.43802083 0.43916667 0.45208332 0.38 0.4625 0.34333333 0.465625 0.32583332 0.465625 0.31666666 0.46041667 0.30083334 0.45416668 0.29333332 0.43125 0.27833334 0.390625 0.25666666 0.3484375 0.23333333 0.3390625 0.23583333 0.33385417 0.2425 0.3203125 0.33166668 0.31510416 0.36166668 0.31041667 0.37416667 0.3046875 0.38333333
18 0.19583334 0.3375 0.19791667 0.34833333 0.20208333 0.3575 0.20833333 0.3625 0.2484375 0.3775 0.30052084 0.39666668 0.3046875 0.38333333 0.30989584 0.375 0.315625 0.36 0.32083333 0.33166668 0.32864583 0.27833334 0.33385417 0.2425 0.3390625 0.235 0.3484375 0.23333333 0.353125 0.23583333 0.35989583 0.2025 0.35833332 0.18916667 0.3578125 0.185 0.3671875 0.1575 0.37708333 0.08583333 0.37291667 0.07083333 0.36875 0.0625 0.35052082 0.055833332 0.30104166 0.034166668 0.2546875 0.014166667 0.24947916 0.013333334 0.2375 0.024166666 0.23541667 0.03 0.23229167 0.0575 0.2125 0.2075 0.20677084 0.2525 0.20572917 0.27166668 0.2 0.30666667
18 0.3796875 0.2275 0.42239583 0.26333332 0.4625 0.295 0.47447917 0.30583334 0.48802084 0.3175 0.50625 0.33583334 0.5317708 0.36166668 0.5390625 0.3625 0.54375 0.3625 0.5286458 0.30166668 0.50572914 0.20916666 0.50572914 0.20416667 0.50677085 0.1975 0.51145834 0.18583333 0.51875 0.18083334 0.5807292 0.15 0.5046875 0.08416667 0.46354166 0.046666667 0.43020833 0.015 0.42447916 0.015 0.4171875 0.016666668 0.41354167 0.02 0.39375 0.075 0.37135416 0.1425 0.3671875 0.15833333 0.3578125 0.185 0.35989583 0.20333333 0.36614582 0.21416667 0.37083334 0.22083333
18 0.6203125 0.12583333 0.58489585 0.14833333 0.58020836 0.15 0.5421875 0.16916667 0.51927084 0.18 0.51145834 0.18583333 0.50677085 0.1975 0.50572914 0.20416667 0.50572914 0.20833333 0.5260417 0.29 0.54583335 0.3725 0.55 0.38416666 0.55364585 0.39083335 0.55885416 0.395 0.56458336 0.395 0.6041667 0.37083334 0.64479166 0.33833334 0.6901042 0.31583333 0.7328125 0.29583332 0.7390625 0.28833333 0.74322915 0.27583334 0.74322915 0.26333332 0.7317708 0.20083334 0.7057292 0.09833334 0.696875 0.08916666 0.69166666 0.085 0.66510415 0.0975 0.66041666 0.09916667 0.653125 0.1075 0.6484375 0.111666664
18 0.69739586 0.32 0.8020833 0.31833333 0.8098958 0.32666665 0.8130208 0.3375 0.8130208 0.3425 0.809375 0.4025 0.80625 0.4175 0.80260414 0.4225 0.7963542 0.425 0.7994792 0.45583335 0.81041664 0.47333333 0.8140625 0.48916668 0.81822914 0.535 0.8177083 0.54333335 0.8098958 0.55916667 0.77552086 0.60083336 0.74895835 0.6358333 0.746875 0.64416665 0.7453125 0.6525 0.74635416 0.6641667 0.7083333 0.675 0.703125 0.6725 0.6979167 0.6675 0.69375 0.6591667 0.6859375 0.55583334 0.68177086 0.475 0.67864585 0.33583334 0.6822917 0.32666665 0.6880208 0.31916666
18 0.62604165 0.41916665 0.6302083 0.41916665 0.6354167 0.4225 0.6578125 0.4475 0.68177086 0.47583333 0.68072915 0.43416667 0.6791667 0.36166668 0.67864585 0.33583334 0.6822917 0.3275 0.68385416 0.325 0.6802083 0.32083333 0.64479166 0.3375 0.6046875 0.37083334 0.5651042 0.395 0.56041664 0.4075 0.55572915 0.42833334 0.5442708 0.46416667 0.5182292 0.56083333 0.51875 0.57666665 0.5260417 0.5925 0.5578125 0.6175 0.59375 0.64416665 0.5609375 0.61 0.55364585 0.59833336 0.5520833 0.5833333 0.553125 0.57416666 0.58229166 0.51 0.6203125 0.4225
18 0.6125 0.66583335 0.6333333 0.69416666 0.6671875 0.73583335 0.696875 0.7708333 0.7104167 0.7866667 0.7192708 0.7866667 0.7270833 0.78 0.7546875 0.715 0.7625 0.69666666 0.75416666 0.68333334 0.74791664 0.66833335 0.74635416 0.66333336 0.7083333 0.6741667 0.703125 0.6725 0.6984375 0.6675 0.69375 0.66 0.68958336 0.6041667 0.6859375 0.55916667 0.68177086 0.47666666 0.68125 0.475 0.6567708 0.44583333 0.6354167 0.4225 0.6302083 0.41916665 0.6255208 0.41916665 0.6203125 0.42166665 0.61510414 0.43416667 0.59947914 0.47 0.5807292 0.51416665 0.5619792 0.555 0.55364585 0.57416666 0.5520833 0.5833333 0.55364585 0.5975 0.5609375 0.61 0.5942708 0.645 0.6041667 0.6566667
18 0.5552083 0.62833333 0.56145835 0.6275 0.565625 0.62916666 0.6098958 0.67 0.628125 0.68666667 0.6489583 0.71416664 0.6880208 0.76 0.7104167 0.7866667 0.7192708 0.7866667 0.7270833 0.78 0.72864586 0.77666664 0.7328125 0.7816667 0.7359375 0.7941667 0.73645836 0.805 0.71458334 0.8641667 0.68125 0.96416664 0.67864585 0.97083336 0.6713542 0.97583336 0.665625 0.9775 0.6625 0.9775 0.62864584 0.9425 0.615625 0.9241667 0.6015625 0.91083336 0.58697915 0.9008333 0.5703125 0.88666666 0.5083333 0.83916664 0.4953125 0.82916665 0.49166667 0.82166666 0.48958334 0.8066667 0.49010417 0.7991667 0.50625 0.75416666 0.5375 0.6641667 0.54791665 0.63416666 0.55052084 0.63166666
18 0.42239583 0.68666667 0.46041667 0.6791667 0.47083333 0.6791667 0.47760418 0.69 0.4796875 0.7 0.48177084 0.745 0.48385417 0.8308333 0.48541668 0.87333333 0.484375 0.88416666 0.48020834 0.8925 0.47447917 0.8983333 0.43645832 0.9025 0.41614583 0.90166664 0.38854167 0.9066667 0.36770833 0.90833336 0.29635417 0.9166667 0.27604166 0.92083335 0.26822916 0.91333336 0.26302084 0.9025 0.26145834 0.83916664 0.259375 0.7808333 0.259375 0.7683333 0.25885418 0.71166664 0.26145834 0.70416665 0.26875 0.69416666 0.27083334 0.6933333 0.29583332 0.69166666 0.34739584 0.69166666 0.38020834 0.6933333 0.403125 0.68916667
18 0.32916668 0.6091667 0.31041667 0.655 0.30625 0.67083335 0.29947916 0.69166666 0.34739584 0.69166666 0.38020834 0.6933333 0.38125 0.6933333 0.3921875 0.69083333 0.42395833 0.68583333 0.46145833 0.68 0.46875 0.6791667 0.478125 0.6533333 0.4796875 0.6408333 0.47864583 0.6325 0.47552082 0.6225 0.45677084 0.6 0.4125 0.55333334 0.4 0.6016667 0.39635417 0.61083335 0.38802084 0.61833334 0.3796875 0.6191667 0.3734375 0.61833334 0.33385417 0.5933333
18 0.78489584 0.7416667 0.8041667 0.7783333 0.8359375 0.83416665 0.8625 0.88416666 0.8723958 0.8958333 0.87864584 0.9008333 0.88489586 0.9008333 0.8953125 0.89416665 0.96979165 0.7841667 0.97291666 0.7725 0.9734375 0.7608333 0.9713542 0.75 0.9546875 0.715 0.9140625 0.64416665 0.89947915 0.6191667 0.89375 0.6025 0.8822917 0.585 0.875 0.5683333 0.8515625 0.52416664 0.846875 0.5208333 0.83697915 0.51916665 0.83229166 0.52166665 0.8171875 0.5441667 0.8098958 0.55916667 0.7760417 0.6 0.76354164 0.6166667 0.74895835 0.635 0.74635416 0.64416665 0.7453125 0.6533333 0.746875 0.665 0.74791664 0.6691667 0.753125 0.6816667 0.7640625 0.7 0.7765625 0.72583336
18 0.086979166 0.55083334 0.05 0.62666667 0.0484375 0.6325 0.047916666 0.64166665 0.0484375 0.6508333 0.052604165 0.66 0.065104164 0.67583334 0.114583336 0.7375 0.128125 0.75333333 0.13489583 0.7575 0.14479166 0.7675 0.1515625 0.775 0.16458334 0.7925 0.19583334 0.835 0.2046875 0.84583336 0.20989583 0.8475 0.21510416 0.8466667 0.22083333 0.8466667 0.22760417 0.8408333 0.24895833 0.7975 0.259375 0.77 0.25885418 0.7108333 0.26145834 0.7033333 0.26822916 0.69416666 0.27083334 0.6933333 0.2953125 0.69166666 0.29583332 0.68583333 0.29322916 0.6716667 0.28802082 0.66333336 0.26927084 0.6433333 0.23177083 0.6041667 0.22083333 0.5858333 0.16927083 0.5133333 0.1421875 0.48083332 0.13541667 0.47833332 0.1296875 0.47833332 0.11770833 0.49166667 0.096875 0.5308333
