6 0.6302083 0.008333334 0.64166665 0.0 0.7317708 0.0 0.7578125 0.0 0.7682292 0.036666665 0.7864583 0.04916667 0.8072917 0.06916667 0.7864583 0.0925 0.77239585 0.12666667 0.75364584 0.17166667 0.72864586 0.2025 0.6359375 0.028333334
9 0.31354168 0.28333333 0.35364583 0.295 0.37864584 0.30666667 0.39375 0.31833333 0.40833333 0.32333332 0.41875 0.35833332 0.43697917 0.485 0.44635418 0.5425 0.4359375 0.62666667 0.43020833 0.69083333 0.42083332 0.6975 0.32916668 0.67 0.290625 0.65833336 0.27135417 0.6616667 0.25677082 0.6616667 0.25364584 0.65833336 0.28645834 0.45333335 0.29791668 0.39916667 0.30520833 0.33833334 0.30833334 0.29666665
2 0.03125 0.62166667 0.20208333 0.57916665 0.221875 0.5758333 0.22395833 0.58416665 0.2359375 0.69916666 0.24739583 0.81666666 0.25677082 0.9116667 0.25989583 0.95166665 0.19375 0.97 0.16302083 0.975 0.125 0.99083334 0.09375 1.0 0.06614583 1.0 0.059895832 0.88416666 0.0484375 0.7241667 0.041145835 0.6616667 0.0375 0.63166666
5 0.44947916 0.5625 0.51458335 0.5875 0.5671875 0.6066667 0.596875 0.61583334 0.6197917 0.62166667 0.62708336 0.63 0.6125 0.6716667 0.59479165 0.77 0.58125 0.8358333 0.58229166 0.87916666 0.57916665 0.935 0.57916665 0.965 0.54322916 0.945 0.49791667 0.9191667 0.47864583 0.9166667 0.44322917 0.9191667 0.4328125 0.915 0.40052083 0.9075 0.4 0.9008333 0.4 0.8858333 0.41354167 0.84583336 0.42916667 0.77166665 0.43802083 0.7075 0.43802083 0.6741667 0.4421875 0.62833333 0.4421875 0.6016667 0.44322917 0.56916666
7 0.80052084 0.5208333 0.91979164 0.37083334 0.95677084 0.31583333 0.9703125 0.3225 0.9692708 0.36083335 0.98072916 0.39416668 1.0 0.42333335 1.0 0.71666664 0.97239584 0.7633333 0.96302086 0.775 0.9427083 0.75166667 0.91875 0.6875 0.86614585 0.6166667 0.840625 0.58 0.809375 0.5491667 0.80052084 0.5308333
4 0.82395834 0.715 0.83020836 0.775 0.83229166 0.7875 0.8520833 0.81083333 0.86510414 0.8358333 0.8765625 0.87 0.8734375 0.9033333 0.8598958 0.93833333 0.85 0.96416664 0.821875 0.9825 0.78802085 0.9741667 0.7651042 0.9558333 0.7640625 0.94166666 0.75104165 0.89166665 0.7609375 0.8408333 0.76927084 0.81583333 0.7786458 0.7925 0.77760416 0.76 0.77552086 0.7366667 0.796875 0.72083336 0.8229167 0.70166665
8 0.45625 0.99833333 0.46770832 0.9816667 0.4828125 0.96166664 0.49114582 0.9375 0.4984375 0.9216667 0.5182292 0.9316667 0.55625 0.95166665 0.5875 0.9916667 0.5932292 1.0
11 0.67604166 0.57166666 0.6458333 0.68916667 0.6390625 0.68833333 0.6125 0.6725 0.609375 0.68666667 0.61927086 0.70166665 0.6828125 0.83166665 0.6927083 0.855 0.70989585 0.8333333 0.7203125 0.8175 0.73020834 0.805 0.7375 0.785 0.74322915 0.7675 0.74635416 0.755 0.7505208 0.74583334 0.75364584 0.74333334 0.76927084 0.73583335 0.775 0.73333335 0.7760417 0.73583335 0.82239586 0.7008333 0.8463542 0.6766667 0.8390625 0.6375 0.82395834 0.5875 0.80885416 0.5491667 0.80052084 0.5308333 0.7984375 0.5233333 0.7760417 0.47916666 0.7708333 0.47 0.7213542 0.5208333 0.6901042 0.55833334 0.68177086 0.56666666 0.6796875 0.56916666
13 0.60052085 0.29583332 0.67864585 0.345 0.70625 0.36166668 0.71979165 0.3725 0.725 0.38583332 0.7239583 0.39916667 0.6765625 0.5708333 0.65208334 0.6641667 0.64635414 0.68833333 0.63854164 0.68833333 0.6125 0.6725 0.62291664 0.6408333 0.62708336 0.63 0.62395835 0.62666667 0.6197917 0.62166667 0.58125 0.61083335 0.52760416 0.59166664 0.51666665 0.5875 0.54375 0.4825 0.578125 0.3475 0.5885417 0.30416667 0.590625 0.30166668 0.59583336 0.2975
14 0.0 0.0 0.21979167 0.0 0.22864583 0.015 0.21041666 0.03 0.1859375 0.036666665 0.108333334 0.08416667 0.029166667 0.13666667 0.0203125 0.15166667 0.0 0.1825
