6 0.7015625 1.0 0.69114584 0.955 0.68333334 0.92083335 0.6859375 0.9141667 0.70989585 0.9091667 0.7239583 0.9075 0.753125 0.89 0.7942708 0.86 0.81041664 0.8541667 0.809375 0.8591667 0.8052083 0.8616667 0.8015625 0.86583334 0.79895836 0.86583334 0.79583335 0.87 0.790625 0.87 0.7895833 0.87333333 0.77916664 0.88166666 0.79322916 0.91833335 0.82447916 1.0
6 0.84375 0.6575 0.84583336 0.65166664 0.84739584 0.6483333 0.8520833 0.64916664 0.87395835 0.56916666 0.8859375 0.48166665 0.8921875 0.4575 0.91041666 0.47333333 0.9380208 0.49083334 0.9635417 0.5058333 0.990625 0.5233333 0.996875 0.5233333 0.99791664 0.53 0.9927083 0.5475 0.98802084 0.5566667 0.9614583 0.6383333 0.95208335 0.6933333 0.95 0.7175 0.94166666 0.7366667 0.9057292 0.705 0.85833335 0.6675 0.8463542 0.6616667
6 0.725 0.37833333 0.7546875 0.29666665 0.7796875 0.23416667 0.8046875 0.27 0.8432292 0.31083333 0.8765625 0.33583334 0.88958335 0.34083334 0.89479166 0.34666666 0.89375 0.3575 0.8755208 0.43583333 0.86927086 0.44833332 0.84791666 0.5 0.8130208 0.46166667 0.77239585 0.4225 0.75104165 0.40166667 0.734375 0.39083335
6 0.39375 1.0 0.36875 0.9625 0.40520832 0.82666665 0.41614583 0.82666665 0.42760417 0.74083334 0.434375 0.73 0.4375 0.73 0.45729166 0.7608333 0.5078125 0.82416666 0.51770836 0.8358333 0.51770836 0.8408333 0.5046875 0.865 0.4734375 0.91333336 0.4671875 0.925 0.43177083 1.0
6 0.40833333 0.5758333 0.48541668 0.56 0.5015625 0.555 0.5026042 0.56416667 0.509375 0.64916664 0.509375 0.7366667 0.50208336 0.7366667 0.4828125 0.7275 0.47291666 0.72083336 0.45 0.7158333 0.43697917 0.72583336 0.42760417 0.73333335 0.4328125 0.68666667 0.44895834 0.60583335 0.44739583 0.58666664 0.42291668 0.58416665 0.41927084 0.57916665
6 0.15364583 0.7441667 0.1625 0.73333335 0.19739583 0.7175 0.2140625 0.71166664 0.2484375 0.67333335 0.28541666 0.63416666 0.3109375 0.7025 0.3203125 0.7266667 0.33958334 0.79333335 0.33489582 0.79833335 0.29479167 0.82 0.27447918 0.8258333 0.2515625 0.8525 0.22395833 0.88416666 0.2109375 0.895 0.20416667 0.8975 0.18020834 0.835 0.15833333 0.76416665
6 0.06614583 0.63 0.11927083 0.5183333 0.13125 0.485 0.13645834 0.48583335 0.14895834 0.49916667 0.18854167 0.55333334 0.20416667 0.57166666 0.19739583 0.5975 0.21197917 0.6116667 0.2390625 0.625 0.2578125 0.6333333 0.27760416 0.6425 0.23177083 0.69166666 0.21354167 0.71166664 0.19791667 0.7175 0.16458334 0.7325 0.13958333 0.7083333 0.0921875 0.6558333 0.067708336 0.6358333
6 0.42239583 0.3925 0.41614583 0.41 0.38333333 0.48833334 0.36979166 0.5258333 0.365625 0.5391667 0.36822918 0.5425 0.39427084 0.56 0.41302082 0.575 0.46927083 0.56333333 0.4859375 0.56 0.5015625 0.55583334 0.503125 0.56416667 0.50677085 0.6225 0.5203125 0.58666664 0.54895836 0.52166665 0.55 0.5175 0.53697914 0.50166667 0.525 0.49416667 0.49322918 0.4725 0.44270834 0.41583332 0.43125 0.4025
6 0.34375 0.2325 0.35885417 0.24333334 0.36770833 0.25916666 0.37395832 0.27083334 0.3953125 0.27333334 0.4171875 0.2875 0.4625 0.2875 0.47916666 0.295 0.46770832 0.36416668 0.45729166 0.4325 0.42239583 0.3925 0.4046875 0.4375 0.3421875 0.4125 0.3234375 0.40916666 0.30989584 0.4 0.31197917 0.3925 0.31458333 0.36416668 0.31875 0.33833334 0.32864583 0.29166666 0.34114584 0.24083333
6 0.25208333 0.06916667 0.28333333 0.05666667 0.29166666 0.051666666 0.30416667 0.045833334 0.32447916 0.036666665 0.32916668 0.035 0.33385417 0.051666666 0.334375 0.07083333 0.34114584 0.14916667 0.35416666 0.21833333 0.35833332 0.24333334 0.34375 0.2325 0.33958334 0.24583334 0.334375 0.26833335 0.33125 0.26916668 0.328125 0.2725 0.31822917 0.2775 0.31354168 0.2825 0.30989584 0.28583333 0.3078125 0.2875 0.29791668 0.29333332 0.29270834 0.29666665 0.28802082 0.29833335 0.28020832 0.30166668 0.275 0.305 0.26875 0.30666667 0.2640625 0.31 0.26145834 0.30416667 0.25677082 0.26916668 0.23958333 0.1525 0.25104168 0.086666666
6 0.14375 0.048333332 0.15364583 0.051666666 0.18072917 0.06 0.19947916 0.06 0.20729166 0.06 0.2125 0.059166666 0.21458334 0.06 0.23333333 0.061666667 0.24427083 0.0625 0.2515625 0.060833335 0.25260416 0.068333335 0.25104168 0.0875 0.2390625 0.15416667 0.23333333 0.18666667 0.22864583 0.20666666 0.2296875 0.24 0.23020834 0.27083334 0.22760417 0.2775 0.22291666 0.2775 0.20572917 0.26666668 0.196875 0.26833335 0.19270833 0.26833335 0.19010417 0.26916668 0.18802084 0.2725 0.17135416 0.28333333 0.13697916 0.28583333 0.1265625 0.28583333 0.12447917 0.25916666 0.1296875 0.22916667 0.1359375 0.18166667 0.1375 0.14583333 0.13958333 0.125 0.13958333 0.071666665
6 0.8307292 1.0 0.82447916 1.0 0.7885417 0.9075 0.7786458 0.8808333 0.7895833 0.87333333 0.790625 0.87 0.7963542 0.87 0.79895836 0.86583334 0.8015625 0.86583334 0.8052083 0.86083335 0.809375 0.8591667 0.8098958 0.85583335 0.8130208 0.8575 0.8151042 0.8541667 0.8171875 0.8525 0.8203125 0.85333335 0.8229167 0.84833336 0.828125 0.8475 0.82916665 0.8425 0.83020836 0.84166664 0.8333333 0.8425 0.834375 0.84 0.83489585 0.83916664 0.8364583 0.8425 0.8385417 0.83916664 0.84166664 0.8383333 0.84479165 0.8383333 0.8453125 0.83416665 0.84739584 0.8325 0.8484375 0.8325 0.8489583 0.8325 0.84947914 0.82666665 0.85052085 0.825 0.85364586 0.82416666 0.8541667 0.8208333 0.85520834 0.8183333 0.85729164 0.81666666 0.8588542 0.8175 0.86041665 0.81083333 0.8625 0.80916667 0.8640625 0.80916667 0.8645833 0.80583334 0.865625 0.8025 0.86927086 0.80083334 0.871875 0.8041667 0.871875 0.80916667 0.8755208 0.81583333 0.87604165 0.82416666 0.90625 0.91083336 0.909375 0.92583334 0.9135417 0.93416667 0.9390625 0.97583336 0.9453125 0.98583335 0.95 1.0
6 0.6510417 0.54583335 0.6375 0.55083334 0.6354167 0.5525 0.63489586 0.555 0.6359375 0.5575 0.63854164 0.5625 0.63697916 0.56583333 0.6390625 0.5708333 0.6390625 0.575 0.6390625 0.57916665 0.64166665 0.58166665 0.640625 0.585 0.640625 0.5883333 0.6411458 0.5908333 0.6421875 0.5925 0.64166665 0.5966667 0.64166665 0.5991667 0.6421875 0.6016667 0.64375 0.6025 0.64375 0.6066667 0.64270836 0.60833335 0.6432292 0.6125 0.6458333 0.61333334 0.64427084 0.61583334 0.64479166 0.62 0.6458333 0.62416667 0.64739585 0.62583333 0.6458333 0.63166666 0.64635414 0.635 0.64739585 0.6358333 0.6479167 0.63666666 0.646875 0.64 0.646875 0.64416665 0.6484375 0.64666665 0.6489583 0.64916664 0.6489583 0.6525 0.64947915 0.655 0.65052086 0.6558333 0.65052086 0.66333336 0.6510417 0.665 0.65260416 0.6666667 0.6515625 0.6725 0.6515625 0.67333335 0.65260416 0.6766667 0.653125 0.67833334 0.653125 0.68333334 0.653125 0.685 0.6546875 0.68666667 0.6546875 0.6933333 0.6536458 0.695 0.6546875 0.6975 0.6557292 0.6983333 0.65625 0.6983333 0.65625 0.70416665 0.6557292 0.70666665 0.65833336 0.71 0.65833336 0.7133333 0.65833336 0.7183333 0.659375 0.72083336 0.65989584 0.7216667 0.67291665 0.7175 0.7192708 0.69166666 0.7296875 0.69 0.73645836 0.6875 0.7375 0.68666667 0.75572914 0.68333334 0.77708334 0.6766667 0.79375 0.6766667 0.7973958 0.675 0.8020833 0.675 0.8046875 0.6725 0.8046875 0.6716667 0.8046875 0.66833335 0.8046875 0.6625 0.80260414 0.6575 0.8020833 0.6483333 0.80052084 0.64666665 0.80052084 0.645 0.80104166 0.6425 0.8 0.6375 0.7994792 0.62916666 0.7973958 0.62583333 0.79791665 0.6191667 0.79583335 0.61333334 0.7963542 0.6066667 0.7942708 0.60333335 0.79479164 0.59583336 0.79322916 0.5925 0.79322916 0.5908333 0.79375 0.58666664 0.7916667 0.58166665 0.7916667 0.575 0.79010415 0.57166666 0.79010415 0.57 0.790625 0.565 0.7890625 0.56 0.7890625 0.55583334 0.7895833 0.5525 0.78697914 0.5525 0.7875 0.5441667 0.7864583 0.54083335 0.7859375 0.54 0.78541666 0.5316667 0.784375 0.5283333 0.784375 0.52166665 0.78229165 0.5183333 0.78333336 0.5125 0.7807292 0.50416666 0.771875 0.5058333 0.76979166 0.50666666 0.7640625 0.51166666 0.7515625 0.5225 0.746875 0.5275 0.734375 0.5283333 0.70104164 0.5366667 0.65729165 0.54583335 0.65520835 0.5466667
6 0.6380208 0.745 0.62083334 0.75 0.61510414 0.75166667 0.61302084 0.75416666 0.6125 0.75666666 0.61614585 0.7625 0.6145833 0.76666665 0.615625 0.7708333 0.61822915 0.7733333 0.6171875 0.7758333 0.6166667 0.77916664 0.61875 0.78333336 0.61927086 0.78583336 0.61822915 0.78833336 0.61875 0.7925 0.62083334 0.795 0.6203125 0.7975 0.6203125 0.8016667 0.621875 0.805 0.62395835 0.80583334 0.62135416 0.81 0.62395835 0.815 0.62395835 0.82 0.62395835 0.82166666 0.62708336 0.8275 0.62604165 0.8325 0.62604165 0.8375 0.62864584 0.8383333 0.62708336 0.845 0.6302083 0.84833336 0.62864584 0.8525 0.6302083 0.8575 0.63177085 0.8591667 0.63072914 0.86333334 0.6322917 0.865 0.6328125 0.8666667 0.6328125 0.87083334 0.6328125 0.87666667 0.63489586 0.87833333 0.63489586 0.8808333 0.634375 0.88416666 0.6354167 0.8858333 0.63697916 0.8883333 0.63645834 0.8933333 0.63697916 0.8958333 0.63854164 0.8983333 0.6380208 0.9058333 0.6515625 0.9191667 0.65729165 0.9166667 0.66302085 0.91083336 0.6979167 0.88916665 0.71979165 0.8725 0.7239583 0.8725 0.7416667 0.86833334 0.7703125 0.85833335 0.7760417 0.85583335 0.77916664 0.85333335 0.7796875 0.8475 0.778125 0.8425 0.77135414 0.81166667 0.7661458 0.7725 0.765625 0.765 0.76354164 0.7608333 0.7630208 0.755 0.76197916 0.75166667 0.7609375 0.7416667 0.75989586 0.74083334 0.75885415 0.73333335 0.75677085 0.7291667 0.75572914 0.7241667 0.75416666 0.7183333 0.7526042 0.7083333 0.75208336 0.7033333 0.75104165 0.6958333 0.75 0.68666667 0.74322915 0.69166666 0.71979165 0.70916665 0.7046875 0.72 0.665625 0.7341667
6 0.26302084 0.44916666 0.25260416 0.44416666 0.24947916 0.44666666 0.24947916 0.45 0.24947916 0.455 0.24947916 0.45666668 0.24739583 0.45666668 0.246875 0.46666667 0.2453125 0.46833333 0.24479167 0.47333333 0.24479167 0.48 0.240625 0.49083334 0.23958333 0.4925 0.2390625 0.4975 0.23697917 0.49833333 0.23489584 0.50666666 0.2328125 0.5083333 0.23385416 0.51166666 0.2328125 0.5125 0.23072916 0.51 0.23020834 0.51416665 0.228125 0.5158333 0.22708334 0.51916665 0.2265625 0.5233333 0.2234375 0.5258333 0.22291666 0.5316667 0.221875 0.53333336 0.2203125 0.5341667 0.21875 0.54 0.2171875 0.54333335 0.21458334 0.545 0.21302083 0.5475 0.21302083 0.5516667 0.20989583 0.5566667 0.2078125 0.56333333 0.20416667 0.5708333 0.2 0.58666664 0.19739583 0.5975 0.21145834 0.6116667 0.25416666 0.63166666 0.27760416 0.6425 0.28541666 0.63416666 0.28802082 0.64 0.29635417 0.6625 0.30416667 0.67 0.31666666 0.685 0.32239583 0.69166666 0.32447916 0.69166666 0.32604167 0.69 0.33802083 0.61833334 0.34375 0.585 0.34375 0.5625 0.34427083 0.5516667 0.35989583 0.55583334 0.36458334 0.56083333 0.37760416 0.565 0.38020834 0.56 0.38177082 0.5566667 0.38125 0.55083334 0.36875 0.54333335 0.365625 0.5391667 0.36927083 0.5275 0.3484375 0.51666665 0.3125 0.4975 0.2921875 0.49 0.2875 0.47666666 0.27864584 0.46583334
6 0.25989583 0.9241667 0.2640625 0.91 0.26510417 0.905 0.27708334 0.8775 0.30260417 0.81583333 0.32708332 0.8025 0.33541667 0.79833335 0.33645833 0.7966667 0.33802083 0.795 0.33854166 0.7966667 0.3390625 0.7991667 0.340625 0.8 0.3421875 0.7991667 0.34479168 0.79833335 0.3453125 0.7991667 0.34583333 0.80083334 0.34739584 0.8025 0.3515625 0.8016667 0.35416666 0.8075 0.359375 0.805 0.36145833 0.81 0.36458334 0.81 0.36614582 0.8075 0.36927083 0.81416667 0.37291667 0.80916667 0.37395832 0.81416667 0.37552083 0.81583333 0.37864584 0.81416667 0.38125 0.8183333 0.38385418 0.8175 0.3859375 0.8183333 0.38697916 0.8208333 0.39010417 0.81916666 0.3921875 0.81916666 0.3921875 0.82166666 0.39322916 0.8233333 0.39739582 0.82166666 0.39791667 0.8208333 0.39947918 0.82166666 0.4 0.8258333 0.40520832 0.82416666 0.40572917 0.8258333 0.38958332 0.88416666 0.36770833 0.9658333 0.36145833 0.99 0.35989583 1.0 0.33541667 1.0 0.334375 0.9975 0.3328125 0.99833333 0.33125 0.99666667 0.33020833 0.995 0.3296875 0.9916667 0.32708332 0.99333334 0.325 0.9925 0.32447916 0.9916667 0.32395834 0.99 0.3234375 0.9875 0.32291666 0.98583335 0.31822917 0.98583335 0.3171875 0.9816667 0.31354168 0.98083335 0.31041667 0.975 0.3078125 0.9741667 0.30416667 0.9691667 0.30104166 0.9683333 0.29895833 0.965 0.29791668 0.9633333 0.29479167 0.9658333 0.29427084 0.9625 0.2921875 0.9575 0.29114583 0.9608333 0.28802082 0.9575 0.28802082 0.955 0.28802082 0.95416665 0.28489584 0.9525 0.28229168 0.95166665 0.28177083 0.94666666 0.27864584 0.9458333 0.2765625 0.9433333 0.2765625 0.94166666 0.2734375 0.94083333 0.27135417 0.9375 0.26979166 0.93416667 0.26614583 0.9316667 0.26458332 0.9275 0.2609375 0.9275
6 0.32604167 0.69666666 0.31979167 0.725 0.33489582 0.77666664 0.33958334 0.79333335 0.33802083 0.795 0.33854166 0.7966667 0.3390625 0.7991667 0.340625 0.8 0.3421875 0.7991667 0.34479168 0.79833335 0.3453125 0.7991667 0.34583333 0.80083334 0.34739584 0.8025 0.3515625 0.8016667 0.35416666 0.8075 0.359375 0.805 0.36145833 0.81 0.36458334 0.81 0.36614582 0.8075 0.36927083 0.81416667 0.37291667 0.80916667 0.37395832 0.81416667 0.37552083 0.81583333 0.378125 0.81416667 0.38125 0.8183333 0.38385418 0.8175 0.3859375 0.8183333 0.38697916 0.8208333 0.38958332 0.81916666 0.39166668 0.81916666 0.3921875 0.81916666 0.3921875 0.82166666 0.39322916 0.8233333 0.39739582 0.82166666 0.39791667 0.8208333 0.39947918 0.82166666 0.4 0.8258333 0.40520832 0.82416666 0.40572917 0.8258333 0.41614583 0.82666665 0.42291668 0.77916664 0.42760417 0.74 0.42760417 0.73333335 0.4328125 0.68583333 0.440625 0.64666665 0.44895834 0.6066667 0.446875 0.58666664 0.42291668 0.58416665 0.41927084 0.57916665 0.40885416 0.5758333 0.40625 0.575 0.40572917 0.5725 0.39947918 0.5725 0.396875 0.5708333 0.39635417 0.56916666 0.39270833 0.56916666 0.3921875 0.56916666 0.39114583 0.5683333 0.38958332 0.56666666 0.38541666 0.5675 0.3828125 0.565 0.37760416 0.565 0.36510417 0.56083333 0.36041668 0.55583334 0.34427083 0.5516667 0.34375 0.56333333 0.34375 0.58416665 0.33177084 0.655 0.32604167 0.69166666
6 0.5625 1.0 0.56614584 0.99 0.56614584 0.98583335 0.56822914 0.98583335 0.5942708 0.90833336 0.59791666 0.9025 0.6067708 0.875 0.609375 0.8725 0.62135416 0.8808333 0.63958335 0.9066667 0.6791667 0.9458333 0.68385416 0.95416665 0.69114584 0.955 0.7015625 1.0
