2 0.011979166 0.7525 0.018229166 0.7375 0.026041666 0.72 0.052604165 0.6483333 0.075520836 0.7441667 0.079166666 0.7608333 0.09791667 0.80083334 0.10989583 0.8283333 0.10989583 0.8308333 0.08541667 0.8066667 0.025 0.7633333
2 0.20572917 0.775 0.1890625 0.81916666 0.17239584 0.86 0.1671875 0.86583334 0.16510417 0.8725 0.16145833 0.88166666 0.118229166 0.8375 0.1296875 0.8308333 0.20625 0.77166665
2 0.33489582 0.18 0.346875 0.16916667 0.36197916 0.15583333 0.36927083 0.14666666 0.40364584 0.11083333 0.44947916 0.06583333 0.48229167 0.036666665 0.5 0.09166667 0.55625 0.255 0.59583336 0.3775 0.5494792 0.415 0.5234375 0.43666667 0.45677084 0.49583334 0.43489584 0.5133333 0.421875 0.47083333 0.41302082 0.44 0.4015625 0.3975 0.37291667 0.31083333 0.35520834 0.25583333 0.34791666 0.23083334 0.3359375 0.19166666
2 0.34583333 0.40333334 0.37447917 0.3175 0.40208334 0.40083334 0.41979167 0.46583334 0.37708333 0.43166667 0.34635416 0.40666667
2 0.5005208 0.53833336 0.45364583 0.49833333 0.53802085 0.42416668 0.53697914 0.43083334 0.50677085 0.52416664
2 0.61302084 0.19333333 0.60052085 0.23166667 0.57447916 0.3125 0.55625 0.255 0.50572914 0.1075 0.5260417 0.12583333 0.565625 0.15833333 0.596875 0.18333334
2 0.6276042 0.46083334 0.7213542 0.46333334 0.7921875 0.46666667 0.80677086 0.46833333 0.8078125 0.47083333 0.80364585 0.5341667 0.7473958 0.5425 0.7140625 0.5475 0.6875 0.55833334 0.68541664 0.5683333 0.68177086 0.6041667 0.684375 0.64416665 0.6901042 0.76666665 0.6927083 0.83666664 0.69427085 0.8408333 0.70885414 0.84 0.70885414 0.8491667 0.67604166 0.8491667 0.6421875 0.8441667 0.6244792 0.84 0.625 0.825 0.62395835 0.80333334 0.62395835 0.7583333 0.6265625 0.475
2 0.80625 0.53583336 0.90989584 0.5208333 0.9192708 0.51666665 0.9203125 0.5233333 0.92552084 0.6075 0.9265625 0.62666667 0.92604166 0.65416664 0.928125 0.68333334 0.93385416 0.7625 0.93385416 0.80583334 0.91510415 0.81083333 0.89166665 0.81333333 0.8854167 0.59833336 0.83177084 0.60583335 0.74114585 0.615 0.70677084 0.615 0.70885414 0.8383333 0.70885414 0.84 0.69427085 0.8408333 0.6927083 0.83666664 0.69166666 0.805 0.6901042 0.76166666 0.684375 0.64166665 0.68177086 0.6041667 0.68541664 0.5683333 0.6875 0.55833334 0.7140625 0.5466667 0.74583334 0.54333335 0.8041667 0.5341667
2 0.70989585 0.98333335 0.709375 0.94083333 0.70885414 0.85 0.70885414 0.83416665 0.7078125 0.71 0.70625 0.615 0.7395833 0.615 0.8203125 0.6066667 0.88489586 0.59833336 0.8859375 0.6191667 0.890625 0.77166665 0.89166665 0.81333333 0.8932292 0.9533333 0.89427084 0.9841667 0.8880208 0.9841667 0.8588542 0.98333335 0.8265625 0.9841667 0.8015625 0.9875 0.78020835 0.9891667 0.76666665 0.98833334 0.7473958 0.9875 0.734375 0.98833334 0.72239584 0.98583335
2 0.13385417 0.42666668 0.1484375 0.44083333 0.18385416 0.47833332 0.13229166 0.52 0.08645833 0.55333334 0.13072917 0.4325
2 0.038020834 0.5933333 0.05 0.58166665 0.13802083 0.515 0.240625 0.43333334 0.29322916 0.60333335 0.31979167 0.685 0.28802082 0.70916665 0.2578125 0.73 0.19375 0.7816667 0.13125 0.82916665 0.11354167 0.84 0.1109375 0.8308333 0.098958336 0.8025 0.084895834 0.775 0.079166666 0.76166666 0.075520836 0.74333334 0.06822917 0.71166664 0.0546875 0.6533333 0.0453125 0.6191667
