16 0.51354164 0.6558333 0.5307292 0.69 0.53802085 0.70166665 0.57135415 0.6725 0.59375 0.6425 0.6041667 0.6358333 0.62135416 0.6333333 0.6401042 0.62583333 0.68072915 0.5991667 0.6921875 0.59166664 0.69166666 0.5858333 0.69375 0.5858333 0.69739586 0.58916664 0.7369792 0.56416667 0.75572914 0.5475 0.7505208 0.5175 0.7416667 0.4675 0.72864586 0.415 0.7104167 0.35666665 0.684375 0.27166668 0.6515625 0.2975 0.6713542 0.39166668 0.67552084 0.41166666 0.6802083 0.43666667 0.678125 0.44916666 0.66510415 0.4825 0.6458333 0.5233333 0.6401042 0.5283333 0.63125 0.53 0.6244792 0.5325 0.6171875 0.5441667 0.59947914 0.55583334 0.5807292 0.56 0.5453125 0.5858333 0.50625 0.6091667 0.4984375 0.6141667 0.50677085 0.63916665
16 0.5046875 0.655 0.5 0.6675 0.5296875 0.7 0.5786458 0.75333333 0.62083334 0.7991667 0.64166665 0.8208333 0.67083335 0.75083333 0.6979167 0.68416667 0.73072916 0.625 0.7708333 0.5441667 0.7859375 0.49916667 0.7864583 0.4875 0.75364584 0.445 0.72864586 0.415 0.7416667 0.4675 0.75625 0.5475 0.73645836 0.56416667 0.69739586 0.58916664 0.69375 0.5858333 0.69166666 0.5858333 0.6921875 0.59166664 0.65260416 0.6175 0.640625 0.625 0.62135416 0.63416666 0.6041667 0.6358333 0.59375 0.6425 0.57135415 0.6725 0.53802085 0.70166665 0.5307292 0.68916667 0.515625 0.66 0.5109375 0.65 0.509375 0.6458333
16 0.84375 0.48166665 0.80572915 0.43666667 0.7885417 0.41666666 0.78541666 0.41833332 0.7859375 0.41416666 0.7526042 0.375 0.71666664 0.34166667 0.70677084 0.325 0.703125 0.3325 0.72864586 0.415 0.75 0.44083333 0.7864583 0.4875 0.78541666 0.49916667 0.7708333 0.545 0.72291666 0.63916665 0.7057292 0.67 0.7328125 0.70416665 0.7447917 0.68 0.753125 0.6641667 0.7578125 0.655 0.7864583 0.60083336 0.8015625 0.5683333 0.83697915 0.4975 0.84375 0.48333332
16 0.30572918 0.6091667 0.27760416 0.58666664 0.3 0.52 0.31197917 0.485 0.315625 0.48416665 0.31354168 0.47916666 0.33072916 0.43166667 0.353125 0.36833334 0.36302084 0.33583334 0.375 0.3025 0.38645834 0.26083332 0.3984375 0.22 0.40208334 0.21 0.41770834 0.22166666 0.4484375 0.25166667 0.46822917 0.27333334 0.4765625 0.27833334 0.490625 0.28583333 0.50625 0.29833335 0.5052083 0.3025 0.484375 0.31083333 0.44635418 0.33166668 0.40260416 0.355 0.384375 0.36416668 0.38125 0.365 0.3921875 0.42583334 0.39947918 0.46666667 0.421875 0.575 0.4359375 0.6458333 0.46666667 0.6308333 0.44270834 0.7125 0.38177082 0.66833335 0.37291667 0.6616667 0.33645833 0.6333333
16 0.5109375 0.28833333 0.5286458 0.24 0.5473958 0.19333333 0.565625 0.155 0.5677083 0.15666667 0.5953125 0.185 0.6098958 0.20583333 0.6234375 0.23166667 0.6020833 0.24666667 0.57447916 0.26916668 0.5541667 0.28333333 0.5395833 0.2875 0.5052083 0.3025 0.50625 0.29833335
16 0.4125 0.115 0.40833333 0.08583333 0.40989584 0.07 0.41614583 0.035 0.41979167 0.009166666 0.42291668 0.0 0.659375 0.0 0.671875 0.051666666 0.6802083 0.09 0.68541664 0.12583333 0.66875 0.13416667 0.665625 0.13666667 0.6640625 0.13916667 0.6635417 0.13833334 0.6625 0.14 0.6609375 0.13916667 0.6609375 0.14166667 0.6588542 0.14 0.65833336 0.14166667 0.65625 0.14083333 0.65625 0.14416666 0.6536458 0.1425 0.6536458 0.14583333 0.6510417 0.14416666 0.621875 0.16083333 0.59010416 0.17916666 0.565625 0.155 0.5463542 0.19583334 0.54322916 0.20416667 0.51197916 0.22 0.49895832 0.22583333 0.48854166 0.2275 0.48072916 0.2325 0.47604167 0.2375 0.46822917 0.24833333 0.45520833 0.25916666 0.43854168 0.24166666 0.42916667 0.19833334 0.4140625 0.123333335
16 0.71458334 0.30416667 0.68541664 0.27416667 0.703125 0.33166668 0.70729166 0.32333332 0.7140625 0.3075
16 0.646875 0.2475 0.6401042 0.245 0.6515625 0.2975 0.68333334 0.2725 0.67552084 0.26666668 0.659375 0.25416666 0.653125 0.25
16 0.6432292 0.23666666 0.6411458 0.24 0.6401042 0.245 0.646875 0.2475 0.65260416 0.25 0.6479167 0.24416667 0.64479166 0.24083333 0.64427084 0.24
16 0.38125 0.365 0.38489583 0.36416668 0.44427082 0.3325 0.484375 0.31083333 0.54010415 0.2875 0.5541667 0.28333333 0.57395834 0.27 0.6015625 0.24666667 0.63489586 0.22416666 0.6390625 0.24083333 0.6536458 0.305 0.67604166 0.415 0.6802083 0.43666667 0.678125 0.44916666 0.66510415 0.4825 0.6458333 0.5233333 0.6401042 0.5283333 0.63125 0.53 0.6244792 0.5325 0.6166667 0.5441667 0.59947914 0.55583334 0.5807292 0.56 0.54583335 0.5858333 0.49895832 0.6141667 0.43645832 0.64666665 0.42135417 0.57166666 0.39895833 0.46416667
