18 0.6 0.6983333 0.58802086 0.74083334 0.58489585 0.74833333 0.5625 0.85083336 0.5578125 0.8725 0.54479164 0.88 0.525 0.87166667 0.41614583 0.7991667 0.36666667 0.7683333 0.35833332 0.76 0.35260418 0.74583334 0.35208333 0.7291667 0.36197916 0.68666667 0.38229167 0.615 0.39166668 0.61833334 0.40625 0.6041667 0.4140625 0.5525 0.46145833 0.5808333 0.49375 0.65 0.50208336 0.6691667 0.5161458 0.6741667 0.5234375 0.67 0.54322916 0.64916664 0.5416667 0.6825 0.54270834 0.68833333 0.5515625 0.7025 0.57604164 0.7033333 0.59791666 0.695
18 0.59270835 0.34916666 0.65052086 0.37 0.7109375 0.39416668 0.7182292 0.41416666 0.70208335 0.5175 0.68645835 0.59583336 0.6822917 0.59583336 0.67083335 0.6066667 0.66770834 0.615 0.66302085 0.67 0.66041666 0.72833335 0.6484375 0.7366667 0.60625 0.7083333 0.6 0.7033333 0.6 0.6975 0.59791666 0.69416666 0.578125 0.7025 0.5515625 0.70166665 0.54114586 0.685 0.54322916 0.6483333 0.59583336 0.5883333 0.6177083 0.55916667 0.6197917 0.53833336 0.6145833 0.52 0.5786458 0.44333333 0.5708333 0.4275 0.57916665 0.36333334 0.5854167 0.35333332
18 0.75989586 0.34916666 0.8421875 0.34833333 0.87083334 0.35166666 0.8796875 0.36583334 0.8833333 0.3775 0.88072914 0.42083332 0.87604165 0.465 0.88072914 0.59833336 0.88177085 0.62666667 0.8776042 0.67833334 0.8677083 0.69083333 0.81041664 0.7025 0.76458335 0.7025 0.7572917 0.69666666 0.7505208 0.6816667 0.746875 0.65833336 0.74583334 0.55583334 0.7473958 0.44833332 0.7494792 0.40833333 0.74791664 0.3675 0.7515625 0.35916665
18 0.6645833 0.82 0.7375 0.82916665 0.8286458 0.8475 0.85833335 0.8525 0.87135416 0.835 0.87916666 0.6775 0.8677083 0.69166666 0.8109375 0.7025 0.7651042 0.7025 0.7572917 0.6958333 0.75 0.68083334 0.74635416 0.6566667 0.74635416 0.6125 0.69947916 0.5966667 0.6859375 0.595 0.6828125 0.595 0.67083335 0.6075 0.6666667 0.61333334 0.65989584 0.7316667 0.6557292 0.7966667 0.65625 0.8025
18 0.69375 0.14416666 0.740625 0.2 0.77552086 0.23833333 0.796875 0.26583335 0.8229167 0.2975 0.8484375 0.32416666 0.8515625 0.3425 0.85052085 0.34833333 0.7609375 0.34833333 0.753125 0.3575 0.74791664 0.3675 0.74895835 0.41 0.746875 0.48 0.7171875 0.44666666 0.7140625 0.44083333 0.71875 0.41583332 0.7114583 0.39416668 0.64270836 0.365 0.6109375 0.3325 0.60833335 0.31083333 0.61145836 0.30166668 0.64739585 0.2175 0.67083335 0.16166666 0.678125 0.14666666 0.68854165 0.14416666
18 0.44739583 0.3175 0.48489583 0.27416667 0.5015625 0.275 0.53697914 0.365 0.5677083 0.42166665 0.5734375 0.4325 0.61875 0.5316667 0.6203125 0.5391667 0.6177083 0.55833334 0.53802085 0.6558333 0.5182292 0.67333335 0.50416666 0.67083335 0.50364584 0.6691667 0.46197918 0.58166665 0.41979167 0.48666668 0.42395833 0.41666666 0.43958333 0.35833332
18 0.32864583 0.595 0.38125 0.61333334 0.38958332 0.6175 0.40572917 0.6041667 0.4140625 0.54833335 0.41979167 0.50083333 0.4234375 0.42 0.43697917 0.3675 0.44791666 0.31083333 0.45052084 0.29666665 0.44375 0.27666667 0.43958333 0.2725 0.36666667 0.24166666 0.32552084 0.22416666 0.31614584 0.2325 0.31145832 0.23833333 0.30677083 0.27083334 0.29895833 0.33333334 0.28385416 0.43833333 0.27760416 0.48166665 0.31770834 0.51666665 0.32916668 0.5275 0.33489582 0.5341667 0.33802083 0.5625 0.33229166 0.57416666
18 0.375 0.093333334 0.4046875 0.1625 0.428125 0.21916667 0.42447916 0.23833333 0.40625 0.2575 0.32604167 0.22416666 0.31145832 0.2375 0.29739583 0.34666666 0.28854167 0.40333334 0.28072917 0.41583332 0.27135417 0.42833334 0.259375 0.425 0.2546875 0.41916665 0.184375 0.29333332 0.175 0.27333334 0.17291667 0.255 0.175 0.25 0.19635417 0.225 0.24427083 0.16416667 0.30520833 0.08916666 0.33697918 0.053333335 0.34635416 0.053333335 0.35729167 0.05666667
18 0.184375 0.39583334 0.19739583 0.41916665 0.21927084 0.43583333 0.24947916 0.45833334 0.2765625 0.48083332 0.32604167 0.52416664 0.33489582 0.5341667 0.33802083 0.56083333 0.3328125 0.5708333 0.32708332 0.60083336 0.31302083 0.64416665 0.30052084 0.6325 0.27395833 0.65166664 0.221875 0.69083333 0.1390625 0.6116667 0.0953125 0.575 0.088541664 0.56083333 0.08802083 0.5466667 0.10104167 0.5075 0.14270833 0.395 0.14739583 0.385 0.15729167 0.37916666 0.16666667 0.38083333
18 0.1484375 0.74333334 0.2203125 0.69166666 0.28489584 0.64416665 0.30052084 0.63416666 0.31354168 0.645 0.334375 0.7158333 0.34166667 0.7475 0.36458334 0.8075 0.36197916 0.8283333 0.35677084 0.8383333 0.30260417 0.87916666 0.20885417 0.9558333 0.17135416 0.98583335 0.15885417 0.9775 0.1296875 0.87666667 0.114583336 0.82916665 0.104166664 0.8 0.109375 0.77416664
