18 0.5697917 0.5466667 0.55104166 0.545 0.5442708 0.545 0.53541666 0.55 0.52760416 0.56333333 0.5239583 0.5825 0.51666665 0.65416664 0.509375 0.7241667 0.50677085 0.755 0.50677085 0.77166665 0.5026042 0.8325 0.5005208 0.855 0.50104165 0.8641667 0.50416666 0.87333333 0.5104167 0.88166666 0.51875 0.8825 0.5364583 0.87916666 0.54895836 0.8691667 0.5625 0.87916666 0.5755208 0.88166666 0.60364586 0.885 0.62083334 0.885 0.62864584 0.86833334 0.6322917 0.8541667 0.6333333 0.79583335 0.63645834 0.7708333 0.63645834 0.755 0.6380208 0.74 0.57916665 0.72583336 0.559375 0.7175 0.5520833 0.70916665 0.55 0.7 0.54895836 0.6825 0.5609375 0.62583333 0.56822914 0.58166665 0.5776042 0.5475
18 0.65729165 0.385 0.60729164 0.3975 0.53489584 0.41333333 0.5182292 0.41916665 0.51458335 0.42583334 0.5104167 0.43333334 0.51197916 0.44833332 0.52447915 0.5825 0.52760416 0.56333333 0.53541666 0.55 0.54375 0.545 0.55104166 0.545 0.57708335 0.5475 0.58229166 0.53 0.5911458 0.51416665 0.596875 0.51 0.60572916 0.5108333 0.6479167 0.5233333 0.7192708 0.5566667 0.734375 0.5625 0.7338542 0.54833335 0.73072916 0.38583332 0.7265625 0.37666667 0.72291666 0.37166667 0.71875 0.37 0.7125 0.37083334
18 0.52135414 0.35833332 0.58177084 0.40333334 0.534375 0.41333333
18 0.4984375 0.34833333 0.39322916 0.40916666 0.39010417 0.41833332 0.38697916 0.42416668 0.38697916 0.43083334 0.3875 0.435 0.40208334 0.49416667 0.415625 0.55083334 0.44114584 0.65416664 0.45677084 0.70916665 0.46145833 0.7275 0.46770832 0.7375 0.4765625 0.74083334 0.50989586 0.7191667 0.5125 0.6925 0.5234375 0.5875 0.5239583 0.5833333 0.5140625 0.47416666 0.5104167 0.43416667 0.5182292 0.41916665 0.5338542 0.41333333 0.52135414 0.35833332 0.5171875 0.35166666 0.5072917 0.34416667 0.50416666 0.34416667
18 0.46614584 0.1025 0.46197918 0.10916667 0.44583333 0.16416667 0.42604166 0.24 0.41875 0.27 0.41770834 0.27916667 0.41979167 0.28666666 0.4265625 0.30083334 0.44322917 0.31083333 0.49635416 0.33916667 0.50625 0.34416667 0.5171875 0.35166666 0.5208333 0.3575 0.521875 0.35833332 0.58177084 0.40333334 0.6109375 0.39666668 0.6244792 0.39333335 0.6322917 0.36583334 0.63489586 0.3575 0.6380208 0.345 0.6432292 0.32416666 0.653125 0.29333332 0.6645833 0.2425 0.66510415 0.235 0.6640625 0.225 0.6614583 0.215 0.653125 0.2075 0.6015625 0.175 0.5552083 0.14666666 0.54375 0.1425 0.5385417 0.13916667 0.53229165 0.13416667 0.51354164 0.11666667 0.49010417 0.1 0.4859375 0.0975 0.47291666 0.096666664
18 0.36458334 0.06333333 0.34791666 0.07 0.33958334 0.0725 0.328125 0.0775 0.31822917 0.079166666 0.26822916 0.095 0.23333333 0.10666667 0.2234375 0.115833335 0.21927084 0.13083333 0.21927084 0.13583334 0.2421875 0.28 0.24947916 0.32083333 0.25729167 0.3275 0.2625 0.33 0.26614583 0.33 0.26927084 0.33 0.2765625 0.32666665 0.30677083 0.31 0.33020833 0.3025 0.36979166 0.2925 0.41770834 0.2775 0.41927084 0.26916668 0.43645832 0.20083334 0.45104167 0.14666666 0.43958333 0.06583333 0.434375 0.055 0.42708334 0.046666667 0.41666666 0.044166666 0.40208334 0.05
18 0.74375 0.1075 0.73229164 0.11333334 0.6869792 0.14833333 0.66302085 0.1625 0.62291664 0.18833333 0.65260416 0.2075 0.6609375 0.215 0.6640625 0.22416666 0.66510415 0.235 0.6645833 0.2425 0.653125 0.2925 0.6432292 0.32416666 0.63489586 0.3575 0.63177085 0.36666667 0.6244792 0.39333335 0.70729166 0.3725 0.7348958 0.35083333 0.74375 0.34333333 0.7864583 0.31833333 0.7270833 0.27 0.71510416 0.2575 0.709375 0.24416667 0.70885414 0.22916667 0.71197915 0.2125
18 0.8588542 0.13583334 0.8411458 0.119166665 0.81354165 0.0925 0.78125 0.06333333 0.7734375 0.06 0.76458335 0.06 0.7578125 0.0675 0.74322915 0.108333334 0.7125 0.2125 0.70885414 0.22916667 0.709375 0.24416667 0.71510416 0.25833333 0.7291667 0.2725 0.7895833 0.32083333 0.81927085 0.345 0.853125 0.37916666 0.87083334 0.39666668 0.8755208 0.3975 0.88072914 0.39666668 0.89947915 0.36 0.9088542 0.32833335 0.91614586 0.3075 0.9328125 0.27083334 0.94114584 0.23 0.9401042 0.22333333 0.9322917 0.20583333 0.91041666 0.1875 0.8833333 0.15916666
18 0.75989586 0.72583336 0.7916667 0.7816667 0.79479164 0.785 0.80052084 0.78583336 0.80833334 0.785 0.815625 0.77416664 0.8671875 0.69916666 0.89479166 0.6566667 0.94322914 0.5775 0.9484375 0.5683333 0.95 0.5575 0.9484375 0.54333335 0.9458333 0.535 0.9390625 0.52666664 0.9296875 0.5058333 0.896875 0.45666668 0.86927086 0.41666666 0.86614585 0.415 0.8619792 0.41416666 0.8567708 0.415 0.8541667 0.41666666 0.8364583 0.445 0.80677086 0.495 0.7828125 0.5441667 0.7739583 0.56416667 0.76875 0.565 0.76354164 0.5675 0.75885415 0.5725 0.771875 0.57916665 0.77760416 0.5858333 0.7807292 0.59583336 0.78020835 0.6116667 0.76666665 0.6691667 0.75572914 0.71666664
18 0.8854167 0.68666667 0.8901042 0.68916667 0.89479166 0.68916667 0.9015625 0.68666667 0.9114583 0.6766667 0.93958336 0.63166666 0.97291666 0.5733333 0.98802084 0.5475 0.9890625 0.5375 0.98854166 0.52916664 0.95729166 0.48833334 0.940625 0.4675 0.9109375 0.425 0.9015625 0.41166666 0.89375 0.40833333 0.8890625 0.405 0.88177085 0.395 0.88125 0.39583334 0.8765625 0.3975 0.87083334 0.39666668 0.8484375 0.375 0.8203125 0.34666666 0.815625 0.3425 0.7734375 0.41833332 0.75416666 0.4525 0.7526042 0.45916668 0.7515625 0.465 0.75104165 0.475 0.75104165 0.48166665 0.7526042 0.48916668 0.7552083 0.49333334 0.7739583 0.52 0.78541666 0.53833336 0.8046875 0.49916667 0.83177084 0.45166665 0.85364586 0.4175 0.8546875 0.41666666 0.8567708 0.415 0.8619792 0.41416666 0.86614585 0.415 0.86927086 0.41583332 0.8953125 0.45416668 0.9109375 0.47666666 0.9203125 0.49166667 0.9296875 0.505 0.9390625 0.52666664 0.9458333 0.535 0.94635415 0.5366667 0.9484375 0.54333335 0.95 0.5575 0.9479167 0.5683333 0.9390625 0.58416665 0.89270836 0.66 0.8796875 0.68
18 0.30208334 0.6041667 0.23958333 0.6558333 0.20364584 0.6775 0.19479166 0.6816667 0.19010417 0.6933333 0.18697916 0.7008333 0.18802084 0.71166664 0.19270833 0.7216667 0.20625 0.76916665 0.21875 0.8025 0.23697917 0.87083334 0.24166666 0.87916666 0.24375 0.88416666 0.25208333 0.8858333 0.25572917 0.8858333 0.29114583 0.85833335 0.359375 0.80833334 0.39270833 0.785 0.42447916 0.7625 0.434375 0.75416666 0.44010416 0.7425 0.44114584 0.7316667 0.43802083 0.7175 0.3984375 0.5858333 0.39114583 0.55916667 0.38802084 0.5541667 0.378125 0.5466667 0.3734375 0.54833335 0.3546875 0.56333333
18 0.27708334 0.87916666 0.30052084 0.915 0.30729166 0.9191667 0.3140625 0.92 0.31979167 0.92 0.32604167 0.9141667 0.38958332 0.8041667 0.40989584 0.7733333 0.37864584 0.795 0.28854167 0.86 0.27291667 0.8725
18 0.17239584 0.62916666 0.1328125 0.60583335 0.12447917 0.61083335 0.11666667 0.6141667 0.115625 0.6191667 0.09010417 0.7216667 0.07083333 0.795 0.07083333 0.8 0.075 0.8125 0.078125 0.82166666 0.091145836 0.8258333 0.165625 0.8625 0.2203125 0.88916665 0.26354167 0.91 0.27864584 0.91083336 0.28229168 0.91083336 0.28697917 0.9091667 0.29114583 0.9 0.27291667 0.8725 0.25572917 0.88666666 0.24375 0.88416666 0.23697917 0.87083334 0.2234375 0.81916666 0.21875 0.8025 0.20625 0.77 0.19270833 0.7216667 0.18802084 0.71166664 0.18697916 0.7008333 0.19479166 0.6825 0.20416667 0.6775 0.22135417 0.6666667 0.1921875 0.6475 0.1796875 0.63416666
18 0.35729167 0.40833333 0.3265625 0.41916665 0.2234375 0.44833332 0.1671875 0.46666667 0.15833333 0.475 0.15416667 0.485 0.15208334 0.495 0.175 0.6308333 0.17916666 0.63416666 0.1921875 0.6475 0.221875 0.6666667 0.2390625 0.6558333 0.303125 0.60333335 0.35989583 0.55916667 0.37291667 0.54833335 0.378125 0.5466667 0.3828125 0.55 0.38854167 0.5541667 0.39114583 0.55916667 0.39635417 0.5783333 0.40104166 0.58416665 0.39739582 0.56916666 0.38958332 0.545 0.38020834 0.53 0.3734375 0.515 0.37395832 0.51166666 0.37916666 0.51166666 0.38125 0.505 0.38177082 0.49416667 0.378125 0.425 0.37239584 0.415 0.3671875 0.40916666 0.36302084 0.40833333
18 0.40364584 0.58916664 0.43489584 0.64666665 0.44375 0.66333336 0.44635418 0.6716667 0.45572916 0.705 0.45885417 0.7175 0.45833334 0.72 0.440625 0.73833334 0.44114584 0.7316667 0.4375 0.71666664 0.39947918 0.58916664 0.39635417 0.5783333
18 0.75104165 0.5708333 0.7427083 0.56583333 0.7203125 0.5575 0.6479167 0.5233333 0.60520834 0.5108333 0.596875 0.51 0.590625 0.515 0.58229166 0.53 0.5677083 0.5833333 0.559375 0.63416666 0.5494792 0.6816667 0.5494792 0.69916666 0.5520833 0.71 0.559375 0.7183333 0.58020836 0.72583336 0.6359375 0.7391667 0.6734375 0.7475 0.684375 0.75416666 0.7083333 0.7683333 0.72447914 0.7775 0.7348958 0.775 0.74322915 0.77 0.74791664 0.74833333 0.78020835 0.6116667 0.7807292 0.59583336 0.77760416 0.585 0.77239585 0.57916665 0.75885415 0.5725
