15 0.15208334 0.71416664 0.19322917 0.74583334 0.209375 0.70166665 0.1578125 0.65833336 0.11145833 0.62583333 0.104166664 0.62583333 0.098958336 0.62666667 0.0921875 0.6308333 0.08958333 0.62833333 0.086979166 0.6308333 0.08177083 0.62583333 0.07760417 0.62833333 0.07760417 0.6325 0.07760417 0.63916665 0.0828125 0.6408333 0.084375 0.645 0.0890625 0.64666665 0.08802083 0.65166664 0.0890625 0.6616667 0.094791666 0.6691667 0.12447917 0.6933333
15 0.23333333 0.7758333 0.28125 0.81333333 0.28697917 0.815 0.29166666 0.81416667 0.29739583 0.8075 0.29895833 0.81166667 0.3015625 0.81166667 0.30364582 0.8075 0.3125 0.81333333 0.3140625 0.8041667 0.3109375 0.8016667 0.30572918 0.8 0.30572918 0.795 0.30208334 0.79333335 0.30208334 0.7841667 0.29895833 0.77416664 0.28177083 0.75916666 0.24114583 0.7225 0.23177083 0.75 0.225 0.76916665
15 0.25416666 0.69416666 0.28541666 0.7266667 0.30885416 0.75 0.31458333 0.75333333 0.3171875 0.75416666 0.32083333 0.7525 0.32395834 0.74916667 0.3265625 0.75166667 0.3296875 0.75166667 0.33489582 0.76166666 0.3375 0.7583333 0.340625 0.75 0.33385417 0.7425 0.33385417 0.7366667 0.33072916 0.73583335 0.33072916 0.7241667 0.32760417 0.71666664 0.32239583 0.7075 0.2953125 0.6766667 0.25520834 0.6333333 0.196875 0.57166666 0.1546875 0.5316667 0.14895834 0.5283333 0.14375 0.52916664 0.13958333 0.53333336 0.134375 0.5325 0.1328125 0.5325 0.12916666 0.525 0.123958334 0.5316667 0.122395836 0.545 0.125 0.54583335 0.13125 0.54583335 0.13229166 0.5491667 0.134375 0.55 0.134375 0.56083333 0.1359375 0.56666666 0.140625 0.57416666 0.16979167 0.605 0.22395833 0.6625 0.22760417 0.65833336 0.234375 0.6533333 0.23854166 0.65166664 0.240625 0.64916664 0.24270834 0.64916664 0.24270834 0.63666666 0.24739583 0.635 0.25416666 0.6383333 0.25677082 0.6425 0.24895833 0.6558333 0.24947916 0.6616667 0.25416666 0.6675 0.25520834 0.6725 0.25520834 0.6791667 0.2515625 0.69083333
15 0.34166667 0.3875 0.28489584 0.42166665 0.27760416 0.42833334 0.27552083 0.43333334 0.27552083 0.43916667 0.27552083 0.44166666 0.271875 0.44333333 0.27135417 0.44916666 0.26354167 0.4475 0.2640625 0.4575 0.265625 0.46416667 0.2734375 0.45833334 0.27447918 0.46166667 0.27708334 0.4625 0.27916667 0.46 0.28385416 0.46916667 0.28854167 0.47083333 0.29270834 0.47083333 0.34166667 0.445 0.41770834 0.39833334 0.41510418 0.36416668 0.4140625 0.34666666 0.4140625 0.34333333
15 0.41979167 0.31 0.4234375 0.32083333 0.42135417 0.32166666 0.421875 0.32833335 0.41770834 0.33333334 0.41510418 0.34083334 0.4140625 0.34416667 0.415625 0.3675 0.41875 0.40666667 0.42552084 0.47416666 0.43333334 0.56333333 0.440625 0.6508333 0.44479167 0.6766667 0.45 0.68333334 0.45677084 0.68666667 0.4578125 0.695 0.45885417 0.69666666 0.45677084 0.70666665 0.45885417 0.70916665 0.46145833 0.71 0.46770832 0.71 0.4671875 0.6975 0.4671875 0.68583333 0.4734375 0.67583334 0.475 0.6575 0.46979168 0.5966667 0.46354166 0.52416664 0.45625 0.45166665 0.44947916 0.38083333 0.44427082 0.3375 0.44166666 0.33083335 0.43697917 0.32666665 0.43385416 0.325 0.43385416 0.31833333 0.43072918 0.31833333 0.43020833 0.30416667 0.42395833 0.30416667
15 0.475 0.31083333 0.4703125 0.3125 0.440625 0.32916668 0.44166666 0.33083335 0.44427082 0.33833334 0.44895834 0.37833333 0.46666667 0.36916667 0.48177084 0.3575 0.48958334 0.3475 0.490625 0.33666667 0.49270833 0.33583334 0.49322918 0.32916668 0.5015625 0.32916668 0.50104165 0.32083333 0.4984375 0.31333333 0.49166667 0.31833333 0.49010417 0.31583333 0.4875 0.31583333 0.48541668 0.3175 0.48125 0.3125 0.47760418 0.31083333
15 0.46770832 0.47 0.53229165 0.44333333 0.53020835 0.44666666 0.53020835 0.45 0.52447915 0.45333335 0.521875 0.4575 0.5171875 0.4725 0.5125 0.50333333 0.46354166 0.5233333 0.45833334 0.47333333
15 0.41666666 0.49166667 0.3890625 0.505 0.38697916 0.5075 0.38489583 0.51416665 0.38541666 0.5208333 0.38229167 0.52166665 0.38125 0.52416664 0.37552083 0.52166665 0.37395832 0.53333336 0.37395832 0.53833336 0.375 0.5425 0.38125 0.53833336 0.384375 0.5441667 0.38854167 0.54083335 0.3921875 0.5475 0.39895833 0.54833335 0.43072918 0.5375 0.42864582 0.5083333 0.4265625 0.48666668
15 0.48854166 0.5275 0.49375 0.52666664 0.49791667 0.52666664 0.50885415 0.53333336 0.5026042 0.58666664 0.496875 0.58166665 0.48645833 0.57 0.48072916 0.55833334 0.47916666 0.5491667 0.47916666 0.5441667 0.47604167 0.54333335 0.475 0.5391667 0.47604167 0.5375 0.46875 0.52666664 0.47239584 0.52 0.4796875 0.5275 0.48333332 0.5258333 0.48489583 0.52916664
15 0.50208336 0.59 0.49270833 0.6625 0.484375 0.74083334 0.4796875 0.78 0.4796875 0.795 0.48072916 0.80333334 0.484375 0.8075 0.4875 0.81 0.4875 0.81666666 0.4875 0.81916666 0.48333332 0.8258333 0.48541668 0.8283333 0.4890625 0.83 0.49166667 0.8308333 0.49375 0.8283333 0.49375 0.8208333 0.49635416 0.82 0.49791667 0.81333333 0.50416666 0.81 0.50885415 0.8025 0.5161458 0.745 0.5286458 0.64416665 0.5317708 0.6175 0.54375 0.52666664 0.54895836 0.49083334 0.54895836 0.46916667 0.546875 0.4625 0.54375 0.45666668 0.54375 0.4475 0.54010415 0.44583333 0.54322916 0.43833333 0.54375 0.43416667 0.5416667 0.43083334 0.5328125 0.43083334 0.53229165 0.44333333 0.5307292 0.44666666 0.53020835 0.45 0.52447915 0.45333335 0.521875 0.4575 0.5171875 0.4725 0.5125 0.50333333 0.50885415 0.53333336 0.5026042 0.5883333
15 0.36041668 0.5941667 0.36041668 0.59583336 0.35625 0.59833336 0.35520834 0.6 0.35520834 0.6025 0.35260418 0.6041667 0.35260418 0.6075 0.35729167 0.6116667 0.35885417 0.61333334 0.36041668 0.6191667 0.3625 0.6225 0.3640625 0.62333333 0.36510417 0.63 0.36614582 0.63416666 0.378125 0.6458333 0.403125 0.6641667 0.43854168 0.68833333 0.4578125 0.70166665 0.45885417 0.69666666 0.4578125 0.695 0.45677084 0.6875 0.45 0.68333334 0.44479167 0.6766667 0.440625 0.65 0.43854168 0.63 0.39010417 0.5991667 0.38020834 0.595 0.375 0.5941667 0.37291667 0.595 0.36822918 0.6025 0.36614582 0.6016667 0.3625 0.6016667 0.36197916 0.5941667
15 0.46979168 0.70916665 0.48645833 0.7191667 0.49010417 0.6875 0.4921875 0.66583335 0.47447917 0.65416664 0.475 0.6575 0.4734375 0.67583334 0.4671875 0.68583333 0.46770832 0.6983333 0.46770832 0.7083333
15 0.5234375 0.7441667 0.54791665 0.75916666 0.5520833 0.75916666 0.5552083 0.7583333 0.55885416 0.7575 0.56041664 0.75416666 0.56458336 0.75666666 0.56666666 0.755 0.5708333 0.76166666 0.57447916 0.7625 0.5640625 0.7175 0.55260414 0.7058333 0.5234375 0.68666667 0.5171875 0.7391667
15 0.5630208 0.71166664 0.56354165 0.7175 0.578125 0.7775 0.6046875 0.89416665 0.6203125 0.95416665 0.625 0.96416664 0.628125 0.96666664 0.6328125 0.9675 0.6328125 0.9716667 0.63697916 0.97583336 0.6375 0.98583335 0.6411458 0.98333335 0.64479166 0.9791667 0.646875 0.9775 0.64739585 0.9716667 0.64270836 0.9658333 0.6432292 0.9608333 0.6421875 0.95916665 0.64739585 0.9483333 0.64739585 0.9375 0.6401042 0.9025 0.6234375 0.8258333 0.609375 0.7633333 0.5942708 0.70166665 0.5833333 0.65166664 0.578125 0.63916665 0.57239586 0.6333333 0.56875 0.6333333 0.56666666 0.6275 0.56458336 0.62916666 0.56354165 0.615 0.5598958 0.615 0.55364585 0.6166667 0.55260414 0.62083334 0.55572915 0.63166666 0.5546875 0.63416666 0.5552083 0.6408333 0.5520833 0.64916664 0.5515625 0.6616667 0.55364585 0.675
15 0.53697914 0.62166667 0.5552083 0.64 0.5546875 0.635 0.55572915 0.63166666 0.55260414 0.62083334 0.553125 0.6166667 0.5598958 0.615 0.56354165 0.615 0.5640625 0.62833333 0.56666666 0.6275 0.56875 0.6333333 0.5729167 0.6333333 0.578125 0.63916665 0.5833333 0.65166664 0.5875 0.6691667 0.64479166 0.7158333 0.64947915 0.7191667 0.65208334 0.72 0.65989584 0.725 0.6635417 0.725 0.66770834 0.7241667 0.6723958 0.7225 0.67604166 0.725 0.6791667 0.7216667 0.68072915 0.7241667 0.68333334 0.72333336 0.6880208 0.7225 0.68854165 0.715 0.68177086 0.7125 0.68177086 0.7075 0.6770833 0.705 0.67604166 0.695 0.67395836 0.68916667 0.671875 0.685 0.65052086 0.66333336 0.5755208 0.5991667 0.55625 0.58 0.5390625 0.56166667 0.53541666 0.59166664 0.5317708 0.6166667
15 0.553125 0.4875 0.5953125 0.47333333 0.6 0.47 0.60260415 0.465 0.60364586 0.46 0.60729164 0.46 0.60833335 0.45583335 0.6140625 0.46 0.61614585 0.46 0.6171875 0.45333335 0.6171875 0.44166666 0.61510414 0.43666667 0.61354166 0.43583333 0.609375 0.44083333 0.60572916 0.4375 0.60364586 0.4375 0.6015625 0.43333334 0.59739584 0.42916667 0.5932292 0.42666668 0.54322916 0.43833333 0.54010415 0.44583333 0.54375 0.4475 0.54375 0.4575 0.5473958 0.46333334 0.54895836 0.46916667 0.54895836 0.49
15 0.15208334 0.8775 0.1453125 0.9033333 0.1375 0.93 0.13697916 0.93916667 0.13697916 0.945 0.1390625 0.95 0.14114584 0.95416665 0.14166667 0.9575 0.1359375 0.95916665 0.13854167 0.9633333 0.1375 0.9683333 0.140625 0.9675 0.140625 0.97083336 0.14270833 0.97083336 0.14739583 0.9658333 0.14947917 0.96666664 0.14947917 0.9583333 0.15260416 0.9575 0.15625 0.9583333 0.1609375 0.9558333 0.16354166 0.9533333 0.16875 0.94416666 0.1828125 0.90416664 0.2171875 0.79583335 0.22447917 0.7708333 0.24583334 0.7075 0.25520834 0.6791667 0.25520834 0.6725 0.25416666 0.6675 0.24947916 0.6616667 0.24895833 0.655 0.25677082 0.6425 0.25364584 0.6383333 0.24739583 0.635 0.24270834 0.6375 0.24270834 0.64916664 0.240625 0.64916664 0.2390625 0.6508333 0.234375 0.6533333 0.228125 0.65833336 0.22239584 0.665 0.20677084 0.70916665 0.19427083 0.74333334 0.16458334 0.8375 0.15885417 0.855
