1 0.63854164 0.7916667 0.6359375 0.8041667 0.6489583 0.87083334 0.65416664 0.91083336 0.66302085 0.9275 0.66979164 0.9291667 0.6744792 0.93583333 0.66979164 0.95 0.6625 0.94916666 0.63697916 0.93333334 0.55104166 0.9891667 0.534375 1.0 0.48125 1.0 0.46614584 0.925 0.46197918 0.9225 0.4609375 0.94666666 0.45625 0.9375 0.453125 0.915 0.4625 0.91083336 0.48125 0.9533333 0.49166667 0.9691667 0.49635416 0.9691667 0.55572915 0.88166666 0.61041665 0.8175 0.6354167 0.78583336
16 0.5671875 0.48416665 0.6015625 0.5375 0.6557292 0.6225 0.69947916 0.705 0.69739586 0.70916665 0.63385415 0.7875 0.5875 0.8441667 0.55625 0.88166666 0.5473958 0.8933333 0.5203125 0.93333334 0.4984375 0.965 0.49635416 0.9691667 0.49166667 0.9691667 0.48020834 0.95166665 0.45104167 0.8858333 0.41197917 0.79833335 0.39739582 0.77166665 0.40520832 0.74583334 0.415625 0.705 0.43697917 0.68083334 0.46510416 0.6358333 0.51770836 0.55833334 0.5630208 0.48583335 0.565625 0.48333332
14 0.47916666 0.54833335 0.5046875 0.5125 0.51354164 0.50333333 0.5229167 0.4775 0.5260417 0.48 0.5395833 0.49666667 0.54010415 0.5083333 0.54270834 0.5175 0.50364584 0.57916665 0.49739584 0.575 0.49114582 0.5733333 0.48229167 0.555
2 0.43802083 0.28 0.47916666 0.25666666 0.5630208 0.21 0.6088542 0.18583333 0.61041665 0.19166666 0.615625 0.21583334 0.6322917 0.2925 0.6536458 0.40833333 0.596875 0.42416668 0.58697915 0.43416667 0.58489585 0.44333333 0.5885417 0.46083334 0.6015625 0.5366667 0.5671875 0.48416665 0.5651042 0.48333332 0.54270834 0.5183333 0.54270834 0.51666665 0.540625 0.50916666 0.54010415 0.49666667 0.5260417 0.47916666 0.5234375 0.47833332 0.5140625 0.50166667 0.50625 0.5108333 0.48958334 0.5341667 0.46875 0.43416667 0.440625 0.2925 0.4375 0.285
19 0.7630208 0.575 0.7651042 0.5908333 0.7651042 0.5925 0.76145834 0.59583336 0.7609375 0.59833336 0.76197916 0.6 0.76458335 0.60083336 0.7671875 0.60083336 0.7734375 0.6483333 0.7682292 0.6666667 0.75625 0.6716667 0.69375 0.695 0.659375 0.62916666 0.6015625 0.5366667 0.5859375 0.44583333 0.5854167 0.44416666 0.58697915 0.435 0.5963542 0.42583334 0.6536458 0.40916666 0.72083336 0.375 0.7260417 0.375 0.7317708 0.38416666 0.73541665 0.38666666
15 0.83958334 0.47083333 0.8744792 0.5391667 0.86614585 0.5475 0.8546875 0.5683333 0.84947914 0.575 0.81875 0.51666665 0.8375 0.4725
18 0.9848958 0.42666668 1.0 0.45333335 1.0 0.6575 0.9838542 0.67083335 0.94739586 0.7075 0.94166666 0.71166664 0.9380208 0.7266667 0.9223958 0.74333334 0.896875 0.7808333 0.8875 0.79333335 0.8765625 0.79583335 0.8703125 0.7925 0.8546875 0.77 0.8276042 0.7133333 0.7984375 0.6675 0.7973958 0.6525 0.80104166 0.6358333 0.82239586 0.6116667 0.8489583 0.5758333 0.85572916 0.5675 0.86510414 0.54833335 0.87604165 0.5375 0.8953125 0.51166666 0.94895834 0.44666666 0.97447914 0.42333335
5 0.8645833 0.17583333 0.84947914 0.26666668 0.83229166 0.30083334 0.8119792 0.33166668 0.80885416 0.34833333 0.82708335 0.35916665 0.83385414 0.3625 0.8588542 0.38083333 0.8609375 0.38333333 0.86354166 0.395 0.92395836 0.44083333 0.94166666 0.455 0.9526042 0.4425 0.9703125 0.4275 0.9739583 0.4225 0.9838542 0.42666668 1.0 0.4525 1.0 0.075833336 0.95677084 0.051666666 0.9067708 0.013333334 0.89427084 0.03 0.8890625 0.096666664
15 0.74114585 0.28583333 0.746875 0.28916666 0.76979166 0.3275 0.7260417 0.305 0.72447914 0.29583332 0.7171875 0.28583333 0.7239583 0.27583334 0.7317708 0.28666666 0.73645836 0.28666666
5 0.8854167 0.81083333 0.9265625 0.8641667 0.93958336 0.88 0.8776042 0.95166665 0.85520834 1.0 0.7578125 1.0 0.7109375 0.9225 0.67083335 0.8691667 0.64427084 0.835 0.64375 0.8233333 0.68072915 0.76916665 0.7203125 0.70916665 0.7369792 0.6775 0.76770836 0.6675 0.7729167 0.6483333 0.7703125 0.62583333 0.77708334 0.62416667 0.7963542 0.66083336 0.7984375 0.6675 0.8265625 0.7108333 0.8364583 0.7325 0.85572916 0.7725 0.86927086 0.7925 0.87708336 0.795
14 0.6859375 0.7275 0.6901042 0.73083335 0.6921875 0.7341667 0.6927083 0.7341667 0.6958333 0.72833335 0.6979167 0.735 0.6958333 0.7391667 0.65989584 0.78333336 0.6479167 0.8016667 0.64479166 0.80083334 0.63854164 0.79083335 0.6354167 0.78583336 0.68072915 0.73 0.68541664 0.7241667
0 0.22239584 0.25416666 0.31822917 0.2175 0.346875 0.205 0.36927083 0.205 0.3671875 0.27416667 0.359375 0.36583334 0.36927083 0.5058333 0.36875 0.5233333 0.36458334 0.5258333 0.33125 0.51416665 0.23125 0.5 0.17760417 0.52166665 0.175 0.52666664 0.165625 0.5275 0.16197917 0.5233333 0.16875 0.3525 0.16145833 0.19416666 0.17395833 0.19916667 0.21822916 0.25583333
4 0.87916666 0.00083333335 0.89739585 0.023333333 0.90625 0.013333334 0.95520836 0.05 0.97552085 0.061666667 0.98854166 0.04 0.99322915 0.028333334 0.9927083 0.019166667 0.9875 0.0125 0.975 0.0
