20 0.8921875 0.56166667 0.89166665 0.625 0.8953125 0.6591667 0.9 0.71 0.90625 0.74083334 0.90833336 0.76666665 0.903125 0.7816667 0.89166665 0.7925 0.87395835 0.7925 0.85052085 0.79833335 0.8078125 0.7891667 0.70729166 0.7625 0.68854165 0.7583333 0.66875 0.755 0.65208334 0.75 0.621875 0.74083334 0.6119792 0.7366667 0.584375 0.74083334 0.5578125 0.7416667 0.5161458 0.7425 0.5104167 0.7366667 0.509375 0.725 0.50885415 0.685 0.51458335 0.5825 0.5161458 0.5275 0.5208333 0.51 0.5286458 0.5025 0.5390625 0.50166667 0.5932292 0.50416666 0.61302084 0.50333333 0.64427084 0.5108333 0.6635417 0.5108333 0.69635415 0.51666665 0.7078125 0.5183333 0.73229164 0.5258333 0.74635416 0.545 0.75572914 0.55833334 0.7671875 0.5625 0.7739583 0.5625 0.7796875 0.56 0.7859375 0.5516667 0.79583335 0.54583335 0.809375 0.5441667 0.8619792 0.53333336 0.8796875 0.5375 0.88489586 0.5441667 0.8875 0.5525
1 0.6322917 0.39416668 0.67604166 0.38666666 0.7015625 0.38416666 0.715625 0.38666666 0.76354164 0.36916667 0.803125 0.35583332 0.8286458 0.35333332 0.84479165 0.35333332 0.85364586 0.35083333 0.86822915 0.34333333 0.86510414 0.37666667 0.86145836 0.4125 0.87291664 0.445 0.87916666 0.46583334 0.875 0.47333333 0.86354166 0.47833332 0.8411458 0.48 0.80885416 0.4875 0.7140625 0.5058333 0.69427085 0.50666666 0.68385416 0.5133333 0.6645833 0.5108333 0.6489583 0.51166666 0.6453125 0.5108333 0.6411458 0.4875 0.6421875 0.46 0.6421875 0.44166666 0.634375 0.42166665
14 0.27604166 0.42333335 0.28385416 0.41666666 0.30625 0.37083334 0.31666666 0.35666665 0.32239583 0.35083333 0.33020833 0.36333334 0.3328125 0.38333333 0.35364583 0.40416667 0.41614583 0.47666666 0.45 0.5208333 0.47760418 0.54833335 0.49375 0.54833335 0.5026042 0.565 0.49427083 0.58166665 0.48854166 0.5925 0.47916666 0.6091667 0.46041667 0.6533333 0.44791666 0.6383333 0.4453125 0.63 0.44010416 0.6125 0.42395833 0.5908333 0.36875 0.52416664 0.33125 0.47833332 0.30677083 0.4475 0.29947916 0.44666666 0.29270834 0.44416666 0.2859375 0.44 0.28125 0.43416667 0.2796875 0.43166667
5 0.75677085 0.0925 0.8109375 0.0525 0.8140625 0.05666667 0.83125 0.14666666 0.8390625 0.18416667 0.8421875 0.21583334 0.853125 0.26916668 0.8703125 0.31083333 0.878125 0.335 0.8640625 0.345 0.8520833 0.35083333 0.846875 0.35166666 0.83385414 0.35416666 0.81666666 0.35416666 0.81041664 0.35416666 0.80052084 0.355 0.78541666 0.36083335 0.759375 0.37083334 0.73802084 0.37916666 0.72447914 0.38416666 0.71770835 0.38666666 0.7015625 0.38416666 0.67083335 0.3875 0.6515625 0.39083335 0.6234375 0.27916667 0.60625 0.21083333 0.6010417 0.1825 0.6375 0.16333333 0.65833336 0.15083334 0.6869792 0.14083333 0.73333335 0.12083333 0.74583334 0.104166664 0.7515625 0.09833334
4 0.47604167 0.29333332 0.5375 0.32833335 0.5494792 0.32916668 0.56145835 0.32416666 0.5703125 0.31333333 0.58385414 0.305 0.60052085 0.3025 0.6119792 0.3025 0.6223958 0.30916667 0.6333333 0.31666666 0.64427084 0.36 0.65052086 0.38833332 0.6453125 0.39083335 0.6333333 0.395 0.6333333 0.40583333 0.6333333 0.4175 0.63645834 0.42833334 0.64166665 0.44083333 0.6411458 0.47333333 0.6401042 0.48333332 0.63489586 0.48916668 0.621875 0.5 0.61614585 0.50166667 0.6125 0.5025 0.58125 0.50333333 0.5786458 0.50083333 0.559375 0.48416665 0.5515625 0.47333333 0.5453125 0.455 0.5364583 0.42416668 0.5328125 0.41166666 0.52447915 0.40166667 0.46197918 0.3675 0.44322917 0.35666665 0.44114584 0.30333334 0.44114584 0.28666666 0.44635418 0.27916667 0.45104167 0.27916667 0.4625 0.28666666
15 0.9479167 0.48916668 0.9484375 0.49833333 0.9453125 0.5058333 0.93958336 0.5 0.9369792 0.5075 0.9328125 0.5058333 0.9296875 0.5183333 0.9223958 0.525 0.89635414 0.5283333 0.85729164 0.53333336 0.7921875 0.5391667 0.75104165 0.5491667 0.7447917 0.5416667 0.7369792 0.53333336 0.73125 0.5258333 0.70520836 0.5175 0.70625 0.5133333 0.7109375 0.5075 0.728125 0.50333333 0.75989586 0.49666667 0.8052083 0.48833334 0.8307292 0.48333332 0.8421875 0.47916666 0.8541667 0.47916666 0.86822915 0.47833332 0.9244792 0.47583333 0.9296875 0.48083332 0.93125 0.49 0.93541664 0.48833334 0.9375 0.48833334 0.93958336 0.4925 0.9421875 0.4925
11 0.7625 0.5466667 0.76354164 0.5466667 0.78802085 0.5391667 0.7953125 0.5391667 0.81927085 0.5366667 0.85 0.53333336 0.85 0.535 0.8390625 0.53833336 0.82604164 0.54083335 0.81354165 0.54333335 0.80833334 0.5441667 0.7994792 0.54583335 0.79583335 0.54583335 0.7916667 0.5475 0.784375 0.5525 0.78229165 0.555 0.78020835 0.55916667 0.77708334 0.56166667 0.7739583 0.5625 0.76875 0.5625 0.7609375 0.56083333 0.75416666 0.5575 0.75104165 0.5516667 0.75208336 0.55 0.75625 0.5475 0.75989586 0.5466667
10 0.6609375 0.79583335 0.67291665 0.79083335 0.71875 0.7841667 0.7505208 0.7808333 0.75989586 0.77666664 0.7369792 0.76916665 0.7046875 0.7608333 0.68645835 0.7575 0.6635417 0.75333333 0.66041666 0.7816667 0.6614583 0.79
4 0.61614585 0.74 0.6380208 0.77916664 0.64479166 0.79 0.6484375 0.795 0.65208334 0.795 0.65989584 0.79083335 0.6614583 0.7866667 0.65989584 0.7808333 0.66302085 0.75916666 0.6640625 0.7525 0.6375 0.745 0.61875 0.7391667 0.6171875 0.73833334
2 0.625 0.76 0.590625 0.8275 0.5625 0.8808333 0.5286458 0.8308333 0.48020834 0.76 0.4453125 0.715 0.44583333 0.70666665 0.44010416 0.6825 0.43020833 0.6716667 0.41979167 0.67083335 0.415625 0.6625 0.415625 0.6566667 0.4265625 0.635 0.43333334 0.61 0.43385416 0.605 0.440625 0.6125 0.44479167 0.62666667 0.446875 0.63666666 0.45364583 0.645 0.45989582 0.6533333 0.47291666 0.62583333 0.48020834 0.6075 0.48854166 0.5908333 0.49270833 0.6075 0.5026042 0.63166666 0.5104167 0.6425 0.5104167 0.6566667 0.50885415 0.6825 0.50885415 0.71416664 0.509375 0.73333335 0.50989586 0.7366667 0.51458335 0.74083334 0.5161458 0.7425 0.53541666 0.7416667 0.5541667 0.7416667 0.58177084 0.74083334 0.6010417 0.73833334 0.6088542 0.7375 0.6119792 0.7375 0.61510414 0.73833334 0.6244792 0.75333333
2 0.45052084 0.49333334 0.49479166 0.41416666 0.49739584 0.41 0.5208333 0.44083333 0.53697914 0.465 0.5265625 0.46916667 0.51458335 0.47833332 0.50208336 0.49583334 0.49375 0.51916665 0.4890625 0.54 0.48854166 0.54833335 0.4828125 0.5491667 0.47864583 0.5491667 0.47239584 0.5425 0.45260417 0.5233333 0.44114584 0.50916666
4 0.5385417 0.465 0.5484375 0.4625 0.55052084 0.47 0.553125 0.47583333 0.5578125 0.48083332 0.56458336 0.48916668 0.5755208 0.4975 0.5807292 0.50333333 0.57135415 0.5025 0.54791665 0.50083333 0.5286458 0.50166667 0.5229167 0.5075 0.5208333 0.5108333 0.5161458 0.52916664 0.515625 0.56 0.51145834 0.62916666 0.51145834 0.6425 0.50208336 0.63 0.49479166 0.6116667 0.49114582 0.6016667 0.4890625 0.5908333 0.49895832 0.5725 0.5026042 0.56333333 0.49583334 0.5525 0.49322918 0.5491667 0.48854166 0.5475 0.48854166 0.54083335 0.4921875 0.5233333 0.49479166 0.5133333 0.5026042 0.495 0.51458335 0.47833332 0.52552086 0.47 0.5364583 0.46416667
10 0.24427083 0.5225 0.28645834 0.5183333 0.32708332 0.5158333 0.33958334 0.5183333 0.3515625 0.5208333 0.3578125 0.52416664 0.36458334 0.52 0.396875 0.5566667 0.43125 0.60083336 0.434375 0.60333335 0.43020833 0.62083334 0.42708334 0.63166666 0.425 0.6375 0.41927084 0.64916664 0.415625 0.6575 0.4171875 0.665 0.41979167 0.67 0.42239583 0.6716667 0.42864582 0.67083335 0.43385416 0.6766667 0.440625 0.68333334 0.44322917 0.69666666 0.44635418 0.7075 0.44479167 0.7158333 0.4421875 0.73 0.43697917 0.7366667 0.42604166 0.7366667 0.41197917 0.7366667 0.3921875 0.7325 0.3796875 0.7366667 0.3640625 0.74083334 0.35729167 0.74 0.35416666 0.73583335 0.346875 0.73333335 0.31041667 0.7525 0.26145834 0.7683333 0.24791667 0.76666665 0.24739583 0.74583334 0.23854166 0.69416666 0.234375 0.66583335 0.2328125 0.6475 0.23333333 0.63416666 0.23489584 0.6125 0.2328125 0.57416666 0.23020834 0.54583335 0.23125 0.5391667 0.23541667 0.5325 0.23802084 0.5283333
1 0.28697917 0.19833334 0.3953125 0.2025 0.42447916 0.20083334 0.44635418 0.19416666 0.45260417 0.19416666 0.45416668 0.19833334 0.45 0.20583333 0.446875 0.21333334 0.44322917 0.22916667 0.44166666 0.265 0.44166666 0.2875 0.44270834 0.3375 0.44322917 0.37083334 0.44322917 0.37166667 0.43958333 0.3725 0.42239583 0.36583334 0.4140625 0.35833332 0.40833333 0.34833333 0.4015625 0.35166666 0.3921875 0.35166666 0.3171875 0.34583333 0.2734375 0.3425 0.259375 0.3425 0.25208333 0.33833334 0.24791667 0.32916668 0.2453125 0.3225 0.2453125 0.31166667 0.24583334 0.30416667 0.253125 0.3225 0.25572917 0.295 0.25520834 0.28 0.2546875 0.27416667 0.25572917 0.2625 0.2578125 0.23583333 0.253125 0.20333333 0.25 0.18916667 0.25364584 0.18583333 0.25625 0.18583333 0.25729167 0.1925 0.2640625 0.1975 0.27760416 0.19833334
