18 0.1421875 0.215 0.13489583 0.21916667 0.12760417 0.22916667 0.12135417 0.27833334 0.12083333 0.30416667 0.11875 0.32583332 0.10989583 0.3675 0.10364583 0.41666666 0.08385417 0.53333336 0.08802083 0.55083334 0.094791666 0.5575 0.16614583 0.59 0.21927084 0.5391667 0.2265625 0.54083335 0.23229167 0.545 0.24791667 0.42833334 0.27239582 0.29666665 0.27239582 0.28666666 0.26770833 0.2675
18 0.38072917 0.40666667 0.36614582 0.40416667 0.35885417 0.40916666 0.346875 0.42583334 0.2859375 0.50416666 0.240625 0.56333333 0.2046875 0.6116667 0.2046875 0.6308333 0.23645833 0.68833333 0.2890625 0.7775 0.30364582 0.7783333 0.3296875 0.73833334 0.34375 0.71666664 0.38385418 0.6675 0.43697917 0.6025 0.4515625 0.58166665 0.45364583 0.5758333 0.45364583 0.55583334 0.43333334 0.51166666 0.40572917 0.45583335
18 0.36927083 0.19583334 0.36041668 0.19666667 0.33385417 0.22833334 0.27708334 0.30333334 0.27239582 0.31 0.26875 0.3275 0.26875 0.34166667 0.2703125 0.34916666 0.28958333 0.38333333 0.30208334 0.40583333 0.30989584 0.41666666 0.32708332 0.45083332 0.35885417 0.40916666 0.36614582 0.40416667 0.38177082 0.4075 0.409375 0.46333334 0.42135417 0.42083332 0.42864582 0.4125 0.4359375 0.4075 0.43958333 0.4075 0.49895832 0.44833332 0.4984375 0.43333334 0.43958333 0.32833335 0.42083332 0.30666667 0.40520832 0.27 0.37708333 0.19833334
18 0.61354166 0.525 0.5932292 0.5125 0.5786458 0.5075 0.5651042 0.5 0.528125 0.47083333 0.49739584 0.44833332 0.43802083 0.40666667 0.42864582 0.41166666 0.42135417 0.42 0.40989584 0.4625 0.43489584 0.515 0.453125 0.5541667 0.45416668 0.5758333 0.44947916 0.585 0.41197917 0.6333333 0.4203125 0.63916665 0.5 0.6933333 0.5453125 0.72333336 0.55833334 0.73 0.57239586 0.73083335 0.5796875 0.7225 0.61822915 0.5683333 0.62135416 0.5466667 0.61875 0.5316667
18 0.8609375 0.37416667 0.8177083 0.39583334 0.796875 0.40666667 0.7817708 0.41166666 0.75 0.42833334 0.74322915 0.44333333 0.7427083 0.45416668 0.75625 0.5283333 0.7682292 0.5875 0.775 0.62416667 0.7786458 0.6433333 0.79322916 0.74583334 0.8041667 0.755 0.815625 0.75333333 0.91614586 0.7075 0.9234375 0.68666667 0.91510415 0.63916665 0.91510415 0.62833333 0.90989584 0.6191667 0.90208334 0.57666665 0.90208334 0.5575 0.8953125 0.53333336 0.88645834 0.48083332 0.8744792 0.38583332
18 0.48645833 0.72 0.48125 0.7241667 0.46197918 0.725 0.41197917 0.7575 0.37864584 0.7816667 0.37291667 0.7916667 0.36979166 0.8075 0.37760416 0.83666664 0.39895833 0.91333336 0.4078125 0.93666667 0.41979167 0.98083335 0.42447916 0.98833334 0.4375 0.99083334 0.49635416 0.9433333 0.5942708 0.85 0.61145836 0.8325 0.6140625 0.81916666 0.6145833 0.80583334 0.59270835 0.75333333 0.58125 0.72 0.58020836 0.72333336 0.5729167 0.73083335 0.55833334 0.73083335 0.4984375 0.6925 0.49635416 0.70166665 0.49895832 0.70916665 0.49375 0.715
18 0.77239585 0.6175 0.73125 0.5775 0.721875 0.5808333 0.71666664 0.58416665 0.6927083 0.6525 0.68385416 0.68083334 0.6703125 0.71166664 0.62864584 0.8075 0.6125 0.845 0.615625 0.87083334 0.6203125 0.87416667 0.65625 0.9116667 0.69739586 0.95166665 0.715625 0.9716667 0.7239583 0.9716667 0.72864586 0.96666664 0.7359375 0.9483333 0.7875 0.8175 0.7963542 0.78833336 0.81041664 0.755 0.8046875 0.75416666 0.79479164 0.74666667 0.79270834 0.74 0.77760416 0.6375
18 0.60625 0.31083333 0.5989583 0.3125 0.5932292 0.31833333 0.5885417 0.33083335 0.5859375 0.345 0.58020836 0.4675 0.5796875 0.5083333 0.59166664 0.5108333 0.60729164 0.5208333 0.6166667 0.52666664 0.6203125 0.53583336 0.6848958 0.54 0.7125 0.5416667 0.7291667 0.5466667 0.7552083 0.55583334 0.7609375 0.5566667 0.7427083 0.45416668 0.74427086 0.4425 0.75 0.42833334 0.78541666 0.41083333 0.7994792 0.405 0.80052084 0.36166668 0.7984375 0.35416666 0.796875 0.3675 0.79322916 0.37333333 0.74427086 0.43333334 0.7057292 0.47833332 0.6947917 0.47666666 0.684375 0.4675 0.62916666 0.35083333 0.6140625 0.31083333
18 0.6765625 0.09583333 0.6625 0.093333334 0.65989584 0.09916667 0.625 0.13833334 0.5734375 0.19083333 0.571875 0.20166667 0.5729167 0.21333334 0.58229166 0.24083333 0.5963542 0.27666667 0.6078125 0.29666665 0.6145833 0.31083333 0.6296875 0.35166666 0.6578125 0.41083333 0.684375 0.4675 0.6958333 0.47666666 0.70625 0.47666666 0.7625 0.41083333 0.796875 0.36916667 0.79791665 0.34666666 0.78697914 0.32583332 0.75989586 0.27083334 0.71875 0.17833333 0.68177086 0.100833334
18 0.6125 0.06333333 0.509375 0.051666666 0.4296875 0.038333334 0.41666666 0.034166668 0.40572917 0.044166666 0.40260416 0.055 0.39895833 0.14666666 0.39583334 0.21666667 0.3953125 0.24333334 0.39895833 0.24833333 0.40729168 0.25833333 0.44375 0.2625 0.46927083 0.26 0.5151042 0.275 0.6010417 0.28583333 0.590625 0.26416665 0.5729167 0.215 0.571875 0.20083334 0.5734375 0.19083333 0.62083334 0.14333333 0.6234375 0.08416667 0.61927086 0.07083333
18 0.21875 0.54 0.19375 0.56416667 0.14947917 0.60333335 0.1125 0.6308333 0.10885417 0.6508333 0.1109375 0.66333336 0.13958333 0.74 0.17395833 0.8408333 0.20572917 0.92583334 0.21145834 0.93 0.21510416 0.93666667 0.2265625 0.93666667 0.25885418 0.9091667 0.30989584 0.8591667 0.32916668 0.8383333 0.33333334 0.8208333 0.33125 0.8066667 0.315625 0.7608333 0.30260417 0.7783333 0.2890625 0.7783333 0.23333333 0.6825 0.20520833 0.6308333 0.20416667 0.61083335 0.209375 0.60583335 0.24114583 0.56333333 0.23645833 0.55 0.2265625 0.54
