9 0.12604167 0.48416665 0.13802083 0.4825 0.165625 0.48333332 0.1828125 0.48666668 0.16822916 0.49583334 0.16822916 0.50333333 0.16458334 0.5025 0.1640625 0.49666667 0.1375 0.51666665 0.115625 0.53583336 0.119791664 0.5525 0.13020833 0.59166664 0.140625 0.60833335 0.15 0.62916666 0.15572916 0.6475 0.15885417 0.67 0.15989584 0.7083333 0.16458334 0.73833334 0.1703125 0.7633333 0.09322917 0.76416665 0.09947917 0.61 0.103125 0.5875 0.110416666 0.545 0.11302083 0.5325 0.11302083 0.5183333 0.1140625 0.50166667 0.11927083 0.48916668
9 0.23385416 0.75916666 0.25104168 0.7366667 0.2578125 0.72833335 0.24322917 0.74 0.2109375 0.75916666 0.20104167 0.765 0.21822916 0.7658333 0.23020834 0.76416665 0.23541667 0.765
9 0.1578125 0.36666667 0.19114584 0.38916665 0.19166666 0.39583334 0.19322917 0.39833334 0.19635417 0.3925 0.24114583 0.42083332 0.26979166 0.44083333 0.209375 0.47333333 0.18229167 0.48666668 0.16614583 0.48333332 0.13854167 0.48166665 0.12604167 0.48333332 0.123958334 0.4825 0.12916666 0.46916667 0.14010416 0.42833334 0.15 0.38833332 0.15572916 0.36666667
9 0.35989583 0.40083334 0.36510417 0.43666667 0.36666667 0.45666668 0.37135416 0.46166667 0.37291667 0.48 0.3828125 0.52166665 0.39270833 0.5708333 0.38385418 0.55833334 0.36458334 0.5316667 0.340625 0.5675 0.3234375 0.59583336 0.29114583 0.66833335 0.26197916 0.72333336 0.25677082 0.72833335 0.2421875 0.74083334 0.19947916 0.765 0.175 0.7808333 0.1703125 0.7633333 0.16354166 0.73083335 0.16041666 0.70916665 0.15833333 0.6691667 0.15572916 0.64666665 0.15052083 0.63 0.14166667 0.6091667 0.1296875 0.59166664 0.115625 0.53583336 0.13697916 0.51666665 0.16458334 0.49666667 0.165625 0.50333333 0.16822916 0.5025 0.16875 0.49583334 0.18177083 0.4875 0.24479167 0.45416668 0.3015625 0.4225 0.33385417 0.41 0.35104167 0.40333334
9 0.39635417 0.57416666 0.4328125 0.62583333 0.45260417 0.66 0.47291666 0.68833333 0.496875 0.725 0.47447917 0.75916666 0.46145833 0.7808333 0.43125 0.81583333 0.41302082 0.84 0.39479166 0.87416667 0.37552083 0.9075 0.36458334 0.94 0.359375 0.93916667 0.35989583 0.9483333 0.3375 0.9875 0.32083333 0.9725 0.3046875 0.95 0.29895833 0.935 0.284375 0.9075 0.26510417 0.8858333 0.24375 0.85583335 0.21927084 0.82416666 0.2046875 0.805 0.2234375 0.77416664 0.23072916 0.7658333 0.23385416 0.7675 0.23385416 0.75916666 0.25989583 0.7275 0.2640625 0.7216667 0.29375 0.6641667 0.3234375 0.5966667 0.34270832 0.56416667 0.36458334 0.5316667
9 0.50208336 0.6091667 0.53802085 0.6616667 0.54375 0.6741667 0.55572915 0.68916667 0.559375 0.705 0.565625 0.71666664 0.57239586 0.7241667 0.57135415 0.73083335 0.56875 0.76166666 0.5578125 0.8225 0.55104166 0.86583334 0.5453125 0.8925 0.54270834 0.9291667 0.53229165 0.955 0.5161458 0.9875 0.509375 1.0 0.425 1.0 0.409375 0.9741667 0.396875 0.9658333 0.38802084 0.94916666 0.36979166 0.9275 0.3734375 0.91083336 0.41458333 0.83916664 0.43385416 0.81333333 0.46302083 0.77916664 0.47708333 0.755 0.49583334 0.725 0.465625 0.6766667 0.47552082 0.66 0.4796875 0.6616667 0.47916666 0.655 0.49166667 0.62666667
9 0.615625 0.35083333 0.64739585 0.44166666 0.66302085 0.4975 0.69635415 0.5758333 0.7078125 0.6075 0.70729166 0.6141667 0.7104167 0.61583334 0.73229164 0.6791667 0.7078125 0.70166665 0.67395836 0.7225 0.6713542 0.7341667 0.63177085 0.7816667 0.60364586 0.815 0.58177084 0.75166667 0.58177084 0.7441667 0.5796875 0.7416667 0.5734375 0.7175 0.5630208 0.69 0.54479164 0.6666667 0.52916664 0.62666667 0.5151042 0.5941667 0.49375 0.5541667 0.46927083 0.5058333 0.5572917 0.40833333 0.61354166 0.355
9 0.5072917 0.0 0.534375 0.0475 0.55677086 0.085 0.58958334 0.115 0.62291664 0.13666667 0.6333333 0.123333335 0.65208334 0.085 0.66197914 0.06583333 0.68385416 0.035833333 0.70885414 0.0 0.5546875 0.0
9 0.4625 0.0 0.4734375 0.006666667 0.47395834 0.011666667 0.47916666 0.011666667 0.5083333 0.04083333 0.52708334 0.071666665 0.55052084 0.083333336 0.5578125 0.086666666 0.59010416 0.115833335 0.6234375 0.1375 0.63697916 0.14916667 0.6354167 0.16166666 0.60833335 0.24666667 0.5875 0.305 0.57916665 0.32583332 0.56875 0.345 0.559375 0.36833334 0.5442708 0.3525 0.50989586 0.31916666 0.490625 0.2975 0.47916666 0.275 0.46458334 0.26166666 0.45625 0.2625 0.44895834 0.27083334 0.40104166 0.24166666 0.39895833 0.23083334 0.396875 0.23583333 0.36197916 0.21333334 0.3859375 0.13 0.41197917 0.0525 0.4328125 0.0
9 0.6671875 0.065 0.71197915 0.0825 0.7192708 0.0925 0.7484375 0.1075 0.80677086 0.13166666 0.8041667 0.17666666 0.7953125 0.21833333 0.7921875 0.25083333 0.78541666 0.3075 0.77916664 0.35666665 0.77447915 0.40583333 0.7708333 0.45666668 0.76927084 0.4675 0.72552085 0.45583335 0.7036458 0.4475 0.6744792 0.44 0.66041666 0.43416667 0.6421875 0.42833334 0.61614585 0.35166666 0.6166667 0.34916666 0.6177083 0.345 0.62708336 0.31333333 0.63072914 0.26666668 0.6401042 0.175 0.646875 0.095 0.66197914 0.06583333
9 0.1015625 0.5908333 0.06458333 0.60833335 0.018229166 0.635 0.0078125 0.645 0.014583333 0.6625 0.014583333 0.68416667 0.03125 0.74916667 0.048958335 0.79833335 0.051041666 0.83 0.059895832 0.8641667 0.06875 0.9316667 0.071875 0.93583333 0.06979167 0.94166666 0.07447917 0.9866667 0.07604167 1.0 0.114583336 1.0 0.16197917 0.96666664 0.175 0.9625 0.1921875 0.95 0.20520833 0.93833333 0.25520834 0.9175 0.24479167 0.85833335 0.22083333 0.82916665 0.20416667 0.80333334 0.2234375 0.7725 0.22239584 0.7683333 0.21979167 0.7658333 0.20052083 0.7658333 0.175 0.7808333 0.16927083 0.76416665 0.09322917 0.765 0.09791667 0.66333336 0.09947917 0.61
