17 0.19010417 0.054166667 0.23229167 0.0 0.29270834 0.0 0.31302083 0.031666666 0.353125 0.094166666 0.390625 0.1475 0.40625 0.16833334 0.40729168 0.18833333 0.40052083 0.20666666 0.34739584 0.2725 0.325 0.28583333 0.2953125 0.30416667 0.284375 0.30833334 0.27552083 0.29833335 0.2453125 0.24 0.24166666 0.2225 0.228125 0.20916666 0.203125 0.18416667 0.18333334 0.1525 0.184375 0.14916667 0.18333334 0.145 0.17916666 0.14666666 0.1609375 0.115 0.15989584 0.104166664 0.15989584 0.093333334 0.165625 0.08583333
17 0.18072917 0.17083333 0.20104167 0.19083333 0.221875 0.21583334 0.23333333 0.24166666 0.24322917 0.27166668 0.25208333 0.28583333 0.26614583 0.31833333 0.28229168 0.35416666 0.28020832 0.36 0.26666668 0.36333334 0.2578125 0.35 0.24895833 0.34833333 0.253125 0.37666667 0.2546875 0.41333333 0.2515625 0.44416666 0.2453125 0.4675 0.22135417 0.45166665 0.19114584 0.43333334 0.16614583 0.42166665 0.13958333 0.395 0.11927083 0.3825 0.10729167 0.38583332 0.13333334 0.31833333 0.13489583 0.3175 0.14375 0.3275 0.15104167 0.32416666 0.15416667 0.30583334 0.14895834 0.26333332 0.1609375 0.21416667 0.17239584 0.17583333
17 0.100520834 0.40083334 0.084895834 0.44166666 0.083333336 0.45 0.08541667 0.46083334 0.08958333 0.47 0.09322917 0.45 0.094791666 0.43666667 0.10208333 0.39833334
17 0.078125 0.505 0.0609375 0.55083334 0.052604165 0.575 0.053645834 0.58916664 0.057291668 0.60083336 0.07395833 0.61 0.100520834 0.6275 0.13333334 0.64916664 0.15052083 0.65833336 0.16510417 0.6775 0.203125 0.71 0.20729166 0.7058333 0.20677084 0.7133333 0.2328125 0.72833335 0.246875 0.69666666 0.25833333 0.69666666 0.26614583 0.6666667 0.2671875 0.64916664 0.28802082 0.54833335 0.30260417 0.54 0.30364582 0.52666664 0.29895833 0.5083333 0.28177083 0.49666667 0.24635416 0.46833333 0.20052083 0.43833333 0.17864583 0.4275 0.16510417 0.42083332 0.1390625 0.39416668 0.11927083 0.3825 0.10625 0.385 0.1 0.4075 0.08958333 0.47
17 0.30885416 0.36166668 0.31197917 0.37166667 0.33229166 0.39583334 0.37864584 0.45916668 0.41145834 0.50666666 0.42864582 0.5308333 0.43125 0.5391667 0.43229166 0.55 0.42708334 0.56416667 0.403125 0.60333335 0.38072917 0.5833333 0.3359375 0.5541667 0.30208334 0.54 0.30416667 0.5283333 0.29947916 0.5083333 0.24583334 0.46833333 0.2515625 0.44583333 0.2546875 0.41583332 0.25364584 0.37833333 0.29270834 0.36416668
17 0.1671875 0.77666664 0.2203125 0.82416666 0.29895833 0.8958333 0.28958333 0.92833334 0.28333333 0.92833334 0.28645834 0.93333334 0.2859375 0.94166666 0.28125 0.95916665 0.275 0.9658333 0.26822916 0.9683333 0.26197916 0.9725 0.25208333 1.0 0.1046875 1.0 0.09322917 0.9866667 0.088541664 0.9716667 0.08802083 0.96 0.12864584 0.865 0.1609375 0.79083335 0.16354166 0.7808333
17 0.40416667 0.60333335 0.421875 0.6191667 0.42916667 0.63166666 0.43072918 0.6458333 0.42239583 0.67583334 0.4 0.74583334 0.38385418 0.795 0.35104167 0.89 0.3484375 0.8958333 0.34322917 0.9116667 0.33697918 0.92333335 0.3296875 0.92583334 0.321875 0.925 0.29895833 0.9025 0.29947916 0.8958333 0.2109375 0.815 0.2078125 0.79083335 0.23333333 0.72833335 0.246875 0.69666666 0.259375 0.6958333 0.265625 0.6666667 0.2671875 0.645 0.2875 0.54833335 0.30364582 0.5391667 0.33802083 0.555 0.365625 0.57416666 0.3890625 0.59
17 0.46875 0.46916667 0.4890625 0.49583334 0.50885415 0.51916665 0.55104166 0.5683333 0.584375 0.605 0.59947914 0.62083334 0.5989583 0.63 0.55572915 0.74666667 0.55572915 0.7525 0.55104166 0.7633333 0.54583335 0.7583333 0.53541666 0.75166667 0.5286458 0.74083334 0.51875 0.7375 0.50208336 0.7416667 0.475 0.75333333 0.45885417 0.7633333 0.44895834 0.7525 0.41145834 0.71 0.43072918 0.6483333 0.42916667 0.63 0.42135417 0.61833334 0.40364584 0.6025 0.4265625 0.5675 0.43333334 0.5491667 0.43020833 0.5325 0.40520832 0.4975 0.4203125 0.4675 0.42708334 0.455 0.43541667 0.4525 0.44583333 0.45 0.45572916 0.45583335 0.4640625 0.46583334 0.46354166 0.47333333
17 0.36979166 0.935 0.3796875 1.0 0.45885417 1.0 0.46666667 0.9925 0.47395834 0.9891667 0.5005208 0.9875 0.5130208 0.985 0.5546875 0.96416664 0.5572917 0.9575 0.559375 0.96 0.5703125 0.9558333 0.5755208 0.945 0.57916665 0.93666667 0.5796875 0.91083336 0.57135415 0.85833335 0.5640625 0.81666666 0.5572917 0.7783333 0.5515625 0.7625 0.5385417 0.75416666 0.53541666 0.7525 0.5286458 0.74083334 0.5203125 0.73833334 0.5125 0.7391667 0.5005208 0.74083334 0.45 0.7675 0.42916667 0.7808333 0.4265625 0.785 0.3921875 0.79583335 0.38541666 0.79833335 0.38125 0.8016667 0.36145833 0.86 0.36354166 0.87333333 0.3671875 0.89666665 0.36875 0.9175
17 0.6010417 0.8075 0.5729167 0.8225 0.5671875 0.8333333 0.57239586 0.86333334 0.57916665 0.90833336 0.58385414 0.93416667 0.5989583 1.0 0.7661458 1.0 0.75625 0.9791667 0.74635416 0.9683333 0.7395833 0.96666664 0.73072916 0.9625 0.7270833 0.93416667 0.734375 0.9216667 0.73072916 0.89 0.72239584 0.8375 0.71875 0.8233333 0.71302086 0.7941667 0.7026042 0.82666665 0.70104164 0.8358333 0.69322914 0.86333334 0.68958336 0.8691667 0.6796875 0.87416667 0.6744792 0.8725 0.63958335 0.84166664
17 0.65260416 0.49166667 0.66770834 0.50666666 0.684375 0.5183333 0.71510416 0.5391667 0.7578125 0.5675 0.77708334 0.5825 0.7796875 0.5933333 0.7796875 0.6075 0.778125 0.6141667 0.7661458 0.64 0.75208336 0.685 0.740625 0.7075 0.7328125 0.73333335 0.7109375 0.80083334 0.7015625 0.82916665 0.70104164 0.8375 0.6927083 0.865 0.6848958 0.87166667 0.6765625 0.87333333 0.67083335 0.87 0.6010417 0.8066667 0.5609375 0.77166665 0.55625 0.7675 0.553125 0.7633333 0.55572915 0.75416666 0.5552083 0.7475 0.5989583 0.6325 0.60520834 0.6125 0.6244792 0.5625 0.63072914 0.5441667 0.6322917 0.5366667 0.6411458 0.49916667 0.64739585 0.49416667
17 0.5677083 0.51666665 0.59270835 0.5175 0.615625 0.5183333 0.63645834 0.5208333 0.63072914 0.5475 0.6 0.6275 0.59947914 0.6191667 0.5578125 0.575 0.5609375 0.565 0.5651042 0.54083335
17 0.52552086 0.30083334 0.51979166 0.3425 0.5182292 0.36583334 0.51875 0.37666667 0.51927084 0.3875 0.51354164 0.44916666 0.5125 0.49416667 0.5229167 0.515 0.53020835 0.5183333 0.56822914 0.5175 0.6359375 0.52 0.640625 0.49833333 0.65260416 0.49166667 0.66770834 0.50666666 0.703125 0.5308333 0.67864585 0.49083334 0.6609375 0.45916668 0.640625 0.41666666 0.63854164 0.40833333 0.6296875 0.40166667 0.625 0.39583334 0.62291664 0.38333333 0.6244792 0.35583332 0.5911458 0.34083334 0.553125 0.325 0.53229165 0.31083333
17 0.57916665 0.09166667 0.5677083 0.096666664 0.56145835 0.1125 0.55052084 0.15416667 0.5442708 0.18166667 0.5421875 0.20166667 0.53697914 0.22833334 0.525 0.275 0.52447915 0.28333333 0.5265625 0.3 0.5317708 0.31 0.54270834 0.31833333 0.55572915 0.32583332 0.5963542 0.34333333 0.625 0.355 0.6255208 0.34583333 0.625 0.32916668 0.61927086 0.31333333 0.6177083 0.3025 0.6203125 0.27916667 0.61875 0.26666668 0.6166667 0.25666666 0.61145836 0.25 0.60364586 0.205 0.59791666 0.165 0.59583336 0.1525 0.59270835 0.1325 0.5932292 0.12083333 0.5989583 0.11 0.5953125 0.09833334 0.58697915 0.09
17 0.575 0.048333332 0.5619792 0.0 0.7348958 0.0 0.7359375 0.0325 0.7390625 0.045 0.74375 0.0625 0.7473958 0.08416667 0.746875 0.14583333 0.7421875 0.123333335 0.7395833 0.093333334 0.72864586 0.08083333 0.72239584 0.08 0.68854165 0.08583333 0.6411458 0.095 0.61614585 0.09916667 0.5989583 0.108333334 0.5953125 0.096666664 0.58697915 0.08916666
17 0.74635416 0.1525 0.7515625 0.21333334 0.7515625 0.25916666 0.75416666 0.28166667 0.765625 0.35 0.76927084 0.37916666 0.76666665 0.3925 0.76145834 0.40083334 0.7578125 0.40166667 0.7125 0.40666667 0.69427085 0.40666667 0.68125 0.4 0.67604166 0.4 0.6703125 0.39833334 0.64947915 0.40833333 0.6401042 0.40916666 0.6375 0.4075 0.6276042 0.40083334 0.6244792 0.39666668 0.6223958 0.38166666 0.6255208 0.34833333 0.625 0.32916668 0.61875 0.31166667 0.6177083 0.30166668 0.62083334 0.27916667 0.61614585 0.255 0.61145836 0.25083333 0.5921875 0.1325 0.5932292 0.1225 0.5984375 0.108333334 0.615625 0.1 0.67083335 0.09 0.7234375 0.08 0.728125 0.08083333 0.7390625 0.094166666 0.7427083 0.12416667 0.74583334 0.14416666
17 0.8640625 0.055 0.85364586 0.0 0.7359375 0.0 0.73645836 0.0325 0.74375 0.064166665 0.74791664 0.08583333 0.74635416 0.14833333 0.75104165 0.2075 0.75572914 0.20166667 0.7604167 0.19583334 0.7729167 0.19333333 0.7760417 0.195 0.7973958 0.2275 0.84375 0.215 0.84270835 0.20166667 0.8442708 0.19166666 0.846875 0.18166667 0.8510417 0.17 0.8609375 0.1625 0.8859375 0.15083334 0.88489586 0.14 0.8765625 0.0975
17 0.86302084 0.225 0.8645833 0.25583333 0.8645833 0.2775 0.86354166 0.29 0.865625 0.31666666 0.84791666 0.29416665 0.825 0.2675 0.7984375 0.22833334 0.8442708 0.21583334 0.846875 0.22333333 0.8510417 0.22583333 0.8567708 0.22666667
17 0.7953125 0.4725 0.77916664 0.50166667 0.7473958 0.5541667 0.7421875 0.5566667 0.70208335 0.53 0.671875 0.47833332 0.6401042 0.4175 0.6380208 0.4075 0.6479167 0.40916666 0.6692708 0.39916667 0.6765625 0.4 0.68177086 0.40083334 0.6947917 0.40666667 0.71770835 0.4075 0.7604167 0.40166667 0.7661458 0.39333335 0.76979166 0.38 0.75625 0.29083332 0.7515625 0.26 0.7515625 0.20666666 0.759375 0.19583334 0.77447915 0.19333333 0.7786458 0.19833334 0.8109375 0.24666667 0.83177084 0.275 0.8677083 0.32 0.8723958 0.32916668 0.8744792 0.33833334 0.87291664 0.355 0.85833335 0.38 0.85364586 0.37666667 0.853125 0.38166666 0.8510417 0.3875 0.8171875 0.43833333
17 0.8677083 0.36416668 0.8703125 0.4175 0.8755208 0.5133333 0.86875 0.5225 0.86302084 0.52666664 0.8421875 0.525 0.834375 0.525 0.82135415 0.5275 0.8125 0.49083334 0.80052084 0.48666668 0.7807292 0.5 0.7984375 0.4675 0.8520833 0.38583332 0.85364586 0.3775 0.8578125 0.38083333
17 0.84479165 0.605 0.8333333 0.5708333 0.8197917 0.5258333 0.81354165 0.49 0.80104166 0.48666668 0.778125 0.5025 0.74791664 0.5541667 0.7421875 0.55583334 0.7661458 0.5733333 0.771875 0.5683333 0.7807292 0.56916666 0.78802085 0.57416666 0.7963542 0.5975 0.7942708 0.6025 0.7963542 0.60583335 0.7994792 0.6075 0.82135415 0.6691667 0.83229166 0.64 0.8307292 0.62916666 0.834375 0.6175 0.8375 0.615
17 0.74895835 0.90166664 0.740625 0.87666667 0.7369792 0.85583335 0.7296875 0.84166664 0.7213542 0.83166665 0.7135417 0.79333335 0.73333335 0.7325 0.74114585 0.7075 0.7526042 0.68333334 0.7661458 0.64166665 0.7796875 0.61 0.78020835 0.5933333 0.77708334 0.5825 0.765625 0.57416666 0.77135414 0.5675 0.7807292 0.57 0.78802085 0.575 0.7963542 0.5966667 0.7942708 0.6025 0.79583335 0.60583335 0.8 0.6075 0.82135415 0.66833335 0.83489585 0.7075 0.84166664 0.7325 0.83697915 0.75166667 0.8364583 0.76166666 0.83958334 0.77 0.84479165 0.77666664 0.85364586 0.7775 0.8588542 0.835 0.85260415 0.8425 0.84947914 0.855 0.84010416 0.88 0.8130208 0.9116667 0.79322916 0.93583333 0.7864583 0.9458333 0.77708334 0.9475 0.76979166 0.945 0.7552083 0.91583335
17 0.7963542 0.93333334 0.80104166 0.95666665 0.8052083 1.0 1.0 1.0 1.0 0.91333336 0.96979165 0.9141667 0.9546875 0.91333336 0.9390625 0.9166667 0.93125 0.93 0.9135417 0.9375 0.8875 0.93916667 0.875 0.92583334 0.87083334 0.91583335 0.8640625 0.8808333 0.8588542 0.885 0.8541667 0.8958333 0.84270835 0.9008333 0.83177084 0.9025 0.825 0.8983333
17 0.878125 0.69 0.90833336 0.68416667 0.91875 0.685 0.94635415 0.69666666 0.96666664 0.695 0.9760417 0.6875 0.9796875 0.68083334 0.98072916 0.67333335 1.0 0.6691667 1.0 0.91333336 0.95677084 0.91333336 0.9390625 0.9166667 0.93072915 0.93083334 0.91197914 0.9375 0.8880208 0.94 0.87604165 0.92583334 0.8703125 0.915 0.8619792 0.87333333 0.8541667 0.78 0.846875 0.7191667 0.85625 0.69916666 0.86822915 0.6925 0.871875 0.69083333 0.8765625 0.695
17 0.9145833 0.36333334 0.95520836 0.39 1.0 0.41333333 1.0 0.52166665 0.98125 0.57666665 0.9770833 0.5783333 0.9734375 0.585 0.9734375 0.6 0.9791667 0.63416666 0.9796875 0.6791667 0.97552085 0.68583333 0.96458334 0.6958333 0.94635415 0.6958333 0.91822916 0.68416667 0.89427084 0.68083334 0.86614585 0.6741667 0.83697915 0.66 0.83229166 0.63916665 0.8307292 0.62833333 0.83385414 0.615 0.8390625 0.6141667 0.84479165 0.6041667 0.84791666 0.59166664 0.84791666 0.5775 0.84166664 0.565 0.84010416 0.5541667 0.8432292 0.525 0.86510414 0.5258333 0.8765625 0.515 0.8697917 0.4025 0.87708336 0.3675 0.8880208 0.3575 0.89739585 0.355
17 0.9302083 0.12 0.9614583 0.10666667 0.97083336 0.11083333 0.9796875 0.11833333 0.9828125 0.13666667 0.9875 0.1975 0.9916667 0.23916666 1.0 0.27333334 1.0 0.41333333 0.9692708 0.39666668 0.9515625 0.3875 0.93072915 0.37333333 0.9114583 0.36166668 0.89739585 0.355 0.88697916 0.35833332 0.8765625 0.3675 0.8697917 0.40083334 0.86822915 0.36416668 0.87291664 0.35583332 0.875 0.33833334 0.8723958 0.33 0.8677083 0.32 0.8645833 0.315 0.86354166 0.29166666 0.8645833 0.27416667 0.8640625 0.24833333 0.8625 0.225 0.8546875 0.2275 0.846875 0.22416666 0.8442708 0.215 0.84270835 0.2025 0.84583336 0.1825 0.8515625 0.17 0.86041665 0.1625 0.88645834 0.15166667
17 0.052083332 0.013333334 0.015104166 0.021666666 0.0 0.0275 0.0 0.29666665 0.010416667 0.3225 0.0375 0.35333332 0.044270832 0.3575 0.0515625 0.35916665 0.075 0.34416667 0.1015625 0.315 0.11770833 0.305 0.12552084 0.3075 0.14427084 0.3275 0.15052083 0.3225 0.15364583 0.30583334 0.146875 0.24666667 0.14479166 0.23 0.14010416 0.18083334 0.1296875 0.05 0.12291667 0.0475 0.12864584 0.04 0.121875 0.008333334 0.11354167 0.0 0.096875 0.0
