14 0.4125 0.4925 0.40104166 0.49916667 0.39583334 0.485 0.4046875 0.4725 0.42135417 0.44416666 0.46197918 0.36166668 0.5151042 0.25916666 0.5265625 0.23583333 0.53333336 0.22416666 0.5317708 0.20916666 0.54583335 0.22833334 0.55364585 0.25666666 0.5640625 0.29166666 0.56927085 0.305 0.5229167 0.385 0.43958333 0.545 0.43020833 0.5475 0.42291668 0.50916666 0.41770834 0.48833334
14 0.5786458 0.425 0.5755208 0.38166666 0.57135415 0.36666667 0.571875 0.35333332 0.5776042 0.3275 0.584375 0.3425 0.58385414 0.34916666 0.59947914 0.3425 0.63072914 0.32833335 0.6322917 0.33416668 0.6223958 0.35166666 0.6255208 0.3725 0.6359375 0.44916666 0.62083334 0.43166667 0.6223958 0.42666668 0.6296875 0.41833332 0.621875 0.40166667 0.6046875 0.40166667 0.6 0.4075
14 0.43072918 0.5783333 0.4328125 0.56666666 0.4453125 0.56333333 0.45 0.5566667 0.46822917 0.5375 0.5828125 0.4225 0.6 0.40916666 0.6041667 0.40166667 0.62083334 0.40166667 0.6302083 0.41916665 0.6223958 0.42583334 0.6197917 0.43333334 0.63645834 0.45083332 0.65 0.46916667 0.6421875 0.4675 0.63072914 0.47416666 0.54895836 0.55333334 0.5 0.5975 0.4578125 0.62333333 0.44947916 0.62916666 0.44791666 0.60583335 0.4421875 0.6 0.434375 0.5975 0.43072918 0.58666664
14 0.10520833 0.50083333 0.094791666 0.49666667 0.08020833 0.49916667 0.084895834 0.47333333 0.0921875 0.43833333 0.1 0.39583334 0.108333334 0.4025 0.123958334 0.42833334 0.1640625 0.44666666 0.23645833 0.48583335 0.27760416 0.50666666 0.29427084 0.50333333 0.30260417 0.49833333 0.30520833 0.5025 0.29739583 0.535 0.23229167 0.545 0.228125 0.5441667 0.21822916 0.5341667 0.21510416 0.53 0.20416667 0.5325 0.20520833 0.55333334 0.1453125 0.51916665 0.13854167 0.5125 0.12864584 0.5133333
14 0.2421875 0.6333333 0.23489584 0.6383333 0.22395833 0.65166664 0.21354167 0.6558333 0.20677084 0.57166666 0.20520833 0.5525 0.20416667 0.53333336 0.21458334 0.53 0.228125 0.545 0.23333333 0.54583335 0.31822917 0.5325 0.4109375 0.5175 0.41197917 0.50666666 0.409375 0.50333333 0.4140625 0.5 0.421875 0.515 0.42447916 0.54083335 0.43020833 0.58 0.43125 0.58916664 0.434375 0.60333335 0.43697917 0.61333334 0.43177083 0.615 0.42239583 0.60833335 0.41927084 0.6091667 0.4109375 0.60583335 0.40416667 0.6 0.32291666 0.6166667 0.25989583 0.62916666 0.24895833 0.63166666
14 0.14479166 0.61333334 0.13802083 0.6141667 0.11354167 0.59583336 0.1234375 0.55583334 0.12760417 0.5391667 0.123958334 0.525 0.118229166 0.5183333 0.13958333 0.51416665 0.14583333 0.52 0.14947917 0.5316667 0.20625 0.56333333 0.21354167 0.65416664 0.17083333 0.62833333
14 0.21666667 0.6575 0.28229168 0.6925 0.29322916 0.69916666 0.29791668 0.7075 0.30989584 0.68916667 0.3203125 0.6766667 0.325 0.66583335 0.334375 0.63666666 0.33541667 0.62833333 0.32916668 0.62583333 0.32135418 0.6225 0.31197917 0.6191667 0.27239582 0.62666667 0.24270834 0.63416666 0.23489584 0.6383333 0.22447917 0.65166664 0.21666667 0.655
14 0.33229166 0.64916664 0.33802083 0.6525 0.32864583 0.66583335 0.32239583 0.67333335 0.33072916 0.6475
14 0.29947916 0.7108333 0.30520833 0.71166664 0.31927082 0.7125 0.32135418 0.71166664 0.34166667 0.75416666 0.34635416 0.75083333 0.35364583 0.7316667 0.35989583 0.705 0.3609375 0.7008333 0.3640625 0.6925 0.3703125 0.68666667 0.3734375 0.68083334 0.36197916 0.65416664 0.3578125 0.645 0.35833332 0.64 0.359375 0.6333333 0.35885417 0.62833333 0.34166667 0.6508333 0.33177084 0.6616667 0.321875 0.675 0.315625 0.68333334 0.30989584 0.68916667 0.29791668 0.7083333 0.29791668 0.70916665
14 0.34947917 0.7758333 0.31614584 0.74916667 0.31197917 0.75083333 0.30260417 0.75916666 0.29375 0.75416666 0.303125 0.72333336 0.30625 0.7125 0.31979167 0.7133333 0.32135418 0.71166664 0.34427083 0.76166666
14 0.29895833 0.72583336 0.3015625 0.7275 0.30677083 0.7125 0.2984375 0.71166664 0.29947916 0.71666664
14 0.35833332 0.75416666 0.34791666 0.755 0.34583333 0.7525 0.35052082 0.74083334 0.35364583 0.7316667 0.36041668 0.7025 0.3640625 0.6933333 0.36927083 0.6875 0.37291667 0.6825 0.378125 0.67833334 0.39166668 0.6691667 0.42708334 0.64416665 0.48385417 0.6075 0.50104165 0.5975 0.5208333 0.5825 0.54375 0.5775 0.5484375 0.5783333 0.55 0.57 0.55 0.565 0.559375 0.57666665 0.55885416 0.58166665 0.55 0.6225 0.49895832 0.6775 0.42760417 0.725 0.38958332 0.75 0.3734375 0.75416666
14 0.39791667 0.87083334 0.34947917 0.7733333 0.340625 0.75416666 0.34583333 0.75166667 0.34791666 0.755 0.3671875 0.755 0.3703125 0.755 0.39114583 0.75 0.40104166 0.74333334 0.44583333 0.835 0.47239584 0.8833333 0.49010417 0.905 0.5005208 0.93083334 0.49322918 0.9325 0.4625 0.9583333 0.43802083 0.975 0.4328125 0.97333336 0.42760417 0.9625 0.42760417 0.95666665 0.4296875 0.9316667 0.41354167 0.90166664
14 0.41875 0.735 0.453125 0.76166666 0.46145833 0.78583336 0.47604167 0.81666666 0.48489583 0.8283333 0.49479166 0.81416667 0.49583334 0.80833334 0.49895832 0.79 0.503125 0.79083335 0.5140625 0.7966667 0.51770836 0.795 0.53333336 0.80583334 0.50989586 0.8883333 0.5046875 0.9058333 0.5 0.91 0.49270833 0.91083336 0.49010417 0.905 0.471875 0.88166666 0.44270834 0.83 0.4015625 0.7425 0.41666666 0.7316667
14 0.50885415 0.7758333 0.56614584 0.82416666 0.5734375 0.8333333 0.58020836 0.8408333 0.57708335 0.8433333 0.57708335 0.85 0.57916665 0.855 0.58802086 0.8425 0.59479165 0.83416665 0.60520834 0.81333333 0.609375 0.8066667 0.61927086 0.785 0.6255208 0.7633333 0.6223958 0.7608333 0.6067708 0.7575 0.6 0.75916666 0.596875 0.7608333 0.58958334 0.75083333 0.5572917 0.7216667
14 0.465625 0.7941667 0.46145833 0.7825 0.45364583 0.7608333 0.44791666 0.75 0.44166666 0.7291667 0.44791666 0.71416664 0.46145833 0.715 0.47760418 0.705 0.48229167 0.70166665 0.5 0.67833334 0.5515625 0.62083334 0.61041665 0.555 0.6177083 0.5491667 0.6223958 0.5225 0.6328125 0.5183333 0.6375 0.52 0.6411458 0.53583336 0.6557292 0.54583335 0.671875 0.5783333 0.68177086 0.60333335 0.6671875 0.62083334 0.6489583 0.62333333 0.61927086 0.655 0.55 0.7291667 0.5052083 0.77916664 0.50208336 0.785 0.4984375 0.7916667 0.4953125 0.81416667 0.48541668 0.8275 0.4765625 0.8183333 0.4671875 0.7975
14 0.43958333 0.7175 0.44427082 0.7216667 0.44791666 0.7133333 0.4609375 0.7158333 0.48229167 0.7025 0.49895832 0.6791667 0.49739584 0.6791667
14 0.44166666 0.6016667 0.434375 0.62083334 0.41927084 0.65 0.44947916 0.62916666 0.44791666 0.6066667 0.4421875 0.6
14 0.14791666 0.7225 0.06458333 0.6591667 0.0484375 0.65 0.038020834 0.64416665 0.034895834 0.6358333 0.038020834 0.6333333 0.041666668 0.6375 0.044270832 0.63166666 0.047916666 0.5858333 0.048958335 0.5675 0.052083332 0.5425 0.058333334 0.54333335 0.061458334 0.5491667 0.06979167 0.5675 0.084375 0.57416666 0.1171875 0.6 0.14010416 0.61583334 0.22239584 0.68 0.23072916 0.69083333 0.2421875 0.67583334 0.259375 0.68416667 0.24010417 0.7966667 0.22916667 0.7866667 0.2234375 0.7808333 0.2015625 0.7633333 0.15833333 0.7316667
14 0.24895833 0.7583333 0.25416666 0.7708333 0.253125 0.77416664 0.24375 0.77666664 0.24791667 0.75416666
14 0.06666667 0.9433333 0.22552083 0.7841667 0.171875 0.7425 0.044270832 0.86833334 0.0390625 0.87083334 0.025 0.8691667 0.0067708334 0.88416666 0.023958333 0.9433333 0.044270832 0.98333335 0.061458334 0.9725
14 0.5203125 0.86833334 0.54895836 0.91083336 0.56927085 0.9325 0.56666666 0.93583333 0.55677086 0.9458333 0.54479164 0.95416665 0.5385417 0.95666665 0.53125 0.95666665 0.503125 1.0 0.4203125 1.0 0.43854168 0.975 0.4609375 0.96 0.475 0.9475 0.49322918 0.93333334 0.5005208 0.93083334 0.4921875 0.91083336 0.49947917 0.91083336 0.5052083 0.905 0.5171875 0.8641667
14 0.59166664 0.55 0.5885417 0.5158333 0.6302083 0.47416666 0.6375 0.47 0.64270836 0.535 0.6411458 0.53333336 0.6375 0.5208333 0.6333333 0.51916665 0.6223958 0.5225 0.6171875 0.5491667 0.609375 0.555 0.59479165 0.5725
14 0.63385415 0.64916664 0.65989584 0.65 0.6625 0.6483333 0.6635417 0.63916665 0.66302085 0.6383333 0.6588542 0.6425 0.65625 0.63416666 0.65625 0.6225 0.6489583 0.62333333 0.6255208 0.64916664 0.62864584 0.64916664
14 0.32864583 0.33083335 0.27239582 0.2675 0.27083334 0.2775 0.26770833 0.27333334 0.26354167 0.25666666 0.27291667 0.2425 0.28177083 0.21666667 0.2921875 0.1925 0.29895833 0.17333333 0.30520833 0.18166667 0.30677083 0.20333333 0.3140625 0.21583334 0.44270834 0.365 0.45 0.36416668 0.45885417 0.3675 0.42083332 0.44416666 0.42083332 0.43083334 0.40104166 0.4125 0.36458334 0.37
