2 0.041666668 0.3975 0.09791667 0.45083332 0.15104167 0.5083333 0.1828125 0.53833336 0.1921875 0.54833335 0.21354167 0.49833333 0.2578125 0.3925 0.30364582 0.285 0.30260417 0.2825 0.303125 0.28 0.30416667 0.27916667 0.30520833 0.28083333 0.30885416 0.27416667 0.32447916 0.23833333 0.32395834 0.23416667 0.28645834 0.19333333 0.2734375 0.18416667 0.240625 0.14666666 0.18020834 0.08416667 0.17135416 0.0975 0.1578125 0.123333335 0.15833333 0.12916666 0.15625 0.13 0.1359375 0.1775 0.10989583 0.2425 0.079166666 0.31416667 0.051041666 0.37333333 0.046875 0.38583332 0.042708334 0.39416668
2 0.459375 0.1325 0.4765625 0.1125 0.4875 0.100833334 0.49322918 0.09166667 0.50104165 0.08166666 0.5083333 0.07333333 0.5182292 0.0625 0.5307292 0.08833333 0.53541666 0.09583333 0.5697917 0.16 0.62291664 0.26 0.6510417 0.31333333 0.665625 0.34083334 0.66510415 0.345 0.6401042 0.37583333 0.61927086 0.39916667 0.60364586 0.41833332 0.5859375 0.44416666 0.55 0.49333334 0.53229165 0.51416665 0.50989586 0.46833333 0.5104167 0.46166667 0.5072917 0.465 0.4796875 0.40916666 0.43489584 0.31666666 0.434375 0.31666666 0.4484375 0.3025 0.49010417 0.24833333 0.5015625 0.23583333 0.49322918 0.21416667 0.4671875 0.15333334 0.45833334 0.1325
2 0.3265625 0.32333332 0.29895833 0.44833332 0.2796875 0.5325 0.28020832 0.53583336 0.28802082 0.5391667 0.31614584 0.5525 0.31822917 0.55 0.31875 0.555 0.36510417 0.58 0.42395833 0.6091667 0.4609375 0.63 0.49739584 0.64666665 0.50625 0.65166664 0.51979166 0.585 0.5359375 0.51166666 0.5317708 0.51416665 0.50989586 0.46833333 0.5109375 0.46166667 0.5083333 0.465 0.4609375 0.3725 0.43489584 0.31666666 0.40989584 0.33916667 0.3828125 0.36166668 0.3515625 0.38416666 0.328125 0.32083333
2 0.0359375 0.7058333 0.021354167 0.72333336 0.0 0.75166667 0.0 0.81666666 0.018229166 0.8358333 0.055729166 0.8666667 0.07083333 0.90833336 0.0796875 0.9141667 0.1265625 0.97 0.15572916 0.91833335 0.17708333 0.87916666 0.19114584 0.85 0.22708334 0.6625 0.27864584 0.6816667 0.21927084 0.59583336 0.17864583 0.535 0.15052083 0.5075 0.111979164 0.5708333 0.080729164 0.6275 0.047395833 0.68583333
2 0.12708333 0.99916667 0.12760417 0.9691667 0.16302083 0.905 0.190625 0.8516667 0.16614583 0.97333336 0.1625 0.9925 0.16145833 1.0
2 0.39895833 0.7316667 0.3484375 0.7133333 0.32552084 0.70416665 0.30208334 0.6925 0.2765625 0.6816667 0.22760417 0.66333336 0.19114584 0.8475 0.17239584 0.94 0.16145833 1.0 0.3546875 1.0 0.378125 0.86583334 0.39739582 0.7425
2 0.4140625 0.7583333 0.44739583 0.87166667 0.4859375 0.99916667 0.646875 1.0 0.65416664 1.0 0.67083335 0.9925 0.66302085 0.9633333 0.6411458 0.88 0.5734375 0.6383333 0.5130208 0.6816667 0.42708334 0.74833333 0.41979167 0.75333333
2 0.63958335 0.4 0.69166666 0.41583332 0.7296875 0.42666668 0.7447917 0.435 0.778125 0.44166666 0.8041667 0.45166665 0.8020833 0.48583335 0.78489584 0.62333333 0.7703125 0.7733333 0.7661458 0.8183333 0.6609375 0.78 0.60833335 0.76 0.60260415 0.7391667 0.60260415 0.69416666 0.60572916 0.68083334 0.6109375 0.6525 0.61875 0.6066667 0.6223958 0.555 0.62708336 0.51166666 0.6333333 0.46833333 0.63645834 0.41833332 0.6375 0.40416667
2 0.6713542 0.0 0.69114584 0.0225 0.7015625 0.036666665 0.72552085 0.0
2 0.27447918 0.18166667 0.25572917 0.13416667 0.25729167 0.13166666 0.25625 0.1275 0.25416666 0.12833333 0.2328125 0.07833333 0.275 0.039166667 0.32239583 0.0 0.409375 0.0 0.43645832 0.07833333 0.45729166 0.13 0.478125 0.18083334 0.49479166 0.21916667 0.5015625 0.23666666 0.48854166 0.25166667 0.46510416 0.28083333 0.4484375 0.3025 0.41510418 0.33416668 0.3828125 0.36166668 0.35104167 0.385 0.33489582 0.34083334 0.31302083 0.28666666 0.30885416 0.275 0.32395834 0.23916666 0.32395834 0.23333333 0.28645834 0.19333333 0.27395833 0.18416667
