6 0.40833333 0.16 0.40729168 0.18 0.40416667 0.22333333 0.40208334 0.2325 0.39895833 0.25 0.39791667 0.26333332 0.40416667 0.2825 0.41197917 0.3025 0.42135417 0.34 0.42291668 0.34833333 0.42135417 0.3625 0.39583334 0.37833333 0.378125 0.38916665 0.3578125 0.39583334 0.34166667 0.4 0.31927082 0.40666667 0.31822917 0.36916667 0.31614584 0.315 0.34947917 0.30083334 0.353125 0.29666665 0.37604168 0.2975 0.37916666 0.29833335 0.39010417 0.295 0.390625 0.29166666 0.390625 0.27416667 0.3859375 0.23166667 0.38489583 0.22 0.3828125 0.185 0.38489583 0.1775 0.38489583 0.15416667 0.38697916 0.15083334 0.40677083 0.14166667 0.40833333 0.14416666
6 0.271875 0.575 0.2703125 0.59 0.2671875 0.6591667 0.26614583 0.685 0.2640625 0.7191667 0.2625 0.75916666 0.27604166 0.76 0.30364582 0.74833333 0.33385417 0.76416665 0.3625 0.77416664 0.38489583 0.78583336 0.39270833 0.7875 0.39739582 0.7875 0.3984375 0.75333333 0.40520832 0.72583336 0.40833333 0.67083335 0.41458333 0.6333333 0.4171875 0.61 0.41145834 0.6066667 0.38802084 0.6125 0.35833332 0.6191667 0.34375 0.61 0.32083333 0.60083336 0.30260417 0.58666664 0.28489584 0.5758333 0.275 0.5733333
6 0.39791667 0.60083336 0.353125 0.5991667 0.32135418 0.60083336 0.34375 0.61 0.35833332 0.6191667 0.40052083 0.6091667
6 0.42552084 0.5325 0.41875 0.56166667 0.41510418 0.57916665 0.4125 0.6075 0.41666666 0.61 0.41458333 0.6325 0.40833333 0.67083335 0.40833333 0.67583334 0.41510418 0.6775 0.44270834 0.6775 0.44479167 0.675 0.4796875 0.6958333 0.51458335 0.7216667 0.53229165 0.74 0.54270834 0.7416667 0.553125 0.68416667 0.5619792 0.6508333 0.5697917 0.6066667 0.57708335 0.56583333 0.56458336 0.55833334 0.53229165 0.5541667 0.5182292 0.555 0.5052083 0.5425 0.4453125 0.50166667 0.43541667 0.5 0.4328125 0.50166667
6 0.534375 0.5225 0.525 0.52666664 0.521875 0.5308333 0.50572914 0.54333335 0.5182292 0.555 0.53229165 0.55333334 0.5463542 0.55583334 0.5453125 0.5491667
6 0.41145834 0.59 0.39739582 0.59833336 0.39791667 0.6016667 0.4 0.6091667 0.4109375 0.6066667 0.4125 0.6075 0.41458333 0.58666664
6 0.41666666 0.6825 0.43072918 0.74083334 0.4359375 0.7608333 0.44166666 0.7608333 0.45260417 0.75416666 0.50104165 0.71166664 0.4796875 0.6958333 0.45520833 0.68083334 0.4453125 0.675 0.44270834 0.6775 0.41614583 0.6775
6 0.5552083 0.6975 0.56041664 0.6975 0.5734375 0.69166666 0.578125 0.68666667 0.56927085 0.64416665 0.565625 0.6308333 0.5619792 0.6508333 0.553125 0.685 0.55052084 0.6983333
6 0.3 0.755 0.29895833 0.7991667 0.29791668 0.8233333 0.3 0.83416665 0.3203125 0.8283333 0.33072916 0.82916665 0.33697918 0.83166665 0.34322917 0.83666664 0.35260418 0.8425 0.39635417 0.8466667 0.40364584 0.84583336 0.40364584 0.81333333 0.39895833 0.7816667 0.39791667 0.77166665 0.39739582 0.7866667 0.39166668 0.7875 0.384375 0.78583336 0.3625 0.77416664 0.33385417 0.76416665 0.30364582 0.74833333 0.29947916 0.75
6 0.25572917 0.16333333 0.25729167 0.2175 0.2609375 0.2575 0.26145834 0.29583332 0.26197916 0.3325 0.26666668 0.33583334 0.2765625 0.335 0.3015625 0.32083333 0.3171875 0.31416667 0.34947917 0.30083334 0.35364583 0.29666665 0.37552083 0.2975 0.3796875 0.29833335 0.390625 0.295 0.390625 0.275 0.38489583 0.22166666 0.3828125 0.185 0.38489583 0.17833333 0.3859375 0.11833333 0.36927083 0.119166665 0.34479168 0.13916667 0.32604167 0.1525 0.31302083 0.165 0.30364582 0.16583334 0.2640625 0.15916666 0.2578125 0.15916666
