21 0.0 0.81666666 0.0171875 0.7975 0.038020834 0.7683333 0.0515625 0.7525 0.07447917 0.7025 0.0875 0.67083335 0.102604166 0.63916665 0.0609375 0.6225 0.0515625 0.6091667 0.045833334 0.59 0.08177083 0.47916666 0.100520834 0.46 0.10572917 0.42666668 0.09791667 0.415 0.0921875 0.40583333 0.08645833 0.4025 0.078125 0.40416667 0.056770835 0.43166667 0.041666668 0.4625 0.0390625 0.50416666 0.0359375 0.51916665 0.0 0.56083333
21 0.121875 0.655 0.11510417 0.6666667 0.1 0.67833334 0.0984375 0.685 0.1109375 0.685 0.12708333 0.6825 0.140625 0.68666667 0.14166667 0.7175 0.1484375 0.73333335 0.16145833 0.7291667 0.19322917 0.7108333 0.21770833 0.6958333 0.23802084 0.68 0.25104168 0.66833335 0.278125 0.6425 0.28385416 0.6308333 0.30677083 0.625 0.31666666 0.6225 0.3453125 0.5925 0.38385418 0.54 0.38958332 0.5133333 0.38333333 0.4975 0.29791668 0.33333334 0.29270834 0.32833335 0.2828125 0.3275 0.2765625 0.335 0.2609375 0.36 0.2265625 0.41833332 0.2234375 0.46833333 0.19635417 0.655 0.1875 0.67333335 0.14010416 0.65833336 0.125 0.65
21 0.24479167 0.37583333 0.23072916 0.37583333 0.2265625 0.41666666 0.25104168 0.37583333
21 0.33229166 0.385 0.35052082 0.38333333 0.36979166 0.38416666 0.39010417 0.3875 0.4140625 0.38666666 0.4234375 0.39083335 0.42708334 0.4075 0.42395833 0.43333334 0.41041666 0.45166665 0.41041666 0.45916668 0.41822916 0.49916667 0.43072918 0.57916665 0.4234375 0.5975 0.32395834 0.6175 0.38385418 0.5416667 0.3890625 0.5133333 0.32291666 0.38
21 0.6703125 0.7975 0.64427084 0.87 0.6380208 0.87833333 0.6244792 0.87083334 0.5083333 0.78333336 0.50104165 0.7658333 0.50989586 0.7216667 0.5395833 0.6483333 0.58697915 0.5625 0.59583336 0.5575 0.60729164 0.5491667 0.5932292 0.515 0.58958334 0.47583333 0.58802086 0.42666668 0.6 0.42416668 0.6109375 0.43583333 0.6421875 0.44416666 0.6953125 0.44666666 0.7338542 0.44916666 0.74427086 0.45666668 0.74322915 0.47833332 0.7416667 0.50666666 0.728125 0.52666664 0.71770835 0.55833334 0.71979165 0.6175 0.6880208 0.74333334
21 0.70416665 0.72833335 0.76770836 0.67 0.77708334 0.6725 0.7875 0.68416667 0.84375 0.8466667 0.8442708 0.86 0.83958334 0.875 0.79114586 0.9025 0.76458335 0.93416667 0.74895835 0.93583333 0.7395833 0.9508333 0.7239583 0.9608333 0.70677084 0.9725 0.6848958 1.0 0.5828125 1.0 0.66510415 0.85 0.6671875 0.83666664 0.66510415 0.81583333 0.6875 0.745
21 0.54375 1.0 0.5229167 0.9658333 0.49322918 0.8933333 0.46979168 0.8383333 0.46979168 0.80083334 0.47291666 0.7558333 0.440625 0.73083335 0.42239583 0.71416664 0.41927084 0.6983333 0.4171875 0.67833334 0.43541667 0.64916664 0.44479167 0.6375 0.45677084 0.63416666 0.46822917 0.6325 0.48489583 0.61833334 0.48697916 0.60083336 0.4828125 0.5783333 0.48645833 0.56083333 0.5026042 0.5416667 0.503125 0.575 0.5125 0.615 0.52916664 0.64166665 0.53489584 0.665 0.509375 0.7225 0.50104165 0.7625 0.50572914 0.7808333 0.57135415 0.83166665 0.6380208 0.87833333 0.6453125 0.8691667 0.665625 0.81333333 0.6671875 0.84166664 0.6640625 0.8516667 0.5833333 1.0
21 0.5390625 0.50166667 0.54583335 0.4275 0.54895836 0.41083333 0.55625 0.40666667 0.5625 0.4225 0.5546875 0.45916668 0.5640625 0.465 0.578125 0.44166666 0.5875 0.43583333 0.5921875 0.5133333 0.60572916 0.5475 0.5859375 0.56333333 0.53802085 0.6525 0.53333336 0.6575 0.5265625 0.6308333 0.51927084 0.6166667 0.5208333 0.595 0.5265625 0.58916664 0.5328125 0.555 0.53541666 0.54 0.54010415 0.535
21 0.6223958 0.425 0.62864584 0.4275 0.62864584 0.41 0.6390625 0.4025 0.6432292 0.4075 0.65 0.42 0.6666667 0.42583334 0.6828125 0.42416668 0.7 0.4275 0.7239583 0.43583333 0.7453125 0.4475 0.7625 0.45583335 0.7682292 0.46666667 0.76354164 0.48 0.75625 0.49666667 0.74322915 0.50666666 0.7421875 0.50666666 0.74427086 0.45666668 0.73541665 0.44833332 0.6390625 0.44416666 0.61302084 0.435 0.609375 0.43083334
21 0.728125 0.55083334 0.7416667 0.5575 0.75364584 0.58416665 0.78489584 0.6791667 0.76875 0.6666667 0.6875 0.74333334 0.7203125 0.61583334 0.71770835 0.55333334 0.725 0.5441667
21 0.5078125 0.9375 0.50885415 0.9525 0.51145834 0.96 0.5260417 0.9725
21 0.7994792 0.70916665 0.80677086 0.725 0.81354165 0.74833333 0.81041664 0.75166667 0.7963542 0.70666665
21 0.11875 0.6458333 0.060416665 0.62083334 0.0515625 0.6075 0.047395833 0.59 0.059375 0.5475 0.08177083 0.47833332 0.10104167 0.45833334 0.10572917 0.4175 0.10520833 0.385 0.12083333 0.26083332 0.12291667 0.2375 0.12916666 0.18583333 0.13385417 0.165 0.15104167 0.15416667 0.16770834 0.1675 0.17760417 0.1875 0.18385416 0.19416666 0.20260416 0.19166666 0.21770833 0.18916667 0.23541667 0.19916667 0.25104168 0.19416666 0.26145834 0.19916667 0.26666668 0.22083333 0.2609375 0.23 0.25052083 0.27166668 0.23020834 0.3775 0.22291666 0.4675 0.19583334 0.6558333 0.18645833 0.6725 0.16041666 0.66333336 0.14166667 0.65833336
