14 0.515625 0.3675 0.565625 0.3425 0.5765625 0.34 0.58020836 0.35416666 0.57916665 0.3725 0.57708335 0.39416668 0.5859375 0.4425 0.60729164 0.58666664 0.609375 0.6 0.5515625 0.56083333 0.5296875 0.42166665 0.51770836 0.40583333 0.5296875 0.39916667 0.5208333 0.38083333
14 0.54322916 0.68583333 0.5578125 0.6766667 0.56875 0.675 0.575 0.68416667 0.58802086 0.68416667 0.5989583 0.6816667 0.6088542 0.68916667 0.6125 0.6958333 0.62083334 0.7133333 0.6302083 0.72833335 0.6359375 0.72 0.64166665 0.6875 0.64427084 0.67833334 0.75104165 0.675 0.75677085 0.6766667 0.75416666 0.68583333 0.7546875 0.7025 0.7583333 0.73 0.76354164 0.74666667 0.7640625 0.755 0.76354164 0.77666664 0.75677085 0.7825 0.75416666 0.7658333 0.7453125 0.76416665 0.63072914 0.76666665 0.59479165 0.7675 0.575 0.7683333 0.5671875 0.78 0.55833334 0.7925 0.54895836 0.73 0.5442708 0.7058333 0.54322916 0.68916667
14 0.56875 0.66 0.56927085 0.675 0.57395834 0.68416667 0.59166664 0.685 0.6 0.68
14 0.4671875 0.4975 0.48229167 0.5125 0.5307292 0.5466667 0.5734375 0.57666665 0.6109375 0.6016667 0.63125 0.6141667 0.64166665 0.62166667 0.64479166 0.63416666 0.64479166 0.66 0.64479166 0.67583334 0.63489586 0.7216667 0.63177085 0.7275 0.6078125 0.69166666 0.5984375 0.68 0.5671875 0.6616667 0.4734375 0.59833336 0.46510416 0.50666666
14 0.3 0.33583334 0.315625 0.34416667 0.5026042 0.22833334 0.50885415 0.2725 0.5151042 0.32083333 0.50625 0.33 0.48125 0.33666667 0.35833332 0.41166666 0.34114584 0.425 0.33541667 0.4225 0.321875 0.4325 0.309375 0.42166665 0.30416667 0.37916666 0.296875 0.345
14 0.32447916 0.51666665 0.33229166 0.50666666 0.33541667 0.51 0.34791666 0.49666667 0.4171875 0.4175 0.46197918 0.36083335 0.4734375 0.34666666 0.48125 0.3425 0.4875 0.33416668 0.49739584 0.3325 0.5109375 0.3575 0.5182292 0.375 0.53020835 0.39916667 0.51770836 0.40666667 0.50572914 0.42333335 0.4734375 0.46083334 0.4703125 0.45666668 0.45833334 0.4575 0.45 0.45416668 0.4359375 0.45916668 0.42395833 0.465 0.40677083 0.47583333 0.39635417 0.49166667 0.403125 0.5075 0.41145834 0.5341667 0.4 0.54833335 0.36979166 0.585 0.3640625 0.5966667 0.35104167 0.6 0.35208333 0.59 0.35260418 0.57666665 0.340625 0.55333334 0.32708332 0.52416664
14 0.51458335 1.0 0.57604164 0.77 0.6328125 0.7658333 0.6411458 0.7808333 0.63697916 0.7975 0.6244792 0.8 0.5729167 1.0
14 0.409375 0.5491667 0.42083332 0.65833336 0.42916667 0.7575 0.42916667 0.8075 0.4265625 0.84 0.43125 0.8525 0.44895834 0.86083335 0.49010417 0.84583336 0.5052083 0.83416665 0.50208336 0.8075 0.49270833 0.7975 0.484375 0.75333333 0.46458334 0.50666666 0.46927083 0.49666667 0.4734375 0.47166666 0.47291666 0.46 0.45833334 0.45583335 0.44479167 0.45583335 0.409375 0.4725 0.39583334 0.48666668 0.4109375 0.53333336 0.40989584 0.55
14 0.47760418 0.63 0.49895832 0.62666667 0.5026042 0.62916666 0.50208336 0.6425 0.49583334 0.66583335 0.48958334 0.68333334 0.4859375 0.70416665 0.48229167 0.7275
14 0.42604166 0.845 0.41458333 0.9425 0.40260416 0.97083336 0.4265625 0.98333335 0.47916666 0.9841667 0.4765625 0.96416664 0.4671875 0.94083333 0.47447917 0.855 0.45052084 0.86 0.43072918 0.8525
14 0.078125 0.3075 0.090625 0.2875 0.09583333 0.28916666 0.09947917 0.2975 0.25104168 0.36083335 0.28177083 0.37833333 0.28854167 0.35833332 0.2984375 0.35416666 0.29791668 0.38083333 0.28854167 0.43166667 0.2859375 0.4575 0.284375 0.47166666 0.26354167 0.45583335 0.24739583 0.4425 0.2234375 0.4275 0.21041666 0.41083333 0.196875 0.42333335 0.1640625 0.41 0.091145836 0.38583332 0.084375 0.385 0.08177083 0.39416668 0.07447917 0.395 0.06302083 0.3925 0.063541666 0.37083334 0.071354166 0.34083334 0.075520836 0.31833333
14 0.022916667 0.5925 0.06666667 0.5475 0.18697916 0.43333334 0.1984375 0.4225 0.2109375 0.41333333 0.2234375 0.42916667 0.24791667 0.44166666 0.26510417 0.45833334 0.26666668 0.47 0.2453125 0.48 0.228125 0.4875 0.21510416 0.5 0.21458334 0.50666666 0.18020834 0.5366667 0.09947917 0.615 0.072916664 0.64 0.063541666 0.65 0.055729166 0.62916666 0.038541667 0.63166666 0.0265625 0.625 0.022916667 0.61583334 0.022916667 0.60333335
14 0.31041667 0.785 0.3484375 0.76916665 0.371875 0.7583333 0.3765625 0.7725 0.378125 0.7966667 0.378125 0.8425 0.38697916 0.87916666 0.39583334 0.9275 0.40833333 1.0 0.3484375 1.0 0.33072916 0.9025 0.3203125 0.8491667 0.31041667 0.8283333 0.3078125 0.7891667
14 0.2984375 0.6616667 0.30572918 0.645 0.31145832 0.63 0.33072916 0.6533333 0.3578125 0.68916667 0.36822918 0.70916665 0.35885417 0.72 0.346875 0.72333336 0.33645833 0.7341667 0.31979167 0.7475 0.30833334 0.7625
14 0.25052083 0.7241667 0.21927084 0.77 0.18229167 0.805 0.17083333 0.8208333 0.15989584 0.8308333 0.15208334 0.8308333 0.14895834 0.8383333 0.15052083 0.85333335 0.16145833 0.87333333 0.17395833 0.9008333 0.18333334 0.92 0.190625 0.93666667 0.19583334 0.91833335 0.20572917 0.89166665 0.221875 0.87333333 0.2578125 0.8308333
14 0.23177083 0.5625 0.26822916 0.5525 0.30104166 0.54583335 0.30625 0.57166666 0.29895833 0.60833335 0.296875 0.6116667 0.2984375 0.65833336 0.29895833 0.6725 0.30833334 0.7658333 0.3078125 0.79333335 0.30989584 0.83416665 0.31354168 0.86 0.31875 0.8908333 0.328125 0.9058333 0.32604167 0.9166667 0.31770834 0.925 0.3140625 0.925 0.30729166 0.91583335 0.28697917 0.92083335 0.2515625 0.93333334 0.2546875 0.92333335 0.2609375 0.8958333 0.2578125 0.8491667 0.2578125 0.8258333 0.25052083 0.7216667 0.24322917 0.6166667 0.23697917 0.6016667 0.22916667 0.59
14 0.21614583 0.50083333 0.21875 0.51666665 0.23177083 0.5258333 0.246875 0.5425 0.25989583 0.55583334 0.30104166 0.5441667 0.30677083 0.57166666 0.30052084 0.605 0.29791668 0.6125 0.30885416 0.62583333 0.32291666 0.6425 0.359375 0.69166666 0.36927083 0.7108333 0.38229167 0.7275 0.3890625 0.7416667 0.39270833 0.73083335 0.39375 0.7108333 0.403125 0.6958333 0.41614583 0.68333334 0.42239583 0.6766667 0.41927084 0.655 0.41145834 0.645 0.40364584 0.6383333 0.38020834 0.6091667 0.36614582 0.5925 0.35520834 0.6 0.35208333 0.6 0.35208333 0.5758333 0.33333334 0.5441667 0.2984375 0.5025 0.27916667 0.47666666 0.26979166 0.46416667 0.2671875 0.4575 0.2671875 0.46916667 0.22916667 0.48833334 0.21666667 0.49833333
14 0.603125 0.36 0.6328125 0.33666667 0.634375 0.34166667 0.62708336 0.36583334 0.6489583 0.4525 0.68541664 0.6191667 0.6901042 0.6225 0.69322914 0.6425 0.7 0.635 0.7 0.64166665 0.68125 0.65166664 0.64427084 0.6616667 0.6453125 0.635 0.63854164 0.61833334 0.6265625 0.6075 0.61822915 0.56333333 0.5776042 0.39416668 0.57916665 0.37666667 0.5807292 0.35916665 0.58385414 0.36166668 0.5885417 0.37 0.6010417 0.36833334
