14 0.515625 0.7341667 0.49322918 0.6983333 0.5359375 0.6325 0.55625 0.6666667 0.53125 0.7183333 0.5296875 0.72333336 0.5229167 0.72833335 0.5171875 0.7341667
14 0.4125 0.6975 0.4125 0.7183333 0.41354167 0.72333336 0.41510418 0.7275 0.42239583 0.7158333 0.43020833 0.7291667 0.434375 0.74333334 0.440625 0.77666664 0.446875 0.78833336 0.453125 0.7825 0.46354166 0.755 0.46822917 0.73833334 0.49375 0.69666666 0.540625 0.62583333 0.5864583 0.5575 0.59375 0.5475 0.6067708 0.54083335 0.61354166 0.53833336 0.61614585 0.53333336 0.60572916 0.51916665 0.58697915 0.48583335 0.57135415 0.45 0.5697917 0.44083333 0.56145835 0.4475 0.5572917 0.47833332 0.54322916 0.495 0.496875 0.57166666 0.4515625 0.64 0.4140625 0.69666666
14 0.56666666 0.8308333 0.5078125 0.7675 0.50677085 0.7575 0.515625 0.735 0.5239583 0.7266667 0.5296875 0.72333336 0.53125 0.7175 0.571875 0.63666666 0.62083334 0.5391667 0.634375 0.51666665 0.640625 0.50666666 0.64635414 0.4625 0.6588542 0.44666666 0.68541664 0.49166667 0.7203125 0.51166666 0.7203125 0.5183333 0.7125 0.5341667 0.69947916 0.5466667 0.68385416 0.56083333 0.6723958 0.5941667 0.628125 0.6825 0.5932292 0.75 0.58489585 0.7625 0.578125 0.80583334 0.57135415 0.8258333
14 0.6145833 0.71166664 0.63645834 0.74333334 0.63854164 0.7425 0.6421875 0.73583335 0.6489583 0.725 0.6510417 0.7008333 0.67291665 0.67 0.73125 0.57916665 0.78020835 0.5075 0.78489584 0.50916666 0.7875 0.51166666 0.79479164 0.50333333 0.7973958 0.50166667 0.8 0.5075 0.80677086 0.49416667 0.80677086 0.49166667 0.7739583 0.445 0.7515625 0.40916666 0.7484375 0.41166666 0.74583334 0.41666666 0.74427086 0.42 0.7505208 0.43166667 0.7427083 0.44083333 0.70416665 0.5025 0.72083336 0.51166666 0.7203125 0.51916665 0.7125 0.535 0.6984375 0.54833335 0.7026042 0.555 0.70625 0.55833334 0.71770835 0.56416667 0.721875 0.56583333 0.725 0.5708333 0.725 0.5725 0.725 0.575 0.6953125 0.61 0.67395836 0.6358333 0.6645833 0.6483333 0.6578125 0.64 0.66041666 0.63166666 0.65989584 0.6191667 0.6276042 0.68333334 0.6140625 0.70916665
14 0.69947916 0.5491667 0.7026042 0.555 0.70625 0.55833334 0.71458334 0.5625 0.72239584 0.56583333 0.72447914 0.5708333 0.725 0.5725 0.725 0.575 0.6859375 0.62166667 0.6713542 0.64 0.6640625 0.6475 0.65833336 0.64 0.66041666 0.6308333 0.65989584 0.62 0.65989584 0.6191667 0.6723958 0.5941667 0.684375 0.56083333 0.6984375 0.5475
14 0.62864584 0.40666667 0.64166665 0.35083333 0.66041666 0.36833334 0.6765625 0.39416668 0.684375 0.40416667 0.6921875 0.40916666 0.73802084 0.44666666 0.70416665 0.50333333 0.68541664 0.49166667 0.659375 0.44666666 0.65625 0.4475 0.653125 0.45166665 0.62864584 0.40833333
14 0.74895835 0.555 0.79479164 0.5883333 0.8052083 0.5966667 0.8098958 0.6175 0.8125 0.62166667 0.8255208 0.6333333 0.82916665 0.635 0.8520833 0.56916666 0.86354166 0.5316667 0.8625 0.5283333 0.8489583 0.51666665 0.82916665 0.51 0.8208333 0.51166666 0.8052083 0.4975 0.8 0.50666666 0.7973958 0.50166667 0.7942708 0.50416666 0.78802085 0.5108333 0.78489584 0.5083333 0.7807292 0.5075 0.74895835 0.5525
14 0.5151042 0.34916666 0.5677083 0.2775 0.57135415 0.27833334 0.58125 0.29416665 0.5911458 0.34083334 0.5932292 0.34916666 0.6015625 0.36083335 0.6536458 0.45166665 0.65416664 0.4525 0.64635414 0.46166667 0.6401042 0.5075 0.62135416 0.53833336 0.5786458 0.45333335 0.5473958 0.39166668 0.5416667 0.38833332 0.5375 0.38333333 0.52916664 0.38 0.5208333 0.36666667 0.515625 0.355
14 0.60833335 0.52166665 0.609375 0.515 0.5864583 0.46833333 0.56822914 0.43333334 0.55885416 0.415 0.5541667 0.48166665 0.5572917 0.4775 0.5609375 0.44666666 0.5697917 0.44083333 0.57135415 0.45 0.58697915 0.48583335 0.60572916 0.51916665
14 0.5609375 0.2675 0.5609375 0.27416667 0.56458336 0.28166667 0.56822914 0.2775 0.571875 0.27833334 0.58177084 0.295 0.5932292 0.35 0.6015625 0.36166668 0.6203125 0.39416668 0.6265625 0.32416666 0.6322917 0.28166667 0.63385415 0.2775 0.6375 0.27666667 0.63958335 0.26583335 0.6140625 0.2625 0.5677083 0.26583335
14 0.5442708 0.6191667 0.5807292 0.6016667 0.590625 0.5925 0.59166664 0.59583336 0.6015625 0.57666665 0.60625 0.5416667 0.5942708 0.5466667 0.55625 0.6025
14 0.4546875 0.63166666 0.41822916 0.5675 0.41041666 0.5625 0.39427084 0.55 0.3890625 0.54333335 0.4015625 0.5158333 0.4140625 0.49333334 0.421875 0.48666668 0.43177083 0.47166666 0.43541667 0.46416667 0.44739583 0.46416667 0.44947916 0.4675 0.44635418 0.4825 0.44739583 0.4875 0.45520833 0.495 0.49791667 0.5708333 0.45729166 0.6308333
