19 0.6244792 0.1525 0.68645835 0.1075 0.7015625 0.095 0.709375 0.090833336 0.7171875 0.090833336 0.72291666 0.09833334 0.7369792 0.14166667 0.7348958 0.14583333 0.73541665 0.14916667 0.7375 0.15 0.7395833 0.14916667 0.75104165 0.18583333 0.7604167 0.21416667 0.77239585 0.2425 0.7864583 0.2725 0.8072917 0.32083333 0.8109375 0.32833335 0.81145835 0.3325 0.8098958 0.34083334 0.8020833 0.35333332 0.78125 0.37 0.7416667 0.40166667 0.70416665 0.43166667 0.690625 0.44166666 0.68333334 0.44416666 0.6796875 0.4425 0.67083335 0.43 0.64947915 0.365 0.6088542 0.24583334 0.61145836 0.2425 0.61145836 0.24 0.60833335 0.23833333 0.6067708 0.23833333 0.5921875 0.1975 0.5921875 0.18416667 0.5984375 0.17333333 0.6166667 0.16
19 0.23854166 0.3425 0.26041666 0.30166668 0.26614583 0.295 0.27135417 0.29333332 0.278125 0.29916668 0.2953125 0.33 0.29479167 0.3375 0.29739583 0.3375 0.32760417 0.39 0.35572916 0.43666667 0.36927083 0.46 0.37604168 0.47083333 0.38177082 0.48083332 0.38333333 0.49083334 0.38177082 0.50083333 0.37552083 0.515 0.36302084 0.53833336 0.35 0.56166667 0.33958334 0.5808333 0.32395834 0.6016667 0.3140625 0.6141667 0.30729166 0.6275 0.29739583 0.6475 0.29010418 0.655 0.28333333 0.6525 0.27291667 0.635 0.26145834 0.6125 0.24791667 0.5883333 0.23697917 0.56583333 0.203125 0.50333333 0.2046875 0.49916667 0.20520833 0.49416667 0.20260416 0.49333334 0.20052083 0.4975 0.1859375 0.47166666 0.18177083 0.46 0.18072917 0.45166665 0.1828125 0.4425 0.18541667 0.43416667 0.22135417 0.37833333 0.23020834 0.36333334 0.2375 0.34583333
19 0.58802086 0.25666666 0.6322917 0.31416667 0.6515625 0.3725 0.6703125 0.42833334 0.67760414 0.44 0.684375 0.445 0.6947917 0.43833333 0.7161458 0.4225 0.7182292 0.42833334 0.71979165 0.43666667 0.7182292 0.44833332 0.6958333 0.48666668 0.665625 0.5466667 0.65208334 0.5758333 0.6421875 0.59583336 0.6359375 0.60583335 0.6302083 0.6091667 0.625 0.6066667 0.6145833 0.5933333 0.59947914 0.575 0.60052085 0.5675 0.5953125 0.5675 0.5609375 0.5258333 0.5239583 0.47666666 0.5307292 0.46916667 0.534375 0.4625 0.5375 0.44916666 0.50989586 0.3675 0.5390625 0.30583334 0.5598958 0.26 0.5651042 0.25083333 0.5703125 0.24583334 0.57708335 0.2475 0.5833333 0.25083333
19 0.46458334 0.23333333 0.5182292 0.205 0.5375 0.19583334 0.5697917 0.17333333 0.596875 0.1525 0.6109375 0.1425 0.6171875 0.13833334 0.6244792 0.14 0.62916666 0.14 0.6333333 0.14583333 0.6125 0.1625 0.6 0.17166667 0.5921875 0.18416667 0.5921875 0.19666667 0.6067708 0.23916666 0.6088542 0.23833333 0.61145836 0.24 0.61145836 0.2425 0.6088542 0.24583334 0.62604165 0.29583332 0.63177085 0.31333333 0.6020833 0.27416667 0.58385414 0.25083333 0.57708335 0.2475 0.5708333 0.24583334 0.565625 0.25083333 0.5598958 0.25916666 0.525 0.33666667 0.509375 0.3675
19 0.775 0.24083333 0.80104166 0.24333334 0.8125 0.245 0.81666666 0.2475 0.8208333 0.25166667 0.8229167 0.25666666 0.8229167 0.27583334 0.82135415 0.28333333 0.81927085 0.31833333 0.8171875 0.34583333 0.81614584 0.39166668 0.81614584 0.44833332 0.8151042 0.46416667 0.81354165 0.47 0.8098958 0.4775 0.8020833 0.48333332 0.7026042 0.475 0.7140625 0.45583335 0.71770835 0.44916666 0.7192708 0.4375 0.71666664 0.42416668 0.715625 0.4225 0.74791664 0.39666668 0.7734375 0.37666667 0.7973958 0.3575 0.80260414 0.35333332 0.809375 0.3425 0.81145835 0.3325 0.8109375 0.32833335 0.7859375 0.27166668 0.77135414 0.24
19 0.328125 0.14583333 0.3953125 0.13 0.42239583 0.12166667 0.44479167 0.119166665 0.44947916 0.12083333 0.45364583 0.1275 0.4578125 0.15 0.4609375 0.175 0.45729166 0.17833333 0.45677084 0.1825 0.46197918 0.18333334 0.46770832 0.23083334 0.46458334 0.23333333 0.45052084 0.19916667 0.43854168 0.1975 0.34739584 0.27833334 0.32864583 0.295 0.32708332 0.28916666 0.31875 0.2275 0.321875 0.22166666 0.31927082 0.21833333 0.31770834 0.21833333 0.31197917 0.17666666 0.31145832 0.1675 0.31302083 0.15833333 0.31927082 0.15 0.32552084 0.14583333
19 0.39270833 0.0 0.38177082 0.025 0.38229167 0.03 0.38645834 0.039166667 0.40104166 0.055833332 0.41302082 0.068333335 0.41770834 0.06666667 0.41770834 0.07333333 0.4375 0.0925 0.45885417 0.10583334 0.49375 0.14 0.534375 0.1725 0.53541666 0.16916667 0.540625 0.17 0.546875 0.16833334 0.5515625 0.16166666 0.5890625 0.04 0.6020833 0.0 0.39791667 0.0
19 0.3625 0.5416667 0.3890625 0.5516667 0.3890625 0.54833335 0.39010417 0.5466667 0.3921875 0.54583335 0.39270833 0.5491667 0.39270833 0.55333334 0.40572917 0.5575 0.38333333 0.49 0.38229167 0.495 0.38229167 0.49916667 0.36927083 0.5258333 0.3609375 0.54083335
19 0.334375 0.35333332 0.33854166 0.39916667 0.340625 0.41166666 0.3609375 0.44583333 0.3671875 0.445 0.3375 0.36
19 0.36197916 0.44666666 0.37552083 0.46916667 0.37552083 0.4675 0.3671875 0.445 0.3609375 0.44583333
19 0.28489584 0.28666666 0.28802082 0.28333333 0.29375 0.2825 0.32916668 0.295 0.32395834 0.30333334 0.321875 0.315 0.3234375 0.32333332 0.334375 0.35333332 0.33854166 0.39916667 0.340625 0.41166666 0.325 0.385 0.29791668 0.33833334 0.29479167 0.3375 0.2953125 0.33 0.278125 0.3 0.28020832 0.29083332 0.28177083 0.2875
19 0.33020833 0.29416665 0.42864582 0.20583333 0.4390625 0.19666667 0.45 0.19833334 0.46979168 0.24833333 0.4671875 0.25416666 0.46666667 0.2575 0.46927083 0.25916666 0.47239584 0.25583333 0.49375 0.32166666 0.51145834 0.37166667 0.5328125 0.43333334 0.5375 0.44916666 0.53489584 0.4625 0.53020835 0.47 0.52135414 0.48 0.5072917 0.49 0.47135416 0.5183333 0.45416668 0.535 0.43489584 0.55333334 0.4296875 0.56 0.42552084 0.5625 0.4203125 0.56666666 0.41354167 0.56666666 0.40625 0.56083333 0.40572917 0.5566667 0.38333333 0.48916668 0.38125 0.48 0.37552083 0.46833333 0.34114584 0.37166667 0.32864583 0.33666667 0.32395834 0.32333332 0.321875 0.315 0.32395834 0.30416667 0.32708332 0.29833335
