6 0.33333334 0.24833333 0.240625 0.32833335 0.24375 0.34333333 0.28541666 0.35166666 0.2875 0.38166666 0.27447918 0.40083334 0.27864584 0.40833333 0.29427084 0.43 0.30364582 0.505 0.30885416 0.52166665 0.34114584 0.505 0.3515625 0.49666667 0.37291667 0.41583332 0.403125 0.4425 0.39791667 0.425 0.34166667 0.2625
6 0.31614584 0.55833334 0.31197917 0.6166667 0.28177083 0.75666666 0.2765625 0.7675 0.27864584 0.78833336 0.33645833 0.795 0.390625 0.7991667 0.39427084 0.79083335 0.3921875 0.77666664 0.38177082 0.7525 0.38489583 0.715 0.40052083 0.6791667 0.41666666 0.6325 0.38802084 0.6116667 0.3484375 0.58166665 0.33697918 0.56916666 0.33489582 0.56333333 0.32552084 0.55916667
6 0.371875 0.41916665 0.35104167 0.49916667 0.3359375 0.56416667 0.3375 0.5708333 0.34947917 0.5833333 0.4171875 0.6325 0.4234375 0.6425 0.4546875 0.6775 0.46302083 0.6775 0.50104165 0.56 0.5109375 0.5375 0.49270833 0.525 0.40520832 0.44666666 0.390625 0.4325 0.37552083 0.41666666
6 0.38489583 0.715 0.38177082 0.75166667 0.3921875 0.7783333 0.39479166 0.79083335 0.38958332 0.79833335 0.32604167 0.7941667 0.3296875 0.8383333 0.33229166 0.8566667 0.37291667 0.84166664 0.38645834 0.8325 0.39479166 0.84 0.4234375 0.8491667 0.43333334 0.82416666 0.4578125 0.76416665 0.47395834 0.72083336 0.47708333 0.6816667 0.47552082 0.6775 0.44947916 0.67833334 0.4 0.68
6 0.48385417 0.6958333 0.4234375 0.85083336 0.43229166 0.8625 0.4375 0.87166667 0.4421875 0.87 0.50572914 0.92083335 0.5442708 0.97 0.55364585 0.9741667 0.60052085 0.80833334 0.5734375 0.7975 0.55364585 0.7825 0.54583335 0.77916664 0.496875 0.7083333
6 0.47916666 0.7058333 0.475 0.72 0.4765625 0.7008333 0.47708333 0.70166665
6 0.35520834 0.84833336 0.384375 0.92 0.41458333 0.99333334 0.4234375 0.98583335 0.44010416 0.9508333 0.4421875 0.94166666 0.46614584 0.9216667 0.48125 0.9025 0.4765625 0.8975 0.44270834 0.8691667 0.43802083 0.87083334 0.43072918 0.86 0.42239583 0.85 0.396875 0.8408333 0.3859375 0.8325 0.37083334 0.8425
6 0.48958334 0.39333335 0.4765625 0.40583333 0.45364583 0.46333334 0.50104165 0.4375 0.49166667 0.41
6 0.528125 0.43 0.51145834 0.43333334 0.44791666 0.46666667 0.43645832 0.47166666 0.43958333 0.47666666 0.471875 0.505 0.49322918 0.5258333 0.51197916 0.535 0.49947917 0.56333333 0.46302083 0.6775 0.47552082 0.6775 0.47760418 0.68333334 0.51666665 0.68083334 0.5598958 0.6725 0.56145835 0.6591667 0.5453125 0.5833333 0.53802085 0.5375 0.53229165 0.43333334
6 0.534375 0.465 0.5385417 0.5416667 0.5473958 0.5283333 0.5640625 0.49916667 0.55833334 0.49166667 0.540625 0.4675
6 0.5286458 0.305 0.490625 0.39666668 0.49166667 0.40833333 0.5015625 0.43833333 0.50989586 0.43333334 0.528125 0.42916667 0.53229165 0.43333334 0.534375 0.46416667 0.540625 0.4675 0.5640625 0.49833333 0.5546875 0.5158333 0.575 0.56 0.59270835 0.58416665 0.60052085 0.5683333 0.65208334 0.45416668 0.6557292 0.44416666 0.64739585 0.42916667 0.58802086 0.37666667 0.5609375 0.34583333 0.5390625 0.3125 0.5328125 0.30333334
6 0.58697915 0.5783333 0.59010416 0.69166666 0.58958334 0.74 0.6020833 0.74 0.63072914 0.7291667 0.7135417 0.73 0.7291667 0.735 0.7375 0.7341667 0.7390625 0.5883333 0.7390625 0.55916667 0.7317708 0.55916667 0.7083333 0.56333333 0.6411458 0.575 0.6010417 0.56666666 0.59270835 0.58416665
6 0.7729167 0.64666665 0.75677085 0.6508333 0.73802084 0.6616667 0.7375 0.735 0.7270833 0.735 0.71458334 0.7291667 0.6296875 0.7291667 0.6333333 0.75083333 0.64427084 0.79083335 0.65625 0.8175 0.66197914 0.8466667 0.6625 0.8666667 0.67395836 0.8625 0.70208335 0.8258333 0.72447914 0.82916665 0.796875 0.8233333 0.8046875 0.82 0.775 0.6591667
6 0.8354167 0.68333334 0.8208333 0.68916667 0.7895833 0.735 0.8052083 0.8208333 0.7953125 0.82416666 0.7182292 0.8283333 0.7395833 0.88 0.76979166 0.9483333 0.7859375 0.93416667 0.80625 0.885 0.88072914 0.8525 0.89479166 0.83916664 0.890625 0.8258333 0.8510417 0.73833334 0.83802086 0.6925
6 0.92604166 0.56416667 0.9067708 0.63416666 0.9088542 0.64666665 0.9015625 0.69083333 0.89635414 0.7375 0.90625 0.74583334 0.95104164 0.7633333 1.0 0.7966667 1.0 0.62583333 0.97239584 0.61083335 0.93385416 0.5708333
6 0.90625 0.66083336 0.88854164 0.6741667 0.85364586 0.68083334 0.8364583 0.68666667 0.8510417 0.7391667 0.890625 0.82666665 0.89479166 0.83916664 0.88125 0.8525 0.85625 0.8641667 0.86302084 0.90416664 0.8671875 0.925 0.8989583 0.9066667 0.97083336 0.865 0.9692708 0.8466667 0.9479167 0.79583335 0.9328125 0.7658333 0.9328125 0.75666666 0.90729165 0.74833333 0.896875 0.7375 0.903125 0.68333334
6 0.7015625 0.18333334 0.62604165 0.285 0.63697916 0.30416667 0.671875 0.33666667 0.70520836 0.42 0.7182292 0.455 0.7921875 0.365 0.7963542 0.36333334 0.79375 0.34666666 0.78229165 0.32333332 0.75625 0.29 0.73802084 0.25166667 0.721875 0.22833334 0.7135417 0.19666667 0.70625 0.18333334
6 0.696875 0.40166667 0.6713542 0.4075 0.671875 0.42 0.69739586 0.54083335 0.69739586 0.565 0.7265625 0.56 0.7390625 0.55833334 0.7390625 0.6358333 0.8 0.60833335 0.8140625 0.59166664 0.80364585 0.565 0.784375 0.50416666 0.7765625 0.38416666 0.7182292 0.455 0.7 0.40583333
6 0.7942708 0.30833334 0.79479164 0.34416667 0.79583335 0.365 0.79270834 0.46916667 0.7921875 0.49583334 0.7875 0.5083333 0.79114586 0.5258333 0.79375 0.5325 0.8541667 0.535 0.88854164 0.53583336 0.89166665 0.50166667 0.8890625 0.49 0.88958335 0.36166668 0.8958333 0.3 0.8645833 0.30166668 0.8177083 0.30916667
6 0.18697916 0.33083335 0.184375 0.34083334 0.184375 0.36666667 0.17916666 0.45 0.17916666 0.46 0.165625 0.48333332 0.14895834 0.5316667 0.15052083 0.555 0.25364584 0.5825 0.2609375 0.55833334 0.25833333 0.5283333 0.25260416 0.495 0.25989583 0.48083332 0.26927084 0.41583332 0.27604166 0.3975 0.28541666 0.3825 0.28541666 0.35166666 0.23333333 0.34333333 0.19270833 0.335
6 0.1578125 0.55833334 0.146875 0.58416665 0.12916666 0.61583334 0.12604167 0.63 0.128125 0.635 0.16458334 0.67833334 0.18489583 0.695 0.21666667 0.73583335 0.221875 0.7275 0.24322917 0.66833335 0.25989583 0.62083334 0.28020832 0.56333333 0.29479167 0.5475 0.30208334 0.52666664 0.25989583 0.48083332 0.25260416 0.49666667 0.25833333 0.5316667 0.26041666 0.55833334 0.2546875 0.5833333
