4 0.0052083335 0.0 0.046875 0.035 0.07395833 0.038333334 0.096875 0.033333335 0.10729167 0.024166666 0.12083333 0.008333334 0.12291667 0.0 0.091145836 0.0
1 0.5005208 0.0025 0.5005208 0.014166667 0.50208336 0.035 0.49635416 0.04 0.47864583 0.023333333 0.3296875 0.033333335 0.3203125 0.046666667 0.30052084 0.06 0.290625 0.0625 0.29114583 0.036666665 0.29166666 0.0 0.3046875 0.0 0.4984375 0.0 0.5 0.0
18 0.5130208 0.1825 0.525 0.18583333 0.534375 0.205 0.55104166 0.26333332 0.57447916 0.35083333 0.57395834 0.36583334 0.56614584 0.38416666 0.5359375 0.39916667 0.51770836 0.41166666 0.50677085 0.415 0.49114582 0.43 0.42864582 0.485 0.40208334 0.505 0.39427084 0.5058333 0.3828125 0.505 0.3765625 0.49416667 0.35520834 0.42583334 0.328125 0.32833335 0.3296875 0.3175 0.33333334 0.3 0.33854166 0.29916668 0.3734375 0.27666667 0.44166666 0.22833334 0.45 0.22416666 0.46770832 0.22 0.5026042 0.18583333
2 0.22864583 0.42583334 0.31666666 0.6816667 0.3109375 0.6875 0.13489583 0.8308333 0.0875 0.8625 0.084375 0.8425 0.065104164 0.78 0.0578125 0.74333334 0.046354167 0.7125 0.0046875 0.6 0.22604166 0.42416668
13 0.18125 0.4525 0.21145834 0.3575 0.21770833 0.35416666 0.35833332 0.455 0.365625 0.45916668 0.37708333 0.495 0.38333333 0.5058333 0.39947918 0.50666666 0.40677083 0.5025 0.40572917 0.5233333 0.3734375 0.62416667 0.35104167 0.6975 0.3421875 0.7008333 0.33385417 0.7008333 0.31614584 0.68583333 0.31666666 0.6816667 0.23645833 0.44583333 0.22864583 0.42416668 0.17916666 0.45833334
16 0.684375 0.48416665 0.6411458 0.7575 0.47239584 0.68333334 0.39427084 0.655 0.3859375 0.6525 0.39895833 0.5966667 0.4078125 0.50083333 0.41354167 0.5 0.50572914 0.415 0.5203125 0.42416668 0.54375 0.43583333 0.6791667 0.47166666 0.6859375 0.47833332
3 0.87916666 0.39916667 0.9322917 0.42416668 0.91822916 0.43083334 0.915625 0.50333333 0.9067708 0.51416665 0.9046875 0.52 0.91197914 0.54583335 0.9109375 0.565 0.90729165 0.58916664 0.909375 0.6533333 0.89635414 0.65416664 0.8125 0.63 0.78125 0.6125 0.77552086 0.6116667 0.7682292 0.5883333 0.76979166 0.5758333 0.8119792 0.58916664 0.8625 0.6066667 0.8625 0.59833336 0.8765625 0.41083333
9 0.9057292 0.20916666 0.8828125 0.375 0.87708336 0.40833333 0.8625 0.6041667 0.7453125 0.5675 0.6848958 0.5391667 0.690625 0.48083332 0.7109375 0.375 0.71875 0.3475 0.77135414 0.24583334 0.7875 0.21333334 0.7953125 0.20416667 0.84947914 0.20083334 0.89270836 0.20833333
8 0.8890625 0.2 0.88385415 0.18416667 0.8541667 0.16583334 0.80677086 0.14833333 0.77760416 0.12916666 0.7317708 0.105 0.6953125 0.086666666 0.68072915 0.100833334 0.65 0.27166668 0.6546875 0.29416665 0.67760414 0.30416667 0.7291667 0.32916668 0.78489584 0.21583334 0.7963542 0.20166667 0.859375 0.20166667 0.8911458 0.20666666
15 0.21041666 0.0 0.225 0.0175 0.2375 0.0175 0.2375 0.021666666 0.24166666 0.025833333 0.24635416 0.033333335 0.253125 0.029166667 0.25520834 0.02 0.25 0.013333334 0.24635416 0.0 0.2328125 0.0
