3 0.31822917 0.8475 0.33645833 0.8175 0.37604168 0.72583336 0.40104166 0.6816667 0.40572917 0.6741667 0.41458333 0.6716667 0.42083332 0.67583334 0.48802084 0.7658333 0.47395834 0.755 0.43229166 0.72 0.42552084 0.7175 0.41614583 0.71666664 0.40989584 0.72083336 0.40208334 0.7325 0.38541666 0.7733333 0.38541666 0.7825 0.41041666 0.8883333 0.43020833 0.95166665 0.41145834 0.9825 0.4015625 1.0 0.378125 1.0 0.375 0.985 0.3515625 0.95666665 0.34583333 0.9458333 0.3484375 0.93 0.3484375 0.92583334 0.34375 0.9225 0.3390625 0.9225 0.3171875 0.925 0.303125 0.925 0.2953125 0.9175 0.29166666 0.9033333 0.29583332 0.88666666 0.3109375 0.86083335
3 0.25625 0.64 0.2515625 0.64916664 0.2515625 0.66583335 0.25364584 0.7125 0.25677082 0.7266667 0.26041666 0.73583335 0.26197916 0.74666667 0.26041666 0.7558333 0.2578125 0.7683333 0.26197916 0.805 0.26041666 0.825 0.26041666 0.8383333 0.26197916 0.8441667 0.26822916 0.85083336 0.27395833 0.8491667 0.28645834 0.8433333 0.29583332 0.8433333 0.31927082 0.845 0.33645833 0.8175 0.3765625 0.72583336 0.40572917 0.6741667 0.41354167 0.67083335 0.41666666 0.6725 0.41875 0.6508333 0.4203125 0.6141667 0.41770834 0.60583335 0.40989584 0.5991667 0.3484375 0.595 0.33229166 0.5966667 0.2828125 0.6125 0.27447918 0.615 0.26770833 0.62166667 0.26510417 0.62583333
3 0.41927084 0.50916666 0.3984375 0.52166665 0.39114583 0.5275 0.34583333 0.545 0.33072916 0.555 0.31666666 0.56583333 0.30572918 0.57166666 0.30260417 0.57666665 0.29947916 0.6066667 0.33125 0.5966667 0.34635416 0.595 0.409375 0.5991667 0.41822916 0.60583335 0.42083332 0.61333334 0.4203125 0.62666667 0.425 0.625 0.44375 0.6066667 0.4484375 0.5975 0.42708334 0.5875 0.41666666 0.5833333 0.41510418 0.5708333 0.421875 0.56166667 0.4265625 0.55333334 0.4296875 0.54583335 0.42916667 0.5316667 0.4234375 0.50916666
3 0.48802084 0.55 0.484375 0.55 0.45260417 0.5933333 0.44375 0.60583335 0.4265625 0.62416667 0.41927084 0.62583333 0.41979167 0.63416666 0.41875 0.6483333 0.41614583 0.6725 0.42083332 0.67583334 0.47760418 0.75 0.48854166 0.76666665 0.49947917 0.7758333 0.50572914 0.7841667 0.55677086 0.735 0.5619792 0.72083336 0.5619792 0.7083333 0.5552083 0.69 0.5375 0.64916664 0.52239585 0.62416667 0.50416666 0.6075 0.49270833 0.59583336 0.49270833 0.59 0.49947917 0.5675 0.496875 0.55333334 0.49166667 0.55
3 0.753125 0.41416666 0.74583334 0.41416666 0.7390625 0.42583334 0.7348958 0.45416668 0.7359375 0.46916667 0.74791664 0.4875 0.7630208 0.50166667 0.78333336 0.48916668 0.8171875 0.49 0.8510417 0.50166667 0.8890625 0.5258333 0.89270836 0.5 0.8901042 0.49166667 0.8541667 0.45333335 0.846875 0.44833332 0.81458336 0.43083334 0.80677086 0.42916667 0.80052084 0.4375 0.7838542 0.43 0.7760417 0.42833334 0.76354164 0.42166665 0.7578125 0.4175
3 0.74375 0.4975 0.7296875 0.5058333 0.7171875 0.52 0.70625 0.5416667 0.6901042 0.55083334 0.6828125 0.55916667 0.6828125 0.5725 0.69114584 0.585 0.70677084 0.61 0.71302086 0.655 0.72239584 0.715 0.72760415 0.7183333 0.7953125 0.68583333 0.8234375 0.66583335 0.80052084 0.66583335 0.79791665 0.6566667 0.7973958 0.64916664 0.81354165 0.62666667 0.82395834 0.60583335 0.82708335 0.6 0.8255208 0.565 0.80677086 0.555 0.79375 0.5466667 0.775 0.5466667 0.7671875 0.54083335 0.7625 0.53833336 0.7572917 0.5258333 0.75677085 0.52 0.75677085 0.5083333 0.7625 0.50083333 0.74895835 0.48916668
3 0.7348958 0.47833332 0.72864586 0.48583335 0.7270833 0.49666667 0.7270833 0.50666666 0.73020834 0.50416666 0.74375 0.49833333 0.7484375 0.49 0.73802084 0.4725
3 0.871875 0.59 0.825 0.56416667 0.828125 0.6025 0.85260415 0.6091667 0.8776042 0.6125 0.88958335 0.6191667 0.89166665 0.6125 0.8802083 0.5991667
3 0.79270834 0.695 0.8208333 0.7191667 0.8296875 0.7191667 0.8390625 0.7058333 0.8515625 0.6741667 0.82447916 0.665 0.7963542 0.68416667 0.7838542 0.69166666
3 0.4265625 0.7175 0.41614583 0.7175 0.41041666 0.72083336 0.403125 0.7316667 0.38489583 0.77416664 0.38541666 0.78333336 0.41041666 0.8875 0.4375 0.975 0.44479167 0.9691667 0.45989582 0.9575 0.46614584 0.95916665 0.46510416 0.9725 0.4640625 0.9916667 0.46666667 1.0 0.471875 1.0 0.47916666 0.98583335 0.53125 0.9058333 0.55 0.8375 0.5541667 0.81916666 0.5473958 0.81416667 0.53020835 0.80333334 0.515625 0.795 0.49947917 0.7758333 0.43229166 0.7191667
