15 0.44114584 0.38916665 0.41354167 0.375 0.40833333 0.37416667 0.403125 0.37583333 0.39791667 0.38083333 0.396875 0.385 0.390625 0.38333333 0.38541666 0.3775 0.38541666 0.38083333 0.38125 0.38416666 0.38020834 0.38916665 0.38125 0.3925 0.38697916 0.395 0.3875 0.40333334 0.39166668 0.40333334 0.39322916 0.40833333 0.396875 0.41583332 0.40520832 0.42166665 0.46041667 0.455 0.46875 0.40583333
15 0.41510418 0.45916668 0.36875 0.44416666 0.3625 0.445 0.35729167 0.44916666 0.35520834 0.45666668 0.35520834 0.46083334 0.35104167 0.45833334 0.34947917 0.45333335 0.34375 0.44833332 0.340625 0.44833332 0.33958334 0.465 0.34479168 0.465 0.346875 0.46583334 0.34791666 0.47083333 0.35104167 0.47083333 0.35104167 0.4775 0.35416666 0.48666668 0.35729167 0.49083334 0.36197916 0.49416667 0.4484375 0.5233333 0.45572916 0.4875 0.4578125 0.47333333
15 0.409375 0.605 0.35104167 0.595 0.34166667 0.5941667 0.34010416 0.59583336 0.3359375 0.6025 0.33489582 0.60583335 0.33177084 0.6075 0.32864583 0.60833335 0.32083333 0.6041667 0.31979167 0.615 0.32083333 0.62583333 0.32291666 0.62583333 0.32916668 0.62083334 0.3296875 0.625 0.33020833 0.6275 0.3328125 0.62583333 0.33385417 0.63166666 0.33697918 0.63916665 0.3421875 0.6433333 0.40625 0.6566667 0.42083332 0.66 0.42135417 0.65166664 0.43020833 0.61
15 0.49270833 0.56583333 0.4828125 0.615 0.47291666 0.6725 0.46979168 0.7033333 0.4703125 0.7125 0.471875 0.72083336 0.4703125 0.73083335 0.47135416 0.73583335 0.47239584 0.7366667 0.46927083 0.745 0.47291666 0.74916667 0.47447917 0.74916667 0.48020834 0.74916667 0.48072916 0.7441667 0.48072916 0.7375 0.48229167 0.73583335 0.48333332 0.73333335 0.49166667 0.7291667 0.4953125 0.725 0.49739584 0.7191667 0.5072917 0.675 0.52708334 0.56083333 0.5286458 0.55333334 0.54791665 0.45083332 0.5520833 0.42833334 0.55364585 0.41166666 0.5541667 0.40583333 0.55364585 0.3975 0.5484375 0.38166666 0.54791665 0.37333333 0.55052084 0.36333334 0.54791665 0.35833332 0.54583335 0.35833332 0.54322916 0.3575 0.5421875 0.36083335 0.5395833 0.36166668 0.5395833 0.37 0.5375 0.3725 0.53489584 0.37416667 0.53541666 0.37833333 0.534375 0.38083333 0.53020835 0.385 0.52708334 0.38916665 0.52239585 0.40916666 0.5083333 0.48166665
15 0.48541668 0.5366667 0.49739584 0.54083335 0.50677085 0.49083334 0.49010417 0.48333332 0.48125 0.5316667 0.48020834 0.5341667
15 0.47864583 0.62083334 0.4640625 0.6166667 0.4515625 0.6666667 0.4734375 0.67 0.47760418 0.6475 0.48229167 0.62083334
15 0.5140625 0.6791667 0.54010415 0.6825 0.54479164 0.6816667 0.5473958 0.68083334 0.55 0.6791667 0.5520833 0.6766667 0.55260414 0.6716667 0.55572915 0.67083335 0.5572917 0.6666667 0.55833334 0.66583335 0.56145835 0.6666667 0.56614584 0.67083335 0.5677083 0.6625 0.5677083 0.6525 0.56145835 0.6525 0.56041664 0.6525 0.55885416 0.65 0.5546875 0.6458333 0.5515625 0.63916665 0.54375 0.6325 0.5359375 0.6308333 0.5151042 0.62916666 0.50625 0.6775
15 0.5338542 0.5525 0.5442708 0.5541667 0.5520833 0.5541667 0.55677086 0.5541667 0.559375 0.5516667 0.5609375 0.5441667 0.56354165 0.545 0.56666666 0.5441667 0.56666666 0.5491667 0.56875 0.54833335 0.5734375 0.54583335 0.57395834 0.54333335 0.57395834 0.54 0.57604164 0.5375 0.57604164 0.535 0.56822914 0.53 0.5671875 0.525 0.5651042 0.52166665 0.5625 0.5225 0.5609375 0.5133333 0.5552083 0.5083333 0.53802085 0.50166667 0.52916664 0.55083334
15 0.5046875 0.42333335 0.5182292 0.43083334 0.5125 0.46083334 0.509375 0.47833332 0.4921875 0.47 0.5005208 0.42166665
15 0.56458336 0.45333335 0.59270835 0.4675 0.60052085 0.47166666 0.603125 0.47333333 0.60625 0.48 0.609375 0.485 0.6098958 0.49333334 0.61354166 0.49583334 0.61354166 0.4975 0.61614585 0.5 0.6223958 0.50166667 0.621875 0.50416666 0.6203125 0.50666666 0.6203125 0.5108333 0.6197917 0.515 0.6177083 0.51916665 0.61354166 0.51166666 0.6109375 0.51166666 0.60572916 0.51166666 0.6020833 0.515 0.5984375 0.5175 0.590625 0.5158333 0.58229166 0.51416665 0.5395833 0.49333334 0.54895836 0.445
15 0.4609375 0.45166665 0.45572916 0.4875 0.43177083 0.6016667 0.42135417 0.65166664 0.42083332 0.66 0.42083332 0.67 0.421875 0.675 0.42395833 0.68 0.425 0.685 0.425 0.69 0.4265625 0.69416666 0.42083332 0.7025 0.42447916 0.7075 0.428125 0.70916665 0.42916667 0.7083333 0.43020833 0.6975 0.43489584 0.6983333 0.43541667 0.68916667 0.43854168 0.68916667 0.44479167 0.68416667 0.44947916 0.675 0.465625 0.61083335 0.47552082 0.5625 0.490625 0.48 0.50677085 0.38583332 0.50989586 0.36 0.5083333 0.34833333 0.5046875 0.34 0.5052083 0.33083335 0.5026042 0.3275 0.50364584 0.31416667 0.49791667 0.31416667 0.496875 0.32666665 0.49270833 0.3275 0.49270833 0.33583334 0.49010417 0.33666667 0.484375 0.34166667 0.48020834 0.35 0.46770832 0.41
