15 0.640625 0.5275 0.71666664 0.62833333 0.76875 0.7 0.78541666 0.7216667 0.79479164 0.72583336 0.80104166 0.72333336 0.8052083 0.7241667 0.8072917 0.7341667 0.8130208 0.7325 0.81614584 0.7216667 0.8119792 0.715 0.8109375 0.7075 0.80885416 0.7058333 0.80885416 0.69166666 0.8041667 0.6816667 0.7578125 0.615 0.6536458 0.475 0.6421875 0.4675 0.63489586 0.4675 0.62604165 0.46416667 0.61822915 0.46083334 0.61510414 0.47333333 0.62083334 0.47666666 0.62135416 0.485 0.62395835 0.485 0.625 0.50666666 0.6322917 0.51666665
15 0.53229165 0.55083334 0.5854167 0.7316667 0.60572916 0.8016667 0.61041665 0.80833334 0.6177083 0.80916667 0.61822915 0.815 0.62135416 0.815 0.6244792 0.83 0.6322917 0.8258333 0.63645834 0.81916666 0.63125 0.81 0.63125 0.8016667 0.6375 0.79083335 0.6328125 0.7633333 0.5786458 0.58 0.55052084 0.49166667 0.53802085 0.47416666 0.5338542 0.4775 0.5307292 0.47166666 0.53229165 0.46083334 0.51979166 0.46416667 0.5171875 0.46833333 0.52239585 0.47916666 0.5203125 0.48583335 0.52239585 0.49 0.51875 0.49416667 0.51927084 0.5108333
15 0.45 0.88666666 0.4671875 0.89 0.6041667 0.91083336 0.6390625 0.9116667 0.64635414 0.90416664 0.65260416 0.9008333 0.6625 0.9008333 0.66041666 0.87916666 0.6479167 0.87833333 0.64479166 0.86333334 0.6244792 0.855 0.50885415 0.83916664 0.434375 0.8308333 0.4265625 0.83916664 0.42447916 0.845 0.41822916 0.8466667 0.41770834 0.8491667 0.4078125 0.8491667 0.40677083 0.865 0.4140625 0.8625 0.41770834 0.8691667 0.421875 0.8691667 0.428125 0.8833333
15 0.62135416 0.20333333 0.68645835 0.35333332 0.7135417 0.4125 0.7260417 0.42416668 0.7317708 0.425 0.7359375 0.43 0.7395833 0.44083333 0.74583334 0.44 0.7453125 0.425 0.746875 0.4175 0.7453125 0.40833333 0.746875 0.39333335 0.7015625 0.28666666 0.6276042 0.125 0.615625 0.12166667 0.6125 0.11333334 0.609375 0.115 0.6078125 0.1025 0.59739584 0.1125 0.60260415 0.1225 0.60364586 0.13083333 0.60260415 0.145 0.6067708 0.1675
15 0.309375 0.31916666 0.38177082 0.35666665 0.45052084 0.38833332 0.47864583 0.40166667 0.48697916 0.40666667 0.496875 0.39916667 0.503125 0.39916667 0.5125 0.40416667 0.51458335 0.3775 0.50625 0.3775 0.5026042 0.37083334 0.49791667 0.35666665 0.46354166 0.3375 0.3296875 0.275 0.29427084 0.25833333 0.2875 0.27166668 0.2828125 0.26916668 0.28229168 0.27416667 0.27239582 0.27 0.27083334 0.28666666 0.27864584 0.28416666 0.28072917 0.29416665 0.28229168 0.29416665 0.2875 0.31083333 0.29427084 0.31333333
15 0.36770833 0.47666666 0.4078125 0.5708333 0.4484375 0.6675 0.46666667 0.7075 0.47864583 0.7133333 0.48020834 0.7108333 0.48645833 0.7175 0.490625 0.7266667 0.49895832 0.7183333 0.49270833 0.71 0.49166667 0.6975 0.4953125 0.68333334 0.46666667 0.61333334 0.42708334 0.5208333 0.37447917 0.40166667 0.3703125 0.39666668 0.36354166 0.39583334 0.35833332 0.39083335 0.359375 0.37583333 0.35 0.38166666 0.34635416 0.39166668 0.35104167 0.39416668 0.34947917 0.40333334 0.35104167 0.40416667 0.34791666 0.4175 0.35104167 0.43166667
15 0.32552084 0.57666665 0.3421875 0.7808333 0.34427083 0.8233333 0.35104167 0.8441667 0.35625 0.85 0.359375 0.8566667 0.3609375 0.86083335 0.36302084 0.8725 0.3703125 0.87416667 0.37291667 0.8675 0.36927083 0.86083335 0.371875 0.8466667 0.3796875 0.835 0.37864584 0.79 0.37447917 0.7608333 0.353125 0.51666665 0.35052082 0.49833333 0.34114584 0.49416667 0.33802083 0.48583335 0.3390625 0.47166666 0.3296875 0.47666666 0.33229166 0.48333332 0.3265625 0.49333334 0.3296875 0.49416667 0.321875 0.5075 0.32083333 0.5275
15 0.21979167 0.39666668 0.23697917 0.49166667 0.25729167 0.62833333 0.26302084 0.64416665 0.271875 0.6483333 0.27239582 0.65416664 0.27447918 0.6566667 0.27395833 0.6691667 0.28020832 0.67083335 0.2859375 0.6641667 0.28229168 0.6575 0.2875 0.6508333 0.28333333 0.64416665 0.290625 0.6275 0.29114583 0.61333334 0.27604166 0.5083333 0.265625 0.44666666 0.25 0.36416668 0.23854166 0.3075 0.228125 0.29166666 0.21979167 0.28583333 0.2171875 0.27333334 0.209375 0.27833334 0.2125 0.28583333 0.21041666 0.2975 0.21145834 0.29916668 0.20625 0.31333333 0.21041666 0.35166666
15 0.108333334 0.49583334 0.18697916 0.6666667 0.20989583 0.70916665 0.22239584 0.735 0.23125 0.74 0.240625 0.7366667 0.24114583 0.7425 0.24375 0.7425 0.24739583 0.75333333 0.25416666 0.75166667 0.25677082 0.7425 0.25260416 0.7366667 0.253125 0.7275 0.25104168 0.72333336 0.253125 0.70916665 0.2515625 0.69916666 0.19166666 0.57916665 0.121875 0.43666667 0.11510417 0.4325 0.10885417 0.4325 0.1046875 0.43083334 0.09739583 0.42 0.08802083 0.43083334 0.096354164 0.43833333 0.09791667 0.44416666 0.094791666 0.46166667 0.09739583 0.47416666
15 0.82135415 0.365 0.84583336 0.62083334 0.8484375 0.6483333 0.85625 0.6641667 0.8619792 0.6725 0.86302084 0.68083334 0.86822915 0.6816667 0.86927086 0.69666666 0.8776042 0.69416666 0.8776042 0.68916667 0.8765625 0.6791667 0.8776042 0.67083335 0.88177085 0.6566667 0.88177085 0.5975 0.86302084 0.415 0.85572916 0.3525 0.8432292 0.335 0.83958334 0.32666665 0.8359375 0.32416666 0.834375 0.31166667 0.828125 0.31416667 0.828125 0.325 0.825 0.335
