14 0.15 0.4975 0.15208334 0.58666664 0.15208334 0.6025 0.14895834 0.6175 0.14791666 0.62916666 0.15104167 0.6458333 0.16927083 0.6425 0.1890625 0.6458333 0.18229167 0.5925 0.19270833 0.5833333 0.21614583 0.5858333 0.2078125 0.445 0.1765625 0.46833333 0.16614583 0.49083334 0.15416667 0.50083333
14 0.21979167 0.5858333 0.19322917 0.5833333 0.18229167 0.5925 0.19322917 0.67 0.19791667 0.7008333 0.21614583 0.6983333 0.23125 0.6816667 0.24270834 0.6766667 0.3671875 0.6433333 0.41197917 0.6333333 0.4171875 0.6325 0.428125 0.6425 0.43333334 0.6408333 0.43385416 0.6325 0.42239583 0.5516667 0.4265625 0.54583335 0.42604166 0.535 0.41979167 0.5233333 0.41666666 0.5258333 0.40364584 0.5425 0.33958334 0.5575 0.23541667 0.5858333
14 0.22239584 0.43833333 0.21979167 0.445 0.21979167 0.46583334 0.221875 0.4875 0.22395833 0.52416664 0.22395833 0.5858333 0.2359375 0.5858333 0.28072917 0.5733333 0.28020832 0.48916668 0.28177083 0.48166665 0.2859375 0.45583335 0.28385416 0.455 0.27135417 0.46916667 0.2375 0.45333335 0.22552083 0.435
14 0.225 0.69083333 0.22395833 0.74 0.22708334 0.7866667 0.23125 0.80916667 0.23229167 0.78333336 0.23645833 0.7825 0.23854166 0.7866667 0.26458332 0.80583334 0.271875 0.8125 0.2765625 0.81416667 0.28229168 0.81916666 0.2875 0.79833335 0.28177083 0.76916665 0.27760416 0.74916667 0.28020832 0.6666667 0.24270834 0.6766667 0.23125 0.6825 0.23020834 0.68416667
14 0.26510417 0.40333334 0.271875 0.42583334 0.28802082 0.46 0.30625 0.505 0.31458333 0.5258333 0.315625 0.5341667 0.31458333 0.5466667 0.31510416 0.55333334 0.3234375 0.555 0.328125 0.55333334 0.33541667 0.5441667 0.34322917 0.5375 0.35416666 0.5325 0.359375 0.5233333 0.3828125 0.49416667 0.37708333 0.48166665 0.36145833 0.46166667 0.35572916 0.45583335 0.31770834 0.36333334 0.2671875 0.40083334
14 0.1296875 0.24916667 0.12864584 0.26583335 0.13072917 0.285 0.13697916 0.29916668 0.140625 0.32666665 0.14375 0.37916666 0.15104167 0.38083333 0.16510417 0.37666667 0.2015625 0.34666666 0.2 0.29916668 0.2046875 0.27833334 0.19322917 0.26583335 0.18697916 0.25083333 0.165625 0.26166666 0.13958333 0.25333333 0.13489583 0.24916667
14 0.18385416 0.24166666 0.2 0.2275 0.24010417 0.18333334 0.24635416 0.17583333 0.2484375 0.17583333 0.25833333 0.2025 0.284375 0.2825 0.240625 0.31416667 0.23125 0.32166666 0.2171875 0.28833333 0.2046875 0.27833334 0.19375 0.26583335 0.18697916 0.25083333
14 0.32239583 0.36 0.328125 0.37083334 0.33333334 0.37583333 0.36145833 0.45333335 0.36302084 0.46333334 0.37708333 0.48166665 0.38177082 0.4925 0.40572917 0.54 0.41614583 0.5258333 0.41979167 0.5233333 0.42604166 0.535 0.42604166 0.54583335 0.42239583 0.5516667 0.43385416 0.6325 0.43333334 0.6408333 0.44166666 0.6616667 0.44375 0.6575 0.4859375 0.6066667 0.50104165 0.5925 0.49791667 0.5758333 0.49322918 0.56333333 0.48177084 0.5625 0.44114584 0.46333334 0.428125 0.44083333 0.41354167 0.41833332 0.39322916 0.40083334 0.38958332 0.395 0.39479166 0.3825 0.40208334 0.38416666 0.40572917 0.3725 0.38177082 0.31333333 0.3765625 0.2825 0.37083334 0.27083334 0.36875 0.26583335 0.3625 0.27333334 0.38072917 0.3375 0.36979166 0.34583333 0.36354166 0.34583333 0.34947917 0.3525 0.33541667 0.35083333
14 0.4390625 0.3075 0.41458333 0.36 0.40260416 0.38416666 0.39479166 0.3825 0.38958332 0.395 0.39270833 0.40083334 0.41354167 0.41833332 0.490625 0.5175 0.53489584 0.57416666 0.55260414 0.60083336 0.5546875 0.61833334 0.5651042 0.62833333 0.5703125 0.6308333 0.5755208 0.6166667 0.60729164 0.5541667 0.61302084 0.545 0.596875 0.55333334 0.5765625 0.5125 0.49791667 0.41333333 0.44375 0.32833335 0.44270834 0.32166666 0.4421875 0.3125
14 0.325 0.20666666 0.33697918 0.2275 0.34947917 0.225 0.3671875 0.26333332 0.41875 0.35 0.4390625 0.3075 0.4421875 0.3125 0.44375 0.32833335 0.49791667 0.4125 0.51666665 0.43666667 0.5234375 0.4025 0.521875 0.38833332 0.51979166 0.38583332 0.51770836 0.3875 0.5046875 0.37166667 0.44791666 0.26916668 0.39635417 0.16166666 0.39010417 0.13833334 0.37708333 0.12083333 0.3546875 0.16333333 0.3328125 0.19583334 0.32760417 0.20083334
14 0.45416668 0.27666667 0.45885417 0.27416667 0.47239584 0.25666666 0.49322918 0.23666666 0.5052083 0.22166666 0.515625 0.22333333 0.51875 0.23 0.51875 0.235 0.5630208 0.33416668 0.6140625 0.45083332 0.6276042 0.47333333 0.6276042 0.48083332 0.63697916 0.48083332 0.6453125 0.4925 0.64947915 0.5058333 0.6265625 0.5325 0.61145836 0.5441667 0.5963542 0.55333334 0.5755208 0.5083333 0.5239583 0.395 0.521875 0.38833332 0.5203125 0.38666666 0.47135416 0.28833333 0.4640625 0.29083332 0.45833334 0.28416666
14 0.56041664 0.11666667 0.55364585 0.12583333 0.5328125 0.19 0.52447915 0.21833333 0.5385417 0.23083334 0.54791665 0.23083334 0.553125 0.22916667 0.63854164 0.30666667 0.66041666 0.25333333 0.6770833 0.2675 0.6822917 0.28333333 0.73802084 0.34333333 0.74322915 0.32916668 0.75364584 0.2975 0.7546875 0.2925 0.74895835 0.28583333 0.7375 0.28416666 0.7270833 0.27416667 0.5807292 0.14666666 0.571875 0.12666667 0.5651042 0.11416667
14 0.6223958 0.35166666 0.63958335 0.30333334 0.66041666 0.25333333 0.6770833 0.26666668 0.6822917 0.28333333 0.7552083 0.36083335 0.84010416 0.44 0.85729164 0.44083333 0.8640625 0.44083333 0.86302084 0.45 0.84270835 0.50083333 0.82916665 0.5325 0.8203125 0.5475 0.81875 0.5466667 0.8171875 0.5308333 0.81458336 0.5183333 0.8052083 0.51166666 0.796875 0.5 0.75364584 0.4575 0.65416664 0.3675 0.63854164 0.3725 0.6234375 0.35666665
14 0.69947916 0.41 0.6203125 0.415 0.61302084 0.4175 0.5963542 0.41083333 0.61302084 0.44833332 0.6276042 0.47333333 0.628125 0.48166665 0.63697916 0.48083332 0.6453125 0.49333334 0.64635414 0.495 0.7291667 0.49 0.7703125 0.48583335 0.7807292 0.485 0.75416666 0.45833334 0.69947916 0.41
14 0.61145836 0.63 0.6067708 0.6166667 0.6041667 0.61 0.6010417 0.61 0.59739584 0.61833334 0.58229166 0.6625 0.571875 0.68583333 0.565625 0.7108333 0.5651042 0.7158333 0.571875 0.7216667 0.57708335 0.7183333 0.5859375 0.71666664 0.6171875 0.7375 0.7703125 0.8308333 0.7786458 0.83416665 0.77916664 0.82916665 0.7760417 0.8233333 0.77239585 0.81916666 0.7729167 0.8125 0.778125 0.80083334 0.78697914 0.78583336 0.80104166 0.7683333 0.8046875 0.7633333 0.809375 0.74833333 0.790625 0.7425 0.7682292 0.7366667 0.6197917 0.64 0.609375 0.635
14 0.73854166 0.55333334 0.80572915 0.5625 0.8130208 0.56916666 0.81666666 0.58 0.81666666 0.5875 0.7447917 0.5933333 0.74322915 0.5675
14 0.7416667 0.5933333 0.7338542 0.57916665 0.72760415 0.5758333 0.72239584 0.57666665 0.7239583 0.62333333 0.7265625 0.68083334 0.72864586 0.69666666 0.73854166 0.69083333 0.740625 0.6816667 0.7515625 0.68083334 0.91510415 0.66583335 0.9265625 0.6716667 0.9322917 0.67833334 0.96510416 0.6766667 0.9609375 0.56083333 0.9427083 0.55833334 0.934375 0.56416667 0.9125 0.57916665 0.86875 0.5825 0.8171875 0.5875
14 0.7494792 0.6816667 0.75 0.725 0.76770836 0.7366667 0.79010415 0.7425 0.809375 0.74833333 0.8078125 0.67583334
14 0.75416666 0.82416666 0.75364584 0.87083334 0.75364584 0.88 0.75 0.8858333 0.746875 0.8933333 0.7473958 0.89666665 0.7671875 0.89 0.7765625 0.885 0.7984375 0.885 0.803125 0.9 0.80572915 0.9066667 0.8098958 0.89916664 0.8125 0.88416666 0.8125 0.85833335 0.809375 0.74833333 0.80833334 0.75083333 0.8046875 0.7633333 0.78697914 0.78583336 0.778125 0.80083334 0.7729167 0.8125 0.77239585 0.82 0.7760417 0.8233333 0.77916664 0.83 0.7786458 0.83416665 0.7703125 0.8308333 0.75416666 0.8208333
14 0.871875 0.675 0.87083334 0.79083335 0.8697917 0.80333334 0.86614585 0.81166667 0.8677083 0.81666666 0.87395835 0.82166666 0.9447917 0.82416666 0.9390625 0.7975 0.9328125 0.785 0.9296875 0.67583334 0.92552084 0.6716667 0.91510415 0.66583335 0.8703125 0.67
14 0.9348958 0.45666668 0.93072915 0.45416668 0.91822916 0.45083332 0.8828125 0.45666668 0.86302084 0.4625 0.859375 0.475 0.8609375 0.48 0.8703125 0.48166665 0.8671875 0.5466667 0.86875 0.5825 0.9125 0.57916665 0.928125 0.5683333 0.92552084 0.49583334 0.9302083 0.4825 0.93385416 0.46333334
14 0.13697916 0.37583333 0.12916666 0.38166666 0.121875 0.3875 0.134375 0.44083333 0.1453125 0.48166665 0.15416667 0.50083333 0.16666667 0.49083334 0.1765625 0.46833333 0.33541667 0.35083333 0.34947917 0.3525 0.36354166 0.34666666 0.36979166 0.34666666 0.38072917 0.3375 0.34895834 0.225 0.33697918 0.2275 0.32864583 0.2525 0.309375 0.265 0.24114583 0.31416667 0.16510417 0.37666667 0.15104167 0.38083333 0.1421875 0.37916666
