6 0.15104167 0.47583333 0.134375 0.5183333 0.12604167 0.5375 0.10989583 0.52166665 0.079166666 0.5541667 0.055729166 0.5875 0.07604167 0.61333334 0.098958336 0.65166664 0.1140625 0.7133333 0.13072917 0.7758333 0.13854167 0.7708333 0.2140625 0.695 0.23541667 0.6775 0.22864583 0.6625 0.17552084 0.5325 0.15520833 0.48
6 0.008854167 0.86583334 0.0 0.8925 0.0 1.0 0.1609375 1.0 0.1765625 0.9058333 0.14635417 0.8975 0.052604165 0.8875 0.030208332 0.8666667
6 0.128125 0.7725 0.1125 0.80083334 0.084375 0.83416665 0.07760417 0.85083336 0.10625 0.89416665 0.12083333 0.895 0.13854167 0.89666665 0.14791666 0.8975 0.1765625 0.9066667 0.16614583 0.97 0.17447917 0.95416665 0.18854167 0.9241667 0.21666667 0.87333333 0.2421875 0.8275 0.2625 0.81083333 0.27135417 0.7916667 0.21197917 0.6983333 0.20364584 0.705 0.140625 0.7683333 0.13177083 0.7758333
6 0.30625 0.5416667 0.2984375 0.5491667 0.26302084 0.6 0.25260416 0.6041667 0.21614583 0.63166666 0.23489584 0.6766667 0.23177083 0.68083334 0.2125 0.69666666 0.21875 0.70916665 0.26354167 0.77916664 0.303125 0.73583335 0.34322917 0.70916665 0.35885417 0.69916666 0.36822918 0.68833333 0.33125 0.58666664 0.31614584 0.5541667 0.30885416 0.545
6 0.8723958 0.80083334 0.7984375 0.85583335 0.7390625 0.8833333 0.76770836 1.0 0.84739584 1.0 0.8578125 0.9916667 0.88177085 0.99 0.9135417 0.9766667 0.91614586 0.9633333 0.89739585 0.87666667 0.87708336 0.81166667 0.87604165 0.79833335
6 0.42239583 0.68583333 0.40364584 0.705 0.38385418 0.7583333 0.36979166 0.7808333 0.35520834 0.7625 0.33697918 0.81166667 0.36041668 0.835 0.41145834 0.87083334 0.44270834 0.9058333 0.46770832 0.93583333 0.47083333 0.9266667 0.5151042 0.7708333 0.5109375 0.76666665 0.4890625 0.75333333 0.45677084 0.72833335 0.44322917 0.7133333
6 0.3984375 0.49166667 0.36770833 0.56166667 0.35 0.5783333 0.33541667 0.59583336 0.36875 0.68916667 0.35885417 0.6983333 0.33229166 0.7158333 0.34427083 0.74333334 0.35729167 0.76416665 0.36927083 0.78 0.38229167 0.76166666 0.403125 0.705 0.42291668 0.685 0.45572916 0.65416664 0.46927083 0.63916665 0.4796875 0.6191667 0.4640625 0.5933333 0.43854168 0.5566667 0.42447916 0.54083335 0.41458333 0.52416664 0.40208334 0.49416667
6 0.20520833 0.29833335 0.18958333 0.36916667 0.18802084 0.40833333 0.17552084 0.42666668 0.16510417 0.44083333 0.16822916 0.4525 0.18541667 0.46416667 0.29166666 0.55916667 0.3 0.5466667 0.30729166 0.5416667 0.31197917 0.54083335 0.3109375 0.5325 0.29479167 0.5208333 0.2609375 0.50416666 0.27239582 0.48583335 0.27864584 0.45666668 0.28125 0.42583334 0.29322916 0.3675 0.27552083 0.35333332 0.21927084 0.30333334 0.20885417 0.3
6 0.16302083 0.12 0.15729167 0.14166667 0.15104167 0.1925 0.14583333 0.2275 0.14895834 0.245 0.13958333 0.28583333 0.2015625 0.295 0.26302084 0.31333333 0.29270834 0.32416666 0.29479167 0.30583334 0.296875 0.28083333 0.296875 0.25333333 0.2890625 0.2275 0.2828125 0.20166667 0.27708334 0.145 0.2140625 0.14 0.19895834 0.13 0.1703125 0.1175
6 0.42447916 0.0925 0.40677083 0.09583333 0.37708333 0.11 0.34114584 0.119166665 0.29166666 0.12 0.284375 0.12166667 0.27395833 0.1275 0.27708334 0.14416666 0.28177083 0.1975 0.2859375 0.21916667 0.29739583 0.25333333 0.2984375 0.2825 0.30208334 0.28916666 0.31197917 0.28416666 0.34114584 0.2775 0.34739584 0.245 0.36145833 0.25166667 0.37760416 0.26666668 0.39739582 0.265 0.41770834 0.265 0.42916667 0.265 0.44375 0.26166666 0.4375 0.22416666 0.42708334 0.09833334
6 0.3 0.34083334 0.28802082 0.3925 0.28020832 0.42666668 0.27864584 0.45666668 0.27239582 0.4875 0.2609375 0.50416666 0.27447918 0.51166666 0.29739583 0.52166665 0.32239583 0.54083335 0.35260418 0.57416666 0.36822918 0.5625 0.3984375 0.49166667 0.40364584 0.49583334 0.41510418 0.5258333 0.43958333 0.45166665 0.43489584 0.44666666 0.42395833 0.43666667 0.38385418 0.41166666 0.31822917 0.35666665 0.30572918 0.345
6 0.346875 0.2475 0.33958334 0.28083333 0.33489582 0.30166668 0.3234375 0.35916665 0.3625 0.39416668 0.38489583 0.4125 0.42395833 0.43583333 0.43958333 0.45166665 0.4359375 0.465 0.46458334 0.47416666 0.46458334 0.4625 0.459375 0.46 0.4421875 0.43083334 0.47916666 0.37333333 0.48697916 0.30333334 0.46666667 0.29416665 0.40625 0.29083332 0.37916666 0.26833335 0.36145833 0.25166667 0.3484375 0.245
6 0.51145834 0.31583333 0.46302083 0.4 0.4421875 0.43083334 0.45833334 0.4575 0.48802084 0.49083334 0.5442708 0.5941667 0.55833334 0.5783333 0.58697915 0.53333336 0.58229166 0.52 0.5921875 0.5075 0.61145836 0.4975 0.621875 0.475 0.5963542 0.4425 0.53697914 0.40333334 0.5104167 0.3875 0.5151042 0.36166668 0.5208333 0.3575 0.5260417 0.33083335 0.5234375 0.32666665 0.5151042 0.3175
6 0.6567708 0.22916667 0.6015625 0.19916667 0.56458336 0.17583333 0.54322916 0.27083334 0.5208333 0.35666665 0.515625 0.36083335 0.50989586 0.3875 0.51979166 0.3925 0.60833335 0.44916666 0.6125 0.43833333 0.6177083 0.40166667 0.63177085 0.3325 0.6536458 0.255 0.6588542 0.2325
6 0.7015625 0.40666667 0.6901042 0.41833332 0.64947915 0.46833333 0.6119792 0.495 0.5932292 0.50666666 0.58229166 0.52 0.60520834 0.5825 0.62604165 0.67083335 0.7375 0.5708333 0.74791664 0.56416667 0.7546875 0.5541667 0.71510416 0.44333333 0.70625 0.415
6 0.80364585 0.50083333 0.7973958 0.51916665 0.7916667 0.5575 0.7473958 0.695 0.74114585 0.7175 0.840625 0.79083335 0.84791666 0.7558333 0.8755208 0.6383333 0.8989583 0.5725 0.88958335 0.56083333 0.8130208 0.505
6 0.75572914 0.175 0.746875 0.18 0.72239584 0.19416666 0.68854165 0.2025 0.678125 0.205 0.66041666 0.21416667 0.6302083 0.21333334 0.65729165 0.22916667 0.6588542 0.23333333 0.6510417 0.26416665 0.6302083 0.34 0.6265625 0.3575 0.63125 0.38666666 0.7083333 0.355 0.77916664 0.34166667 0.7796875 0.33 0.7609375 0.205 0.7578125 0.18333334
6 0.7390625 0.071666665 0.7369792 0.185 0.75572914 0.175 0.7578125 0.18333334 0.76145834 0.21 0.765625 0.23666666 0.82447916 0.23083334 0.84947914 0.2325 0.88125 0.23666666 0.8822917 0.15583333 0.88125 0.0625 0.8666667 0.065 0.82604164 0.08083333 0.79322916 0.075833336 0.76770836 0.07333333 0.75572914 0.068333335
6 0.52916664 0.05 0.43854168 0.12583333 0.4421875 0.1375 0.4515625 0.16 0.48489583 0.22833334 0.509375 0.31833333 0.51197916 0.31583333 0.51666665 0.31916666 0.5265625 0.33 0.53020835 0.31833333 0.5416667 0.27833334 0.5651042 0.175 0.5697917 0.17666666 0.5494792 0.13666667 0.54479164 0.11083333 0.5375 0.06333333 0.5328125 0.05
6 0.046354167 0.27333334 0.0171875 0.33583334 0.0010416667 0.39 0.0 0.43166667 0.030208332 0.44666666 0.0828125 0.49 0.12552084 0.53833336 0.134375 0.51916665 0.16458334 0.44416666 0.18489583 0.38 0.16145833 0.36916667 0.115625 0.33083335 0.055729166 0.27416667 0.050520834 0.27166668
