17 0.24114583 0.45583335 0.30833334 0.465 0.32604167 0.47083333 0.33177084 0.49583334 0.34427083 0.54833335 0.3546875 0.585 0.36822918 0.6141667 0.36510417 0.65833336 0.35572916 0.74666667 0.36041668 0.7633333 0.36302084 0.7916667 0.353125 0.81083333 0.32864583 0.81 0.27395833 0.81166667 0.22864583 0.8066667 0.2171875 0.79083335 0.21979167 0.66833335 0.22708334 0.5283333 0.22864583 0.5258333 0.23072916 0.5233333 0.22708334 0.52166665 0.22760417 0.47416666 0.2359375 0.46166667
17 0.46145833 0.6225 0.47135416 0.63666666 0.4703125 0.6575 0.46458334 0.6675 0.45364583 0.66833335 0.446875 0.665 0.44270834 0.665 0.43489584 0.6691667 0.43072918 0.68333334 0.4328125 0.7058333 0.43645832 0.7291667 0.43333334 0.755 0.41510418 0.815 0.4109375 0.8208333 0.4015625 0.82416666 0.39739582 0.8233333 0.36302084 0.79083335 0.3609375 0.76416665 0.35625 0.74916667 0.36875 0.62333333 0.37395832 0.66333336 0.37916666 0.6716667 0.38958332 0.6775 0.40572917 0.6625 0.425 0.64416665 0.4390625 0.64 0.45885417 0.62416667
17 0.3484375 0.43583333 0.40416667 0.39833334 0.46145833 0.36583334 0.48697916 0.35 0.4890625 0.35583332 0.49166667 0.35583332 0.49114582 0.3475 0.5104167 0.33833334 0.5260417 0.34833333 0.5286458 0.3625 0.54114586 0.41916665 0.54479164 0.45083332 0.56041664 0.5341667 0.56041664 0.5516667 0.5578125 0.56666666 0.5515625 0.5808333 0.53697914 0.58916664 0.534375 0.585 0.5328125 0.5875 0.5317708 0.59166664 0.48645833 0.6116667 0.4609375 0.6225 0.43958333 0.64 0.42604166 0.64416665 0.41770834 0.6508333 0.38958332 0.6775 0.37916666 0.6716667 0.37395832 0.66333336 0.36875 0.6225 0.36822918 0.6141667 0.3546875 0.585 0.3421875 0.53833336 0.32552084 0.46833333 0.33125 0.44916666 0.33489582 0.445
17 0.25260416 0.1825 0.24791667 0.255 0.24010417 0.30416667 0.24791667 0.3225 0.26458332 0.32666665 0.26666668 0.32083333 0.26875 0.32333332 0.26875 0.33 0.3 0.335 0.30260417 0.32666665 0.30677083 0.31583333 0.315625 0.31833333 0.32708332 0.3275 0.34010416 0.34166667 0.37083334 0.365 0.40625 0.38333333 0.41354167 0.38416666 0.42083332 0.38166666 0.42760417 0.37416667 0.43020833 0.3675 0.43802083 0.32666665 0.44322917 0.30916667 0.4578125 0.215 0.46197918 0.17416666 0.46041667 0.15916666 0.45364583 0.14333333 0.39270833 0.125 0.353125 0.108333334 0.35208333 0.108333334 0.31302083 0.1275 0.27291667 0.15833333 0.25260416 0.1725
17 0.525 0.27833334 0.6354167 0.20583333 0.63645834 0.20833333 0.640625 0.2125 0.640625 0.20333333 0.6692708 0.18666667 0.6822917 0.19166666 0.69739586 0.265 0.70729166 0.31666666 0.71197915 0.3475 0.696875 0.34333333 0.66510415 0.34583333 0.6432292 0.33666667 0.603125 0.32666665 0.5890625 0.32583332 0.5828125 0.33333334 0.5729167 0.34666666 0.5729167 0.40583333 0.57395834 0.41833332 0.5734375 0.41916665 0.5395833 0.40916666 0.5260417 0.34833333 0.51197916 0.33916667 0.5161458 0.31833333
17 0.57447916 0.42666668 0.571875 0.4725 0.56822914 0.5491667 0.5729167 0.565 0.5786458 0.57 0.5864583 0.57166666 0.53489584 0.6116667 0.50572914 0.6375 0.47760418 0.63166666 0.46979168 0.62666667 0.46614584 0.62 0.48697916 0.6116667 0.53229165 0.59166664 0.5338542 0.585 0.53697914 0.58916664 0.5515625 0.5808333 0.5578125 0.5675 0.5609375 0.5525 0.5598958 0.5325 0.5442708 0.44833332 0.54010415 0.40916666 0.57395834 0.42
17 0.5807292 0.8525 0.6223958 0.81166667 0.6296875 0.8 0.68177086 0.7575 0.70885414 0.7158333 0.7104167 0.69083333 0.69635415 0.6591667 0.6734375 0.62916666 0.640625 0.6 0.6453125 0.5825 0.58697915 0.5725 0.5385417 0.60833335 0.49427083 0.6475 0.49322918 0.6525 0.49010417 0.65416664 0.4890625 0.64916664 0.47447917 0.66083336 0.46979168 0.6766667 0.471875 0.6958333 0.49583334 0.7658333 0.51875 0.82166666 0.5385417 0.8725 0.55 0.88 0.55833334 0.8725
17 0.7213542 0.7 0.7765625 0.80083334 0.7786458 0.8066667 0.7786458 0.81333333 0.78333336 0.81333333 0.7921875 0.8333333 0.79114586 0.8566667 0.7859375 0.87166667 0.70677084 0.96166664 0.68385416 0.97 0.6578125 0.96 0.63072914 0.90833336 0.60260415 0.83166665 0.6234375 0.81 0.6302083 0.7991667 0.6791667 0.75916666 0.70885414 0.7158333 0.7109375 0.69 0.69427085 0.655 0.6723958 0.62833333 0.64375 0.6016667 0.6578125 0.5925 0.67395836 0.59833336 0.68072915 0.6075 0.6947917 0.64666665
17 0.78333336 0.585 0.8255208 0.5908333 0.828125 0.5908333 0.8359375 0.6125 0.83385414 0.62916666 0.8307292 0.63666666 0.81822914 0.65 0.81458336 0.6566667 0.8151042 0.68416667 0.821875 0.6875 0.83177084 0.69666666 0.84010416 0.775 0.84583336 0.855 0.8421875 0.86 0.84583336 0.86333334 0.84791666 0.90166664 0.83489585 0.91833335 0.75677085 0.9066667 0.7572917 0.905 0.7859375 0.8725 0.7916667 0.85583335 0.7921875 0.83166665 0.784375 0.81416667 0.77916664 0.81416667 0.77916664 0.8066667 0.74010414 0.7325 0.7161458 0.69 0.703125 0.6625 0.69375 0.64416665 0.68072915 0.60583335 0.68125 0.59166664 0.6859375 0.5858333 0.7395833 0.5933333 0.74114585 0.5875 0.74427086 0.58666664 0.7453125 0.5925 0.77447915 0.5908333 0.7807292 0.58416665
17 0.8796875 0.20833333 0.9036458 0.21333334 0.92395836 0.22666667 0.96770835 0.24083333 0.98125 0.25916666 0.98072916 0.26833335 0.98125 0.29583332 0.97864586 0.29583332 0.98229164 0.30166668 0.98125 0.345 0.9640625 0.40833333 0.95416665 0.41666666 0.9447917 0.48416665 0.93541664 0.55083334 0.92552084 0.55916667 0.92083335 0.55833334 0.85052085 0.535 0.7895833 0.51 0.78802085 0.44416666 0.80833334 0.36166668 0.8130208 0.31166667 0.82239586 0.25083333 0.8229167 0.23666666 0.8265625 0.23583333 0.8208333 0.23 0.8208333 0.22416666 0.8567708 0.21083333
17 0.71666664 0.34666666 0.7395833 0.34833333 0.740625 0.35333332 0.74322915 0.35333332 0.746875 0.34916666 0.7739583 0.35083333 0.78229165 0.36166668 0.7864583 0.37166667 0.78802085 0.45833334 0.790625 0.56083333 0.7859375 0.5775 0.7807292 0.5833333 0.775 0.59166664 0.7453125 0.59166664 0.74427086 0.58666664 0.740625 0.5875 0.7390625 0.5933333 0.6869792 0.585 0.6453125 0.5825 0.58489585 0.57166666 0.5776042 0.57 0.5734375 0.56333333 0.5677083 0.55 0.57395834 0.44833332 0.57447916 0.41583332 0.5729167 0.4075 0.5734375 0.34583333 0.5890625 0.325 0.6078125 0.3275 0.6411458 0.335 0.6635417 0.34583333 0.69739586 0.34166667 0.7109375 0.3475
17 0.6791667 0.58666664 0.6770833 0.6016667 0.6770833 0.6025 0.6744792 0.5991667 0.6588542 0.59166664 0.64270836 0.6016667 0.6411458 0.60083336 0.6453125 0.58166665 0.6791667 0.585
17 0.14479166 0.60333335 0.18697916 0.56583333 0.22708334 0.5341667 0.2234375 0.59166664 0.21822916 0.7183333 0.21666667 0.7891667 0.2234375 0.7991667 0.22864583 0.8066667 0.265625 0.81166667 0.33020833 0.81 0.3265625 0.8175 0.3140625 0.83416665 0.21302083 0.8833333 0.20677084 0.88666666 0.19322917 0.87916666 0.1765625 0.8125 0.16770834 0.7341667 0.16927083 0.72 0.17395833 0.71416664 0.17291667 0.70166665 0.14114584 0.65833336 0.13385417 0.6358333 0.13697916 0.62166667
