6 0.25208333 0.24 0.23125 0.21583334 0.221875 0.23583333 0.196875 0.31583333 0.17239584 0.35416666 0.19010417 0.3625 0.1875 0.38083333 0.16979167 0.445 0.21197917 0.50416666 0.2265625 0.5233333 0.2390625 0.5025 0.24166666 0.48166665 0.24635416 0.4675 0.25833333 0.445 0.2328125 0.41166666 0.21458334 0.3975 0.20260416 0.39 0.19322917 0.37583333 0.19322917 0.3675 0.20260416 0.34333333 0.22291666 0.29916668
6 0.25885418 0.22583333 0.28125 0.2575 0.33385417 0.3275 0.38072917 0.37583333 0.38489583 0.3825 0.346875 0.46 0.3140625 0.5158333 0.3109375 0.5233333 0.30833334 0.5225 0.29270834 0.4975 0.25572917 0.4425 0.23333333 0.41166666 0.21666667 0.39833334 0.20208333 0.38916665 0.19270833 0.37583333 0.19322917 0.36666667 0.203125 0.3425 0.22447917 0.29666665
6 0.36041668 0.35166666 0.37708333 0.35583332 0.42135417 0.37583333 0.38958332 0.415 0.3859375 0.41833332 0.37708333 0.4325 0.40052083 0.47083333 0.39791667 0.48833334 0.39895833 0.505 0.3953125 0.5825 0.39322916 0.6041667 0.3921875 0.6166667 0.284375 0.5808333 0.27864584 0.57916665 0.28125 0.5575 0.28541666 0.54083335 0.28958333 0.5208333 0.29270834 0.4975 0.30833334 0.5225 0.31145832 0.5233333 0.3140625 0.5158333 0.346875 0.46 0.38489583 0.38333333 0.38072917 0.37583333 0.36041668 0.355 0.35625 0.35083333
6 0.453125 0.3325 0.47604167 0.2825 0.4875 0.26583335 0.5151042 0.31666666 0.5317708 0.33833334 0.54791665 0.36083335 0.56822914 0.39166668 0.55364585 0.41666666 0.5026042 0.48166665 0.471875 0.5475 0.46510416 0.56 0.459375 0.56666666 0.43020833 0.52 0.39791667 0.46666667 0.3765625 0.4325 0.3859375 0.4175 0.39010417 0.41416666 0.41458333 0.38416666 0.4234375 0.37416667 0.44270834 0.35583332 0.44427082 0.35583332
6 0.5005208 0.49166667 0.521875 0.49083334 0.5234375 0.5083333 0.521875 0.5316667 0.5229167 0.58666664 0.5229167 0.61583334 0.52708334 0.6358333 0.52760416 0.63916665 0.52552086 0.65 0.52239585 0.66333336 0.5171875 0.6775 0.50625 0.69166666 0.4953125 0.71 0.48229167 0.73833334 0.478125 0.7391667 0.47552082 0.73833334 0.471875 0.73833334 0.46510416 0.73833334 0.459375 0.7391667 0.45520833 0.73833334 0.43125 0.73333335 0.42083332 0.73083335 0.41979167 0.7275 0.42135417 0.72333336 0.42395833 0.725 0.425 0.6566667 0.42447916 0.6191667 0.421875 0.6091667 0.41510418 0.56666666 0.41041666 0.5233333 0.40989584 0.5058333 0.4171875 0.5058333 0.42083332 0.505 0.43854168 0.53333336 0.4484375 0.54833335 0.45885417 0.56583333 0.46458334 0.56083333 0.47239584 0.5466667 0.49739584 0.49333334
6 0.63177085 0.5416667 0.6140625 0.51416665 0.60572916 0.52416664 0.59791666 0.5391667 0.5390625 0.645 0.515625 0.68 0.50625 0.69083333 0.5109375 0.7 0.534375 0.7325 0.5520833 0.76166666 0.57916665 0.8208333 0.59166664 0.8041667 0.60572916 0.7725 0.6322917 0.7216667 0.67083335 0.67333335 0.603125 0.6175
6 0.6588542 0.39833334 0.68645835 0.42083332 0.7046875 0.42916667 0.72239584 0.47916666 0.74010414 0.4625 0.7572917 0.47833332 0.7578125 0.49333334 0.73541665 0.5566667 0.71770835 0.6191667 0.7104167 0.66333336 0.70885414 0.67833334 0.7 0.6958333 0.66302085 0.6666667 0.60260415 0.6166667 0.6302083 0.545 0.64479166 0.49666667 0.65052086 0.44916666 0.65625 0.4125
6 0.6359375 0.27333334 0.72864586 0.17583333 0.74114585 0.19916667 0.74114585 0.20916666 0.76770836 0.285 0.78229165 0.31583333 0.7984375 0.35166666 0.8041667 0.365 0.8130208 0.37166667 0.79791665 0.38083333 0.7817708 0.39833334 0.76875 0.42583334 0.7390625 0.46333334 0.72239584 0.47916666 0.6901042 0.39 0.6635417 0.33333334 0.63385415 0.27666667
6 0.8130208 0.40666667 0.871875 0.445 0.884375 0.45333335 0.8828125 0.46083334 0.871875 0.495 0.85520834 0.55 0.83125 0.6483333 0.82395834 0.68833333 0.7729167 0.645 0.7375 0.61 0.7234375 0.60333335 0.72864586 0.595 0.75208336 0.5366667 0.7546875 0.525 0.7729167 0.41666666 0.7817708 0.39916667 0.79010415 0.38916665
6 0.08229167 0.31666666 0.16927083 0.35333332 0.190625 0.3625 0.18802084 0.38 0.171875 0.43916667 0.16927083 0.44666666 0.16822916 0.47833332 0.1625 0.5083333 0.1546875 0.5858333 0.15 0.605 0.096875 0.5783333 0.042708334 0.5525 0.042708334 0.5475 0.060416665 0.46833333 0.07239583 0.4275 0.07604167 0.42 0.07447917 0.39916667 0.078125 0.33333334
