9 0.058333334 0.6041667 0.033854168 0.6775 0.0072916667 0.7633333 0.0046875 0.77 0.015625 0.78 0.13958333 0.8491667 0.18177083 0.87166667 0.18385416 0.86333334 0.19947916 0.77416664 0.2125 0.71666664 0.19427083 0.6666667 0.221875 0.6408333 0.23333333 0.6308333 0.24479167 0.58166665 0.2421875 0.5775 0.24427083 0.57416666 0.246875 0.575 0.2578125 0.5283333 0.25625 0.505 0.2125 0.48416665 0.20885417 0.4775 0.10364583 0.41333333 0.10104167 0.415 0.09375 0.445 0.0859375 0.48416665 0.0890625 0.48833334 0.088541664 0.49333334 0.0859375 0.49333334 0.0734375 0.5308333 0.0609375 0.59
9 0.378125 0.2775 0.409375 0.31916666 0.43385416 0.35416666 0.44895834 0.38333333 0.46510416 0.40416667 0.4875 0.425 0.503125 0.4525 0.5005208 0.47166666 0.45208332 0.53583336 0.43854168 0.55083334 0.42552084 0.51666665 0.40729168 0.47 0.39895833 0.46 0.39427084 0.46083334 0.38333333 0.46916667 0.36302084 0.48916668 0.31458333 0.545 0.30104166 0.56083333 0.275 0.5966667 0.26041666 0.605 0.25885418 0.59166664 0.24635416 0.57666665 0.25729167 0.5316667 0.25677082 0.505 0.25104168 0.50333333 0.28072917 0.45416668 0.3265625 0.37416667 0.34270832 0.3475 0.35 0.33 0.353125 0.33 0.35416666 0.32666665 0.35364583 0.32083333 0.37604168 0.2775
9 0.29322916 0.36583334 0.34010416 0.345 0.34375 0.3425 0.34947917 0.33 0.35260418 0.32916668 0.35416666 0.32583332 0.35364583 0.32 0.35833332 0.3125 0.35 0.26333332 0.390625 0.24083333 0.39375 0.24416667 0.39635417 0.24333334 0.3953125 0.2375 0.43385416 0.21666667 0.4609375 0.20416667 0.4609375 0.19166666 0.4515625 0.13 0.4375 0.043333333 0.41927084 0.04916667 0.37916666 0.068333335 0.36822918 0.07083333 0.3125 0.0925 0.28333333 0.105 0.2578125 0.111666664 0.25572917 0.1175 0.253125 0.1175 0.2515625 0.115 0.21510416 0.12166667 0.21510416 0.12583333 0.21614583 0.135 0.22708334 0.21083333 0.2359375 0.2825 0.2421875 0.32583332 0.25208333 0.3875 0.28854167 0.36666667 0.2890625 0.35916665 0.29166666 0.36083335
9 0.69895834 0.4325 0.7234375 0.42416668 0.7572917 0.40083334 0.77708334 0.38833332 0.8307292 0.34583333 0.86302084 0.31916666 0.865625 0.32416666 0.8890625 0.41666666 0.8890625 0.43583333 0.90260416 0.49583334 0.9203125 0.57666665 0.83802086 0.62083334 0.775 0.6625 0.7604167 0.67083335 0.7572917 0.66583335 0.7552083 0.6675 0.75572914 0.6741667 0.7515625 0.68333334 0.721875 0.7058333 0.70104164 0.6358333 0.67604166 0.53833336 0.66041666 0.47416666 0.659375 0.45416668 0.69322914 0.43583333 0.6953125 0.43916667 0.6979167 0.43666667
9 0.6588542 0.5625 0.6890625 0.645 0.70729166 0.695 0.728125 0.74833333 0.728125 0.75166667 0.70729166 0.7675 0.66822916 0.7991667 0.625 0.8275 0.58125 0.865 0.55885416 0.88166666 0.5541667 0.88166666 0.5552083 0.88666666 0.51979166 0.9225 0.5161458 0.92 0.496875 0.865 0.49427083 0.8425 0.4875 0.82416666 0.5083333 0.7916667 0.521875 0.74083334 0.5625 0.6075 0.5677083 0.6016667 0.56354165 0.5941667 0.603125 0.57666665 0.65052086 0.56083333
9 0.50625 0.46833333 0.53125 0.5133333 0.54375 0.5425 0.54895836 0.5516667 0.56041664 0.58666664 0.56666666 0.6025 0.5630208 0.6066667 0.525 0.7291667 0.5078125 0.7941667 0.47604167 0.83916664 0.45833334 0.8641667 0.43229166 0.89916664 0.42604166 0.905 0.41979167 0.895 0.37552083 0.8041667 0.34947917 0.75333333 0.31354168 0.69916666 0.31302083 0.69083333 0.3390625 0.6616667 0.37916666 0.61833334 0.415625 0.5758333 0.44427082 0.5441667 0.45520833 0.53 0.47708333 0.50416666 0.5052083 0.46666667
9 0.46458334 0.36 0.5078125 0.35 0.5390625 0.34 0.5828125 0.32 0.6109375 0.30166668 0.61302084 0.30583334 0.615625 0.2975 0.65 0.28 0.6645833 0.39 0.67291665 0.445 0.659375 0.45083332 0.66041666 0.4725 0.6796875 0.5541667 0.65833336 0.56166667 0.6515625 0.56083333 0.6067708 0.575 0.56354165 0.5941667 0.5484375 0.55083334 0.53125 0.51416665 0.5052083 0.465 0.503125 0.45333335 0.4875 0.42416668 0.4640625 0.40333334 0.44739583 0.38083333 0.4421875 0.36833334
9 0.47395834 0.20083334 0.4984375 0.18916667 0.52447915 0.1675 0.55625 0.15166667 0.5703125 0.14416666 0.5854167 0.225 0.59739584 0.2925 0.5984375 0.30916667 0.57604164 0.32333332 0.5395833 0.34 0.5052083 0.35 0.4609375 0.36083335 0.4421875 0.36916667 0.42916667 0.3475 0.378125 0.27666667 0.37604168 0.27833334 0.35833332 0.31166667 0.35104167 0.265 0.35 0.26416665 0.390625 0.24166666 0.39427084 0.24416667 0.3953125 0.24416667 0.39583334 0.2375 0.43385416 0.2175 0.46145833 0.20416667
9 0.21822916 0.725 0.24270834 0.7733333 0.24270834 0.7758333 0.25677082 0.8066667 0.28229168 0.80083334 0.30416667 0.7916667 0.34947917 0.7525 0.3140625 0.7 0.31302083 0.68916667 0.34114584 0.6591667 0.38385418 0.6125 0.43854168 0.55 0.425 0.5158333 0.4109375 0.48 0.40729168 0.47083333 0.39947918 0.46083334 0.39375 0.46166667 0.3796875 0.47333333 0.3296875 0.5275 0.30052084 0.56166667 0.27604166 0.59583336 0.25729167 0.6075 0.24010417 0.6225 0.240625 0.62833333 0.23958333 0.6325 0.23645833 0.62583333 0.23229167 0.6325 0.2125 0.6483333 0.19375 0.6666667 0.2140625 0.72
9 0.22291666 0.81916666 0.225 0.8641667 0.22916667 0.93083334 0.24322917 1.0 0.48854166 1.0 0.47760418 0.91 0.46979168 0.84833336 0.43229166 0.89916664 0.42604166 0.90416664 0.41822916 0.8925 0.36354166 0.77916664 0.34895834 0.75333333 0.30364582 0.7916667 0.29166666 0.7975 0.28072917 0.8016667 0.24635416 0.81083333 0.2265625 0.815
