2 0.37083334 0.5175 0.38333333 0.5083333 0.37552083 0.5308333 0.37083334 0.5175
2 0.446875 0.50666666 0.453125 0.49666667 0.4578125 0.49166667 0.47708333 0.5158333 0.49635416 0.54583335 0.50885415 0.56666666 0.490625 0.5491667 0.446875 0.5075
2 0.42083332 0.48166665 0.42291668 0.48166665 0.4359375 0.46916667 0.46458334 0.4475 0.48958334 0.43 0.52239585 0.40583333 0.534375 0.3975 0.5385417 0.40666667 0.5546875 0.46083334 0.5703125 0.51916665 0.59010416 0.59 0.60833335 0.6616667 0.60052085 0.6558333 0.5625 0.6191667 0.521875 0.58 0.50885415 0.56666666 0.49739584 0.5466667 0.47916666 0.5183333 0.4578125 0.49166667 0.453125 0.49666667 0.446875 0.50666666 0.43645832 0.4975 0.43385416 0.49916667 0.43229166 0.49333334 0.4203125 0.4825
2 0.4 0.7866667 0.42604166 0.82916665 0.45625 0.8775 0.47552082 0.9066667 0.47916666 0.9066667 0.47916666 0.91083336 0.5 0.93916667 0.50572914 0.94666666 0.5307292 0.9091667 0.5484375 0.88 0.5734375 0.8491667 0.58802086 0.825 0.61302084 0.78 0.6296875 0.75166667 0.62291664 0.74333334 0.60572916 0.7183333 0.60260415 0.7175 0.6010417 0.7125 0.59739584 0.70666665 0.5890625 0.7266667 0.55885416 0.8066667 0.5416667 0.8525 0.53020835 0.8808333 0.525 0.89 0.515625 0.8808333 0.5130208 0.88 0.50885415 0.88 0.465625 0.8425 0.4 0.785
2 0.6567708 0.27583334 0.66302085 0.32916668 0.66614586 0.33 0.6640625 0.335 0.66770834 0.36916667 0.69427085 0.31833333 0.703125 0.30166668 0.7234375 0.26916668 0.72760415 0.265 0.7375 0.24833333 0.6947917 0.2625 0.6588542 0.27416667
2 0.65625 0.3875 0.6692708 0.36666667 0.69739586 0.31166667 0.7036458 0.30083334 0.72291666 0.26916668 0.72864586 0.2625 0.7375 0.2475 0.7526042 0.22083333 0.75625 0.2125 0.7609375 0.20833333 0.7671875 0.19416666 0.771875 0.18 0.77447915 0.18 0.77916664 0.1875 0.79270834 0.2075 0.8046875 0.23166667 0.79583335 0.25083333 0.7828125 0.26833335 0.77916664 0.27166668 0.77552086 0.28083333 0.76875 0.29583332 0.7661458 0.30333334 0.7661458 0.31166667 0.76197916 0.32166666 0.76875 0.33416668 0.77239585 0.3425 0.7625 0.35833332 0.7625 0.36083335 0.75989586 0.36 0.734375 0.39333335 0.76770836 0.45833334 0.8125 0.5516667 0.84479165 0.61333334 0.834375 0.6325 0.825 0.6525 0.7994792 0.615 0.7994792 0.60833335 0.796875 0.61 0.7526042 0.5425 0.7104167 0.47583333 0.6692708 0.40916666 0.65989584 0.3925
2 0.6744792 0.42083332 0.69114584 0.54333335 0.6984375 0.6125 0.70625 0.6475 0.7515625 0.63 0.79895836 0.6116667 0.79895836 0.6091667 0.7973958 0.61 0.7296875 0.5058333 0.6828125 0.43166667 0.6744792 0.4175
2 0.8744792 0.12833333 0.87291664 0.12583333 0.865625 0.135 0.853125 0.15416667 0.8432292 0.17 0.83489585 0.18666667 0.82447916 0.20083334 0.8171875 0.21333334 0.80833334 0.2225 0.8046875 0.23166667 0.79583335 0.25083333 0.78229165 0.26916668 0.77916664 0.2725 0.76770836 0.29666665 0.765625 0.30333334 0.7661458 0.3125 0.784375 0.2825 0.7864583 0.2825 0.78697914 0.27833334 0.809375 0.23916666 0.83697915 0.1925 0.86145836 0.1525 0.8744792 0.12916666
2 0.9140625 0.06583333 0.94375 0.11083333 0.9614583 0.14416666 0.978125 0.16666667 0.99791664 0.20166667 1.0 0.205 1.0 0.33666667 0.98854166 0.35333332 0.96770835 0.39083335 0.92291665 0.47083333 0.9114583 0.48916668 0.909375 0.4875 0.90989584 0.49166667 0.8911458 0.5275 0.88489586 0.5375 0.86354166 0.49916667 0.84583336 0.46916667 0.8151042 0.42166665 0.78333336 0.3625 0.7708333 0.33916667 0.76197916 0.32166666 0.7661458 0.3125 0.784375 0.2825 0.78697914 0.28166667 0.78697914 0.27833334 0.80833334 0.24083333 0.8442708 0.18083334 0.8645833 0.1475 0.8776042 0.123333335 0.9046875 0.079166666 0.91197914 0.06666667
2 0.84947914 0.62416667 0.8453125 0.61583334 0.84479165 0.6141667 0.81875 0.56416667 0.8109375 0.54833335 0.78020835 0.485 0.76666665 0.45666668 0.734375 0.39333335 0.75989586 0.36 0.7625 0.36083335 0.7625 0.3575 0.77239585 0.3425 0.79583335 0.38666666 0.81666666 0.42333335 0.8484375 0.47333333 0.87604165 0.52166665 0.8854167 0.5375 0.89739585 0.5158333 0.909375 0.4925 0.90989584 0.4875 0.9114583 0.49 0.9223958 0.47166666 0.94427085 0.4325 0.96770835 0.39166668 0.9895833 0.3525 1.0 0.33666667 1.0 0.40583333 0.99427086 0.41 0.9682292 0.45083332 0.9557292 0.47083333 0.9401042 0.49583334 0.9015625 0.5541667 0.87864584 0.5858333 0.8765625 0.585 0.8765625 0.58916664 0.86145836 0.6091667 0.85052085 0.6225
2 0.8880208 0.575 0.8989583 0.5991667 0.9135417 0.57666665 0.93333334 0.5416667 0.94427085 0.5233333 0.9604167 0.50666666 0.9770833 0.48333332 0.990625 0.465 1.0 0.4525 1.0 0.405 0.99427086 0.41083333 0.96510416 0.45583335 0.9302083 0.51 0.9067708 0.5466667 0.89166665 0.5683333 0.88697916 0.57416666
2 0.61145836 0.6691667 0.6203125 0.6933333 0.61875 0.6983333 0.62083334 0.6983333 0.61822915 0.7058333 0.60260415 0.7175 0.6015625 0.7133333 0.59739584 0.7058333 0.61041665 0.67083335 0.61041665 0.6691667
2 0.39895833 0.46416667 0.37135416 0.54333335 0.35208333 0.5975 0.33541667 0.64166665 0.3171875 0.6933333 0.31354168 0.7075 0.34583333 0.73833334 0.34895834 0.7375 0.34947917 0.7416667 0.39739582 0.7825 0.41145834 0.795 0.46927083 0.84583336 0.47916666 0.8541667 0.50885415 0.87916666 0.5130208 0.88 0.5161458 0.8808333 0.525 0.8908333 0.5296875 0.88166666 0.5421875 0.8525 0.55625 0.81333333 0.56927085 0.7783333 0.59270835 0.7175 0.6078125 0.67833334 0.6125 0.6641667 0.59947914 0.655 0.56875 0.62416667 0.5182292 0.5758333 0.490625 0.5491667 0.43645832 0.4975 0.43385416 0.49916667 0.4328125 0.49333334 0.40104166 0.465
