9 0.0 0.12666667 0.053645834 0.123333335 0.05625 0.14833333 0.0625 0.17 0.065625 0.19333333 0.0640625 0.21 0.0375 0.24833333 0.0 0.30166668
9 0.06875 0.33 0.050520834 0.415 0.040104166 0.4525 0.033333335 0.48333332 0.031770833 0.495 0.030729167 0.51666665 0.0 0.5316667 0.0 0.37333333 0.009375 0.38833332 0.024479168 0.38833332 0.065625 0.33083335
2 0.09947917 0.28333333 0.1484375 0.29 0.18489583 0.28916666 0.20833333 0.2825 0.23802084 0.2775 0.26041666 0.27666667 0.28020832 0.27333334 0.2859375 0.27333334 0.2859375 0.29916668 0.2859375 0.46166667 0.28697917 0.57166666 0.18177083 0.5733333 0.046354167 0.5683333 0.030729167 0.5675 0.0265625 0.5675 0.033333335 0.5158333 0.031770833 0.495 0.0421875 0.45 0.065625 0.35666665 0.0703125 0.32833335 0.075520836 0.32 0.092708334 0.29333332
6 0.114583336 0.5733333 0.121875 0.6508333 0.123958334 0.7 0.1640625 0.6741667 0.20260416 0.6575 0.2375 0.6408333 0.23177083 0.6116667 0.221875 0.575
11 0.080729164 0.58 0.1125 0.5733333 0.116145834 0.5933333 0.12083333 0.6675 0.121875 0.7025 0.12708333 0.6975 0.1703125 0.67333335 0.2296875 0.645 0.23958333 0.6408333 0.22291666 0.5758333 0.28697917 0.575 0.31197917 0.6725 0.32395834 0.7083333 0.32604167 0.7366667 0.2765625 0.7575 0.2078125 0.7916667 0.140625 0.82666665 0.11875 0.8358333 0.11354167 0.7941667 0.1 0.73083335 0.08958333 0.66083336 0.08020833 0.60333335 0.0796875 0.5941667
5 0.40989584 0.29666665 0.4578125 0.46 0.47291666 0.50666666 0.46979168 0.51916665 0.4546875 0.575 0.3328125 0.66333336 0.32395834 0.6691667 0.30989584 0.65 0.30260417 0.63166666 0.2875 0.5733333 0.28697917 0.415 0.28802082 0.3975 0.371875 0.33083335 0.40416667 0.29916668
8 0.58177084 0.2975 0.61822915 0.32083333 0.6859375 0.34666666 0.73020834 0.3675 0.74635416 0.37583333 0.7661458 0.38416666 0.7708333 0.39416668 0.7729167 0.40666667 0.7546875 0.41666666 0.76354164 0.4775 0.74635416 0.57 0.7427083 0.5825 0.725 0.5883333 0.69114584 0.56916666 0.6015625 0.52666664 0.5598958 0.51166666 0.54010415 0.50083333 0.5375 0.48 0.5375 0.4625 0.553125 0.38666666 0.55885416 0.36416668 0.5630208 0.33333334 0.56666666 0.31166667 0.571875 0.30333334
5 0.48645833 0.475 0.46666667 0.535 0.4453125 0.60583335 0.4140625 0.6933333 0.40572917 0.7241667 0.403125 0.7391667 0.42604166 0.75 0.47135416 0.7733333 0.528125 0.8183333 0.57239586 0.86333334 0.590625 0.88416666 0.61145836 0.80333334 0.64427084 0.7241667 0.6635417 0.68083334 0.6791667 0.6333333 0.66041666 0.625 0.63645834 0.60833335 0.5963542 0.5825 0.52916664 0.5175 0.50364584 0.48833334 0.49322918 0.475
14 0.7640625 0.41333333 0.77708334 0.41666666 0.83125 0.415 0.91302085 0.39833334 0.95 0.38333333 0.95416665 0.37583333 0.97291666 0.36833334 0.9770833 0.43916667 0.9713542 0.46916667 0.95729166 0.48583335 0.95416665 0.4775 0.91770834 0.48 0.83125 0.50333333 0.78125 0.51 0.7729167 0.52166665 0.76770836 0.5133333 0.7651042 0.47333333 0.75625 0.41916665
13 0.6828125 0.56916666 0.696875 0.6525 0.7026042 0.6675 0.7817708 0.635 0.8619792 0.59833336 0.89166665 0.58416665 0.8953125 0.5725 0.8932292 0.5541667 0.8822917 0.49416667 0.81614584 0.5083333 0.7828125 0.5125 0.77239585 0.52166665 0.7682292 0.5158333 0.7630208 0.485 0.753125 0.545 0.74583334 0.58166665 0.72552085 0.5908333 0.6890625 0.5708333
13 0.7734375 0.4 0.821875 0.38083333 0.8442708 0.36833334 0.8541667 0.36833334 0.86354166 0.37083334 0.86875 0.37916666 0.8703125 0.3925 0.86927086 0.40583333 0.83177084 0.4125 0.79791665 0.41333333 0.7729167 0.41333333 0.7682292 0.4125 0.77447915 0.40666667
13 0.07760417 0.1025 0.09375 0.07666667 0.111979164 0.06333333 0.12864584 0.059166666 0.15520833 0.065 0.175 0.0725 0.19427083 0.11 0.2046875 0.145 0.20364584 0.19666667 0.196875 0.22416666 0.18854167 0.2475 0.17395833 0.25916666 0.1578125 0.27333334 0.13802083 0.27333334 0.1203125 0.26916668 0.1078125 0.27333334 0.100520834 0.28 0.040104166 0.36416668 0.0265625 0.3825 0.0234375 0.38666666 0.011458334 0.38583332 0.0 0.37 0.0 0.3025 0.0625 0.21583334 0.067708336 0.205 0.06875 0.1875 0.067708336 0.16333333 0.06666667 0.1325 0.0734375 0.11333334
