4 0.63385415 0.42666668 0.6166667 0.4275 0.59583336 0.42 0.5703125 0.41416666 0.546875 0.41166666 0.53020835 0.41 0.49583334 0.40416667 0.46145833 0.40166667 0.41979167 0.39666668 0.41666666 0.5183333 0.43125 0.52166665 0.44635418 0.5341667 0.46510416 0.56083333 0.47291666 0.5875 0.47447917 0.61 0.47447917 0.6358333 0.4640625 0.67833334 0.4640625 0.68833333 0.48125 0.69083333 0.48385417 0.68583333 0.484375 0.69166666 0.525 0.695 0.55833334 0.7025 0.6 0.71166664 0.62864584 0.7183333 0.6770833 0.7275 0.6822917 0.60583335 0.68333334 0.55 0.68072915 0.52666664 0.68645835 0.50083333 0.68958336 0.48 0.6880208 0.47 0.6734375 0.455 0.659375 0.43666667 0.65208334 0.4275 0.6421875 0.42583334
1 0.5359375 0.71166664 0.546875 0.71666664 0.5734375 0.7416667 0.5984375 0.76916665 0.62395835 0.8016667 0.62916666 0.7925 0.6359375 0.76 0.6333333 0.7391667 0.6401042 0.72083336 0.59583336 0.7108333 0.55 0.7 0.53333336 0.69666666 0.5265625 0.70666665 0.528125 0.7158333 0.5328125 0.71666664
1 0.7005208 0.49583334 0.703125 0.50333333 0.70520836 0.5208333 0.6953125 0.5125 0.6859375 0.50416666 0.68072915 0.52666664 0.6828125 0.5491667 0.6828125 0.58916664 0.68958336 0.5725 0.690625 0.56666666 0.6927083 0.56583333 0.70416665 0.5366667 0.71302086 0.525 0.71197915 0.515 0.70625 0.50166667 0.7036458 0.5
2 0.6244792 1.0 0.565625 0.93833333 0.56458336 0.93333334 0.56145835 0.935 0.534375 0.90166664 0.5776042 0.8016667 0.59270835 0.76416665 0.60364586 0.77416664 0.62395835 0.8016667 0.62916666 0.7925 0.6359375 0.76 0.6333333 0.7391667 0.6401042 0.72083336 0.6765625 0.7275 0.678125 0.715 0.73072916 0.77 0.7859375 0.82916665 0.81875 0.8641667 0.8390625 0.88416666 0.8265625 0.9175 0.80885416 0.9675 0.7921875 1.0
1 1.0 0.605 0.9739583 0.62583333 0.90208334 0.6641667 0.8911458 0.67 0.8208333 0.69916666 0.80364585 0.69666666 0.790625 0.705 0.8046875 0.78833336 0.81354165 0.85833335 0.8296875 0.87416667 0.85364586 0.855 0.89947915 0.8258333 0.953125 0.7975 1.0 0.77166665
15 0.41822916 0.4075 0.41354167 0.40583333 0.41145834 0.41 0.40572917 0.41 0.4078125 0.41916665 0.40520832 0.4225 0.40520832 0.42666668 0.4 0.43333334 0.39583334 0.44166666 0.39322916 0.46 0.38854167 0.5233333 0.3953125 0.5208333 0.4046875 0.51666665 0.41458333 0.5175 0.41614583 0.5183333 0.41875 0.42916667 0.41822916 0.42083332 0.4171875 0.41666666 0.41927084 0.4125
10 0.3546875 0.38166666 0.3484375 0.39666668 0.346875 0.41333333 0.35 0.44 0.35572916 0.475 0.3609375 0.5125 0.36041668 0.5316667 0.36458334 0.5475 0.37135416 0.5375 0.38385418 0.525 0.3890625 0.5225 0.39270833 0.465 0.39583334 0.44166666 0.4 0.4325 0.40520832 0.42583334 0.40520832 0.42166665 0.4078125 0.41833332 0.40572917 0.41 0.4109375 0.41 0.41354167 0.40583333 0.41822916 0.4075 0.41927084 0.41083333 0.41979167 0.39583334 0.465625 0.40166667 0.49427083 0.40416667 0.5385417 0.41083333 0.55677086 0.4125 0.54895836 0.39916667 0.53541666 0.38583332 0.53333336 0.37583333 0.53489584 0.36916667 0.5453125 0.36 0.5494792 0.34416667 0.55104166 0.325 0.54375 0.31 0.5359375 0.30416667 0.52760416 0.30333334 0.51666665 0.31 0.50625 0.31833333 0.49322918 0.32916668 0.48541668 0.33333334 0.4703125 0.33583334 0.46354166 0.33916667 0.45989582 0.34333333 0.459375 0.3525 0.4515625 0.35583332 0.440625 0.35583332 0.4171875 0.35666665 0.40208334 0.36 0.38802084 0.365 0.3859375 0.37 0.38489583 0.36833334 0.37291667 0.375 0.36145833 0.37916666
15 0.37864584 0.775 0.38177082 0.775 0.38072917 0.7775 0.38125 0.7816667 0.38333333 0.7816667 0.38072917 0.7925 0.38489583 0.7941667 0.39166668 0.795 0.3921875 0.785 0.39114583 0.7825 0.39635417 0.77916664 0.39479166 0.775 0.4015625 0.7658333 0.40364584 0.74916667 0.4046875 0.72 0.39010417 0.715 0.37447917 0.70416665 0.37291667 0.745 0.37291667 0.75916666 0.375 0.77
20 0.17447917 0.22416666 0.178125 0.205 0.1828125 0.19666667 0.19010417 0.19083333 0.27604166 0.24416667 0.32760417 0.28083333 0.33229166 0.2925 0.33333334 0.30666667 0.31614584 0.38333333 0.2953125 0.44833332 0.28125 0.48833334 0.26875 0.5275 0.26197916 0.56666666 0.25989583 0.5925 0.2578125 0.63166666 0.25208333 0.67333335 0.2453125 0.71166664 0.22864583 0.7658333 0.21614583 0.80833334 0.20885417 0.83416665 0.20052083 0.85 0.1640625 0.82916665 0.1265625 0.81416667 0.1125 0.8066667 0.06875 0.77916664 0.061458334 0.765 0.060416665 0.74916667 0.094791666 0.645 0.121875 0.57 0.12708333 0.55083334 0.12864584 0.5308333 0.1234375 0.50333333 0.12291667 0.48333332 0.14479166 0.3775 0.15989584 0.2975 0.171875 0.24083333
4 0.12864584 0.42083332 0.10208333 0.44666666 0.09947917 0.4525 0.0984375 0.46 0.1 0.46833333 0.1171875 0.5108333 0.12083333 0.51416665 0.12552084 0.515 0.1234375 0.5025 0.12291667 0.48416665 0.1375 0.4125
11 0.10520833 0.59833336 0.0953125 0.59583336 0.075 0.595 0.072916664 0.6066667 0.072916664 0.6225 0.0796875 0.65 0.084895834 0.6725 0.110416666 0.60083336
11 0.1265625 0.83 0.13020833 0.8433333 0.13385417 0.8425 0.13229166 0.84833336 0.14635417 0.91333336 0.28958333 0.8175 0.275 0.75333333 0.2703125 0.7525 0.2734375 0.7475 0.25625 0.69 0.25208333 0.6741667 0.2453125 0.7108333 0.2171875 0.80333334 0.20833333 0.8333333 0.20052083 0.8491667 0.16458334 0.82916665 0.12552084 0.81333333 0.122395836 0.8125
4 0.509375 0.8258333 0.46510416 0.69666666 0.4640625 0.68 0.46875 0.66 0.47447917 0.63666666 0.47447917 0.6091667 0.4734375 0.5875 0.46458334 0.56083333 0.44583333 0.5341667 0.43072918 0.52166665 0.41458333 0.5175 0.40364584 0.51666665 0.39375 0.52166665 0.38385418 0.525 0.37135416 0.5375 0.35833332 0.5575 0.34791666 0.5875 0.34479168 0.6166667 0.34739584 0.645 0.35364583 0.67 0.3640625 0.69166666 0.375 0.70416665 0.38958332 0.715 0.40520832 0.72 0.4140625 0.7241667 0.421875 0.735 0.42760417 0.75333333 0.4671875 0.8641667 0.471875 0.87 0.478125 0.8691667 0.50572914 0.845 0.509375 0.8383333 0.5104167 0.8333333
