15 0.65052086 0.70166665 0.734375 0.7825 0.81145835 0.85083336 0.8203125 0.85 0.825 0.8475 0.82916665 0.85 0.83177084 0.84583336 0.83802086 0.85583335 0.84375 0.845 0.8432292 0.83666664 0.83489585 0.83666664 0.83489585 0.83 0.8328125 0.8275 0.8328125 0.8183333 0.828125 0.8075 0.7875 0.7708333 0.784375 0.7683333 0.7203125 0.70666665 0.66510415 0.6533333 0.6510417 0.64 0.640625 0.64 0.63645834 0.6458333 0.634375 0.6425 0.63072914 0.6425 0.62708336 0.6325 0.61927086 0.6458333 0.6223958 0.6508333 0.62604165 0.6533333 0.62604165 0.66 0.6296875 0.6625 0.6296875 0.67333335 0.634375 0.68416667
15 0.48802084 0.87416667 0.61822915 0.8883333 0.65 0.8883333 0.6557292 0.88666666 0.66197914 0.87583333 0.66770834 0.87333333 0.675 0.87666667 0.678125 0.86333334 0.6765625 0.86 0.66979164 0.8591667 0.66822916 0.8541667 0.66302085 0.855 0.66041666 0.8466667 0.653125 0.83916664 0.64479166 0.835 0.5234375 0.8208333 0.46145833 0.8175 0.4484375 0.8208333 0.4421875 0.8333333 0.43958333 0.8308333 0.43489584 0.835 0.42708334 0.83666664 0.42708334 0.8425 0.42760417 0.85 0.43385416 0.8491667 0.43645832 0.8466667 0.43645832 0.8525 0.440625 0.8525 0.44322917 0.86083335 0.4484375 0.8675 0.45208332 0.87083334
15 0.3703125 0.6041667 0.3765625 0.61583334 0.38125 0.61833334 0.446875 0.7025 0.50208336 0.7675 0.51458335 0.78 0.521875 0.7816667 0.525 0.7783333 0.53020835 0.7775 0.5317708 0.78583336 0.53489584 0.78583336 0.54114586 0.78 0.5421875 0.7725 0.53541666 0.7675 0.53697914 0.75916666 0.5338542 0.7558333 0.53489584 0.745 0.48541668 0.6791667 0.39270833 0.56583333 0.3703125 0.5366667 0.36145833 0.5325 0.35416666 0.52916664 0.35364583 0.5208333 0.34947917 0.5233333 0.34114584 0.53333336 0.34166667 0.54 0.34791666 0.5441667 0.34791666 0.54833335 0.34947917 0.5516667 0.34791666 0.56 0.34947917 0.57166666
15 0.47291666 0.42583334 0.5140625 0.5625 0.54322916 0.66333336 0.55052084 0.68833333 0.5598958 0.70166665 0.56614584 0.7033333 0.5671875 0.7083333 0.57135415 0.71 0.5776042 0.7216667 0.5833333 0.7133333 0.58125 0.70416665 0.5776042 0.70166665 0.57916665 0.6725 0.57239586 0.63666666 0.559375 0.5833333 0.5203125 0.44916666 0.5182292 0.44833332 0.5015625 0.39833334 0.48802084 0.385 0.4796875 0.37916666 0.47708333 0.3675 0.46979168 0.37166667 0.47447917 0.38333333 0.471875 0.38916665 0.47395834 0.39333335 0.471875 0.40583333
15 0.6265625 0.5108333 0.7661458 0.5316667 0.77916664 0.53 0.7859375 0.52416664 0.7885417 0.51666665 0.7942708 0.5158333 0.80104166 0.51916665 0.803125 0.5133333 0.803125 0.5075 0.80104166 0.4975 0.7973958 0.50166667 0.790625 0.49583334 0.78229165 0.4825 0.7703125 0.47833332 0.7291667 0.47083333 0.60625 0.4525 0.5833333 0.45166665 0.5755208 0.45833334 0.5729167 0.46416667 0.5671875 0.46416667 0.5671875 0.46916667 0.55833334 0.47083333 0.55833334 0.48 0.56145835 0.48166665 0.5671875 0.48 0.56875 0.48333332 0.571875 0.48583335 0.571875 0.4925 0.58020836 0.5 0.58697915 0.5058333
15 0.5828125 0.27916667 0.62291664 0.29083332 0.7078125 0.3175 0.75208336 0.335 0.7671875 0.33416668 0.77135414 0.33333334 0.77708334 0.32416666 0.784375 0.32833335 0.7895833 0.32416666 0.78802085 0.3175 0.78125 0.31666666 0.78020835 0.30583334 0.778125 0.30583334 0.77239585 0.29333332 0.76770836 0.28583333 0.7161458 0.2625 0.6140625 0.22666667 0.61041665 0.2325 0.584375 0.22416666 0.57239586 0.2225 0.5619792 0.23416667 0.55885416 0.2325 0.5572917 0.23666666 0.5494792 0.23166667 0.546875 0.24333334 0.5546875 0.2475 0.5546875 0.25666666 0.5598958 0.2575 0.56458336 0.26666668 0.571875 0.27416667
15 0.2453125 0.76666665 0.30260417 0.8375 0.36822918 0.9175 0.39166668 0.9458333 0.39739582 0.9508333 0.40625 0.9508333 0.40885416 0.94666666 0.4109375 0.9483333 0.41354167 0.9475 0.41770834 0.95666665 0.42135417 0.9525 0.425 0.94416666 0.42447916 0.94 0.41770834 0.9375 0.41614583 0.9275 0.41510418 0.915 0.41145834 0.905 0.39427084 0.87833333 0.36875 0.8466667 0.284375 0.745 0.26875 0.7266667 0.25208333 0.70916665 0.24479167 0.70666665 0.23958333 0.7083333 0.23541667 0.705 0.2328125 0.7058333 0.22864583 0.69666666 0.22083333 0.7058333 0.21979167 0.7125 0.22760417 0.7158333 0.22552083 0.7225 0.22760417 0.7266667 0.22708334 0.74 0.23229167 0.75083333
15 0.36145833 0.38666666 0.3046875 0.49416667 0.265625 0.57666665 0.26354167 0.5883333 0.26822916 0.59583336 0.26614583 0.6025 0.26770833 0.6066667 0.26041666 0.6116667 0.26770833 0.62416667 0.271875 0.62583333 0.27447918 0.61583334 0.27760416 0.6175 0.27864584 0.6116667 0.28802082 0.6116667 0.29427084 0.60333335 0.35208333 0.48833334 0.40989584 0.37833333 0.42239583 0.35166666 0.4234375 0.34833333 0.42083332 0.34083334 0.4234375 0.33 0.43020833 0.32 0.42604166 0.3125 0.4203125 0.30833334 0.41614583 0.30833334 0.41614583 0.32 0.4125 0.3175 0.4109375 0.3225 0.40677083 0.32 0.4015625 0.32 0.39583334 0.32333332 0.36927083 0.37
15 0.21354167 0.40583333 0.16875 0.5416667 0.15364583 0.6025 0.1484375 0.62416667 0.15052083 0.63916665 0.153125 0.645 0.15104167 0.65 0.153125 0.655 0.15260416 0.6691667 0.15885417 0.6716667 0.1609375 0.66083336 0.16510417 0.6566667 0.16822916 0.6525 0.17864583 0.64666665 0.19375 0.5966667 0.25364584 0.40166667 0.26822916 0.35583332 0.26614583 0.33166668 0.265625 0.32 0.26875 0.30916667 0.2671875 0.30583334 0.26354167 0.3025 0.259375 0.31583333 0.25729167 0.3125 0.25364584 0.31416667 0.25364584 0.31916666 0.24322917 0.32333332 0.234375 0.34166667 0.21875 0.39083335
15 0.903125 0.37666667 0.88385415 0.45833334 0.85052085 0.62 0.8390625 0.68083334 0.84166664 0.69083333 0.84583336 0.6975 0.8442708 0.7033333 0.84791666 0.7058333 0.84375 0.7191667 0.85364586 0.725 0.85572916 0.7216667 0.8541667 0.71 0.8598958 0.7058333 0.8671875 0.7008333 0.87083334 0.695 0.91041666 0.50166667 0.9380208 0.3825 0.93645835 0.37 0.9322917 0.365 0.9328125 0.355 0.9380208 0.35166666 0.9359375 0.345 0.9296875 0.34083334 0.921875 0.34083334 0.92395836 0.35166666 0.91822916 0.35166666 0.91822916 0.35916665 0.9125 0.35833332 0.9078125 0.36083335
