3 0.93333334 0.435 0.9380208 0.44416666 0.9390625 0.45166665 0.93645835 0.46916667 0.925 0.49 0.9036458 0.50916666 0.90052086 0.5475 0.89270836 0.595 0.8859375 0.62583333 0.8958333 0.6425 0.89166665 0.6483333 0.8442708 0.6041667 0.80572915 0.57 0.77135414 0.53583336 0.759375 0.52666664 0.76145834 0.5083333 0.778125 0.46166667 0.7864583 0.43833333 0.80625 0.38416666 0.8119792 0.3625 0.81822914 0.345 0.82239586 0.3325 0.83177084 0.32416666 0.8520833 0.33666667 0.8619792 0.34916666
19 0.8432292 0.75 0.8510417 0.7725 0.84947914 0.78583336 0.8432292 0.7916667 0.81041664 0.81416667 0.7395833 0.865 0.73125 0.8666667 0.7234375 0.86083335 0.71510416 0.8475 0.64427084 0.6791667 0.6328125 0.6591667 0.63125 0.65166664 0.6333333 0.635 0.6411458 0.62583333 0.7239583 0.5475 0.7390625 0.5391667 0.7484375 0.5391667 0.75625 0.545 0.7708333 0.5775 0.79479164 0.63916665 0.8151042 0.68333334 0.83177084 0.7191667
9 0.7578125 0.3775 0.78333336 0.355 0.79791665 0.4075 0.765625 0.49666667 0.76145834 0.5075 0.759375 0.525 0.84479165 0.60583335 0.86510414 0.66583335 0.8723958 0.69083333 0.83489585 0.7275 0.796875 0.6433333 0.7625 0.5566667 0.75572914 0.5441667 0.74635416 0.5391667 0.740625 0.5391667 0.721875 0.54833335 0.66770834 0.5991667 0.64635414 0.5425 0.628125 0.4875
12 0.58385414 0.48 0.5765625 0.46166667 0.56822914 0.46166667 0.54895836 0.4875 0.5208333 0.52166665 0.5072917 0.54333335 0.50208336 0.5541667 0.5541667 0.64166665 0.6020833 0.735 0.66302085 0.8466667 0.66510415 0.835 0.6713542 0.81666666 0.6822917 0.8016667 0.6921875 0.7925 0.6489583 0.69 0.63177085 0.655 0.6328125 0.635 0.64739585 0.6191667
18 0.48020834 0.9975 0.5421875 0.95166665 0.57447916 0.93333334 0.5828125 0.92833334 0.59583336 0.93333334 0.6020833 0.9475 0.6203125 1.0
3 0.7703125 0.1275 0.76458335 0.12083333 0.7572917 0.12416667 0.75 0.13083333 0.7421875 0.145 0.7348958 0.15 0.72552085 0.14833333 0.72083336 0.1475 0.7057292 0.15833333 0.69739586 0.16333333 0.68958336 0.16916667 0.68541664 0.17333333 0.68072915 0.18166667 0.67291665 0.18666667 0.66197914 0.18333334 0.65052086 0.19166666 0.646875 0.21083333 0.659375 0.24166666 0.68072915 0.2825 0.690625 0.3175 0.6880208 0.33583334 0.684375 0.35583332 0.6859375 0.36333334 0.7005208 0.38416666 0.71875 0.3575 0.7328125 0.33916667 0.7625 0.29583332 0.80572915 0.22916667 0.81822914 0.20666666 0.80572915 0.19166666 0.8020833 0.1775 0.79322916 0.18083334 0.78802085 0.18666667 0.7734375 0.17666666 0.76458335 0.17083333 0.7572917 0.165 0.76145834 0.16166666 0.76770836 0.165 0.7734375 0.15333334 0.7807292 0.13833334
2 0.48125 0.2175 0.46510416 0.2075 0.5171875 0.0 0.63177085 0.0 0.6859375 0.043333333 0.7317708 0.0725 0.74583334 0.0775 0.7296875 0.1475 0.721875 0.1475 0.6958333 0.16333333 0.6859375 0.17166667 0.68125 0.1825 0.6734375 0.18583333 0.66197914 0.18333334 0.65052086 0.19166666 0.646875 0.21166667 0.65989584 0.24416667 0.67864585 0.27916667 0.6901042 0.3175 0.6822917 0.35
1 0.46770832 0.005 0.45364583 0.00083333335 0.5171875 0.0 0.46510416 0.2075 0.52760416 0.24916667 0.5229167 0.27 0.5328125 0.2825 0.53489584 0.295 0.540625 0.30166668 0.5359375 0.31833333 0.5229167 0.31 0.51197916 0.3025 0.49791667 0.29833335 0.46927083 0.29083332 0.44166666 0.2825 0.4296875 0.28083333 0.42864582 0.2675 0.43958333 0.25833333 0.44791666 0.24166666 0.44739583 0.215 0.45416668 0.16916667 0.45885417 0.12583333 0.4640625 0.039166667 0.46666667 0.013333334
4 0.38645834 0.08 0.39427084 0.093333334 0.40364584 0.1 0.41979167 0.1025 0.44010416 0.115 0.45052084 0.13 0.45729166 0.1425 0.44739583 0.21333334 0.4484375 0.24166666 0.440625 0.25833333 0.42864582 0.26833335 0.4296875 0.28083333 0.44479167 0.285 0.4390625 0.29333332 0.43125 0.29666665 0.40208334 0.285 0.37552083 0.27416667 0.35520834 0.26583335 0.34947917 0.24916667 0.34166667 0.22583333 0.34114584 0.20333333 0.34427083 0.17083333 0.3484375 0.15333334 0.3484375 0.14166667 0.34427083 0.123333335 0.29479167 0.0 0.35416666 0.0
13 0.47239584 0.35833332 0.47604167 0.33583334 0.47447917 0.3175 0.46875 0.31 0.4515625 0.30333334 0.43541667 0.2975 0.35625 0.26666668 0.34583333 0.26166666 0.33802083 0.25666666 0.33177084 0.26416665 0.32916668 0.27916667 0.3265625 0.30083334 0.3265625 0.31833333 0.32604167 0.34333333 0.33645833 0.36833334 0.371875 0.4775 0.36875 0.48333332 0.3484375 0.49166667 0.29583332 0.49333334 0.28958333 0.5275 0.284375 0.56333333 0.2859375 0.5875 0.29010418 0.59833336 0.40989584 0.6475 0.41770834 0.6475 0.42395833 0.6408333 0.4265625 0.63416666
7 0.26458332 0.19833334 0.29010418 0.1725 0.303125 0.17 0.30833334 0.17333333 0.3140625 0.22666667 0.32291666 0.28666666 0.32760417 0.30166668 0.3265625 0.34333333 0.37135416 0.47583333 0.36875 0.4825 0.34791666 0.4925 0.2921875 0.49333334 0.2734375 0.49333334 0.20208333 0.56083333 0.17135416 0.5966667 0.15104167 0.605 0.072916664 0.29 0.08177083 0.27666667 0.09322917 0.27416667 0.14427084 0.27166668 0.19166666 0.2575
8 0.15520833 0.2625 0.18229167 0.2275 0.19583334 0.205 0.20260416 0.19583334 0.21197917 0.19916667 0.21770833 0.2025 0.23385416 0.22416666 0.1953125 0.2575 0.15572916 0.26833335
8 0.09427083 0.37583333 0.08020833 0.39333335 0.060416665 0.41583332 0.050520834 0.42583334 0.045833334 0.4325 0.0453125 0.44916666 0.047916666 0.45916668 0.054166667 0.465 0.11302083 0.5525 0.13385417 0.57916665 0.146875 0.5875
1 0.12708333 0.155 0.13958333 0.16833334 0.146875 0.16583334 0.15677084 0.175 0.12760417 0.23 0.10572917 0.27333334 0.09375 0.27333334 0.0828125 0.27666667 0.07239583 0.29166666 0.080729164 0.32333332 0.06614583 0.3125 0.059895832 0.27166668 0.053125 0.25416666 0.0 0.19 0.0 0.0033333334
6 0.9036458 0.19583334 0.91510415 0.18166667 0.921875 0.1875 0.9328125 0.2075 0.94895834 0.22583333 0.9869792 0.26583335 0.99583334 0.27833334 0.9869792 0.30333334 0.95677084 0.3425 0.9302083 0.38583332 0.9192708 0.41833332 0.86302084 0.34916666 0.8463542 0.33333334 0.8328125 0.32583332 0.86354166 0.26916668 0.89375 0.21666667
