2 0.840625 0.0 0.8671875 0.028333334 0.94895834 0.12 0.95677084 0.115 1.0 0.0325 1.0 0.0
4 0.74427086 0.0 0.7515625 0.0075 0.7583333 0.013333334 0.7651042 0.018333333 0.778125 0.021666666 0.7859375 0.0225 0.7984375 0.020833334 0.8041667 0.0175 0.8109375 0.013333334 0.8203125 0.0075 0.8234375 0.0058333334 0.83385414 0.0058333334 0.83958334 0.009166666 0.8578125 0.024166666 0.8755208 0.0375 0.84010416 0.0
15 0.6869792 0.375 0.67760414 0.35166666 0.67604166 0.33666667 0.6765625 0.32583332 0.67552084 0.32 0.6770833 0.31583333 0.671875 0.30333334 0.678125 0.3 0.6802083 0.30333334 0.68333334 0.31083333 0.6880208 0.3125 0.6880208 0.31416667 0.696875 0.31666666 0.70208335 0.32083333 0.70989585 0.33666667 0.7270833 0.36916667 0.74427086 0.40916666 0.7682292 0.45416668 0.79114586 0.49916667 0.81145835 0.535 0.82447916 0.55916667 0.8286458 0.5708333 0.8307292 0.58166665 0.83125 0.5875 0.8296875 0.5966667 0.8296875 0.6016667 0.83229166 0.605 0.83385414 0.6075 0.8385417 0.61083335 0.83489585 0.6175 0.8307292 0.62083334 0.82708335 0.6116667 0.8229167 0.6125 0.8208333 0.60833335 0.81145835 0.61 0.8 0.59583336 0.78802085 0.5708333 0.7817708 0.55833334 0.7651042 0.53 0.7296875 0.46583334 0.7046875 0.41416666 0.6984375 0.39916667
5 0.44010416 0.47333333 0.43958333 0.43166667 0.45052084 0.4075 0.46875 0.37 0.478125 0.3475 0.5005208 0.35083333 0.525 0.355 0.5541667 0.36666667 0.57395834 0.36583334 0.58697915 0.36416668 0.6125 0.36083335 0.646875 0.35583332 0.65625 0.35583332 0.6666667 0.36 0.66510415 0.41083333 0.6635417 0.47416666 0.6609375 0.50666666 0.6578125 0.52666664 0.65520835 0.55333334 0.6546875 0.56916666 0.6578125 0.61333334 0.62604165 0.63666666 0.6177083 0.6333333 0.6119792 0.635 0.60364586 0.6325 0.59010416 0.6333333 0.57916665 0.63166666 0.56041664 0.62666667 0.565625 0.61833334 0.57916665 0.5966667 0.58385414 0.58666664 0.584375 0.5833333 0.584375 0.57416666 0.5833333 0.56666666 0.58177084 0.5625 0.5578125 0.5308333 0.5307292 0.49833333 0.51666665 0.48 0.5203125 0.46416667 0.52239585 0.45666668 0.5239583 0.44916666 0.52135414 0.43833333 0.5182292 0.4275 0.515625 0.42083332 0.5125 0.41583332 0.50677085 0.41166666 0.50104165 0.41083333 0.49895832 0.4125 0.48802084 0.42416668 0.46979168 0.4425
21 0.4890625 0.73 0.51145834 0.69916666 0.5494792 0.64166665 0.56666666 0.6175 0.5807292 0.5941667 0.58385414 0.5883333 0.584375 0.5758333 0.5833333 0.565 0.5776042 0.5566667 0.55885416 0.5316667 0.528125 0.495 0.51666665 0.48 0.5239583 0.44833332 0.51979166 0.43333334 0.5161458 0.42083332 0.5130208 0.41583332 0.50677085 0.41166666 0.5015625 0.41083333 0.49895832 0.41166666 0.4875 0.42416668 0.46302083 0.45 0.4390625 0.47416666 0.41510418 0.50333333 0.39791667 0.52416664 0.37552083 0.5475 0.346875 0.57666665 0.31145832 0.6166667 0.27604166 0.65833336 0.26666668 0.67 0.2640625 0.6766667 0.26354167 0.6875 0.2640625 0.6958333 0.27135417 0.71 0.31458333 0.8075 0.334375 0.85583335 0.34166667 0.87666667 0.34895834 0.8833333 0.35364583 0.8858333 0.36197916 0.87333333 0.41510418 0.81666666 0.46666667 0.75666666
2 0.45260417 0.81083333 0.45260417 0.7733333 0.43125 0.7975 0.41614583 0.81583333 0.37708333 0.8566667 0.36145833 0.87333333 0.35364583 0.8858333 0.3484375 0.8833333 0.34166667 0.87666667 0.33385417 0.8541667 0.31614584 0.81166667 0.28385416 0.73833334 0.27708334 0.7241667 0.278125 0.75333333 0.278125 0.82 0.27708334 0.85833335 0.27604166 0.88416666 0.2765625 0.89666665 0.27760416 0.9141667 0.28697917 0.9141667 0.3078125 0.9166667 0.33177084 0.9175 0.35416666 0.9191667 0.37916666 0.9225 0.3875 0.92333335 0.40104166 0.92333335 0.44791666 0.92 0.453125 0.92083335
2 0.27135417 0.54333335 0.38020834 0.5425 0.34270832 0.58166665 0.2953125 0.635 0.27395833 0.66 0.27291667 0.5941667
14 0.215625 0.37833333 0.2125 0.36416668 0.21458334 0.35333332 0.215625 0.345 0.21614583 0.33333334 0.22447917 0.3375 0.24166666 0.34583333 0.24739583 0.3475 0.28125 0.35833332 0.28020832 0.36833334 0.27864584 0.38416666 0.27864584 0.39416668 0.27291667 0.40083334 0.26979166 0.40833333 0.26979166 0.41833332 0.26979166 0.425 0.26666668 0.43666667 0.26510417 0.46333334 0.25625 0.55583334 0.25 0.63916665 0.24739583 0.66083336 0.24635416 0.66583335 0.24947916 0.6766667 0.24791667 0.685 0.24739583 0.69166666 0.24635416 0.6983333 0.2453125 0.7083333 0.24114583 0.7158333 0.2390625 0.72083336 0.23697917 0.715 0.23177083 0.7125 0.21927084 0.70666665 0.20104167 0.6975 0.18854167 0.68916667 0.18229167 0.6816667 0.18697916 0.68 0.18958333 0.6675 0.19427083 0.6566667 0.1984375 0.60833335 0.21197917 0.44166666 0.21614583 0.38333333
1 0.20677084 0.37666667 0.2125 0.365 0.215625 0.37833333 0.21614583 0.38583332 0.21041666 0.38166666 0.2078125 0.37916666
1 0.23541667 0.315 0.24947916 0.28 0.25416666 0.26583335 0.25833333 0.2525 0.25989583 0.24416667 0.26145834 0.23666666 0.25989583 0.2275 0.26458332 0.225 0.27135417 0.23666666 0.28854167 0.2625 0.29583332 0.27583334 0.3046875 0.28416666 0.3328125 0.315 0.36614582 0.35333332 0.37708333 0.3625 0.3921875 0.3775 0.4 0.40083334 0.40729168 0.42666668 0.40833333 0.4325 0.40104166 0.44666666 0.396875 0.46 0.39375 0.47166666 0.38854167 0.4825 0.384375 0.4925 0.38125 0.5025 0.37916666 0.5133333 0.3921875 0.50166667 0.38854167 0.51 0.3859375 0.515 0.38072917 0.5208333 0.37447917 0.5258333 0.371875 0.5258333 0.3671875 0.5208333 0.36197916 0.51416665 0.35625 0.50416666 0.35364583 0.49416667 0.33020833 0.47666666 0.28020832 0.43083334 0.26979166 0.42083332 0.26927084 0.40916666 0.27239582 0.40166667 0.27864584 0.39333335 0.27864584 0.38166666 0.28020832 0.3675 0.28125 0.35833332 0.24270834 0.34583333 0.2265625 0.33833334 0.2296875 0.33083335 0.23333333 0.3225
0 0.42239583 0.0 0.403125 0.033333335 0.37604168 0.08416667 0.3375 0.14666666 0.309375 0.18416667 0.28072917 0.22166666 0.2890625 0.23666666 0.2953125 0.2325 0.31666666 0.23916666 0.35 0.24583334 0.35885417 0.2575 0.3671875 0.27083334 0.37239584 0.30333334 0.38125 0.33416668 0.39322916 0.38166666 0.40052083 0.40166667 0.40729168 0.42583334 0.409375 0.435 0.4140625 0.44 0.4234375 0.4525 0.43020833 0.44666666 0.4421875 0.42833334 0.4609375 0.38666666 0.46927083 0.37166667 0.478125 0.34666666 0.4828125 0.33666667 0.49010417 0.33 0.50104165 0.31916666 0.5161458 0.29916668 0.5375 0.2775 0.56145835 0.25 0.56458336 0.24083333 0.5598958 0.22333333 0.5385417 0.2 0.51197916 0.16666667 0.503125 0.1575 0.48489583 0.12833333 0.47395834 0.10666667 0.4703125 0.096666664 0.4640625 0.0825 0.4578125 0.068333335 0.44739583 0.0375 0.44270834 0.023333333 0.4375 0.0
5 0.60625 0.6525 0.6109375 0.6475 0.6765625 0.60083336 0.7484375 0.5475 0.7682292 0.5366667 0.78125 0.55833334 0.79270834 0.5875 0.79479164 0.59583336 0.79375 0.60583335 0.8020833 0.6375 0.8098958 0.6725 0.81666666 0.70416665 0.81822914 0.71416664 0.8234375 0.7216667 0.8307292 0.74333334 0.8453125 0.7841667 0.86145836 0.82166666 0.8697917 0.845 0.8609375 0.85 0.82708335 0.8691667 0.8041667 0.8833333 0.78125 0.9 0.7765625 0.905 0.75989586 0.9216667 0.74895835 0.94166666 0.7015625 0.98 0.69427085 0.9575 0.69322914 0.94083333 0.6848958 0.89416665 0.6765625 0.8725 0.6734375 0.85 0.66875 0.8233333 0.6640625 0.8075 0.65520835 0.76416665 0.64739585 0.75333333 0.6390625 0.7416667 0.62916666 0.7175 0.6145833 0.6791667 0.6109375 0.67
