14 0.37083334 0.295 0.43125 0.41666666 0.446875 0.45083332 0.44583333 0.4625 0.45416668 0.46416667 0.46458334 0.48583335 0.471875 0.505 0.47760418 0.5083333 0.48645833 0.50666666 0.49270833 0.5175 0.4703125 0.5391667 0.446875 0.5733333 0.4296875 0.595 0.42552084 0.57166666 0.37552083 0.45833334 0.3546875 0.42083332 0.35885417 0.41666666 0.34635416 0.385 0.30833334 0.335 0.30572918 0.32583332 0.29166666 0.31583333 0.28697917 0.3025 0.28645834 0.29333332 0.31927082 0.2475 0.34375 0.22416666 0.34583333 0.2225 0.35416666 0.24166666 0.35572916 0.26333332 0.36979166 0.29166666
14 0.1984375 0.52 0.16979167 0.43416667 0.15729167 0.4 0.15 0.38916665 0.14270833 0.38583332 0.13541667 0.36416668 0.1359375 0.35583332 0.1578125 0.335 0.17916666 0.3175 0.1890625 0.3025 0.19427083 0.3025 0.2078125 0.33333334 0.19739583 0.3425 0.2046875 0.36166668 0.21041666 0.37666667 0.24322917 0.465 0.203125 0.5375 0.1984375 0.5225
14 0.2328125 0.4025 0.2484375 0.455 0.28697917 0.38416666 0.290625 0.375 0.28541666 0.36166668 0.278125 0.3425 0.2734375 0.3325 0.27604166 0.3125 0.26822916 0.29333332 0.26197916 0.2825 0.2203125 0.32 0.20729166 0.33416668 0.19739583 0.3425 0.2078125 0.36916667 0.21354167 0.37416667 0.23229167 0.3975
14 0.23229167 0.62416667 0.24114583 0.645 0.23854166 0.66333336 0.2359375 0.67 0.24114583 0.6825 0.259375 0.6666667 0.28072917 0.6475 0.3078125 0.62666667 0.30364582 0.615 0.28854167 0.605 0.28489584 0.58666664 0.271875 0.5491667 0.23177083 0.62
14 0.27864584 0.5466667 0.29895833 0.6075 0.3015625 0.61333334 0.30364582 0.61583334 0.30833334 0.6275 0.30833334 0.6433333 0.30833334 0.66333336 0.31197917 0.675 0.3203125 0.69166666 0.33229166 0.6766667 0.340625 0.66 0.34739584 0.655 0.359375 0.64666665 0.375 0.63666666 0.37864584 0.63416666 0.3765625 0.62166667 0.37552083 0.60833335 0.353125 0.5883333 0.334375 0.51916665 0.3265625 0.495 0.32395834 0.4825 0.31875 0.46833333 0.3046875 0.49 0.2765625 0.54083335
14 0.3875 0.6225 0.41875 0.69416666 0.43697917 0.73583335 0.440625 0.75083333 0.43802083 0.77166665 0.4515625 0.7658333 0.48802084 0.73833334 0.50885415 0.72 0.5052083 0.7033333 0.5015625 0.70916665 0.49791667 0.70666665 0.4546875 0.61583334 0.44010416 0.5808333 0.4296875 0.5941667 0.42552084 0.5725 0.37760416 0.4625 0.36770833 0.44333333 0.35416666 0.42083332 0.3390625 0.43666667 0.31875 0.46833333 0.32291666 0.48083332 0.32708332 0.49666667 0.33854166 0.515 0.35 0.535 0.37760416 0.6016667
14 0.4796875 0.5416667 0.48958334 0.5775 0.4953125 0.61 0.50416666 0.65166664 0.5052083 0.68333334 0.5046875 0.7033333 0.50885415 0.72 0.5125 0.72833335 0.53541666 0.715 0.55677086 0.7033333 0.5807292 0.68916667 0.565625 0.63666666 0.5578125 0.62333333 0.55260414 0.6175 0.52708334 0.515 0.5104167 0.44666666 0.50364584 0.42 0.471875 0.4375 0.45833334 0.45833334 0.46614584 0.49 0.47239584 0.505 0.47760418 0.5083333 0.48645833 0.50666666 0.4921875 0.5175 0.478125 0.5316667
14 0.46302083 0.34916666 0.5317708 0.31 0.56145835 0.38416666 0.503125 0.42083332 0.47239584 0.43666667 0.45729166 0.45833334 0.45416668 0.46416667 0.44635418 0.4625 0.44635418 0.45083332 0.44635418 0.41 0.44479167 0.385 0.44010416 0.3775 0.43020833 0.38083333 0.42708334 0.37083334 0.46041667 0.34916666
14 0.42864582 0.3875 0.43177083 0.40083334 0.44635418 0.41 0.44479167 0.385 0.44010416 0.3775 0.43020833 0.38083333
14 0.3875 0.31166667 0.4296875 0.2975 0.4421875 0.29 0.50416666 0.26 0.515625 0.24083333 0.51927084 0.22916667 0.5239583 0.23 0.525 0.255 0.50104165 0.27083334 0.50885415 0.28 0.5229167 0.28416666 0.5265625 0.29166666 0.5317708 0.31 0.46302083 0.34916666 0.45989582 0.35 0.42708334 0.37083334 0.4296875 0.38083333 0.415625 0.38583332 0.3828125 0.31916666 0.38020834 0.31333333
14 0.3515625 0.21666667 0.41770834 0.18833333 0.44166666 0.17833333 0.4734375 0.17333333 0.47604167 0.15 0.48489583 0.14 0.49270833 0.13333334 0.49947917 0.15583333 0.5052083 0.19833334 0.50677085 0.22666667 0.50677085 0.25416666 0.49947917 0.25333333 0.4859375 0.25416666 0.47864583 0.25 0.46770832 0.25583333 0.43125 0.27166668 0.403125 0.28583333 0.371875 0.29833335 0.37083334 0.295 0.36979166 0.29166666 0.35572916 0.2625 0.35416666 0.24166666 0.3453125 0.22166666
14 0.2875 0.30916667 0.290625 0.34166667 0.2921875 0.355 0.29739583 0.35333332 0.296875 0.35 0.29791668 0.33 0.3078125 0.33416668 0.30572918 0.32583332 0.29166666 0.31583333 0.28697917 0.30333334
14 0.34114584 0.22166666 0.29166666 0.24583334 0.28854167 0.23583333 0.28541666 0.24416667 0.28229168 0.25083333 0.2828125 0.26833335 0.28541666 0.2775 0.2859375 0.295 0.31979167 0.24666667 0.34583333 0.2225 0.34427083 0.22166666
14 0.56458336 0.39083335 0.5854167 0.4425 0.61302084 0.5108333 0.621875 0.52 0.62291664 0.52666664 0.6244792 0.5416667 0.6223958 0.5516667 0.6255208 0.56166667 0.63125 0.57166666 0.66770834 0.515 0.6869792 0.485 0.68177086 0.47916666 0.67604166 0.47416666 0.6640625 0.465 0.61614585 0.34666666 0.58489585 0.27416667 0.56822914 0.23833333 0.55885416 0.2225 0.55052084 0.20583333 0.54791665 0.20333333 0.5494792 0.21166667 0.55052084 0.23 0.55364585 0.2325 0.55625 0.2375 0.54583335 0.24416667 0.525 0.255 0.5015625 0.27166668 0.509375 0.28083333 0.5229167 0.28416666 0.5265625 0.29166666 0.53229165 0.31166667 0.5484375 0.3525 0.5546875 0.36666667 0.5625 0.38666666
14 0.59166664 0.28 0.61354166 0.26833335 0.62395835 0.25166667 0.62916666 0.2475 0.64166665 0.25166667 0.6479167 0.25416666 0.6432292 0.2675 0.6401042 0.28083333 0.6375 0.28833333 0.6390625 0.31833333 0.63958335 0.33583334 0.6458333 0.3375 0.6536458 0.34416667 0.6489583 0.3525 0.61927086 0.35416666 0.59166664 0.29083332 0.5875 0.28083333
14 0.57708335 0.43166667 0.565625 0.46333334 0.5671875 0.47 0.58385414 0.48166665 0.5911458 0.47583333 0.5984375 0.47583333 0.5796875 0.4275
14 0.66510415 0.5341667 0.69427085 0.5575 0.7348958 0.5975 0.7572917 0.6175 0.76354164 0.63416666 0.7703125 0.6483333 0.7838542 0.60333335 0.7973958 0.56083333 0.803125 0.56416667 0.8078125 0.54083335 0.79583335 0.5391667 0.778125 0.53333336 0.703125 0.46416667 0.6713542 0.43666667 0.64375 0.415 0.6635417 0.46416667 0.678125 0.475 0.6869792 0.485 0.659375 0.52666664
14 0.7026042 0.57 0.69895834 0.58 0.690625 0.58916664 0.675 0.6066667 0.6703125 0.61583334 0.6901042 0.62916666 0.7057292 0.63916665 0.71510416 0.65 0.70625 0.66 0.71197915 0.66333336 0.7192708 0.66583335 0.728125 0.66333336 0.75208336 0.61333334 0.71770835 0.5808333 0.7036458 0.56666666
14 0.75 0.48 0.7828125 0.415 0.796875 0.38583332 0.80052084 0.37333333 0.80364585 0.34166667 0.8119792 0.34666666 0.828125 0.37083334 0.8515625 0.3975 0.8598958 0.3975 0.8666667 0.3975 0.8645833 0.41833332 0.8546875 0.42333335 0.84791666 0.4275 0.803125 0.515 0.7921875 0.5375 0.77916664 0.53333336 0.740625 0.49916667 0.7453125 0.48833334
14 0.28802082 0.3825 0.196875 0.5491667 0.171875 0.5858333 0.14635417 0.60583335 0.18072917 0.6691667 0.20416667 0.6925 0.21510416 0.6766667 0.21614583 0.6483333 0.30416667 0.49166667 0.3390625 0.43666667 0.35885417 0.41666666 0.34583333 0.385 0.3078125 0.33416668 0.29739583 0.33 0.296875 0.35 0.2984375 0.3575 0.29427084 0.36916667 0.29114583 0.375
