12 0.39739582 0.50416666 0.41770834 0.535 0.42239583 0.55083334 0.43802083 0.605 0.44479167 0.625 0.45052084 0.6308333 0.45729166 0.635 0.46145833 0.6358333 0.46666667 0.6475 0.46302083 0.655 0.34010416 0.8075 0.30364582 0.85833335 0.28958333 0.87083334 0.2484375 0.7966667 0.23125 0.755 0.2375 0.70666665 0.30885416 0.62416667 0.38958332 0.50916666
0 0.16302083 0.3675 0.1984375 0.41166666 0.21927084 0.44583333 0.22864583 0.46916667 0.246875 0.48166665 0.29166666 0.50333333 0.31302083 0.52416664 0.3125 0.5366667 0.30104166 0.56583333 0.25208333 0.67 0.23854166 0.705 0.23645833 0.71416664 0.23125 0.75666666 0.22916667 0.7783333 0.23645833 0.785 0.23385416 0.79583335 0.22708334 0.8041667 0.20208333 0.7758333 0.1421875 0.7125 0.0734375 0.655 0.059375 0.64416665 0.067708336 0.63 0.077083334 0.6141667 0.09375 0.59 0.119791664 0.5133333 0.14010416 0.41333333 0.14739583 0.3825
21 0.09010417 0.13583334 0.12916666 0.14583333 0.159375 0.15666667 0.1796875 0.16416667 0.1765625 0.20916666 0.1828125 0.21416667 0.1984375 0.21833333 0.25364584 0.21833333 0.275 0.2475 0.28489584 0.25 0.30572918 0.2475 0.31302083 0.255 0.315625 0.265 0.3125 0.27416667 0.2921875 0.2925 0.26822916 0.325 0.25208333 0.35666665 0.240625 0.39583334 0.23854166 0.41666666 0.24010417 0.44916666 0.23489584 0.45166665 0.22447917 0.43083334 0.21041666 0.405 0.20260416 0.3725 0.17604166 0.38333333 0.16302083 0.3675 0.146875 0.3825 0.14427084 0.39416668 0.06979167 0.38 0.0625 0.36666667 0.0609375 0.34583333 0.061979167 0.31333333 0.061458334 0.26916668 0.06458333 0.2225 0.072916664 0.175 0.080729164 0.14666666
21 0.06822917 0.13416667 0.122395836 0.0 0.2046875 0.0 0.20104167 0.058333334 0.19322917 0.083333336 0.18854167 0.105 0.1796875 0.16416667 0.128125 0.14666666 0.08958333 0.13583334 0.080729164 0.145 0.07395833 0.17 0.06822917 0.15666667 0.0671875 0.14666666
5 0.4078125 0.0 0.4046875 0.10333333 0.40520832 0.205 0.403125 0.25666666 0.39114583 0.25666666 0.30729166 0.22916667 0.25989583 0.21333334 0.25364584 0.2175 0.196875 0.21833333 0.18385416 0.21416667 0.1765625 0.20916666 0.18020834 0.16 0.18854167 0.105 0.19322917 0.08166666 0.20104167 0.059166666 0.20520833 0.0
2 0.6197917 0.0 0.64375 0.051666666 0.63489586 0.060833335 0.48125 0.23083334 0.446875 0.26166666 0.43854168 0.265 0.4046875 0.18333334 0.4046875 0.09583333 0.4078125 0.0
16 0.48854166 0.22916667 0.51145834 0.30583334 0.52135414 0.42583334 0.45677084 0.475 0.40520832 0.51416665 0.39739582 0.50416666 0.38802084 0.51 0.37135416 0.53333336 0.34739584 0.5525 0.31145832 0.5441667 0.31197917 0.5366667 0.31302083 0.5233333 0.3046875 0.51416665 0.30208334 0.49916667 0.28958333 0.475 0.28489584 0.465 0.25104168 0.36166668 0.253125 0.35583332 0.26770833 0.32583332 0.28020832 0.30833334 0.359375 0.2475 0.39322916 0.25666666 0.403125 0.25666666 0.4046875 0.20666666 0.41302082 0.20416667 0.43854168 0.26333332 0.4484375 0.26166666 0.4875 0.22416666
18 0.5385417 0.57 0.5171875 0.5833333 0.5 0.60083336 0.46875 0.6308333 0.46041667 0.6358333 0.4578125 0.6358333 0.44635418 0.6275 0.44322917 0.62416667 0.42708334 0.56916666 0.41770834 0.53583336 0.41822916 0.525 0.409375 0.5108333 0.5208333 0.42666668 0.53229165 0.55333334 0.5359375 0.5625
19 0.51979166 0.27 0.60364586 0.25 0.609375 0.32416666 0.615625 0.3775 0.6223958 0.41333333 0.6244792 0.45416668 0.6328125 0.54 0.6333333 0.5491667 0.609375 0.555 0.54895836 0.57 0.5390625 0.57 0.53125 0.5525 0.5203125 0.4225 0.51145834 0.30583334 0.50885415 0.2825 0.5130208 0.27416667
10 0.61614585 0.19083333 0.6625 0.18083334 0.6859375 0.17916666 0.71770835 0.1825 0.75208336 0.19583334 0.75364584 0.21416667 0.7572917 0.27083334 0.75625 0.305 0.75104165 0.33583334 0.74791664 0.3675 0.75208336 0.375 0.75885415 0.38166666 0.759375 0.3975 0.75625 0.42083332 0.75989586 0.44333333 0.76979166 0.48166665 0.76927084 0.50083333 0.76145834 0.515 0.7526042 0.5183333 0.7375 0.5175 0.7317708 0.5133333 0.728125 0.50333333 0.72447914 0.48916668 0.7192708 0.485 0.71302086 0.49083334 0.6979167 0.5133333 0.6869792 0.52666664 0.67395836 0.53833336 0.65520835 0.56 0.6453125 0.56 0.6375 0.5541667 0.63385415 0.54833335 0.63177085 0.5341667 0.6244792 0.45416668 0.6223958 0.41333333 0.61510414 0.37333333 0.6088542 0.30916667 0.60364586 0.24833333 0.6020833 0.22583333 0.60364586 0.21083333 0.60625 0.2025
20 0.5625 0.5758333 0.57708335 0.57916665 0.58385414 0.58416665 0.6119792 0.6716667 0.6401042 0.755 0.6375 0.7783333 0.6302083 0.79333335 0.54322916 0.86333334 0.53333336 0.87416667 0.5234375 0.88916665 0.50572914 0.9266667 0.4890625 0.9458333 0.440625 1.0 0.3125 1.0 0.28125 0.93333334 0.26875 0.9058333 0.26927084 0.89166665 0.2796875 0.87916666 0.30625 0.8566667 0.37083334 0.8016667 0.41354167 0.75666666 0.44427082 0.71666664 0.45572916 0.6925 0.4640625 0.6791667 0.48541668 0.6508333 0.5364583 0.6 0.553125 0.58666664
