18 0.6901042 0.32666665 0.68333334 0.335 0.6791667 0.34583333 0.6791667 0.41666666 0.6958333 0.44666666 0.7083333 0.46583334 0.7171875 0.48416665 0.72083336 0.49666667 0.73333335 0.51416665 0.75989586 0.55083334 0.78697914 0.58916664 0.80104166 0.5783333 0.81041664 0.5808333 0.815625 0.58416665 0.821875 0.60083336 0.81927085 0.48083332 0.81822914 0.3375 0.8171875 0.33416668 0.8125 0.32583332 0.80677086 0.31916666 0.78020835 0.32166666 0.7505208 0.32583332 0.746875 0.32416666 0.69375 0.325
18 0.7083333 0.74083334 0.7578125 0.8575 0.76875 0.88 0.7921875 0.93583333 0.8041667 0.965 0.8098958 0.97 0.8177083 0.97083336 0.8265625 0.96166664 0.86354166 0.9275 0.90052086 0.885 0.9203125 0.8641667 0.92291665 0.845 0.9223958 0.8375 0.9078125 0.81 0.88489586 0.76166666 0.86927086 0.7183333 0.8265625 0.61083335 0.8197917 0.59583336 0.81614584 0.585 0.81041664 0.5808333 0.80052084 0.5783333 0.7765625 0.59833336 0.7328125 0.6475 0.6979167 0.6875 0.6958333 0.6983333 0.6953125 0.71166664
18 0.60572916 0.4525 0.5854167 0.48666668 0.5734375 0.50416666 0.5640625 0.52 0.56875 0.525 0.57447916 0.54083335 0.578125 0.5541667 0.58229166 0.5833333 0.61302084 0.6308333 0.6375 0.67 0.6625 0.70666665 0.67395836 0.72583336 0.68333334 0.7425 0.6953125 0.7625 0.70208335 0.77416664 0.70989585 0.775 0.7171875 0.7725 0.72083336 0.77 0.6953125 0.71166664 0.6953125 0.69916666 0.6979167 0.6875 0.7171875 0.665 0.77708334 0.5975 0.78697914 0.58916664 0.73333335 0.5133333 0.72083336 0.49666667 0.7171875 0.48333332 0.70625 0.46166667 0.69635415 0.44666666 0.678125 0.415 0.66041666 0.38666666 0.64479166 0.3875 0.61927086 0.43 0.61354166 0.4425
18 0.48020834 0.5525 0.44322917 0.57166666 0.43697917 0.58416665 0.434375 0.59583336 0.446875 0.66 0.475 0.81166667 0.48385417 0.8591667 0.49270833 0.9058333 0.49635416 0.9116667 0.50416666 0.9166667 0.509375 0.9175 0.54895836 0.8933333 0.6197917 0.8625 0.62604165 0.85 0.62916666 0.8375 0.62916666 0.83 0.61041665 0.75 0.58958334 0.62666667 0.58177084 0.58166665 0.5776042 0.55333334 0.57395834 0.5375 0.56927085 0.5258333 0.56354165 0.52 0.55677086 0.5158333 0.5026042 0.54083335
18 0.49114582 0.18583333 0.48385417 0.25583333 0.4765625 0.32166666 0.4703125 0.35 0.46927083 0.35916665 0.49479166 0.4175 0.5239583 0.48583335 0.5338542 0.5075 0.534375 0.51166666 0.5338542 0.52666664 0.55833334 0.5158333 0.56041664 0.5183333 0.5640625 0.52 0.60052085 0.46166667 0.60364586 0.43666667 0.6078125 0.34833333 0.61302084 0.31166667 0.6223958 0.26916668 0.63177085 0.22333333 0.6296875 0.21583334 0.6244792 0.205 0.61614585 0.19916667 0.565625 0.1825 0.5109375 0.165 0.5 0.17083333 0.49375 0.18
18 0.39479166 0.41416666 0.34010416 0.475 0.28541666 0.5375 0.28333333 0.5516667 0.28385416 0.5625 0.30729166 0.61583334 0.334375 0.675 0.3546875 0.7191667 0.3625 0.72333336 0.37135416 0.72333336 0.42708334 0.655 0.44114584 0.6325 0.434375 0.5941667 0.43697917 0.5833333 0.44322917 0.57166666 0.50416666 0.54 0.5338542 0.52666664 0.534375 0.50916666 0.5005208 0.43083334 0.46614584 0.3525 0.4546875 0.34916666 0.45052084 0.34916666 0.41197917 0.395
18 0.29635417 0.7216667 0.29947916 0.7783333 0.30104166 0.7941667 0.3 0.86333334 0.3 0.9025 0.30364582 0.91333336 0.30989584 0.9216667 0.31302083 0.925 0.35052082 0.92083335 0.4296875 0.915 0.434375 0.91 0.43854168 0.90416664 0.44166666 0.895 0.44270834 0.8858333 0.43645832 0.7808333 0.43541667 0.6425 0.4265625 0.6558333 0.38541666 0.70666665 0.371875 0.7225 0.36197916 0.72333336 0.35416666 0.7183333 0.32864583 0.6625 0.29635417 0.7075
18 0.178125 0.5708333 0.125 0.6525 0.10104167 0.68833333 0.09947917 0.7008333 0.1 0.71416664 0.13333334 0.7608333 0.14166667 0.76916665 0.15572916 0.76166666 0.15885417 0.765 0.15677084 0.7875 0.171875 0.8333333 0.18072917 0.8433333 0.1890625 0.845 0.23802084 0.785 0.2859375 0.7225 0.3 0.70166665 0.32864583 0.6625 0.29427084 0.5858333 0.28333333 0.56166667 0.28333333 0.55 0.2859375 0.5366667 0.3 0.52166665 0.29895833 0.5183333 0.2671875 0.46333334 0.25833333 0.46083334 0.24947916 0.465 0.2078125 0.5283333
18 0.10104167 0.3475 0.0375 0.38916665 0.033333335 0.405 0.034375 0.4125 0.067708336 0.50083333 0.0875 0.56 0.12291667 0.65416664 0.123958334 0.6533333 0.14895834 0.61583334 0.18958333 0.5541667 0.22916667 0.49583334 0.2 0.43916667 0.18854167 0.40916666 0.19114584 0.40583333 0.184375 0.36916667 0.17291667 0.3225 0.16875 0.31666666 0.15989584 0.31166667 0.15572916 0.31166667 0.11927083 0.335
18 0.23177083 0.13083333 0.19791667 0.19583334 0.17916666 0.24 0.17760417 0.25083333 0.17760417 0.26583335 0.184375 0.27833334 0.18958333 0.285 0.23697917 0.34166667 0.2734375 0.38416666 0.3 0.41583332 0.32552084 0.44666666 0.33802083 0.46 0.34635416 0.46333334 0.35052082 0.46333334 0.3609375 0.45166665 0.38177082 0.40083334 0.4171875 0.32333332 0.42604166 0.30666667 0.42552084 0.28916666 0.42239583 0.28 0.38489583 0.2375 0.35833332 0.21 0.35520834 0.20333333 0.31822917 0.155 0.2734375 0.09833334 0.26666668 0.095 0.2546875 0.09583333 0.24010417 0.11666667
18 0.7953125 0.13833334 0.7604167 0.2825 0.75 0.32583332 0.78541666 0.32083333 0.80677086 0.31916666 0.8125 0.32583332 0.81822914 0.33666667 0.81927085 0.4825 0.8515625 0.49916667 0.86354166 0.48916668 0.8723958 0.44416666 0.89375 0.3525 0.9036458 0.32416666 0.9375 0.19666667 0.9375 0.185 0.9291667 0.17083333 0.90520835 0.15833333 0.8723958 0.1375 0.8588542 0.13166666 0.83958334 0.12 0.8151042 0.1075 0.80625 0.108333334 0.7984375 0.119166665
