18 0.58697915 0.6383333 0.540625 0.7 0.49895832 0.7475 0.496875 0.7608333 0.49583334 0.775 0.51979166 0.82 0.5552083 0.89166665 0.5671875 0.91583335 0.575 0.92 0.5828125 0.92 0.5890625 0.91583335 0.6177083 0.8775 0.6390625 0.85 0.6484375 0.8308333 0.703125 0.7783333 0.7260417 0.75166667 0.7359375 0.7366667 0.74322915 0.7225 0.7427083 0.7075 0.71770835 0.64916664 0.68333334 0.5775 0.6744792 0.56166667 0.66614586 0.5566667 0.6567708 0.5566667 0.6489583 0.56333333 0.61302084 0.60583335
18 0.82708335 0.40333334 0.7682292 0.41333333 0.7453125 0.415 0.72864586 0.41916665 0.671875 0.41583332 0.6640625 0.425 0.6625 0.43333334 0.66197914 0.44166666 0.6614583 0.5566667 0.6666667 0.5566667 0.675 0.56166667 0.690625 0.5925 0.7125 0.63916665 0.73072916 0.6375 0.73125 0.625 0.73125 0.61333334 0.73020834 0.605 0.73020834 0.58416665 0.73125 0.5683333 0.7348958 0.53583336 0.74114585 0.5225 0.7494792 0.515 0.7546875 0.515 0.7817708 0.52666664 0.78541666 0.52916664 0.82395834 0.5366667 0.85052085 0.5416667 0.8598958 0.5466667 0.8677083 0.5625 0.86875 0.5725 0.8619792 0.6141667 0.8619792 0.62416667 0.8666667 0.62416667 0.87395835 0.6175 0.8796875 0.6041667 0.87604165 0.45333335 0.875 0.41833332 0.86927086 0.4075 0.8619792 0.4 0.8390625 0.40166667
18 0.55677086 0.37333333 0.55572915 0.45833334 0.55625 0.4675 0.553125 0.49583334 0.54270834 0.57166666 0.5473958 0.61833334 0.54895836 0.6508333 0.5484375 0.66 0.54583335 0.6675 0.5390625 0.68 0.54270834 0.6875 0.54583335 0.69166666 0.5463542 0.6925 0.5729167 0.6566667 0.59375 0.63 0.6276042 0.58916664 0.65 0.5625 0.65729165 0.5566667 0.6614583 0.5566667 0.6625 0.4325 0.6640625 0.42583334 0.6713542 0.41583332 0.69322914 0.4175 0.6947917 0.40083334 0.6947917 0.38416666 0.69114584 0.375 0.684375 0.36583334 0.66770834 0.36083335 0.61927086 0.35083333 0.58802086 0.34666666 0.571875 0.34666666 0.5651042 0.3525 0.55885416 0.3625
18 0.74895835 0.119166665 0.6802083 0.22333333 0.6390625 0.2825 0.62135416 0.30916667 0.6197917 0.32083333 0.62135416 0.33416668 0.6296875 0.34833333 0.6322917 0.35416666 0.6640625 0.36 0.684375 0.36583334 0.69114584 0.375 0.6947917 0.38333333 0.6947917 0.4 0.69322914 0.41666666 0.7213542 0.41916665 0.72864586 0.41916665 0.7427083 0.41583332 0.75572914 0.41333333 0.7625 0.40166667 0.79479164 0.35833332 0.85260415 0.27666667 0.86354166 0.25916666 0.8671875 0.24083333 0.865625 0.2275 0.78697914 0.093333334 0.77552086 0.08833333 0.76875 0.08916666
18 0.51927084 0.18583333 0.40572917 0.18666667 0.39895833 0.19583334 0.3953125 0.20416667 0.39635417 0.34416667 0.43958333 0.33916667 0.51354164 0.32583332 0.51875 0.33 0.5265625 0.34 0.52708334 0.34666666 0.528125 0.37 0.5286458 0.41 0.54375 0.41 0.55625 0.4075 0.55677086 0.37333333 0.55885416 0.3625 0.56458336 0.3525 0.57239586 0.34666666 0.58958334 0.34666666 0.61875 0.35083333 0.61822915 0.32083333 0.6166667 0.20333333 0.6140625 0.19416666 0.60625 0.18583333 0.60364586 0.18333334 0.5609375 0.18583333 0.54270834 0.1875
18 0.38645834 0.37916666 0.3921875 0.45416668 0.39635417 0.52416664 0.40625 0.68083334 0.40833333 0.68833333 0.4171875 0.7 0.4625 0.6933333 0.54010415 0.67833334 0.546875 0.66583335 0.5484375 0.65833336 0.54895836 0.65 0.5484375 0.6358333 0.5473958 0.615 0.54114586 0.56166667 0.5385417 0.53 0.528125 0.48 0.52916664 0.40916666 0.5286458 0.40666667 0.52708334 0.34 0.51666665 0.32666665 0.5140625 0.325 0.47447917 0.3325 0.440625 0.33833334 0.39583334 0.345 0.38854167 0.355 0.38645834 0.36583334
18 0.23177083 0.37833333 0.20729166 0.44916666 0.19010417 0.5 0.18697916 0.5108333 0.18697916 0.5258333 0.19166666 0.54 0.20052083 0.55 0.23229167 0.5725 0.26510417 0.59833336 0.27604166 0.6066667 0.284375 0.5941667 0.30677083 0.56416667 0.32447916 0.5416667 0.32864583 0.53833336 0.340625 0.53833336 0.3515625 0.5525 0.38958332 0.62083334 0.4 0.6383333 0.403125 0.6308333 0.3984375 0.56 0.39166668 0.44666666 0.39114583 0.445 0.3578125 0.42166665 0.33385417 0.4075 0.321875 0.39416668 0.27083334 0.34583333 0.2609375 0.33916667 0.2546875 0.33833334 0.2453125 0.34583333 0.23958333 0.355 0.23802084 0.3625
18 0.25416666 0.63666666 0.23229167 0.67 0.2328125 0.69416666 0.24635416 0.715 0.2796875 0.7658333 0.30416667 0.7866667 0.31354168 0.8041667 0.32291666 0.8283333 0.32604167 0.84 0.35885417 0.90166664 0.3703125 0.91833335 0.38229167 0.92083335 0.38802084 0.915 0.45208332 0.82916665 0.47552082 0.7941667 0.47708333 0.7708333 0.47604167 0.7658333 0.44375 0.71416664 0.43385416 0.6983333 0.41770834 0.7 0.41458333 0.6958333 0.40833333 0.68916667 0.40625 0.68083334 0.40364584 0.6433333 0.39947918 0.6375 0.37916666 0.6025 0.34895834 0.5491667 0.340625 0.5375 0.3265625 0.53833336 0.321875 0.5441667 0.27239582 0.61083335 0.26041666 0.63
18 0.1359375 0.65416664 0.0859375 0.76416665 0.0671875 0.80583334 0.06666667 0.81666666 0.06875 0.83166665 0.11145833 0.87333333 0.17864583 0.9375 0.184375 0.93583333 0.19375 0.9291667 0.21458334 0.87916666 0.22447917 0.8541667 0.24895833 0.7941667 0.26666668 0.74666667 0.2328125 0.69416666 0.23229167 0.66833335 0.2359375 0.665 0.25572917 0.63416666 0.25989583 0.6308333 0.27291667 0.61083335 0.25260416 0.59583336 0.24739583 0.5941667 0.24322917 0.6 0.23385416 0.5775 0.221875 0.56416667 0.2015625 0.55083334 0.19322917 0.5416667 0.16510417 0.5941667 0.14583333 0.635
18 0.11666667 0.42416668 0.094791666 0.475 0.06614583 0.54583335 0.0546875 0.57416666 0.053125 0.5883333 0.053645834 0.6 0.057291668 0.6091667 0.071354166 0.62416667 0.11927083 0.6666667 0.12708333 0.6725 0.14635417 0.63416666 0.16979167 0.585 0.19322917 0.5416667 0.190625 0.5366667 0.18697916 0.5258333 0.18645833 0.5108333 0.21614583 0.42416668 0.2359375 0.36666667 0.1984375 0.32916668 0.18020834 0.30666667 0.17291667 0.3075 0.16458334 0.31333333 0.15729167 0.32833335 0.13125 0.38833332
18 0.20989583 0.23166667 0.19635417 0.23416667 0.18854167 0.2375 0.16197917 0.2375 0.146875 0.22833334 0.13333334 0.22416666 0.09375 0.215 0.041145835 0.2075 0.035416666 0.21083333 0.0296875 0.2175 0.023958333 0.23166667 0.022395832 0.33583334 0.0234375 0.41083333 0.026041666 0.42416668 0.030208332 0.43333334 0.0375 0.4425 0.044791665 0.44416666 0.10625 0.4475 0.13333334 0.38166666 0.1640625 0.31333333 0.1734375 0.3075 0.18020834 0.30583334 0.19947916 0.33 0.2359375 0.3675 0.23802084 0.3625 0.24114583 0.35083333 0.246875 0.345 0.25572917 0.3375 0.25729167 0.2525 0.25364584 0.24083333 0.24739583 0.23 0.2203125 0.23083334
18 0.828125 0.5375 0.7859375 0.52916664 0.7552083 0.515 0.7484375 0.51666665 0.740625 0.5233333 0.7348958 0.535 0.7296875 0.5825 0.7296875 0.605 0.73125 0.6141667 0.7317708 0.62583333 0.73072916 0.63916665 0.7234375 0.6625 0.7348958 0.68916667 0.7427083 0.7083333 0.74322915 0.7241667 0.73802084 0.73333335 0.728125 0.74916667 0.70416665 0.7783333 0.69635415 0.83666664 0.7 0.84583336 0.7057292 0.855 0.7526042 0.86833334 0.8119792 0.8875 0.82708335 0.87916666 0.83489585 0.8516667 0.84270835 0.785 0.8463542 0.74083334 0.85520834 0.68833333 0.8619792 0.63166666 0.8619792 0.6125 0.86875 0.5708333 0.8677083 0.56166667 0.86041665 0.5475 0.84947914 0.5416667
