14 0.690625 0.365 0.6734375 0.3875 0.6375 0.41833332 0.64479166 0.44583333 0.6609375 0.45833334 0.7026042 0.54583335 0.7182292 0.5875 0.74114585 0.565 0.7526042 0.5425 0.76875 0.5425 0.709375 0.39916667 0.7057292 0.365 0.70104164 0.35916665
14 0.77447915 0.555 0.796875 0.6025 0.80833334 0.6166667 0.8140625 0.62166667 0.8234375 0.6375 0.8109375 0.6575 0.7942708 0.67583334 0.77135414 0.7083333 0.7671875 0.71166664 0.75885415 0.69666666 0.753125 0.68083334 0.75364584 0.6641667 0.76145834 0.655 0.76770836 0.6533333 0.7760417 0.6591667 0.78125 0.65166664 0.7765625 0.6358333 0.7734375 0.5858333 0.77239585 0.5475
14 0.615625 0.7991667 0.6078125 0.81583333 0.6109375 0.825 0.60364586 0.8283333 0.6 0.8125 0.58385414 0.7725 0.5708333 0.74 0.56822914 0.7366667 0.57447916 0.7266667 0.5828125 0.72833335 0.603125 0.7075 0.640625 0.67083335 0.6791667 0.6308333 0.72291666 0.5833333 0.7416667 0.565 0.753125 0.5425 0.77135414 0.54333335 0.7729167 0.54583335 0.77447915 0.60333335 0.7765625 0.63666666 0.78125 0.65166664 0.7760417 0.65833336 0.7682292 0.6533333 0.76354164 0.6533333 0.7546875 0.6616667 0.6333333 0.78333336 0.6223958 0.79583335
14 0.6088542 0.68 0.62135416 0.68916667 0.5833333 0.72833335 0.57604164 0.72583336
14 0.6296875 0.65166664 0.6390625 0.6725 0.684375 0.625 0.67291665 0.5966667
14 0.5828125 0.7683333 0.58125 0.77666664 0.575 0.7708333 0.565625 0.7583333 0.56458336 0.74083334 0.5677083 0.7366667 0.5703125 0.74083334
14 0.6859375 0.58 0.62916666 0.6533333 0.5859375 0.71 0.54322916 0.7683333 0.5395833 0.77416664 0.5395833 0.7825 0.5385417 0.7891667 0.53541666 0.79833335 0.53125 0.7925 0.5151042 0.78 0.50416666 0.76 0.4984375 0.7441667 0.49114582 0.7191667 0.49375 0.70666665 0.4984375 0.7025 0.503125 0.7083333 0.50989586 0.7083333 0.5229167 0.6825 0.609375 0.56 0.62864584 0.53833336 0.6328125 0.52166665 0.6375 0.51416665 0.6489583 0.48416665 0.6625 0.47 0.6953125 0.5341667 0.7036458 0.55 0.70885414 0.565 0.6953125 0.58
14 0.59583336 0.57 0.5703125 0.5025 0.5651042 0.49666667 0.55625 0.45166665 0.56458336 0.4625 0.5703125 0.4775 0.5875 0.4475 0.6078125 0.41583332 0.6140625 0.42166665 0.609375 0.4525 0.6234375 0.48 0.6375 0.5125 0.6333333 0.52166665 0.62916666 0.53833336 0.61145836 0.5575 0.59739584 0.57666665
14 0.528125 0.665 0.4765625 0.56916666 0.453125 0.5233333 0.43385416 0.5233333 0.43020833 0.5158333 0.46302083 0.47333333 0.48072916 0.44833332 0.49375 0.47083333 0.51458335 0.5158333 0.5697917 0.615 0.53125 0.67083335
14 0.5552083 0.2575 0.59583336 0.21583334 0.61302084 0.20333333 0.6140625 0.21666667 0.61510414 0.24916667 0.67291665 0.38583332 0.63697916 0.4175 0.64479166 0.4475 0.6609375 0.45916668 0.6927083 0.53 0.6625 0.46916667 0.64947915 0.48416665 0.6078125 0.37583333 0.5697917 0.2875 0.56458336 0.28166667 0.55260414 0.26166666
