8 0.190625 0.225 0.16927083 0.24166666 0.15833333 0.25083333 0.15 0.26083332 0.16510417 0.25416666 0.18333334 0.245 0.19791667 0.23416667 0.20208333 0.23 0.19583334 0.225 0.19270833 0.22666667
8 0.22447917 0.2475 0.2375 0.25833333 0.26822916 0.27916667 0.31979167 0.3125 0.33177084 0.3225 0.33697918 0.33166668 0.33854166 0.33833334 0.33854166 0.34666666 0.334375 0.3625 0.32083333 0.39833334 0.31510416 0.41166666 0.30677083 0.41416666 0.29895833 0.41833332 0.29791668 0.42083332 0.29114583 0.4225 0.28125 0.42333335 0.27447918 0.42416668 0.24427083 0.4125 0.24479167 0.40916666 0.2359375 0.36583334 0.23020834 0.35166666 0.2203125 0.33916667 0.22916667 0.315 0.22708334 0.26333332
8 0.24322917 0.43333334 0.275 0.425 0.26458332 0.42 0.24427083 0.4125 0.24114583 0.42416668 0.2328125 0.4325 0.23229167 0.43583333
8 0.043229166 0.71166664 0.06875 0.7291667 0.0796875 0.7416667 0.09322917 0.755 0.10364583 0.7625 0.123958334 0.7841667 0.14322917 0.80083334 0.16041666 0.82416666 0.17604166 0.8425 0.18177083 0.8408333 0.19010417 0.835 0.19635417 0.8175 0.20572917 0.7891667 0.20677084 0.77666664 0.21458334 0.76 0.2140625 0.74916667 0.21614583 0.7366667 0.240625 0.68916667 0.24375 0.67583334 0.24166666 0.6591667 0.23854166 0.6508333 0.20677084 0.6625 0.18385416 0.6675 0.17864583 0.66583335 0.17395833 0.6591667 0.16927083 0.59166664 0.15885417 0.58 0.14427084 0.56166667 0.1203125 0.54083335 0.11354167 0.5308333 0.10885417 0.5175 0.08802083 0.495 0.0875 0.49333334 0.07864583 0.5 0.059375 0.50333333 0.058333334 0.5075 0.0421875 0.54333335 0.0390625 0.5516667 0.020833334 0.5833333 0.0 0.62833333 0.0 0.68 0.015104166 0.69 0.039583333 0.70916665 0.041666668 0.70666665 0.04375 0.7075
8 0.09583333 0.50333333 0.100520834 0.48583335 0.121875 0.47666666 0.13229166 0.4725 0.14947917 0.46083334 0.16041666 0.45666668 0.15885417 0.46083334 0.15625 0.46666667 0.15520833 0.47166666 0.15677084 0.4925 0.15989584 0.5108333 0.1640625 0.5225 0.165625 0.5375 0.16666667 0.55916667 0.16979167 0.5925 0.16145833 0.5825 0.15364583 0.5725 0.14427084 0.56166667 0.1359375 0.5541667 0.1203125 0.54083335 0.11354167 0.5308333 0.10885417 0.5175
8 0.33229166 0.40833333 0.3359375 0.45916668 0.33854166 0.48416665 0.353125 0.56666666 0.35833332 0.62166667 0.3484375 0.6275 0.3375 0.63166666 0.33072916 0.63166666 0.321875 0.6275 0.29895833 0.63166666 0.28645834 0.62166667 0.2796875 0.6191667 0.25885418 0.6275 0.25625 0.635 0.2515625 0.6458333 0.2375 0.6508333 0.20729166 0.6616667 0.1828125 0.6675 0.1765625 0.6625 0.17395833 0.65833336 0.16927083 0.58 0.16614583 0.55833334 0.16614583 0.5375 0.16458334 0.5208333 0.16041666 0.51166666 0.15677084 0.495 0.15520833 0.47 0.15885417 0.4575 0.1734375 0.45333335 0.1828125 0.445 0.21614583 0.43916667 0.23229167 0.43583333 0.27447918 0.425 0.290625 0.42333335 0.2984375 0.4225 0.29947916 0.4175 0.31614584 0.41166666
8 0.225 0.81666666 0.20572917 0.81916666 0.19583334 0.8183333 0.20625 0.79 0.20989583 0.80333334 0.215625 0.80833334
8 0.240625 0.70166665 0.2390625 0.72333336 0.23541667 0.7325 0.2265625 0.745 0.21510416 0.7583333 0.2140625 0.75083333 0.21614583 0.7366667 0.228125 0.71416664 0.24166666 0.6875 0.2421875 0.68666667
8 0.2515625 0.6483333 0.24427083 0.67583334 0.24166666 0.6591667 0.23802084 0.65 0.2515625 0.64666665
8 0.24166666 0.8283333 0.22447917 0.81583333 0.20989583 0.8041667 0.20625 0.79 0.20677084 0.7775 0.21510416 0.75916666 0.21614583 0.75666666 0.22604166 0.74583334 0.23489584 0.7341667 0.2390625 0.72333336 0.2421875 0.6875 0.25208333 0.6458333 0.25885418 0.6275 0.2796875 0.62 0.28541666 0.62083334 0.29895833 0.63166666 0.31041667 0.645 0.33229166 0.665 0.35208333 0.685 0.38125 0.70666665 0.40833333 0.7266667 0.40833333 0.7325 0.4125 0.73 0.4234375 0.7391667 0.44895834 0.7608333 0.45416668 0.7733333 0.45520833 0.79 0.44635418 0.81583333 0.41354167 0.9125 0.403125 0.93833333 0.396875 0.95 0.38958332 0.9558333 0.38645834 0.9575 0.37239584 0.94166666 0.3484375 0.92 0.3484375 0.91333336 0.34427083 0.9191667 0.32760417 0.9008333 0.30208334 0.87583333 0.27291667 0.85 0.24739583 0.83416665
8 0.48020834 0.5183333 0.5052083 0.53333336 0.50572914 0.5425 0.5078125 0.5425 0.50989586 0.5375 0.534375 0.55333334 0.55104166 0.5675 0.55572915 0.57416666 0.55625 0.58916664 0.5541667 0.5975 0.5307292 0.6791667 0.50989586 0.7583333 0.50364584 0.7625 0.49427083 0.765 0.48958334 0.7625 0.47135416 0.74916667 0.45729166 0.7391667 0.45572916 0.7325 0.453125 0.7325 0.45260417 0.7341667 0.4328125 0.7158333 0.39427084 0.68916667 0.3609375 0.67083335 0.33333334 0.65416664 0.315625 0.64416665 0.3125 0.6358333 0.3109375 0.62916666 0.32291666 0.6275 0.33020833 0.6325 0.33802083 0.6325 0.34895834 0.62666667 0.35885417 0.62166667 0.353125 0.56416667 0.34114584 0.495 0.34635416 0.47083333 0.35052082 0.45416668 0.35208333 0.455 0.37083334 0.49333334 0.3953125 0.5416667 0.4078125 0.56916666 0.41927084 0.5758333 0.428125 0.5733333 0.4640625 0.5375 0.46354166 0.5316667 0.46822917 0.5325
8 0.39739582 0.6933333 0.3921875 0.715 0.365625 0.695 0.35260418 0.68583333 0.3390625 0.6716667 0.3125 0.6475 0.29895833 0.63166666 0.3109375 0.63 0.31197917 0.6358333 0.31614584 0.64416665 0.35104167 0.665 0.36354166 0.6725 0.39739582 0.69166666
8 0.40833333 0.93 0.42083332 0.93833333 0.43072918 0.94166666 0.45416668 0.9291667 0.46822917 0.92083335 0.47083333 0.91 0.4671875 0.8975 0.46510416 0.8875 0.46822917 0.88416666 0.48125 0.8466667 0.503125 0.7866667 0.5083333 0.78333336 0.5208333 0.75 0.5203125 0.74083334 0.5151042 0.73583335 0.50989586 0.7575 0.5026042 0.7633333 0.49322918 0.765 0.45729166 0.74083334 0.45625 0.73333335 0.45416668 0.7325 0.453125 0.7341667 0.42916667 0.7125 0.3984375 0.6925 0.39270833 0.71416664 0.40729168 0.7266667 0.40885416 0.7325 0.41197917 0.73 0.4359375 0.75083333 0.45052084 0.76166666 0.45416668 0.77416664 0.45520833 0.7925
8 0.38697916 0.22166666 0.36197916 0.21833333 0.34010416 0.21166667 0.33385417 0.21583334 0.33072916 0.22416666 0.328125 0.22833334 0.3265625 0.2475 0.32395834 0.28 0.32135418 0.31333333 0.33177084 0.3225 0.33697918 0.3325 0.3390625 0.3425 0.33802083 0.34833333 0.31875 0.405 0.315625 0.41166666 0.33229166 0.40833333 0.33489582 0.44083333 0.3359375 0.46333334 0.33854166 0.48333332 0.34427083 0.48083332 0.35 0.45416668 0.34270832 0.435 0.34322917 0.42416668 0.35260418 0.4075 0.37083334 0.38166666 0.38333333 0.36916667 0.38541666 0.37083334 0.38697916 0.37083334 0.3875 0.365 0.4078125 0.34666666 0.42239583 0.33583334 0.40208334 0.32833335 0.38125 0.315 0.36875 0.30083334 0.38177082 0.25833333 0.39114583 0.22333333
8 0.4328125 0.08583333 0.46666667 0.104166664 0.49583334 0.125 0.5161458 0.135 0.53125 0.14583333 0.5364583 0.15583333 0.5390625 0.17 0.534375 0.1875 0.52239585 0.23666666 0.5151042 0.23916666 0.50885415 0.24333334 0.5052083 0.25333333 0.49427083 0.27916667 0.48177084 0.32416666 0.46979168 0.37 0.46458334 0.37 0.43385416 0.3425 0.421875 0.335 0.3984375 0.32666665 0.37916666 0.31416667 0.36875 0.30083334 0.38177082 0.26083332 0.39479166 0.215 0.39895833 0.20333333 0.40052083 0.18416667 0.40833333 0.13833334 0.41614583 0.09583333 0.42552084 0.0875
8 0.51770836 0.4725 0.4859375 0.5133333 0.4796875 0.51916665 0.46822917 0.53333336 0.4640625 0.5316667 0.4640625 0.53833336 0.44947916 0.5525 0.42916667 0.5733333 0.41875 0.5758333 0.40833333 0.57 0.38541666 0.52166665 0.35208333 0.45333335 0.34322917 0.435 0.34375 0.42416668 0.353125 0.40666667 0.37083334 0.38166666 0.38333333 0.37 0.38697916 0.37166667 0.3875 0.365 0.40885416 0.345 0.42239583 0.33583334 0.43541667 0.34416667 0.4640625 0.37 0.4703125 0.37 0.46354166 0.38916665 0.46145833 0.40666667 0.4625 0.42416668 0.46875 0.4375 0.48645833 0.44666666 0.5125 0.465
8 0.56875 0.635 0.56458336 0.5966667 0.56354165 0.5833333 0.5630208 0.57416666 0.56458336 0.56 0.5625 0.5125 0.5609375 0.50083333 0.54583335 0.4875 0.51927084 0.47 0.5151042 0.47666666 0.48541668 0.5158333 0.48020834 0.51916665 0.5046875 0.5325 0.50572914 0.54083335 0.5078125 0.5425 0.50989586 0.53833336 0.5328125 0.5525 0.54895836 0.565 0.55572915 0.5733333 0.55677086 0.58916664 0.5390625 0.6533333 0.54375 0.6566667 0.55052084 0.6566667 0.55572915 0.6575 0.5598958 0.655 0.56614584 0.64666665
8 0.5260417 0.24083333 0.5609375 0.27583334 0.56041664 0.285 0.56666666 0.2825 0.5765625 0.29916668 0.5963542 0.3175 0.60729164 0.32416666 0.62708336 0.3425 0.6578125 0.3675 0.6869792 0.38916665 0.6921875 0.4 0.69427085 0.41666666 0.68541664 0.44416666 0.6713542 0.48333332 0.6536458 0.54833335 0.6489583 0.5725 0.6411458 0.5758333 0.63385415 0.575 0.61875 0.56 0.59739584 0.5366667 0.5786458 0.5225 0.5619792 0.50083333 0.5463542 0.4875 0.5328125 0.47916666 0.5203125 0.47 0.51770836 0.4725 0.51145834 0.465 0.49947917 0.45583335 0.484375 0.445 0.46927083 0.4375 0.46302083 0.425 0.4609375 0.40583333 0.46458334 0.3875 0.4796875 0.3325 0.49479166 0.27833334 0.50885415 0.24416667 0.5130208 0.24 0.5203125 0.23916666
8 0.5640625 0.5233333 0.57916665 0.55 0.59010416 0.56416667 0.5989583 0.5833333 0.61302084 0.62666667 0.6375 0.68583333 0.6510417 0.72 0.6557292 0.7183333 0.6536458 0.725 0.66770834 0.7575 0.67395836 0.7725 0.6791667 0.7775 0.68645835 0.77916664 0.6921875 0.7783333 0.6958333 0.77166665 0.7234375 0.745 0.746875 0.7175 0.7453125 0.67833334 0.7473958 0.6225 0.746875 0.575 0.7416667 0.56583333 0.72239584 0.52666664 0.7026042 0.4775 0.6875 0.43833333 0.6744792 0.47416666 0.6692708 0.48833334 0.65625 0.5391667 0.6489583 0.5733333 0.6411458 0.575 0.634375 0.5758333 0.60729164 0.5475 0.59166664 0.5316667 0.578125 0.5225 0.56354165 0.50333333
8 0.5942708 0.215 0.60260415 0.215 0.60260415 0.22 0.6046875 0.22 0.6046875 0.215 0.61510414 0.21333334 0.6411458 0.20916666 0.6713542 0.205 0.6921875 0.20166667 0.7125 0.19666667 0.73229164 0.18916667 0.74635416 0.185 0.7484375 0.19166666 0.7484375 0.21833333 0.7421875 0.24833333 0.74791664 0.2675 0.753125 0.295 0.76197916 0.335 0.76979166 0.365 0.76666665 0.37583333 0.75989586 0.385 0.75572914 0.3875 0.7182292 0.3875 0.6953125 0.395 0.690625 0.39666668 0.6875 0.38833332 0.659375 0.36833334 0.615625 0.33166668 0.60572916 0.3225 0.5953125 0.31666666 0.5776042 0.3 0.5671875 0.2825 0.56041664 0.28416666 0.5609375 0.275 0.55052084 0.265 0.5484375 0.24583334 0.5515625 0.235 0.55833334 0.22416666 0.5640625 0.2225 0.58177084 0.21916667
8 0.7473958 0.7241667 0.7484375 0.7341667 0.7494792 0.7475 0.746875 0.765 0.746875 0.785 0.746875 0.7975 0.7494792 0.7975 0.74791664 0.8016667 0.7515625 0.81416667 0.75416666 0.825 0.75364584 0.845 0.75364584 0.86583334 0.76354164 0.8925 0.78541666 0.895 0.8151042 0.89416665 0.8619792 0.89666665 0.86822915 0.895 0.8723958 0.8883333 0.8755208 0.87833333 0.8765625 0.8625 0.87708336 0.84166664 0.8734375 0.80333334 0.8703125 0.79833335 0.8723958 0.79583335 0.865625 0.7675 0.86354166 0.7558333 0.8625 0.74083334 0.86354166 0.7225 0.8677083 0.7 0.8671875 0.6825 0.86510414 0.6675 0.86510414 0.6575 0.8703125 0.6091667 0.875 0.56583333 0.87083334 0.555 0.86510414 0.5475 0.8578125 0.5475 0.84375 0.5525 0.8364583 0.55333334 0.81927085 0.54833335 0.80052084 0.5466667 0.76927084 0.54333335 0.7630208 0.5416667 0.7552083 0.545 0.75 0.5566667 0.7473958 0.56333333 0.74583334 0.57 0.746875 0.57666665 0.7473958 0.62333333 0.74583334 0.6691667 0.74583334 0.6816667 0.746875 0.7183333
8 0.7921875 0.39833334 0.8177083 0.38583332 0.8265625 0.38166666 0.8520833 0.3575 0.865625 0.345 0.86875 0.34916666 0.8703125 0.3425 0.8979167 0.32166666 0.90625 0.34916666 0.925 0.4325 0.9427083 0.525 0.91979164 0.5341667 0.9171875 0.5316667 0.915625 0.535 0.8984375 0.535 0.8921875 0.5366667 0.8697917 0.5525 0.8645833 0.5466667 0.8578125 0.5466667 0.8421875 0.5516667 0.8359375 0.5541667 0.8255208 0.55 0.80260414 0.5466667 0.76354164 0.54083335 0.7552083 0.545 0.74114585 0.48416665 0.7338542 0.45833334 0.734375 0.4425 0.7390625 0.43166667 0.74375 0.42666668 0.75572914 0.41916665 0.78125 0.4075
8 0.038541667 0.29166666 0.020833334 0.29833335 0.015625 0.30333334 0.0109375 0.3125 0.009375 0.325 0.009375 0.3325 0.008333334 0.365 0.013020833 0.43083334 0.019791666 0.48333332 0.0234375 0.49666667 0.03125 0.505 0.038541667 0.5083333 0.061458334 0.50333333 0.07864583 0.5 0.0875 0.49333334 0.088541664 0.4875 0.09010417 0.49 0.114583336 0.48 0.13072917 0.47333333 0.1390625 0.4675 0.14895834 0.46083334 0.16145833 0.45666668 0.1734375 0.45333335 0.18333334 0.44333333 0.19427083 0.44166666 0.20572917 0.44166666 0.21458334 0.43833333 0.23333333 0.4325 0.24114583 0.42416668 0.24479167 0.40916666 0.23489584 0.36583334 0.23020834 0.3525 0.2203125 0.33833334 0.22604166 0.3225 0.22864583 0.31416667 0.22708334 0.26583335 0.22239584 0.24083333 0.2171875 0.2325 0.209375 0.22833334 0.2015625 0.23166667 0.18697916 0.24166666 0.165625 0.25416666 0.14427084 0.2625 0.1203125 0.27333334 0.106770836 0.27583334 0.1 0.27583334 0.09010417 0.28166667 0.071354166 0.28583333 0.0703125 0.29 0.0671875 0.29 0.065104164 0.28583333
