3 0.46614584 0.6675 0.5416667 0.745 0.5697917 0.77416664 0.57708335 0.77416664 0.5864583 0.76 0.621875 0.6625 0.66510415 0.52916664 0.6666667 0.52 0.66510415 0.5125 0.66041666 0.505 0.6479167 0.50166667 0.63489586 0.50416666 0.6255208 0.5125 0.61614585 0.5133333 0.6109375 0.50916666 0.6098958 0.49 0.6098958 0.4825 0.5953125 0.45833334 0.5864583 0.44833332 0.5786458 0.44 0.5677083 0.4125 0.56354165 0.40833333 0.5552083 0.41083333 0.55052084 0.41083333 0.53229165 0.45083332 0.5239583 0.47916666 0.49739584 0.53333336 0.4734375 0.58166665 0.46041667 0.6141667 0.453125 0.6358333 0.4578125 0.64916664 0.46302083 0.66583335
3 0.45364583 0.76666665 0.45729166 0.78583336 0.45208332 0.78333336 0.44583333 0.7808333 0.4421875 0.7808333 0.43125 0.8041667 0.42708334 0.8308333 0.43125 0.8541667 0.44583333 0.8675 0.46822917 0.865 0.47552082 0.8675 0.48958334 0.8825 0.5260417 0.9033333 0.5729167 0.92583334 0.5953125 0.93083334 0.60625 0.91583335 0.609375 0.905 0.61927086 0.76166666 0.62395835 0.70666665 0.6203125 0.6925 0.6140625 0.685 0.58697915 0.76166666 0.5776042 0.77666664 0.56927085 0.7758333 0.5104167 0.71416664 0.4640625 0.66833335 0.475 0.7366667 0.47395834 0.75333333 0.471875 0.7575 0.45885417 0.765
3 0.1640625 0.455 0.11145833 0.44083333 0.09583333 0.43583333 0.088541664 0.42833334 0.10520833 0.36583334 0.121875 0.27833334 0.13333334 0.2 0.1421875 0.175 0.1546875 0.15916666 0.16302083 0.15833333 0.18229167 0.16666667 0.20833333 0.18833333 0.21979167 0.20833333 0.21979167 0.21333334 0.2390625 0.19 0.25104168 0.18 0.25677082 0.1825 0.25989583 0.19583334 0.25989583 0.2825 0.25833333 0.36416668 0.2453125 0.41333333 0.2375 0.455 0.234375 0.46416667 0.21979167 0.47166666 0.19479166 0.46416667
3 0.16197917 0.6775 0.14635417 0.6675 0.08385417 0.62416667 0.06666667 0.6116667 0.0609375 0.59583336 0.06666667 0.565 0.086979166 0.495 0.11666667 0.44333333 0.1796875 0.46 0.21770833 0.4725 0.221875 0.47333333 0.25364584 0.5175 0.26510417 0.5316667 0.2703125 0.5325 0.27395833 0.5325 0.26927084 0.5566667 0.26666668 0.565 0.24739583 0.565 0.240625 0.56583333 0.24322917 0.58416665 0.24947916 0.61083335 0.25260416 0.635 0.24895833 0.66833335 0.24166666 0.70416665 0.2359375 0.715 0.228125 0.7175 0.209375 0.7083333 0.18072917 0.68666667
3 0.5395833 0.42416668 0.5239583 0.41666666 0.521875 0.40333334 0.53541666 0.3075 0.546875 0.24416667 0.55 0.215 0.5677083 0.215 0.58958334 0.21 0.6234375 0.24166666 0.6401042 0.25333333 0.6614583 0.26666668 0.6822917 0.28166667 0.6802083 0.29333332 0.66979164 0.31583333 0.6588542 0.31916666 0.6515625 0.34 0.63489586 0.38666666 0.6401042 0.40083334 0.64479166 0.41583332 0.64166665 0.44583333 0.6375 0.45666668 0.6177083 0.4575 0.6046875 0.45083332 0.5984375 0.4425 0.59270835 0.44166666 0.58697915 0.435 0.578125 0.43583333 0.5703125 0.415 0.56458336 0.40583333 0.55104166 0.41 0.55 0.41
3 0.54583335 0.0 0.51145834 0.0325 0.5005208 0.045833334 0.4859375 0.045 0.478125 0.046666667 0.475 0.065 0.48333332 0.111666664 0.5 0.13416667 0.5307292 0.16166666 0.5307292 0.17333333 0.5171875 0.18833333 0.50885415 0.19666667 0.50885415 0.20583333 0.5296875 0.20833333 0.54479164 0.2125 0.56875 0.21416667 0.5963542 0.20833333 0.68333334 0.155 0.6828125 0.1425 0.6546875 0.05 0.63854164 0.011666667 0.6359375 0.0
3 0.4109375 0.30916667 0.38541666 0.3225 0.37083334 0.32666665 0.35989583 0.32416666 0.35625 0.31583333 0.37395832 0.23416667 0.38697916 0.1425 0.39895833 0.086666666 0.409375 0.071666665 0.41875 0.075 0.41927084 0.086666666 0.41302082 0.115 0.4390625 0.1375 0.459375 0.1525 0.46614584 0.16 0.43333334 0.23 0.42291668 0.25833333 0.421875 0.28083333 0.41770834 0.29333332 0.41145834 0.30333334
3 0.50572914 0.4575 0.49635416 0.44333333 0.47291666 0.43 0.45052084 0.4125 0.43697917 0.39416668 0.43125 0.37166667 0.4265625 0.3475 0.41927084 0.33583334 0.4203125 0.32916668 0.4109375 0.31 0.41145834 0.305 0.41875 0.29333332 0.42291668 0.28333333 0.42291668 0.2575 0.43489584 0.22833334 0.46145833 0.1725 0.48645833 0.12583333 0.4921875 0.12583333 0.4984375 0.13333334 0.5307292 0.1625 0.5307292 0.1725 0.50885415 0.19666667 0.5083333 0.20666666 0.53125 0.21 0.5359375 0.215 0.534375 0.29416665 0.5317708 0.3225 0.5239583 0.3875 0.52135414 0.40416667 0.5046875 0.40416667 0.50677085 0.42583334 0.5072917 0.43833333 0.5072917 0.45416668
3 0.66770834 0.5258333 0.6947917 0.5208333 0.76354164 0.495 0.7916667 0.48 0.79791665 0.47083333 0.79791665 0.46166667 0.79479164 0.41833332 0.77552086 0.3175 0.7640625 0.28583333 0.765625 0.25666666 0.76458335 0.21583334 0.7583333 0.20166667 0.74635416 0.20083334 0.7171875 0.2175 0.69375 0.2275 0.6666667 0.25083333 0.6567708 0.26333332 0.66875 0.27166668 0.6822917 0.28083333 0.68072915 0.2925 0.66979164 0.31666666 0.6588542 0.32 0.6484375 0.3525 0.6354167 0.38666666 0.640625 0.4 0.6453125 0.4175 0.6432292 0.43416667 0.64427084 0.4625 0.64947915 0.49583334 0.65 0.50166667 0.66041666 0.505 0.665625 0.5108333 0.6671875 0.52
3 0.6484375 0.2575 0.6458333 0.2475 0.64270836 0.2425 0.6380208 0.24 0.6333333 0.2425 0.6296875 0.245 0.6458333 0.25666666
3 0.44479167 0.7675 0.38958332 0.78833336 0.36145833 0.78333336 0.325 0.7708333 0.31458333 0.75916666 0.3203125 0.75666666 0.31458333 0.6925 0.32447916 0.67333335 0.31614584 0.6433333 0.3109375 0.63 0.3140625 0.60333335 0.309375 0.5725 0.30677083 0.54583335 0.30989584 0.5308333 0.32395834 0.5233333 0.3578125 0.52 0.4265625 0.52 0.44375 0.52 0.44947916 0.5325 0.45104167 0.5541667 0.44791666 0.58166665 0.43802083 0.60083336 0.43072918 0.60833335 0.44479167 0.62083334 0.4515625 0.6333333 0.46354166 0.67 0.46927083 0.7075 0.47395834 0.7425 0.47239584 0.75333333 0.45677084 0.76416665
