14 0.76770836 0.81416667 0.775 0.81 0.759375 0.80583334 0.759375 0.8075 0.7651042 0.8125
14 0.803125 0.51 0.7427083 0.71 0.803125 0.7266667 0.85572916 0.54583335 0.86145836 0.52416664 0.8677083 0.5175 0.871875 0.5133333 0.87395835 0.50916666 0.8723958 0.48333332 0.85625 0.48583335 0.84947914 0.48666668 0.8098958 0.46 0.80677086 0.45416668 0.8046875 0.45833334 0.803125 0.46833333 0.8041667 0.49416667 0.80260414 0.5058333
14 0.56927085 0.6533333 0.5755208 0.7325 0.5442708 0.73333335 0.5338542 0.73333335 0.53125 0.78333336 0.5359375 0.8075 0.54270834 0.8066667 0.5703125 0.79583335 0.58802086 0.71666664 0.58177084 0.705
14 0.59739584 0.6666667 0.59166664 0.6666667 0.5890625 0.71 0.590625 0.70916665
14 0.6723958 0.60333335 0.63177085 0.8075 0.61822915 0.87 0.61822915 0.88 0.621875 0.885 0.6265625 0.885 0.62708336 0.8883333 0.62083334 0.9 0.61041665 0.8933333 0.57604164 0.875 0.553125 0.8666667 0.5515625 0.8616667 0.55364585 0.85583335 0.56145835 0.83666664 0.5708333 0.79333335 0.58802086 0.7175 0.5911458 0.7075 0.60833335 0.6116667 0.61875 0.56333333 0.609375 0.55083334 0.61302084 0.5441667 0.6203125 0.5475 0.65729165 0.58416665 0.66614586 0.57166666 0.6671875 0.56166667 0.67291665 0.56166667 0.678125 0.57916665 0.6744792 0.5858333 0.6744792 0.5966667
14 0.7104167 0.6141667 0.7046875 0.6041667 0.69739586 0.5991667 0.68854165 0.59583336 0.67604166 0.5825 0.675 0.5858333 0.6744792 0.59583336 0.6723958 0.60333335 0.65520835 0.68833333 0.6744792 0.6925 0.67552084 0.69166666 0.67604166 0.6825 0.6744792 0.67083335 0.67291665 0.66833335 0.6744792 0.6641667 0.68541664 0.64916664 0.69375 0.6375 0.70729166 0.63166666 0.709375 0.6358333 0.7140625 0.63416666 0.715625 0.63 0.7140625 0.62
14 0.49375 0.47833332 0.5 0.49333334 0.5078125 0.49583334 0.528125 0.50333333 0.56927085 0.555 0.5921875 0.58416665 0.6098958 0.6041667 0.61875 0.56333333 0.609375 0.55083334 0.61302084 0.545 0.6203125 0.5475 0.6432292 0.57 0.65729165 0.58416665 0.66614586 0.57166666 0.6666667 0.56916666 0.6328125 0.52666664 0.5807292 0.4625 0.5390625 0.41416666 0.53333336 0.41 0.53125 0.41166666 0.53020835 0.415 0.5328125 0.4175 0.53802085 0.42416668 0.5395833 0.42916667 0.53541666 0.43416667 0.51979166 0.4425 0.49895832 0.46166667 0.49583334 0.46666667 0.49270833 0.475
14 0.375 0.65416664 0.37552083 0.61833334 0.31614584 0.59166664 0.32239583 0.78 0.32291666 0.7866667 0.31822917 0.7975 0.3125 0.8208333 0.315625 0.85 0.34947917 0.8375 0.3765625 0.8358333 0.38489583 0.83416665 0.38802084 0.81083333 0.378125 0.79083335 0.37552083 0.78 0.37604168 0.74583334 0.35260418 0.7475 0.3453125 0.7633333 0.3328125 0.7725 0.3296875 0.765 0.32395834 0.7133333 0.32291666 0.6666667 0.3328125 0.6425 0.33697918 0.645 0.340625 0.66 0.3578125 0.6525
14 0.46770832 0.6433333 0.43177083 0.6475 0.42760417 0.6575 0.41979167 0.64916664 0.375 0.65416664 0.35729167 0.6533333 0.340625 0.66 0.33697918 0.645 0.3328125 0.6425 0.32291666 0.6666667 0.32395834 0.7125 0.3296875 0.76416665 0.3328125 0.7725 0.34583333 0.7633333 0.35260418 0.7475 0.38541666 0.745 0.47395834 0.73583335 0.521875 0.73 0.5338542 0.7325 0.54583335 0.73333335 0.5755208 0.7325 0.5729167 0.695 0.56927085 0.6483333 0.5677083 0.61 0.54895836 0.61083335 0.53697914 0.625 0.5130208 0.6358333 0.4859375 0.6383333
14 0.46302083 0.46416667 0.53020835 0.43083334 0.53697914 0.4325 0.53541666 0.43416667 0.51927084 0.4425 0.49947917 0.46083334 0.4984375 0.4625 0.49427083 0.47 0.49270833 0.47416666 0.49322918 0.47833332 0.5 0.49416667 0.52708334 0.5025 0.52916664 0.50416666 0.540625 0.51916665 0.55625 0.5941667 0.5598958 0.61 0.54895836 0.6116667 0.5375 0.625 0.5130208 0.635 0.48072916 0.48916668 0.46614584 0.47833332
14 0.225 0.4525 0.20104167 0.43583333 0.18958333 0.46416667 0.19166666 0.48583335 0.1859375 0.51166666 0.10625 0.7441667 0.096875 0.75666666 0.0890625 0.75416666 0.08802083 0.7625 0.1546875 0.82166666 0.1578125 0.8125 0.15677084 0.785 0.20520833 0.6483333 0.228125 0.56916666 0.21979167 0.5733333 0.20364584 0.56666666 0.209375 0.53 0.21822916 0.48166665
14 0.34427083 0.5158333 0.25104168 0.475 0.2265625 0.44916666 0.2234375 0.45833334 0.2140625 0.50083333 0.20364584 0.56666666 0.21979167 0.57416666 0.23489584 0.56083333 0.31979167 0.5933333 0.3765625 0.61833334 0.40572917 0.6325 0.42760417 0.65833336 0.43125 0.6483333 0.4390625 0.615 0.44375 0.5566667 0.44427082 0.535 0.43177083 0.5375 0.42447916 0.5441667 0.40364584 0.54333335
14 0.3015625 0.44916666 0.37135416 0.43833333 0.38020834 0.46833333 0.37552083 0.48166665 0.371875 0.49166667 0.37760416 0.5308333 0.30833334 0.5 0.30208334 0.45916668 0.30104166 0.4525
14 0.36458334 0.35583332 0.3578125 0.35916665 0.353125 0.36083335 0.34322917 0.37083334 0.34270832 0.3775 0.35364583 0.40833333 0.36614582 0.43916667 0.37135416 0.43833333 0.3796875 0.46666667 0.39322916 0.4575 0.38385418 0.42 0.37916666 0.41 0.36614582 0.38583332 0.36510417 0.37916666 0.3640625 0.36 0.36614582 0.35666665
14 0.43385416 0.3175 0.38072917 0.34583333 0.3640625 0.35916665 0.36458334 0.37916666 0.36614582 0.38583332 0.38020834 0.41333333 0.38385418 0.42 0.39322916 0.4575 0.4 0.48833334 0.41458333 0.5441667 0.42395833 0.5441667 0.43177083 0.5375 0.44427082 0.535 0.44375 0.5566667 0.4390625 0.615 0.43697917 0.625 0.44114584 0.64666665 0.46770832 0.6433333 0.4765625 0.6408333 0.4859375 0.6383333 0.49947917 0.63666666 0.475 0.5316667 0.45520833 0.4475 0.44166666 0.39166668 0.43854168 0.37333333 0.4359375 0.3675 0.44010416 0.355 0.43958333 0.34 0.43541667 0.32166666
14 0.45885417 0.27833334 0.39427084 0.3375 0.39375 0.33833334 0.41458333 0.32833335 0.43333334 0.3175 0.4359375 0.3225 0.43958333 0.34 0.44010416 0.355 0.4359375 0.3675 0.43854168 0.37333333 0.44166666 0.39166668 0.48802084 0.34666666 0.54270834 0.29583332 0.571875 0.27416667 0.57395834 0.26666668 0.5708333 0.255 0.5630208 0.26166666 0.53489584 0.17583333 0.53125 0.18333334 0.51979166 0.21083333 0.5286458 0.21666667 0.52447915 0.23166667 0.5005208 0.29333332 0.4890625 0.32166666 0.48020834 0.305 0.4703125 0.28833333 0.46145833 0.28083333
14 0.44739583 0.15 0.46197918 0.12833333 0.46770832 0.135 0.47604167 0.1525 0.48541668 0.17833333 0.49010417 0.19833334 0.44479167 0.15333334
14 0.40104166 0.21333334 0.30989584 0.30333334 0.2890625 0.325 0.28489584 0.315 0.28177083 0.33083335 0.28229168 0.34 0.2953125 0.3825 0.30729166 0.42666668 0.31197917 0.425 0.31927082 0.42 0.3203125 0.4125 0.3171875 0.39666668 0.44895834 0.26416665
14 0.3875 0.09166667 0.44895834 0.1575 0.50572914 0.21333334 0.5130208 0.21 0.5286458 0.2175 0.525 0.23083334 0.48958334 0.3225 0.47083333 0.28833333 0.46197918 0.28166667 0.45885417 0.2775 0.44739583 0.26333332 0.39270833 0.20416667 0.31979167 0.12416667 0.32239583 0.1175 0.32864583 0.115 0.33385417 0.11333334 0.33697918 0.108333334 0.3390625 0.09 0.34322917 0.064166665 0.35052082 0.041666668 0.35572916 0.053333335 0.36770833 0.06583333 0.3828125 0.085
14 0.6921875 0.69666666 0.80833334 0.7275 0.8197917 0.71666664 0.82708335 0.7158333 0.83125 0.7241667 0.83229166 0.7341667 0.83177084 0.745 0.82239586 0.74583334 0.821875 0.83666664 0.8119792 0.8375 0.8130208 0.8325 0.8109375 0.82666665 0.8046875 0.8175 0.7682292 0.80833334 0.63854164 0.77416664 0.65520835 0.68833333
