20 0.31927082 0.0016666667 0.29947916 0.0 0.165625 0.0 0.16041666 0.0 0.16197917 0.04083333 0.16770834 0.10166667 0.17447917 0.15166667 0.17760417 0.2 0.19010417 0.27916667 0.20416667 0.4 0.21979167 0.5125 0.22760417 0.53 0.23541667 0.5341667 0.24010417 0.53333336 0.25416666 0.5183333 0.26770833 0.51416665 0.28385416 0.50916666 0.2921875 0.5075 0.2984375 0.43 0.32604167 0.39583334 0.35833332 0.3675 0.3515625 0.36083335 0.25208333 0.07666667 0.31458333 0.08166666 0.3203125 0.083333336 0.31979167 0.0275 0.31875 0.020833334
20 0.7671875 0.08583333 0.72760415 0.021666666 0.7125 0.0 0.6328125 0.0 0.5072917 0.1375 0.46666667 0.18666667 0.44739583 0.22083333 0.44791666 0.23916666 0.45520833 0.35 0.47135416 0.36333334 0.5109375 0.4275 0.52708334 0.43833333 0.53489584 0.41666666 0.5364583 0.39666668 0.53489584 0.38583332 0.5416667 0.3725 0.5463542 0.37083334 0.5546875 0.36583334 0.57135415 0.32916668 0.58125 0.32083333 0.5932292 0.31666666 0.59947914 0.28666666 0.6067708 0.27666667 0.6234375 0.27166668 0.6432292 0.25583333 0.6625 0.22083333 0.6890625 0.19083333 0.7203125 0.1575 0.7552083 0.12666667 0.7651042 0.115 0.7703125 0.10666667
20 0.9484375 0.14083333 0.9270833 0.13333334 0.90260416 0.125 0.8901042 0.11666667 0.85625 0.079166666 0.8328125 0.064166665 0.81875 0.07083333 0.81145835 0.11 0.8041667 0.16416667 0.80833334 0.1775 0.815625 0.18583333 0.8125 0.2075 0.8015625 0.21166667 0.76458335 0.22166666 0.73802084 0.26 0.69739586 0.34166667 0.6921875 0.35583332 0.68177086 0.39416668 0.66614586 0.43166667 0.66197914 0.44583333 0.66197914 0.46 0.66770834 0.475 0.7395833 0.59583336 0.746875 0.6 0.7546875 0.58666664 0.7703125 0.5316667 0.7859375 0.48666668 0.84166664 0.41666666 0.85052085 0.39416668 0.9234375 0.27166668 0.9447917 0.22666667 0.94947916 0.21 0.95 0.17916666 0.95104164 0.1575
20 0.7296875 0.2725 0.7182292 0.25833333 0.68645835 0.2125 0.6802083 0.20166667 0.6640625 0.22 0.6411458 0.25916666 0.61927086 0.27416667 0.6078125 0.27583334 0.5989583 0.2875 0.59375 0.31583333 0.5807292 0.32166666 0.56875 0.33 0.5546875 0.36583334 0.54791665 0.37 0.5473958 0.38416666 0.54791665 0.40416667 0.54322916 0.44666666 0.5416667 0.46 0.53541666 0.46916667 0.515625 0.4825 0.484375 0.49833333 0.46145833 0.51666665 0.45260417 0.535 0.45052084 0.5566667 0.4484375 0.56166667 0.44583333 0.56916666 0.43958333 0.5708333 0.42291668 0.5975 0.415625 0.6125 0.46875 0.7008333 0.5265625 0.765 0.5338542 0.76 0.5421875 0.7416667 0.53333336 0.7183333 0.52239585 0.705 0.5151042 0.6775 0.51458335 0.6508333 0.51875 0.62166667 0.50677085 0.6125 0.48125 0.6066667 0.45989582 0.6333333 0.46979168 0.5941667 0.49322918 0.5375 0.50989586 0.5275 0.528125 0.49333334 0.56614584 0.4475 0.5734375 0.445 0.578125 0.4475 0.5833333 0.45 0.5890625 0.46416667 0.58697915 0.485 0.59479165 0.51 0.6041667 0.5391667 0.6078125 0.5541667 0.61041665 0.59166664 0.6109375 0.59833336 0.6265625 0.5808333 0.653125 0.5125 0.66302085 0.46666667 0.6609375 0.45916668 0.66041666 0.44833332 0.66510415 0.43416667 0.68333334 0.39166668 0.69114584 0.35416666 0.7239583 0.2875 0.7317708 0.275
20 0.74010414 0.835 0.7338542 0.7991667 0.71979165 0.745 0.696875 0.705 0.6734375 0.66083336 0.6557292 0.62416667 0.6302083 0.6 0.615625 0.6 0.6098958 0.5975 0.60833335 0.55333334 0.5864583 0.48333332 0.58802086 0.46 0.58385414 0.45083332 0.571875 0.44333333 0.565625 0.44583333 0.53020835 0.49083334 0.5125 0.525 0.49270833 0.54 0.46875 0.59833336 0.459375 0.6333333 0.48020834 0.6066667 0.5046875 0.61 0.5182292 0.62166667 0.5151042 0.65166664 0.51458335 0.67833334 0.521875 0.7008333 0.53489584 0.7225 0.5442708 0.74916667 0.5442708 0.74916667 0.546875 0.7558333 0.56145835 0.76416665 0.5703125 0.78 0.58489585 0.8208333 0.60052085 0.92083335 0.6067708 0.94166666 0.6098958 0.9458333 0.625 0.94666666 0.66822916 0.92333335 0.696875 0.895 0.7104167 0.8883333 0.7359375 0.865 0.7416667 0.8525 0.7421875 0.84833336
20 0.80833334 0.7083333 0.7994792 0.69666666 0.7885417 0.69416666 0.7578125 0.68916667 0.71510416 0.68 0.68333334 0.6775 0.7203125 0.7441667 0.7359375 0.8041667 0.7427083 0.84833336 0.73541665 0.8666667 0.7114583 0.885 0.6958333 0.895 0.6671875 0.92583334 0.6578125 0.9291667 0.67552084 0.9291667 0.75989586 0.92333335 0.78333336 0.91833335 0.7942708 0.91083336 0.7963542 0.8925 0.7953125 0.8566667 0.79791665 0.8325 0.8046875 0.805 0.81145835 0.7683333 0.8109375 0.73333335 0.81041664 0.715
20 0.43541667 0.645 0.43177083 0.705 0.42447916 0.86583334 0.43177083 0.8858333 0.44375 0.8883333 0.5677083 0.9066667 0.58385414 0.9066667 0.5989583 0.91083336 0.58385414 0.82 0.56927085 0.77916664 0.56041664 0.7633333 0.546875 0.7558333 0.5421875 0.7425 0.5359375 0.755 0.53333336 0.7608333 0.5265625 0.765 0.50208336 0.73833334 0.46927083 0.70166665 0.43645832 0.645
20 0.48125 0.49083334 0.45572916 0.47583333 0.4546875 0.5258333 0.45260417 0.535 0.46197918 0.5175 0.48125 0.5 0.48385417 0.4975 0.490625 0.495
20 0.3546875 0.565 0.35052082 0.585 0.34895834 0.6075 0.3484375 0.62 0.3484375 0.63916665 0.31822917 0.7316667 0.278125 0.82916665 0.2546875 0.8933333 0.27291667 0.915 0.32552084 0.9716667 0.36979166 1.0 0.39791667 1.0 0.43177083 0.89416665 0.434375 0.8858333 0.43125 0.885 0.4234375 0.865 0.43177083 0.7083333 0.43541667 0.6458333 0.41614583 0.6116667 0.425 0.5925 0.43958333 0.57 0.38072917 0.56666666 0.36041668 0.55916667 0.35572916 0.55916667
20 0.43125 0.10916667 0.38697916 0.090833336 0.28333333 0.07833333 0.25677082 0.0775 0.2515625 0.0775 0.26875 0.12916666 0.328125 0.2975 0.35052082 0.35833332 0.35729167 0.3675 0.32708332 0.39416668 0.29739583 0.43 0.2921875 0.515 0.29479167 0.5341667 0.30416667 0.5466667 0.34947917 0.55916667 0.37708333 0.565 0.43177083 0.5683333 0.44479167 0.5708333 0.45 0.55833334 0.45520833 0.5175 0.4578125 0.405 0.45416668 0.32333332 0.44895834 0.23833333 0.4375 0.1575 0.43385416 0.13083333
