18 0.38072917 0.40666667 0.45625 0.45083332 0.5265625 0.49416667 0.54479164 0.5058333 0.5515625 0.5158333 0.5546875 0.52416664 0.5546875 0.5341667 0.54322916 0.5883333 0.51666665 0.69166666 0.5130208 0.7058333 0.50416666 0.7125 0.49739584 0.71416664 0.48697916 0.7083333 0.47604167 0.7008333 0.46458334 0.68916667 0.45260417 0.6816667 0.43229166 0.6716667 0.3828125 0.64666665 0.35052082 0.62916666 0.321875 0.6125 0.31666666 0.6041667 0.31354168 0.58916664 0.3140625 0.57416666 0.325 0.52916664 0.34427083 0.44083333 0.35364583 0.40833333 0.36145833 0.40166667 0.36822918 0.40083334
18 0.28489584 0.0033333334 0.37291667 0.05 0.45208332 0.095 0.45677084 0.105 0.459375 0.119166665 0.44895834 0.16583334 0.42083332 0.285 0.4171875 0.3 0.40885416 0.3075 0.40104166 0.30916667 0.35833332 0.27666667 0.34375 0.265 0.33958334 0.25833333 0.2890625 0.245 0.25416666 0.23083334 0.21770833 0.21166667 0.21302083 0.18833333 0.215625 0.14833333 0.2203125 0.115 0.24166666 0.0 0.27760416 0.0
18 0.6479167 0.54833335 0.74583334 0.5125 0.7625 0.5075 0.7708333 0.51166666 0.7786458 0.52166665 0.78125 0.54833335 0.7953125 0.67583334 0.80677086 0.7975 0.80677086 0.8208333 0.8046875 0.8283333 0.7942708 0.8358333 0.76458335 0.845 0.74375 0.85583335 0.73645836 0.85833335 0.7161458 0.86083335 0.6921875 0.8691667 0.6869792 0.87 0.67864585 0.8625 0.675 0.85 0.671875 0.8125 0.6692708 0.7783333 0.6625 0.7366667 0.65625 0.69416666 0.6453125 0.61833334 0.63958335 0.5808333 0.63854164 0.565 0.6421875 0.555
18 0.6822917 0.495 0.6953125 0.5 0.73541665 0.5158333 0.6614583 0.5425 0.6640625 0.51916665 0.66822916 0.5058333 0.6734375 0.49833333
18 0.7838542 0.535 0.7885417 0.5416667 0.7921875 0.5525 0.79322916 0.56416667 0.7916667 0.58 0.7875 0.605 0.7796875 0.5341667
18 0.6255208 0.81666666 0.61927086 0.8025 0.6197917 0.78333336 0.6244792 0.7575 0.6484375 0.6433333 0.6578125 0.7083333 0.6666667 0.7608333 0.6692708 0.7783333 0.6734375 0.8358333 0.66822916 0.8358333 0.6515625 0.82916665 0.6354167 0.8233333
18 0.72864586 0.25833333 0.740625 0.22666667 0.75364584 0.19833334 0.76927084 0.17166667 0.8052083 0.095 0.8098958 0.085 0.81822914 0.0825 0.8276042 0.08416667 0.8463542 0.10666667 0.89635414 0.16833334 0.9171875 0.19583334 0.9213542 0.2075 0.9203125 0.2275 0.9057292 0.25583333 0.8755208 0.31583333 0.8520833 0.35166666 0.8333333 0.39916667 0.7973958 0.47166666 0.7890625 0.47666666 0.7838542 0.47583333 0.7708333 0.46166667 0.75 0.43666667 0.6979167 0.37 0.6880208 0.35833332 0.6869792 0.3375 0.6875 0.33083335 0.7135417 0.2825 0.72447914 0.2675
18 0.67760414 0.09166667 0.70416665 0.06666667 0.7421875 0.030833334 0.771875 0.005 0.78020835 0.0025 0.78697914 0.0075 0.7942708 0.0275 0.80260414 0.055833332 0.80885416 0.085 0.80052084 0.105 0.7671875 0.17416666 0.7505208 0.20416667 0.7375 0.235 0.72552085 0.265 0.71770835 0.27666667 0.696875 0.21333334 0.6890625 0.19083333 0.675 0.15666667 0.6666667 0.12833333 0.665625 0.11833333 0.66875 0.10333333
18 0.66875 0.26333332 0.69166666 0.20166667 0.7171875 0.27583334 0.7114583 0.28583333 0.6953125 0.31583333 0.6770833 0.30083334 0.6723958 0.29416665 0.66875 0.28083333 0.6671875 0.27083334
18 0.90416664 0.285 0.86927086 0.39583334 0.85572916 0.43 0.8489583 0.43916667 0.83958334 0.44166666 0.83125 0.44333333 0.81927085 0.43 0.83489585 0.39666668 0.84791666 0.36166668 0.85364586 0.34916666 0.8765625 0.31333333 0.9046875 0.25916666 0.9067708 0.265 0.90729165 0.27583334
18 0.1046875 0.35833332 0.1828125 0.21 0.21510416 0.15416667 0.2125 0.18833333 0.21822916 0.21166667 0.225 0.215 0.25520834 0.23166667 0.28333333 0.24333334 0.3390625 0.25916666 0.34322917 0.26416665 0.328125 0.28666666 0.3234375 0.30166668 0.3 0.34083334 0.28125 0.37333333 0.27083334 0.39916667 0.26458332 0.40916666 0.25416666 0.42166665 0.24791667 0.43416667 0.234375 0.47083333 0.21979167 0.50166667 0.2109375 0.5083333 0.2015625 0.505 0.18697916 0.48416665 0.15677084 0.44833332 0.10572917 0.3825 0.10208333 0.37
