18 0.15364583 0.35333332 0.12552084 0.43333334 0.0921875 0.52916664 0.06822917 0.59583336 0.052083332 0.6333333 0.050520834 0.63916665 0.0546875 0.6566667 0.0578125 0.6625 0.067708336 0.67083335 0.123958334 0.7108333 0.13229166 0.7175 0.13177083 0.6066667 0.1375 0.5908333 0.1453125 0.58416665 0.15989584 0.58416665 0.23541667 0.58166665 0.23802084 0.5808333 0.24947916 0.56 0.28177083 0.47333333 0.28489584 0.46666667 0.2828125 0.4475 0.27916667 0.4375 0.23958333 0.40583333 0.18489583 0.35666665 0.17135416 0.34333333 0.16666667 0.34416667
18 0.12916666 0.2425 0.17760417 0.21166667 0.1953125 0.1925 0.26927084 0.13333334 0.3125 0.1025 0.3140625 0.105 0.30572918 0.14083333 0.30520833 0.15916666 0.27916667 0.2375 0.25520834 0.32416666 0.25208333 0.3475 0.25989583 0.365 0.26666668 0.37083334 0.2765625 0.37833333 0.25416666 0.395 0.23958333 0.40583333 0.17239584 0.34416667 0.16770834 0.34416667 0.15416667 0.3525 0.15104167 0.35833332 0.122395836 0.26916668 0.125 0.25416666
18 0.33854166 0.039166667 0.38854167 0.06666667 0.43125 0.095 0.44427082 0.10583334 0.45260417 0.12 0.4546875 0.1375 0.43333334 0.21333334 0.4203125 0.21416667 0.41145834 0.21916667 0.4046875 0.23 0.39583334 0.33333334 0.3796875 0.43083334 0.36875 0.43916667 0.36614582 0.4375 0.3265625 0.415 0.27708334 0.37833333 0.25989583 0.36583334 0.25208333 0.34833333 0.2546875 0.32583332 0.26979166 0.27083334 0.278125 0.24 0.30520833 0.16 0.30572918 0.1375 0.31354168 0.104166664 0.32135418 0.055 0.33072916 0.044166666
18 0.45208332 0.09833334 0.5026042 0.11 0.5296875 0.111666664 0.5729167 0.108333334 0.628125 0.108333334 0.6380208 0.115 0.64635414 0.135 0.64635414 0.14583333 0.63958335 0.31416667 0.63489586 0.33083335 0.6255208 0.34083334 0.61510414 0.3425 0.57395834 0.33916667 0.55677086 0.325 0.540625 0.31666666 0.5463542 0.27166668 0.5375 0.25 0.53125 0.24333334 0.5015625 0.23583333 0.44739583 0.2225 0.4328125 0.21333334 0.45416668 0.13833334 0.453125 0.11833333 0.44427082 0.105 0.43802083 0.1
18 0.65729165 0.2475 0.6979167 0.21916667 0.77708334 0.17166667 0.82395834 0.14083333 0.8307292 0.14083333 0.8421875 0.15166667 0.84791666 0.19333333 0.8645833 0.25916666 0.8796875 0.32666665 0.878125 0.33833334 0.8734375 0.345 0.8140625 0.3425 0.72291666 0.33583334 0.71510416 0.33833334 0.70677084 0.34833333 0.7046875 0.35833332 0.6979167 0.35833332 0.6947917 0.36 0.671875 0.39166668 0.6557292 0.38333333 0.6390625 0.31916666 0.63958335 0.31083333 0.6421875 0.2575 0.64947915 0.25166667
18 0.909375 0.3425 0.9203125 0.34333333 0.93072915 0.35916665 0.9328125 0.375 0.93125 0.48333332 0.93385416 0.55083334 0.928125 0.565 0.921875 0.5733333 0.89479166 0.5733333 0.8328125 0.56916666 0.8072917 0.52166665 0.7630208 0.44583333 0.73802084 0.4075 0.7135417 0.36333334 0.70520836 0.35833332 0.7057292 0.35 0.7161458 0.33833334 0.72239584 0.33666667 0.80260414 0.34166667 0.8546875 0.345 0.87291664 0.345 0.90208334 0.3425
18 0.9088542 0.58916664 0.9401042 0.6475 0.946875 0.66 0.95104164 0.67333335 0.95 0.69 0.94635415 0.69666666 0.87916666 0.7783333 0.8578125 0.8041667 0.85260415 0.8066667 0.8432292 0.805 0.8354167 0.7975 0.79010415 0.70416665 0.8484375 0.6175 0.8484375 0.5933333 0.83489585 0.57 0.8989583 0.5725
18 0.6109375 0.51 0.6510417 0.57666665 0.6802083 0.63416666 0.7015625 0.67583334 0.7213542 0.715 0.73854166 0.7425 0.7427083 0.74833333 0.75 0.75166667 0.7604167 0.74916667 0.79114586 0.705 0.7994792 0.69 0.8484375 0.6175 0.8484375 0.5933333 0.83489585 0.57 0.8328125 0.56916666 0.7973958 0.50416666 0.7526042 0.43 0.7395833 0.41 0.7161458 0.36666667 0.7083333 0.36 0.7 0.35833332 0.6958333 0.36 0.6390625 0.44083333 0.61041665 0.48166665 0.609375 0.49666667
18 0.49322918 0.32083333 0.46822917 0.44166666 0.46145833 0.48583335 0.46354166 0.5025 0.46927083 0.515 0.48072916 0.5233333 0.5328125 0.55 0.57239586 0.5708333 0.5963542 0.58166665 0.64947915 0.6116667 0.65729165 0.61333334 0.6645833 0.61 0.6640625 0.60333335 0.6421875 0.56 0.6109375 0.5083333 0.609375 0.49583334 0.61041665 0.4825 0.6515625 0.4225 0.67395836 0.39083335 0.6255208 0.36833334 0.61302084 0.36666667 0.5765625 0.33916667 0.57395834 0.33916667 0.55677086 0.325 0.54010415 0.31583333 0.5385417 0.31333333 0.515625 0.3 0.5015625 0.30333334 0.49791667 0.3075
18 0.60833335 0.6666667 0.61927086 0.68416667 0.6234375 0.70916665 0.6614583 0.7816667 0.68385416 0.82166666 0.6958333 0.825 0.703125 0.8233333 0.7369792 0.7675 0.746875 0.75083333 0.7416667 0.74833333 0.721875 0.71666664 0.66510415 0.60583335 0.6640625 0.61083335 0.6567708 0.61333334 0.6489583 0.61083335 0.64739585 0.61083335 0.60520834 0.58666664 0.56458336 0.56666666 0.5515625 0.5966667 0.55052084 0.60583335 0.553125 0.62416667 0.58177084 0.655 0.59583336 0.6675 0.6015625 0.6666667
18 0.51770836 0.84833336 0.54375 0.85333335 0.55885416 0.85583335 0.59270835 0.87333333 0.6140625 0.88666666 0.63072914 0.8975 0.6359375 0.89916664 0.64375 0.8933333 0.64947915 0.88416666 0.6557292 0.84583336 0.665625 0.79 0.63958335 0.74 0.62395835 0.71 0.6197917 0.68416667 0.6088542 0.6666667 0.5963542 0.6675 0.58020836 0.6533333 0.5609375 0.6333333 0.5208333 0.6175 0.4859375 0.60333335 0.47864583 0.6075 0.4671875 0.62083334 0.46614584 0.62833333 0.44114584 0.7866667 0.440625 0.8 0.44114584 0.8075 0.45052084 0.8233333 0.45364583 0.8258333 0.48333332 0.835 0.5072917 0.8441667
18 0.45260417 0.58666664 0.41510418 0.6766667 0.41510418 0.68833333 0.41927084 0.70416665 0.45 0.73583335 0.4671875 0.62083334 0.47916666 0.60583335 0.48697916 0.60333335 0.56041664 0.6333333 0.55260414 0.625 0.55052084 0.6066667 0.5515625 0.5966667 0.5651042 0.5683333 0.5130208 0.5391667 0.509375 0.57166666 0.5046875 0.58666664 0.496875 0.5933333 0.48229167 0.59583336 0.47395834 0.59166664
18 0.37864584 0.44 0.3671875 0.53583336 0.371875 0.5516667 0.378125 0.55916667 0.4453125 0.58 0.45364583 0.5858333 0.47291666 0.5908333 0.4828125 0.59583336 0.4984375 0.5925 0.50572914 0.585 0.50885415 0.5725 0.5130208 0.54083335 0.47083333 0.5175 0.46354166 0.50333333 0.4609375 0.48583335 0.4734375 0.415 0.4890625 0.3425 0.49375 0.32 0.49791667 0.30833334 0.50208336 0.30166668 0.5161458 0.30083334 0.540625 0.31333333 0.54583335 0.27416667 0.5421875 0.26083332 0.5375 0.25083333 0.5307292 0.24416667 0.47291666 0.22916667 0.44739583 0.2225 0.43177083 0.21416667 0.41875 0.215 0.4109375 0.22 0.4046875 0.22916667 0.3953125 0.3325 0.3796875 0.42916667
18 0.15364583 0.58416665 0.25885418 0.5825 0.30677083 0.5825 0.33385417 0.575 0.3453125 0.575 0.35625 0.58916664 0.3578125 0.60083336 0.35989583 0.6525 0.36458334 0.7725 0.36145833 0.7816667 0.35625 0.7916667 0.34427083 0.7975 0.2578125 0.80333334 0.23645833 0.8025 0.19583334 0.81 0.14895834 0.81083333 0.1375 0.7966667 0.13333334 0.7733333 0.13229166 0.6475 0.1328125 0.60333335 0.1390625 0.5883333 0.1453125 0.58416665
