14 0.725 0.4025 0.7348958 0.44083333 0.7609375 0.5125 0.7578125 0.5125 0.74427086 0.5175 0.7192708 0.46083334 0.7114583 0.43666667 0.715625 0.425 0.7161458 0.4125 0.7234375 0.40666667
14 0.5375 0.62666667 0.5375 0.63166666 0.55572915 0.68083334 0.5640625 0.68666667 0.571875 0.68416667 0.5734375 0.6825 0.58802086 0.6558333 0.5911458 0.655 0.59375 0.6508333 0.6359375 0.615 0.67552084 0.575 0.6921875 0.56083333 0.6848958 0.5466667 0.6713542 0.5425 0.65729165 0.5283333 0.6510417 0.5158333 0.6479167 0.5125 0.64479166 0.5083333 0.6489583 0.5075 0.6479167 0.50333333 0.65208334 0.50083333 0.65260416 0.49416667 0.63854164 0.49916667 0.6375 0.5675 0.6234375 0.5808333 0.61302084 0.5908333 0.59791666 0.5975 0.5729167 0.5933333 0.5651042 0.6091667 0.534375 0.61333334
14 0.5171875 0.62083334 0.52708334 0.62833333 0.5286458 0.6358333 0.51770836 0.6483333 0.5072917 0.6666667 0.49739584 0.7008333 0.49322918 0.725 0.4921875 0.73333335 0.48489583 0.7291667 0.46770832 0.6975 0.4015625 0.6566667 0.31510416 0.5975 0.30520833 0.5975 0.28489584 0.5858333 0.28541666 0.57916665 0.290625 0.57 0.3046875 0.5516667 0.31510416 0.5258333 0.3046875 0.5208333 0.3078125 0.5133333 0.32239583 0.50916666 0.33489582 0.51666665 0.35677084 0.53 0.3765625 0.5858333 0.38385418 0.5825 0.38489583 0.555 0.44583333 0.5925 0.45104167 0.60083336 0.47083333 0.65166664 0.4859375 0.6716667 0.48697916 0.67 0.5083333 0.62666667 0.51354164 0.62
14 0.45364583 0.46416667 0.5046875 0.5566667 0.51197916 0.57 0.5078125 0.595 0.50625 0.60333335 0.50104165 0.6116667 0.5015625 0.6191667 0.51354164 0.6175 0.5125 0.6191667 0.4859375 0.6716667 0.47135416 0.65166664 0.44635418 0.5883333 0.409375 0.52416664
14 0.6421875 0.23 0.68958336 0.275 0.7192708 0.30083334 0.7395833 0.3075 0.75625 0.3225 0.7515625 0.32416666 0.74895835 0.3325 0.746875 0.34083334 0.7447917 0.34083334 0.74375 0.34833333 0.74114585 0.35 0.7416667 0.35916665 0.7375 0.3575 0.73854166 0.365 0.7348958 0.36833334 0.73541665 0.37333333 0.73229164 0.37583333 0.7317708 0.3825 0.72864586 0.385 0.7291667 0.39083335 0.7270833 0.39083335 0.72447914 0.4 0.721875 0.4075 0.7161458 0.4125 0.715625 0.42333335 0.7026042 0.41333333 0.68125 0.37833333 0.6333333 0.32583332 0.6354167 0.25166667
14 0.5625 0.12083333 0.56354165 0.1275 0.5651042 0.1425 0.5953125 0.1775 0.62135416 0.2025 0.59375 0.20666666 0.56354165 0.20583333 0.565625 0.23333333 0.5729167 0.24166666 0.5734375 0.26666668 0.5578125 0.24 0.5552083 0.23 0.5541667 0.22666667 0.55260414 0.235 0.53541666 0.22416666 0.51875 0.22416666 0.51875 0.21666667 0.52239585 0.19916667 0.53489584 0.16416667 0.53697914 0.16 0.546875 0.14416666 0.5515625 0.12666667
14 0.48645833 0.25166667 0.49479166 0.24833333 0.50208336 0.24166666 0.5052083 0.24333334 0.5078125 0.24 0.5109375 0.2425 0.51458335 0.24 0.5182292 0.2425 0.5208333 0.23916666 0.52447915 0.2425 0.5265625 0.23916666 0.528125 0.23833333 0.5307292 0.24166666 0.5338542 0.2375 0.53802085 0.24166666 0.54791665 0.23916666 0.55260414 0.235 0.5541667 0.22666667 0.55833334 0.24083333 0.5598958 0.26583335 0.55625 0.28083333 0.5520833 0.28666666 0.55572915 0.36333334 0.56458336 0.5075 0.5708333 0.5975 0.5651042 0.6091667 0.51197916 0.6175 0.50208336 0.6191667 0.50104165 0.6116667 0.50625 0.6025 0.51197916 0.5708333 0.5104167 0.56333333 0.5052083 0.40083334 0.509375 0.39333335 0.5421875 0.35833332 0.55364585 0.35666665 0.55364585 0.3525 0.5083333 0.28416666 0.4921875 0.25916666 0.48645833 0.26583335
14 0.4625 0.45166665 0.47447917 0.4775 0.4765625 0.50083333 0.48072916 0.51166666 0.49947917 0.5466667 0.50677085 0.5441667 0.50625 0.53833336 0.509375 0.53833336 0.5052083 0.40083334
14 0.453125 0.26666668 0.4609375 0.26583335 0.48072916 0.24666667 0.4890625 0.23666666 0.4890625 0.21583334 0.4921875 0.21666667 0.50104165 0.2425 0.49479166 0.24833333 0.48697916 0.25083333 0.48645833 0.265 0.4921875 0.26 0.4921875 0.2725 0.49583334 0.29166666 0.48802084 0.29666665 0.46822917 0.3225 0.4671875 0.32333332 0.46145833 0.305 0.4484375 0.29833335 0.43802083 0.2825 0.43802083 0.26916668 0.44895834 0.27
14 0.35416666 0.26166666 0.40520832 0.19333333 0.409375 0.20166667 0.40729168 0.22916667 0.44635418 0.29583332 0.46145833 0.33083335 0.45260417 0.3425 0.4265625 0.38 0.4 0.34333333 0.37395832 0.29083332 0.35989583 0.27583334 0.359375 0.27666667 0.35052082 0.27833334 0.3484375 0.27416667
14 0.55625 0.33833334 0.57708335 0.375 0.58125 0.50166667 0.5625 0.47083333 0.5546875 0.33916667
14 0.6333333 0.32916668 0.63854164 0.49916667 0.6375 0.5675 0.61302084 0.59166664 0.59739584 0.59833336 0.5729167 0.5933333 0.5708333 0.5975 0.571875 0.5775 0.58229166 0.5491667 0.5807292 0.50083333 0.57708335 0.3725 0.57395834 0.26416665 0.5729167 0.24166666 0.565625 0.23333333 0.56354165 0.20583333 0.5942708 0.20666666 0.63645834 0.20083334 0.64270836 0.1975 0.64375 0.2275 0.64270836 0.22833334 0.6354167 0.25166667 0.6333333 0.32583332
14 0.6432292 0.45666668 0.6489583 0.47083333 0.6432292 0.47916666 0.6380208 0.48166665 0.63697916 0.45166665
14 0.12604167 0.41833332 0.16302083 0.4275 0.22916667 0.40666667 0.2015625 0.50916666 0.15885417 0.5225 0.15364583 0.5391667 0.14322917 0.54083335 0.13125 0.5391667 0.13177083 0.5258333 0.13229166 0.5175 0.13229166 0.51166666 0.12916666 0.49
14 0.2734375 0.245 0.33229166 0.29916668 0.33229166 0.30916667 0.32552084 0.32083333 0.31875 0.31416667 0.28645834 0.42 0.24427083 0.5775 0.2359375 0.6308333 0.22604166 0.61583334 0.21197917 0.585 0.20260416 0.5758333 0.18645833 0.5908333 0.18177083 0.5858333 0.1921875 0.5475 0.2015625 0.50916666 0.22916667 0.4075 0.26927084 0.26 0.265625 0.24416667 0.2671875 0.2425
14 0.27135417 0.48833334 0.33125 0.4675 0.34375 0.4625 0.34895834 0.4675 0.359375 0.47083333 0.36927083 0.45833334 0.36458334 0.43416667 0.34635416 0.4025 0.3265625 0.3775 0.29635417 0.3875 0.28489584 0.425 0.26822916 0.4875
14 0.315625 0.35166666 0.36510417 0.29916668 0.36979166 0.29333332 0.38020834 0.3125 0.3859375 0.3375 0.41666666 0.39416668 0.37291667 0.4525 0.365625 0.43583333 0.34895834 0.40583333 0.32760417 0.37833333 0.31458333 0.35833332
14 0.35208333 0.4825 0.3734375 0.45083332 0.38958332 0.42916667 0.41666666 0.39333335 0.4171875 0.39166668 0.42604166 0.37916666 0.44895834 0.3475 0.48333332 0.30333334 0.48854166 0.29666665 0.49583334 0.29166666 0.4921875 0.2725 0.4921875 0.25916666 0.51770836 0.29833335 0.5390625 0.33083335 0.5520833 0.35 0.55364585 0.3525 0.55364585 0.35583332 0.5421875 0.3575 0.50989586 0.39166668 0.5052083 0.40083334 0.48125 0.42833334 0.4625 0.45083332 0.4140625 0.51666665 0.38489583 0.555 0.38385418 0.5825 0.3765625 0.5858333 0.35625 0.5283333 0.35052082 0.5108333 0.340625 0.52 0.33229166 0.515 0.34427083 0.49333334 0.34947917 0.4825
14 0.27083334 0.6775 0.29791668 0.79833335 0.30729166 0.8225 0.31354168 0.8325 0.31770834 0.82916665 0.31927082 0.8425 0.2703125 0.8691667 0.24791667 0.88416666 0.246875 0.88 0.2484375 0.8491667 0.190625 0.58666664 0.20260416 0.5758333 0.21197917 0.585 0.22604166 0.61583334 0.225 0.6616667 0.228125 0.66333336 0.25625 0.66333336
14 0.28333333 0.68 0.4046875 0.75416666 0.421875 0.76666665 0.42395833 0.7733333 0.42604166 0.7891667 0.43697917 0.7975 0.4390625 0.78333336 0.44270834 0.76166666 0.44947916 0.71416664 0.45416668 0.69166666 0.45052084 0.68666667 0.3140625 0.605 0.2765625 0.58 0.2671875 0.57416666 0.2546875 0.5808333 0.26510417 0.56166667 0.2640625 0.5566667 0.25572917 0.55 0.24427083 0.57666665 0.2359375 0.6308333 0.23541667 0.63 0.22604166 0.61583334 0.225 0.6616667 0.2265625 0.6625 0.25625 0.66333336 0.2703125 0.67583334
14 0.1734375 0.53333336 0.18020834 0.52916664 0.2 0.5158333 0.1921875 0.5475 0.18385416 0.57916665 0.17395833 0.56 0.17395833 0.5375
14 0.74375 0.51666665 0.80625 0.64 0.83020836 0.6825 0.84479165 0.6825 0.8588542 0.70416665 0.8588542 0.71 0.85625 0.7083333 0.85520834 0.71416664 0.8515625 0.71416664 0.8515625 0.7216667 0.846875 0.72083336 0.846875 0.7275 0.84583336 0.7291667 0.8421875 0.7275 0.84166664 0.73583335 0.83802086 0.7341667 0.8364583 0.74333334 0.8333333 0.7416667 0.83125 0.74833333 0.8276042 0.74833333 0.8276042 0.755 0.82447916 0.755 0.82135415 0.7625 0.81927085 0.7608333 0.81822914 0.7683333 0.81458336 0.7683333 0.81458336 0.775 0.8109375 0.7758333 0.8078125 0.7816667 0.80572915 0.79 0.7875 0.76416665 0.7838542 0.7341667 0.74791664 0.67333335 0.6921875 0.56083333 0.6848958 0.5466667 0.6713542 0.5425 0.65729165 0.5283333 0.6510417 0.5158333 0.64479166 0.50916666 0.6489583 0.5075 0.6479167 0.50416666 0.65208334 0.50083333 0.65260416 0.49416667 0.6557292 0.49333334 0.6567708 0.49 0.66041666 0.48666668 0.6645833 0.48 0.665625 0.47666666 0.66979164 0.47333333 0.6703125 0.46833333 0.67395836 0.46583334 0.6744792 0.4625 0.678125 0.46 0.6802083 0.45416668 0.68333334 0.4525 0.68333334 0.44666666 0.68645835 0.44666666 0.68854165 0.44 0.69322914 0.43583333 0.6984375 0.42583334 0.7109375 0.435 0.71979165 0.4625
