1 0.08020833 0.605 0.075520836 0.58416665 0.0578125 0.58916664 0.06302083 0.6166667 0.069270834 0.7058333 0.065104164 0.76 0.07239583 0.7625 0.08541667 0.7441667 0.15729167 0.75 0.2359375 0.75 0.24895833 0.78 0.25572917 0.755 0.26354167 0.69083333 0.27135417 0.62416667 0.26822916 0.58916664 0.25989583 0.5925 0.25364584 0.6141667 0.15364583 0.6166667 0.096875 0.61
4 0.31614584 0.6141667 0.26510417 0.67583334 0.25416666 0.76916665 0.26145834 0.77416664 0.3046875 0.7266667 0.34427083 0.68416667 0.36822918 0.68833333 0.396875 0.69083333 0.42395833 0.6725 0.44427082 0.6275 0.446875 0.6016667 0.44635418 0.57666665 0.43177083 0.5375 0.409375 0.50083333 0.38802084 0.495 0.36979166 0.495 0.35104167 0.50083333 0.33645833 0.5225 0.3265625 0.54583335 0.3203125 0.5783333
8 0.2046875 0.3975 0.23802084 0.45166665 0.25104168 0.45916668 0.26041666 0.48 0.2734375 0.5133333 0.29166666 0.53333336 0.3046875 0.5233333 0.31770834 0.49833333 0.33697918 0.46416667 0.37760416 0.40916666 0.42864582 0.34166667 0.44427082 0.3175 0.4453125 0.29916668 0.44010416 0.27916667 0.40833333 0.22 0.36822918 0.14833333 0.35416666 0.14416666 0.34322917 0.15916666 0.31875 0.20416667 0.26770833 0.28333333 0.2234375 0.3425 0.209375 0.36583334 0.20416667 0.38333333
12 0.44791666 0.23333333 0.42239583 0.24 0.43489584 0.27083334 0.44322917 0.28583333 0.4453125 0.30666667 0.44427082 0.3225 0.40833333 0.3675 0.41927084 0.44583333 0.43072918 0.49833333 0.4453125 0.5683333 0.459375 0.6358333 0.475 0.6383333 0.52916664 0.6075 0.55 0.5925 0.54322916 0.56083333 0.5390625 0.54 0.51666665 0.54333335 0.50208336 0.5441667 0.5052083 0.5133333 0.5005208 0.43666667 0.49270833 0.37083334 0.48125 0.3625 0.47291666 0.3425 0.46510416 0.3125 0.4703125 0.30666667 0.46354166 0.30166668
3 0.33697918 0.8183333 0.38958332 0.75 0.40364584 0.7375 0.41510418 0.7375 0.42083332 0.75666666 0.43229166 0.7808333 0.44270834 0.80583334 0.44947916 0.82416666 0.4546875 0.8491667 0.47291666 0.86583334 0.49270833 0.90416664 0.49270833 0.92 0.475 0.9483333 0.43072918 1.0 0.35052082 1.0 0.34479168 0.97333336 0.35208333 0.9325 0.33541667 0.92833334 0.31927082 0.92 0.3078125 0.89916664 0.30520833 0.88 0.3140625 0.85833335 0.32239583 0.84166664
5 0.6515625 0.5966667 0.58020836 0.7416667 0.5239583 0.82916665 0.62083334 0.9583333 0.6609375 1.0 0.6671875 1.0 0.7838542 0.77416664 0.8 0.74 0.73854166 0.6725 0.70885414 0.6675 0.6625 0.6141667
13 0.903125 0.75 0.79322916 0.8358333 0.7807292 0.8258333 0.76979166 0.8 0.80104166 0.7375 0.7395833 0.67333335 0.8265625 0.68 0.8697917 0.68333334 0.88072914 0.6825 0.9 0.7083333 0.91041666 0.7366667 0.91041666 0.74666667
2 0.94114584 0.44833332 0.95208335 0.525 1.0 0.7241667 1.0 0.41583332
20 0.84375 0.43083334 0.7973958 0.45 0.7760417 0.4825 0.7609375 0.5133333 0.728125 0.56583333 0.7135417 0.56166667 0.70520836 0.5441667 0.6723958 0.45666668 0.6041667 0.3325 0.59739584 0.30583334 0.59270835 0.3325 0.590625 0.43083334 0.59270835 0.4925 0.5864583 0.55083334 0.5864583 0.59166664 0.6067708 0.62166667 0.634375 0.625 0.6515625 0.595 0.659375 0.6066667 0.7057292 0.66583335 0.7515625 0.675 0.8822917 0.68416667 0.8890625 0.6575 0.8822917 0.495 0.87864584 0.455 0.8723958 0.43583333 0.86041665 0.43333334
14 0.7328125 0.42916667 0.6640625 0.30666667 0.6390625 0.25833333 0.621875 0.19416666 0.61510414 0.195 0.56458336 0.26583335 0.56458336 0.28333333 0.5989583 0.3075 0.6041667 0.33416668 0.67395836 0.4575 0.70208335 0.5375 0.7125 0.56083333 0.72760415 0.56666666 0.7661458 0.5025 0.77135414 0.4825 0.759375 0.4625 0.7453125 0.46166667
18 0.77708334 0.36083335 0.7671875 0.41916665 0.7630208 0.45 0.76770836 0.47166666 0.759375 0.4625 0.7453125 0.4625 0.7182292 0.40083334 0.7296875 0.30583334 0.746875 0.31 0.77239585 0.31833333 0.7760417 0.33 0.7786458 0.34166667
18 0.6489583 0.20416667 0.7203125 0.21416667 0.72864586 0.22166666 0.73541665 0.23166667 0.7359375 0.25 0.7296875 0.30583334 0.7182292 0.40416667 0.6666667 0.31333333 0.6432292 0.26666668 0.6380208 0.25666666 0.6234375 0.1975
18 0.60833335 0.19333333 0.6 0.20166667 0.59791666 0.20833333 0.59791666 0.2175 0.61614585 0.195
6 0.4859375 0.30583334 0.5890625 0.30333334 0.5963542 0.3075 0.5932292 0.33083335 0.59010416 0.435 0.5921875 0.49 0.5859375 0.55 0.5416667 0.545 0.53802085 0.53833336 0.5026042 0.5441667 0.5046875 0.5133333 0.49947917 0.42333335 0.49375 0.3725 0.4890625 0.34833333 0.48697916 0.3325 0.4875 0.3175 0.4875 0.31083333
19 0.43854168 0.0675 0.5307292 0.010833333 0.5395833 0.008333334 0.54895836 0.0175 0.59739584 0.22083333 0.5671875 0.26333332 0.56458336 0.28166667 0.5885417 0.3025 0.48697916 0.30416667 0.48854166 0.335 0.49427083 0.375 0.48020834 0.36 0.46458334 0.31833333 0.4703125 0.30833334 0.4625 0.3025 0.43489584 0.18 0.41354167 0.10666667 0.41614583 0.085 0.42239583 0.075
15 0.061979167 0.0033333334 0.072916664 0.0175 0.0828125 0.03 0.092708334 0.033333335 0.09583333 0.025833333 0.088541664 0.013333334 0.0875 0.0 0.0609375 0.0
1 0.067708336 0.70416665 0.0 0.70166665 0.0 0.37333333 0.032291666 0.3675 0.08802083 0.3625 0.08020833 0.385 0.063541666 0.40833333 0.061458334 0.45416668 0.0609375 0.6 0.067708336 0.6825
