9 0.06979167 0.40083334 0.045833334 0.43666667 0.009895833 0.4875 0.0 0.50666666 0.0 0.5491667 0.015104166 0.57166666 0.029166667 0.5925 0.040625 0.61083335 0.0578125 0.64 0.075 0.6666667 0.09427083 0.70666665 0.12135417 0.745 0.12083333 0.7525 0.12447917 0.75 0.13125 0.765 0.15 0.785 0.15729167 0.7916667 0.1578125 0.7966667 0.14270833 0.8275 0.12708333 0.8466667 0.13385417 0.855 0.14479166 0.82916665 0.15625 0.80333334 0.16822916 0.79083335 0.18020834 0.7658333 0.20833333 0.7241667 0.23802084 0.675 0.253125 0.64916664 0.2234375 0.605 0.1671875 0.53583336 0.153125 0.51916665 0.1234375 0.47666666 0.104166664 0.445 0.0984375 0.44916666 0.098958336 0.44
9 0.3359375 0.0375 0.32552084 0.024166666 0.31510416 0.015 0.30520833 0.0025 0.21979167 0.0 0.2 0.035833333 0.17864583 0.07083333 0.1578125 0.1075 0.1484375 0.12666667 0.14166667 0.135 0.15208334 0.14416666 0.1859375 0.18 0.20833333 0.2075 0.225 0.22333333 0.27916667 0.28416666 0.30364582 0.3125 0.30885416 0.31 0.30885416 0.3175 0.31927082 0.33 0.33125 0.33916667 0.3453125 0.3475 0.3546875 0.33 0.36302084 0.31166667 0.36614582 0.3025 0.37083334 0.29083332 0.38020834 0.28833333 0.39270833 0.25416666 0.40104166 0.23833333 0.38802084 0.24333334 0.37864584 0.24666667 0.37447917 0.24083333 0.37291667 0.24583334 0.334375 0.24583334 0.33333334 0.215 0.334375 0.13333334 0.3359375 0.04916667
9 0.41354167 0.0058333334 0.39947918 0.011666667 0.38645834 0.006666667 0.37604168 0.0 0.375 0.0033333334 0.3734375 0.0 0.33645833 0.00083333335 0.33645833 0.0375 0.334375 0.145 0.3328125 0.21333334 0.33489582 0.24416667 0.37291667 0.24583334 0.375 0.24 0.378125 0.24666667 0.40208334 0.23916666 0.4125 0.23166667 0.42552084 0.23083334 0.44791666 0.23833333 0.4609375 0.23583333 0.48125 0.22 0.48802084 0.21666667 0.5171875 0.2175 0.54010415 0.21666667 0.553125 0.21166667 0.56875 0.20833333 0.5708333 0.205 0.5703125 0.175 0.5677083 0.15416667 0.56666666 0.14416666 0.5619792 0.108333334 0.55885416 0.0025 0.5364583 0.0025 0.5234375 0.0 0.4328125 0.00083333335 0.42291668 0.00083333335
9 0.4109375 0.27166668 0.38125 0.28916666 0.37239584 0.2925 0.371875 0.29166666 0.38020834 0.28833333 0.38958332 0.2625 0.39479166 0.2625
9 0.35729167 0.3325 0.35364583 0.35916665 0.34479168 0.41583332 0.3328125 0.47083333 0.31979167 0.5366667 0.32447916 0.5425 0.31822917 0.5441667 0.3140625 0.57666665 0.30729166 0.61333334 0.33697918 0.6275 0.37135416 0.6433333 0.38333333 0.64416665 0.3890625 0.6383333 0.40104166 0.64666665 0.4203125 0.6641667 0.46510416 0.68916667 0.47708333 0.6275 0.47708333 0.62 0.47604167 0.62 0.45885417 0.56583333 0.4875 0.545 0.49322918 0.54 0.5005208 0.49833333 0.503125 0.48833334 0.49270833 0.49166667 0.4734375 0.50666666 0.46041667 0.52 0.44010416 0.52916664 0.43177083 0.5308333 0.428125 0.5325 0.41927084 0.50666666 0.39479166 0.445 0.36979166 0.37666667
9 0.50104165 0.22 0.46770832 0.23833333 0.44010416 0.25333333 0.41197917 0.27166668 0.37135416 0.29333332 0.3671875 0.29833335 0.3640625 0.30916667 0.35677084 0.3275 0.3625 0.35 0.37135416 0.38083333 0.3796875 0.40416667 0.39166668 0.4375 0.403125 0.4675 0.4203125 0.51 0.428125 0.53333336 0.44479167 0.52666664 0.46145833 0.5183333 0.48229167 0.49916667 0.49166667 0.49166667 0.5078125 0.48333332 0.49635416 0.455 0.4859375 0.4375 0.47916666 0.41333333 0.47083333 0.39916667 0.46822917 0.40583333 0.46145833 0.40083334 0.44010416 0.37333333 0.465625 0.33333334 0.47083333 0.33333334 0.4703125 0.32583332 0.48854166 0.29 0.50208336 0.2525 0.5083333 0.22583333 0.509375 0.2175
9 0.62708336 0.15666667 0.60364586 0.13416667 0.596875 0.12416667 0.58385414 0.115833335 0.5765625 0.125 0.565625 0.13333334 0.5697917 0.16833334 0.5703125 0.17916666 0.5708333 0.205 0.5677083 0.2075 0.55104166 0.2125 0.5390625 0.21666667 0.509375 0.21666667 0.5083333 0.22416666 0.50208336 0.2525 0.48854166 0.29 0.47083333 0.32583332 0.47083333 0.3325 0.46614584 0.33333334 0.4640625 0.335 0.44479167 0.36583334 0.44010416 0.37333333 0.4609375 0.40166667 0.46770832 0.405 0.4703125 0.39916667 0.47916666 0.4125 0.48645833 0.43916667 0.49635416 0.45416668 0.509375 0.48666668 0.528125 0.5225 0.5473958 0.5133333 0.5541667 0.50916666 0.5625 0.49416667 0.5625 0.4875 0.5640625 0.48666668 0.56614584 0.4875 0.5854167 0.46 0.60625 0.42833334 0.65416664 0.36083335 0.71666664 0.2775 0.6979167 0.25416666 0.68854165 0.25 0.67604166 0.23416667 0.671875 0.2275 0.6671875 0.2225 0.66197914 0.20666666 0.6557292 0.20166667
9 0.7807292 0.26333332 0.74583334 0.25833333 0.7427083 0.26416665 0.74010414 0.2575 0.7109375 0.2625 0.70416665 0.26166666 0.71770835 0.2775 0.70208335 0.2975 0.6765625 0.33166668 0.70520836 0.37916666 0.7348958 0.42833334 0.7651042 0.475 0.76770836 0.4325 0.76979166 0.41583332 0.7708333 0.3675 0.77760416 0.33833334 0.78125 0.29416665
9 0.7895833 0.51916665 0.765625 0.475 0.734375 0.42666668 0.6765625 0.33083335 0.65208334 0.36333334 0.6119792 0.41916665 0.56666666 0.4875 0.56354165 0.4875 0.5625 0.495 0.55572915 0.50666666 0.58229166 0.49083334 0.59739584 0.485 0.628125 0.47416666 0.63645834 0.53 0.634375 0.5341667 0.6380208 0.5375 0.6458333 0.585 0.6489583 0.60333335 0.6489583 0.6141667 0.64739585 0.62333333 0.65989584 0.665 0.67552084 0.7133333 0.6822917 0.7191667 0.6979167 0.705 0.7369792 0.6433333 0.76666665 0.595 0.7807292 0.57166666 0.80104166 0.54333335
9 0.5140625 0.53 0.4859375 0.54583335 0.45885417 0.565 0.47552082 0.6175 0.48072916 0.62 0.47760418 0.62666667 0.48958334 0.6675 0.49739584 0.6875 0.5 0.70416665 0.50989586 0.7175 0.5125 0.73083335 0.51875 0.7966667 0.5338542 0.87833333 0.53697914 0.90416664 0.58177084 0.885 0.609375 0.87166667 0.6302083 0.855 0.66197914 0.8358333 0.7015625 0.80583334 0.6901042 0.76416665 0.6791667 0.7316667 0.67395836 0.71 0.64739585 0.62333333 0.64947915 0.6125 0.6489583 0.6025 0.63854164 0.5375 0.634375 0.535 0.63697916 0.52916664 0.628125 0.47333333 0.5864583 0.48833334 0.553125 0.50916666 0.528125 0.5233333
9 0.0 0.55 0.0 1.0 0.029166667 1.0 0.056770835 0.9625 0.07604167 0.93083334 0.09739583 0.89 0.11927083 0.86083335 0.1265625 0.8475 0.14166667 0.8283333 0.1578125 0.7966667 0.1546875 0.79083335 0.13177083 0.765 0.123958334 0.75 0.12083333 0.75333333 0.12135417 0.74583334 0.09322917 0.705 0.075 0.6675 0.025 0.5858333 0.008333334 0.56166667
