15 0.37552083 0.55333334 0.38177082 0.6075 0.3421875 0.5933333 0.3234375 0.58666664 0.31197917 0.58 0.3078125 0.57416666 0.30625 0.5708333 0.3046875 0.56666666 0.30260417 0.56583333 0.30052084 0.565 0.30052084 0.55916667 0.29739583 0.55916667 0.29479167 0.55916667 0.29270834 0.5575 0.29270834 0.55083334 0.29322916 0.5466667 0.2953125 0.54333335 0.29583332 0.54333335 0.30104166 0.54583335 0.3015625 0.5475 0.30260417 0.5475 0.30416667 0.545 0.30572918 0.5441667 0.30885416 0.545 0.31197917 0.54 0.31458333 0.53583336 0.3265625 0.53583336 0.35833332 0.54583335
15 0.41197917 0.56583333 0.484375 0.5933333 0.51770836 0.60833335 0.5229167 0.6141667 0.525 0.62 0.52552086 0.62583333 0.525 0.63 0.51770836 0.64166665 0.5072917 0.6558333 0.41770834 0.62083334
15 0.35833332 0.31333333 0.35364583 0.32166666 0.35208333 0.32666665 0.3515625 0.33 0.35260418 0.34666666 0.35989583 0.42083332 0.37604168 0.56166667 0.38541666 0.635 0.38854167 0.65833336 0.3921875 0.6675 0.39583334 0.67083335 0.40052083 0.6725 0.40104166 0.6766667 0.403125 0.67833334 0.4046875 0.68083334 0.40520832 0.69083333 0.40677083 0.6925 0.40989584 0.6925 0.4125 0.6925 0.41458333 0.68666667 0.41041666 0.6791667 0.41354167 0.67333335 0.41354167 0.6716667 0.4125 0.6691667 0.41666666 0.6616667 0.41927084 0.6558333 0.41927084 0.6358333 0.41770834 0.62 0.41145834 0.56583333 0.4046875 0.51416665 0.39322916 0.415 0.38541666 0.3475 0.38229167 0.32666665 0.37864584 0.31583333 0.371875 0.31166667 0.36927083 0.31 0.36927083 0.30666667 0.36822918 0.305 0.365625 0.30333334 0.36875 0.295 0.36770833 0.29166666 0.36666667 0.29083332 0.36458334 0.29 0.359375 0.28833333 0.35572916 0.29166666 0.35572916 0.29416665 0.35833332 0.30333334 0.3578125 0.30666667 0.3578125 0.31
15 0.42083332 0.26583335 0.41614583 0.2625 0.40989584 0.265 0.40104166 0.27333334 0.37447917 0.31333333 0.37864584 0.31583333 0.3828125 0.3275 0.3875 0.36333334 0.4109375 0.3275 0.40989584 0.31833333 0.409375 0.31583333 0.40520832 0.30916667 0.40729168 0.305 0.41145834 0.30083334 0.41354167 0.3025 0.415625 0.30833334 0.41614583 0.31083333 0.41927084 0.31166667 0.4203125 0.3125 0.428125 0.29833335 0.43020833 0.28666666 0.42864582 0.28 0.42760417 0.27666667 0.43020833 0.275 0.43020833 0.27083334 0.43697917 0.2675 0.43697917 0.26333332 0.43645832 0.25916666 0.43333334 0.25333333 0.42864582 0.26083332 0.42760417 0.26416665 0.42604166 0.2625 0.42447916 0.26083332 0.42291668 0.26333332
15 0.4140625 0.34333333 0.39427084 0.38166666 0.390625 0.39083335 0.39479166 0.43166667 0.39791667 0.43333334 0.4015625 0.43333334 0.4078125 0.43 0.43697917 0.3775 0.4375 0.37416667 0.41875 0.35166666 0.415625 0.34583333
15 0.45729166 0.33333334 0.43541667 0.31333333 0.43020833 0.31 0.42447916 0.31 0.4203125 0.31333333 0.41875 0.31166667 0.41614583 0.31083333 0.415625 0.30916667 0.4140625 0.3025 0.41197917 0.30083334 0.40729168 0.30416667 0.40520832 0.30916667 0.40989584 0.31583333 0.4109375 0.32833335 0.41354167 0.32666665 0.41354167 0.33416668 0.41354167 0.33833334 0.41458333 0.34333333 0.41614583 0.34666666 0.41822916 0.35166666 0.43802083 0.37416667 0.45677084 0.395 0.5 0.44333333 0.54479164 0.49666667 0.55364585 0.5058333 0.5703125 0.5258333 0.5796875 0.53333336 0.58697915 0.5341667 0.5921875 0.53 0.5921875 0.53333336 0.5942708 0.53333336 0.596875 0.5325 0.6 0.5391667 0.6 0.5441667 0.6046875 0.5391667 0.60729164 0.5325 0.60260415 0.52666664 0.6015625 0.5258333 0.6 0.5225 0.59947914 0.51916665 0.59947914 0.51416665 0.5984375 0.5 0.5911458 0.485 0.56822914 0.45583335 0.50677085 0.385
15 0.40208334 0.83 0.40833333 0.8275 0.40885416 0.82 0.409375 0.8175 0.41041666 0.8175 0.4109375 0.8075 0.41197917 0.8 0.43541667 0.765 0.4828125 0.6958333 0.5072917 0.6558333 0.55364585 0.58916664 0.5630208 0.5775 0.56614584 0.575 0.57239586 0.57666665 0.575 0.5775 0.578125 0.5733333 0.58020836 0.57416666 0.58229166 0.57166666 0.58385414 0.56416667 0.58697915 0.56666666 0.5921875 0.575 0.5932292 0.58 0.59270835 0.5825 0.5859375 0.5875 0.5864583 0.59 0.5864583 0.5925 0.5854167 0.5933333 0.58489585 0.595 0.5864583 0.6016667 0.58489585 0.6125 0.58125 0.62083334 0.5671875 0.64 0.53802085 0.68333334 0.48333332 0.7625 0.43541667 0.83 0.43020833 0.835 0.42708334 0.8358333 0.42395833 0.835 0.42135417 0.8325 0.41875 0.83416665 0.41302082 0.835 0.4109375 0.8441667 0.40625 0.8383333 0.403125 0.83416665
15 0.5651042 0.5225 0.5630208 0.5258333 0.5598958 0.54083335 0.55833334 0.5725 0.5578125 0.58416665 0.56354165 0.5775 0.56614584 0.575 0.575 0.5775 0.578125 0.57416666 0.58020836 0.57416666 0.58229166 0.57166666 0.58385414 0.56416667 0.58697915 0.56666666 0.59010416 0.57166666 0.5911458 0.53583336 0.590625 0.5308333 0.5864583 0.5341667 0.58020836 0.53333336 0.5703125 0.5258333 0.565625 0.52
15 0.5890625 0.585 0.5833333 0.6791667 0.5765625 0.7658333 0.571875 0.82416666 0.5697917 0.85 0.56614584 0.865 0.56145835 0.8691667 0.55833334 0.87 0.55885416 0.87416667 0.5578125 0.87583333 0.55625 0.87666667 0.55677086 0.8808333 0.55833334 0.89166665 0.55625 0.8925 0.54895836 0.8925 0.54791665 0.8883333 0.54791665 0.88166666 0.5473958 0.87833333 0.54479164 0.87416667 0.54479164 0.87166667 0.5442708 0.8691667 0.5421875 0.865 0.540625 0.86 0.5395833 0.8541667 0.5390625 0.8475 0.54010415 0.83166665 0.5416667 0.80916667 0.55 0.69166666 0.55260414 0.6616667 0.56875 0.6383333 0.58125 0.62083334 0.58489585 0.6125 0.5864583 0.6016667 0.58489585 0.595 0.5854167 0.5933333 0.5864583 0.5925 0.5864583 0.59 0.5859375 0.58666664
15 0.47604167 0.21833333 0.43072918 0.31 0.43541667 0.3125 0.45833334 0.33416668 0.50416666 0.24333334 0.496875 0.23583333 0.484375 0.22666667 0.478125 0.22
15 0.52916664 0.14083333 0.5208333 0.14083333 0.51145834 0.15 0.49739584 0.17833333 0.5161458 0.19666667 0.5234375 0.20333333 0.5265625 0.20083334 0.5390625 0.17083333 0.5395833 0.1625 0.5395833 0.1575 0.53697914 0.15333334 0.53802085 0.15166667 0.5390625 0.15 0.5390625 0.14666666 0.54479164 0.145 0.5473958 0.14416666 0.5463542 0.13666667 0.54322916 0.13166666 0.54114586 0.12916666 0.5364583 0.12833333 0.53489584 0.13833334 0.5317708 0.13666667 0.5296875 0.13833334
15 0.5625 0.23666666 0.5265625 0.20333333 0.5234375 0.20333333 0.496875 0.17833333 0.48385417 0.16916667 0.478125 0.1675 0.47604167 0.1675 0.4734375 0.16833334 0.47135416 0.17166667 0.47135416 0.1725 0.46770832 0.17 0.46510416 0.17083333 0.46458334 0.17333333 0.46354166 0.17416666 0.459375 0.165 0.4578125 0.165 0.45729166 0.16583334 0.45520833 0.16833334 0.4546875 0.17333333 0.45520833 0.1775 0.45677084 0.18 0.4546875 0.18166667 0.45416668 0.18333334 0.45416668 0.18666667 0.4625 0.18583333 0.4609375 0.18833333 0.4609375 0.19 0.4625 0.19166666 0.46354166 0.19333333 0.46458334 0.1925 0.46458334 0.19833334 0.46666667 0.20333333 0.46822917 0.2075 0.46927083 0.21083333 0.4765625 0.21916667 0.48645833 0.22833334 0.49739584 0.23583333 0.51197916 0.25083333 0.5963542 0.32166666 0.6421875 0.35666665 0.65052086 0.36166668 0.6567708 0.36166668 0.6614583 0.35916665 0.6640625 0.355 0.66614586 0.35666665 0.66770834 0.35583332 0.671875 0.3625 0.675 0.35833332 0.67760414 0.35333332 0.67760414 0.34916666 0.67760414 0.34666666 0.675 0.34333333 0.671875 0.3425 0.67083335 0.34166667 0.66979164 0.33583334 0.6671875 0.335 0.66614586 0.32666665 0.66197914 0.31833333 0.6390625 0.29833335 0.60052085 0.26916668
15 0.5755208 0.455 0.5640625 0.4025 0.5625 0.39166668 0.5640625 0.38166666 0.5677083 0.3725 0.56666666 0.37083334 0.56822914 0.365 0.5619792 0.355 0.56875 0.3475 0.5703125 0.34833333 0.57239586 0.36083335 0.57447916 0.36083335 0.57604164 0.36333334 0.5765625 0.36666667 0.5807292 0.3675 0.58697915 0.37333333 0.59739584 0.39916667 0.6375 0.555 0.62916666 0.56416667 0.6265625 0.57 0.625 0.5775 0.62395835 0.58166665 0.6223958 0.5825 0.6166667 0.5825 0.61510414 0.59166664 0.6145833 0.595 0.60052085 0.5441667 0.60520834 0.5391667 0.60729164 0.5325 0.6015625 0.5258333 0.59947914 0.52166665 0.59947914 0.51916665 0.59947914 0.5133333 0.5984375 0.5 0.5911458 0.485 0.5796875 0.47083333
15 0.6171875 0.6016667 0.6255208 0.63416666 0.63854164 0.68 0.64270836 0.68833333 0.653125 0.6958333 0.6546875 0.69666666 0.6546875 0.69916666 0.65625 0.7008333 0.65729165 0.7008333 0.6567708 0.7125 0.6635417 0.7133333 0.66510415 0.71166664 0.6635417 0.705 0.6635417 0.70166665 0.6640625 0.69916666 0.6645833 0.6975 0.66510415 0.69416666 0.66510415 0.69166666 0.6640625 0.6875 0.6671875 0.68333334 0.66822916 0.6775 0.66770834 0.66583335 0.6640625 0.6475 0.65208334 0.60083336 0.6421875 0.60333335 0.6359375 0.6016667 0.6328125 0.5966667 0.63177085 0.60083336 0.6302083 0.6025 0.6276042 0.6016667 0.6265625 0.6 0.62604165 0.59583336 0.6203125 0.6041667 0.61875 0.6041667
15 0.67760414 0.5341667 0.6375 0.555 0.6296875 0.56416667 0.6265625 0.57 0.6244792 0.5808333 0.6223958 0.5825 0.6166667 0.5825 0.6145833 0.595 0.6171875 0.6016667 0.61875 0.6041667 0.6203125 0.6041667 0.62604165 0.595 0.62604165 0.6 0.62708336 0.60083336 0.6276042 0.6016667 0.6296875 0.6025 0.63072914 0.6025 0.63177085 0.60083336 0.6328125 0.5966667 0.6359375 0.6016667 0.64270836 0.60333335 0.65208334 0.60083336 0.7161458 0.565 0.76145834 0.54 0.81666666 0.51166666 0.8286458 0.5025 0.83020836 0.49833333 0.83177084 0.495 0.83385414 0.4925 0.8359375 0.48916668 0.84270835 0.49166667 0.8432292 0.4875 0.8432292 0.48166665 0.8432292 0.4775 0.8432292 0.47416666 0.84166664 0.46916667 0.840625 0.46916667 0.8375 0.46916667 0.834375 0.47333333 0.83177084 0.475 0.8307292 0.47583333 0.83020836 0.4775 0.8276042 0.47666666 0.82604164 0.47 0.82239586 0.46583334 0.8130208 0.46333334 0.8052083 0.46666667 0.7890625 0.47416666 0.77552086 0.47916666 0.7182292 0.5108333
15 0.24739583 0.5375 0.25364584 0.53 0.25364584 0.5275 0.25260416 0.5258333 0.25364584 0.5225 0.25625 0.52166665 0.2546875 0.5125 0.25625 0.50333333 0.26197916 0.49083334 0.3046875 0.42 0.35260418 0.34666666 0.35885417 0.4075 0.2875 0.51666665 0.275 0.5341667 0.26770833 0.53583336 0.2625 0.5325 0.25989583 0.5375 0.25677082 0.535 0.25052083 0.54583335 0.246875 0.54
