5 0.31614584 0.46083334 0.346875 0.415 0.35833332 0.4675 0.3625 0.48666668 0.36822918 0.52166665 0.36927083 0.5283333 0.3625 0.5233333 0.3578125 0.5183333 0.35 0.50916666 0.3375 0.49333334 0.32916668 0.48333332 0.3265625 0.48 0.32395834 0.47833332 0.3203125 0.47166666 0.31614584 0.46416667
5 0.43489584 0.2425 0.44635418 0.25416666 0.446875 0.2575 0.45208332 0.26666668 0.45625 0.27416667 0.44635418 0.27416667 0.41927084 0.28166667 0.4140625 0.2825 0.4171875 0.27583334 0.42552084 0.2575 0.43229166 0.24333334
5 0.45520833 0.63916665 0.4734375 0.6675 0.48177084 0.68333334 0.48854166 0.66083336 0.4921875 0.6475 0.5078125 0.61583334 0.4640625 0.63416666 0.4546875 0.6383333
5 0.56145835 0.49666667 0.55104166 0.5258333 0.54895836 0.5225 0.546875 0.51916665 0.5473958 0.5025 0.5416667 0.46666667 0.53697914 0.44166666 0.5463542 0.46 0.5619792 0.49333334 0.5625 0.495
5 0.5932292 0.5516667 0.5625 0.495 0.5619792 0.49333334 0.5515625 0.47166666 0.54583335 0.45916668 0.53697914 0.44166666 0.53229165 0.42083332 0.5161458 0.34916666 0.5140625 0.3375 0.51145834 0.33166668 0.51770836 0.31666666 0.51875 0.305 0.51666665 0.29583332 0.5151042 0.29166666 0.5182292 0.27583334 0.5364583 0.2525 0.55260414 0.23166667 0.57395834 0.20666666 0.59166664 0.1875 0.6020833 0.17833333 0.60052085 0.16416667 0.6 0.15916666 0.603125 0.1525 0.60572916 0.1525 0.60625 0.1575 0.609375 0.15666667 0.62395835 0.16583334 0.64270836 0.18083334 0.65833336 0.19916667 0.6671875 0.2125 0.6765625 0.22416666 0.68385416 0.24916667 0.69739586 0.28 0.7057292 0.30583334 0.7125 0.29416665 0.7182292 0.2775 0.71979165 0.27166668 0.72552085 0.28916666 0.72239584 0.31333333 0.71510416 0.35 0.7109375 0.3575 0.67760414 0.41 0.6578125 0.4425 0.64270836 0.46833333 0.62708336 0.4925 0.61822915 0.5075 0.60364586 0.5375 0.596875 0.5466667 0.5942708 0.55083334
5 0.76354164 0.31083333 0.7546875 0.32916668 0.75104165 0.335 0.74583334 0.33916667 0.73541665 0.34583333 0.7239583 0.35583332 0.7171875 0.36166668 0.7161458 0.3625 0.7171875 0.36666667 0.7421875 0.39916667 0.753125 0.4125 0.7651042 0.43333334 0.77916664 0.45666668 0.78802085 0.475 0.78020835 0.425 0.77552086 0.40333334 0.7739583 0.37916666 0.7729167 0.345 0.7739583 0.3225 0.77135414 0.31916666 0.77135414 0.31666666
5 0.93854165 0.13083333 0.95625 0.2275 0.9604167 0.2375 0.97291666 0.29083332 0.9916667 0.34916666 0.9994792 0.3775 1.0 0.4125 0.996875 0.415 0.99322915 0.41583332 0.9890625 0.41583332 0.97864586 0.42083332 0.9453125 0.44083333 0.9213542 0.45583335 0.88125 0.47833332 0.87083334 0.48833334 0.8567708 0.49666667 0.84270835 0.50666666 0.8333333 0.50916666 0.8255208 0.525 0.8197917 0.5375 0.81666666 0.5425 0.8098958 0.545 0.803125 0.5466667 0.80052084 0.5441667 0.78802085 0.47416666 0.7807292 0.425 0.775 0.40333334 0.7734375 0.34666666 0.7734375 0.33666667 0.7739583 0.3225 0.77135414 0.31916666 0.77135414 0.31666666 0.7630208 0.31 0.7546875 0.30333334 0.74583334 0.29666665 0.7416667 0.29333332 0.7395833 0.29166666 0.7395833 0.28916666 0.74114585 0.28666666 0.7447917 0.29083332 0.7494792 0.28666666 0.7630208 0.27916667 0.790625 0.25666666 0.815625 0.23583333 0.83958334 0.21583334 0.86354166 0.19583334 0.89479166 0.1675 0.90260416 0.15916666 0.90625 0.15916666 0.9171875 0.14833333 0.9244792 0.13833334 0.93177086 0.13333334 0.9359375 0.13083333
5 0.8041667 0.24333334 0.8203125 0.21166667 0.8364583 0.18416667 0.8489583 0.16166666 0.8598958 0.1375 0.8598958 0.13333334 0.8671875 0.123333335 0.87135416 0.1175 0.8989583 0.16333333 0.8744792 0.18583333 0.86354166 0.19583334 0.84270835 0.2125 0.8140625 0.23666666 0.803125 0.24583334
5 0.9703125 0.27833334 0.9953125 0.31916666 0.9984375 0.32333332 0.99375 0.33333334 0.9890625 0.34166667 0.984375 0.32583332 0.9796875 0.31166667 0.975 0.2975 0.97239584 0.29 0.96979165 0.27833334
5 0.8625 0.49666667 0.85520834 0.53333336 0.84739584 0.5566667 0.846875 0.56166667 0.8375 0.57416666 0.8276042 0.55583334 0.81822914 0.54083335 0.8203125 0.5366667 0.8255208 0.52416664 0.8333333 0.50916666 0.8432292 0.5058333 0.8625 0.49333334
5 0.5140625 0.26166666 0.49739584 0.26166666 0.47604167 0.27416667 0.44635418 0.27416667 0.37604168 0.2925 0.35729167 0.30166668 0.34322917 0.305 0.32916668 0.30583334 0.33072916 0.33 0.33229166 0.33166668 0.33489582 0.35 0.3453125 0.40666667 0.3546875 0.44916666 0.3625 0.4875 0.36875 0.5275 0.37916666 0.6025 0.38385418 0.64 0.384375 0.6483333 0.38385418 0.6508333 0.3890625 0.6725 0.45104167 0.63916665 0.5203125 0.61083335 0.57239586 0.58666664 0.56875 0.56333333 0.5671875 0.56 0.5640625 0.55583334 0.5630208 0.55583334 0.5609375 0.5466667 0.55572915 0.5366667 0.5494792 0.5225 0.546875 0.51916665 0.5473958 0.50333333 0.54375 0.4825 0.5385417 0.44916666 0.5317708 0.4175 0.5208333 0.37 0.5140625 0.3375 0.51197916 0.33166668 0.5171875 0.31666666 0.51875 0.305 0.51666665 0.295 0.5151042 0.2925 0.5182292 0.27583334 0.5151042 0.2625
