14 0.1640625 0.585 0.100520834 0.5758333 0.09322917 0.5733333 0.08385417 0.58166665 0.06822917 0.5825 0.0515625 0.58166665 0.047916666 0.58 0.05625 0.49833333 0.05625 0.48916668 0.056770835 0.4525 0.077083334 0.45583335 0.080729164 0.46083334 0.09375 0.47083333 0.10364583 0.48083332 0.1046875 0.4825 0.11302083 0.48 0.2625 0.505 0.27604166 0.5083333 0.27916667 0.5125 0.2953125 0.50916666 0.29895833 0.495 0.30572918 0.49666667 0.309375 0.5083333 0.30729166 0.5733333 0.30520833 0.6166667 0.30104166 0.62166667 0.28385416 0.6116667 0.27291667 0.5991667 0.26197916 0.59833336 0.1953125 0.5908333
14 0.061979167 0.715 0.088541664 0.7108333 0.116145834 0.705 0.12864584 0.7033333 0.13333334 0.685 0.140625 0.6825 0.13854167 0.6641667 0.13229166 0.6308333 0.12552084 0.62 0.122395836 0.57916665 0.1015625 0.5758333 0.092708334 0.5733333 0.08385417 0.5825 0.06302083 0.5825 0.065625 0.64416665 0.0640625 0.6575 0.061458334 0.67833334 0.0578125 0.685 0.058854166 0.69666666
14 0.18958333 0.4875 0.21041666 0.39916667 0.20729166 0.36 0.24479167 0.38416666 0.26458332 0.395 0.2671875 0.38833332 0.27864584 0.40083334 0.27395833 0.40916666 0.26458332 0.42416668 0.25416666 0.4625 0.24739583 0.5025 0.18854167 0.4925
14 0.12552084 0.715 0.165625 0.7291667 0.19166666 0.7375 0.18958333 0.7416667 0.19322917 0.7475 0.2 0.74833333 0.20625 0.7275 0.20729166 0.69916666 0.20364584 0.68666667 0.20833333 0.6766667 0.22864583 0.59583336 0.19270833 0.59166664 0.1671875 0.58666664 0.14895834 0.6741667 0.14114584 0.68083334 0.140625 0.68333334 0.13385417 0.68416667 0.128125 0.70416665
14 0.2359375 0.27416667 0.2265625 0.25666666 0.22395833 0.25333333 0.22552083 0.23833333 0.24791667 0.21166667 0.26822916 0.19916667 0.2890625 0.18916667 0.29375 0.20833333 0.29166666 0.23 0.30052084 0.27 0.334375 0.3675 0.3703125 0.48333332 0.371875 0.5 0.38645834 0.50083333 0.39010417 0.51166666 0.325 0.56416667 0.32083333 0.55583334 0.31875 0.5341667 0.30833334 0.5025 0.278125 0.40416667 0.2796875 0.4 0.27447918 0.39333335 0.23854166 0.28416666
14 0.29583332 0.7375 0.278125 0.755 0.27395833 0.76916665 0.2703125 0.7708333 0.26041666 0.73083335 0.25625 0.72083336 0.25052083 0.705 0.24427083 0.675 0.2375 0.65833336 0.2515625 0.65166664 0.26666668 0.65833336 0.38958332 0.5725 0.40260416 0.57 0.434375 0.53333336 0.45104167 0.50916666 0.45677084 0.51166666 0.46979168 0.55 0.48072916 0.6116667 0.4828125 0.62333333 0.46979168 0.63 0.46458334 0.61583334 0.45885417 0.62083334 0.4484375 0.62333333 0.32083333 0.7183333
14 0.24479167 0.64916664 0.26666668 0.615 0.2734375 0.62416667 0.28177083 0.6475 0.26666668 0.65833336 0.2515625 0.65166664 0.2421875 0.655
14 0.21770833 0.7133333 0.22395833 0.68666667 0.23802084 0.66 0.24479167 0.6741667 0.25052083 0.705 0.25625 0.7191667 0.25 0.71416664 0.24791667 0.7125 0.23697917 0.7225 0.23020834 0.7216667 0.22291666 0.71666664
14 0.34166667 0.71166664 0.41770834 0.795 0.42708334 0.8041667 0.43229166 0.81083333 0.4359375 0.805 0.44375 0.7966667 0.453125 0.80583334 0.44583333 0.8258333 0.44166666 0.83416665 0.4234375 0.86833334 0.4140625 0.88916665 0.4109375 0.8925 0.40260416 0.89166665 0.40520832 0.88416666 0.27864584 0.75416666 0.29635417 0.73833334 0.33802083 0.705
14 0.37447917 0.35666665 0.37447917 0.3925 0.37760416 0.4025 0.38125 0.4175 0.38541666 0.42 0.38854167 0.43166667 0.38958332 0.51166666 0.3921875 0.5725 0.40260416 0.5708333 0.43489584 0.53333336 0.44739583 0.51666665 0.44114584 0.415 0.44114584 0.40333334 0.44791666 0.38833332 0.45 0.38166666 0.44895834 0.35333332 0.39739582 0.35666665
14 0.44947916 0.34 0.45520833 0.34 0.45677084 0.34666666 0.50364584 0.33666667 0.51927084 0.33 0.5203125 0.3375 0.5125 0.345 0.51354164 0.35583332 0.50885415 0.3725 0.51197916 0.3875 0.5151042 0.485 0.5015625 0.48333332 0.5046875 0.545 0.50885415 0.64166665 0.50885415 0.6983333 0.48854166 0.705 0.47447917 0.7158333 0.46875 0.68333334 0.4734375 0.6641667 0.47604167 0.6566667 0.47395834 0.62833333 0.48333332 0.62333333 0.4703125 0.5491667 0.46302083 0.50083333 0.453125 0.38666666 0.45 0.35083333
14 0.39479166 0.7625 0.3921875 0.7325 0.39375 0.7133333 0.396875 0.6625 0.44895834 0.6225 0.4546875 0.6225 0.45833334 0.705 0.4640625 0.7083333 0.46875 0.715 0.4703125 0.7291667 0.46770832 0.74833333 0.42916667 0.75166667 0.4 0.7608333
14 0.5364583 0.87333333 0.509375 0.87333333 0.49895832 0.87666667 0.5005208 0.86583334 0.5026042 0.86583334 0.5026042 0.86083335 0.5046875 0.8433333 0.5083333 0.8333333 0.509375 0.8041667 0.5083333 0.6975 0.50885415 0.68 0.50885415 0.6383333 0.5052083 0.555 0.5015625 0.48333332 0.515625 0.485 0.5317708 0.48916668 0.5453125 0.48666668 0.5677083 0.48416665 0.5708333 0.485 0.5729167 0.49416667 0.57135415 0.5058333 0.56614584 0.5133333 0.5640625 0.5175 0.5630208 0.57 0.56614584 0.72333336 0.56614584 0.81666666 0.5677083 0.83166665 0.5671875 0.8691667 0.55 0.87
14 0.5807292 0.26916668 0.5671875 0.27416667 0.56145835 0.27166668 0.55260414 0.24666667 0.5671875 0.2325 0.57239586 0.22416666 0.5776042 0.215 0.57604164 0.195 0.5703125 0.175 0.57604164 0.1675 0.58385414 0.18333334 0.5890625 0.185 0.59375 0.18083334 0.67395836 0.19583334 0.7494792 0.20333333 0.77552086 0.20666666 0.7921875 0.2025 0.7864583 0.225 0.7765625 0.26166666 0.7895833 0.265 0.7942708 0.265 0.7864583 0.29083332 0.7760417 0.29166666 0.76875 0.2975 0.7005208 0.285 0.60833335 0.27333334 0.5911458 0.27166668
14 0.54375 0.41083333 0.53489584 0.40833333 0.5317708 0.40333334 0.5453125 0.3875 0.5734375 0.36083335 0.59166664 0.34416667 0.5989583 0.34083334 0.6 0.36583334 0.59583336 0.3675 0.615625 0.40166667 0.65260416 0.475 0.625 0.56666666 0.57916665 0.4775 0.55364585 0.42833334 0.55104166 0.41666666
14 0.58802086 0.33166668 0.6265625 0.275 0.65729165 0.27916667 0.659375 0.29833335 0.6802083 0.33666667 0.69635415 0.36416668 0.678125 0.35 0.67552084 0.3925 0.6734375 0.4075 0.6640625 0.43833333 0.64739585 0.41166666 0.62604165 0.375 0.6234375 0.36083335 0.62083334 0.3575 0.6098958 0.3575 0.60052085 0.355 0.6 0.355 0.59947914 0.34 0.59375 0.34333333
14 0.70677084 0.36666667 0.7291667 0.3275 0.7447917 0.29333332 0.76458335 0.29666665 0.77447915 0.32166666 0.821875 0.39916667 0.90833336 0.52 0.9135417 0.5183333 0.9166667 0.5283333 0.91041666 0.5733333 0.89947915 0.6016667 0.8880208 0.62666667 0.875 0.6175 0.87135416 0.60833335 0.86510414 0.58916664 0.86302084 0.5775 0.83125 0.53333336 0.79791665 0.4875 0.7390625 0.41166666 0.746875 0.405 0.74322915 0.3975 0.7338542 0.39166668 0.7296875 0.39 0.7260417 0.3875 0.7104167 0.375
14 0.640625 0.7391667 0.59270835 0.705 0.57916665 0.69416666 0.5875 0.65833336 0.60052085 0.65166664 0.6171875 0.6 0.62604165 0.5625 0.6567708 0.46083334 0.6645833 0.4375 0.6734375 0.4075 0.67552084 0.39333335 0.678125 0.35 0.72864586 0.39 0.7421875 0.39666668 0.74583334 0.40166667 0.74635416 0.405 0.7291667 0.42166665 0.69375 0.5516667 0.6578125 0.67 0.65416664 0.7191667 0.64947915 0.7325 0.6458333 0.7375
14 0.60364586 0.61 0.5989583 0.58916664 0.6020833 0.5808333 0.6088542 0.5808333 0.61302084 0.6 0.615625 0.60333335 0.6 0.65166664 0.5875 0.65833336 0.5833333 0.6741667 0.5734375 0.6558333 0.56666666 0.6625 0.565625 0.6641667 0.56458336 0.645 0.59479165 0.6166667
14 0.69427085 0.56 0.7114583 0.58916664 0.72447914 0.6075 0.7270833 0.615 0.72760415 0.62166667 0.69895834 0.6308333 0.678125 0.64166665 0.68333334 0.6691667 0.665625 0.645 0.6822917 0.59 0.6921875 0.5566667
14 0.7453125 0.81666666 0.7484375 0.82 0.7484375 0.8225 0.7104167 0.8925 0.7026042 0.9058333 0.6984375 0.9116667 0.68854165 0.8925 0.69166666 0.89 0.6880208 0.87916666 0.6880208 0.8725 0.67864585 0.8591667 0.67395836 0.8466667 0.6046875 0.71416664 0.640625 0.74 0.64635414 0.7375 0.6489583 0.7325 0.6546875 0.72 0.65729165 0.675 0.72864586 0.8066667 0.72552085 0.8275 0.7291667 0.8308333 0.740625 0.82
14 0.7328125 0.42583334 0.77760416 0.50083333 0.7875 0.5 0.7921875 0.50916666 0.8020833 0.5158333 0.8098958 0.5275 0.7682292 0.5858333 0.75104165 0.6091667 0.74635416 0.60333335 0.7447917 0.5975 0.746875 0.5883333 0.7447917 0.5758333 0.7296875 0.5541667 0.70416665 0.51416665 0.7296875 0.4225
14 0.041666668 0.36916667 0.027604166 0.35166666 0.025520833 0.33666667 0.08125 0.32916668 0.10885417 0.32583332 0.11145833 0.33416668 0.10885417 0.3425 0.0984375 0.34583333 0.11510417 0.47916666 0.104166664 0.48166665 0.09375 0.47083333 0.08177083 0.46083334 0.078125 0.45583335 0.056770835 0.45166665 0.055729166 0.48916668 0.046875 0.41166666
