17 0.28229168 0.15916666 0.2765625 0.14166667 0.265625 0.12416667 0.26041666 0.11833333 0.25052083 0.10583334 0.24375 0.0975 0.23854166 0.08833333 0.23541667 0.07833333 0.24166666 0.068333335 0.24270834 0.061666667 0.23958333 0.05 0.23177083 0.043333333 0.22604166 0.04083333 0.21927084 0.039166667 0.21197917 0.046666667 0.18802084 0.0725 0.15 0.108333334 0.11875 0.1425 0.1140625 0.14833333 0.10885417 0.16083333 0.10729167 0.17583333 0.114583336 0.19333333 0.128125 0.22166666 0.15989584 0.28916666 0.18385416 0.3425 0.20625 0.39166668 0.21458334 0.41083333 0.2203125 0.41666666 0.22864583 0.41666666 0.234375 0.415 0.26770833 0.3775 0.29479167 0.34416667 0.29635417 0.34 0.29270834 0.29166666 0.28385416 0.2425 0.278125 0.22583333 0.28333333 0.19833334 0.284375 0.18416667 0.28385416 0.16583334
17 0.15052083 0.27083334 0.14427084 0.2925 0.14322917 0.31083333 0.13385417 0.34083334 0.1203125 0.38333333 0.11770833 0.4025 0.1203125 0.42166665 0.13072917 0.46583334 0.1328125 0.47 0.14791666 0.48 0.1671875 0.48333332 0.18072917 0.47916666 0.19375 0.47583333 0.2015625 0.47583333 0.20885417 0.47916666 0.215625 0.49833333 0.2171875 0.47 0.22083333 0.465 0.225 0.4625 0.23489584 0.46166667 0.253125 0.46583334 0.25520834 0.455 0.28333333 0.36916667 0.29010418 0.35083333 0.234375 0.415 0.221875 0.4175 0.21458334 0.41 0.17083333 0.315
17 0.28541666 0.21416667 0.28125 0.21083333 0.27864584 0.22583333 0.28333333 0.24083333 0.28958333 0.27333334 0.2921875 0.29083332 0.29583332 0.33 0.30989584 0.28416666 0.30729166 0.2825 0.28854167 0.25166667 0.28645834 0.21333334
17 0.35729167 0.32166666 0.35625 0.33666667 0.34895834 0.36333334 0.33854166 0.4325 0.33385417 0.47083333 0.33333334 0.4775 0.33541667 0.48916668 0.3390625 0.49666667 0.34427083 0.505 0.37135416 0.51166666 0.39166668 0.515 0.41145834 0.5183333 0.43385416 0.52666664 0.47864583 0.54083335 0.49791667 0.545 0.51145834 0.5491667 0.52447915 0.5516667 0.5307292 0.5491667 0.53697914 0.5416667 0.54010415 0.53333336 0.546875 0.46666667 0.55260414 0.38666666 0.5552083 0.33666667 0.5546875 0.33083335 0.5520833 0.32333332 0.54895836 0.31666666 0.5442708 0.31166667 0.5385417 0.30833334 0.5104167 0.305 0.48541668 0.3 0.45989582 0.29916668 0.44739583 0.29666665 0.43802083 0.2925 0.43072918 0.30416667 0.41822916 0.30916667 0.39375 0.31583333 0.36666667 0.32 0.35677084 0.32083333
17 0.42552084 0.17083333 0.43072918 0.17166667 0.4375 0.17583333 0.44427082 0.19083333 0.45 0.19333333 0.45572916 0.19833334 0.465625 0.21 0.48385417 0.22916667 0.49322918 0.2325 0.496875 0.2325 0.50625 0.21916667 0.50885415 0.2125 0.51979166 0.20083334 0.5395833 0.1725 0.559375 0.12833333 0.57447916 0.08416667 0.58020836 0.061666667 0.5796875 0.0475 0.57604164 0.0375 0.5729167 0.031666666 0.55260414 0.02 0.521875 0.0 0.42760417 0.0 0.43125 0.008333334 0.43177083 0.053333335 0.43229166 0.123333335 0.43125 0.165 0.42447916 0.17083333
17 0.5442708 0.31 0.5453125 0.27416667 0.5473958 0.24333334 0.54895836 0.2375 0.55364585 0.22916667 0.55885416 0.225 0.6 0.22666667 0.6380208 0.235 0.6645833 0.24416667 0.6796875 0.24916667 0.6848958 0.25333333 0.6890625 0.265 0.6901042 0.275 0.6880208 0.28583333 0.68333334 0.30833334 0.6802083 0.32 0.6765625 0.32333332 0.67083335 0.32333332 0.66822916 0.32583332 0.6671875 0.33166668 0.6671875 0.34666666 0.66770834 0.3525 0.6723958 0.36166668 0.6765625 0.37083334 0.678125 0.37916666 0.6802083 0.41666666 0.6848958 0.45 0.68854165 0.5025 0.68958336 0.5258333 0.68645835 0.5375 0.6802083 0.5475 0.67395836 0.5516667 0.6171875 0.5541667 0.5875 0.5566667 0.5463542 0.5566667 0.54010415 0.54833335 0.5375 0.54083335 0.54010415 0.53333336 0.5473958 0.46416667 0.55572915 0.34166667 0.55572915 0.335 0.55364585 0.32833335 0.5484375 0.31583333 0.5453125 0.3125
17 0.6901042 0.27 0.69947916 0.25666666 0.709375 0.2325 0.71770835 0.21333334 0.721875 0.20333333 0.725 0.19083333 0.7291667 0.17916666 0.7390625 0.15416667 0.7583333 0.10666667 0.7682292 0.0825 0.771875 0.079166666 0.7760417 0.075833336 0.7817708 0.075 0.7864583 0.075 0.79270834 0.079166666 0.8052083 0.0925 0.834375 0.12166667 0.8567708 0.14 0.88645834 0.1675 0.8932292 0.17166667 0.8984375 0.18416667 0.89947915 0.19333333 0.89947915 0.20666666 0.88177085 0.24583334 0.85 0.31333333 0.8307292 0.35833332 0.8078125 0.41 0.7942708 0.44416666 0.7890625 0.4525 0.7817708 0.455 0.7734375 0.45333335 0.765625 0.44583333 0.7369792 0.415 0.7125 0.38916665 0.6723958 0.34333333 0.67083335 0.34 0.66875 0.32583332 0.67083335 0.32333332 0.6765625 0.32333332 0.6796875 0.32 0.68645835 0.2975 0.68958336 0.27583334
17 0.74322915 0.42333335 0.7453125 0.4525 0.74375 0.46666667 0.74010414 0.50083333 0.7427083 0.5208333 0.74895835 0.5325 0.7546875 0.5366667 0.8307292 0.5316667 0.865625 0.5325 0.8802083 0.5341667 0.88385415 0.5308333 0.88854164 0.525 0.8911458 0.52 0.89166665 0.48666668 0.89166665 0.42833334 0.8911458 0.35666665 0.8921875 0.29583332 0.8921875 0.23833333 0.8911458 0.2275 0.87395835 0.26166666 0.8520833 0.30833334 0.82395834 0.3725 0.80833334 0.4075 0.7942708 0.44416666 0.7890625 0.4525 0.7817708 0.455 0.7729167 0.45333335 0.7625 0.4425 0.74322915 0.4225
17 0.74375 0.13916667 0.74322915 0.1025 0.74427086 0.08583333 0.7421875 0.06583333 0.73541665 0.044166666 0.73333335 0.029166667 0.73072916 0.010833333 0.73333335 0.0 0.8541667 0.0 0.86041665 0.031666666 0.86354166 0.044166666 0.8697917 0.06916667 0.8802083 0.1075 0.8875 0.14 0.88177085 0.155 0.88177085 0.1625 0.85833335 0.14166667 0.83697915 0.1225 0.8 0.08583333 0.7921875 0.07833333 0.7859375 0.075 0.77708334 0.075833336 0.76875 0.08166666 0.746875 0.13416667
17 0.9015625 0.13166666 0.8932292 0.13583334 0.88854164 0.14083333 0.88177085 0.155 0.88177085 0.1625 0.8901042 0.17 0.8932292 0.17166667 0.8989583 0.18416667 0.89947915 0.20583333 0.8911458 0.2275 0.8921875 0.26166666 0.8921875 0.30416667 0.890625 0.35833332 0.8921875 0.36916667 0.94739586 0.38666666 0.9869792 0.39666668 0.99375 0.3975 1.0 0.40666667 1.0 0.11083333 0.95104164 0.1225 0.9088542 0.13
17 0.540625 0.0 0.54010415 0.006666667 0.54270834 0.0125 0.5729167 0.030833334 0.57604164 0.0375 0.5796875 0.048333332 0.58020836 0.06333333 0.5755208 0.08166666 0.59375 0.11666667 0.6171875 0.15833333 0.62395835 0.16916667 0.63072914 0.17333333 0.64166665 0.17583333 0.64947915 0.17583333 0.6510417 0.17833333 0.6515625 0.18083334 0.66197914 0.18583333 0.6765625 0.195 0.696875 0.20916666 0.7026042 0.21166667 0.709375 0.21166667 0.7135417 0.21 0.71770835 0.20583333 0.721875 0.2025 0.72760415 0.18083334 0.73802084 0.12 0.7421875 0.08166666 0.7416667 0.0675 0.7348958 0.045833334 0.73020834 0.011666667 0.7328125 0.0
17 0.24375 0.7941667 0.2296875 0.7916667 0.2171875 0.78833336 0.2109375 0.7875 0.20572917 0.785 0.20104167 0.7775 0.2 0.7725 0.1984375 0.7633333 0.203125 0.7133333 0.209375 0.65 0.2125 0.6141667 0.21302083 0.5975 0.21302083 0.5675 0.21614583 0.49666667 0.2171875 0.47666666 0.2171875 0.47083333 0.22135417 0.46416667 0.22447917 0.4625 0.23385416 0.46166667 0.25052083 0.465 0.25885418 0.46833333 0.28333333 0.485 0.29583332 0.49666667 0.30729166 0.51416665 0.31302083 0.51916665 0.32135418 0.5233333 0.33125 0.5341667 0.3609375 0.5625 0.365625 0.5683333 0.3625 0.5758333 0.35885417 0.58 0.353125 0.5825 0.34322917 0.58 0.33489582 0.58166665 0.33229166 0.585 0.3421875 0.6116667 0.35052082 0.6308333 0.353125 0.64416665 0.35572916 0.70166665 0.35625 0.7316667 0.34322917 0.7316667 0.3359375 0.73083335 0.3046875 0.7125 0.29114583 0.705 0.26927084 0.6958333 0.26145834 0.6975 0.2546875 0.7058333 0.2515625 0.715 0.24895833 0.73083335 0.246875 0.7558333 0.24635416 0.7783333 0.24427083 0.78833336
17 0.38125 0.73833334 0.378125 0.73833334 0.36979166 0.7341667 0.35572916 0.73083335 0.34427083 0.7316667 0.3359375 0.73083335 0.31302083 0.7175 0.29166666 0.705 0.26875 0.6958333 0.26145834 0.6975 0.25520834 0.7058333 0.2515625 0.71416664 0.24895833 0.7291667 0.246875 0.75666666 0.24635416 0.7775 0.24322917 0.7966667 0.23125 0.8516667 0.21822916 0.925 0.20989583 0.97 0.20520833 1.0 0.3671875 1.0 0.3734375 0.945 0.3765625 0.92 0.38125 0.88916665 0.37708333 0.88666666 0.378125 0.8333333 0.37916666 0.7825 0.38125 0.7425
17 0.37239584 0.965 0.39947918 0.9791667 0.4328125 1.0 0.3671875 1.0 0.37135416 0.96666664
17 0.38177082 0.64 0.38020834 0.70166665 0.38020834 0.7325 0.38125 0.735 0.38125 0.73833334 0.38125 0.745 0.3796875 0.77166665 0.37916666 0.7925 0.37760416 0.8475 0.37708333 0.88166666 0.37708333 0.88666666 0.38072917 0.8883333 0.41041666 0.89 0.42916667 0.8925 0.440625 0.895 0.45677084 0.89666665 0.4703125 0.8975 0.48125 0.89916664 0.50104165 0.905 0.5046875 0.905 0.50885415 0.9008333 0.51458335 0.89166665 0.51770836 0.88416666 0.51875 0.8775 0.5208333 0.8275 0.5203125 0.805 0.51979166 0.7966667 0.51979166 0.78583336 0.5229167 0.7558333 0.52552086 0.7325 0.525 0.725 0.51979166 0.7108333 0.51354164 0.7025 0.49791667 0.6791667 0.49010417 0.67 0.484375 0.66583335 0.46354166 0.66583335 0.45677084 0.6591667 0.45104167 0.6558333 0.43697917 0.6533333 0.4328125 0.65166664 0.428125 0.64166665 0.42291668 0.63416666 0.41822916 0.63 0.40260416 0.6333333 0.39791667 0.635 0.38229167 0.63916665
17 0.47864583 0.9008333 0.490625 0.9608333 0.49739584 1.0 0.5520833 1.0 0.56614584 0.99083334 0.6088542 0.9725 0.621875 0.96416664 0.625 0.82916665 0.6177083 0.80083334 0.61041665 0.75666666 0.6046875 0.7225 0.5953125 0.67333335 0.590625 0.65833336 0.58177084 0.645 0.56875 0.6358333 0.52552086 0.65 0.4859375 0.66583335 0.49010417 0.67 0.51197916 0.70166665 0.51875 0.70916665 0.52552086 0.72583336 0.52447915 0.7366667 0.5203125 0.78583336 0.5203125 0.7966667 0.5203125 0.8041667 0.5208333 0.8308333 0.51875 0.87833333 0.5171875 0.885 0.5140625 0.8933333 0.5078125 0.90166664 0.5026042 0.905 0.50104165 0.905 0.47916666 0.89916664
17 0.621875 0.9683333 0.6203125 1.0 0.5520833 1.0 0.5651042 0.9916667 0.6041667 0.9741667 0.61041665 0.97083336 0.621875 0.96416664
17 0.63177085 0.7191667 0.64947915 0.7183333 0.66875 0.71666664 0.7171875 0.7133333 0.74635416 0.70916665 0.76354164 0.71 0.76875 0.7133333 0.7739583 0.7216667 0.7760417 0.73 0.77708334 0.7366667 0.77447915 0.76416665 0.7760417 0.7925 0.775 0.8175 0.77135414 0.8408333 0.7708333 0.85 0.7739583 0.87833333 0.7734375 0.92583334 0.7760417 0.98333335 0.778125 1.0 0.62083334 1.0 0.62083334 1.0 0.621875 0.965 0.62291664 0.9266667 0.6234375 0.895 0.62395835 0.87083334 0.625 0.82916665 0.62604165 0.79833335 0.62708336 0.785 0.628125 0.7708333 0.6244792 0.7575 0.62291664 0.7441667 0.6234375 0.735 0.6265625 0.72583336 0.6296875 0.72083336
17 0.5598958 0.63666666 0.5671875 0.62333333 0.57395834 0.6175 0.6067708 0.6225 0.6588542 0.6358333 0.68072915 0.64416665 0.6947917 0.65166664 0.703125 0.66083336 0.70677084 0.675 0.7078125 0.69 0.6880208 0.70166665 0.6692708 0.71666664 0.65 0.7183333 0.6322917 0.7183333 0.62916666 0.72083336 0.62604165 0.7266667 0.6234375 0.73583335 0.62291664 0.7441667 0.6244792 0.75666666 0.628125 0.77 0.62708336 0.78833336 0.6255208 0.7991667 0.625 0.8275 0.61822915 0.80083334 0.60729164 0.73583335 0.596875 0.68 0.5953125 0.67333335 0.590625 0.6575 0.58177084 0.64416665 0.56875 0.6358333 0.5598958 0.6383333
17 0.6703125 0.7158333 0.6880208 0.70166665 0.7078125 0.69083333 0.71979165 0.68333334 0.7338542 0.6816667 0.740625 0.68 0.75104165 0.66833335 0.74895835 0.64666665 0.7484375 0.64 0.75208336 0.62833333 0.7682292 0.60333335 0.77552086 0.595 0.7838542 0.58666664 0.78697914 0.5833333 0.79375 0.5833333 0.7973958 0.5833333 0.7994792 0.5908333 0.8177083 0.6308333 0.8411458 0.675 0.8453125 0.68583333 0.83177084 0.75 0.8286458 0.765 0.809375 0.72 0.80104166 0.7008333 0.7963542 0.68833333 0.7921875 0.68583333 0.7875 0.685 0.7807292 0.685 0.775 0.68833333 0.7609375 0.70916665 0.7505208 0.70916665 0.7369792 0.71 0.6822917 0.7158333 0.66979164 0.71666664
17 0.7625 0.7083333 0.7760417 0.69 0.7786458 0.68666667 0.78125 0.685 0.7916667 0.685 0.7963542 0.68833333 0.81875 0.7425 0.8328125 0.77416664 0.8390625 0.78833336 0.84739584 0.81 0.85520834 0.8325 0.8578125 0.83916664 0.85364586 0.8641667 0.85364586 0.8691667 0.85572916 0.8725 0.8598958 0.8775 0.8640625 0.8808333 0.86875 0.905 0.8744792 0.92333335 0.8822917 0.93333334 0.88385415 0.935 0.8765625 0.9483333 0.871875 0.9625 0.86822915 0.98083335 0.865625 0.9875 0.8598958 1.0 0.859375 1.0 0.778125 1.0 0.77552086 0.98333335 0.7734375 0.92583334 0.7739583 0.87666667 0.7708333 0.85 0.77135414 0.8408333 0.775 0.8175 0.77552086 0.79083335 0.7739583 0.76416665 0.77708334 0.73583335 0.7739583 0.7216667 0.76875 0.7133333 0.76458335 0.71
17 0.99791664 0.91583335 0.98125 0.9141667 0.95729166 0.91333336 0.95 0.91333336 0.93854165 0.9175 0.93177086 0.92833334 0.92552084 0.9325 0.90989584 0.9375 0.89479166 0.94083333 0.88385415 0.935 0.8765625 0.9475 0.87135416 0.9608333 0.86822915 0.98083335 0.8598958 1.0 1.0 1.0
17 0.9994792 0.67333335 0.9947917 0.6725 0.9890625 0.68083334 0.978125 0.69 0.96458334 0.69083333 0.9453125 0.68833333 0.9421875 0.69166666 0.93854165 0.695 0.93385416 0.6958333 0.9265625 0.6925 0.92395836 0.68833333 0.8911458 0.6875 0.8723958 0.69083333 0.8640625 0.69416666 0.85833335 0.69916666 0.85364586 0.7058333 0.84947914 0.71166664 0.84739584 0.72083336 0.84947914 0.75666666 0.8567708 0.8233333 0.86145836 0.8641667 0.8640625 0.8808333 0.86875 0.90416664 0.8744792 0.92333335 0.884375 0.93666667 0.89375 0.94083333 0.9109375 0.9375 0.9291667 0.93 0.93177086 0.9275 0.93541664 0.9191667 0.94166666 0.915 0.9505208 0.9125 0.9828125 0.91333336 0.9984375 0.915
17 0.8442708 0.5325 0.84375 0.56333333 0.84479165 0.57666665 0.846875 0.5858333 0.8515625 0.59583336 0.8541667 0.6025 0.85572916 0.6116667 0.85572916 0.62166667 0.8520833 0.63 0.8463542 0.6383333 0.84270835 0.645 0.84270835 0.65833336 0.84791666 0.66833335 0.8510417 0.6775 0.86614585 0.6825 0.8822917 0.685 0.89479166 0.685 0.925 0.68833333 0.9427083 0.68916667 0.94427085 0.68833333 0.9609375 0.69083333 0.9661458 0.69166666 0.97760415 0.68916667 0.98229164 0.68583333 0.9890625 0.68 0.9953125 0.6675 0.9953125 0.66333336 0.9921875 0.6375 0.9895833 0.62333333 0.98125 0.5966667 0.97864586 0.58166665 0.98072916 0.56916666 0.9848958 0.56583333 0.98854166 0.55916667 0.996875 0.51 1.0 0.49916667 1.0 0.40666667 0.99375 0.39666668 0.9859375 0.39666668 0.9625 0.39083335 0.94114584 0.38416666 0.8911458 0.36833334 0.89166665 0.445 0.8911458 0.5208333 0.8875 0.5258333 0.8833333 0.5308333 0.8796875 0.5341667 0.8666667 0.5325 0.84479165 0.5316667
17 0.30416667 0.0016666667 0.29479167 0.006666667 0.28854167 0.011666667 0.28541666 0.023333333 0.28385416 0.04 0.28229168 0.11 0.28385416 0.17333333 0.28697917 0.21916667 0.28854167 0.25166667 0.30729166 0.28166667 0.31041667 0.28416666 0.32291666 0.295 0.3375 0.31 0.35364583 0.32083333 0.39479166 0.315 0.41927084 0.30916667 0.43020833 0.305 0.43385416 0.29916668 0.43802083 0.29166666 0.440625 0.28 0.4390625 0.26416665 0.43177083 0.21333334 0.425 0.18083334 0.42395833 0.17083333 0.43125 0.165 0.43177083 0.145 0.43177083 0.035833333 0.43125 0.0075 0.42760417 0.0
