8 0.2515625 0.2825 0.24479167 0.28416666 0.240625 0.2875 0.21041666 0.33083335 0.1734375 0.38416666 0.1921875 0.3725 0.20885417 0.3575 0.22083333 0.34833333 0.23020834 0.33916667 0.25104168 0.3225 0.25572917 0.32916668 0.25677082 0.32 0.27708334 0.30833334 0.2625 0.28666666 0.25572917 0.28333333
8 0.25104168 0.565 0.26875 0.605 0.2875 0.64416665 0.29635417 0.6558333 0.30364582 0.65833336 0.3078125 0.65833336 0.31197917 0.6558333 0.334375 0.6175 0.346875 0.59583336 0.36354166 0.58 0.38229167 0.5541667 0.39114583 0.5425 0.39427084 0.5308333 0.39322916 0.5183333 0.39114583 0.5108333 0.36927083 0.47583333 0.34635416 0.44583333 0.35260418 0.47833332 0.35 0.49 0.34791666 0.49583334 0.34479168 0.49916667 0.33645833 0.505 0.30572918 0.5208333 0.30260417 0.5175 0.3015625 0.5233333 0.290625 0.5275 0.27760416 0.53583336 0.24739583 0.5575
8 0.31145832 0.665 0.30625 0.66583335 0.28489584 0.68833333 0.26510417 0.70916665 0.24427083 0.72833335 0.23125 0.74333334 0.21927084 0.7558333 0.21666667 0.7608333 0.21354167 0.7725 0.21354167 0.7808333 0.22239584 0.80833334 0.240625 0.84166664 0.25104168 0.865 0.2609375 0.9 0.26822916 0.92 0.28697917 0.985 0.29375 0.98083335 0.32447916 0.9525 0.375 0.91833335 0.4078125 0.8925 0.40260416 0.87916666 0.39375 0.8441667 0.38958332 0.8375 0.38489583 0.8325 0.38177082 0.8325 0.37708333 0.81666666 0.35729167 0.76416665 0.34479168 0.72583336 0.32552084 0.67083335 0.31822917 0.665
8 0.43072918 0.49333334 0.41197917 0.4925 0.40729168 0.49333334 0.40208334 0.4975 0.39895833 0.5025 0.39791667 0.5075 0.39635417 0.5825 0.39479166 0.5875 0.39114583 0.6383333 0.38854167 0.67 0.38854167 0.6825 0.39270833 0.69416666 0.39635417 0.7033333 0.403125 0.70666665 0.43802083 0.70666665 0.47708333 0.70666665 0.484375 0.70916665 0.521875 0.715 0.5473958 0.72583336 0.5494792 0.72 0.5515625 0.72 0.55104166 0.7266667 0.5885417 0.7325 0.6010417 0.73 0.60729164 0.725 0.6109375 0.71416664 0.6145833 0.65 0.6171875 0.5783333 0.61822915 0.5341667 0.6166667 0.5283333 0.61145836 0.51666665 0.60520834 0.5108333 0.5625 0.505 0.56041664 0.51 0.55885416 0.51 0.5578125 0.505 0.534375 0.5025 0.48697916 0.49833333
8 0.42239583 0.4875 0.44322917 0.4925 0.4546875 0.495 0.4421875 0.49416667 0.41927084 0.4925 0.41510418 0.4925 0.41822916 0.48833334
8 0.49114582 0.71416664 0.515625 0.72 0.52760416 0.7225 0.5328125 0.725 0.55104166 0.7266667 0.5515625 0.72 0.5494792 0.7191667 0.546875 0.72583336 0.521875 0.715 0.48958334 0.71 0.48385417 0.70916665 0.484375 0.71
8 0.5625 0.73 0.59010416 0.73833334 0.59479165 0.73833334 0.59739584 0.7375 0.6015625 0.735 0.6041667 0.73083335 0.6046875 0.7275 0.6046875 0.7266667 0.6010417 0.73 0.5885417 0.7325 0.5677083 0.7291667 0.56145835 0.72833335
8 0.61927086 0.5491667 0.62083334 0.5525 0.62135416 0.55916667 0.62083334 0.56916666 0.6203125 0.575 0.61875 0.585 0.61822915 0.58916664 0.6166667 0.5908333 0.6177083 0.54833335
8 0.62083334 0.535 0.64166665 0.585 0.65989584 0.63 0.6625 0.6358333 0.66822916 0.6408333 0.675 0.64166665 0.6822917 0.64 0.6875 0.63416666 0.7046875 0.6041667 0.7140625 0.5933333 0.73020834 0.58166665 0.759375 0.55 0.76875 0.53583336 0.7708333 0.525 0.7703125 0.5133333 0.76666665 0.50333333 0.759375 0.49166667 0.7546875 0.4825 0.74583334 0.46083334 0.7296875 0.43083334 0.70989585 0.39666668 0.70520836 0.40666667 0.703125 0.41666666 0.72291666 0.42916667 0.725 0.43666667 0.728125 0.46 0.7265625 0.46583334 0.7239583 0.46583334 0.71875 0.46 0.71302086 0.45833334 0.68958336 0.47416666 0.66197914 0.495 0.6432292 0.5075 0.6302083 0.5108333 0.61302084 0.51666665
3 0.571875 0.46083334 0.5963542 0.49666667 0.603125 0.50916666 0.60572916 0.5108333 0.61145836 0.51666665 0.6166667 0.5275 0.61822915 0.53333336 0.6197917 0.53333336 0.61302084 0.51666665 0.63072914 0.5108333 0.6432292 0.5075 0.6640625 0.49333334 0.68958336 0.47416666 0.71302086 0.45916668 0.71875 0.46 0.7239583 0.46583334 0.7270833 0.46583334 0.728125 0.46 0.725 0.43666667 0.72291666 0.42916667 0.703125 0.41666666 0.70520836 0.40666667 0.7104167 0.39583334 0.7161458 0.37833333 0.721875 0.35416666 0.7234375 0.325 0.72291666 0.29916668 0.72083336 0.26583335 0.71770835 0.25666666 0.71458334 0.25 0.7109375 0.2475 0.68385416 0.2525 0.6515625 0.26333332 0.63489586 0.27416667 0.6223958 0.275 0.571875 0.27583334 0.55052084 0.27916667 0.5364583 0.285 0.5307292 0.29083332 0.52760416 0.3 0.5296875 0.32583332 0.53333336 0.3625 0.5364583 0.4 0.540625 0.4125 0.5598958 0.44166666
8 0.22083333 0.34833333 0.20885417 0.3575 0.1921875 0.37166667 0.17447917 0.38333333 0.15885417 0.39416668 0.14583333 0.40666667 0.13541667 0.41083333 0.1203125 0.42083332 0.116145834 0.42666668 0.1140625 0.43333334 0.114583336 0.445 0.11927083 0.46083334 0.13854167 0.50166667 0.14270833 0.51416665 0.14791666 0.5566667 0.15729167 0.5991667 0.16041666 0.60583335 0.165625 0.6116667 0.1734375 0.6125 0.18802084 0.6016667 0.2359375 0.56583333 0.290625 0.5275 0.30104166 0.5233333 0.30260417 0.5175 0.30520833 0.5208333 0.3359375 0.505 0.34479168 0.49916667 0.34791666 0.495 0.35 0.48916668 0.35260418 0.47916666 0.3453125 0.44083333 0.328125 0.36666667 0.31145832 0.30083334 0.30520833 0.29583332 0.29895833 0.295 0.25677082 0.32 0.25572917 0.32916668 0.25104168 0.3225 0.2296875 0.34
