18 0.20364584 0.0525 0.19947916 0.065 0.18958333 0.0725 0.178125 0.07 0.146875 0.0 0.17604166 0.0
20 0.30260417 0.18916667 0.275 0.15416667 0.2484375 0.12416667 0.20260416 0.05 0.175 0.0 0.40989584 0.0 0.42552084 0.011666667 0.43020833 0.029166667 0.42916667 0.046666667 0.38541666 0.16083333 0.34739584 0.21916667 0.33385417 0.22333333 0.32916668 0.21916667
13 0.2171875 0.66583335 0.22760417 0.61 0.23177083 0.60833335 0.23020834 0.60333335 0.25833333 0.45083332 0.27447918 0.36083335 0.2859375 0.35416666 0.4 0.41083333 0.40989584 0.41833332 0.41302082 0.43 0.41458333 0.43916667 0.36979166 0.6725 0.36041668 0.73083335 0.35052082 0.74083334 0.32239583 0.7275 0.2328125 0.69083333 0.2234375 0.685
6 0.6322917 0.075833336 0.640625 0.075833336 0.64947915 0.075833336 0.6901042 0.08083333 0.6984375 0.07833333 0.7182292 0.0825 0.72760415 0.0825 0.73645836 0.0825 0.7395833 0.083333336 0.7421875 0.09583333 0.7421875 0.10666667 0.74010414 0.11666667 0.73541665 0.18083334 0.7369792 0.19416666 0.7416667 0.26333332 0.74322915 0.28916666 0.7390625 0.29166666 0.7270833 0.28666666 0.7161458 0.28916666 0.7104167 0.29166666 0.6958333 0.30416667 0.665625 0.315 0.6411458 0.32 0.63958335 0.31333333 0.6375 0.28666666 0.6390625 0.24416667 0.6354167 0.15 0.63125 0.1025 0.63125 0.08833333
19 0.0 0.79833335 0.042708334 0.73 0.053645834 0.7325 0.0671875 0.7475 0.07760417 0.7675 0.075520836 0.77416664 0.08177083 0.77416664 0.16510417 0.88916665 0.17916666 0.91083336 0.18333334 0.92083335 0.18333334 0.93916667 0.14479166 1.0 0.0 1.0
0 0.24270834 1.0 0.2359375 0.98833334 0.22604166 0.98083335 0.22760417 0.9716667 0.23541667 0.9483333 0.26614583 0.89416665 0.278125 0.87583333 0.29010418 0.86083335 0.30416667 0.81 0.31822917 0.77 0.33177084 0.74083334 0.33645833 0.73833334 0.34791666 0.7416667 0.37291667 0.7841667 0.40260416 0.8358333 0.4140625 0.85833335 0.41927084 0.8691667 0.5104167 0.9291667 0.51979166 0.9375 0.5171875 0.95166665 0.5026042 0.97333336 0.48229167 1.0
14 0.61822915 0.89416665 0.69427085 0.7866667 0.75 0.71416664 0.76666665 0.6983333 0.7734375 0.6775 0.7630208 0.66 0.72239584 0.5991667 0.71197915 0.6191667 0.7078125 0.6425 0.68645835 0.67 0.6119792 0.7891667 0.58958334 0.81666666 0.56875 0.8325 0.5552083 0.84833336 0.56458336 0.8666667 0.6078125 0.92 0.6145833 0.925 0.61927086 0.90833336
15 0.6640625 0.9008333 0.66197914 0.9075 0.66041666 0.9166667 0.665625 0.925 0.66875 0.92583334 0.67083335 0.9166667 0.67604166 0.9141667 0.68333334 0.905 0.72864586 0.7875 0.69895834 0.78 0.68958336 0.79333335 0.66041666 0.87666667 0.66041666 0.885
11 0.74114585 0.7275 0.7390625 0.7891667 0.7005208 0.77916664 0.7395833 0.7275
15 0.7546875 0.71166664 0.74010414 0.7525 0.740625 0.72583336 0.7494792 0.71416664 0.7552083 0.7083333
15 0.7703125 0.60333335 0.75677085 0.6116667 0.746875 0.6358333 0.76145834 0.6566667 0.76927084 0.67 0.78020835 0.6358333 0.7817708 0.62 0.7807292 0.6175 0.7828125 0.6141667 0.7828125 0.60833335 0.78541666 0.60083336 0.78125 0.59 0.77708334 0.5883333 0.7765625 0.60333335 0.775 0.6016667
4 0.859375 0.5925 0.825 0.6558333 0.8125 0.6766667 0.803125 0.68083334 0.7916667 0.68 0.78541666 0.68083334 0.7786458 0.68333334 0.77135414 0.68666667 0.7682292 0.6925 0.76666665 0.69916666 0.7546875 0.70916665 0.740625 0.7525 0.7395833 0.78833336 0.7296875 0.7866667 0.7369792 0.82166666 0.7473958 0.845 0.765625 0.86583334 0.7895833 0.87166667 0.809375 0.8666667 0.825 0.85333335 0.8354167 0.83666664 0.84166664 0.82 0.84739584 0.80333334 0.8489583 0.7808333 0.84947914 0.7675 0.8484375 0.75083333 0.84739584 0.745 0.8484375 0.7325 0.84947914 0.7266667 0.85729164 0.7075 0.8828125 0.6641667 0.9140625 0.60833335 0.91510415 0.6 0.91197914 0.5908333 0.890625 0.55833334 0.8833333 0.5566667 0.88072914 0.55916667 0.88072914 0.595 0.878125 0.5991667 0.87083334 0.59833336 0.86510414 0.5933333
11 0.5572917 0.49583334 0.62604165 0.5283333 0.64375 0.53833336 0.65520835 0.55 0.66302085 0.56416667 0.6723958 0.56416667 0.68177086 0.545 0.6859375 0.54 0.7078125 0.5325 0.70729166 0.5466667 0.71302086 0.54833335 0.7270833 0.5516667 0.7484375 0.56 0.7494792 0.56416667 0.7447917 0.63166666 0.72239584 0.5991667 0.71197915 0.62 0.7078125 0.64166665 0.68645835 0.67083335 0.63645834 0.74916667 0.62604165 0.7658333 0.5651042 0.7558333 0.52760416 0.7341667 0.53229165 0.6616667 0.5520833 0.5133333
5 0.75104165 0.205 0.7640625 0.20916666 0.7828125 0.22 0.82395834 0.23666666 0.86510414 0.2525 0.9078125 0.2675 0.915625 0.27416667 0.91510415 0.28916666 0.890625 0.42666668 0.88072914 0.55083334 0.88125 0.5941667 0.87864584 0.5991667 0.87135416 0.59833336 0.86875 0.5941667 0.859375 0.59166664 0.81875 0.57166666 0.78802085 0.56416667 0.74895835 0.56083333 0.7317708 0.55333334 0.70729166 0.5475 0.70729166 0.53583336 0.73072916 0.43666667 0.74114585 0.31916666 0.74375 0.28416666 0.7473958 0.22083333 0.7484375 0.21333334
8 1.0 0.0725 0.96875 0.06583333 0.95729166 0.054166667 0.94114584 0.039166667 0.9328125 0.033333335 0.92604166 0.038333334 0.91770834 0.045 0.915625 0.04916667 0.90416664 0.083333336 0.90260416 0.11333334 0.89739585 0.13166666 0.8755208 0.19583334 0.86927086 0.22 0.875 0.23666666 0.88854164 0.24916667 1.0 0.3
1 0.0 0.025 0.036979165 0.0 0.14739583 0.0 0.18020834 0.07666667 0.15052083 0.08583333 0.027083334 0.18083334 0.022916667 0.20583333 0.00625 0.2425 0.0 0.2525
