2 0.34479168 0.30083334 0.359375 0.3175 0.35833332 0.31916666 0.35833332 0.3225 0.35729167 0.32333332 0.3546875 0.32083333 0.32864583 0.33416668 0.32864583 0.33333334 0.33645833 0.31583333 0.34375 0.30166668
2 0.4015625 0.37166667 0.41458333 0.39 0.43697917 0.41583332 0.4640625 0.445 0.48125 0.46416667 0.4890625 0.47333333 0.48385417 0.485 0.47552082 0.50333333 0.465625 0.525 0.4625 0.52416664 0.46145833 0.52666664 0.46354166 0.52916664 0.440625 0.575 0.43645832 0.5833333 0.4265625 0.52416664 0.41927084 0.48083332 0.4109375 0.43666667 0.40572917 0.40333334 0.40104166 0.37333333
2 0.24322917 0.6741667 0.2625 0.6983333 0.28020832 0.72083336 0.28802082 0.7291667 0.3125 0.7625 0.33072916 0.78833336 0.3453125 0.7625 0.36145833 0.7341667 0.39114583 0.67583334 0.43385416 0.5883333 0.40260416 0.60083336 0.40052083 0.59583336 0.39947918 0.6025 0.34322917 0.62416667 0.28958333 0.6475 0.24322917 0.67083335
2 0.21614583 0.68666667 0.22447917 0.7558333 0.26354167 0.7416667 0.26458332 0.7391667 0.26666668 0.74083334 0.2890625 0.73083335 0.28802082 0.72833335 0.28020832 0.72083336 0.24322917 0.6741667 0.24270834 0.67083335 0.21614583 0.685
2 0.3828125 0.6975 0.4046875 0.69 0.44635418 0.675 0.4640625 0.6675 0.45885417 0.63416666 0.44895834 0.5566667 0.43697917 0.5825 0.43645832 0.5833333 0.43697917 0.58666664 0.43333334 0.5883333 0.42083332 0.61333334 0.4015625 0.65416664 0.38333333 0.69 0.38020834 0.69666666
2 0.56927085 0.72583336 0.5598958 0.7241667 0.5552083 0.7291667 0.55 0.74083334 0.5473958 0.75166667 0.54322916 0.76 0.53802085 0.7891667 0.53229165 0.82166666 0.5286458 0.83166665 0.515625 0.9008333 0.5104167 0.9316667 0.509375 0.93916667 0.5130208 0.92833334 0.52239585 0.88916665 0.5338542 0.8475 0.54583335 0.80583334 0.55104166 0.79 0.5515625 0.78333336 0.5697917 0.7275
2 0.50364584 0.9675 0.49739584 0.99916667 0.54895836 1.0 0.5390625 0.99333334 0.5161458 0.9766667 0.5052083 0.9683333
2 0.63385415 0.6358333 0.67760414 0.6725 0.7109375 0.7008333 0.7395833 0.725 0.7583333 0.7416667 0.74375 0.78833336 0.74010414 0.7891667 0.7395833 0.79083335 0.7421875 0.79333335 0.734375 0.81666666 0.7296875 0.8233333 0.7239583 0.83 0.7203125 0.83666664 0.71302086 0.8591667 0.70885414 0.87333333 0.70520836 0.8883333 0.703125 0.905 0.7 0.9225 0.69739586 0.94416666 0.69739586 0.95166665 0.69322914 0.9658333 0.6869792 0.9891667 0.6848958 1.0 0.54895836 1.0 0.5385417 0.99333334 0.5109375 0.9725 0.5015625 0.965 0.509375 0.94 0.5125 0.9291667 0.5208333 0.89416665 0.53020835 0.86 0.53697914 0.83666664 0.5484375 0.7975 0.55104166 0.79 0.5515625 0.78333336 0.56666666 0.7366667 0.5708333 0.7241667 0.5875 0.66583335 0.590625 0.6641667 0.58958334 0.6591667 0.59583336 0.6383333 0.60260415 0.6175 0.6119792 0.61833334 0.63177085 0.63416666
2 0.6354167 0.365 0.68645835 0.3225 0.7395833 0.2775 0.7572917 0.26416665 0.77708334 0.24166666 0.7885417 0.23166667 0.7984375 0.22583333 0.8072917 0.22166666 0.81354165 0.21666667 0.82135415 0.2375 0.8364583 0.27833334 0.8432292 0.30166668 0.84791666 0.32 0.8541667 0.34166667 0.8598958 0.35583332 0.87135416 0.38416666 0.88697916 0.42916667 0.8979167 0.46333334 0.8890625 0.46833333 0.87708336 0.47666666 0.8442708 0.505 0.8197917 0.5258333 0.803125 0.5375 0.7817708 0.55583334 0.7671875 0.5675 0.74895835 0.585 0.73645836 0.59833336 0.7260417 0.6116667 0.7203125 0.61833334 0.71979165 0.6166667 0.7182292 0.6166667 0.7182292 0.62 0.71666664 0.6225 0.7005208 0.6375 0.68958336 0.6475 0.68854165 0.64666665 0.6765625 0.60833335 0.6635417 0.5725 0.64739585 0.525 0.63177085 0.47833332 0.6171875 0.43583333 0.60833335 0.41083333 0.60364586 0.395 0.61510414 0.38333333 0.63125 0.36916667 0.63385415 0.37083334 0.6354167 0.37166667 0.6354167 0.3675
2 0.6171875 0.2775 0.63125 0.26916668 0.684375 0.2425 0.7260417 0.22333333 0.7583333 0.20666666 0.78020835 0.19666667 0.78802085 0.2325 0.7765625 0.24166666 0.75677085 0.265 0.7375 0.27833334 0.66822916 0.3375 0.6354167 0.365 0.6354167 0.37166667 0.63385415 0.37083334 0.63125 0.36916667 0.6296875 0.37 0.62135416 0.31833333 0.61614585 0.28
2 0.73854166 0.61833334 0.7572917 0.60833335 0.7885417 0.59166664 0.81354165 0.5775 0.83385414 0.56666666 0.8453125 0.56083333 0.8411458 0.54333335 0.8359375 0.51166666 0.8197917 0.525 0.80364585 0.5366667 0.76927084 0.56583333 0.75 0.5833333 0.7375 0.5975 0.7239583 0.615 0.7203125 0.61833334 0.71979165 0.6166667 0.71875 0.6166667 0.7182292 0.62 0.71666664 0.6225 0.7005208 0.6375 0.7 0.64 0.7114583 0.6333333 0.73645836 0.6191667
2 0.67083335 0.59583336 0.68385416 0.64666665 0.68854165 0.6458333 0.67760414 0.6116667 0.67604166 0.6075 0.671875 0.595
2 0.359375 0.3175 0.3890625 0.30083334 0.39635417 0.34416667 0.40729168 0.415 0.4171875 0.47083333 0.425 0.5158333 0.43125 0.5516667 0.43697917 0.58666664 0.40260416 0.6 0.40052083 0.59583336 0.39947918 0.6025 0.359375 0.6175 0.32916668 0.63 0.284375 0.6508333 0.25677082 0.66333336 0.20677084 0.69 0.20260416 0.6625 0.18385416 0.5833333 0.17395833 0.5308333 0.16979167 0.5058333 0.16770834 0.48833334 0.16145833 0.45166665 0.1546875 0.40666667 0.18541667 0.39333335 0.24791667 0.37 0.29895833 0.34833333 0.3328125 0.3325 0.3546875 0.32083333 0.35729167 0.32333332 0.35833332 0.32166666 0.35833332 0.31916666
