17 1.0 0.83 1.0 0.92 0.98645836 0.925 0.9713542 0.91333336 0.94739586 0.87416667 0.9916667 0.8308333
17 0.79895836 0.78333336 0.81145835 0.8175 0.8276042 0.8466667 0.85260415 0.9116667 0.8640625 0.935 0.871875 0.93916667 0.88177085 0.94 0.8921875 0.9325 0.94947916 0.87166667 1.0 0.8225 1.0 0.77166665 0.95989585 0.7125 0.9140625 0.64416665 0.90625 0.635 0.8932292 0.64 0.88645834 0.6358333 0.87708336 0.61333334 0.8828125 0.59 0.82135415 0.635 0.81614584 0.6358333 0.79322916 0.61833334 0.76458335 0.6525 0.74791664 0.67333335 0.74427086 0.68583333 0.74375 0.6983333 0.75104165 0.715 0.77447915 0.7525 0.79010415 0.7708333
17 0.6635417 0.35833332 0.7260417 0.31166667 0.79270834 0.26166666 0.80833334 0.2675 0.81458336 0.27666667 0.82604164 0.315 0.82447916 0.32166666 0.828125 0.32333332 0.85364586 0.41583332 0.85833335 0.43416667 0.859375 0.44166666 0.85572916 0.45666668 0.8609375 0.4675 0.8776042 0.49833333 0.8911458 0.5258333 0.89739585 0.5416667 0.8958333 0.56333333 0.8828125 0.59 0.83697915 0.62416667 0.8203125 0.6358333 0.81458336 0.63416666 0.76770836 0.5966667 0.7296875 0.585 0.72760415 0.57916665 0.7046875 0.5208333 0.6770833 0.43333334 0.6770833 0.42833334 0.6802083 0.425 0.67760414 0.425 0.67395836 0.42666668 0.6609375 0.37583333 0.6609375 0.36333334
17 0.83125 0.30666667 0.88645834 0.3075 0.8880208 0.31333333 0.890625 0.3125 0.890625 0.30583334 0.91770834 0.30833334 0.92604166 0.32166666 0.9291667 0.3275 0.9296875 0.41333333 0.93125 0.475 0.9203125 0.4825 0.88489586 0.5125 0.8598958 0.46583334 0.85572916 0.45666668 0.8598958 0.44166666 0.82916665 0.3275 0.8286458 0.32333332 0.8286458 0.32333332 0.82447916 0.32166666 0.82604164 0.315 0.82447916 0.30666667
17 0.7109375 0.31666666 0.7203125 0.30583334 0.73125 0.3075 0.73072916 0.30833334 0.70677084 0.32583332
17 0.46666667 0.55833334 0.484375 0.57416666 0.51197916 0.5933333 0.53541666 0.6025 0.54270834 0.6 0.55104166 0.5933333 0.5578125 0.5758333 0.57708335 0.48166665 0.5796875 0.4675 0.5463542 0.48916668 0.51979166 0.51416665 0.49583334 0.52416664 0.48958334 0.5208333 0.48177084 0.5075 0.47708333 0.5058333 0.47291666 0.5075 0.46927083 0.5133333 0.46302083 0.5525
17 0.5161458 0.24666667 0.59166664 0.27166668 0.6046875 0.27916667 0.6088542 0.29583332 0.60260415 0.33083335 0.5989583 0.33166668 0.59791666 0.33333334 0.5989583 0.33416668 0.6010417 0.3375 0.59010416 0.41083333 0.5885417 0.40833333 0.54479164 0.29416665 0.525 0.2525 0.51145834 0.24916667 0.4984375 0.2625 0.49791667 0.2675 0.49427083 0.26666668 0.46666667 0.3 0.44739583 0.32 0.45104167 0.29416665 0.4546875 0.28916666 0.4515625 0.28666666 0.45625 0.255 0.46979168 0.23583333 0.48072916 0.23916666
17 0.36145833 0.41166666 0.37291667 0.40416667 0.41145834 0.36583334 0.43177083 0.34083334 0.44947916 0.32 0.47604167 0.28916666 0.49427083 0.26666668 0.49791667 0.2675 0.4984375 0.26166666 0.51197916 0.24833333 0.525 0.2525 0.52552086 0.25333333 0.54479164 0.29416665 0.5677083 0.35416666 0.5953125 0.425 0.59583336 0.43833333 0.5911458 0.45583335 0.58489585 0.46416667 0.5776042 0.46916667 0.54479164 0.49 0.5203125 0.515 0.49635416 0.52416664 0.49010417 0.5225 0.48229167 0.5083333 0.47708333 0.5058333 0.47291666 0.5075 0.46927083 0.5133333 0.4640625 0.5466667 0.4609375 0.56166667 0.45104167 0.58 0.4375 0.5883333 0.42239583 0.58166665 0.40520832 0.56666666 0.39375 0.5391667 0.3875 0.5316667 0.3671875 0.48666668 0.3515625 0.44583333 0.35625 0.42166665
17 0.30104166 0.28416666 0.3140625 0.30083334 0.31302083 0.30666667 0.3140625 0.3075 0.31770834 0.305 0.34479168 0.33916667 0.3484375 0.34833333 0.3484375 0.3575 0.3609375 0.3725 0.38645834 0.385 0.39010417 0.38666666 0.38177082 0.395 0.37291667 0.40416667 0.3609375 0.41166666 0.35572916 0.42166665 0.3515625 0.44583333 0.36822918 0.48833334 0.38697916 0.5316667 0.39427084 0.54 0.40260416 0.56083333 0.39635417 0.56666666 0.36666667 0.5833333 0.3609375 0.57916665 0.35677084 0.5708333 0.33541667 0.5775 0.31875 0.5883333 0.31458333 0.59 0.28489584 0.555 0.2828125 0.55083334 0.3 0.49916667 0.3265625 0.4325 0.3265625 0.41833332 0.32291666 0.4 0.30364582 0.38333333 0.26458332 0.34416667 0.28697917 0.28583333 0.2953125 0.28166667
17 0.19375 0.38333333 0.20572917 0.37333333 0.21197917 0.35666665 0.19947916 0.335 0.20104167 0.3225 0.20989583 0.31666666 0.2265625 0.30916667 0.24739583 0.32666665 0.2671875 0.34583333 0.29947916 0.37833333 0.32291666 0.40083334 0.3265625 0.41666666 0.3265625 0.43166667 0.30104166 0.495 0.27760416 0.5675 0.2546875 0.5275 0.25052083 0.5258333 0.2484375 0.525 0.2484375 0.515 0.23020834 0.48583335 0.21666667 0.48333332 0.21197917 0.4875 0.20208333 0.50166667 0.2 0.50083333 0.19739583 0.47333333 0.19739583 0.43583333 0.1921875 0.38416666
17 0.046354167 0.2725 0.100520834 0.24083333 0.13645834 0.22 0.14947917 0.22833334 0.16822916 0.26166666 0.16927083 0.26916668 0.16875 0.27416667 0.17239584 0.27916667 0.18802084 0.3575 0.1921875 0.38833332 0.19583334 0.41833332 0.1984375 0.44916666 0.196875 0.46916667 0.2 0.50416666 0.17083333 0.55833334 0.1640625 0.57 0.0953125 0.5825 0.08645833 0.5833333 0.08125 0.575 0.0765625 0.5575 0.0671875 0.4875 0.053125 0.42166665 0.0484375 0.4 0.048958335 0.3775 0.04375 0.34833333 0.046354167 0.34666666 0.04375 0.34416667 0.041666668 0.34416667 0.032291666 0.29666665 0.038541667 0.28166667
17 0.30625 0.59833336 0.31979167 0.62166667 0.33541667 0.64166665 0.36041668 0.675 0.36822918 0.69083333 0.36927083 0.7033333 0.36927083 0.72 0.33802083 0.7708333 0.33697918 0.7708333 0.3359375 0.75916666 0.3265625 0.74583334 0.2984375 0.72583336 0.21666667 0.7008333 0.19322917 0.6958333 0.15208334 0.6225 0.15416667 0.60083336 0.16510417 0.5683333 0.1953125 0.51416665 0.20208333 0.50166667 0.2125 0.48666668 0.2171875 0.48333332 0.2296875 0.485 0.2484375 0.515 0.24895833 0.52416664 0.25520834 0.52916664 0.2796875 0.5708333 0.28854167 0.58416665 0.30208334 0.5925
17 0.45520833 0.62583333 0.45989582 0.6566667 0.47135416 0.7 0.47916666 0.73 0.478125 0.7366667 0.47135416 0.755 0.4625 0.7658333 0.45364583 0.7708333 0.44375 0.76666665 0.44010416 0.7633333 0.42239583 0.76916665 0.4078125 0.7866667 0.38697916 0.8 0.37708333 0.8025 0.33125 0.82916665 0.33645833 0.77166665 0.33958334 0.77 0.36979166 0.7191667 0.36979166 0.6983333 0.36822918 0.69 0.35989583 0.6725 0.31875 0.62083334 0.3046875 0.595 0.31510416 0.59 0.33958334 0.575 0.35677084 0.5708333 0.36145833 0.57916665 0.36614582 0.5825 0.396875 0.56666666 0.40260416 0.56083333 0.40572917 0.5675 0.42291668 0.5825 0.43697917 0.5883333 0.44114584 0.6016667 0.45 0.61583334
17 0.15729167 0.74666667 0.13958333 0.7708333 0.13229166 0.7925 0.128125 0.81916666 0.123958334 0.84 0.12760417 0.85833335 0.13125 0.8641667 0.15625 0.8775 0.18489583 0.89416665 0.20677084 0.9166667 0.24895833 0.9275 0.3109375 0.85583335 0.33072916 0.8383333 0.33177084 0.82916665 0.33645833 0.77166665 0.33541667 0.7583333 0.3265625 0.745 0.30260417 0.7291667 0.27291667 0.7183333 0.2078125 0.6983333 0.19427083 0.69666666 0.1921875 0.695 0.16979167 0.6933333 0.16197917 0.69 0.15 0.6766667 0.1453125 0.68416667 0.14947917 0.7125 0.15833333 0.7366667
17 0.88697916 0.51166666 0.9203125 0.48166665 0.95625 0.46166667 0.98229164 0.44416666 0.990625 0.44666666 1.0 0.455 1.0 0.77166665 0.96666664 0.7241667 0.91510415 0.64666665 0.9046875 0.635 0.8932292 0.6408333 0.8854167 0.6333333 0.87708336 0.6141667 0.88177085 0.5925 0.8953125 0.56583333 0.89739585 0.5425 0.8854167 0.5133333
