15 0.4421875 0.235 0.36666667 0.31 0.35572916 0.3225 0.3546875 0.32666665 0.35625 0.36416668 0.35885417 0.36833334 0.36510417 0.36833334 0.3734375 0.36583334 0.46145833 0.27916667
15 0.45520833 0.18083334 0.4515625 0.18 0.44895834 0.18083334 0.4453125 0.17666666 0.44375 0.1775 0.43854168 0.17083333 0.43645832 0.16583334 0.43333334 0.1725 0.43229166 0.17916666 0.4375 0.18416667 0.4390625 0.19 0.43958333 0.1925 0.4359375 0.2 0.4359375 0.21416667 0.44166666 0.23166667 0.4421875 0.23416667 0.46197918 0.28 0.50572914 0.38666666 0.53020835 0.445 0.5484375 0.48833334 0.55677086 0.49916667 0.56041664 0.50083333 0.5651042 0.50083333 0.5671875 0.50333333 0.5708333 0.5025 0.571875 0.51666665 0.5734375 0.5175 0.58020836 0.5133333 0.58229166 0.50416666 0.57604164 0.50083333 0.5776042 0.49583334 0.5755208 0.49083334 0.57916665 0.4775 0.57604164 0.4625 0.521875 0.3275 0.50104165 0.27583334 0.4640625 0.18916667
15 0.5484375 0.16583334 0.54322916 0.16916667 0.5395833 0.17083333 0.534375 0.16666667 0.5328125 0.17083333 0.5229167 0.1675 0.51458335 0.17 0.47239584 0.20833333 0.49114582 0.2525 0.534375 0.2125 0.53697914 0.20333333 0.54114586 0.185 0.5421875 0.18 0.54895836 0.17416666
15 0.34270832 0.22083333 0.3359375 0.22083333 0.33385417 0.2225 0.334375 0.235 0.32864583 0.2375 0.33020833 0.24333334 0.325 0.25083333 0.32083333 0.26416665 0.3203125 0.32583332 0.32135418 0.385 0.31979167 0.485 0.31875 0.585 0.32239583 0.5975 0.32552084 0.60083336 0.32760417 0.605 0.32708332 0.61 0.328125 0.61333334 0.33020833 0.6141667 0.328125 0.62666667 0.3296875 0.6275 0.33697918 0.62666667 0.33697918 0.61333334 0.34010416 0.6116667 0.34010416 0.60583335 0.34895834 0.5966667 0.35260418 0.58166665 0.35364583 0.52916664 0.35520834 0.28833333 0.353125 0.25583333 0.34739584 0.245 0.34270832 0.24 0.34114584 0.2325
15 0.30729166 0.51916665 0.1890625 0.63166666 0.178125 0.6458333 0.175 0.65416664 0.175 0.665 0.17291667 0.6691667 0.17239584 0.6725 0.16510417 0.68 0.16822916 0.68666667 0.17239584 0.69 0.17708333 0.6816667 0.1796875 0.6791667 0.18854167 0.685 0.1953125 0.685 0.2515625 0.63416666 0.31875 0.57 0.31927082 0.51
15 0.30572918 0.6 0.26822916 0.63416666 0.2609375 0.6425 0.25885418 0.6533333 0.25677082 0.665 0.25364584 0.6675 0.25104168 0.67 0.2484375 0.6716667 0.24947916 0.6766667 0.24791667 0.685 0.25260416 0.68916667 0.25885418 0.6825 0.26145834 0.68416667 0.26510417 0.6825 0.27552083 0.6825 0.28958333 0.6716667 0.36354166 0.6066667 0.45 0.52666664 0.45572916 0.52 0.45885417 0.50416666 0.46354166 0.50416666 0.46302083 0.49916667 0.47083333 0.49916667 0.46927083 0.48 0.46666667 0.47666666 0.45989582 0.48666668 0.453125 0.485 0.44427082 0.48 0.428125 0.48916668 0.353125 0.55833334 0.353125 0.5808333 0.3484375 0.5975 0.340625 0.6041667 0.34010416 0.6116667 0.33697918 0.61333334 0.33697918 0.62666667 0.33020833 0.6275 0.328125 0.62666667 0.33020833 0.615 0.3265625 0.61083335 0.32760417 0.60583335 0.325 0.6 0.32239583 0.5975 0.31927082 0.58916664
15 0.38229167 0.4725 0.37916666 0.475 0.37708333 0.47416666 0.37239584 0.47 0.36666667 0.47166666 0.35572916 0.4775 0.35416666 0.47833332 0.35364583 0.53833336 0.378125 0.5158333 0.38333333 0.5083333 0.38541666 0.4975 0.38541666 0.49083334 0.3890625 0.48583335 0.38958332 0.4825 0.39479166 0.4775 0.39583334 0.47583333 0.39166668 0.465 0.38489583 0.475
15 0.5140625 0.40833333 0.49583334 0.41166666 0.45572916 0.41583332 0.44635418 0.41666666 0.42083332 0.42083332 0.41197917 0.42666668 0.40729168 0.435 0.40572917 0.44 0.403125 0.44083333 0.4015625 0.44333333 0.39479166 0.44416666 0.39375 0.45166665 0.39427084 0.45583335 0.39791667 0.45666668 0.40364584 0.45583335 0.4046875 0.45916668 0.40625 0.46 0.40885416 0.45916668 0.41458333 0.46833333 0.41927084 0.47 0.53697914 0.46166667 0.51979166 0.42
15 0.64479166 0.42333335 0.6380208 0.42916667 0.6375 0.42416668 0.6328125 0.42333335 0.62604165 0.41333333 0.6203125 0.41083333 0.55364585 0.40666667 0.5703125 0.44833332 0.5755208 0.46 0.62083334 0.45833334 0.6265625 0.45416668 0.6302083 0.4475 0.6322917 0.4425 0.6359375 0.44416666 0.6390625 0.4375 0.64479166 0.4425 0.64635414 0.44166666 0.64739585 0.43416667
15 0.5239583 0.4675 0.446875 0.5325 0.35833332 0.6125 0.34791666 0.625 0.34427083 0.6333333 0.3453125 0.64166665 0.34583333 0.64416665 0.34270832 0.64416665 0.3421875 0.6508333 0.33489582 0.6533333 0.33854166 0.66833335 0.34583333 0.6625 0.34791666 0.6641667 0.35208333 0.6616667 0.35625 0.66583335 0.36354166 0.665 0.37604168 0.6566667 0.44479167 0.5975 0.5015625 0.5466667 0.5026042 0.5366667 0.50625 0.5308333 0.50625 0.525 0.5072917 0.5208333 0.5083333 0.51916665 0.5052083 0.51 0.50885415 0.5058333 0.5140625 0.50166667 0.5151042 0.5025 0.515625 0.51666665 0.51875 0.51916665 0.521875 0.52166665 0.52760416 0.5233333 0.5463542 0.50666666 0.55052084 0.4975 0.55052084 0.49166667 0.5484375 0.48833334 0.53697914 0.46166667 0.5307292 0.46333334
15 0.5083333 0.58416665 0.46979168 0.61833334 0.46197918 0.62666667 0.45885417 0.6333333 0.4578125 0.64666665 0.45364583 0.6475 0.45416668 0.6533333 0.45052084 0.655 0.44427082 0.6575 0.446875 0.66833335 0.4484375 0.6675 0.4546875 0.6625 0.45572916 0.6641667 0.45833334 0.6675 0.4625 0.66333336 0.46458334 0.66583335 0.46822917 0.6691667 0.47916666 0.6675 0.51927084 0.63666666
15 0.6625 0.47166666 0.65520835 0.47833332 0.653125 0.475 0.65 0.47666666 0.646875 0.47416666 0.63958335 0.47333333 0.6119792 0.4925 0.5375 0.5575 0.54791665 0.60833335 0.64947915 0.5175 0.65520835 0.50916666 0.65729165 0.495 0.6609375 0.49 0.66041666 0.48416665 0.66822916 0.48 0.66614586 0.4725
15 0.5359375 0.5491667 0.53125 0.5316667 0.52760416 0.5233333 0.521875 0.5208333 0.515625 0.51666665 0.5151042 0.5025 0.5140625 0.50166667 0.509375 0.505 0.5052083 0.51 0.5083333 0.51916665 0.50625 0.525 0.50625 0.5308333 0.5026042 0.5375 0.5015625 0.54583335 0.5026042 0.55333334 0.50989586 0.5908333 0.5640625 0.8325 0.5729167 0.8616667 0.578125 0.8625 0.58125 0.8625 0.584375 0.8666667 0.5859375 0.8775 0.58958334 0.8775 0.5989583 0.8691667 0.5989583 0.8625 0.5932292 0.8591667 0.5932292 0.8541667 0.596875 0.845 0.59739584 0.8283333 0.5494792 0.615
15 0.32083333 0.32583332 0.31302083 0.32916668 0.28177083 0.365 0.1578125 0.515 0.146875 0.53 0.14479166 0.53583336 0.14375 0.5441667 0.14427084 0.55083334 0.1421875 0.555 0.14322917 0.56 0.13489583 0.57 0.14114584 0.5783333 0.14270833 0.5775 0.14739583 0.5675 0.15052083 0.57 0.15364583 0.5675 0.16041666 0.56916666 0.1734375 0.56166667 0.23958333 0.48083332 0.32083333 0.38333333
