18 0.8 0.60333335 0.8307292 0.58666664 0.84739584 0.5858333 0.85833335 0.5758333 0.91875 0.5183333 0.95104164 0.4925 0.9640625 0.49583334 0.9703125 0.50666666 0.98802084 0.56083333 1.0 0.5966667 1.0 0.6925 0.9421875 0.74083334 0.93385416 0.7183333 0.92291665 0.7033333 0.909375 0.6983333 0.8979167 0.70666665 0.81354165 0.7975 0.80052084 0.745 0.7942708 0.7216667 0.7885417 0.66333336 0.78333336 0.6175
18 0.9921875 0.52916664 0.96197915 0.48583335 0.9192708 0.43416667 0.9036458 0.41833332 0.8901042 0.38333333 0.8697917 0.35 0.8598958 0.3475 0.85 0.35083333 0.840625 0.36333334 0.81875 0.40333334 0.82239586 0.415 0.82395834 0.42916667 0.82135415 0.44 0.81354165 0.455 0.80052084 0.4675 0.79583335 0.48166665 0.7760417 0.51 0.78333336 0.52666664 0.81041664 0.5675 0.8151042 0.575 0.82447916 0.58666664 0.8328125 0.58666664 0.84739584 0.5858333 0.91822916 0.5183333 0.95104164 0.4925 0.9640625 0.49583334 0.96979165 0.50666666 0.9994792 0.5966667 0.9994792 0.5416667
18 0.7786458 0.55333334 0.7760417 0.51 0.7270833 0.58 0.67395836 0.65833336 0.6614583 0.6716667 0.6567708 0.6766667 0.6578125 0.6958333 0.67395836 0.72333336 0.70677084 0.775 0.78333336 0.74333334 0.7890625 0.73833334 0.7942708 0.7216667 0.7921875 0.7025 0.78333336 0.6166667 0.7807292 0.57916665
18 0.77916664 0.15416667 0.846875 0.024166666 0.86145836 0.0175 0.86822915 0.023333333 0.8765625 0.029166667 0.93645835 0.105 0.98333335 0.18083334 1.0 0.20416667 1.0 0.27083334 0.9739583 0.3125 0.95677084 0.34833333 0.93958336 0.37666667 0.92604166 0.3875 0.91822916 0.3825 0.90625 0.36833334 0.8828125 0.33583334 0.878125 0.31833333 0.8567708 0.29416665 0.8171875 0.24416667 0.7796875 0.19416666 0.7739583 0.1825 0.7734375 0.16583334
18 0.7984375 0.23166667 0.78489584 0.21416667 0.77708334 0.21166667 0.77239585 0.2125 0.7671875 0.21666667 0.75364584 0.25083333 0.81875 0.40333334 0.840625 0.36333334 0.85 0.35083333 0.8598958 0.3475 0.8703125 0.35 0.8744792 0.35583332 0.88125 0.34 0.878125 0.31833333 0.8255208 0.26
18 0.6848958 0.35 0.6979167 0.3275 0.709375 0.31333333 0.71770835 0.31083333 0.7265625 0.315 0.7359375 0.32583332 0.7708333 0.3875 0.79895836 0.4475 0.80052084 0.4675 0.79583335 0.48166665 0.7739583 0.5125 0.6734375 0.65833336 0.6567708 0.6766667 0.6458333 0.67833334 0.6333333 0.67 0.58958334 0.5875 0.56614584 0.5416667 0.56354165 0.5283333 0.56822914 0.50916666 0.57916665 0.49166667 0.6390625 0.415 0.6666667 0.38 0.67552084 0.36666667
18 0.64635414 0.2175 0.69322914 0.1625 0.7015625 0.15583333 0.7114583 0.16166666 0.721875 0.17416666 0.76197916 0.27166668 0.81875 0.40333334 0.82239586 0.41416666 0.82395834 0.42833334 0.82135415 0.43916667 0.81354165 0.455 0.80052084 0.4675 0.7994792 0.4475 0.790625 0.42916667 0.7703125 0.38583332 0.7359375 0.325 0.7265625 0.31416667 0.71770835 0.31083333 0.709375 0.3125 0.69375 0.33416668 0.6723958 0.37166667 0.6713542 0.3575 0.659375 0.33083335 0.61927086 0.24583334 0.6328125 0.23416667
18 0.50104165 0.7275 0.48541668 0.7275 0.48489583 0.73833334 0.4859375 0.7425 0.5078125 0.77166665 0.5317708 0.8041667 0.54375 0.8225 0.5911458 0.90166664 0.61354166 0.94166666 0.62604165 0.9483333 0.6411458 0.94083333 0.69947916 0.8466667 0.7182292 0.81083333 0.7171875 0.79333335 0.709375 0.7808333 0.7036458 0.7708333 0.65625 0.6933333 0.64635414 0.67833334 0.6333333 0.67 0.6177083 0.64 0.5963542 0.6 0.5932292 0.70916665 0.58697915 0.72583336 0.575 0.7325 0.51875 0.7266667
18 0.5072917 0.37083334 0.47708333 0.36666667 0.4703125 0.37333333 0.46614584 0.38583332 0.4640625 0.39333335 0.45885417 0.47833332 0.45364583 0.59 0.45 0.705 0.45520833 0.7266667 0.46875 0.72833335 0.48489583 0.7266667 0.5171875 0.7266667 0.5421875 0.7291667 0.575 0.7316667 0.58697915 0.72583336 0.5932292 0.70916665 0.5963542 0.6 0.56614584 0.54083335 0.56354165 0.5275 0.56822914 0.5083333 0.5734375 0.49833333 0.56041664 0.485 0.51145834 0.37083334
18 0.4265625 0.49583334 0.36666667 0.5025 0.33489582 0.5108333 0.32604167 0.5233333 0.32552084 0.535 0.34947917 0.75666666 0.3546875 0.79833335 0.36145833 0.8283333 0.36927083 0.8425 0.38489583 0.8441667 0.44895834 0.82166666 0.48125 0.81083333 0.49270833 0.79833335 0.49583334 0.785 0.496875 0.76416665 0.49010417 0.74833333 0.484375 0.74 0.48489583 0.72583336 0.4703125 0.72833335 0.45572916 0.7266667 0.45 0.7033333 0.45208332 0.6308333 0.45625 0.5375 0.43125 0.5025
18 0.49583334 0.1525 0.52708334 0.10916667 0.5328125 0.09833334 0.54791665 0.096666664 0.5541667 0.10583334 0.5734375 0.1475 0.6046875 0.21333334 0.64166665 0.29583332 0.671875 0.35666665 0.671875 0.3725 0.5734375 0.5 0.55833334 0.48166665 0.509375 0.36666667 0.44427082 0.23583333 0.4453125 0.2275 0.4453125 0.215 0.4546875 0.19833334 0.471875 0.17916666
18 0.37291667 0.24833333 0.32447916 0.35166666 0.32447916 0.36166668 0.32447916 0.37833333 0.3390625 0.3975 0.37291667 0.4275 0.39322916 0.445 0.41458333 0.47833332 0.42604166 0.495 0.45625 0.5366667 0.4640625 0.39333335 0.46979168 0.37416667 0.47708333 0.36666667 0.51145834 0.37083334 0.48177084 0.31 0.44322917 0.235 0.43958333 0.23083334 0.41614583 0.19583334 0.40520832 0.1975 0.4015625 0.19833334 0.39270833 0.20583333 0.38385418 0.22416666
18 0.36927083 0.165 0.30364582 0.165 0.28541666 0.17333333 0.27760416 0.19166666 0.27916667 0.23666666 0.28489584 0.365 0.28125 0.455 0.3625 0.49166667 0.36666667 0.5025 0.4265625 0.49583334 0.4078125 0.4675 0.39322916 0.44583333 0.33802083 0.39666668 0.32447916 0.37833333 0.32447916 0.35166666 0.33333334 0.33333334 0.3921875 0.20666666 0.4015625 0.19833334 0.41614583 0.19583334 0.43125 0.21833333 0.4296875 0.2 0.42395833 0.18166667 0.41145834 0.17416666 0.39947918 0.16583334
18 0.2546875 0.44416666 0.27135417 0.435 0.28229168 0.4275 0.28125 0.455 0.275 0.45166665
18 0.39635417 0.1375 0.45520833 0.104166664 0.46614584 0.104166664 0.47395834 0.104166664 0.48333332 0.11333334 0.49010417 0.135 0.49322918 0.155 0.4546875 0.19833334 0.4453125 0.215 0.4453125 0.2275 0.43645832 0.22583333 0.43125 0.2175 0.4296875 0.20083334 0.42395833 0.1825 0.39947918 0.16666667 0.34010416 0.165
18 0.26458332 0.6791667 0.23333333 0.6983333 0.21822916 0.695 0.20520833 0.69 0.19583334 0.67583334 0.18697916 0.63916665 0.21510416 0.6533333 0.24635416 0.67
18 0.309375 0.7008333 0.25520834 0.6741667 0.20416667 0.6475 0.1671875 0.62916666 0.13333334 0.6175 0.121875 0.6091667 0.116145834 0.5908333 0.119791664 0.5725 0.1265625 0.545 0.13697916 0.48166665 0.14791666 0.40833333 0.153125 0.3975 0.1625 0.3975 0.18020834 0.405 0.20989583 0.42583334 0.28125 0.45416668 0.36302084 0.49166667 0.36666667 0.5025 0.33489582 0.5108333 0.32604167 0.5233333 0.32552084 0.5341667 0.34010416 0.67 0.3359375 0.69 0.328125 0.7025 0.31979167 0.705
18 0.146875 0.64 0.13125 0.62833333 0.125 0.62833333 0.11302083 0.6375 0.10625 0.66083336 0.075520836 0.76166666 0.058854166 0.81333333 0.059895832 0.82416666 0.065625 0.8408333 0.07760417 0.84583336 0.13489583 0.87666667 0.2015625 0.9166667 0.2546875 0.945 0.26458332 0.9458333 0.27291667 0.9425 0.278125 0.92833334 0.30260417 0.8408333 0.3203125 0.775 0.31979167 0.7583333 0.31614584 0.74916667 0.30885416 0.7416667 0.26979166 0.7183333 0.2359375 0.7 0.21822916 0.695 0.20208333 0.68916667 0.18385416 0.66833335 0.16979167 0.6566667
18 0.79114586 0.5475 0.78020835 0.57166666 0.7760417 0.51 0.78333336 0.52666664 0.79270834 0.5416667
18 0.78489584 0.83 0.8229167 0.785 0.9 0.7058333 0.90989584 0.6975 0.92291665 0.7033333 0.93333334 0.71666664 0.9583333 0.785 0.965625 0.7925 0.9713542 0.8066667 0.984375 0.84166664 0.9859375 0.85833335 0.9791667 0.8858333 0.93854165 0.9241667 0.88854164 0.9683333 0.8796875 0.9875 0.86510414 1.0 0.79270834 1.0 0.7661458 0.93916667 0.75885415 0.91583335 0.7447917 0.8875 0.7453125 0.87666667 0.7526042 0.86333334 0.76770836 0.8516667
