19 0.37447917 0.38083333 0.30677083 0.385 0.29947916 0.39166668 0.2953125 0.39833334 0.2953125 0.40833333 0.296875 0.45333335 0.29947916 0.45416668 0.3015625 0.45666668 0.30052084 0.46166667 0.29791668 0.4625 0.30364582 0.5825 0.30625 0.65166664 0.30625 0.66583335 0.30989584 0.67833334 0.31354168 0.68333334 0.32083333 0.685 0.36354166 0.68 0.42864582 0.675 0.44270834 0.6741667 0.44947916 0.6675 0.45104167 0.6558333 0.45104167 0.63916665 0.44479167 0.49916667 0.44270834 0.44583333 0.43854168 0.445 0.43697917 0.44333333 0.4390625 0.43916667 0.4421875 0.43833333 0.43958333 0.3925 0.4375 0.38333333 0.434375 0.3775 0.42864582 0.37416667 0.40208334 0.37583333
19 0.359375 0.079166666 0.35729167 0.08083333 0.353125 0.08416667 0.33229166 0.115833335 0.29010418 0.17416666 0.265625 0.21 0.2625 0.22 0.2625 0.23083334 0.26979166 0.2475 0.34114584 0.38333333 0.37604168 0.38083333 0.39322916 0.3775 0.40052083 0.37583333 0.42760417 0.37416667 0.43125 0.375 0.47083333 0.32166666 0.47916666 0.30916667 0.4796875 0.3 0.478125 0.28666666 0.459375 0.24916667 0.45677084 0.2525 0.453125 0.2525 0.453125 0.24583334 0.45625 0.2425 0.42135417 0.18083334 0.38020834 0.09833334 0.36927083 0.08166666 0.36458334 0.07833333
19 0.59270835 0.0975 0.5552083 0.09916667 0.54895836 0.10333333 0.54479164 0.1125 0.54375 0.12083333 0.54322916 0.125 0.54375 0.1675 0.5473958 0.16916667 0.55 0.17333333 0.54791665 0.17583333 0.54479164 0.17583333 0.5463542 0.2525 0.54895836 0.3875 0.55364585 0.39916667 0.55625 0.40333334 0.565625 0.405 0.58385414 0.4025 0.5953125 0.39916667 0.62135416 0.39916667 0.6744792 0.40083334 0.6645833 0.2425 0.6645833 0.22833334 0.6666667 0.22083333 0.671875 0.215 0.6927083 0.21166667 0.6921875 0.16833334 0.6890625 0.16916667 0.6869792 0.16666667 0.68854165 0.16166666 0.6921875 0.16083333 0.69166666 0.11416667 0.6890625 0.10166667 0.684375 0.096666664 0.6770833 0.0925
19 0.64947915 0.40666667 0.6484375 0.415 0.6489583 0.565 0.65052086 0.6166667 0.65260416 0.6225 0.65833336 0.5758333 0.66614586 0.4875 0.66979164 0.43666667 0.67604166 0.42666668 0.6744792 0.40083334 0.6515625 0.40083334
19 0.784375 0.19583334 0.7192708 0.2075 0.6890625 0.21166667 0.6723958 0.215 0.665625 0.22083333 0.6645833 0.23166667 0.66875 0.3075 0.67604166 0.42666668 0.6828125 0.42416668 0.7260417 0.43166667 0.7546875 0.44 0.82239586 0.43 0.8234375 0.42416668 0.8255208 0.42083332 0.8276042 0.4225 0.82916665 0.42916667 0.8625 0.42333335 0.8697917 0.4125 0.87083334 0.39666668 0.859375 0.22 0.85729164 0.19833334 0.85260415 0.1875 0.8432292 0.185 0.8151042 0.19083333 0.81354165 0.195 0.8130208 0.19666667 0.81041664 0.195 0.80833334 0.19166666
19 0.84270835 0.455 0.84270835 0.42666668 0.8296875 0.42916667 0.8276042 0.42166665 0.8255208 0.42083332 0.8234375 0.42416668 0.8229167 0.42916667 0.7546875 0.44 0.77552086 0.44416666 0.7984375 0.44833332 0.81822914 0.45083332 0.8203125 0.45666668 0.82395834 0.45416668 0.82447916 0.4525
19 0.86145836 0.46 0.85625 0.4575 0.8421875 0.45583335 0.825 0.4525 0.8208333 0.45666668 0.81822914 0.45083332 0.7953125 0.44833332 0.7578125 0.44083333 0.72239584 0.43083334 0.68333334 0.42416668 0.6765625 0.42583334 0.66979164 0.43583333 0.6635417 0.51666665 0.6588542 0.57416666 0.65260416 0.62166667 0.65260416 0.64416665 0.653125 0.64916664 0.66197914 0.65833336 0.7 0.66833335 0.784375 0.68666667 0.79583335 0.6875 0.7973958 0.6816667 0.8 0.68 0.8015625 0.6825 0.8015625 0.68916667 0.8276042 0.69416666 0.83958334 0.69166666 0.84583336 0.68 0.846875 0.67 0.85833335 0.55916667 0.8609375 0.5208333 0.86510414 0.48416665 0.8645833 0.46833333
19 0.6432292 0.5541667 0.6359375 0.5575 0.63125 0.5675 0.62916666 0.575 0.64947915 0.6041667 0.6489583 0.55583334
19 0.74583334 0.7366667 0.70885414 0.68666667 0.6947917 0.66583335 0.68854165 0.6641667 0.66197914 0.6591667 0.65260416 0.64916664 0.65260416 0.62083334 0.65 0.6166667 0.65 0.6041667 0.62864584 0.57416666 0.6255208 0.57 0.61927086 0.56916666 0.6125 0.5725 0.6078125 0.57916665 0.5729167 0.6475 0.5338542 0.7183333 0.5307292 0.7266667 0.5296875 0.7416667 0.534375 0.75333333 0.553125 0.78333336 0.55833334 0.7783333 0.56145835 0.7783333 0.5598958 0.78583336 0.55833334 0.79 0.5828125 0.8233333 0.6234375 0.8825 0.65416664 0.9266667 0.66510415 0.93833333 0.66979164 0.94 0.67395836 0.9375 0.6822917 0.92583334 0.709375 0.8666667 0.72083336 0.8441667 0.7604167 0.7808333 0.7625 0.77166665 0.76145834 0.7583333
19 0.7963542 0.70416665 0.78020835 0.68583333 0.6958333 0.6666667 0.7057292 0.6825 0.7369792 0.725 0.76145834 0.7583333 0.7625 0.77166665 0.75989586 0.7816667 0.72864586 0.8308333 0.72083336 0.8433333 0.70104164 0.88416666 0.71666664 0.9025 0.721875 0.90416664 0.72864586 0.90166664 0.734375 0.8933333 0.75989586 0.82916665 0.79010415 0.7583333 0.8 0.73333335 0.8015625 0.7216667 0.80052084 0.7108333
19 0.2140625 0.32166666 0.20677084 0.3275 0.18177083 0.39583334 0.15260416 0.4775 0.14270833 0.50166667 0.1421875 0.5125 0.14479166 0.52 0.18177083 0.55333334 0.25729167 0.6225 0.2625 0.62916666 0.26458332 0.62416667 0.26770833 0.62333333 0.26875 0.62583333 0.2671875 0.6333333 0.2953125 0.6575 0.30208334 0.6575 0.30677083 0.6508333 0.30052084 0.515 0.2984375 0.4625 0.30052084 0.46166667 0.30104166 0.4575 0.29947916 0.455 0.296875 0.45416668 0.29479167 0.41 0.2953125 0.39916667 0.27447918 0.3775 0.22760417 0.32583332 0.2203125 0.3225
