14 0.315625 0.80083334 0.39166668 0.79 0.4125 0.77 0.4203125 0.7658333 0.42395833 0.7816667 0.42760417 0.83666664 0.42760417 0.8466667 0.43072918 0.8541667 0.43125 0.8691667 0.4296875 0.87916666 0.41875 0.88916665 0.40416667 0.87666667 0.32864583 0.8875
14 0.20364584 0.8025 0.2140625 0.81916666 0.25520834 0.815 0.25625 0.815 0.2703125 0.8883333 0.27083334 0.9008333 0.20416667 0.9141667 0.20416667 0.9075 0.20104167 0.8591667 0.196875 0.80333334
14 0.28854167 0.6575 0.3125 0.7925 0.315625 0.8025 0.328125 0.8858333 0.334375 0.9058333 0.33333334 0.9125 0.32916668 0.9116667 0.3171875 0.8858333 0.31145832 0.8908333 0.29895833 0.92 0.2828125 0.9483333 0.27552083 0.95416665 0.27239582 0.92333335 0.27083334 0.9 0.2703125 0.89 0.25625 0.81583333 0.23697917 0.715 0.2171875 0.62583333 0.20989583 0.62083334 0.20625 0.61333334 0.21979167 0.59833336 0.25208333 0.57 0.26770833 0.5675 0.2734375 0.57666665
14 0.246875 0.49916667 0.28385416 0.47416666 0.38958332 0.34 0.4125 0.2975 0.4203125 0.275 0.43072918 0.2625 0.434375 0.26083332 0.44375 0.27833334 0.45625 0.29916668 0.4734375 0.32083333 0.48385417 0.34583333 0.4734375 0.36333334 0.45260417 0.37666667 0.40364584 0.435 0.32395834 0.5391667 0.30520833 0.56666666 0.3046875 0.58916664 0.29791668 0.5991667 0.28541666 0.605 0.27395833 0.57666665 0.25677082 0.5516667 0.2421875 0.525 0.23489584 0.5158333
14 0.40364584 0.45 0.42604166 0.45 0.4296875 0.45333335 0.42447916 0.47 0.41302082 0.5025 0.4078125 0.52416664 0.4140625 0.5258333 0.4140625 0.53583336 0.4015625 0.54 0.34479168 0.5133333 0.39479166 0.44583333
14 0.21927084 0.34 0.24270834 0.3675 0.33125 0.41416666 0.28333333 0.47416666 0.2796875 0.4775 0.221875 0.45083332 0.24947916 0.43333334 0.2484375 0.43166667 0.24114583 0.41833332 0.21666667 0.34416667
14 0.10364583 0.1675 0.14427084 0.1325 0.15052083 0.125 0.15572916 0.13 0.14895834 0.14916667 0.171875 0.2225 0.21927084 0.355 0.23958333 0.41583332 0.24895833 0.43416667 0.22083333 0.45166665 0.184375 0.475 0.17916666 0.46583334 0.17916666 0.45583335 0.17552084 0.43833333 0.17552084 0.4325 0.12864584 0.29083332 0.0921875 0.18416667 0.09166667 0.16916667 0.092708334 0.16416667 0.09791667 0.15833333 0.102604166 0.16166666
14 0.490625 0.3525 0.49114582 0.3725 0.4859375 0.40083334 0.48802084 0.495 0.49947917 0.65833336 0.5046875 0.7341667 0.49947917 0.7441667 0.4484375 0.75416666 0.43645832 0.7583333 0.43489584 0.7525 0.43229166 0.7375 0.43645832 0.69 0.43072918 0.49666667 0.428125 0.4075 0.453125 0.37666667 0.47291666 0.36416668 0.48385417 0.34583333 0.48958334 0.3475
14 0.52760416 0.31333333 0.56822914 0.38083333 0.5625 0.38833332 0.5625 0.4 0.5921875 0.44666666 0.6098958 0.465 0.6197917 0.475 0.6479167 0.5233333 0.6744792 0.55583334 0.67604166 0.58 0.66510415 0.5708333 0.6515625 0.5708333 0.6302083 0.5925 0.62083334 0.6066667 0.6171875 0.62166667 0.6140625 0.62166667 0.60729164 0.5933333 0.59739584 0.57 0.5317708 0.45 0.49114582 0.37833333 0.490625 0.3525 0.48958334 0.3475 0.48385417 0.34583333 0.47864583 0.3325 0.51145834 0.32416666 0.52135414 0.31916666 0.5203125 0.31333333 0.51197916 0.30166668 0.5104167 0.29666665 0.5208333 0.3025
14 0.6171875 0.32166666 0.6822917 0.20166667 0.69427085 0.17916666 0.68854165 0.17083333 0.6979167 0.15 0.7015625 0.14666666 0.75625 0.22833334 0.75572914 0.2325 0.74791664 0.24416667 0.7416667 0.2375 0.67291665 0.36 0.63385415 0.425 0.6276042 0.44166666 0.625 0.46833333 0.621875 0.4725 0.61614585 0.46916667 0.6046875 0.46 0.59010416 0.44333333 0.5630208 0.40083334 0.5625 0.38916665 0.56822914 0.38083333 0.5786458 0.38 0.58177084 0.3775
14 0.68645835 0.3775 0.771875 0.36666667 0.78541666 0.36833334 0.79583335 0.36 0.80625 0.35 0.8109375 0.37 0.8140625 0.37916666 0.81666666 0.45333335 0.8041667 0.46416667 0.78541666 0.45833334 0.7182292 0.46333334 0.70677084 0.43083334 0.7057292 0.40666667 0.69635415 0.38666666 0.6890625 0.3875 0.68333334 0.39166668 0.64270836 0.43416667 0.6359375 0.44416666 0.63177085 0.44833332 0.64270836 0.4775 0.62395835 0.48166665 0.6197917 0.47416666 0.609375 0.46416667 0.621875 0.4725 0.6255208 0.46833333 0.6276042 0.4425 0.6333333 0.425 0.66302085 0.3775
14 0.72083336 0.47083333 0.7427083 0.52666664 0.72552085 0.5341667 0.7109375 0.5425 0.7104167 0.55583334 0.7234375 0.59833336 0.7338542 0.6333333 0.74322915 0.65166664 0.75572914 0.6383333 0.7760417 0.60583335 0.8046875 0.67083335 0.825 0.685 0.828125 0.68833333 0.77916664 0.74333334 0.7734375 0.74666667 0.77135414 0.7441667 0.7625 0.7525 0.7609375 0.73 0.75364584 0.7108333 0.75364584 0.6983333 0.7260417 0.6408333 0.6734375 0.5225 0.6567708 0.4825 0.6432292 0.47833332 0.64270836 0.4775 0.63177085 0.44833332 0.6375 0.4425 0.6421875 0.435 0.6848958 0.39 0.6901042 0.38833332 0.69635415 0.3875 0.70625 0.4075 0.70677084 0.43083334
14 0.5046875 0.6591667 0.5552083 0.6691667 0.584375 0.6558333 0.60052085 0.6616667 0.6010417 0.66583335 0.5942708 0.69416666 0.590625 0.7125 0.590625 0.73083335 0.5859375 0.755 0.58125 0.7808333 0.57604164 0.7816667 0.56354165 0.7583333 0.528125 0.7575 0.475 0.75416666 0.46927083 0.75083333 0.49947917 0.7441667 0.5046875 0.7341667 0.49947917 0.65833336
14 0.5328125 0.46083334 0.5385417 0.46333334 0.57916665 0.5375 0.6020833 0.58 0.60572916 0.58916664 0.553125 0.57166666 0.5442708 0.57666665 0.53541666 0.555 0.52135414 0.5425 0.5229167 0.51916665 0.52447915 0.5158333 0.5239583 0.51 0.5260417 0.505 0.5260417 0.49833333 0.52760416 0.49416667 0.52708334 0.48916668 0.528125 0.48583335 0.52760416 0.48166665 0.5296875 0.4775 0.5296875 0.47 0.53125 0.46583334 0.53125 0.46333334
14 0.55260414 0.5808333 0.61041665 0.6091667 0.6145833 0.62166667 0.6177083 0.62166667 0.62083334 0.6075 0.72760415 0.64416665 0.7328125 0.65416664 0.7265625 0.70666665 0.7213542 0.725 0.7171875 0.74833333 0.7083333 0.74583334 0.70208335 0.7325 0.6635417 0.71166664 0.596875 0.68666667 0.6010417 0.66583335 0.60052085 0.6616667 0.58489585 0.6566667 0.5552083 0.6691667 0.5052083 0.65833336 0.50208336 0.65833336 0.50677085 0.6025 0.509375 0.5875 0.5182292 0.5441667 0.521875 0.54333335 0.5359375 0.55583334 0.54479164 0.57666665
14 0.36614582 0.62916666 0.38385418 0.64666665 0.39010417 0.6525 0.43541667 0.65416664 0.43697917 0.68916667 0.43229166 0.73583335 0.43385416 0.74833333 0.36875 0.7425 0.359375 0.75416666 0.34322917 0.74666667 0.3421875 0.7366667 0.34427083 0.72583336 0.3453125 0.71 0.34739584 0.70416665 0.346875 0.7025 0.35 0.66333336 0.35260418 0.63 0.3546875 0.62916666
14 0.8776042 0.505 0.87916666 0.5775 0.88697916 0.68666667 0.87864584 0.7025 0.86510414 0.715 0.84791666 0.7241667 0.8265625 0.7275 0.81875 0.7108333 0.8171875 0.7008333 0.828125 0.68833333 0.82239586 0.6816667 0.8255208 0.6616667 0.8307292 0.54833335
14 0.76354164 0.50666666 0.81666666 0.45416668 0.87604165 0.3975 0.8859375 0.36666667 0.8921875 0.36666667 0.90052086 0.375 0.896875 0.38833332 0.921875 0.44416666 0.92604166 0.47166666 0.9234375 0.47166666 0.90989584 0.47 0.87708336 0.5058333 0.8276042 0.5516667 0.7760417 0.6066667 0.7578125 0.6358333 0.74322915 0.65166664 0.7338542 0.6333333 0.7104167 0.5566667 0.7104167 0.5425 0.7421875 0.52666664
14 0.809375 0.34083334 0.84479165 0.34 0.8755208 0.33166668 0.87916666 0.35166666 0.8744792 0.37833333 0.875 0.39916667 0.8375 0.43416667 0.81666666 0.45416668 0.8140625 0.38083333 0.80833334 0.35916665
14 0.63125 0.595 0.7161458 0.6191667 0.6734375 0.52416664 0.6421875 0.5133333 0.6489583 0.52416664 0.675 0.55583334 0.67604166 0.5808333 0.66510415 0.57166666 0.6515625 0.57166666 0.62864584 0.5941667
14 0.44322917 0.9941667 0.45104167 0.9825 0.45520833 0.9575 0.4734375 0.9291667 0.54791665 0.8325 0.5833333 0.7916667 0.60520834 0.7783333 0.6109375 0.77916664 0.61875 0.76666665 0.6177083 0.7525 0.60833335 0.725 0.5942708 0.6975 0.590625 0.71166664 0.59010416 0.73083335 0.5854167 0.755 0.58177084 0.7808333 0.5765625 0.7816667 0.5630208 0.7583333 0.5265625 0.7575 0.47291666 0.8258333 0.42447916 0.885 0.41041666 0.8958333 0.4078125 0.89 0.3984375 0.89416665 0.40677083 0.915
