9 0.21979167 0.5083333 0.31822917 0.4925 0.33854166 0.48833334 0.33958334 0.50666666 0.34322917 0.595 0.35833332 0.7925 0.353125 0.80083334 0.35833332 0.80333334 0.36145833 0.86 0.3328125 0.86333334 0.29479167 0.8808333 0.26614583 0.8883333 0.25520834 0.8858333 0.25 0.8566667 0.23802084 0.83666664 0.2109375 0.77166665 0.190625 0.7191667 0.18072917 0.685 0.16822916 0.5875 0.16197917 0.5233333
4 0.36927083 0.5133333 0.34791666 0.5225 0.34010416 0.5225 0.33958334 0.4875 0.29427084 0.4975 0.28229168 0.475 0.27395833 0.44916666 0.2734375 0.42 0.27708334 0.3875 0.29270834 0.34583333 0.31041667 0.32666665 0.33333334 0.32083333 0.35416666 0.32416666 0.37708333 0.34833333 0.38177082 0.50333333 0.38229167 0.5258333
4 0.390625 0.5316667 0.47864583 0.5316667 0.48802084 0.5475 0.4890625 0.56 0.47916666 0.5775 0.46822917 0.6066667 0.46302083 0.60833335 0.44583333 0.5925 0.4015625 0.5475
7 0.5729167 0.63416666 0.41875 0.7216667 0.41510418 0.73333335 0.41927084 0.7625 0.45625 0.85583335 0.47239584 0.8775 0.47552082 0.89916664 0.48333332 1.0 0.5755208 1.0 0.5911458 0.9825 0.6140625 0.9791667 0.6765625 0.95916665 0.67552084 0.9375 0.66875 0.9125 0.63489586 0.8525 0.61875 0.81416667 0.61510414 0.795 0.6140625 0.74833333 0.6125 0.6716667 0.61145836 0.645 0.60364586 0.62083334
19 0.68645835 0.8041667 0.65416664 0.8075 0.65260416 0.8 0.6484375 0.81 0.6197917 0.81 0.61510414 0.79833335 0.6145833 0.7658333 0.6125 0.69083333 0.63125 0.79083335 0.64270836 0.79833335 0.65520835 0.7916667 0.759375 0.7266667 0.7708333 0.71666664 0.77239585 0.7025 0.740625 0.5783333 0.78541666 0.5708333 0.79322916 0.595 0.79375 0.74083334 0.7760417 0.7525 0.7630208 0.7708333 0.75677085 0.79833335 0.75364584 0.80583334
3 0.8203125 0.725 0.87604165 0.9325 0.86927086 0.94916666 0.86302084 0.9525 0.85364586 0.94166666 0.8286458 0.9458333 0.81614584 0.94 0.81145835 0.95 0.8041667 0.9725 0.78489584 0.9841667 0.77239585 0.99833333 0.73802084 1.0 0.7026042 0.8691667 0.70104164 0.8475 0.7046875 0.8333333 0.71302086 0.825 0.73229164 0.81666666 0.7447917 0.82166666 0.7526042 0.8258333 0.75416666 0.8183333 0.75416666 0.8075 0.76197916 0.7783333 0.7640625 0.7675 0.77552086 0.7525 0.8 0.735 0.81458336 0.7241667
12 0.7369792 0.4325 0.78489584 0.57 0.8052083 0.6308333 0.84583336 0.7758333 0.853125 0.77666664 0.85052085 0.7558333 0.87395835 0.7291667 0.91197914 0.705 0.8520833 0.52916664 0.8307292 0.4525 0.7734375 0.4325 0.7484375 0.42583334
13 0.59270835 0.46083334 0.68072915 0.40833333 0.69427085 0.40583333 0.7015625 0.41166666 0.7078125 0.42666668 0.7192708 0.50916666 0.7270833 0.53583336 0.74635416 0.6016667 0.7734375 0.7025 0.7708333 0.71666664 0.7604167 0.7275 0.64375 0.79833335 0.63125 0.79 0.61302084 0.6958333 0.6098958 0.64 0.60364586 0.62166667 0.5963542 0.62083334 0.571875 0.48416665 0.57239586 0.47083333 0.5786458 0.4625
1 0.896875 0.3125 0.7807292 0.29166666 0.7604167 0.2775 0.74583334 0.26 0.74114585 0.26 0.7338542 0.2775 0.7213542 0.40833333 0.72083336 0.43083334 0.74375 0.42833334 0.74895835 0.4275 0.84010416 0.4525 0.8833333 0.47083333 0.89739585 0.4825 0.903125 0.465 0.925 0.38166666 0.93333334 0.34166667 0.93854165 0.31416667 0.9270833 0.32166666 0.9067708 0.31166667
3 0.83177084 0.155 0.77552086 0.29 0.7572917 0.27166668 0.7484375 0.25916666 0.74322915 0.26 0.73333335 0.2775 0.7260417 0.35833332 0.7140625 0.35 0.70885414 0.3375 0.70885414 0.32666665 0.71458334 0.31083333 0.7078125 0.28583333 0.678125 0.24333334 0.675 0.23416667 0.675 0.18833333 0.68072915 0.18 0.690625 0.16166666 0.70677084 0.14583333 0.7171875 0.14 0.7291667 0.14666666 0.73541665 0.1325 0.7359375 0.123333335 0.75104165 0.10916667 0.7604167 0.083333336 0.76927084 0.08 0.78333336 0.093333334 0.77135414 0.12583333 0.79791665 0.12916666 0.8078125 0.13166666 0.8265625 0.14166667
6 0.8765625 0.14416666 0.82395834 0.17583333 0.7760417 0.28833333 0.78229165 0.29166666 0.80364585 0.29666665 0.8958333 0.3125 0.9088542 0.30833334 0.909375 0.29333332 0.89270836 0.2175 0.88125 0.1625 0.8796875 0.145
1 0.6359375 0.030833334 0.66197914 0.07083333 0.6828125 0.0875 0.69166666 0.11416667 0.7213542 0.14166667 0.7317708 0.14083333 0.7260417 0.119166665 0.765625 0.0 0.6635417 0.0 0.6557292 0.0225 0.64375 0.02
18 0.5453125 0.02 0.6578125 0.011666667 0.6557292 0.019166667 0.6401042 0.02 0.6354167 0.0325 0.659375 0.068333335 0.66770834 0.08 0.67395836 0.18666667 0.675 0.24666667 0.68333334 0.31416667 0.6802083 0.34 0.6734375 0.35 0.6640625 0.3575 0.6411458 0.355 0.6067708 0.36416668 0.56875 0.3725 0.5494792 0.365 0.5395833 0.33916667 0.53802085 0.28833333 0.5375 0.2425 0.5328125 0.18166667 0.5286458 0.10916667 0.52552086 0.065 0.52552086 0.051666666 0.5286458 0.031666666
2 0.3875 0.23416667 0.5328125 0.2475 0.5375 0.25833333 0.5385417 0.33666667 0.55 0.36583334 0.5729167 0.37416667 0.6145833 0.36416668 0.615625 0.38666666 0.6166667 0.44083333 0.5953125 0.45833334 0.58125 0.46 0.57447916 0.4675 0.571875 0.48083332 0.58020836 0.5391667 0.45885417 0.5308333 0.39114583 0.53333336 0.384375 0.53 0.38333333 0.51666665 0.37864584 0.35916665 0.37864584 0.29916668 0.3796875 0.24333334
8 0.079166666 0.41333333 0.086979166 0.37833333 0.091145836 0.35666665 0.09947917 0.34083334 0.10572917 0.33833334 0.1953125 0.37083334 0.21822916 0.38583332 0.2265625 0.3975 0.228125 0.41 0.2203125 0.45416668 0.2171875 0.46833333 0.21197917 0.47583333 0.21666667 0.47916666 0.21041666 0.5083333 0.16145833 0.5225 0.17864583 0.66833335 0.18125 0.68833333 0.17864583 0.71 0.16875 0.725 0.15989584 0.73 0.13385417 0.7216667 0.07604167 0.7025 0.041145835 0.68833333 0.031770833 0.6775 0.033333335 0.66833335 0.036458332 0.65166664 0.0453125 0.62416667 0.055208333 0.60083336 0.059375 0.55833334 0.06875 0.4775 0.075520836 0.43666667 0.07864583 0.42166665 0.08229167 0.42083332
