5 0.7671875 0.33416668 0.78489584 0.35 0.8041667 0.36666667 0.80833334 0.38083333 0.8390625 0.42 0.87604165 0.46416667 0.903125 0.49 0.921875 0.5025 0.9479167 0.52416664 0.95416665 0.5275 0.92552084 0.5783333 0.8921875 0.65166664 0.8828125 0.6816667 0.8744792 0.72083336 0.84947914 0.7808333 0.8385417 0.7775 0.8255208 0.7525 0.79322916 0.70916665 0.74427086 0.63666666 0.72864586 0.62166667 0.70208335 0.6075 0.66875 0.5833333 0.65729165 0.57166666 0.69322914 0.49416667 0.7213542 0.43916667 0.75208336 0.36416668 0.75989586 0.345 0.76354164 0.33666667
2 0.54895836 0.0075 0.61145836 0.09916667 0.65260416 0.16 0.67395836 0.195 0.6828125 0.20916666 0.6223958 0.31 0.56041664 0.4125 0.5494792 0.43 0.5109375 0.41166666 0.4859375 0.40416667 0.45520833 0.39 0.440625 0.38083333 0.434375 0.3825 0.38177082 0.3 0.37760416 0.29583332 0.41666666 0.22916667 0.47552082 0.13166666 0.5390625 0.0225 0.5453125 0.013333334
0 0.26875 0.6075 0.2859375 0.58916664 0.3015625 0.57416666 0.3390625 0.54333335 0.35729167 0.5233333 0.37552083 0.5025 0.41510418 0.455 0.43125 0.42666668 0.43229166 0.42083332 0.43489584 0.415 0.43802083 0.41416666 0.44270834 0.42083332 0.45104167 0.46416667 0.503125 0.6225 0.53229165 0.6975 0.54114586 0.705 0.5453125 0.72583336 0.47395834 0.7608333 0.42760417 0.78833336 0.35208333 0.84166664 0.34479168 0.845 0.34375 0.8383333 0.34322917 0.83 0.3609375 0.77 0.37864584 0.71166664 0.3734375 0.7125 0.36145833 0.6816667 0.32864583 0.67333335 0.278125 0.64 0.2734375 0.625 0.26770833 0.6116667
16 0.13072917 0.29416665 0.14635417 0.25666666 0.1515625 0.23416667 0.15520833 0.21583334 0.15885417 0.205 0.1703125 0.20333333 0.18072917 0.20333333 0.19322917 0.2025 0.20208333 0.20333333 0.21614583 0.2125 0.24479167 0.235 0.27395833 0.2525 0.315625 0.28583333 0.34114584 0.3 0.37395832 0.32583332 0.39166668 0.33916667 0.396875 0.34583333 0.36822918 0.43583333 0.3375 0.53 0.33020833 0.55083334 0.31510416 0.56166667 0.29895833 0.5758333 0.28958333 0.585 0.28125 0.5783333 0.22291666 0.5275 0.15989584 0.47583333 0.10989583 0.4375 0.0921875 0.4275 0.08541667 0.4125 0.10625 0.3675 0.12552084 0.31666666 0.128125 0.3
19 0.4765625 0.12833333 0.46875 0.11333334 0.46041667 0.10166667 0.45677084 0.09916667 0.45364583 0.09833334 0.45 0.1 0.44739583 0.10333333 0.44479167 0.108333334 0.41145834 0.16333333 0.33697918 0.27916667 0.32916668 0.29083332 0.328125 0.2925 0.334375 0.29583332 0.3421875 0.3 0.3578125 0.3125 0.37239584 0.325 0.38072917 0.33083335 0.38541666 0.33416668 0.39322916 0.33166668 0.40104166 0.33 0.39270833 0.31666666 0.384375 0.30333334 0.38125 0.29916668 0.37708333 0.29583332 0.40052083 0.25666666 0.43020833 0.20583333 0.45625 0.16333333 0.47760418 0.12833333
21 0.3515625 0.49833333 0.3546875 0.5258333 0.37604168 0.50083333 0.40364584 0.46833333 0.40885416 0.46333334 0.41822916 0.41083333 0.42447916 0.39083335 0.43333334 0.38083333 0.41197917 0.3475 0.4015625 0.33083335 0.40052083 0.33 0.390625 0.3325 0.38645834 0.33416668 0.3859375 0.335 0.38958332 0.3375 0.3921875 0.33916667 0.39739582 0.34583333 0.390625 0.36583334 0.37604168 0.41083333 0.36041668 0.45833334 0.35052082 0.48916668
14 0.13385417 0.45666668 0.1375 0.4575 0.16927083 0.48333332 0.20677084 0.515 0.23125 0.62833333 0.25260416 0.7341667 0.2578125 0.7416667 0.26145834 0.7525 0.2640625 0.7625 0.259375 0.7725 0.2109375 0.7975 0.20208333 0.8025 0.20208333 0.7891667 0.20208333 0.76 0.15989584 0.55333334 0.1453125 0.49083334 0.13645834 0.48 0.13541667 0.4725 0.13333334 0.46416667
1 0.253125 0.5566667 0.26458332 0.67333335 0.27447918 0.7733333 0.27604166 0.7941667 0.28333333 0.7966667 0.29270834 0.79583335 0.30208334 0.7916667 0.29635417 0.7891667 0.28854167 0.785 0.28802082 0.78 0.30052084 0.7783333 0.31770834 0.775 0.33229166 0.7733333 0.34427083 0.7733333 0.35885417 0.7758333 0.36614582 0.7525 0.3640625 0.7375 0.36145833 0.7183333 0.35885417 0.7033333 0.35625 0.68083334 0.34427083 0.6766667 0.33020833 0.67333335 0.30208334 0.6558333 0.278125 0.64 0.2671875 0.61 0.2671875 0.60833335 0.28854167 0.58666664 0.2890625 0.5858333 0.28645834 0.5825 0.25729167 0.5566667 0.25416666 0.5541667
5 0.37395832 0.8908333 0.4078125 0.87666667 0.4265625 0.8691667 0.45 0.8691667 0.45677084 0.8691667 0.47239584 0.8691667 0.50677085 0.8675 0.5359375 0.8616667 0.55104166 0.8616667 0.540625 0.78583336 0.53489584 0.7441667 0.53333336 0.7316667 0.48645833 0.75333333 0.45 0.77416664 0.41145834 0.7991667 0.3703125 0.8275 0.36979166 0.8516667 0.3703125 0.87833333
18 0.6390625 0.49416667 0.62604165 0.56666666 0.621875 0.5825 0.6140625 0.5941667 0.61145836 0.62 0.609375 0.6525 0.6041667 0.6691667 0.6 0.6766667 0.5890625 0.67833334 0.58125 0.67833334 0.54322916 0.6616667 0.51354164 0.6483333 0.49166667 0.5883333 0.471875 0.5275 0.4578125 0.48166665 0.453125 0.46833333 0.45 0.45833334 0.44375 0.42916667 0.44270834 0.41916665 0.43802083 0.41166666 0.43489584 0.41416666 0.4328125 0.41833332 0.43229166 0.42083332 0.43125 0.42666668 0.42552084 0.43666667 0.41666666 0.45083332 0.409375 0.4625 0.41614583 0.425 0.41822916 0.41083333 0.42291668 0.395 0.425 0.39 0.4296875 0.38416666 0.43177083 0.38166666 0.434375 0.38166666 0.4390625 0.38083333 0.44322917 0.3825 0.46614584 0.395 0.48125 0.4025 0.49270833 0.40583333 0.503125 0.40916666 0.5151042 0.4125 0.52760416 0.42 0.5453125 0.42666668 0.5494792 0.4325 0.5625 0.44083333 0.58229166 0.44666666 0.6088542 0.45666668 0.6234375 0.46166667 0.63072914 0.46916667 0.63645834 0.47583333 0.63854164 0.48583335
12 0.6088542 0.33666667 0.6796875 0.39833334 0.71510416 0.4325 0.7005208 0.4675 0.68958336 0.49833333 0.68541664 0.51 0.67604166 0.5316667 0.66302085 0.55833334 0.65833336 0.56666666 0.6567708 0.5725 0.65416664 0.5833333 0.64375 0.6075 0.6354167 0.6375 0.6177083 0.69 0.60364586 0.7341667 0.59010416 0.7758333 0.5776042 0.76166666 0.5473958 0.7341667 0.5442708 0.725 0.540625 0.70666665 0.53489584 0.6983333 0.5317708 0.695 0.51979166 0.6666667 0.51979166 0.6558333 0.5203125 0.6525 0.528125 0.655 0.5484375 0.66333336 0.56666666 0.6725 0.58125 0.67833334 0.59947914 0.6766667 0.6046875 0.6691667 0.609375 0.6525 0.6119792 0.62166667 0.6125 0.61083335 0.61354166 0.595 0.6197917 0.58416665 0.62291664 0.57916665 0.6322917 0.53 0.63854164 0.49833333 0.63697916 0.48333332 0.6354167 0.47583333 0.6276042 0.46583334 0.62135416 0.46083334 0.584375 0.4475 0.5703125 0.44333333 0.59947914 0.35166666 0.6015625 0.34416667 0.6067708 0.335
21 0.56354165 0.4075 0.5640625 0.40583333 0.5890625 0.365 0.5989583 0.34833333 0.60052085 0.34583333 0.6 0.3475 0.59947914 0.35166666 0.5885417 0.38583332 0.58020836 0.41333333 0.571875 0.43916667 0.5708333 0.4425 0.56666666 0.4425 0.56354165 0.44083333 0.55572915 0.43666667 0.55 0.4325 0.54895836 0.4325 0.5473958 0.42916667 0.5494792 0.42916667 0.5598958 0.41333333 0.5625 0.40916666
21 0.64270836 0.27666667 0.6453125 0.27666667 0.6515625 0.285 0.653125 0.28833333 0.6546875 0.30166668 0.65416664 0.31916666 0.6453125 0.33583334 0.6359375 0.3525 0.63697916 0.35916665 0.63697916 0.36083335 0.6328125 0.35833332 0.6177083 0.34416667 0.6067708 0.33583334 0.6328125 0.2925 0.6421875 0.27666667
15 0.86302084 0.19333333 0.8666667 0.18916667 0.87291664 0.19916667 0.87604165 0.20083334 0.87864584 0.20583333 0.8822917 0.20583333 0.8932292 0.21166667 0.95989585 0.41166666 0.9895833 0.5183333 0.98802084 0.52916664 0.984375 0.5375 0.9859375 0.54 0.9869792 0.5441667 0.984375 0.5475 0.98541665 0.555 0.9859375 0.5625 0.97864586 0.565 0.97760415 0.56166667 0.9770833 0.55833334 0.97760415 0.5491667 0.97447914 0.5466667 0.9739583 0.5425 0.96458334 0.54083335 0.9557292 0.5325 0.9505208 0.51916665 0.92083335 0.42333335 0.871875 0.2725 0.8619792 0.23666666 0.86302084 0.22166666 0.8677083 0.21416667 0.86510414 0.21 0.865625 0.20583333 0.8625 0.20083334 0.86145836 0.195
4 0.884375 0.00083333335 0.9536458 0.08 0.97447914 0.08 0.9973958 0.038333334 0.99895835 0.03 0.99895835 0.015833333 0.98541665 0.0
