17 1.0 0.4075 0.9765625 0.45166665 0.95 0.49083334 0.9421875 0.505 0.940625 0.5158333 0.9427083 0.53 0.94427085 0.53583336 0.9703125 0.565 0.97864586 0.56166667 0.99010414 0.56333333 1.0 0.5783333
17 1.0 0.32916668 0.96197915 0.36916667 0.92864585 0.40833333 0.92864585 0.41583332 0.92395836 0.41416666 0.90520835 0.43666667 0.903125 0.445 0.9036458 0.45916668 0.90520835 0.46833333 0.96302086 0.5725 0.9703125 0.565 0.94427085 0.53583336 0.94166666 0.525 0.940625 0.5158333 0.9421875 0.505 0.9505208 0.49 0.9770833 0.45166665 1.0 0.4075
17 0.9390625 0.30083334 0.9234375 0.30333334 0.92291665 0.3125 0.92083335 0.31333333 0.91822916 0.30583334 0.8588542 0.32166666 0.8072917 0.33833334 0.7973958 0.34583333 0.7921875 0.365 0.78125 0.385 0.7765625 0.4025 0.7671875 0.4275 0.75885415 0.44833332 0.76354164 0.48 0.7796875 0.57666665 0.78489584 0.585 0.79322916 0.59166664 0.80052084 0.5908333 0.8203125 0.5825 0.86614585 0.555 0.86927086 0.56666666 0.91041666 0.55916667 0.94114584 0.55333334 0.94322914 0.55 0.9458333 0.5541667 0.95104164 0.5525 0.90520835 0.46666667 0.90416664 0.45916668 0.903125 0.44666666 0.90520835 0.43583333 0.9244792 0.41416666 0.92864585 0.41583332 0.92864585 0.40833333 0.9739583 0.35666665 0.96770835 0.3075 0.96197915 0.30166668 0.95520836 0.29666665
17 0.7864583 0.32416666 0.7760417 0.32416666 0.76145834 0.33583334 0.73229164 0.36666667 0.70416665 0.3975 0.66822916 0.44 0.6645833 0.46083334 0.665625 0.47333333 0.67760414 0.49833333 0.6828125 0.4975 0.6802083 0.50416666 0.70520836 0.5525 0.7270833 0.58666664 0.74322915 0.5975 0.7708333 0.6116667 0.77135414 0.6191667 0.76875 0.62333333 0.7671875 0.63166666 0.7609375 0.64 0.7578125 0.6433333 0.75416666 0.65416664 0.7546875 0.6666667 0.759375 0.6791667 0.7703125 0.68833333 0.7895833 0.6933333 0.8109375 0.685 0.8453125 0.6625 0.8875 0.6308333 0.8953125 0.62083334 0.8989583 0.6066667 0.8979167 0.595 0.8859375 0.56333333 0.86927086 0.56666666 0.86614585 0.555 0.8208333 0.58166665 0.80052084 0.5908333 0.79270834 0.59166664 0.78489584 0.585 0.7796875 0.57666665 0.7630208 0.47916666 0.75885415 0.44833332 0.76875 0.42333335 0.7765625 0.4025 0.7807292 0.385 0.7921875 0.365 0.79791665 0.34583333 0.79895836 0.345 0.79322916 0.33083335 0.7885417 0.32666665
17 0.5083333 0.37583333 0.44739583 0.39833334 0.42395833 0.4075 0.4171875 0.41666666 0.4125 0.4275 0.4109375 0.43666667 0.41510418 0.465 0.41979167 0.46666667 0.415625 0.47166666 0.44010416 0.5833333 0.45677084 0.66 0.46770832 0.7133333 0.4703125 0.72583336 0.47552082 0.7325 0.484375 0.7366667 0.48958334 0.73333335 0.4984375 0.68666667 0.5046875 0.6825 0.51666665 0.68666667 0.54791665 0.7008333 0.5755208 0.69916666 0.5875 0.695 0.59479165 0.6825 0.5984375 0.66833335 0.5963542 0.6566667 0.5963542 0.6325 0.59375 0.6125 0.58958334 0.58416665 0.5796875 0.53583336 0.5776042 0.49666667 0.571875 0.44333333 0.5651042 0.40333334 0.5578125 0.38 0.54895836 0.37 0.5442708 0.36833334 0.53020835 0.37083334
17 0.5484375 0.2725 0.51927084 0.27 0.42708334 0.27833334 0.42239583 0.28083333 0.41458333 0.29166666 0.409375 0.30583334 0.4125 0.36833334 0.415625 0.3875 0.41666666 0.41666666 0.42395833 0.40666667 0.45520833 0.395 0.5083333 0.37583333 0.52916664 0.37083334 0.5442708 0.36833334 0.5494792 0.37 0.5578125 0.38083333 0.5609375 0.39083335 0.559375 0.34916666 0.559375 0.325 0.5609375 0.2925 0.55625 0.28 0.5541667 0.27666667
17 0.41302082 0.485 0.41041666 0.5466667 0.41197917 0.5475 0.41354167 0.5491667 0.4125 0.55333334 0.40989584 0.55333334 0.4109375 0.5933333 0.41770834 0.6091667 0.42135417 0.61333334 0.446875 0.61583334 0.415625 0.47166666 0.41927084 0.46666667 0.41510418 0.465
17 0.6692708 0.55833334 0.64947915 0.56666666 0.6265625 0.5725 0.6166667 0.5725 0.6046875 0.5725 0.59479165 0.5758333 0.5885417 0.57916665 0.59583336 0.63166666 0.5963542 0.6566667 0.5984375 0.6691667 0.5953125 0.6816667 0.58802086 0.695 0.5755208 0.69916666 0.5484375 0.70166665 0.54010415 0.69666666 0.54322916 0.7841667 0.54270834 0.79833335 0.54895836 0.81416667 0.55885416 0.8208333 0.60625 0.81583333 0.62708336 0.81166667 0.72291666 0.80333334 0.7265625 0.79333335 0.728125 0.8016667 0.74635416 0.7975 0.7546875 0.78833336 0.7604167 0.7725 0.759375 0.75416666 0.7484375 0.635 0.74427086 0.5975 0.7265625 0.58666664 0.70416665 0.5516667
17 0.4484375 0.65166664 0.41614583 0.63416666 0.409375 0.635 0.39479166 0.6566667 0.3421875 0.7291667 0.32395834 0.7525 0.31770834 0.825 0.32083333 0.8375 0.32864583 0.84833336 0.34583333 0.85083336 0.39583334 0.865 0.44010416 0.87666667 0.45416668 0.88166666 0.46666667 0.89 0.475 0.8975 0.484375 0.9008333 0.503125 0.9033333 0.5125 0.8883333 0.5140625 0.87666667 0.5109375 0.8625 0.5046875 0.85583335 0.5005208 0.85 0.4984375 0.835 0.50104165 0.82416666 0.5072917 0.81416667 0.51979166 0.80083334 0.5265625 0.7841667 0.540625 0.7241667 0.54010415 0.6975 0.5182292 0.6875 0.5052083 0.6825 0.4984375 0.6875 0.48958334 0.7325 0.48489583 0.73583335 0.47604167 0.73333335 0.4703125 0.725 0.45572916 0.6558333
17 0.20833333 0.37333333 0.19479166 0.37 0.1671875 0.37166667 0.1484375 0.3775 0.140625 0.3825 0.11145833 0.38916665 0.10520833 0.39666668 0.10364583 0.41 0.10625 0.42 0.1125 0.42916667 0.12552084 0.43583333 0.12916666 0.44416666 0.13125 0.46916667 0.114583336 0.4875 0.11302083 0.515 0.1125 0.55583334 0.11354167 0.57416666 0.11302083 0.6175 0.1125 0.635 0.11510417 0.6375 0.111979164 0.6425 0.11666667 0.66833335 0.12447917 0.6766667 0.1328125 0.68416667 0.17552084 0.6875 0.19739583 0.68416667 0.20885417 0.68 0.22083333 0.68083334 0.23645833 0.67833334 0.25364584 0.675 0.26041666 0.6625 0.26145834 0.6483333 0.25989583 0.63166666 0.253125 0.57916665 0.2515625 0.5566667 0.2453125 0.55 0.240625 0.53333336 0.240625 0.51416665 0.24479167 0.49166667 0.24270834 0.4725 0.24270834 0.44916666 0.24166666 0.41166666 0.23854166 0.38666666 0.23697917 0.37833333 0.23072916 0.37166667 0.22239584 0.36833334 0.21770833 0.37083334
17 0.32395834 0.045 0.3109375 0.05 0.29635417 0.07833333 0.2984375 0.08833333 0.29375 0.085 0.27395833 0.13 0.24375 0.18583333 0.2203125 0.235 0.20364584 0.28333333 0.20104167 0.29166666 0.20104167 0.30416667 0.20625 0.31666666 0.21875 0.33 0.24895833 0.36 0.271875 0.3875 0.30260417 0.4125 0.31458333 0.42 0.3296875 0.41333333 0.33489582 0.40916666 0.33958334 0.39333335 0.3359375 0.3825 0.3375 0.36916667 0.34635416 0.35083333 0.36041668 0.32916668 0.37135416 0.30583334 0.37395832 0.2775 0.375 0.25 0.371875 0.23333333 0.38020834 0.17083333 0.38489583 0.11 0.3421875 0.061666667 0.32864583 0.046666667
17 0.19583334 0.28916666 0.1921875 0.30833334 0.19583334 0.32333332 0.209375 0.3725 0.21875 0.37 0.22135417 0.36833334 0.23125 0.3725 0.2375 0.37916666 0.2421875 0.41083333 0.24270834 0.47083333 0.24479167 0.49083334 0.240625 0.51416665 0.24114583 0.53333336 0.24479167 0.55 0.2515625 0.55833334 0.2703125 0.56583333 0.28489584 0.56333333 0.29947916 0.55916667 0.31197917 0.56083333 0.328125 0.5541667 0.34322917 0.55083334 0.37916666 0.5375 0.38541666 0.5225 0.3875 0.5058333 0.38333333 0.49583334 0.3796875 0.49166667 0.37239584 0.45583335 0.371875 0.42666668 0.359375 0.33 0.34739584 0.34916666 0.33802083 0.3675 0.33645833 0.38166666 0.33958334 0.39416668 0.33489582 0.40916666 0.3296875 0.41416666 0.31458333 0.42 0.29635417 0.40833333 0.27239582 0.38666666 0.24114583 0.3525 0.20677084 0.3175 0.20104167 0.305 0.20104167 0.29083332 0.20416667 0.28083333 0.19791667 0.28333333
17 0.20208333 0.14666666 0.18697916 0.1625 0.17604166 0.1775 0.1703125 0.19666667 0.16666667 0.21416667 0.1578125 0.2325 0.14791666 0.24833333 0.14375 0.26583335 0.14479166 0.2725 0.13958333 0.27166668 0.12916666 0.29583332 0.12552084 0.30333334 0.123958334 0.32 0.1265625 0.33416668 0.15677084 0.375 0.16614583 0.37083334 0.19427083 0.37 0.209375 0.3725 0.1953125 0.32416666 0.19270833 0.3075 0.19479166 0.29 0.19791667 0.28416666 0.20416667 0.28083333 0.21927084 0.235 0.27395833 0.13083333 0.28020832 0.115 0.26822916 0.105 0.22604166 0.064166665 0.21666667 0.06916667 0.209375 0.075833336 0.20572917 0.0925 0.2078125 0.10333333 0.21458334 0.115833335 0.21197917 0.12916666 0.2078125 0.13916667
17 1.0 0.5775 0.990625 0.56333333 0.97864586 0.56166667 0.97083336 0.56416667 0.9244792 0.615 0.91614586 0.6333333 0.90729165 0.6425 0.8911458 0.6475 0.85833335 0.67083335 0.853125 0.6875 0.853125 0.70166665 0.86614585 0.73 0.88072914 0.7558333 0.90833336 0.8125 0.9244792 0.85083336 0.95520836 0.9125 0.95989585 0.9125 0.9578125 0.9191667 0.97552085 0.955 0.990625 0.96666664 1.0 0.9675
