1 0.0010416667 0.0 0.09427083 0.14166667 0.1234375 0.2025 0.13645834 0.21333334 0.146875 0.22333333 0.13177083 0.24083333 0.09166667 0.28583333 0.079166666 0.295 0.0640625 0.3225 0.050520834 0.33583334 0.046354167 0.3375 0.038541667 0.32666665 0.033854168 0.29 0.015625 0.23916666 0.0 0.21
1 0.66197914 0.0 0.7552083 0.0 0.7135417 0.13666667 0.7125 0.15333334 0.71302086 0.16916667 0.7036458 0.16666667 0.6796875 0.14666666 0.6666667 0.12 0.634375 0.0725 0.6197917 0.046666667 0.6296875 0.0475 0.6401042 0.034166668 0.6546875 0.0075
18 0.55833334 0.0 0.66041666 0.0 0.653125 0.005 0.64739585 0.0175 0.63645834 0.038333334 0.62916666 0.045 0.61927086 0.045 0.628125 0.06583333 0.65416664 0.10666667 0.66614586 0.1225 0.6765625 0.1425 0.68177086 0.15166667 0.67604166 0.23 0.67395836 0.27333334 0.66979164 0.28166667 0.6588542 0.28583333 0.6484375 0.2825 0.6234375 0.2725 0.56822914 0.265 0.5484375 0.25833333 0.54114586 0.25083333 0.5364583 0.23416667 0.53489584 0.205 0.5421875 0.16333333 0.54583335 0.12083333 0.55104166 0.05666667 0.5578125 0.0016666667
3 0.7895833 0.105 0.81354165 0.16833334 0.8130208 0.18916667 0.825 0.20166667 0.8328125 0.22083333 0.7994792 0.25583333 0.74895835 0.31 0.7265625 0.335 0.69635415 0.35833332 0.68177086 0.34083334 0.671875 0.32333332 0.671875 0.30333334 0.67604166 0.29083332 0.6880208 0.28416666 0.68177086 0.2575 0.67760414 0.23916666 0.68333334 0.15083334 0.7026042 0.16833334 0.71510416 0.1725 0.715625 0.13416667 0.725 0.13333334 0.7390625 0.12916666 0.75572914 0.135 0.76458335 0.1325 0.7734375 0.12166667 0.78229165 0.11
6 0.87864584 0.15 0.878125 0.17416666 0.884375 0.20333333 0.89947915 0.26 0.90416664 0.29833335 0.90729165 0.31166667 0.89947915 0.31666666 0.8890625 0.32 0.8265625 0.3425 0.81458336 0.35083333 0.79479164 0.365 0.775 0.37916666 0.7640625 0.38666666 0.7604167 0.38666666 0.75677085 0.37166667 0.7453125 0.315 0.79791665 0.25916666 0.83385414 0.22 0.82708335 0.2 0.8130208 0.185 0.81458336 0.18 0.8625 0.1575 0.871875 0.14833333
13 0.46302083 0.3175 0.5005208 0.30083334 0.58385414 0.28166667 0.60833335 0.27583334 0.6203125 0.27416667 0.6453125 0.28333333 0.6588542 0.2875 0.6609375 0.2925 0.66770834 0.29666665 0.66875 0.33333334 0.67395836 0.41583332 0.68177086 0.44583333 0.6609375 0.44916666 0.6171875 0.43833333 0.584375 0.43833333 0.5776042 0.4475 0.5776042 0.47 0.57395834 0.52 0.49010417 0.54583335 0.48072916 0.5491667 0.47604167 0.5425 0.47395834 0.53 0.45729166 0.365 0.45625 0.3325 0.45625 0.325
2 0.33541667 0.24083333 0.49583334 0.13916667 0.5463542 0.1025 0.54322916 0.145 0.5375 0.18416667 0.53333336 0.2075 0.53489584 0.22666667 0.5390625 0.24833333 0.5453125 0.26 0.55885416 0.26416665 0.59479165 0.2725 0.61145836 0.27333334 0.58229166 0.28 0.5307292 0.29166666 0.5005208 0.29833335 0.46354166 0.315 0.45572916 0.32333332 0.45625 0.35833332 0.46666667 0.48 0.41614583 0.5158333 0.40572917 0.49 0.37291667 0.38833332 0.35104167 0.30583334 0.33645833 0.25166667 0.334375 0.24583334
4 0.2828125 0.37916666 0.29635417 0.34916666 0.30833334 0.33333334 0.3171875 0.325 0.32708332 0.31916666 0.34166667 0.31583333 0.3515625 0.31583333 0.36927083 0.37833333 0.39010417 0.44416666 0.39635417 0.47166666 0.39375 0.47833332 0.38020834 0.49916667 0.36614582 0.51166666 0.34427083 0.5208333 0.3265625 0.5125 0.3078125 0.5025 0.29114583 0.47333333 0.28229168 0.44666666 0.2796875 0.41916665 0.2796875 0.39916667 0.28177083 0.39083335
12 0.7140625 0.42833334 0.74427086 0.40583333 0.75364584 0.39666668 0.76145834 0.38916665 0.78229165 0.3775 0.78541666 0.37833333 0.790625 0.38916665 0.8286458 0.5308333 0.88958335 0.7075 0.87604165 0.71666664 0.8510417 0.7325 0.8354167 0.74833333 0.828125 0.75666666 0.8307292 0.7841667 0.7916667 0.6766667 0.74375 0.5308333 0.7125 0.44916666 0.7078125 0.43666667
19 0.5796875 0.67333335 0.5729167 0.655 0.57604164 0.5158333 0.57916665 0.46166667 0.5796875 0.44583333 0.584375 0.44083333 0.6203125 0.44083333 0.65729165 0.4525 0.6802083 0.44916666 0.7125 0.45083332 0.7390625 0.52166665 0.7494792 0.5566667 0.753125 0.57 0.75 0.655 0.7473958 0.67333335 0.740625 0.67833334 0.6322917 0.67583334 0.58177084 0.67583334
7 0.2640625 0.75916666 0.30052084 0.7916667 0.3203125 0.81333333 0.33177084 0.8225 0.33958334 0.83166665 0.3546875 0.8375 0.3625 0.8375 0.3671875 0.85 0.3765625 0.87166667 0.40729168 0.92 0.42604166 0.94666666 0.43645832 0.92833334 0.44322917 0.9175 0.45833334 0.8275 0.46458334 0.7941667 0.47291666 0.7783333 0.52708334 0.7158333 0.55885416 0.675 0.56666666 0.6525 0.4984375 0.56916666 0.46875 0.535 0.440625 0.49916667 0.41614583 0.5175 0.40416667 0.495 0.3984375 0.47 0.3859375 0.4975 0.38072917 0.51666665 0.36197916 0.565 0.35052082 0.59583336 0.34635416 0.62333333 0.31197917 0.6691667 0.26979166 0.7475 0.26770833 0.75166667
3 0.7 0.8375 0.72552085 0.8183333 0.73645836 0.8125 0.74635416 0.8225 0.753125 0.83166665 0.75208336 0.80583334 0.75677085 0.785 0.77447915 0.75416666 0.78489584 0.7441667 0.8072917 0.7275 0.82916665 0.785 0.87083334 0.9141667 0.87708336 0.93333334 0.86822915 0.95 0.86302084 0.9525 0.8328125 0.9475 0.81927085 0.9433333 0.8125 0.94666666 0.8052083 0.96416664 0.79375 0.98083335 0.77708334 0.9916667 0.75885415 1.0 0.74010414 1.0 0.728125 0.9625 0.70885414 0.8975 0.7005208 0.8666667 0.7 0.8466667
9 0.060416665 0.9125 0.15416667 0.83916664 0.203125 0.8025 0.21822916 0.7891667 0.22395833 0.80333334 0.26510417 0.95916665 0.284375 1.0 0.084375 1.0 0.06614583 0.92833334 0.063541666 0.92083335
8 0.10572917 0.33333334 0.1984375 0.375 0.21770833 0.3825 0.22447917 0.38833332 0.228125 0.405 0.2265625 0.42 0.209375 0.5083333 0.19947916 0.5575 0.19114584 0.6175 0.18385416 0.6791667 0.1796875 0.69916666 0.17864583 0.7158333 0.17395833 0.7225 0.16979167 0.7275 0.15989584 0.73 0.13541667 0.72333336 0.075520836 0.7008333 0.044270832 0.69083333 0.0375 0.68333334 0.034895834 0.6741667 0.034895834 0.66083336 0.044791665 0.62666667 0.055208333 0.5925 0.06614583 0.48166665 0.07864583 0.4175 0.08958333 0.37 0.0921875 0.345 0.0984375 0.3375
