20 0.48385417 0.0 0.471875 0.06583333 0.45416668 0.16 0.44479167 0.23416667 0.44583333 0.29583332 0.4484375 0.39166668 0.45572916 0.48583335 0.45989582 0.5183333 0.46875 0.5341667 0.496875 0.5466667 0.5140625 0.55833334 0.5515625 0.5625 0.58385414 0.56333333 0.59270835 0.55083334 0.59479165 0.5425 0.5911458 0.4175 0.5828125 0.31666666 0.56822914 0.26916668 0.56875 0.23333333 0.55572915 0.20833333 0.5755208 0.1775 0.5515625 0.14 0.49010417 0.0325 0.484375 0.015
20 0.46197918 0.10583334 0.43541667 0.05666667 0.42708334 0.0525 0.41666666 0.0575 0.40885416 0.0775 0.39270833 0.100833334 0.38125 0.11333334 0.37239584 0.123333335 0.35989583 0.135 0.340625 0.14916667 0.33645833 0.16166666 0.33541667 0.17916666 0.3625 0.2725 0.40104166 0.37166667 0.42864582 0.42 0.45416668 0.46166667 0.4484375 0.39333335 0.44427082 0.235 0.45416668 0.15916666 0.46354166 0.11
20 0.25572917 0.02 0.24375 0.034166668 0.1984375 0.07416666 0.140625 0.14083333 0.13645834 0.155 0.1421875 0.18333334 0.1640625 0.22916667 0.20260416 0.3225 0.23802084 0.4 0.2671875 0.465 0.31145832 0.56916666 0.34010416 0.61583334 0.35 0.62583333 0.36979166 0.61833334 0.39635417 0.5883333 0.421875 0.52916664 0.45520833 0.485 0.45364583 0.46166667 0.42083332 0.42083332 0.39791667 0.385 0.38020834 0.33416668 0.3515625 0.2475 0.31354168 0.15333334 0.2921875 0.07416666 0.27395833 0.025833333 0.26614583 0.02
20 0.0796875 0.26416665 0.036458332 0.25333333 0.0 0.25083333 0.0 0.50333333 0.0671875 0.5058333 0.17135416 0.52666664 0.1921875 0.5183333 0.24322917 0.525 0.29583332 0.5325 0.19791667 0.31166667 0.18489583 0.325 0.16666667 0.3325 0.11770833 0.29166666 0.0921875 0.26666668
20 0.30364582 0.57166666 0.27447918 0.67583334 0.278125 0.69416666 0.28645834 0.70666665 0.37239584 0.76 0.44895834 0.80916667 0.5046875 0.77 0.5364583 0.80916667 0.5364583 0.8441667 0.54791665 0.85833335 0.61822915 0.87416667 0.6578125 0.7775 0.6802083 0.7125 0.6822917 0.69166666 0.66822916 0.67333335 0.61927086 0.63166666 0.5572917 0.60333335 0.50104165 0.59166664 0.48385417 0.5883333 0.43333334 0.5375 0.42291668 0.5275 0.396875 0.5875 0.37083334 0.61833334 0.35 0.625 0.34010416 0.61583334 0.3125 0.57 0.30833334 0.56083333
20 0.62083334 0.435 0.58697915 0.3625 0.59166664 0.42083332 0.5942708 0.49333334 0.5953125 0.54083335 0.5921875 0.5525 0.584375 0.56166667 0.55052084 0.5625 0.5140625 0.5575 0.4796875 0.53833336 0.48385417 0.57 0.4890625 0.58916664 0.52760416 0.59583336 0.55625 0.6025 0.59583336 0.62083334 0.603125 0.625 0.63958335 0.5833333 0.65729165 0.56083333 0.659375 0.54083335 0.6484375 0.5025 0.6255208 0.44166666
20 0.6421875 0.26166666 0.5833333 0.2575 0.5729167 0.265 0.5708333 0.27916667 0.58229166 0.31666666 0.5864583 0.3625 0.609375 0.41166666 0.6223958 0.4375 0.62604165 0.44166666 0.64947915 0.5058333 0.659375 0.5416667 0.6567708 0.56083333 0.60364586 0.625 0.62135416 0.6333333 0.66822916 0.6725 0.6828125 0.6925 0.6796875 0.71166664 0.65729165 0.7775 0.6489583 0.7975 0.62135416 0.86583334 0.64427084 0.86583334 0.65625 0.84 0.6692708 0.8075 0.6802083 0.7866667 0.69427085 0.7625 0.696875 0.6591667 0.69166666 0.555 0.6734375 0.5325 0.67083335 0.5208333 0.675 0.4975 0.69739586 0.45666668 0.71666664 0.41833332 0.725 0.3825 0.73020834 0.33916667 0.7005208 0.31 0.6890625 0.2725 0.6791667 0.27083334 0.65625 0.27666667
20 0.8052083 0.48583335 0.79375 0.4925 0.7760417 0.5233333 0.7494792 0.59166664 0.72239584 0.6641667 0.69947916 0.735 0.69427085 0.76416665 0.6802083 0.7866667 0.6692708 0.80916667 0.64479166 0.865 0.6401042 0.8808333 0.64166665 0.8958333 0.65729165 0.9291667 0.67552084 0.96 0.70677084 1.0 0.7552083 1.0 0.77239585 0.9675 0.78020835 0.9291667 0.7953125 0.8808333 0.8125 0.845 0.83802086 0.7683333 0.8734375 0.6925 0.9 0.6275 0.9140625 0.6 0.90416664 0.5833333 0.8364583 0.51416665 0.81354165 0.4875
20 1.0 0.5108333 0.9265625 0.38416666 0.88958335 0.3425 0.8765625 0.34333333 0.84166664 0.39333335 0.8052083 0.485 0.81354165 0.48583335 0.853125 0.5308333 0.9057292 0.585 0.9145833 0.59833336 0.903125 0.6225 0.91041666 0.6533333 0.92395836 0.7075 0.94635415 0.8016667 0.9765625 0.89166665 0.9895833 0.9191667 1.0 0.93
20 0.7203125 0.5825 0.69114584 0.555 0.6734375 0.5325 0.67083335 0.5225 0.675 0.49583334 0.71666664 0.41833332 0.72447914 0.3825 0.73072916 0.3375 0.75208336 0.35916665 0.78229165 0.365 0.8177083 0.31583333 0.8265625 0.30666667 0.8463542 0.3025 0.853125 0.29 0.8541667 0.265 0.8255208 0.215 0.8171875 0.20416667 0.8020833 0.17833333 0.79479164 0.17 0.8307292 0.08916666 0.87916666 0.005 0.8859375 0.00083333335 0.89479166 0.00083333335 0.98125 0.11 1.0 0.13916667 1.0 0.15833333 0.9635417 0.22166666 0.94166666 0.26 0.8958333 0.34833333 0.8901042 0.3425 0.8765625 0.3425 0.8421875 0.39333335 0.8052083 0.485 0.79270834 0.49333334 0.7760417 0.5225 0.74427086 0.605 0.72760415 0.5908333
20 0.48385417 0.0 0.484375 0.015833333 0.49010417 0.033333335 0.55104166 0.13916667 0.6 0.21166667 0.65625 0.2775 0.6796875 0.27166668 0.68958336 0.27166668 0.70104164 0.31 0.7515625 0.35833332 0.78229165 0.36583334 0.81666666 0.31666666 0.8255208 0.3075 0.8453125 0.3025 0.85364586 0.28916666 0.85364586 0.265 0.8411458 0.24166666 0.8020833 0.17833333 0.7572917 0.1275 0.7203125 0.10583334 0.6947917 0.0775 0.6802083 0.0375 0.6692708 0.0
