14 0.3609375 0.36083335 0.30104166 0.4025 0.290625 0.40916666 0.29114583 0.41666666 0.29322916 0.41666666 0.30625 0.42833334 0.30833334 0.43166667 0.30885416 0.4375 0.33125 0.5083333 0.35 0.5725 0.35625 0.5933333 0.35833332 0.59583336 0.40833333 0.5725 0.37135416 0.43916667 0.36510417 0.4225 0.36302084 0.40666667 0.35989583 0.38666666 0.36041668 0.37833333 0.3625 0.375 0.36354166 0.36833334
14 0.41458333 0.3525 0.38802084 0.38833332 0.37395832 0.405 0.36458334 0.41583332 0.365625 0.42416668 0.37291667 0.44333333 0.39635417 0.4725 0.41770834 0.49833333 0.4203125 0.49583334 0.41614583 0.48 0.41875 0.47 0.46614584 0.4 0.4203125 0.355
14 0.45729166 0.2875 0.5104167 0.20583333 0.5104167 0.1925 0.51145834 0.18333334 0.5307292 0.21583334 0.53802085 0.24333334 0.540625 0.245 0.54479164 0.24416667 0.5546875 0.2375 0.5619792 0.23583333 0.5625 0.23833333 0.5578125 0.255 0.5390625 0.2875 0.5078125 0.33416668 0.45885417 0.29
14 0.48958334 0.4225 0.46458334 0.46333334 0.43802083 0.48916668 0.44635418 0.50333333 0.46302083 0.54083335 0.50208336 0.52166665 0.5364583 0.46583334 0.53333336 0.4625 0.5005208 0.42916667
14 0.528125 0.355 0.57916665 0.26666668 0.5807292 0.25666666 0.5776042 0.24083333 0.5859375 0.2225 0.621875 0.285 0.628125 0.29666665 0.62864584 0.30166668 0.6296875 0.315 0.6265625 0.31666666 0.6255208 0.31166667 0.5765625 0.395 0.5734375 0.395 0.55833334 0.385 0.5328125 0.35916665
14 0.39427084 0.2325 0.40520832 0.21583334 0.40885416 0.22 0.41510418 0.24583334 0.42083332 0.24916667 0.42291668 0.25416666 0.4609375 0.2925 0.528125 0.3525 0.528125 0.35583332 0.5453125 0.37166667 0.55833334 0.385 0.58177084 0.39916667 0.59479165 0.40583333 0.603125 0.41666666 0.603125 0.42166665 0.565625 0.5183333 0.55 0.5025 0.5484375 0.49083334 0.5421875 0.47583333 0.53541666 0.465 0.50104165 0.42916667 0.48958334 0.4225 0.465625 0.39916667 0.41927084 0.35416666 0.41041666 0.34666666 0.3875 0.3225 0.37447917 0.32083333 0.37239584 0.32333332 0.3734375 0.32666665 0.36354166 0.3175 0.37604168 0.2925 0.39010417 0.26 0.396875 0.24083333 0.39375 0.23666666
14 0.37864584 0.675 0.3828125 0.69083333 0.38125 0.72 0.390625 0.74666667 0.39375 0.74916667 0.45625 0.69916666 0.45572916 0.6958333 0.44895834 0.66833335 0.43229166 0.66333336 0.43541667 0.6483333 0.3796875 0.6725
14 0.45416668 0.5441667 0.44427082 0.5425 0.44583333 0.55
14 0.54114586 0.495 0.5375 0.49166667 0.53489584 0.49083334 0.5104167 0.5125 0.5026042 0.52166665 0.46145833 0.54083335 0.45416668 0.5441667 0.44635418 0.55 0.40729168 0.56916666 0.4078125 0.5725 0.35885417 0.59583336 0.35572916 0.5941667 0.34791666 0.60083336 0.34322917 0.595 0.32083333 0.5925 0.31510416 0.5941667 0.31510416 0.6025 0.31979167 0.6166667 0.33020833 0.6741667 0.32864583 0.6975 0.32604167 0.715 0.33541667 0.7125 0.340625 0.70666665 0.35260418 0.69083333 0.36822918 0.67833334 0.37864584 0.67333335 0.43541667 0.6475 0.5203125 0.6025 0.53229165 0.59583336 0.54270834 0.59166664 0.5453125 0.5875 0.55104166 0.575 0.55052084 0.5708333 0.5421875 0.5808333 0.5375 0.5491667 0.54322916 0.51416665 0.54114586 0.5025
14 0.46354166 0.65416664 0.4484375 0.6675 0.4328125 0.66333336 0.43541667 0.64916664 0.53125 0.5966667 0.54322916 0.59166664 0.54791665 0.58916664 0.54114586 0.6 0.5364583 0.61 0.54010415 0.6116667 0.54479164 0.60333335 0.54895836 0.60583335 0.5755208 0.6425 0.5765625 0.65166664 0.5729167 0.6616667 0.575 0.67 0.58020836 0.6791667 0.59947914 0.655 0.63385415 0.62083334 0.6484375 0.61583334 0.653125 0.6125 0.6713542 0.6091667 0.6770833 0.61 0.6796875 0.61333334 0.6640625 0.6983333 0.6640625 0.71166664 0.646875 0.7075 0.6354167 0.70916665 0.61510414 0.7033333 0.54895836 0.6825 0.48489583 0.6625 0.46666667 0.65416664
14 0.5390625 0.68083334 0.5390625 0.75666666 0.5385417 0.77916664 0.534375 0.78 0.5317708 0.7925 0.5463542 0.7916667 0.6802083 0.79583335 0.73333335 0.80333334 0.7359375 0.8016667 0.7375 0.80083334 0.7421875 0.80916667 0.74635416 0.81333333 0.75104165 0.81583333 0.75364584 0.8183333 0.77552086 0.81583333 0.7708333 0.7808333 0.771875 0.7175 0.7708333 0.6983333 0.7552083 0.6983333 0.74635416 0.7058333 0.7296875 0.70916665 0.7140625 0.71166664 0.6645833 0.71166664 0.6479167 0.7075 0.6354167 0.70916665 0.5833333 0.70166665 0.5677083 0.7 0.5619792 0.7 0.55260414 0.6925 0.546875 0.68916667 0.54270834 0.6816667
14 0.6296875 0.8566667 0.659375 0.8675 0.678125 0.87833333 0.6979167 0.89 0.7026042 0.88666666 0.7057292 0.8833333 0.70208335 0.85833335 0.7114583 0.8 0.6802083 0.795 0.6510417 0.795 0.64635414 0.8225 0.64375 0.835 0.64270836 0.8383333 0.6354167 0.8441667 0.6328125 0.8516667 0.6302083 0.85583335
14 0.7369792 0.515 0.76197916 0.5283333 0.76197916 0.5316667 0.759375 0.5466667 0.74895835 0.5625 0.74635416 0.56916666 0.7395833 0.6166667 0.73020834 0.61583334 0.72760415 0.6691667 0.73020834 0.6766667 0.7239583 0.71 0.7135417 0.7125 0.6640625 0.71166664 0.6640625 0.7 0.68125 0.60833335 0.690625 0.56083333 0.72864586 0.52166665
14 0.734375 0.7075 0.73333335 0.6925 0.7317708 0.6875 0.72760415 0.6875 0.7239583 0.71 0.73229164 0.7083333
14 0.74322915 0.6166667 0.7317708 0.6166667 0.73020834 0.61583334 0.72760415 0.6675 0.7296875 0.675 0.7317708 0.68083334 0.7317708 0.68583333 0.7328125 0.6933333 0.734375 0.7083333 0.74583334 0.7058333 0.7546875 0.69916666 0.76979166 0.6983333 0.771875 0.705 0.8229167 0.68583333 0.92395836 0.64916664 0.94322914 0.6408333 0.9447917 0.6483333 0.946875 0.6483333 0.95104164 0.6358333 0.9536458 0.6025 0.95416665 0.55583334 0.95416665 0.5375 0.94895834 0.5316667 0.94895834 0.54083335 0.92083335 0.55916667 0.8520833 0.58416665 0.765625 0.6166667 0.7583333 0.61833334 0.753125 0.62333333 0.7515625 0.62333333 0.7447917 0.6175
14 0.84166664 0.25333333 0.83802086 0.255 0.81875 0.27666667 0.796875 0.28666666 0.77708334 0.2925 0.775 0.29666665 0.778125 0.3175 0.7921875 0.33666667 0.803125 0.39916667 0.83697915 0.58916664 0.89635414 0.5683333 0.87135416 0.43916667 0.846875 0.31916666 0.8489583 0.28 0.8432292 0.25833333
14 0.5463542 0.48583335 0.5385417 0.4925 0.5416667 0.495 0.540625 0.5025 0.54270834 0.5133333 0.5385417 0.5416667 0.55104166 0.55916667 0.5619792 0.5708333 0.56666666 0.575 0.5708333 0.5733333 0.58177084 0.55083334 0.59375 0.5341667 0.646875 0.45 0.7140625 0.33916667 0.7203125 0.33666667 0.73125 0.325 0.73541665 0.3225 0.7375 0.32166666 0.7447917 0.30333334 0.6921875 0.25 0.6822917 0.26916668 0.6791667 0.2725 0.6765625 0.28583333 0.67395836 0.28916666 0.66614586 0.2975 0.6421875 0.335 0.5963542 0.4075 0.603125 0.41666666 0.603125 0.42166665 0.5776042 0.4875 0.5651042 0.5183333 0.55 0.5025 0.5484375 0.49
14 0.5734375 0.57 0.6197917 0.52916664 0.71875 0.43166667 0.7291667 0.42333335 0.7473958 0.39833334 0.76770836 0.3875 0.77760416 0.36833334 0.77708334 0.36583334 0.74010414 0.31583333 0.73802084 0.3225 0.7328125 0.325 0.7213542 0.33666667 0.7140625 0.33916667 0.678125 0.39916667 0.5921875 0.5375 0.58177084 0.5516667 0.5729167 0.5675
14 0.5677083 0.5758333 0.55 0.58916664 0.54791665 0.59 0.54114586 0.5991667 0.5359375 0.61 0.54010415 0.6116667 0.54479164 0.60333335 0.5494792 0.6066667 0.5755208 0.64166665 0.5765625 0.65166664 0.5729167 0.6616667 0.575 0.67083335 0.5796875 0.67833334 0.5984375 0.6558333 0.66510415 0.5883333 0.6901042 0.56166667 0.73020834 0.52 0.74635416 0.5058333 0.75104165 0.50333333 0.75885415 0.50166667 0.7625 0.49166667 0.76197916 0.4875 0.74583334 0.45916668 0.7427083 0.45416668 0.73802084 0.435 0.74427086 0.4175 0.74375 0.41583332 0.73072916 0.4225 0.71875 0.43166667 0.64375 0.5058333 0.5729167 0.5708333 0.5697917 0.5733333
14 0.771875 0.7808333 0.9166667 0.7625 0.93854165 0.76166666 0.94947916 0.7733333 0.953125 0.77666664 0.96197915 0.7758333 0.97291666 0.77 0.9661458 0.7525 0.96302086 0.72 0.9635417 0.66083336 0.96302086 0.6525 0.94739586 0.6566667 0.90208334 0.67583334 0.89739585 0.6775 0.840625 0.68 0.77135414 0.7058333 0.771875 0.7183333 0.7708333 0.77416664
14 0.12552084 0.355 0.11875 0.395 0.1125 0.43333334 0.109375 0.45416668 0.10885417 0.4675 0.10989583 0.47333333 0.111979164 0.47416666 0.11302083 0.47083333 0.115625 0.46916667 0.118229166 0.46166667 0.125 0.46333334 0.140625 0.46333334 0.2359375 0.49916667 0.28645834 0.51916665 0.29010418 0.5183333 0.29479167 0.5283333 0.31510416 0.5441667 0.32395834 0.54833335 0.33958334 0.55333334 0.34114584 0.5391667 0.31770834 0.46666667 0.309375 0.43833333 0.30260417 0.435 0.28072917 0.4325 0.20989583 0.405 0.14270833 0.38166666 0.13333334 0.35916665 0.13072917 0.35666665
