17 0.24375 0.6458333 0.30104166 0.8958333 0.30572918 0.90833336 0.31875 0.91083336 0.36458334 0.885 0.440625 0.85 0.4453125 0.83416665 0.4453125 0.8175 0.43854168 0.78833336 0.41354167 0.7125 0.40052083 0.67583334 0.3875 0.665 0.384375 0.64416665 0.39479166 0.62166667 0.39479166 0.57166666 0.39114583 0.555 0.3796875 0.5466667 0.36458334 0.55083334 0.3328125 0.5575 0.3078125 0.5758333 0.2671875 0.5975 0.25104168 0.6091667 0.2421875 0.62666667 0.24166666 0.6308333
17 0.27395833 0.7808333 0.21770833 0.7366667 0.20833333 0.72833335 0.20625 0.7058333 0.19635417 0.66583335 0.19427083 0.6375 0.23489584 0.5283333 0.253125 0.49166667 0.32239583 0.5 0.3328125 0.4925 0.34010416 0.48083332 0.3421875 0.46 0.36822918 0.4925 0.37395832 0.49916667 0.3875 0.51416665 0.36979166 0.5366667 0.35416666 0.5525 0.33333334 0.5575 0.3046875 0.5775 0.25104168 0.6091667 0.24114583 0.62583333 0.2421875 0.6433333 0.2703125 0.7625
17 0.44635418 0.8425 0.47760418 0.9291667 0.4921875 0.9741667 0.5 0.9825 0.50885415 0.9825 0.528125 0.9675 0.6088542 0.8958333 0.62083334 0.88416666 0.6354167 0.86583334 0.6458333 0.85 0.66510415 0.8358333 0.6723958 0.8325 0.6796875 0.81583333 0.6770833 0.7966667 0.6484375 0.71416664 0.6276042 0.6791667 0.59479165 0.6483333 0.58958334 0.64666665 0.5796875 0.65166664 0.5546875 0.68333334 0.5421875 0.7008333 0.5015625 0.725 0.46354166 0.75166667 0.44635418 0.765 0.44114584 0.76916665 0.43645832 0.775 0.43645832 0.7775 0.4421875 0.7966667 0.44635418 0.8175 0.44635418 0.8325
17 0.37604168 0.8808333 0.38385418 0.88416666 0.39375 0.87916666 0.41875 0.86083335 0.39375 0.87166667
17 0.44270834 0.84583336 0.44635418 0.845 0.44583333 0.8425 0.44583333 0.83416665 0.44322917 0.8433333 0.44270834 0.84583336
17 0.43385416 0.76916665 0.459375 0.7375 0.5140625 0.6766667 0.5364583 0.655 0.540625 0.66333336 0.5473958 0.69 0.5473958 0.6933333 0.540625 0.7008333 0.51666665 0.715 0.490625 0.7316667 0.4578125 0.7558333 0.4421875 0.7675 0.43541667 0.77416664 0.43541667 0.77416664
17 0.7703125 1.0 0.7427083 0.9941667 0.7270833 0.98333335 0.72291666 0.96166664 0.72864586 0.935 0.7296875 0.9058333 0.73802084 0.86583334 0.7447917 0.7925 0.7484375 0.76 0.75572914 0.7525 0.7651042 0.75166667 0.803125 0.76166666 0.8723958 0.7916667 0.89166665 0.8175 0.90260416 0.835 0.91822916 0.835 0.93125 0.81416667 0.9380208 0.8175 0.93541664 0.83416665 0.9296875 0.855 0.93385416 0.88416666 0.9359375 0.91833335 0.9359375 0.94416666 0.93333334 1.0
17 0.6177083 0.635 0.6234375 0.66333336 0.64270836 0.6975 0.6614583 0.745 0.6848958 0.7975 0.6984375 0.80083334 0.70885414 0.79083335 0.725 0.7675 0.746875 0.7425 0.753125 0.7216667 0.7859375 0.6958333 0.7984375 0.6791667 0.78125 0.64916664 0.7739583 0.6383333 0.77135414 0.625 0.77135414 0.62333333 0.7609375 0.6175 0.74583334 0.6025 0.73125 0.5808333 0.70520836 0.55333334 0.6869792 0.5283333 0.67395836 0.5425 0.6671875 0.55833334 0.66302085 0.5825 0.65729165 0.63166666 0.6546875 0.6475 0.6479167 0.6558333 0.6359375 0.6508333 0.62291664 0.63916665
17 0.9114583 0.7441667 0.8520833 0.645 0.82239586 0.6016667 0.82239586 0.5825 0.8255208 0.57 0.85833335 0.51666665 0.8984375 0.455 0.9078125 0.455 0.9140625 0.45083332 0.91822916 0.425 0.9421875 0.39416668 0.959375 0.42083332 0.9817708 0.43583333 1.0 0.45166665 1.0 0.5991667 0.99010414 0.59833336 0.9817708 0.6116667 0.9791667 0.63666666 0.9692708 0.65166664 0.95520836 0.66333336 0.9479167 0.6983333 0.9380208 0.72833335 0.9296875 0.74666667 0.91979164 0.75083333
17 0.87083334 0.4925 0.8666667 0.485 0.8588542 0.48416665 0.85260415 0.47333333 0.84583336 0.47916666 0.82916665 0.51416665 0.8177083 0.5308333 0.8020833 0.58416665 0.790625 0.6075 0.7838542 0.62083334 0.77239585 0.6225 0.7739583 0.6325 0.775 0.6383333 0.796875 0.6741667 0.8130208 0.7008333 0.83802086 0.7266667 0.8510417 0.7391667 0.85729164 0.74583334 0.85625 0.7658333 0.8723958 0.7916667 0.89947915 0.82916665 0.903125 0.83416665 0.91770834 0.83416665 0.93177086 0.8125 0.9640625 0.7375 0.9791667 0.7008333 0.9895833 0.68916667 0.99322915 0.67083335 0.9869792 0.6508333 0.9796875 0.6375 0.96979165 0.6525 0.95625 0.66333336 0.9557292 0.665 0.94895834 0.69666666 0.93854165 0.72833335 0.9302083 0.74666667 0.9192708 0.75166667 0.9109375 0.7441667 0.87916666 0.6925 0.8520833 0.6458333 0.821875 0.6016667 0.82239586 0.57916665 0.8255208 0.5683333 0.853125 0.5233333 0.87083334 0.49666667
17 0.8510417 0.46416667 0.8541667 0.44083333 0.8453125 0.41666666 0.81875 0.395 0.8 0.37583333 0.7895833 0.35833332 0.7890625 0.34 0.7973958 0.3025 0.815625 0.27666667 0.8489583 0.22833334 0.8588542 0.21666667 0.8744792 0.185 0.9015625 0.145 0.9140625 0.13583334 0.9223958 0.13666667 0.93072915 0.14833333 0.9458333 0.18416667 0.98802084 0.2525 1.0 0.2775 1.0 0.32166666 0.9739583 0.35583332 0.93958336 0.3975 0.903125 0.44416666 0.8958333 0.44833332 0.88697916 0.46166667 0.871875 0.48333332 0.8588542 0.48
17 0.68385416 0.5233333 0.65833336 0.4925 0.64375 0.46666667 0.63489586 0.44666666 0.6296875 0.43 0.6296875 0.4075 0.6302083 0.4025 0.66197914 0.32333332 0.68854165 0.26916668 0.696875 0.26916668 0.70677084 0.27416667 0.7296875 0.30833334 0.7473958 0.3375 0.77447915 0.3725 0.79114586 0.39666668 0.81145835 0.42166665 0.8354167 0.43833333 0.83958334 0.4575 0.834375 0.47833332 0.81822914 0.5283333 0.8072917 0.56333333 0.80104166 0.585 0.7838542 0.62 0.771875 0.62166667 0.759375 0.6166667 0.7453125 0.6016667 0.73125 0.58 0.7036458 0.55 0.6869792 0.52666664
17 0.35520834 0.5516667 0.36979166 0.5375 0.38802084 0.5133333 0.39375 0.5058333 0.46770832 0.4175 0.48489583 0.395 0.4921875 0.39333335 0.50364584 0.40166667 0.51458335 0.42833334 0.5229167 0.45166665 0.534375 0.49 0.546875 0.52666664 0.5578125 0.56916666 0.56145835 0.58916664 0.5625 0.6141667 0.5619792 0.62166667 0.55677086 0.6325 0.53802085 0.655 0.53697914 0.655 0.51197916 0.6775 0.46041667 0.73583335 0.43385416 0.7675 0.43333334 0.76916665 0.43125 0.765 0.4125 0.70666665 0.40052083 0.675 0.38802084 0.6641667 0.38489583 0.64416665 0.39479166 0.6225 0.3953125 0.57166666 0.39114583 0.555 0.38072917 0.5466667 0.37864584 0.5466667 0.36302084 0.55
17 0.615625 0.63416666 0.5854167 0.60583335 0.5630208 0.5833333 0.5598958 0.57666665 0.5546875 0.5525 0.5578125 0.5208333 0.5572917 0.51166666 0.54375 0.46833333 0.5364583 0.4225 0.5515625 0.36583334 0.5640625 0.32583332 0.57708335 0.305 0.58020836 0.30083334 0.58958334 0.31416667 0.60364586 0.34666666 0.6020833 0.36416668 0.60625 0.36916667 0.61875 0.36833334 0.6234375 0.36833334 0.6296875 0.375 0.63697916 0.38666666 0.6359375 0.3875 0.6302083 0.4 0.62916666 0.40666667 0.6296875 0.43166667 0.6354167 0.45083332 0.64635414 0.47166666 0.66041666 0.49583334 0.6791667 0.51916665 0.6734375 0.535 0.66822916 0.55 0.6635417 0.57166666 0.6578125 0.61833334 0.65416664 0.6458333 0.6484375 0.655 0.63385415 0.6483333
17 0.55364585 0.5516667 0.5473958 0.52666664 0.53489584 0.49083334 0.52239585 0.44916666 0.509375 0.41583332 0.50416666 0.4025 0.49270833 0.3925 0.48541668 0.39416668 0.49583334 0.375 0.50364584 0.36666667 0.51354164 0.36083335 0.51979166 0.35916665 0.525 0.36833334 0.5286458 0.37333333 0.5359375 0.3725 0.5395833 0.37166667 0.54583335 0.365 0.55 0.35166666 0.55 0.3425 0.54010415 0.305 0.5697917 0.29 0.578125 0.28666666 0.5859375 0.29166666 0.59010416 0.29833335 0.5911458 0.30833334 0.59166664 0.31833333 0.5890625 0.31166667 0.58020836 0.30083334 0.5640625 0.325 0.54791665 0.37583333 0.5364583 0.42166665 0.54375 0.46916667 0.5552083 0.50666666 0.55677086 0.51166666 0.5572917 0.52 0.5546875 0.5466667 0.5541667 0.55333334
17 0.52135414 0.24 0.5859375 0.27416667 0.6046875 0.28416666 0.61614585 0.2975 0.6177083 0.31083333 0.615625 0.3225 0.61041665 0.34583333 0.6041667 0.36666667 0.6020833 0.36333334 0.6041667 0.34666666 0.5921875 0.3175 0.59166664 0.305 0.5911458 0.29916668 0.58697915 0.29166666 0.5786458 0.28583333 0.5453125 0.30083334 0.5395833 0.30416667 0.52760416 0.25583333
17 0.36510417 0.48833334 0.34114584 0.425 0.3421875 0.35833332 0.34427083 0.3 0.3328125 0.27083334 0.39791667 0.21416667 0.4671875 0.14916667 0.47447917 0.14083333 0.48333332 0.14083333 0.4921875 0.15 0.5109375 0.20416667 0.52135414 0.23666666 0.5239583 0.2475 0.5494792 0.34333333 0.5494792 0.3525 0.54479164 0.365 0.5385417 0.37083334 0.528125 0.3725 0.51979166 0.35916665 0.5130208 0.35916665 0.50364584 0.365 0.4953125 0.375 0.484375 0.39416668 0.46458334 0.42083332 0.44947916 0.43416667 0.43229166 0.4525 0.39947918 0.48833334 0.38697916 0.50333333 0.38177082 0.505 0.3796875 0.50416666
17 0.3875 0.5133333 0.38958332 0.51166666 0.403125 0.495 0.4171875 0.4775 0.44739583 0.44166666 0.453125 0.435 0.46302083 0.4225 0.453125 0.43166667 0.42760417 0.4575 0.4046875 0.48333332 0.4 0.48833334 0.39375 0.495 0.38697916 0.50333333 0.38177082 0.505 0.37916666 0.50416666 0.38072917 0.50666666 0.38697916 0.5133333
17 0.340625 0.42583334 0.3421875 0.45916668 0.34322917 0.46083334 0.3609375 0.4825 0.36458334 0.48833334 0.36302084 0.48333332 0.346875 0.44083333 0.34114584 0.425
17 0.21145834 0.48416665 0.2203125 0.49916667 0.22708334 0.5058333 0.23697917 0.5058333 0.24270834 0.5 0.24791667 0.49
17 0.20729166 0.48333332 0.1921875 0.48166665 0.184375 0.47416666 0.178125 0.45666668 0.1796875 0.4425 0.18958333 0.34166667 0.1984375 0.3 0.19895834 0.27083334 0.19166666 0.265 0.1890625 0.25416666 0.18645833 0.17166667 0.19010417 0.1625 0.19427083 0.15666667 0.21354167 0.15666667 0.2828125 0.15333334 0.2875 0.15583333 0.33020833 0.26416665 0.34322917 0.29916668 0.34114584 0.43333334 0.34166667 0.45666668 0.34114584 0.46666667 0.34010416 0.48083332 0.3328125 0.4925 0.32291666 0.49916667 0.25052083 0.49 0.2421875 0.48833334 0.20989583 0.48333332
17 0.18020834 0.42416668 0.17552084 0.42166665 0.16927083 0.42416668 0.14895834 0.41333333 0.09791667 0.37833333 0.079166666 0.36166668 0.07395833 0.3425 0.0734375 0.32666665 0.103125 0.22583333 0.118229166 0.1925 0.1265625 0.18833333 0.14635417 0.18 0.1640625 0.18 0.1796875 0.1825 0.1859375 0.185 0.18697916 0.18583333 0.1890625 0.25416666 0.1890625 0.25666666 0.19114584 0.26583335 0.1984375 0.27166668 0.19791667 0.29833335 0.19791667 0.30166668 0.18854167 0.3425
17 0.28958333 0.15833333 0.2984375 0.15833333 0.32135418 0.16083333 0.32916668 0.16416667 0.33072916 0.1725 0.334375 0.18 0.340625 0.17916666 0.34895834 0.1725 0.36041668 0.15333334 0.37447917 0.1425 0.38854167 0.135 0.39583334 0.13833334 0.40677083 0.15333334 0.41197917 0.17083333 0.4140625 0.19333333 0.4140625 0.19833334 0.40208334 0.21 0.36927083 0.23833333 0.33489582 0.2675 0.3328125 0.26916668 0.3328125 0.26916668 0.29895833 0.18333334 0.29010418 0.16
17 0.15677084 0.095 0.19791667 0.02 0.20260416 0.018333333 0.22239584 0.0425 0.22708334 0.055 0.22708334 0.07333333 0.2484375 0.115833335 0.2515625 0.12666667 0.26041666 0.1425 0.26510417 0.15333334 0.21197917 0.15583333 0.19427083 0.15583333 0.18958333 0.16166666 0.18645833 0.16916667 0.18645833 0.18416667 0.18072917 0.18166667 0.14791666 0.17833333 0.14583333 0.17916666 0.11875 0.19 0.14791666 0.11333334
17 0.092708334 0.0 0.033333335 0.008333334 0.0 0.0125 0.0 0.16833334 0.0 0.26833335 0.025520833 0.28833333 0.047916666 0.31333333 0.05625 0.31166667 0.06875 0.30416667 0.09322917 0.24916667 0.0984375 0.23916666 0.103125 0.2225 0.125 0.1725 0.1484375 0.11 0.15885417 0.08833333 0.171875 0.054166667 0.17239584 0.04083333 0.1703125 0.030833334 0.16145833 0.016666668 0.14166667 0.0
17 0.27135417 0.0 0.2609375 0.07083333 0.25729167 0.09583333 0.25416666 0.10916667 0.25 0.115833335 0.24739583 0.11333334 0.22864583 0.07416666 0.228125 0.071666665 0.228125 0.054166667 0.22291666 0.041666668 0.20364584 0.018333333 0.1984375 0.018333333 0.19791667 0.018333333 0.16354166 0.08166666 0.16302083 0.079166666 0.17239584 0.054166667 0.17291667 0.039166667 0.17083333 0.030833334 0.1609375 0.014166667 0.1421875 0.0
17 0.0703125 0.9166667 0.109375 0.9066667 0.19739583 0.8675 0.21458334 0.8566667 0.2203125 0.83416665 0.2125 0.75666666 0.20572917 0.70666665 0.1953125 0.66583335 0.19270833 0.6141667 0.1875 0.5391667 0.17604166 0.5308333 0.14895834 0.53833336 0.10104167 0.55083334 0.086979166 0.555 0.06614583 0.5683333 0.041666668 0.5775 0.030208332 0.5975 0.0265625 0.6175 0.034895834 0.6775 0.042708334 0.74666667 0.0515625 0.89166665 0.058333334 0.90833336
