19 0.32291666 0.34166667 0.29114583 0.2475 0.28854167 0.23583333 0.28802082 0.22333333 0.29114583 0.21666667 0.29583332 0.20916666 0.3 0.20416667 0.39479166 0.13166666 0.40677083 0.123333335 0.4125 0.123333335 0.41614583 0.125 0.41979167 0.12833333 0.42239583 0.1325 0.4234375 0.1325 0.42447916 0.1325 0.43125 0.155 0.459375 0.25916666 0.4890625 0.3575 0.49479166 0.38 0.49583334 0.39 0.49427083 0.40083334 0.49270833 0.40333334 0.48697916 0.41 0.47291666 0.42 0.47083333 0.36416668 0.46979168 0.33583334 0.4671875 0.32583332 0.46145833 0.32 0.4453125 0.32 0.41041666 0.3275 0.36041668 0.3375 0.32395834 0.34416667
19 0.62135416 0.33333334 0.61510414 0.2225 0.615625 0.20666666 0.615625 0.2025 0.61875 0.19666667 0.62395835 0.19333333 0.6255208 0.19 0.6848958 0.18416667 0.7078125 0.1825 0.7270833 0.17916666 0.76197916 0.1725 0.79375 0.1675 0.8 0.17 0.8072917 0.18416667 0.8078125 0.20916666 0.8119792 0.28666666 0.81666666 0.37916666 0.815625 0.39166668 0.80885416 0.40083334 0.8052083 0.405 0.775 0.40916666 0.6614583 0.3725 0.65052086 0.36833334 0.64635414 0.33583334 0.6401042 0.33083335 0.63489586 0.33 0.62291664 0.33416668
19 0.28958333 0.57 0.28697917 0.5158333 0.28072917 0.42583334 0.28125 0.42416668 0.2796875 0.40333334 0.278125 0.38166666 0.278125 0.36666667 0.28020832 0.35583332 0.28385416 0.35166666 0.30833334 0.34916666 0.30833334 0.3475 0.32291666 0.345 0.34010416 0.34166667 0.35572916 0.33833334 0.44010416 0.32083333 0.4453125 0.32 0.45572916 0.32 0.4609375 0.32 0.4671875 0.32583332 0.46979168 0.33666667 0.47291666 0.42416668 0.47395834 0.46166667 0.4796875 0.50666666 0.48229167 0.5308333 0.48229167 0.53833336 0.48125 0.545 0.48072916 0.5475 0.47864583 0.5516667 0.47395834 0.55583334 0.46875 0.55833334 0.4296875 0.565 0.371875 0.575 0.3015625 0.58916664 0.29583332 0.5858333 0.29270834 0.58
19 0.49583334 0.385 0.55833334 0.36 0.6140625 0.3375 0.62135416 0.33416668 0.62291664 0.33416668 0.63489586 0.33083335 0.63958335 0.33083335 0.646875 0.33583334 0.65052086 0.36833334 0.64635414 0.36916667 0.64270836 0.37166667 0.6411458 0.37416667 0.6375 0.385 0.63072914 0.45 0.61510414 0.57916665 0.61354166 0.58416665 0.5942708 0.59166664 0.5052083 0.62833333 0.49635416 0.6275 0.48854166 0.61583334 0.48072916 0.5475 0.4828125 0.53833336 0.48229167 0.53 0.475 0.47 0.47395834 0.46083334 0.47291666 0.42 0.4859375 0.41083333 0.49322918 0.40333334 0.49427083 0.40083334 0.49583334 0.38916665 0.49583334 0.38583332
19 0.17604166 0.7158333 0.19270833 0.7033333 0.21770833 0.69 0.27864584 0.6525 0.28697917 0.64666665 0.33177084 0.7575 0.34270832 0.79083335 0.34895834 0.80083334 0.35729167 0.8041667 0.36041668 0.805 0.36354166 0.80333334 0.39114583 0.7733333 0.39583334 0.79083335 0.4015625 0.81 0.40104166 0.8208333 0.4 0.82416666 0.39427084 0.835 0.32604167 0.88 0.2453125 0.9325 0.23229167 0.9425 0.225 0.93833333 0.21979167 0.9375 0.21510416 0.92333335 0.17291667 0.74 0.17291667 0.7216667
19 0.50989586 0.62666667 0.51145834 0.6325 0.51145834 0.64 0.50989586 0.6475 0.50572914 0.6533333 0.42604166 0.7341667 0.38645834 0.7783333 0.36354166 0.80333334 0.36041668 0.80583334 0.34895834 0.80083334 0.34322917 0.79 0.3296875 0.75166667 0.30729166 0.69666666 0.28385416 0.6375 0.28020832 0.6225 0.28125 0.6141667 0.28229168 0.60833335 0.28958333 0.5941667 0.296875 0.58666664 0.30104166 0.58916664 0.35885417 0.5775 0.45 0.56166667 0.46927083 0.55833334 0.47447917 0.55583334 0.47864583 0.55083334 0.48072916 0.5475 0.48125 0.545 0.48072916 0.5475 0.48333332 0.5675 0.48854166 0.61583334 0.496875 0.6275 0.5052083 0.62916666 0.509375 0.62666667
19 0.7765625 0.41 0.79375 0.41416666 0.8177083 0.42166665 0.82239586 0.4275 0.8255208 0.4375 0.8234375 0.45333335 0.8109375 0.56166667 0.80104166 0.6358333 0.79479164 0.6483333 0.7828125 0.6508333 0.7640625 0.6425 0.71979165 0.62833333 0.6255208 0.6025 0.6177083 0.5933333 0.615625 0.59 0.6140625 0.58416665 0.615625 0.5775 0.62604165 0.48833334 0.6375 0.385 0.6421875 0.3725 0.646875 0.36916667 0.6510417 0.36916667 0.77447915 0.41
19 0.8208333 0.4775 0.8677083 0.45583335 0.8822917 0.45083332 0.8890625 0.45333335 0.8953125 0.46416667 0.89635414 0.46833333 0.9114583 0.56916666 0.9348958 0.695 0.9390625 0.7275 0.9375 0.7291667 0.9369792 0.74083334 0.928125 0.75166667 0.8625 0.7733333 0.80364585 0.7925 0.79895836 0.7916667 0.79375 0.7891667 0.7890625 0.78333336 0.7885417 0.77166665 0.7786458 0.7033333 0.77135414 0.64666665 0.7817708 0.6508333 0.79479164 0.6483333 0.80104166 0.635 0.81354165 0.53583336 0.8203125 0.4775
19 0.5385417 0.70416665 0.565625 0.7775 0.60572916 0.9 0.6109375 0.91333336 0.6145833 0.9191667 0.61875 0.92333335 0.6276042 0.9225 0.65416664 0.9 0.69895834 0.8575 0.7140625 0.8433333 0.7369792 0.825 0.73802084 0.8208333 0.74010414 0.81416667 0.740625 0.80916667 0.740625 0.8041667 0.7395833 0.8 0.71875 0.7375 0.684375 0.6383333 0.678125 0.6175 0.62604165 0.6025 0.61822915 0.5941667 0.615625 0.59 0.6140625 0.5858333 0.60520834 0.59583336 0.58489585 0.615 0.5359375 0.655 0.5296875 0.6675 0.52916664 0.67833334
19 0.1953125 0.50416666 0.1515625 0.41583332 0.09427083 0.305 0.086979166 0.29 0.0859375 0.28166667 0.0859375 0.27583334 0.088541664 0.26833335 0.091145836 0.26333332 0.1515625 0.19666667 0.18020834 0.15916666 0.18854167 0.14916667 0.19479166 0.14333333 0.20208333 0.14333333 0.20677084 0.145 0.21510416 0.15666667 0.25 0.22916667 0.30833334 0.34833333 0.28333333 0.35166666 0.28020832 0.35583332 0.278125 0.36666667 0.278125 0.38 0.28072917 0.42416668 0.24322917 0.47 0.21354167 0.5075 0.21041666 0.51166666 0.20729166 0.5125 0.203125 0.51416665 0.196875 0.5108333
