15 0.18802084 0.37666667 0.18854167 0.36666667 0.17604166 0.37083334 0.175 0.37583333 0.1796875 0.38333333 0.17864583 0.38916665 0.18020834 0.39416668 0.17864583 0.40666667 0.18125 0.41583332 0.265625 0.58166665 0.2859375 0.625 0.31041667 0.67583334 0.315625 0.68083334 0.31875 0.67833334 0.32083333 0.685 0.32395834 0.685 0.32447916 0.695 0.33177084 0.69416666 0.33802083 0.68416667 0.33177084 0.6766667 0.33333334 0.6716667 0.33229166 0.66833335 0.33489582 0.6558333 0.33385417 0.64916664 0.32916668 0.635 0.29322916 0.555 0.24427083 0.4575 0.20625 0.38666666 0.20052083 0.37916666 0.19583334 0.37833333 0.19322917 0.37916666 0.1890625 0.3775
15 0.38229167 0.605 0.3765625 0.5966667 0.371875 0.6025 0.37916666 0.61083335 0.37760416 0.61583334 0.37864584 0.62083334 0.38020834 0.62083334 0.38072917 0.63 0.38333333 0.63916665 0.39270833 0.6558333 0.42708334 0.7 0.4546875 0.7375 0.50364584 0.7925 0.52916664 0.82 0.54479164 0.8325 0.5520833 0.835 0.5578125 0.8325 0.56041664 0.83416665 0.5625 0.8333333 0.56927085 0.8358333 0.57135415 0.835 0.5734375 0.8308333 0.5734375 0.8275 0.5671875 0.825 0.5671875 0.8183333 0.56354165 0.81416667 0.5619792 0.8 0.55052084 0.78333336 0.52552086 0.75333333 0.4515625 0.6675 0.421875 0.6275 0.40208334 0.6066667 0.39427084 0.60333335 0.38958332 0.6066667 0.38541666 0.60333335
15 0.31927082 0.35083333 0.3171875 0.34166667 0.31145832 0.3425 0.30729166 0.35 0.31354168 0.35833332 0.31197917 0.36083335 0.3140625 0.365 0.31302083 0.375 0.31302083 0.3875 0.31979167 0.405 0.41510418 0.58666664 0.4390625 0.6358333 0.446875 0.6475 0.45677084 0.6475 0.459375 0.6508333 0.4609375 0.65166664 0.465625 0.6625 0.47291666 0.6533333 0.4671875 0.64416665 0.4671875 0.6408333 0.46510416 0.635 0.46770832 0.62083334 0.45885417 0.5941667 0.4265625 0.52916664 0.39739582 0.4725 0.35104167 0.385 0.3359375 0.36 0.33072916 0.35583332 0.3265625 0.35583332 0.3234375 0.35
15 0.4125 0.35833332 0.3703125 0.19416666 0.36458334 0.18333334 0.35729167 0.17916666 0.353125 0.1725 0.3515625 0.15916666 0.34479168 0.16 0.34010416 0.16666667 0.3421875 0.175 0.34375 0.18583333 0.340625 0.195 0.33958334 0.20416667 0.35104167 0.25 0.38697916 0.39333335 0.41041666 0.48666668 0.41510418 0.5058333 0.42135417 0.5183333 0.428125 0.52166665 0.43125 0.52666664 0.4328125 0.5275 0.4359375 0.5375 0.44270834 0.535 0.44583333 0.5283333 0.44114584 0.52166665 0.44010416 0.515 0.4453125 0.5025 0.44479167 0.48583335 0.4203125 0.38916665
15 0.59010416 0.36583334 0.58958334 0.35166666 0.57916665 0.35333332 0.58125 0.36583334 0.5786458 0.3725 0.571875 0.37833333 0.56927085 0.39 0.5598958 0.58916664 0.55677086 0.7008333 0.5578125 0.71666664 0.5651042 0.72333336 0.56614584 0.7291667 0.56458336 0.7391667 0.5729167 0.745 0.5755208 0.73083335 0.5765625 0.725 0.58489585 0.71666664 0.58802086 0.7058333 0.59791666 0.41583332 0.5989583 0.39 0.59270835 0.375
15 0.64270836 0.49 0.64479166 0.47833332 0.6359375 0.47583333 0.63697916 0.49 0.634375 0.49083334 0.63489586 0.49666667 0.6276042 0.50166667 0.6223958 0.5158333 0.6197917 0.5733333 0.6166667 0.575 0.6177083 0.5925 0.6145833 0.62916666 0.6140625 0.67083335 0.6088542 0.74666667 0.6088542 0.8208333 0.6140625 0.8383333 0.61614585 0.8433333 0.61614585 0.85 0.6203125 0.85 0.6223958 0.865 0.6296875 0.8616667 0.62864584 0.85333335 0.6333333 0.8433333 0.63958335 0.8208333 0.6421875 0.7758333 0.646875 0.65166664 0.65416664 0.5425 0.6546875 0.5133333 0.64947915 0.5025 0.64739585 0.5 0.6479167 0.4925
15 0.6489583 0.37666667 0.6479167 0.36333334 0.63958335 0.36916667 0.64427084 0.38083333 0.6390625 0.385 0.64166665 0.39166668 0.63958335 0.40333334 0.6411458 0.4175 0.67291665 0.51 0.728125 0.6616667 0.7390625 0.69083333 0.7453125 0.7 0.753125 0.7008333 0.7546875 0.70666665 0.7578125 0.70666665 0.7609375 0.715 0.76927084 0.71 0.765625 0.69916666 0.76458335 0.6933333 0.7671875 0.68416667 0.7651042 0.665 0.6744792 0.41333333 0.66302085 0.385 0.6536458 0.38166666 0.65208334 0.3775
15 0.70625 0.44916666 0.7015625 0.43833333 0.69635415 0.45083332 0.6953125 0.4625 0.7015625 0.4625 0.703125 0.4675 0.7078125 0.46833333 0.7083333 0.47666666 0.71302086 0.48416665 0.82239586 0.5258333 0.9125 0.5541667 0.91822916 0.545 0.9244792 0.5416667 0.93177086 0.5441667 0.93541664 0.5316667 0.93333334 0.52666664 0.92760414 0.52666664 0.92395836 0.52166665 0.91822916 0.51 0.91041666 0.5058333 0.76875 0.45666668 0.7203125 0.43916667 0.7135417 0.44083333 0.71197915 0.44833332 0.7083333 0.44666666
15 0.61927086 0.26666668 0.6140625 0.255 0.6098958 0.26416665 0.6078125 0.2725 0.6145833 0.27583334 0.61510414 0.2825 0.6177083 0.28416666 0.61614585 0.29333332 0.6177083 0.29916668 0.66822916 0.3525 0.75572914 0.43583333 0.78489584 0.4625 0.7963542 0.46583334 0.80260414 0.45833334 0.8072917 0.46166667 0.80885416 0.46416667 0.815625 0.46416667 0.81927085 0.45416668 0.8197917 0.44916666 0.8125 0.4475 0.8098958 0.4375 0.80885416 0.42916667 0.79114586 0.4075 0.6875 0.31083333 0.63697916 0.26333332 0.6322917 0.26333332 0.6265625 0.2675 0.62135416 0.2625
15 0.1234375 0.60583335 0.116145834 0.6 0.111979164 0.6141667 0.1203125 0.61583334 0.12083333 0.62 0.125 0.62083334 0.12760417 0.63416666 0.13541667 0.6483333 0.16458334 0.6666667 0.28177083 0.7425 0.31354168 0.7625 0.32291666 0.7625 0.32604167 0.7583333 0.32916668 0.75916666 0.33177084 0.7558333 0.3421875 0.7575 0.34322917 0.7475 0.340625 0.74083334 0.33489582 0.745 0.33177084 0.7416667 0.3296875 0.74333334 0.3296875 0.73 0.32552084 0.72 0.31458333 0.70916665 0.27864584 0.6816667 0.175 0.6141667 0.14947917 0.5991667 0.14010416 0.5991667 0.13177083 0.605 0.12916666 0.6075 0.12708333 0.6066667
