15 0.121875 0.41833332 0.11770833 0.42166665 0.11770833 0.4275 0.1234375 0.43416667 0.123958334 0.43916667 0.128125 0.4425 0.13020833 0.4525 0.13489583 0.465 0.23229167 0.5625 0.2890625 0.62166667 0.30625 0.6375 0.31354168 0.63916665 0.31770834 0.6358333 0.32083333 0.6408333 0.325 0.6333333 0.33125 0.64166665 0.33645833 0.6333333 0.3296875 0.62583333 0.32916668 0.6225 0.3265625 0.6191667 0.325 0.61833334 0.325 0.60333335 0.31875 0.59166664 0.1953125 0.45916668 0.15104167 0.42166665 0.14427084 0.41916665 0.13541667 0.42333335 0.12916666 0.4225
15 0.28229168 0.665 0.27604166 0.6525 0.271875 0.66083336 0.26927084 0.67083335 0.27708334 0.675 0.27864584 0.68083334 0.28072917 0.68333334 0.28229168 0.6958333 0.29166666 0.7058333 0.40364584 0.7891667 0.47239584 0.8308333 0.48020834 0.82916665 0.48385417 0.82416666 0.48854166 0.8258333 0.49583334 0.8308333 0.5005208 0.81916666 0.5 0.81083333 0.4921875 0.80916667 0.49010417 0.8016667 0.4875 0.7991667 0.4875 0.7925 0.47604167 0.78 0.34270832 0.68583333 0.30052084 0.65833336 0.29166666 0.65833336 0.28802082 0.66083336 0.284375 0.6591667
15 0.40677083 0.2925 0.39635417 0.29083332 0.396875 0.30166668 0.39479166 0.30666667 0.39479166 0.3125 0.38854167 0.32166666 0.3875 0.3325 0.40104166 0.645 0.403125 0.66 0.40885416 0.6666667 0.409375 0.67333335 0.41145834 0.67333335 0.41354167 0.68583333 0.42552084 0.685 0.42239583 0.6725 0.42447916 0.6666667 0.43072918 0.65833336 0.43125 0.6408333 0.42083332 0.37 0.41770834 0.3225 0.4125 0.3125 0.40729168 0.31166667 0.40625 0.305 0.40677083 0.3
15 0.32760417 0.03 0.321875 0.021666666 0.31354168 0.0325 0.321875 0.04 0.32239583 0.044166666 0.3234375 0.0475 0.32395834 0.060833335 0.32864583 0.07416666 0.44947916 0.2375 0.48802084 0.28166667 0.49479166 0.28166667 0.5 0.27916667 0.50364584 0.28333333 0.5052083 0.2925 0.51458335 0.28916666 0.5104167 0.27916667 0.5104167 0.2725 0.50677085 0.26583335 0.50572914 0.25 0.49635416 0.23166667 0.36614582 0.06 0.34375 0.033333335 0.33489582 0.033333335 0.33229166 0.034166668 0.33125 0.033333335
15 0.83229166 0.0 0.7734375 0.21833333 0.7572917 0.28 0.7578125 0.29333332 0.76145834 0.3025 0.76145834 0.3125 0.75677085 0.31666666 0.759375 0.32583332 0.76458335 0.32833335 0.7682292 0.31833333 0.7739583 0.31166667 0.78229165 0.30666667 0.7895833 0.29333332 0.8671875 0.0
15 0.86822915 0.029166667 0.86145836 0.025833333 0.859375 0.031666666 0.86145836 0.045 0.8588542 0.0475 0.8588542 0.054166667 0.8515625 0.0625 0.84947914 0.08083333 0.85729164 0.14916667 0.8854167 0.38333333 0.8890625 0.3975 0.89635414 0.4025 0.89739585 0.41 0.90208334 0.41 0.903125 0.42416668 0.9125 0.42 0.9114583 0.40666667 0.9135417 0.40166667 0.9125 0.39833334 0.915625 0.38583332 0.91510415 0.3525 0.8822917 0.06333333 0.8765625 0.054166667 0.87135416 0.05 0.87135416 0.043333333 0.86822915 0.04 0.8697917 0.0325
15 0.80104166 0.45333335 0.80104166 0.44166666 0.7921875 0.44166666 0.7942708 0.4525 0.7921875 0.45666668 0.79270834 0.46166667 0.78489584 0.47333333 0.7817708 0.48666668 0.77708334 0.52166665 0.77447915 0.6725 0.77447915 0.7675 0.77552086 0.7916667 0.77916664 0.805 0.784375 0.81 0.78489584 0.8175 0.78802085 0.8175 0.78802085 0.8283333 0.79270834 0.8308333 0.79375 0.81916666 0.7963542 0.81083333 0.80364585 0.795 0.80833334 0.74833333 0.81145835 0.53583336 0.8125 0.48166665 0.80885416 0.46916667 0.8046875 0.46666667 0.8046875 0.45916668
15 0.82135415 0.49333334 0.81875 0.4825 0.8125 0.485 0.8119792 0.49833333 0.815625 0.50333333 0.81458336 0.50916666 0.8151042 0.51166666 0.81354165 0.52166665 0.8171875 0.5366667 0.8588542 0.64416665 0.92291665 0.77416664 0.9359375 0.7925 0.94895834 0.79333335 0.9557292 0.80083334 0.9604167 0.79333335 0.9557292 0.785 0.95416665 0.775 0.9546875 0.75916666 0.94635415 0.74 0.8932292 0.6308333 0.85260415 0.5325 0.8390625 0.5083333 0.8307292 0.5 0.8276042 0.5 0.82395834 0.495
15 0.796875 0.34 0.79479164 0.3275 0.78697914 0.33083335 0.790625 0.34333333 0.78697914 0.34833333 0.7890625 0.35416666 0.78802085 0.36583334 0.78802085 0.37666667 0.81614584 0.445 0.8609375 0.54583335 0.89166665 0.6166667 0.90520835 0.6425 0.91302085 0.645 0.9171875 0.6508333 0.9203125 0.6508333 0.9265625 0.65833336 0.934375 0.65166664 0.92864585 0.6433333 0.9270833 0.6375 0.93072915 0.62166667 0.92395836 0.6041667 0.8776042 0.49833333 0.8364583 0.4025 0.81666666 0.355 0.8072917 0.345 0.8015625 0.345
15 0.1078125 0.42416668 0.023958333 0.22583333 0.009375 0.21 0.0 0.20916666 0.0 0.26833335 0.098958336 0.5025 0.110416666 0.5175 0.121875 0.5225 0.12447917 0.5283333 0.12916666 0.5258333 0.13489583 0.5366667 0.140625 0.5316667 0.13541667 0.52 0.13541667 0.51416665 0.1328125 0.51 0.134375 0.4925 0.128125 0.47
