2 0.41770834 0.35666665 0.45416668 0.30583334 0.48229167 0.26583335 0.5046875 0.30416667 0.503125 0.30833334 0.503125 0.31 0.50572914 0.30916667 0.5296875 0.35333332 0.5677083 0.42333335 0.58958334 0.46583334 0.6088542 0.49666667 0.621875 0.5208333 0.6255208 0.53 0.62395835 0.5391667 0.6020833 0.58 0.5932292 0.5966667 0.5651042 0.62833333 0.5578125 0.64416665 0.5520833 0.6591667 0.5328125 0.68666667 0.5072917 0.6408333 0.5015625 0.62166667 0.51197916 0.5683333 0.52447915 0.50666666 0.5286458 0.48583335 0.5286458 0.48083332 0.5109375 0.46916667 0.490625 0.45833334 0.475 0.45083332 0.478125 0.43583333 0.4671875 0.42666668 0.43020833 0.37583333 0.41666666 0.35666665
2 0.35364583 0.6816667 0.38177082 0.69666666 0.42135417 0.7175 0.43697917 0.72583336 0.44010416 0.72083336 0.44010416 0.7275 0.465625 0.74083334 0.47864583 0.74583334 0.48020834 0.7391667 0.48333332 0.7158333 0.49635416 0.6458333 0.5015625 0.6191667 0.5229167 0.51416665 0.528125 0.48583335 0.5286458 0.48083332 0.5109375 0.46916667 0.4890625 0.45666668 0.475 0.45083332 0.4671875 0.47 0.46197918 0.48333332 0.46041667 0.48333332 0.45885417 0.48583335 0.45989582 0.48916668 0.45 0.50416666 0.43125 0.5366667 0.396875 0.59833336 0.37083334 0.6475 0.35416666 0.68
2 0.234375 0.6091667 0.2296875 0.6775 0.22395833 0.62583333 0.22083333 0.59166664
2 0.21145834 0.8775 0.2140625 0.8425 0.21875 0.7966667 0.22447917 0.735 0.228125 0.7033333 0.23020834 0.6766667 0.2328125 0.62833333 0.234375 0.6091667 0.24635416 0.62583333 0.28020832 0.6716667 0.303125 0.69916666 0.32604167 0.72583336 0.33125 0.7325 0.34010416 0.71 0.346875 0.6933333 0.35260418 0.6825 0.37916666 0.6958333 0.41145834 0.7125 0.43697917 0.72583336 0.44010416 0.72083336 0.44010416 0.7275 0.46510416 0.74 0.46875 0.7425 0.46354166 0.8375 0.4609375 0.8925 0.46041667 0.90833336 0.4546875 0.9058333 0.44270834 0.9066667 0.40572917 0.90416664 0.3640625 0.8983333 0.31145832 0.8908333 0.26041666 0.885 0.23177083 0.8808333 0.21458334 0.87833333
2 0.3265625 0.895 0.33802083 0.9166667 0.34947917 0.9325 0.3671875 0.9633333 0.38229167 0.9866667 0.3859375 0.99333334 0.40625 0.96666664 0.43125 0.93 0.44635418 0.9075 0.425 0.9058333 0.38229167 0.9 0.34270832 0.895 0.32552084 0.8925
2 0.48333332 0.80333334 0.471875 0.8066667 0.46614584 0.80833334 0.4671875 0.7758333 0.46875 0.74333334 0.47916666 0.74666667 0.48229167 0.78583336
2 0.46197918 0.8833333 0.471875 0.86833334 0.48697916 0.84833336 0.503125 0.82666665 0.5239583 0.7991667 0.5328125 0.78583336 0.5473958 0.765 0.5572917 0.75 0.5625 0.7425 0.5390625 0.69666666 0.53333336 0.68666667 0.509375 0.64416665 0.51354164 0.6625 0.48958334 0.685 0.4828125 0.7191667 0.47864583 0.745 0.48229167 0.7875 0.4828125 0.8025 0.465625 0.80833334 0.46197918 0.865
2 0.50104165 0.6225 0.50989586 0.65 0.5130208 0.6616667 0.49010417 0.68416667 0.49583334 0.6508333 0.5005208 0.6225
2 0.6713542 0.0 0.6979167 0.031666666 0.70104164 0.035833333 0.71770835 0.008333334 0.7234375 0.0
2 0.35416666 0.27333334 0.334375 0.3125 0.33489582 0.31583333 0.33229166 0.3175 0.3 0.37166667 0.25520834 0.44916666 0.21875 0.50666666 0.203125 0.53333336 0.19375 0.55333334 0.21770833 0.58666664 0.27916667 0.67 0.3078125 0.705 0.33177084 0.7316667 0.33854166 0.7133333 0.34739584 0.6925 0.37864584 0.6333333 0.41979167 0.55583334 0.43854168 0.52416664 0.44947916 0.505 0.45989582 0.49 0.45885417 0.48583335 0.45989582 0.48333332 0.46145833 0.48333332 0.4734375 0.45416668 0.47864583 0.43666667 0.46770832 0.42666668 0.44791666 0.39916667 0.41302082 0.35166666 0.3703125 0.29333332
