10 0.19010417 0.61583334 0.18802084 0.6225 0.1859375 0.63 0.18489583 0.6383333 0.1859375 0.64666665 0.19583334 0.6716667 0.20104167 0.6875 0.20625 0.71166664 0.2078125 0.72 0.20833333 0.73333335 0.2125 0.7475 0.23333333 0.7925 0.2421875 0.81666666 0.2484375 0.8375 0.27552083 0.81333333 0.28541666 0.80333334 0.29895833 0.78833336 0.31510416 0.765 0.328125 0.7475 0.33854166 0.7416667 0.34583333 0.7441667 0.35 0.74333334 0.3578125 0.73583335 0.36197916 0.7291667 0.37135416 0.72 0.40416667 0.705 0.415625 0.695 0.41822916 0.68416667 0.41875 0.67083335 0.41458333 0.65833336 0.4078125 0.64666665 0.40208334 0.6408333 0.39791667 0.64 0.3890625 0.6408333 0.384375 0.6425 0.3796875 0.63916665 0.38385418 0.61333334 0.3859375 0.57166666 0.38541666 0.5575 0.38645834 0.50666666 0.384375 0.50083333 0.37916666 0.49416667 0.37447917 0.49166667 0.37083334 0.48916668 0.36458334 0.49083334 0.34010416 0.5083333 0.31354168 0.52916664 0.29947916 0.5416667 0.29427084 0.54583335 0.28333333 0.54833335 0.24583334 0.57 0.203125 0.6041667 0.19166666 0.615
2 0.434375 0.515 0.40677083 0.5708333 0.384375 0.6125 0.38125 0.6308333 0.3875 0.64 0.40208334 0.64 0.40729168 0.645 0.4140625 0.65833336 0.41875 0.6716667 0.42291668 0.6458333 0.42916667 0.5941667 0.43541667 0.56 0.4375 0.55 0.43489584 0.5158333
16 0.4671875 0.44583333 0.46197918 0.45666668 0.44427082 0.48583335 0.43854168 0.49333334 0.43489584 0.50416666 0.43489584 0.51416665 0.43697917 0.5491667 0.42864582 0.595 0.42291668 0.6475 0.41875 0.6716667 0.41822916 0.68416667 0.415625 0.7 0.41145834 0.75083333 0.40729168 0.7841667 0.4046875 0.7916667 0.4015625 0.8325 0.43802083 0.8466667 0.53229165 0.89 0.56875 0.905 0.57604164 0.8541667 0.5854167 0.78333336 0.5989583 0.64 0.60729164 0.57416666 0.61510414 0.51666665 0.615625 0.4875 0.60260415 0.485 0.5807292 0.47916666 0.5546875 0.47416666 0.52708334 0.4675 0.50416666 0.46583334 0.47447917 0.44916666
2 0.578125 0.8425 0.64166665 0.7225 0.6609375 0.68666667 0.6401042 0.6691667 0.6 0.6358333 0.5875 0.7625 0.57708335 0.8433333
11 0.6645833 0.69 0.65729165 0.7175 0.653125 0.75333333 0.6510417 0.785 0.6625 0.7816667 0.76145834 0.7808333 0.7390625 0.7625 0.7114583 0.7375 0.6671875 0.69166666
21 0.86927086 0.825 0.86510414 0.8308333 0.859375 0.835 0.8510417 0.83666664 0.8484375 0.835 0.8328125 0.825 0.8208333 0.8233333 0.7609375 0.78 0.7348958 0.75916666 0.7125 0.73833334 0.6609375 0.68666667 0.60052085 0.63666666 0.6119792 0.53583336 0.61510414 0.52 0.615625 0.4875 0.53333336 0.46916667 0.5286458 0.46833333 0.5229167 0.46583334 0.5484375 0.37416667 0.5546875 0.35166666 0.5619792 0.35166666 0.6078125 0.38083333 0.6302083 0.395 0.69895834 0.4475 0.7234375 0.46416667 0.74427086 0.48416665 0.75572914 0.50666666 0.7640625 0.525 0.775 0.5375 0.7796875 0.5425 0.80104166 0.5441667 0.83489585 0.56 0.87135416 0.57666665 0.8921875 0.5875 0.89739585 0.6025 0.90052086 0.61833334 0.896875 0.63916665 0.8859375 0.68833333 0.87916666 0.7425 0.87395835 0.7925 0.8723958 0.81333333
4 0.46145833 0.45416668 0.45729166 0.44333333 0.4515625 0.4275 0.4484375 0.39583334 0.44947916 0.375 0.45052084 0.35916665 0.45677084 0.34083334 0.46302083 0.32583332 0.47083333 0.31416667 0.48072916 0.30166668 0.49322918 0.29416665 0.5052083 0.29083332 0.5140625 0.29083332 0.521875 0.29166666 0.53125 0.29666665 0.54010415 0.30166668 0.54895836 0.31166667 0.55677086 0.32166666 0.56354165 0.33583334 0.56927085 0.3525 0.5708333 0.35666665 0.5619792 0.35166666 0.5552083 0.3525 0.52239585 0.4675 0.5026042 0.46583334 0.46770832 0.4475 0.46302083 0.455
5 0.6109375 0.1525 0.63072914 0.25833333 0.64635414 0.34916666 0.6557292 0.41333333 0.6723958 0.42583334 0.684375 0.40916666 0.6869792 0.405 0.69114584 0.38833332 0.69166666 0.33 0.7046875 0.3275 0.759375 0.35416666 0.79114586 0.36166668 0.8119792 0.35333332 0.8177083 0.34833333 0.85729164 0.34833333 0.86614585 0.34833333 0.878125 0.3425 0.85833335 0.26833335 0.853125 0.24416667 0.84739584 0.16333333 0.82916665 0.050833333 0.82447916 0.051666666 0.7765625 0.08166666 0.75364584 0.10333333 0.73541665 0.11416667 0.68541664 0.1275 0.67291665 0.12416667 0.6484375 0.135 0.62395835 0.14333333 0.6140625 0.14833333
1 0.9203125 0.3725 0.89947915 0.37916666 0.83802086 0.37166667 0.79010415 0.36166668 0.759375 0.35416666 0.70520836 0.3275 0.6921875 0.33083335 0.69114584 0.38833332 0.68541664 0.41833332 0.6828125 0.43583333 0.725 0.46583334 0.7447917 0.48416665 0.7484375 0.49 0.8255208 0.50166667 0.89270836 0.5233333 0.9067708 0.52666664 0.91041666 0.52166665 0.9057292 0.4925 0.90260416 0.45166665 0.91770834 0.39666668 0.9213542 0.37916666
15 0.91197914 0.5275 0.9270833 0.53333336 0.93385416 0.53833336 0.9390625 0.5516667 0.94322914 0.5525 0.9453125 0.5575 0.94895834 0.56 0.95520836 0.56333333 0.95416665 0.56916666 0.953125 0.5733333 0.946875 0.57166666 0.94375 0.56916666 0.9369792 0.57166666 0.9328125 0.57916665 0.925 0.5833333 0.9114583 0.58416665 0.865625 0.57 0.84166664 0.56166667 0.8015625 0.54333335 0.7796875 0.54333335 0.76458335 0.5258333 0.74791664 0.49 0.8255208 0.50166667 0.8953125 0.52416664 0.90833336 0.5275
1 0.26979166 0.036666665 0.26770833 0.06666667 0.26302084 0.09 0.25572917 0.10333333 0.25 0.11666667 0.24895833 0.12916666 0.23958333 0.15333334 0.23697917 0.1375 0.23177083 0.14833333 0.23020834 0.16 0.2359375 0.17833333 0.2578125 0.19333333 0.2625 0.19916667 0.328125 0.23916666 0.365625 0.2775 0.37239584 0.28333333 0.38333333 0.30333334 0.3984375 0.32333332 0.4015625 0.31833333 0.415625 0.26333332 0.42916667 0.21833333 0.4375 0.195 0.4453125 0.18083334 0.45364583 0.17166667 0.453125 0.1675 0.41197917 0.14583333 0.28958333 0.059166666 0.275 0.044166666 0.27447918 0.0375
