19 0.66041666 0.34333333 0.7260417 0.31833333 0.778125 0.2925 0.78229165 0.2925 0.7895833 0.29583332 0.79479164 0.30416667 0.7973958 0.31333333 0.825 0.4825 0.82708335 0.4975 0.8276042 0.51 0.821875 0.52 0.8140625 0.52416664 0.6880208 0.57666665 0.65729165 0.5883333 0.65208334 0.5875 0.64635414 0.5825 0.6421875 0.57416666 0.6125 0.39 0.61145836 0.38166666 0.6140625 0.36666667 0.61822915 0.36 0.6359375 0.3525 0.646875 0.34833333
19 0.45989582 0.67083335 0.4953125 0.655 0.57708335 0.6225 0.62135416 0.60333335 0.6276042 0.6 0.6333333 0.6 0.640625 0.60583335 0.64427084 0.62166667 0.66822916 0.765 0.67552084 0.80833334 0.67552084 0.81916666 0.67395836 0.82416666 0.66875 0.83 0.5208333 0.89166665 0.5005208 0.8983333 0.49322918 0.89666665 0.48802084 0.8875 0.475 0.80583334 0.48229167 0.7925 0.48541668 0.77666664 0.48333332 0.765 0.47083333 0.7391667 0.46041667 0.7183333 0.4578125 0.69 0.45625 0.6791667
19 0.45572916 0.29583332 0.5151042 0.3725 0.5677083 0.44583333 0.58385414 0.47 0.5864583 0.48166665 0.5859375 0.4875 0.5828125 0.4975 0.57708335 0.5075 0.54010415 0.58166665 0.5161458 0.62833333 0.50677085 0.645 0.50416666 0.6508333 0.5005208 0.6533333 0.49739584 0.65416664 0.49427083 0.65416664 0.48020834 0.64 0.43541667 0.5783333 0.3875 0.51666665 0.35572916 0.475 0.353125 0.47 0.35520834 0.45083332 0.35989583 0.44083333 0.403125 0.36833334 0.4234375 0.325 0.4359375 0.29666665 0.44010416 0.2925 0.44635418 0.29166666
19 0.40260416 0.1425 0.42604166 0.095 0.43072918 0.08916666 0.43489584 0.086666666 0.44114584 0.0875 0.4453125 0.09 0.44895834 0.093333334 0.5109375 0.17583333 0.5265625 0.19583334 0.52760416 0.20166667 0.5338542 0.26083332 0.5390625 0.30083334 0.5416667 0.32666665 0.54270834 0.33 0.5453125 0.335 0.5520833 0.34 0.55364585 0.34 0.5541667 0.34083334 0.55260414 0.345 0.52916664 0.3925 0.5161458 0.37416667 0.49739584 0.34916666 0.4828125 0.33083335 0.471875 0.31666666 0.46197918 0.30333334 0.45989582 0.30083334 0.45572916 0.29583332 0.44635418 0.29166666 0.4453125 0.29166666 0.44375 0.29166666 0.440625 0.2925 0.4359375 0.29583332 0.42552084 0.31916666 0.41354167 0.345 0.41145834 0.35083333 0.36770833 0.29833335 0.35104167 0.27583334 0.34791666 0.27083334 0.34739584 0.2625 0.34947917 0.25166667 0.35208333 0.24583334
19 0.26302084 0.69 0.371875 0.7966667 0.37552083 0.7975 0.38125 0.7966667 0.38541666 0.7925 0.3890625 0.7875 0.44322917 0.6408333 0.45625 0.6075 0.44114584 0.58666664 0.40208334 0.535 0.36770833 0.49166667 0.35625 0.47583333 0.35364583 0.47 0.35520834 0.44833332 0.35885417 0.44166666 0.36979166 0.42416668 0.36510417 0.42083332 0.3578125 0.42083332 0.35104167 0.425 0.3140625 0.52 0.26666668 0.64 0.259375 0.6575 0.25885418 0.6616667 0.25833333 0.6741667 0.259375 0.68083334
19 0.25104168 0.8066667 0.29947916 0.90833336 0.33125 0.9725 0.33697918 0.97583336 0.3421875 0.975 0.34739584 0.9725 0.3859375 0.9216667 0.46458334 0.8183333 0.47291666 0.8075 0.475 0.805 0.478125 0.8 0.48229167 0.7925 0.48385417 0.7841667 0.48541668 0.77666664 0.48385417 0.76666665 0.475 0.7475 0.46458334 0.7266667 0.4625 0.7216667 0.4609375 0.72083336 0.43489584 0.67083335 0.43333334 0.66833335 0.421875 0.6983333 0.41145834 0.7266667 0.40364584 0.74833333 0.39583334 0.7683333 0.38958332 0.7866667 0.38802084 0.7891667 0.3828125 0.7941667 0.38125 0.7975 0.375 0.7975 0.371875 0.79583335 0.32083333 0.7475 0.29791668 0.725 0.28489584 0.74 0.2609375 0.7675 0.253125 0.77916664 0.24947916 0.78833336 0.2484375 0.795 0.25 0.8016667
19 0.1265625 0.52416664 0.13229166 0.52416664 0.17916666 0.5416667 0.26354167 0.5725 0.27708334 0.5758333 0.28958333 0.58 0.28958333 0.5825 0.27864584 0.6091667 0.2671875 0.6375 0.2609375 0.6525 0.259375 0.6566667 0.25833333 0.6616667 0.25833333 0.66583335 0.25833333 0.6741667 0.259375 0.6816667 0.26197916 0.68833333 0.27239582 0.69916666 0.290625 0.71666664 0.29166666 0.7191667 0.28958333 0.7341667 0.28802082 0.7366667 0.26614583 0.76166666 0.25729167 0.77166665 0.25208333 0.7808333 0.24947916 0.78833336 0.24791667 0.795 0.25 0.8025 0.25 0.8041667 0.2453125 0.805 0.21927084 0.79583335 0.1421875 0.76916665 0.134375 0.7683333 0.10572917 0.7583333 0.0953125 0.75166667 0.091145836 0.7425 0.0890625 0.7325 0.0921875 0.7125 0.1015625 0.665 0.10572917 0.6358333 0.106770836 0.5966667 0.11145833 0.5525 0.111979164 0.54083335 0.1140625 0.5308333 0.116145834 0.525 0.11875 0.5225
19 0.21927084 0.42916667 0.25677082 0.34166667 0.2671875 0.31833333 0.27239582 0.315 0.27604166 0.315 0.28489584 0.3175 0.37291667 0.41666666 0.36979166 0.42416668 0.36614582 0.42166665 0.35989583 0.41916665 0.3546875 0.4225 0.35104167 0.42416668 0.34947917 0.4275 0.325 0.49083334 0.29895833 0.5566667 0.29010418 0.5808333 0.27083334 0.575 0.240625 0.56416667 0.1859375 0.5441667 0.171875 0.5391667 0.21770833 0.43583333
19 0.079166666 0.3075 0.1875 0.34166667 0.22864583 0.355 0.23802084 0.35833332 0.24791667 0.36 0.234375 0.3925 0.21770833 0.43083334 0.21666667 0.43583333 0.20052083 0.47583333 0.1765625 0.5283333 0.171875 0.53833336 0.1328125 0.52416664 0.123958334 0.5233333 0.11927083 0.5225 0.115625 0.52416664 0.1125 0.5341667 0.111979164 0.5416667 0.1109375 0.56 0.063541666 0.5491667 0.046875 0.54333335 0.044270832 0.5375 0.046875 0.515 0.06458333 0.38333333 0.069270834 0.32666665 0.07239583 0.31833333 0.075 0.31333333
19 0.52708334 0.10583334 0.6140625 0.08166666 0.6802083 0.060833335 0.6927083 0.0575 0.69947916 0.06333333 0.7046875 0.0725 0.7078125 0.083333336 0.7234375 0.24416667 0.72760415 0.26333332 0.728125 0.27583334 0.7265625 0.285 0.721875 0.29083332 0.71302086 0.29583332 0.659375 0.30916667 0.60833335 0.325 0.56145835 0.33833334 0.5520833 0.34 0.5453125 0.33583334 0.5421875 0.32833335 0.540625 0.31666666 0.52135414 0.15083334 0.51770836 0.12833333 0.51927084 0.12083333 0.5208333 0.11333334 0.5229167 0.10916667
