17 0.240625 0.77666664 0.23802084 0.8233333 0.2390625 0.8333333 0.24583334 0.84833336 0.25260416 0.8541667 0.28958333 0.8591667 0.30260417 0.86 0.3234375 0.86083335 0.33385417 0.8625 0.3421875 0.86583334 0.36614582 0.8691667 0.40364584 0.87 0.4140625 0.87083334 0.43541667 0.8725 0.44010416 0.86833334 0.44010416 0.86583334 0.42864582 0.83916664 0.421875 0.8233333 0.42083332 0.8183333 0.42239583 0.8016667 0.4296875 0.7891667 0.44791666 0.7683333 0.45625 0.75666666 0.45989582 0.72083336 0.4453125 0.72083336 0.43958333 0.7175 0.43177083 0.70666665 0.4109375 0.67333335 0.39166668 0.64 0.38854167 0.6333333 0.37083334 0.63 0.36979166 0.63 0.37239584 0.6375 0.38072917 0.6575 0.38333333 0.665 0.3984375 0.7183333 0.3984375 0.72 0.39791667 0.73333335 0.39270833 0.74666667 0.38802084 0.75333333 0.36875 0.7658333 0.3578125 0.77416664 0.325 0.795 0.31822917 0.79833335 0.3015625 0.81 0.284375 0.82166666 0.28177083 0.8233333 0.27447918 0.8283333 0.2671875 0.82916665 0.259375 0.8283333 0.25260416 0.8233333 0.24947916 0.8175 0.24166666 0.77916664
17 0.49947917 0.98583335 0.44895834 0.885 0.42083332 0.82 0.42291668 0.80083334 0.43177083 0.7866667 0.46510416 0.75 0.48177084 0.73083335 0.5078125 0.7125 0.5260417 0.6925 0.5421875 0.6741667 0.5421875 0.665 0.54322916 0.65 0.5578125 0.665 0.590625 0.69416666 0.6046875 0.70166665 0.6197917 0.7058333 0.6333333 0.71416664 0.6578125 0.7625 0.66614586 0.77666664 0.665625 0.7875 0.6625 0.81 0.65416664 0.8275 0.6380208 0.8425 0.61510414 0.8641667 0.6010417 0.8808333 0.559375 0.9425 0.52760416 0.98083335 0.51875 0.9916667 0.5104167 0.9925 0.5052083 0.99333334
17 0.5609375 1.0 0.553125 0.97333336 0.55052084 0.975 0.5421875 0.9825 0.5390625 0.9925 0.5385417 1.0
17 0.7416667 1.0 0.634375 1.0 0.64166665 0.9875 0.659375 0.9716667 0.67291665 0.96166664 0.67864585 0.955 0.6828125 0.94083333 0.6859375 0.935 0.6953125 0.93 0.70104164 0.93 0.70625 0.9425 0.71770835 0.9425 0.7395833 0.94166666 0.73802084 0.9525 0.73645836 0.95916665 0.73802084 0.97083336 0.74114585 0.98083335
17 0.5619792 1.0 0.5484375 0.95666665 0.5609375 0.94166666 0.584375 0.9058333 0.59479165 0.8908333 0.6010417 0.88166666 0.61302084 0.8675 0.6390625 0.8425 0.6546875 0.82666665 0.66302085 0.81 0.66614586 0.7875 0.66614586 0.7758333 0.6588542 0.7633333 0.65416664 0.75416666 0.64427084 0.735 0.6567708 0.72833335 0.6723958 0.7191667 0.68958336 0.7108333 0.69895834 0.70916665 0.7046875 0.7108333 0.71666664 0.7266667 0.72291666 0.75083333 0.7395833 0.83666664 0.74322915 0.85583335 0.75 0.9166667 0.7453125 0.93 0.740625 0.93916667 0.7390625 0.94 0.721875 0.9425 0.7078125 0.94166666 0.70625 0.94166666 0.70104164 0.93 0.6953125 0.9291667 0.68541664 0.93416667 0.6822917 0.94083333 0.678125 0.955 0.6723958 0.9608333 0.6557292 0.97333336 0.6411458 0.9875 0.634375 1.0
17 0.7625 0.99916667 0.7473958 0.9891667 0.7421875 0.98083335 0.73802084 0.97083336 0.7375 0.9583333 0.7390625 0.94083333 0.7453125 0.93083334 0.7552083 0.90833336 0.79895836 0.7816667 0.80364585 0.77416664 0.809375 0.7733333 0.8151042 0.785 0.82604164 0.8016667 0.8432292 0.82166666 0.8546875 0.8325 0.8640625 0.83916664 0.8880208 0.86083335 0.9234375 0.8975 0.9421875 0.9141667 0.9536458 0.9325 0.95677084 0.93916667 0.95677084 0.95416665 0.9536458 0.9741667 0.9453125 1.0
17 0.825 0.64 0.7895833 0.6225 0.7651042 0.60833335 0.76145834 0.60833335 0.7416667 0.64166665 0.728125 0.665 0.7203125 0.685 0.7140625 0.70416665 0.7057292 0.7108333 0.71666664 0.72583336 0.71770835 0.73 0.72291666 0.7475 0.73645836 0.81583333 0.7421875 0.84583336 0.7505208 0.91833335 0.76979166 0.865 0.7916667 0.80083334 0.7984375 0.7808333 0.803125 0.77416664 0.8098958 0.7725 0.80625 0.765 0.7963542 0.75666666 0.7895833 0.7475 0.78697914 0.7391667 0.7921875 0.71416664 0.80885416 0.6775 0.81666666 0.6641667 0.82447916 0.6425
17 0.8255208 0.6383333 0.8432292 0.5941667 0.8697917 0.5183333 0.8755208 0.50416666 0.8833333 0.49833333 0.89270836 0.49833333 0.9015625 0.5058333 0.9369792 0.54083335 0.9640625 0.56583333 1.0 0.60333335 1.0 0.6675 0.9890625 0.69083333 0.9682292 0.72333336 0.95 0.75916666 0.93541664 0.7825 0.9291667 0.78833336 0.9125 0.785 0.909375 0.7866667 0.9010417 0.80333334 0.9010417 0.81583333 0.9057292 0.83166665 0.9078125 0.84166664 0.9078125 0.85583335 0.903125 0.8616667 0.89635414 0.86583334 0.8932292 0.865 0.88489586 0.8566667 0.859375 0.835 0.8546875 0.83166665 0.8432292 0.8208333 0.825 0.7991667 0.8151042 0.7841667 0.8098958 0.77416664 0.8098958 0.7733333 0.80625 0.76416665 0.7963542 0.7558333 0.79010415 0.7475 0.7875 0.7391667 0.79270834 0.715 0.80572915 0.685 0.809375 0.6775 0.8171875 0.6641667 0.825 0.6425
17 1.0 0.80916667 0.965625 0.79833335 0.93177086 0.7866667 0.9359375 0.78333336 0.9515625 0.7583333 0.96666664 0.7275 0.96979165 0.72333336 0.990625 0.68916667 1.0 0.6691667
17 0.9994792 0.6025 1.0 0.4875 0.996875 0.485 0.96666664 0.4775 0.9270833 0.46416667 0.9244792 0.465 0.9 0.485 0.88854164 0.49583334 0.8859375 0.49833333 0.8932292 0.49833333 0.903125 0.5058333 0.93958336 0.5425 0.9640625 0.56416667 0.9953125 0.59833336
17 1.0 0.415 0.93177086 0.46 0.92864585 0.4625 0.928125 0.46333334 0.95 0.47083333 0.98333335 0.48083332 1.0 0.48416665
17 0.9994792 0.29 1.0 0.15916666 0.94635415 0.17916666 0.9479167 0.18166667 0.953125 0.18 0.9609375 0.18416667 0.96875 0.20666666 0.9947917 0.28083333
17 0.86927086 0.24 0.8723958 0.21916667 0.8802083 0.205 0.9010417 0.195 0.9421875 0.18083334 0.94635415 0.18 0.946875 0.18083334 0.9203125 0.20083334 0.87395835 0.23666666
17 0.8619792 0.5175 0.84270835 0.5341667 0.8354167 0.53583336 0.82447916 0.5316667 0.82135415 0.5283333 0.87083334 0.47 0.8744792 0.46583334 0.87604165 0.45416668 0.875 0.44333333 0.8421875 0.37666667 0.8171875 0.32583332 0.8130208 0.315 0.8098958 0.30916667 0.8 0.30416667 0.865625 0.245 0.89427084 0.22166666 0.946875 0.18083334 0.94739586 0.18083334 0.94739586 0.18166667 0.953125 0.18083334 0.9604167 0.18416667 0.9760417 0.22916667 0.99114585 0.2725 0.99427086 0.28083333 1.0 0.29166666 1.0 0.41416666 0.9322917 0.45833334 0.90989584 0.475 0.88854164 0.49416667 0.884375 0.49833333 0.8744792 0.50333333 0.8723958 0.50916666
17 0.67395836 0.415 0.653125 0.37833333 0.65052086 0.37083334 0.6489583 0.35916665 0.65052086 0.34666666 0.6744792 0.30916667 0.7078125 0.26166666 0.709375 0.25833333 0.7578125 0.28083333 0.7973958 0.3025 0.7984375 0.30416667 0.8 0.305 0.81041664 0.31 0.8130208 0.31583333 0.815625 0.32333332 0.84010416 0.37416667 0.8677083 0.43 0.875 0.44416666 0.87604165 0.45333335 0.8734375 0.46583334 0.8130208 0.5366667 0.7828125 0.57166666 0.78489584 0.55583334 0.7828125 0.5475 0.7447917 0.48333332 0.6979167 0.41833332 0.6921875 0.40916666 0.68854165 0.40666667 0.68177086 0.4075
17 0.64427084 0.47166666 0.6625 0.4375 0.6734375 0.41583332 0.6822917 0.40833333 0.6890625 0.40833333 0.6927083 0.41 0.696875 0.41833332 0.7291667 0.4625 0.74427086 0.48333332 0.7708333 0.52916664 0.78333336 0.55 0.7838542 0.5566667 0.7828125 0.57 0.78229165 0.57166666 0.7630208 0.6075 0.76145834 0.6066667 0.7359375 0.6508333 0.72760415 0.665 0.7182292 0.69083333 0.7140625 0.7033333 0.70520836 0.7108333 0.6984375 0.7083333 0.68958336 0.71 0.67083335 0.72 0.6588542 0.7266667 0.65520835 0.72333336 0.65416664 0.7191667 0.65416664 0.71666664 0.6625 0.71666664 0.67604166 0.71416664 0.68177086 0.71166664 0.69114584 0.70666665 0.70416665 0.6958333 0.709375 0.6925 0.71666664 0.67083335 0.72447914 0.62916666 0.73802084 0.55583334 0.7390625 0.53833336 0.73541665 0.5275 0.72864586 0.5125 0.7026042 0.49833333 0.6645833 0.47916666 0.6484375 0.475
17 0.6333333 0.71166664 0.63958335 0.715 0.64947915 0.71666664 0.65416664 0.71666664 0.6536458 0.7191667 0.6546875 0.72333336 0.6588542 0.7266667 0.64479166 0.735 0.64375 0.7341667 0.63385415 0.7133333 0.6333333 0.7133333
17 0.54114586 0.6475 0.5234375 0.6333333 0.5104167 0.62083334 0.5046875 0.60583335 0.50364584 0.58916664 0.5109375 0.5725 0.52447915 0.5391667 0.52708334 0.5208333 0.5307292 0.505 0.5598958 0.42916667 0.56614584 0.41416666 0.5697917 0.40833333 0.578125 0.40666667 0.5854167 0.40833333 0.6020833 0.42833334 0.61354166 0.44583333 0.6166667 0.45666668 0.615625 0.465 0.61614585 0.46833333 0.6203125 0.47416666 0.63385415 0.48 0.6380208 0.47916666 0.6411458 0.47333333 0.64375 0.47333333 0.6479167 0.475 0.6510417 0.47666666 0.6635417 0.48 0.66979164 0.4825 0.71666664 0.5058333 0.72864586 0.5133333 0.7338542 0.52416664 0.73541665 0.5283333 0.73854166 0.5391667 0.73802084 0.555 0.73072916 0.5925 0.7234375 0.63416666 0.7161458 0.67 0.709375 0.6925 0.703125 0.69666666 0.690625 0.70666665 0.68125 0.71166664 0.67552084 0.7133333 0.6625 0.71666664 0.65260416 0.71666664 0.6411458 0.715 0.6401042 0.715 0.6333333 0.71166664 0.6203125 0.7058333 0.60520834 0.7008333 0.5942708 0.695 0.57916665 0.68333334 0.55885416 0.665 0.54270834 0.64916664
17 0.49375 0.7216667 0.48385417 0.71666664 0.47447917 0.71666664 0.4734375 0.7183333 0.46354166 0.72 0.45 0.72 0.4453125 0.72 0.4390625 0.71666664 0.43541667 0.71166664 0.42916667 0.70166665 0.40989584 0.67083335 0.39010417 0.63666666 0.38697916 0.6308333 0.35885417 0.57666665 0.35416666 0.56166667 0.34947917 0.5491667 0.34739584 0.5441667 0.346875 0.54333335 0.346875 0.515 0.36302084 0.4925 0.37395832 0.4775 0.43072918 0.485 0.44947916 0.48666668 0.44479167 0.5466667 0.44635418 0.55833334 0.4515625 0.5683333 0.45989582 0.57416666 0.49114582 0.57916665 0.50677085 0.58166665 0.50364584 0.58916664 0.5046875 0.605 0.50989586 0.62166667 0.52708334 0.63666666 0.54270834 0.65 0.5416667 0.6666667 0.5416667 0.6741667 0.5072917 0.7125 0.49479166 0.72083336
17 0.50625 0.58166665 0.47916666 0.57666665 0.46041667 0.57416666 0.4515625 0.5683333 0.446875 0.5575 0.44479167 0.5475 0.45 0.48166665 0.453125 0.41166666 0.46041667 0.33916667 0.47083333 0.3325 0.4828125 0.33333334 0.5140625 0.3625 0.5203125 0.36333334 0.54114586 0.38166666 0.56666666 0.395 0.5807292 0.395 0.5911458 0.39416668 0.59739584 0.365 0.6119792 0.37166667 0.62083334 0.37583333 0.6375 0.41083333 0.64739585 0.44583333 0.65052086 0.45666668 0.65052086 0.45833334 0.64375 0.4725 0.6432292 0.4725 0.6432292 0.47333333 0.64166665 0.4725 0.6380208 0.47916666 0.634375 0.47916666 0.62083334 0.47416666 0.6166667 0.46833333 0.61614585 0.465 0.6166667 0.45666668 0.61354166 0.44583333 0.6020833 0.4275 0.5859375 0.4075 0.5776042 0.40583333 0.5697917 0.4075 0.565625 0.41416666 0.53125 0.50333333 0.5265625 0.5208333 0.52447915 0.53833336 0.509375 0.575 0.50625 0.58166665
17 0.20729166 0.63166666 0.17395833 0.62666667 0.13125 0.61583334 0.10572917 0.6066667 0.10104167 0.5991667 0.09375 0.58666664 0.09322917 0.5758333 0.10520833 0.4825 0.12135417 0.38416666 0.12291667 0.3775 0.134375 0.36916667 0.14270833 0.37 0.1859375 0.38916665 0.24791667 0.41833332 0.28020832 0.43416667 0.3015625 0.4475 0.26927084 0.45916668 0.2625 0.46416667 0.25677082 0.46833333 0.2328125 0.47916666 0.21354167 0.49083334 0.19010417 0.5075 0.18802084 0.5133333 0.18385416 0.52416664 0.1828125 0.5325 0.20104167 0.605
17 0.08541667 0.545 0.038541667 0.53 0.0 0.5133333 0.0 0.26166666 0.008333334 0.2675 0.018229166 0.27416667 0.044270832 0.28333333 0.07447917 0.28916666 0.10989583 0.29916668 0.12604167 0.30583334 0.13541667 0.31916666 0.1375 0.33 0.1359375 0.34666666 0.134375 0.35833332 0.13333334 0.36916667 0.1265625 0.37416667 0.12291667 0.3775 0.12083333 0.385 0.106770836 0.47166666 0.09739583 0.5391667 0.09739583 0.54083335 0.094791666 0.5425 0.090625 0.545
17 0.19270833 0.39083335 0.20364584 0.38083333 0.22760417 0.36166668 0.2375 0.35333332 0.2421875 0.34416667 0.24739583 0.3375 0.271875 0.3 0.28854167 0.2775 0.2953125 0.27083334 0.30208334 0.27166668 0.309375 0.27583334 0.32291666 0.2975 0.359375 0.36083335 0.38645834 0.41666666 0.39375 0.43916667 0.39375 0.45916668 0.3875 0.46833333 0.37291667 0.4775 0.3453125 0.515 0.33697918 0.5258333 0.33489582 0.5208333 0.33385417 0.51416665 0.33645833 0.505 0.33854166 0.49583334 0.33854166 0.48833334 0.33802083 0.48333332 0.3375 0.48083332 0.33958334 0.475 0.33958334 0.4575 0.33697918 0.44916666 0.32864583 0.43833333 0.3234375 0.4375 0.3015625 0.4475 0.28072917 0.43333334 0.22239584 0.40583333
17 0.33385417 0.51416665 0.33177084 0.505 0.33072916 0.49333334 0.33177084 0.4875 0.3359375 0.48416665 0.33697918 0.48166665 0.33802083 0.48333332 0.33802083 0.48833334 0.33802083 0.495 0.33489582 0.5108333
17 0.22708334 0.36083335 0.228125 0.33833334 0.2328125 0.31916666 0.23958333 0.305 0.24166666 0.29166666 0.2421875 0.28083333 0.24010417 0.27333334 0.22916667 0.2675 0.22395833 0.25833333 0.21510416 0.1675 0.2140625 0.15333334 0.21875 0.13666667 0.2234375 0.1325 0.32135418 0.11833333 0.35520834 0.1175 0.35833332 0.119166665 0.3671875 0.12833333 0.36979166 0.13916667 0.37239584 0.29083332 0.37395832 0.38916665 0.37395832 0.38916665 0.36458334 0.37166667 0.36041668 0.36166668 0.334375 0.31583333 0.3234375 0.2975 0.309375 0.27583334 0.30260417 0.27083334 0.2953125 0.27083334 0.2875 0.2775 0.2765625 0.2925 0.27083334 0.3 0.25520834 0.325 0.246875 0.3375 0.24166666 0.34416667 0.2375 0.35333332
17 0.23072916 0.26916668 0.21510416 0.295 0.2140625 0.295 0.16770834 0.22166666 0.13645834 0.17083333 0.09947917 0.1175 0.100520834 0.108333334 0.116145834 0.07083333 0.12135417 0.06 0.128125 0.0575 0.13541667 0.0575 0.14322917 0.0625 0.15677084 0.04916667 0.16145833 0.045 0.17447917 0.045 0.184375 0.024166666 0.19114584 0.013333334 0.21302083 0.011666667 0.23072916 0.0075 0.23958333 0.013333334 0.2453125 0.021666666 0.21666667 0.025 0.20989583 0.028333334 0.20520833 0.036666665 0.20260416 0.048333332 0.20260416 0.058333334 0.21302083 0.1525 0.21354167 0.15416667 0.22239584 0.24666667 0.22395833 0.25916666 0.2296875 0.2675
17 0.24739583 0.020833334 0.30677083 0.0058333334 0.33645833 0.0 0.40208334 0.0 0.40833333 0.038333334 0.415625 0.060833335 0.41927084 0.0825 0.4203125 0.094166666 0.41458333 0.0975 0.39947918 0.12 0.39479166 0.12583333 0.39270833 0.1475 0.39114583 0.16333333 0.39739582 0.18416667 0.39635417 0.20083334 0.38958332 0.21333334 0.38229167 0.21416667 0.37604168 0.22 0.37395832 0.22583333 0.37239584 0.22583333 0.371875 0.22416666 0.3703125 0.14083333 0.3703125 0.13833334 0.36770833 0.12916666 0.36770833 0.12833333 0.3578125 0.1175 0.3546875 0.11666667 0.31927082 0.11833333 0.28229168 0.123333335 0.2296875 0.13083333 0.2234375 0.1325 0.21927084 0.13583334 0.21822916 0.13666667 0.21354167 0.15333334 0.2078125 0.1025 0.203125 0.058333334 0.203125 0.04916667 0.20572917 0.0375 0.21041666 0.028333334 0.2171875 0.025833333 0.24114583 0.023333333 0.2453125 0.0225
17 0.45885417 0.31416667 0.43854168 0.3075 0.42291668 0.30166668 0.40208334 0.28583333 0.38645834 0.27333334 0.3765625 0.25333333 0.3734375 0.23916666 0.37395832 0.22666667 0.3765625 0.22083333 0.3828125 0.21416667 0.3890625 0.21416667 0.39635417 0.2025 0.39791667 0.18416667 0.39166668 0.16416667 0.39479166 0.12583333 0.4 0.12 0.41197917 0.10166667 0.41510418 0.0975 0.421875 0.093333334 0.43333334 0.083333336 0.44270834 0.058333334 0.47395834 0.0025 0.48020834 0.0 0.5005208 0.008333334 0.5317708 0.026666667 0.5442708 0.033333335 0.5494792 0.04083333 0.5515625 0.04916667 0.553125 0.05666667 0.54270834 0.04916667 0.5338542 0.048333332 0.5229167 0.051666666 0.51666665 0.06333333 0.5130208 0.08083333 0.51197916 0.09916667 0.51354164 0.11833333 0.51927084 0.13166666 0.5208333 0.13833334 0.51875 0.14916667 0.5140625 0.15833333 0.50416666 0.15833333 0.5005208 0.16 0.48229167 0.19916667 0.46770832 0.24166666 0.453125 0.28166667 0.45208332 0.29166666 0.453125 0.305 0.45520833 0.31083333
17 0.55572915 0.058333334 0.5854167 0.08 0.6109375 0.100833334 0.6359375 0.115833335 0.64166665 0.12 0.64479166 0.12666667 0.6479167 0.13916667 0.6479167 0.15 0.6453125 0.15666667 0.6380208 0.16333333 0.63385415 0.17583333 0.6322917 0.1825 0.63072914 0.2025 0.62916666 0.22083333 0.61041665 0.3125 0.5984375 0.3625 0.59739584 0.36416668 0.5911458 0.39416668 0.5796875 0.395 0.56666666 0.395 0.5416667 0.38083333 0.5208333 0.36333334 0.5140625 0.36166668 0.48177084 0.33166668 0.45885417 0.31666666 0.45885417 0.315 0.45625 0.31083333 0.4546875 0.30916667 0.45364583 0.30333334 0.45208332 0.29083332 0.453125 0.2825 0.47083333 0.23333333 0.48333332 0.19833334 0.50104165 0.16 0.50364584 0.15833333 0.51354164 0.15833333 0.51927084 0.14916667 0.5208333 0.13833334 0.51979166 0.13083333 0.5140625 0.11833333 0.5125 0.09916667 0.51354164 0.08166666 0.51666665 0.064166665 0.5229167 0.0525 0.5338542 0.048333332 0.54270834 0.05
17 0.25 0.8175 0.221875 0.68416667 0.18697916 0.55 0.18333334 0.5325 0.184375 0.52416664 0.18854167 0.5133333 0.19114584 0.5075 0.20677084 0.49583334 0.22447917 0.48416665 0.2390625 0.47666666 0.25625 0.46916667 0.27239582 0.45916668 0.3015625 0.4475 0.32291666 0.4375 0.328125 0.43916667 0.33645833 0.45 0.33958334 0.4575 0.33958334 0.475 0.3359375 0.48333332 0.33177084 0.4875 0.33072916 0.49333334 0.33125 0.505 0.33489582 0.52166665 0.34166667 0.5375 0.35052082 0.55083334 0.35833332 0.57666665 0.36614582 0.6191667 0.37239584 0.6383333 0.38072917 0.65833336 0.384375 0.6691667 0.38854167 0.685 0.3984375 0.72083336 0.39791667 0.7325 0.39270833 0.745 0.38802084 0.7525 0.35572916 0.775 0.31354168 0.8016667 0.2828125 0.82166666 0.27447918 0.8283333 0.26666668 0.82916665 0.25989583 0.8275 0.253125 0.8233333
