8 0.39427084 0.4 0.39114583 0.40166667 0.38645834 0.40833333 0.38489583 0.41916665 0.37916666 0.47166666 0.39739582 0.49166667 0.40833333 0.50333333 0.43697917 0.47083333 0.46875 0.43916667 0.47552082 0.42916667 0.4640625 0.42666668 0.45364583 0.42083332 0.42864582 0.455 0.42291668 0.455 0.41458333 0.4525 0.409375 0.44666666 0.403125 0.43 0.39895833 0.39666668
8 0.33020833 0.4175 0.3234375 0.4175 0.3171875 0.41916665 0.31354168 0.42416668 0.30729166 0.44416666 0.29895833 0.47666666 0.28177083 0.5258333 0.24010417 0.61583334 0.25833333 0.6433333 0.26354167 0.64416665 0.27708334 0.6716667 0.32239583 0.7391667 0.33541667 0.7575 0.35572916 0.7216667 0.35729167 0.7108333 0.35625 0.70166665 0.3765625 0.6533333 0.38958332 0.62166667 0.41927084 0.56 0.4234375 0.5475 0.42447916 0.5375 0.421875 0.5225 0.4140625 0.50916666 0.40729168 0.5025 0.375 0.46666667 0.365625 0.45833334 0.35677084 0.44916666 0.33958334 0.4275
8 0.4921875 0.41166666 0.5 0.4125 0.50625 0.4175 0.5130208 0.42666668 0.5286458 0.4525 0.5328125 0.46083334 0.5317708 0.46666667 0.534375 0.46666667 0.5385417 0.47416666 0.540625 0.48416665 0.55572915 0.515 0.57135415 0.55083334 0.5755208 0.56583333 0.59270835 0.6 0.6119792 0.62666667 0.6296875 0.6616667 0.63072914 0.6691667 0.63072914 0.68083334 0.628125 0.68833333 0.6088542 0.7108333 0.59583336 0.7241667 0.58125 0.73 0.57447916 0.7341667 0.56822914 0.745 0.5625 0.76166666 0.5520833 0.7775 0.540625 0.7891667 0.5338542 0.7916667 0.52916664 0.79 0.5229167 0.7841667 0.50364584 0.7475 0.4921875 0.72583336 0.48333332 0.6983333 0.46510416 0.66583335 0.44791666 0.6275 0.4359375 0.61333334 0.4140625 0.5708333 0.41875 0.56083333 0.4234375 0.54833335 0.42447916 0.53833336 0.421875 0.5233333 0.4140625 0.50916666 0.40833333 0.50333333 0.409375 0.5025 0.43802083 0.46916667 0.46875 0.43833333 0.47604167 0.42833334
8 0.3984375 0.6166667 0.42447916 0.62583333 0.45052084 0.63416666 0.44791666 0.62833333 0.4359375 0.6125 0.4140625 0.5708333 0.39375 0.61333334
3 0.34322917 0.7625 0.35052082 0.805 0.359375 0.8208333 0.365625 0.82916665 0.37447917 0.87 0.38177082 0.8975 0.3859375 0.915 0.390625 0.9291667 0.39270833 0.9325 0.40104166 0.93583333 0.39739582 0.9266667 0.39791667 0.91083336 0.40208334 0.8983333 0.40885416 0.8875 0.43229166 0.8675 0.44635418 0.87166667 0.46822917 0.85 0.5072917 0.8208333 0.51145834 0.8225 0.5104167 0.81583333 0.49947917 0.7825 0.48854166 0.7658333 0.48541668 0.75 0.48541668 0.73083335 0.4828125 0.7133333 0.45885417 0.6616667 0.44270834 0.63166666 0.4234375 0.62583333 0.39791667 0.61583334 0.39322916 0.61333334 0.38958332 0.62083334 0.3796875 0.645 0.35625 0.70166665 0.35729167 0.7108333 0.35572916 0.7216667 0.340625 0.74833333
8 0.5578125 0.78 0.56458336 0.78333336 0.5677083 0.77666664 0.56875 0.78583336 0.596875 0.7916667 0.6177083 0.80833334 0.62916666 0.81333333 0.64635414 0.81916666 0.66197914 0.8325 0.6984375 0.8591667 0.70625 0.86333334 0.71458334 0.8625 0.72291666 0.85833335 0.7270833 0.8491667 0.7328125 0.81583333 0.73229164 0.795 0.734375 0.7866667 0.74375 0.7725 0.76197916 0.72 0.765625 0.7025 0.7630208 0.68583333 0.7604167 0.6791667 0.74427086 0.6675 0.6875 0.7366667 0.68072915 0.74083334 0.67552084 0.7425 0.66979164 0.7391667 0.6536458 0.7133333 0.6411458 0.6875 0.6375 0.6791667 0.6390625 0.6725 0.63489586 0.6725 0.6296875 0.6616667 0.63072914 0.67 0.63072914 0.68083334 0.628125 0.68833333 0.60833335 0.71166664 0.59583336 0.7241667 0.58125 0.73 0.575 0.7341667 0.5677083 0.745 0.5625 0.7608333 0.553125 0.77666664
8 0.7786458 0.61 0.778125 0.6175 0.7765625 0.625 0.775 0.63 0.74427086 0.6675 0.7083333 0.71166664 0.6875 0.7366667 0.6802083 0.74083334 0.67552084 0.7425 0.66979164 0.7391667 0.65729165 0.7191667 0.6536458 0.71416664 0.6375 0.68 0.6390625 0.6725 0.63489586 0.6725 0.62864584 0.6591667 0.6119792 0.62666667 0.5989583 0.6025 0.57708335 0.56083333 0.5708333 0.55 0.5578125 0.52 0.540625 0.48416665 0.53802085 0.47333333 0.53802085 0.46166667 0.54322916 0.45333335 0.5703125 0.42083332 0.57708335 0.41416666 0.59270835 0.39333335 0.615625 0.36 0.6265625 0.34666666 0.63177085 0.345 0.6375 0.34416667 0.64479166 0.34583333 0.6625 0.38166666 0.6848958 0.43583333 0.7140625 0.49083334 0.71979165 0.5025 0.7421875 0.5341667 0.7416667 0.5441667 0.74583334 0.5425 0.76770836 0.57916665 0.7765625 0.5975
8 0.571875 0.55083334 0.5755208 0.56583333 0.59270835 0.6 0.61145836 0.62666667 0.61041665 0.62333333 0.5942708 0.5941667 0.5729167 0.55333334
8 0.53125 0.45 0.54375 0.4525 0.54322916 0.4525 0.53802085 0.46166667 0.53802085 0.47416666 0.534375 0.4675 0.5317708 0.46666667 0.5328125 0.46083334 0.528125 0.45166665 0.5265625 0.44916666
8 0.5375 0.39833334 0.5229167 0.41666666 0.5385417 0.44666666 0.540625 0.45083332 0.54375 0.4525 0.5598958 0.43333334 0.5703125 0.42 0.57708335 0.41333333 0.5921875 0.39416668 0.615625 0.36 0.6265625 0.34666666 0.6322917 0.345 0.63697916 0.34416667 0.64479166 0.34583333 0.6625 0.38083333 0.67552084 0.41333333 0.6848958 0.43666667 0.7015625 0.4675 0.7140625 0.49083334 0.71979165 0.50333333 0.7421875 0.5341667 0.7427083 0.5258333 0.7416667 0.5133333 0.728125 0.49166667 0.7171875 0.46833333 0.69947916 0.43666667 0.6875 0.41666666 0.67552084 0.39416668 0.6609375 0.36833334 0.6546875 0.3325 0.65052086 0.3325 0.65208334 0.32333332 0.64635414 0.305 0.640625 0.29583332 0.6109375 0.32416666 0.58229166 0.3525 0.5630208 0.36916667
3 0.4046875 0.93916667 0.41145834 0.94666666 0.41927084 0.9483333 0.43177083 0.9483333 0.43958333 0.9608333 0.43958333 0.98 0.44270834 0.99 0.446875 1.0 0.47604167 1.0 0.5328125 1.0 0.596875 1.0 0.596875 0.9925 0.57447916 0.9425 0.5578125 0.905 0.5265625 0.8466667 0.51197916 0.8225 0.50677085 0.8208333 0.48072916 0.8408333 0.46822917 0.8491667 0.44635418 0.87166667 0.43229166 0.8666667 0.40885416 0.8875 0.40208334 0.8983333 0.39791667 0.91083336 0.39739582 0.9266667 0.4015625 0.93666667
8 0.5161458 0.1 0.509375 0.1 0.50625 0.10333333 0.47916666 0.1325 0.471875 0.14166667 0.47239584 0.15 0.46875 0.15 0.4609375 0.165 0.44635418 0.185 0.43645832 0.20083334 0.41979167 0.21333334 0.40416667 0.23083334 0.39739582 0.24166666 0.37239584 0.26333332 0.35416666 0.2825 0.35052082 0.29083332 0.34895834 0.30333334 0.34947917 0.31416667 0.353125 0.32333332 0.37239584 0.3575 0.384375 0.37083334 0.3953125 0.38166666 0.3984375 0.38916665 0.40104166 0.41083333 0.403125 0.43083334 0.40885416 0.44583333 0.4140625 0.4525 0.42135417 0.455 0.42864582 0.455 0.45885417 0.415 0.48333332 0.39083335 0.5104167 0.35583332 0.5208333 0.33833334 0.54791665 0.31666666 0.5473958 0.31083333 0.55104166 0.31333333 0.58177084 0.27916667 0.5864583 0.27083334 0.5885417 0.25833333 0.5875 0.24583334 0.55885416 0.18166667 0.534375 0.13083333 0.5203125 0.10166667
