19 0.140625 0.34833333 0.1125 0.47416666 0.19375 0.44583333 0.2328125 0.62666667 0.2671875 0.6483333 0.278125 0.6458333 0.28385416 0.63916665 0.28854167 0.62666667 0.32135418 0.4725 0.32604167 0.45416668 0.325 0.43833333 0.31822917 0.4275 0.30208334 0.41833332 0.25208333 0.42083332 0.21302083 0.425 0.21302083 0.39833334 0.21875 0.37083334 0.19114584 0.35583332 0.1859375 0.36083335 0.1859375 0.3525 0.15729167 0.33333334 0.15 0.33166668 0.14427084 0.33666667
1 0.16875 0.1 0.17239584 0.11333334 0.19375 0.15 0.19947916 0.17333333 0.21666667 0.33833334 0.21979167 0.3725 0.21354167 0.39416668 0.21302083 0.42666668 0.28802082 0.41833332 0.33072916 0.4125 0.32552084 0.38583332 0.315625 0.36333334 0.30833334 0.36083335 0.30520833 0.34083334 0.29322916 0.21833333 0.28645834 0.1125 0.29375 0.08833333 0.2890625 0.0775 0.23072916 0.08916666 0.21145834 0.0925 0.17916666 0.09583333
4 0.10104167 0.0175 0.079166666 0.035833333 0.063541666 0.0425 0.034895834 0.036666665 0.0 0.011666667 0.0 0.0 0.1125 0.0
3 0.43385416 0.1625 0.42708334 0.13083333 0.42135417 0.09583333 0.41458333 0.0775 0.4046875 0.0525 0.4078125 0.034166668 0.41302082 0.026666667 0.4234375 0.03 0.43489584 0.0375 0.4375 0.029166667 0.44427082 0.0 0.48645833 0.0 0.52552086 0.0625 0.5520833 0.1125 0.5708333 0.14083333 0.5697917 0.1575 0.5625 0.17 0.55677086 0.17416666 0.5375 0.16166666 0.5208333 0.16666667 0.5083333 0.18833333 0.48645833 0.21333334 0.46510416 0.23416667 0.45520833 0.23583333 0.446875 0.22333333 0.44322917 0.20833333 0.44635418 0.1875 0.43958333 0.175
15 0.36979166 0.265 0.35208333 0.52166665 0.34739584 0.53833336 0.3390625 0.5516667 0.33854166 0.56333333 0.33385417 0.56583333 0.3296875 0.5625 0.3265625 0.5491667 0.32447916 0.5316667 0.321875 0.49666667 0.32447916 0.46583334 0.3265625 0.45416668 0.3265625 0.43666667 0.33072916 0.41083333 0.33385417 0.32 0.34375 0.215 0.34739584 0.19083333 0.35208333 0.18583333 0.35260418 0.16916667 0.35729167 0.16 0.3640625 0.17166667 0.36822918 0.19 0.37291667 0.2 0.37447917 0.20916666 0.37395832 0.2175
18 0.3921875 0.9316667 0.39791667 0.945 0.41354167 0.9533333 0.4296875 0.95166665 0.4921875 0.93666667 0.51927084 0.92083335 0.5286458 0.90833336 0.52708334 0.87666667 0.5260417 0.835 0.5203125 0.80833334 0.5161458 0.775 0.509375 0.73583335 0.50989586 0.7191667 0.5104167 0.6983333 0.5104167 0.66833335 0.5109375 0.6383333 0.5046875 0.6141667 0.49583334 0.60333335 0.45885417 0.6041667 0.38489583 0.6175 0.37708333 0.62833333 0.3734375 0.63916665 0.37291667 0.6475 0.37291667 0.6575 0.37395832 0.67083335 0.37708333 0.69 0.37864584 0.7058333 0.37916666 0.72 0.3796875 0.74333334 0.38177082 0.76916665 0.38385418 0.7975 0.38645834 0.8433333 0.38854167 0.87416667 0.39166668 0.90833336
8 0.6557292 0.7183333 0.62916666 0.7441667 0.62916666 0.75333333 0.6244792 0.75166667 0.59583336 0.785 0.58958334 0.79583335 0.5885417 0.815 0.653125 0.9483333 0.6609375 0.94916666 0.671875 0.94916666 0.6802083 0.94 0.69739586 0.9166667 0.70416665 0.9075 0.7078125 0.91083336 0.753125 0.8575 0.7875 0.80583334 0.80833334 0.7925 0.6979167 0.7575 0.6921875 0.74666667 0.6890625 0.75416666 0.65208334 0.74
9 0.6796875 0.5883333 0.68854165 0.58 0.76666665 0.54583335 0.80677086 0.535 0.8911458 0.5575 0.903125 0.5675 0.89947915 0.5975 0.89635414 0.6666667 0.8958333 0.7391667 0.9 0.80333334 0.8984375 0.8233333 0.88645834 0.8225 0.80364585 0.7925 0.6984375 0.7583333 0.69114584 0.74583334 0.68854165 0.7575 0.653125 0.74083334 0.6578125 0.7025 0.67552084 0.63416666 0.68125 0.61333334 0.68072915 0.5991667
13 0.5671875 0.3 0.62916666 0.35583332 0.71458334 0.43083334 0.7328125 0.445 0.7453125 0.44666666 0.75416666 0.43833333 0.76666665 0.40583333 0.8078125 0.275 0.8125 0.25833333 0.81041664 0.2475 0.8046875 0.235 0.75364584 0.19083333 0.6723958 0.123333335 0.63697916 0.0925 0.62916666 0.09 0.61927086 0.09916667 0.5651042 0.25666666 0.5609375 0.27583334 0.56145835 0.29
18 0.81614584 0.17666666 0.8859375 0.16166666 0.896875 0.17 0.9046875 0.1825 0.9057292 0.20083334 0.91041666 0.30833334 0.9145833 0.35833332 0.91041666 0.3775 0.9 0.38583332 0.88854164 0.39083335 0.76927084 0.4025 0.8 0.3 0.81354165 0.26 0.809375 0.24416667 0.8041667 0.23416667 0.7583333 0.19333333
19 0.9838542 0.47416666 0.9557292 0.49333334 0.95 0.49166667 0.95104164 0.49916667 0.8880208 0.55583334 0.8078125 0.53583336 0.8 0.53583336 0.76354164 0.43583333 0.7640625 0.42 0.77447915 0.40083334 0.88958335 0.39083335 0.9109375 0.37916666 0.915625 0.35833332 0.9078125 0.27416667 0.9223958 0.27166668 0.93177086 0.285 0.95989585 0.36 0.98333335 0.42416668 0.990625 0.4475 0.9890625 0.46416667
2 0.09791667 0.48083332 0.0 0.5158333 0.0 0.82666665 0.008333334 0.8183333 0.159375 0.75666666 0.24375 0.72333336 0.24947916 0.7125 0.24166666 0.66333336 0.20625 0.50333333 0.19322917 0.44666666 0.1671875 0.45666668 0.121875 0.47333333
