18 0.31927082 0.15916666 0.31458333 0.22333333 0.31458333 0.24166666 0.31875 0.2475 0.32552084 0.25083333 0.32447916 0.255 0.31822917 0.2675 0.3078125 0.28 0.30260417 0.295 0.29791668 0.31166667 0.29791668 0.3225 0.29791668 0.33583334 0.30416667 0.34333333 0.33697918 0.35916665 0.3734375 0.37666667 0.43645832 0.40083334 0.4984375 0.42333335 0.5078125 0.41666666 0.5130208 0.4075 0.5239583 0.33416668 0.53802085 0.22916667 0.5385417 0.215 0.53020835 0.19833334 0.46354166 0.18166667 0.4234375 0.16916667 0.384375 0.15916666 0.34635416 0.1475 0.33229166 0.145 0.32604167 0.15
18 0.265625 0.3025 0.23020834 0.32833335 0.17239584 0.3675 0.15677084 0.37916666 0.15260416 0.385 0.14895834 0.405 0.15729167 0.43083334 0.17135416 0.46666667 0.17708333 0.48 0.18020834 0.47833332 0.1828125 0.48333332 0.1875 0.51 0.1890625 0.545 0.1921875 0.56333333 0.19739583 0.6166667 0.2078125 0.67583334 0.21145834 0.68333334 0.22083333 0.695 0.22760417 0.695 0.2484375 0.6875 0.25364584 0.6816667 0.25989583 0.67083335 0.26458332 0.6666667 0.29791668 0.6616667 0.34322917 0.64166665 0.34895834 0.625 0.35 0.6166667 0.33385417 0.5308333 0.32239583 0.5158333 0.31510416 0.5075 0.30625 0.4975 0.2953125 0.48916668 0.2765625 0.4725 0.26979166 0.45916668 0.26927084 0.4425 0.29791668 0.37583333 0.28125 0.30833334 0.27291667 0.305
18 0.19166666 0.62916666 0.16302083 0.6616667 0.13489583 0.68833333 0.13177083 0.7033333 0.13177083 0.71416664 0.15520833 0.76916665 0.2328125 0.94166666 0.25052083 0.9791667 0.26614583 0.98083335 0.36145833 0.875 0.31145832 0.885 0.27604166 0.8933333 0.271875 0.89 0.2671875 0.88 0.253125 0.68416667 0.24270834 0.68916667 0.228125 0.695 0.2203125 0.69416666 0.21041666 0.6825 0.20572917 0.665 0.1984375 0.6225
18 0.45989582 0.62916666 0.36770833 0.65 0.35520834 0.655 0.3265625 0.66083336 0.29739583 0.6625 0.2640625 0.66583335 0.259375 0.67083335 0.253125 0.6825 0.25625 0.72833335 0.26302084 0.8258333 0.2671875 0.8808333 0.27291667 0.8908333 0.27604166 0.8933333 0.37708333 0.87083334 0.46354166 0.8541667 0.478125 0.8525 0.48541668 0.8466667 0.49010417 0.8325 0.48541668 0.775 0.48333332 0.7391667 0.47552082 0.65416664 0.47395834 0.6458333 0.46666667 0.63416666
18 0.31041667 0.34666666 0.26979166 0.44083333 0.26927084 0.46 0.27760416 0.4725 0.2921875 0.48666668 0.30625 0.4975 0.3234375 0.515 0.3390625 0.5375 0.4046875 0.6175 0.42291668 0.6383333 0.45625 0.62916666 0.43697917 0.5233333 0.43489584 0.50166667 0.4390625 0.48666668 0.44479167 0.47833332 0.503125 0.45 0.47291666 0.41416666 0.3890625 0.38333333 0.3265625 0.35416666
18 0.5609375 0.43083334 0.55052084 0.42833334 0.5 0.45083332 0.44479167 0.47666666 0.43854168 0.48833334 0.43489584 0.50083333 0.43645832 0.5208333 0.45729166 0.62916666 0.4625 0.6308333 0.46822917 0.635 0.475 0.6458333 0.4796875 0.69416666 0.48385417 0.7475 0.48645833 0.7825 0.49322918 0.80833334 0.49895832 0.81666666 0.5072917 0.8208333 0.58385414 0.7775 0.6010417 0.77 0.6171875 0.7633333 0.6234375 0.75166667 0.6244792 0.735 0.61510414 0.68583333 0.6078125 0.6508333 0.60260415 0.6325 0.58125 0.495 0.57239586 0.445 0.56875 0.4375
18 0.6078125 0.05 0.59479165 0.050833333 0.5911458 0.05666667 0.55833334 0.11083333 0.528125 0.16666667 0.5130208 0.19333333 0.53125 0.19833334 0.53802085 0.21333334 0.53802085 0.23166667 0.5364583 0.24 0.515625 0.39083335 0.53229165 0.4175 0.5416667 0.43083334 0.55052084 0.42833334 0.56145835 0.43166667 0.56666666 0.43416667 0.5890625 0.3925 0.60625 0.36 0.61041665 0.31916666 0.6125 0.28333333 0.6119792 0.2125 0.6088542 0.1575 0.61354166 0.14833333 0.62083334 0.1425 0.66979164 0.145 0.65208334 0.11666667 0.6197917 0.068333335 0.6145833 0.058333334
18 0.725 0.14666666 0.66770834 0.145 0.62135416 0.1425 0.6140625 0.1475 0.6088542 0.15916666 0.6125 0.22083333 0.6125 0.2825 0.6109375 0.30916667 0.60572916 0.36333334 0.603125 0.46666667 0.6088542 0.47916666 0.61822915 0.49 0.6703125 0.49416667 0.65833336 0.40166667 0.65989584 0.38833332 0.6666667 0.37833333 0.68072915 0.37333333 0.7421875 0.35583332 0.74322915 0.31416667 0.74375 0.2425 0.74583334 0.225 0.7473958 0.20416667 0.74895835 0.17583333 0.7427083 0.15833333 0.73229164 0.14916667
18 0.7786458 0.34416667 0.7416667 0.35583332 0.6666667 0.3775 0.65989584 0.38833332 0.6588542 0.40333334 0.68177086 0.5825 0.6921875 0.6508333 0.6984375 0.70916665 0.70208335 0.7183333 0.71302086 0.7266667 0.7473958 0.7175 0.7729167 0.7025 0.821875 0.69166666 0.8307292 0.6791667 0.83229166 0.6616667 0.825 0.62166667 0.81666666 0.5883333 0.8125 0.5125 0.8072917 0.46583334 0.79375 0.37083334 0.790625 0.35416666 0.78697914 0.34833333
18 0.66770834 0.6175 0.65729165 0.625 0.653125 0.63166666 0.6380208 0.7075 0.61822915 0.81083333 0.6177083 0.81666666 0.625 0.83666664 0.63958335 0.84583336 0.72447914 0.885 0.77135414 0.9066667 0.7921875 0.92 0.8130208 0.93083334 0.821875 0.92583334 0.8265625 0.91583335 0.85833335 0.7658333 0.86354166 0.7366667 0.8588542 0.7216667 0.85625 0.715 0.8109375 0.695 0.7729167 0.7025 0.74791664 0.7175 0.7135417 0.7266667 0.70208335 0.7191667 0.6984375 0.7083333 0.69166666 0.645 0.6880208 0.63 0.67552084 0.62166667
18 0.91822916 0.16083333 0.8130208 0.16833334 0.80260414 0.17083333 0.7973958 0.17416666 0.79114586 0.18916667 0.79010415 0.2075 0.7963542 0.31333333 0.796875 0.33666667 0.7953125 0.3775 0.80677086 0.46333334 0.81145835 0.50916666 0.8125 0.5158333 0.8229167 0.5175 0.88854164 0.51166666 0.9265625 0.5058333 0.9348958 0.49583334 0.93958336 0.48 0.93645835 0.3675 0.9302083 0.35166666 0.9328125 0.32833335 0.934375 0.29583332 0.93333334 0.18416667 0.9291667 0.17
18 0.27552083 0.059166666 0.24635416 0.064166665 0.2328125 0.07416666 0.21666667 0.075833336 0.19583334 0.083333336 0.16458334 0.08833333 0.14739583 0.094166666 0.1234375 0.1 0.078125 0.10916667 0.072916664 0.11666667 0.06822917 0.1275 0.06666667 0.13666667 0.067708336 0.14666666 0.07447917 0.19083333 0.075520836 0.21416667 0.084375 0.24416667 0.0859375 0.26916668 0.09427083 0.325 0.10572917 0.33833334 0.1140625 0.33833334 0.20104167 0.30916667 0.24427083 0.2925 0.2703125 0.28583333 0.30364582 0.2775 0.31145832 0.26416665 0.3140625 0.25333333 0.30729166 0.20833333 0.2953125 0.08916666 0.2921875 0.075 0.284375 0.06333333
