2 0.6380208 0.15333334 0.63854164 0.15083334 0.6375 0.14833333 0.6484375 0.13416667 0.6609375 0.12 0.66197914 0.12 0.6791667 0.15166667 0.7015625 0.19583334 0.73333335 0.27083334 0.75364584 0.31 0.7640625 0.32916668 0.7640625 0.3325 0.7515625 0.35166666 0.7416667 0.36583334 0.73854166 0.36666667 0.73802084 0.36833334 0.73802084 0.3725 0.72291666 0.38666666 0.709375 0.39833334 0.6947917 0.41583332 0.684375 0.4275 0.68177086 0.43416667 0.6635417 0.46333334 0.6322917 0.50416666 0.62395835 0.5183333 0.5854167 0.47583333 0.5385417 0.42833334 0.51458335 0.40416667 0.50104165 0.37333333 0.48385417 0.34166667 0.48385417 0.3375 0.51875 0.2925 0.60364586 0.18916667 0.63072914 0.15583333 0.6333333 0.15166667 0.634375 0.15166667 0.63645834 0.15333334
2 0.48697916 0.37416667 0.50625 0.39333335 0.51458335 0.405 0.5734375 0.46416667 0.590625 0.48166665 0.6171875 0.5108333 0.63125 0.5258333 0.63385415 0.53 0.6302083 0.5375 0.615625 0.5725 0.6145833 0.5725 0.6119792 0.5733333 0.61354166 0.57666665 0.60364586 0.6016667 0.59583336 0.61833334 0.5828125 0.65416664 0.5703125 0.6875 0.55260414 0.73333335 0.52135414 0.81166667 0.51875 0.81916666 0.4796875 0.8183333 0.42395833 0.75916666 0.3765625 0.7133333 0.36458334 0.70166665 0.35833332 0.69166666 0.36770833 0.67 0.38854167 0.61833334 0.41875 0.5466667 0.43802083 0.49333334 0.453125 0.4575 0.46666667 0.42333335 0.4703125 0.4225 0.47135416 0.4225 0.4703125 0.42 0.4703125 0.41666666 0.48385417 0.38
2 0.30729166 0.13833334 0.32083333 0.1325 0.3515625 0.115 0.37135416 0.108333334 0.37552083 0.10666667 0.38697916 0.108333334 0.39270833 0.12833333 0.40208334 0.17666666 0.4234375 0.29 0.42760417 0.32 0.43489584 0.3525 0.44166666 0.38333333 0.44322917 0.39416668 0.44270834 0.3975 0.44114584 0.39916667 0.44375 0.40166667 0.44479167 0.4025 0.45364583 0.45333335 0.45260417 0.4575 0.44791666 0.46083334 0.41510418 0.47583333 0.3859375 0.4875 0.359375 0.50166667 0.30625 0.5258333 0.29114583 0.53333336 0.28489584 0.53583336 0.28072917 0.5175 0.27447918 0.47916666 0.27708334 0.47666666 0.27552083 0.47166666 0.27239582 0.47166666 0.25260416 0.3625 0.24895833 0.34083334 0.23333333 0.25416666 0.225 0.20916666 0.2203125 0.18 0.25416666 0.16083333 0.27239582 0.1575 0.28854167 0.15 0.29791668 0.14666666 0.30260417 0.14166667
2 0.42291668 0.8066667 0.47135416 0.8175 0.48125 0.8183333 0.51927084 0.82 0.553125 0.8208333 0.5807292 0.8225 0.5875 0.8225 0.58802086 0.82666665 0.5859375 0.835 0.5875 0.84166664 0.5890625 0.8475 0.58802086 0.87 0.5875 0.93416667 0.5854167 0.98333335 0.584375 1.0 0.409375 1.0 0.41354167 0.91083336 0.41822916 0.84166664 0.42083332 0.815
2 0.0 0.47416666 0.038541667 0.475 0.040625 0.47833332 0.046875 0.47833332 0.16979167 0.48583335 0.22552083 0.49416667 0.24427083 0.49583334 0.24270834 0.6 0.2359375 0.69416666 0.2328125 0.7633333 0.23229167 0.7825 0.1328125 0.7733333 0.0234375 0.7683333 0.0 0.7725
2 0.0640625 0.775 0.078125 0.7775 0.09375 0.78 0.15625 0.785 0.24739583 0.79833335 0.24739583 0.80583334 0.26927084 0.8066667 0.30364582 0.81333333 0.3125 0.81333333 0.3 0.9941667 0.3 1.0 0.0359375 1.0 0.0421875 0.94916666 0.056770835 0.85 0.059895832 0.82166666 0.061979167 0.8
2 0.2546875 0.43083334 0.26458332 0.43083334 0.271875 0.47083333 0.275 0.4725 0.2765625 0.47666666 0.275 0.47916666 0.27604166 0.48916668 0.28177083 0.5233333 0.28489584 0.5366667 0.31822917 0.52 0.36145833 0.5 0.38854167 0.4875 0.40885416 0.47833332 0.43385416 0.4675 0.4328125 0.49 0.42916667 0.4925 0.43020833 0.49416667 0.4328125 0.4975 0.43177083 0.5108333 0.4171875 0.54833335 0.39375 0.60583335 0.37083334 0.6616667 0.35833332 0.6925 0.36302084 0.7 0.37760416 0.71416664 0.39427084 0.73 0.38229167 0.77166665 0.371875 0.81666666 0.32395834 0.81416667 0.31302083 0.81416667 0.30416667 0.81333333 0.2859375 0.81 0.265625 0.8066667 0.246875 0.805 0.24739583 0.7991667 0.24791667 0.7625 0.25104168 0.6766667 0.2546875 0.57166666 0.25625 0.54 0.2546875 0.49083334 0.25677082 0.49083334 0.25729167 0.4875 0.2546875 0.48333332 0.2546875 0.47416666
2 0.32552084 0.99916667 0.371875 0.81416667 0.3890625 0.7475 0.39322916 0.73 0.43802083 0.77416664 0.47604167 0.815 0.47864583 0.8183333 0.4640625 0.81583333 0.4234375 0.8066667 0.42291668 0.805 0.4203125 0.81333333 0.4125 0.925 0.40885416 1.0 0.35625 1.0
2 0.5317708 0.7866667 0.5640625 0.81083333 0.5609375 0.8208333 0.54270834 0.82 0.51875 0.82 0.51875 0.81916666 0.52552086 0.80083334 0.53020835 0.78833336
2 0.67083335 0.0 0.696875 0.03 0.7015625 0.036666665 0.7234375 0.0
