14 0.40260416 0.47166666 0.40260416 0.48 0.4046875 0.49166667 0.40625 0.5058333 0.41458333 0.54583335 0.41979167 0.575 0.46041667 0.555 0.47552082 0.5475 0.46770832 0.51916665 0.46145833 0.5283333 0.45572916 0.5375 0.44947916 0.54583335 0.44375 0.5375 0.43854168 0.51916665 0.4375 0.51416665 0.434375 0.4975 0.4328125 0.49333334 0.42395833 0.48416665 0.41979167 0.49 0.41510418 0.49333334 0.4140625 0.48333332 0.409375 0.47666666 0.4046875 0.47333333
14 0.50104165 0.47 0.5083333 0.5325 0.47552082 0.5475 0.47239584 0.5366667 0.47291666 0.5325 0.47083333 0.51666665 0.46770832 0.5175 0.48177084 0.49416667 0.49270833 0.47583333 0.49427083 0.47166666 0.49791667 0.47083333
14 0.5229167 0.39 0.5416667 0.36833334 0.5515625 0.35916665 0.5541667 0.35833332 0.55572915 0.36666667 0.5541667 0.42833334 0.56354165 0.51166666 0.5697917 0.58666664 0.56666666 0.57166666 0.5552083 0.53833336 0.5484375 0.51166666 0.5359375 0.5158333 0.5203125 0.5275 0.509375 0.53333336 0.50104165 0.47083333 0.49739584 0.42583334 0.49375 0.3925 0.48854166 0.39 0.49270833 0.385 0.49375 0.37666667 0.496875 0.3775 0.5 0.38166666 0.50364584 0.405 0.50885415 0.4 0.5161458 0.39416668
14 0.32760417 0.59833336 0.33229166 0.60083336 0.3421875 0.6025 0.35 0.61833334 0.3859375 0.5908333 0.42135417 0.57416666 0.48072916 0.545 0.5083333 0.5325 0.50989586 0.5325 0.5161458 0.52916664 0.52552086 0.52416664 0.53333336 0.5183333 0.53697914 0.5158333 0.5484375 0.51166666 0.553125 0.5316667 0.56354165 0.56333333 0.56875 0.58166665 0.5734375 0.6016667 0.57447916 0.6066667 0.5729167 0.61333334 0.5671875 0.61583334 0.5625 0.6166667 0.55677086 0.60333335 0.5473958 0.61 0.4859375 0.63916665 0.43385416 0.6625 0.39947918 0.6816667 0.375 0.69416666 0.365625 0.7033333 0.3546875 0.71 0.34895834 0.6816667 0.340625 0.6558333 0.33541667 0.64166665 0.328125 0.6091667 0.32760417 0.6016667
14 0.45677084 0.80333334 0.4671875 0.8025 0.49947917 0.7925 0.5239583 0.785 0.5328125 0.7808333 0.52916664 0.77 0.5265625 0.77166665 0.521875 0.75416666 0.51666665 0.74083334 0.5140625 0.72583336 0.49322918 0.63416666 0.4734375 0.64416665 0.45208332 0.65416664 0.4390625 0.66083336 0.4515625 0.72333336 0.45885417 0.76416665 0.46197918 0.7808333 0.46354166 0.785 0.45989582 0.79083335 0.45729166 0.79583335 0.45729166 0.7991667
14 0.20885417 0.68 0.21927084 0.68 0.23229167 0.6933333 0.31666666 0.6666667 0.340625 0.66083336 0.34270832 0.6625 0.35 0.68333334 0.3546875 0.71 0.36354166 0.705 0.371875 0.6983333 0.37604168 0.6933333 0.4171875 0.6716667 0.43854168 0.66083336 0.44270834 0.68 0.44270834 0.7 0.44375 0.7266667 0.44166666 0.73 0.43385416 0.73083335 0.428125 0.7175 0.4234375 0.72 0.4078125 0.72 0.371875 0.73333335 0.28229168 0.7625 0.24635416 0.7775 0.234375 0.7875 0.22916667 0.79333335 0.2265625 0.8 0.22239584 0.77666664 0.21927084 0.745 0.21666667 0.73 0.2140625 0.71 0.21302083 0.6983333 0.20989583 0.685
14 0.51770836 0.72833335 0.5286458 0.73 0.54270834 0.7266667 0.57708335 0.705 0.58697915 0.6975 0.5911458 0.6925 0.58958334 0.68666667 0.58177084 0.6775 0.57708335 0.6725 0.5729167 0.6125 0.5671875 0.61583334 0.5625 0.6166667 0.55677086 0.60333335 0.54322916 0.6116667 0.5140625 0.62583333 0.521875 0.69666666 0.5203125 0.7133333 0.51875 0.7216667 0.51770836 0.7241667
14 0.60052085 0.46333334 0.64947915 0.40833333 0.659375 0.4025 0.6645833 0.40666667 0.6713542 0.42333335 0.67291665 0.43666667 0.67083335 0.45 0.69166666 0.5083333 0.765625 0.6825 0.77760416 0.69666666 0.784375 0.70666665 0.79114586 0.70916665 0.7916667 0.71416664 0.74322915 0.7658333 0.72760415 0.7816667 0.72447914 0.76916665 0.7265625 0.7675 0.72760415 0.7416667 0.72239584 0.7375 0.6421875 0.5425 0.63385415 0.5233333 0.62864584 0.5125 0.6255208 0.50416666 0.61354166 0.49666667 0.60572916 0.48916668 0.59947914 0.46833333
14 0.6921875 0.39833334 0.703125 0.505 0.7026042 0.5083333 0.6921875 0.5083333 0.6734375 0.455 0.67083335 0.44833332 0.67291665 0.43583333 0.671875 0.42333335 0.6666667 0.41 0.6635417 0.40416667 0.6666667 0.40083334
14 0.5572917 0.44833332 0.6244792 0.42583334 0.63697916 0.42166665 0.6276042 0.43333334 0.6125 0.44833332 0.6078125 0.45333335 0.59947914 0.46583334 0.59947914 0.4675 0.6046875 0.48583335 0.6067708 0.48916668 0.61041665 0.495 0.6177083 0.5 0.6265625 0.505 0.6276042 0.5108333 0.628125 0.5133333 0.59479165 0.52666664 0.565625 0.5341667 0.55833334 0.465 0.55625 0.45
14 0.63645834 0.5308333 0.60729164 0.5966667 0.59791666 0.62916666 0.6010417 0.635 0.6098958 0.64166665 0.6255208 0.6383333 0.6880208 0.71166664 0.7265625 0.755 0.7265625 0.74916667 0.72760415 0.7416667 0.721875 0.7366667 0.67291665 0.6166667 0.63958335 0.5366667 0.6375 0.5325
14 0.82604164 0.7325 0.78697914 0.815 0.78125 0.82916665 0.775 0.8233333 0.77760416 0.81083333 0.7760417 0.80083334 0.7682292 0.79583335 0.740625 0.76916665 0.77135414 0.73583335 0.790625 0.715 0.7916667 0.7133333 0.7953125 0.715 0.80625 0.72833335 0.81041664 0.72333336 0.81458336 0.7175 0.821875 0.7275 0.82447916 0.72833335
14 0.8677083 0.35666665 0.9135417 0.43333334 0.91979164 0.445 0.91770834 0.45083332 0.9125 0.45083332 0.9057292 0.45583335 0.81145835 0.6275 0.7859375 0.67333335 0.78541666 0.68083334 0.7838542 0.6933333 0.7828125 0.7 0.7875 0.705 0.7864583 0.7083333 0.78333336 0.70416665 0.7734375 0.69083333 0.7651042 0.6816667 0.7390625 0.61833334 0.73802084 0.6166667 0.7526042 0.5975 0.7942708 0.52 0.80364585 0.50416666 0.81458336 0.51166666 0.81822914 0.5 0.8130208 0.49583334 0.81354165 0.48916668 0.82135415 0.47083333 0.85 0.41833332 0.85520834 0.39166668 0.859375 0.3725 0.86510414 0.36416668
14 0.8453125 0.14916667 0.86510414 0.17833333 0.8765625 0.19333333 0.88958335 0.21833333 0.8958333 0.23333333 0.89166665 0.23833333 0.8854167 0.24416667 0.8765625 0.25916666 0.846875 0.36 0.8276042 0.42166665 0.8151042 0.46666667 0.8125 0.485 0.8125 0.49333334 0.8125 0.495 0.8177083 0.49916667 0.81614584 0.50666666 0.8140625 0.51166666 0.8041667 0.505 0.7609375 0.45583335 0.7546875 0.44166666 0.7708333 0.4 0.8203125 0.24666667 0.8296875 0.21666667 0.8333333 0.18333334 0.8385417 0.16416667 0.8421875 0.15666667
14 0.6869792 0.12416667 0.7026042 0.11416667 0.73125 0.0925 0.75 0.071666665 0.7609375 0.08916666 0.7609375 0.115 0.76458335 0.13583334 0.79375 0.255 0.8046875 0.29166666 0.7921875 0.3325 0.77708334 0.38083333 0.77239585 0.39333335 0.7203125 0.21166667 0.70989585 0.16916667 0.69947916 0.15416667 0.6921875 0.1475 0.6859375 0.13
14 0.59791666 0.19583334 0.61354166 0.21583334 0.6234375 0.24166666 0.62916666 0.255 0.6671875 0.28916666 0.68541664 0.31083333 0.6177083 0.32 0.5885417 0.32166666 0.5786458 0.31166667 0.56822914 0.31083333 0.5541667 0.29 0.59166664 0.20666666 0.59479165 0.19916667
14 0.721875 0.34666666 0.75416666 0.3825 0.76197916 0.39583334 0.7703125 0.39916667 0.76145834 0.425 0.7546875 0.44 0.75625 0.44583333 0.7609375 0.455 0.7734375 0.46833333 0.7739583 0.47083333 0.76770836 0.49083334 0.759375 0.5133333 0.74791664 0.5025 0.7453125 0.50166667 0.7369792 0.4725 0.709375 0.4475 0.6958333 0.43333334 0.6921875 0.39833334 0.709375 0.39583334 0.71458334 0.39583334 0.7213542 0.41583332 0.7239583 0.4125 0.721875 0.36666667 0.72083336 0.35583332
14 0.5072917 0.32916668 0.55677086 0.32583332 0.5890625 0.32166666 0.6177083 0.32 0.6635417 0.3125 0.67864585 0.31083333 0.6848958 0.31083333 0.7005208 0.31083333 0.7192708 0.2925 0.7270833 0.29416665 0.7328125 0.29833335 0.7213542 0.3325 0.7213542 0.34333333 0.7213542 0.35083333 0.7203125 0.355 0.7234375 0.405 0.7234375 0.41333333 0.71979165 0.4175 0.71770835 0.40333334 0.7140625 0.3975 0.70677084 0.39583334 0.68645835 0.39916667 0.6645833 0.40083334 0.66041666 0.4025 0.65416664 0.4025 0.55364585 0.415 0.55572915 0.37583333 0.55572915 0.36333334 0.55364585 0.35833332 0.54010415 0.36916667 0.5239583 0.38833332 0.509375 0.39916667 0.503125 0.4025 0.5015625 0.39416668 0.5026042 0.38833332 0.50625 0.37333333 0.50677085 0.35583332 0.50364584 0.35416666 0.49479166 0.35916665 0.49583334 0.3475 0.50104165 0.3375 0.50364584 0.33333334
14 0.27604166 0.2725 0.3265625 0.20083334 0.33177084 0.1925 0.34375 0.21166667 0.3453125 0.21666667 0.3453125 0.22916667 0.3484375 0.2425 0.43958333 0.38166666 0.47239584 0.42666668 0.48333332 0.44583333 0.4921875 0.43666667 0.49635416 0.44833332 0.49739584 0.45833334 0.49322918 0.47416666 0.45989582 0.5316667 0.44947916 0.54583335 0.44375 0.53833336 0.43802083 0.5175 0.434375 0.49666667 0.41875 0.4775 0.32760417 0.33916667 0.309375 0.31333333 0.2953125 0.29833335 0.28645834 0.29166666 0.27604166 0.2725
