14 0.69114584 0.1225 0.61927086 0.125 0.621875 0.14333333 0.62916666 0.16083333 0.6265625 0.255 0.68125 0.265 0.68333334 0.15 0.6947917 0.1375 0.6947917 0.12583333
14 0.6770833 0.35166666 0.67604166 0.43666667 0.68333334 0.4675 0.68385416 0.47916666 0.66875 0.48083332 0.63697916 0.46916667 0.61927086 0.45833334 0.61875 0.44833332 0.621875 0.43666667 0.625 0.3425
14 0.71510416 0.55833334 0.7234375 0.56166667 0.72083336 0.5708333 0.60260415 0.64166665 0.5609375 0.67 0.5359375 0.67333335 0.53333336 0.6716667 0.515625 0.68416667 0.5453125 0.7841667 0.5609375 0.7775 0.57239586 0.75333333 0.66510415 0.69916666 0.7447917 0.6558333 0.7604167 0.65416664 0.7348958 0.56583333 0.72552085 0.5491667
14 0.609375 0.45 0.5796875 0.48083332 0.5578125 0.50666666 0.553125 0.52666664 0.55885416 0.53833336 0.5734375 0.5375 0.61510414 0.6333333 0.66822916 0.6025 0.621875 0.50083333 0.621875 0.48833334 0.6140625 0.46083334
14 0.7369792 0.7291667 0.7296875 0.72083336 0.70416665 0.67833334 0.64739585 0.71 0.66770834 0.75166667 0.67552084 0.7975 0.6901042 0.81416667 0.69166666 0.7991667 0.7359375 0.74916667 0.7416667 0.7425
14 0.3234375 0.47083333 0.3109375 0.46166667 0.3046875 0.4925 0.30364582 0.56166667 0.30052084 0.5858333 0.315625 0.5875 0.32239583 0.5708333 0.37604168 0.5366667 0.484375 0.4725 0.5052083 0.46416667 0.5161458 0.46666667 0.49375 0.36083335 0.47552082 0.38833332 0.3265625 0.47333333
14 0.34010416 0.415 0.29895833 0.41583332 0.2640625 0.43333334 0.26822916 0.45666668 0.28072917 0.46666667 0.29947916 0.5858333 0.30364582 0.55833334 0.30520833 0.48916668 0.31041667 0.46083334 0.32604167 0.4725 0.3375 0.46666667 0.33645833 0.44416666 0.34322917 0.42166665
14 0.31302083 0.6575 0.29947916 0.58666664 0.315625 0.5875 0.32239583 0.5708333 0.35677084 0.5491667 0.38489583 0.7191667 0.3953125 0.73833334 0.40104166 0.76 0.35260418 0.7708333 0.32552084 0.7816667 0.32239583 0.76666665 0.33072916 0.75333333
14 0.4171875 0.5133333 0.45572916 0.7441667 0.45989582 0.7425 0.46510416 0.75666666 0.43125 0.7991667 0.40572917 0.81333333 0.3984375 0.81166667 0.39479166 0.79583335 0.39895833 0.7658333 0.40052083 0.7608333 0.396875 0.7375 0.39322916 0.6933333 0.36875 0.56583333 0.36666667 0.5425
14 0.796875 0.26666668 0.784375 0.28 0.6119792 0.25416666 0.60729164 0.23416667 0.5875 0.2375 0.5885417 0.3575 0.60833335 0.35583332 0.6244792 0.3425 0.7817708 0.36666667 0.7942708 0.37916666 0.80104166 0.27166668
