14 0.28958333 0.23666666 0.26302084 0.215 0.25677082 0.20083334 0.2484375 0.18833333 0.23541667 0.1775 0.2 0.28833333 0.21041666 0.29666665 0.23958333 0.30666667 0.2734375 0.3325 0.290625 0.25666666 0.2890625 0.245
14 0.303125 0.20583333 0.29270834 0.2175 0.2890625 0.23416667 0.2890625 0.24416667 0.29010418 0.2575 0.26927084 0.3475 0.22552083 0.50916666 0.22135417 0.5225 0.21510416 0.5258333 0.20833333 0.53833336 0.20625 0.54583335 0.20833333 0.55333334 0.23541667 0.57916665 0.24583334 0.58666664 0.26614583 0.615 0.27708334 0.59166664 0.27604166 0.5758333 0.27916667 0.5566667 0.346875 0.3075 0.35104167 0.30083334 0.36041668 0.29416665 0.36041668 0.285 0.36302084 0.27083334 0.309375 0.215
14 0.35625 0.26166666 0.39479166 0.2325 0.40572917 0.22666667 0.40989584 0.27666667 0.43645832 0.34583333 0.43489584 0.35166666 0.35989583 0.29583332 0.36041668 0.285 0.36302084 0.27 0.35729167 0.26416665
14 0.32916668 0.37583333 0.38541666 0.41583332 0.39270833 0.42 0.39739582 0.425 0.4046875 0.44416666 0.41354167 0.4575 0.4203125 0.46 0.43333334 0.42833334 0.44791666 0.365 0.4484375 0.34666666 0.44427082 0.34 0.43958333 0.3425 0.4359375 0.34583333 0.434375 0.35083333 0.36041668 0.295 0.35208333 0.3 0.346875 0.30583334 0.32916668 0.37166667
14 0.45364583 0.35833332 0.4484375 0.3525 0.4484375 0.34666666 0.44427082 0.34 0.4390625 0.34333333 0.43645832 0.34583333 0.4265625 0.31833333 0.45104167 0.28333333 0.45677084 0.2875 0.459375 0.3175 0.45520833 0.34666666
14 0.4515625 0.2625 0.45104167 0.2725 0.45104167 0.2825 0.4515625 0.28333333 0.45677084 0.2875 0.45989582 0.3175 0.453125 0.365 0.42552084 0.57166666 0.42395833 0.58416665 0.41614583 0.6125 0.41145834 0.62083334 0.409375 0.6275 0.4109375 0.63 0.45104167 0.64666665 0.47291666 0.6533333 0.48489583 0.6558333 0.4859375 0.6525 0.48802084 0.6325 0.47916666 0.6116667 0.48854166 0.50666666 0.50885415 0.34666666 0.51458335 0.325 0.52552086 0.29666665 0.52760416 0.28666666 0.52447915 0.2825 0.5161458 0.275 0.50989586 0.27083334 0.49739584 0.26583335 0.46145833 0.26083332 0.45520833 0.26166666
14 0.46614584 0.25833333 0.48072916 0.24083333 0.49010417 0.25333333 0.49635416 0.26583335 0.4765625 0.2625 0.4640625 0.26083332
14 0.52916664 0.48583335 0.49895832 0.43 0.50885415 0.34583333 0.51458335 0.325 0.60260415 0.47916666 0.5921875 0.47333333 0.5890625 0.4675 0.57447916 0.46416667 0.5671875 0.50166667 0.5630208 0.4775 0.53125 0.48666668
14 0.5317708 0.48833334 0.4890625 0.50166667 0.48802084 0.5075 0.49114582 0.53 0.49583334 0.5416667 0.50208336 0.55 0.51875 0.71166664 0.5359375 0.8516667 0.5307292 0.8691667 0.5286458 0.88 0.5328125 0.8858333 0.6098958 0.87166667 0.60729164 0.8491667 0.6010417 0.83166665 0.59583336 0.82 0.59010416 0.81416667 0.56354165 0.5575 0.5625 0.5491667 0.5609375 0.53 0.56614584 0.505 0.5671875 0.5 0.5630208 0.47833332
14 0.5921875 0.15916666 0.55 0.19166666 0.5234375 0.21 0.53125 0.2375 0.5416667 0.25 0.5807292 0.34666666 0.63072914 0.48583335 0.6322917 0.495 0.68385416 0.5158333 0.70104164 0.49583334 0.69947916 0.47666666 0.6875 0.46416667 0.653125 0.3775 0.6390625 0.32916668 0.59947914 0.2075 0.5963542 0.18333334 0.59270835 0.16833334
14 0.57239586 0.6375 0.57447916 0.63166666 0.5890625 0.60333335 0.590625 0.5875 0.5890625 0.58 0.58020836 0.58166665 0.57708335 0.5775 0.571875 0.56916666 0.5640625 0.56416667
14 0.58385414 0.5758333 0.59583336 0.5733333 0.6140625 0.58 0.59375 0.62166667 0.5859375 0.61083335 0.5885417 0.60333335 0.59010416 0.5875 0.5890625 0.58 0.5807292 0.5808333
14 0.575 0.465 0.5630208 0.5308333 0.5625 0.54083335 0.5677083 0.54833335 0.57239586 0.565 0.575 0.5708333 0.58177084 0.57666665 0.584375 0.575 0.59583336 0.5733333 0.6197917 0.58166665 0.7395833 0.62 0.7807292 0.6375 0.80364585 0.6458333 0.80572915 0.635 0.8046875 0.6308333 0.7984375 0.62916666 0.80625 0.57166666 0.8119792 0.5258333 0.80364585 0.53333336 0.796875 0.5341667 0.7828125 0.5391667 0.7338542 0.5283333 0.68333334 0.515 0.6265625 0.49333334 0.62135416 0.4925 0.61875 0.49 0.6020833 0.47833332 0.5921875 0.4725 0.5890625 0.46666667 0.5755208 0.46416667
14 0.7786458 0.45666668 0.72447914 0.5258333 0.759375 0.5341667 0.77552086 0.465
14 0.77760416 0.41166666 0.78125 0.4075 0.81822914 0.4325 0.84947914 0.45416668 0.8484375 0.46333334 0.84010416 0.47083333 0.83489585 0.475 0.8072917 0.5675 0.8119792 0.52666664 0.803125 0.53333336 0.796875 0.5341667 0.7828125 0.5391667 0.75885415 0.53333336 0.77552086 0.46666667 0.7786458 0.45666668 0.78489584 0.42416668 0.78020835 0.41583332
14 0.803125 0.42 0.8375 0.375 0.84479165 0.35083333 0.846875 0.34083334 0.84947914 0.34 0.85729164 0.3575 0.86614585 0.37083334 0.8671875 0.375 0.8854167 0.39833334 0.89375 0.40583333 0.8989583 0.41333333 0.9 0.41666666 0.88125 0.43 0.85572916 0.46833333 0.8255208 0.5075 0.834375 0.475 0.84791666 0.46416667 0.84947914 0.45416668 0.8015625 0.42083332
14 0.7213542 0.645 0.7078125 0.61 0.6302083 0.585 0.6875 0.7291667 0.70104164 0.6925 0.7140625 0.6741667 0.71979165 0.6525
14 0.7296875 0.6175 0.7213542 0.645 0.71458334 0.67333335 0.70104164 0.69166666 0.6875 0.73 0.68541664 0.7391667 0.684375 0.74666667 0.728125 0.7783333 0.75 0.7925 0.7546875 0.7925 0.7578125 0.77916664 0.75989586 0.7425 0.77135414 0.69083333 0.7859375 0.64 0.73802084 0.62
14 0.70208335 0.7608333 0.7213542 0.80833334 0.7234375 0.81333333 0.73229164 0.855 0.74427086 0.87583333 0.7984375 0.805 0.78802085 0.78333336 0.78125 0.7808333 0.76979166 0.76416665 0.7604167 0.74 0.75989586 0.7441667 0.7578125 0.7808333 0.7546875 0.7916667 0.7494792 0.7925 0.7104167 0.7658333
14 0.52708334 0.93416667 0.50104165 0.92083335 0.47135416 0.905 0.45833334 0.895 0.4609375 0.8833333 0.46458334 0.88166666 0.478125 0.85083336 0.50208336 0.70916665 0.5125 0.65166664 0.53333336 0.83166665 0.534375 0.8491667 0.5317708 0.86583334 0.5286458 0.87916666 0.525 0.8958333 0.52552086 0.91083336 0.52708334 0.92 0.53229165 0.92333335 0.5296875 0.9291667
14 0.37604168 0.8 0.3671875 0.81083333 0.36770833 0.8183333 0.36927083 0.82166666 0.40052083 0.815 0.44270834 0.8075 0.44375 0.80333334 0.44270834 0.7891667 0.43854168 0.78833336 0.43645832 0.7841667 0.43177083 0.775 0.43072918 0.75333333 0.41927084 0.6333333 0.41041666 0.63 0.409375 0.62666667 0.41197917 0.62 0.41666666 0.6116667 0.41041666 0.485 0.41458333 0.46166667 0.41458333 0.45833334 0.4046875 0.44416666 0.38854167 0.445 0.36354166 0.45083332 0.3453125 0.45583335 0.33697918 0.46 0.3390625 0.48 0.34270832 0.49333334 0.34791666 0.50166667 0.35625 0.5683333 0.36145833 0.6375 0.3625 0.66083336 0.37291667 0.77916664
14 0.17395833 0.7191667 0.165625 0.7083333 0.15677084 0.71666664 0.16458334 0.73583335 0.18541667 0.78833336 0.18385416 0.79833335 0.18333334 0.8041667 0.18489583 0.8066667 0.19791667 0.79833335 0.29270834 0.7 0.34114584 0.65166664 0.346875 0.64166665 0.35416666 0.65166664 0.3609375 0.6525 0.36041668 0.6383333 0.32708332 0.535 0.31666666 0.5466667 0.31510416 0.5541667 0.30520833 0.5733333 0.26302084 0.6191667 0.18541667 0.7058333 0.17604166 0.71666664
14 0.29270834 0.5858333 0.2875 0.58416665 0.28385416 0.58666664 0.28072917 0.58666664 0.2765625 0.60333335 0.29322916 0.5858333
14 0.34375 0.58416665 0.35729167 0.58666664 0.35625 0.595 0.35416666 0.6175 0.34583333 0.5933333
14 0.28125 0.7133333 0.26979166 0.8641667 0.2671875 0.88916665 0.26145834 0.9125 0.25885418 0.92583334 0.25833333 0.94083333 0.2625 0.94416666 0.2796875 0.93666667 0.29479167 0.93 0.30416667 0.92333335 0.30729166 0.92333335 0.3109375 0.93083334 0.31302083 0.9425 0.3171875 0.94666666 0.31979167 0.9433333 0.32604167 0.8625 0.34010416 0.7108333 0.346875 0.6425 0.34010416 0.6525 0.28125 0.7108333
14 0.2078125 0.2975 0.11875 0.36 0.10625 0.36083335 0.09791667 0.36166668 0.09322917 0.3625 0.0921875 0.365 0.092708334 0.37083334 0.09583333 0.36833334 0.1125 0.43333334 0.11354167 0.44583333 0.111979164 0.46416667 0.11302083 0.47416666 0.1265625 0.47166666 0.13229166 0.46833333 0.1421875 0.44416666 0.16145833 0.42916667 0.26875 0.3475 0.27291667 0.3325 0.23958333 0.30666667 0.21614583 0.3 0.2125 0.29833335
