14 0.46197918 0.28833333 0.47552082 0.305 0.47916666 0.30916667 0.48697916 0.30916667 0.49895832 0.32083333 0.5151042 0.35333332 0.60833335 0.53583336 0.6145833 0.5541667 0.61302084 0.585 0.60520834 0.5941667 0.5942708 0.5941667 0.57604164 0.56333333 0.528125 0.47416666 0.47552082 0.36583334 0.4703125 0.34083334 0.47291666 0.31583333 0.47083333 0.30666667
14 0.58958334 0.49583334 0.6203125 0.4425 0.62135416 0.43 0.63072914 0.41916665 0.640625 0.43166667 0.66041666 0.47 0.66822916 0.49166667 0.6614583 0.49666667 0.6380208 0.5325 0.61354166 0.575 0.6140625 0.55333334 0.6078125 0.5341667
14 0.5625 0.5441667 0.5109375 0.6325 0.5026042 0.63416666 0.49114582 0.6358333 0.49166667 0.6533333 0.49583334 0.6741667 0.51354164 0.68916667 0.5109375 0.7025 0.503125 0.7133333 0.5109375 0.7225 0.5151042 0.7366667 0.5171875 0.7416667 0.52552086 0.7241667 0.53489584 0.70416665 0.5484375 0.6825 0.58697915 0.6191667 0.6020833 0.595 0.59375 0.5941667
14 0.64479166 0.8025 0.6510417 0.79 0.65052086 0.77666664 0.65208334 0.74333334 0.653125 0.74 0.6645833 0.75166667 0.709375 0.79 0.71197915 0.7941667 0.7078125 0.8075 0.70520836 0.80333334 0.6984375 0.81166667 0.6890625 0.8358333 0.634375 1.0 0.57916665 1.0 0.6098958 0.9066667
14 0.490625 0.7341667 0.53802085 0.76166666 0.5953125 0.79833335 0.6109375 0.8016667 0.62291664 0.7966667 0.62708336 0.80333334 0.6265625 0.825 0.6223958 0.8516667 0.6166667 0.87333333 0.60729164 0.90166664 0.60364586 0.91333336 0.590625 0.90833336 0.5885417 0.89916664 0.5796875 0.88166666 0.571875 0.87666667 0.459375 0.81
14 0.4421875 0.6375 0.4734375 0.6591667 0.5026042 0.68083334 0.51354164 0.68916667 0.509375 0.7033333 0.503125 0.71 0.49166667 0.73583335 0.4546875 0.81916666 0.40260416 0.93583333 0.4046875 0.955 0.4015625 0.96416664 0.37604168 0.93333334 0.36822918 0.92833334 0.36041668 0.9225 0.35104167 0.93666667 0.3515625 0.8883333 0.35729167 0.87666667 0.39635417 0.795 0.42083332 0.7391667 0.446875 0.6725 0.44375 0.6591667
14 0.3953125 0.7625 0.39479166 0.7816667 0.40052083 0.785 0.446875 0.6716667 0.44427082 0.6725 0.43333334 0.68833333 0.42135417 0.7125 0.4046875 0.74583334 0.396875 0.76166666
14 0.4578125 0.5133333 0.46510416 0.50083333 0.4703125 0.47166666 0.47708333 0.455 0.48854166 0.44916666 0.48958334 0.46333334 0.49322918 0.4925 0.503125 0.5175 0.5104167 0.5283333 0.5260417 0.525 0.515625 0.55 0.48072916 0.6041667 0.4578125 0.6475 0.44270834 0.6375 0.44375 0.6558333 0.44479167 0.67083335 0.43489584 0.68666667 0.39375 0.7658333 0.39427084 0.77916664 0.38958332 0.80083334 0.37916666 0.80916667 0.36197916 0.74833333 0.35104167 0.7341667 0.33958334 0.75333333 0.34947917 0.7266667 0.37395832 0.6766667 0.4421875 0.5416667
14 0.415625 0.445 0.41822916 0.40833333 0.42291668 0.39083335 0.44375 0.40333334 0.47760418 0.435 0.4875 0.44833332 0.478125 0.455 0.46927083 0.47 0.46302083 0.47666666 0.45052084 0.51166666 0.44322917 0.54 0.3484375 0.72833335 0.33125 0.70916665 0.321875 0.7 0.32864583 0.695 0.34114584 0.6933333 0.35260418 0.6475 0.37708333 0.5675 0.4109375 0.4625
14 0.3328125 0.3025 0.33854166 0.27833334 0.3359375 0.25333333 0.28177083 0.265 0.26041666 0.26916668 0.265625 0.2875 0.2765625 0.31416667 0.27916667 0.32333332 0.28385416 0.3975 0.2953125 0.49083334 0.3 0.49416667 0.2984375 0.5075 0.29583332 0.5158333 0.30625 0.57916665 0.30260417 0.59 0.29427084 0.5875 0.29322916 0.5941667 0.30260417 0.60083336 0.32239583 0.60333335 0.36302084 0.60333335 0.36822918 0.59583336 0.3640625 0.5783333 0.35520834 0.55 0.35 0.5025 0.33541667 0.35416666 0.33177084 0.33083335
14 0.1609375 0.22666667 0.21354167 0.20416667 0.23385416 0.20916666 0.234375 0.21833333 0.23177083 0.225 0.23802084 0.265 0.2609375 0.38166666 0.2796875 0.4675 0.28697917 0.49166667 0.29791668 0.4925 0.30104166 0.495 0.29739583 0.51166666 0.28489584 0.51916665 0.23229167 0.5475 0.22604166 0.525 0.23072916 0.50916666 0.22552083 0.47583333 0.18020834 0.2575 0.16979167 0.25583333
14 0.26875 0.41583332 0.27083334 0.40416667 0.265625 0.3775 0.26197916 0.38333333
14 0.209375 0.4075 0.203125 0.40416667 0.19895834 0.41666666 0.196875 0.435 0.2 0.44666666 0.21145834 0.4675 0.22447917 0.5425 0.2609375 0.7183333 0.26614583 0.72583336 0.25416666 0.74666667 0.25364584 0.75916666 0.2546875 0.77916664 0.27760416 0.7658333 0.309375 0.75916666 0.3296875 0.75333333 0.32604167 0.72083336 0.3171875 0.6983333 0.30833334 0.6875 0.29479167 0.6066667 0.2890625 0.5708333 0.28177083 0.52 0.23229167 0.5466667 0.22552083 0.52416664 0.23020834 0.5075 0.2109375 0.40666667
14 0.18697916 0.68666667 0.19791667 0.68833333 0.22291666 0.6741667 0.2484375 0.67083335 0.24635416 0.68583333 0.24791667 0.73333335 0.2515625 0.7575 0.25520834 0.7841667 0.259375 0.7816667 0.26875 0.8283333 0.29739583 0.9625 0.30260417 0.9716667 0.30572918 0.97833335 0.31302083 0.97833335 0.30416667 0.9916667 0.2875 1.0 0.24427083 1.0 0.23958333 0.96666664 0.221875 0.87916666 0.21666667 0.8383333 0.2078125 0.8025 0.18958333 0.7275 0.1859375 0.71416664 0.18802084 0.70166665
14 0.1140625 0.3825 0.14270833 0.37583333 0.16145833 0.375 0.18125 0.37166667 0.19114584 0.375 0.190625 0.385 0.1859375 0.39 0.18125 0.4125 0.1796875 0.46833333 0.17760417 0.69916666 0.18385416 0.695 0.18489583 0.7058333 0.17604166 0.715 0.14635417 0.72833335 0.114583336 0.73083335 0.109375 0.72833335 0.118229166 0.69666666 0.11927083 0.69166666 0.122395836 0.68666667 0.12604167 0.41 0.1171875 0.39916667
14 0.017708333 0.6508333 0.013020833 0.68416667 0.021875 0.70916665 0.025 0.7316667 0.059375 0.7733333 0.18072917 0.89666665 0.20833333 0.8983333 0.20833333 0.90833336 0.21979167 0.8675 0.21770833 0.8525 0.21458334 0.83666664 0.18125 0.7975 0.108333334 0.72833335 0.055729166 0.67583334 0.041666668 0.6691667 0.030729167 0.665
14 0.49583334 0.48083332 0.5130208 0.44416666 0.54583335 0.5083333 0.48072916 0.64666665 0.48125 0.6641667 0.45833334 0.6483333 0.48125 0.60333335 0.5151042 0.55083334 0.5265625 0.525 0.5104167 0.5283333 0.5026042 0.515 0.49322918 0.4925 0.49270833 0.4875
14 0.53802085 0.38583332 0.5421875 0.3775 0.5463542 0.37416667 0.54375 0.36583334 0.5421875 0.35416666 0.5473958 0.34166667 0.55052084 0.3425 0.57604164 0.36833334 0.58229166 0.37666667 0.59739584 0.3925 0.60625 0.41083333 0.6020833 0.42083332 0.59375 0.43 0.5885417 0.435 0.5864583 0.43583333 0.5796875 0.44666666 0.5697917 0.46083334 0.53541666 0.3925
14 0.49270833 0.15583333 0.4953125 0.12833333 0.50416666 0.11416667 0.50677085 0.123333335 0.515625 0.14916667 0.52916664 0.17666666 0.6401042 0.35416666 0.64270836 0.34333333 0.6489583 0.345 0.65 0.35666665 0.6354167 0.41666666 0.6302083 0.41916665 0.6166667 0.435 0.61145836 0.435 0.60625 0.41166666 0.59739584 0.39333335 0.5828125 0.3775 0.48229167 0.21333334 0.46822917 0.18166667 0.4734375 0.18083334 0.48177084 0.18416667 0.48697916 0.175
