6 0.1546875 0.11416667 0.1359375 0.165 0.114583336 0.2025 0.054166667 0.2925 0.14635417 0.41333333 0.209375 0.28666666 0.2359375 0.24416667 0.24114583 0.22833334 0.19895834 0.1725 0.16458334 0.1275
6 0.73333335 0.64666665 0.6859375 0.77 0.68125 0.79333335 0.7057292 0.8175 0.7864583 0.9033333 0.7973958 0.9241667 0.80885416 0.93083334 0.86041665 0.7816667 0.8442708 0.76916665 0.83020836 0.7625 0.74635416 0.6575
6 0.8755208 0.8041667 0.846875 0.8375 0.8411458 0.8375 0.80885416 0.9316667 0.8020833 0.92833334 0.82708335 1.0 0.94635415 1.0 0.946875 0.9916667 0.9145833 0.92833334 0.8776042 0.805
6 0.7239583 0.40583333 0.715625 0.4925 0.7125 0.57666665 0.79791665 0.5825 0.85364586 0.6 0.85729164 0.57916665 0.86354166 0.5208333 0.85833335 0.42916667 0.8286458 0.43416667 0.75364584 0.41333333 0.7296875 0.40416667
6 0.2 0.53583336 0.19114584 0.5775 0.16822916 0.69083333 0.165625 0.705 0.18125 0.7158333 0.21458334 0.72 0.23385416 0.7266667 0.2453125 0.7275 0.26041666 0.73583335 0.26510417 0.72833335 0.303125 0.6525 0.340625 0.6016667 0.33333334 0.6 0.28697917 0.5908333 0.2640625 0.57916665 0.2484375 0.57166666 0.21979167 0.545 0.20364584 0.5375
6 0.33958334 0.605 0.30260417 0.65166664 0.26510417 0.7291667 0.26041666 0.7366667 0.26822916 0.7475 0.29166666 0.7733333 0.30052084 0.7841667 0.30677083 0.7875 0.31197917 0.80833334 0.34375 0.80833334 0.37291667 0.7891667 0.41770834 0.74666667 0.4140625 0.7391667 0.3765625 0.675 0.34479168 0.61083335
6 0.22552083 0.7425 0.19427083 0.8958333 0.19166666 0.9225 0.20260416 0.9241667 0.21666667 0.9266667 0.29895833 0.9625 0.3203125 0.98 0.34427083 0.9925 0.34739584 0.9725 0.33125 0.9125 0.31770834 0.85583335 0.31145832 0.8125 0.32395834 0.81166667 0.32395834 0.80833334 0.31197917 0.80833334 0.30677083 0.7875 0.278125 0.7733333 0.2484375 0.7525 0.23802084 0.74666667
6 0.44895834 0.7175 0.434375 0.7266667 0.42447916 0.74083334 0.4140625 0.75 0.3984375 0.765 0.38489583 0.7783333 0.37135416 0.79 0.34375 0.80833334 0.32395834 0.80833334 0.32395834 0.81166667 0.31145832 0.81333333 0.31822917 0.85833335 0.34791666 0.975 0.35625 0.9716667 0.39791667 0.9225 0.45520833 0.8933333 0.4796875 0.87916666 0.4875 0.87333333 0.48645833 0.8641667 0.48489583 0.8541667 0.47552082 0.83666664 0.47708333 0.8308333 0.46458334 0.7816667 0.4515625 0.72083336
6 0.48333332 0.89416665 0.4671875 0.91333336 0.40833333 1.0 0.53125 1.0 0.50104165 0.9375 0.49427083 0.9166667 0.48489583 0.89666665
6 0.62135416 0.7841667 0.6125 0.79583335 0.57447916 0.8566667 0.56666666 0.86333334 0.5364583 0.8975 0.5109375 0.9216667 0.50104165 0.93583333 0.50416666 0.9433333 0.53125 1.0 0.62083334 1.0 0.6276042 0.975 0.640625 0.97333336 0.68177086 0.9458333 0.684375 0.925 0.6744792 0.9 0.6536458 0.85333335 0.63854164 0.8183333 0.63072914 0.8025 0.6234375 0.78333336
6 0.6859375 0.765 0.6276042 0.79333335 0.63072914 0.8025 0.63854164 0.8183333 0.6489583 0.8425 0.675 0.9 0.68385416 0.9241667 0.68177086 0.9458333 0.65208334 0.9658333 0.640625 0.97333336 0.6296875 0.975 0.6322917 1.0 0.71875 1.0 0.7369792 0.99 0.7421875 0.9875 0.740625 0.97333336 0.72083336 0.91333336 0.709375 0.8625 0.70625 0.8358333 0.7015625 0.81333333 0.68125 0.79333335 0.6859375 0.77 0.6880208 0.7658333
6 0.90416664 0.45916668 0.89739585 0.47833332 0.89427084 0.49916667 0.87916666 0.55083334 0.87708336 0.56583333 0.853125 0.6333333 0.8515625 0.6383333 0.846875 0.6375 0.840625 0.64666665 0.853125 0.66 0.87864584 0.68416667 0.9088542 0.71416664 0.93333334 0.7425 0.93854165 0.74083334 0.94635415 0.72083336 0.94635415 0.71 0.96197915 0.6458333 0.9875 0.5883333 0.9953125 0.5675 1.0 0.565 1.0 0.54083335 0.9760417 0.5183333 0.9661458 0.51166666 0.94895834 0.49916667 0.9291667 0.48166665 0.9109375 0.46416667
6 0.5932292 0.34333333 0.5484375 0.3725 0.49739584 0.405 0.49791667 0.41083333 0.5083333 0.44166666 0.5338542 0.5025 0.5520833 0.55916667 0.5546875 0.59833336 0.5625 0.6191667 0.60729164 0.5883333 0.65989584 0.55333334 0.66302085 0.54833335 0.6536458 0.5283333 0.63177085 0.47083333 0.6197917 0.44333333 0.6015625 0.355 0.596875 0.345
6 0.5546875 0.6408333 0.54895836 0.655 0.5453125 0.68333334 0.5421875 0.7025 0.53020835 0.7225 0.49583334 0.8041667 0.4796875 0.8283333 0.47760418 0.83916664 0.48385417 0.85083336 0.49427083 0.8625 0.53541666 0.8983333 0.56822914 0.8616667 0.57395834 0.8575 0.6125 0.79583335 0.62395835 0.7808333 0.65052086 0.7216667 0.6458333 0.71666664 0.62708336 0.70166665 0.60729164 0.685 0.59270835 0.67583334 0.57135415 0.6566667 0.55677086 0.6433333
6 0.52760416 0.52416664 0.509375 0.5366667 0.50885415 0.54 0.52135414 0.58666664 0.5234375 0.6166667 0.5140625 0.62166667 0.47552082 0.62916666 0.44739583 0.6325 0.46354166 0.6675 0.48072916 0.7075 0.4953125 0.735 0.50572914 0.78 0.5104167 0.76916665 0.5203125 0.745 0.52916664 0.7241667 0.5421875 0.7025 0.54583335 0.68083334 0.5484375 0.6558333 0.5546875 0.6408333 0.5765625 0.6616667 0.56145835 0.6191667 0.54583335 0.575 0.5364583 0.53833336 0.53020835 0.5283333
6 0.48645833 0.38916665 0.44791666 0.39833334 0.4140625 0.40916666 0.38177082 0.42333335 0.38072917 0.42916667 0.38489583 0.44916666 0.4078125 0.5175 0.41770834 0.53833336 0.40989584 0.6016667 0.40989584 0.62333333 0.4125 0.6458333 0.42447916 0.6408333 0.44947916 0.6325 0.51458335 0.62166667 0.5234375 0.6166667 0.52135414 0.585 0.5078125 0.5375 0.49895832 0.5025 0.49479166 0.48833334 0.49427083 0.4525 0.49322918 0.40833333 0.49010417 0.39166668
6 0.34947917 0.6066667 0.34375 0.60333335 0.34010416 0.60333335 0.34114584 0.60583335 0.34791666 0.615 0.34895834 0.61083335
6 0.43489584 0.1875 0.41302082 0.20666666 0.3890625 0.22333333 0.31354168 0.26916668 0.309375 0.27083334 0.29739583 0.27833334 0.30260417 0.29916668 0.33333334 0.4175 0.34010416 0.4375 0.35104167 0.43333334 0.39010417 0.4 0.41041666 0.375 0.421875 0.375 0.4453125 0.3625 0.46666667 0.36083335 0.47239584 0.35583332 0.46770832 0.34083334 0.46197918 0.29416665 0.44270834 0.22083333 0.43697917 0.19083333
6 0.34427083 0.083333336 0.33072916 0.25833333 0.3875 0.22416666 0.41302082 0.20666666 0.43489584 0.1875 0.4375 0.19 0.44322917 0.22166666 0.4578125 0.27833334 0.48541668 0.2825 0.48645833 0.27333334 0.48802084 0.2275 0.48541668 0.18583333 0.48177084 0.17166667 0.49791667 0.13 0.48697916 0.119166665 0.4796875 0.1175 0.4734375 0.11833333 0.42604166 0.11 0.365625 0.090833336 0.35677084 0.083333336
6 0.12916666 0.0 0.13333334 0.034166668 0.12604167 0.0825 0.13333334 0.09166667 0.17395833 0.090833336 0.27864584 0.135 0.2875 0.0 0.1734375 0.0
