8 0.26197916 0.7625 0.2609375 0.8325 0.26197916 0.8491667 0.25885418 0.9091667 0.2609375 0.92 0.26875 0.9291667 0.27916667 0.9291667 0.29947916 0.9225 0.30520833 0.9116667 0.31354168 0.9066667 0.32135418 0.91333336 0.36041668 0.9291667 0.37395832 0.9266667 0.39375 0.8933333 0.39114583 0.8275 0.38958332 0.74833333 0.3921875 0.71166664 0.3953125 0.67583334 0.39166668 0.67583334 0.39166668 0.6716667 0.39479166 0.6691667 0.39791667 0.61083335 0.39635417 0.5975 0.3890625 0.5833333 0.38385418 0.5808333 0.30885416 0.5808333 0.3 0.5833333 0.28333333 0.5833333 0.27135417 0.5825 0.26614583 0.5883333 0.26197916 0.5966667 0.2609375 0.6025 0.26145834 0.62083334 0.26145834 0.6666667 0.26666668 0.67 0.2625 0.6716667 0.26197916 0.685 0.26354167 0.705 0.26510417 0.715 0.26510417 0.73083335 0.26302084 0.7441667
8 0.033854168 0.4875 0.0 0.47333333 0.0 0.70916665 0.015625 0.71166664 0.041666668 0.715 0.057291668 0.72 0.09375 0.73833334 0.10729167 0.74083334 0.12604167 0.755 0.153125 0.7658333 0.16614583 0.75666666 0.175 0.7316667 0.1828125 0.68666667 0.13802083 0.68666667 0.12447917 0.69083333 0.08229167 0.6958333 0.07395833 0.69083333 0.06875 0.68333334 0.0640625 0.665 0.06614583 0.505 0.052083332 0.4975 0.046354167 0.49916667 0.044791665 0.49166667
8 0.084375 0.46666667 0.13072917 0.46916667 0.134375 0.47583333 0.13645834 0.47083333 0.16302083 0.475 0.20052083 0.48583335 0.23958333 0.48416665 0.28072917 0.48166665 0.28958333 0.48583335 0.3015625 0.49916667 0.29947916 0.51 0.30052084 0.5825 0.271875 0.5825 0.26510417 0.59 0.2609375 0.5975 0.26041666 0.6041667 0.26197916 0.66583335 0.2671875 0.6691667 0.26145834 0.67333335 0.26145834 0.68916667 0.18385416 0.685 0.1375 0.685 0.121875 0.69083333 0.083333336 0.6958333 0.07239583 0.68916667 0.06822917 0.6825 0.06458333 0.66583335 0.065625 0.495 0.06875 0.4825 0.07447917 0.47333333
8 0.17395833 0.096666664 0.18229167 0.09 0.1890625 0.090833336 0.19427083 0.095 0.21822916 0.11083333 0.23177083 0.12416667 0.23958333 0.13666667 0.25 0.1425 0.2765625 0.15083334 0.28385416 0.155 0.2890625 0.16 0.29010418 0.1675 0.28645834 0.17833333 0.28020832 0.19083333 0.27447918 0.20416667 0.271875 0.2175 0.26822916 0.23083334 0.26145834 0.245 0.2515625 0.26333332 0.24635416 0.27583334 0.24427083 0.31 0.2390625 0.32166666 0.23541667 0.33833334 0.22916667 0.38166666 0.2265625 0.3825 0.22864583 0.38666666 0.2203125 0.41583332 0.2109375 0.44916666 0.20208333 0.455 0.19479166 0.4575 0.153125 0.435 0.10104167 0.40583333 0.09791667 0.39833334 0.096875 0.38416666 0.09791667 0.37416667 0.09947917 0.355 0.10625 0.31583333 0.10989583 0.31583333 0.110416666 0.31333333 0.108333334 0.31083333 0.11354167 0.295 0.122395836 0.26833335 0.12760417 0.25916666 0.134375 0.24583334 0.1359375 0.23833333 0.14010416 0.21833333 0.14635417 0.205 0.15260416 0.19416666 0.15416667 0.18666667 0.15729167 0.15916666 0.16822916 0.1175
8 0.196875 0.4675 0.2125 0.485 0.27239582 0.48166665 0.27604166 0.47333333 0.25625 0.47416666 0.24895833 0.47333333 0.24427083 0.46916667 0.2390625 0.45916668 0.2375 0.45083332 0.24427083 0.31083333 0.23854166 0.32166666 0.22916667 0.38166666 0.2265625 0.38166666 0.22864583 0.38583332 0.2109375 0.45 0.20364584 0.455 0.19479166 0.4575 0.1953125 0.46333334
8 0.27239582 0.13166666 0.29166666 0.15166667 0.309375 0.17666666 0.3140625 0.18833333 0.31770834 0.19416666 0.3296875 0.19916667 0.33125 0.2 0.353125 0.24416667 0.36510417 0.2775 0.35 0.27916667 0.34010416 0.28166667 0.33333334 0.27916667 0.32395834 0.27166668 0.309375 0.26666668 0.26458332 0.26083332 0.25989583 0.26083332 0.25104168 0.265 0.26822916 0.23166667 0.275 0.2025 0.29010418 0.16916667 0.2890625 0.15916666 0.2796875 0.15166667 0.25052083 0.1425 0.26041666 0.13083333 0.26770833 0.12833333
8 0.3421875 0.54333335 0.30260417 0.49916667 0.28958333 0.485 0.28125 0.48083332 0.2765625 0.47333333 0.284375 0.47166666 0.32083333 0.47416666 0.35208333 0.475 0.36666667 0.47833332 0.36979166 0.49583334 0.39114583 0.525 0.37916666 0.5525 0.36770833 0.5783333 0.35572916 0.56
8 0.3640625 0.2775 0.37083334 0.29333332 0.38489583 0.31833333 0.396875 0.35416666 0.40416667 0.37416667 0.415625 0.38166666 0.40260416 0.40333334 0.39635417 0.40833333 0.38541666 0.415 0.37916666 0.42166665 0.3765625 0.42916667 0.3765625 0.44 0.37760416 0.44916666 0.36927083 0.46333334 0.3671875 0.47833332 0.3515625 0.475 0.30833334 0.47333333 0.28489584 0.47083333 0.275 0.47333333 0.24947916 0.47333333 0.24479167 0.46916667 0.23958333 0.46166667 0.23645833 0.45166665 0.24479167 0.3075 0.246875 0.275 0.25104168 0.265 0.26041666 0.26166666 0.290625 0.26416665 0.3109375 0.2675 0.32395834 0.27166668 0.33229166 0.27916667 0.34114584 0.28166667 0.34895834 0.27916667
8 0.3375 0.045833334 0.37864584 0.009166666 0.38697916 0.0 0.39947918 0.0 0.4078125 0.010833333 0.42916667 0.06333333 0.43645832 0.08083333 0.46041667 0.145 0.48229167 0.19083333 0.50104165 0.23416667 0.4953125 0.245 0.46458334 0.2975 0.4359375 0.3475 0.41614583 0.38166666 0.4046875 0.37416667 0.38489583 0.31833333 0.37083334 0.29333332 0.35364583 0.24416667 0.32708332 0.19166666 0.290625 0.1175 0.28958333 0.100833334 0.29270834 0.08916666 0.30885416 0.0725
8 0.49427083 0.0775 0.49791667 0.0 0.4 0.0 0.40833333 0.010833333 0.42083332 0.041666668 0.43958333 0.0875 0.46458334 0.15583333 0.46822917 0.15916666 0.48072916 0.13333334 0.48958334 0.100833334
8 0.615625 0.005 0.5953125 0.0 0.49791667 0.0 0.49427083 0.0825 0.5005208 0.071666665 0.5046875 0.0625 0.50625 0.033333335 0.509375 0.024166666 0.5208333 0.019166667 0.5697917 0.041666668 0.6244792 0.0675 0.628125 0.0225 0.62291664 0.009166666
8 0.64739585 0.079166666 0.609375 0.060833335 0.55833334 0.0375 0.5208333 0.019166667 0.509375 0.024166666 0.50625 0.035 0.5052083 0.061666667 0.50677085 0.06916667 0.50885415 0.09166667 0.50208336 0.11666667 0.4984375 0.14333333 0.50104165 0.18333334 0.50416666 0.205 0.50989586 0.21166667 0.52135414 0.21333334 0.5307292 0.20583333 0.53697914 0.20083334 0.54479164 0.2 0.5463542 0.2 0.5796875 0.23083334 0.58697915 0.2375 0.5942708 0.26 0.6098958 0.27 0.6322917 0.26916668 0.6380208 0.24833333 0.640625 0.22416666 0.64479166 0.20083334 0.6546875 0.165 0.66510415 0.12 0.66770834 0.08833333
8 0.66197914 0.17083333 0.6875 0.19833334 0.69114584 0.22 0.67395836 0.26666668 0.6515625 0.3375 0.64375 0.35833332 0.63489586 0.36416668 0.6223958 0.35666665 0.5697917 0.29916668 0.5494792 0.2725 0.5234375 0.23083334 0.52135414 0.22916667 0.50885415 0.22833334 0.50104165 0.2325 0.46822917 0.16 0.48072916 0.13333334 0.49427083 0.083333336 0.5005208 0.07333333 0.5052083 0.0625 0.5072917 0.075 0.50885415 0.09166667 0.50104165 0.119166665 0.4984375 0.14166667 0.50104165 0.18083334 0.5046875 0.20583333 0.5104167 0.21166667 0.52135414 0.21333334 0.53697914 0.20083334 0.54583335 0.2 0.5697917 0.22166666 0.5875 0.23833333 0.5942708 0.26 0.61145836 0.27083334 0.6328125 0.26916668 0.6380208 0.2475 0.64479166 0.2 0.6546875 0.165
8 0.4421875 0.58916664 0.3921875 0.525 0.3703125 0.49833333 0.36666667 0.4775 0.3703125 0.4625 0.378125 0.44916666 0.39635417 0.41416666 0.41458333 0.38416666 0.50208336 0.2325 0.50885415 0.22916667 0.5229167 0.23 0.54791665 0.27083334 0.5640625 0.30083334 0.59375 0.33583334 0.6015625 0.355 0.6020833 0.37583333 0.5640625 0.435 0.52916664 0.5 0.515625 0.5283333 0.48177084 0.60333335 0.471875 0.6141667 0.4578125 0.6116667
8 0.4515625 0.65416664 0.43802083 0.61833334 0.42604166 0.5725 0.42708334 0.57166666 0.4390625 0.58666664 0.45729166 0.6116667 0.47135416 0.61583334 0.48333332 0.6016667 0.51979166 0.52 0.5385417 0.4825 0.5515625 0.52 0.5619792 0.53833336 0.55104166 0.5475 0.5453125 0.5625 0.5484375 0.5825 0.56822914 0.6408333 0.5515625 0.66083336 0.54270834 0.6725 0.5286458 0.6975 0.49114582 0.7366667 0.48072916 0.7341667 0.47239584 0.7225 0.453125 0.66333336 0.4546875 0.6566667
8 0.5677083 0.42916667 0.5630208 0.48083332 0.5520833 0.52 0.5385417 0.48083332
8 0.6557292 0.32666665 0.67552084 0.3725 0.71197915 0.43166667 0.746875 0.48833334 0.7484375 0.50083333 0.7421875 0.52666664 0.7203125 0.555 0.7109375 0.56166667 0.69427085 0.59833336 0.67291665 0.5341667 0.6567708 0.47166666 0.63385415 0.48916668 0.6296875 0.50666666 0.61875 0.5133333 0.5953125 0.52666664 0.56458336 0.47333333 0.56822914 0.42833334 0.60260415 0.37666667 0.6015625 0.35583332 0.59375 0.33666667 0.5630208 0.29916668 0.5484375 0.2725 0.5854167 0.31666666 0.621875 0.35583332 0.63489586 0.36333334 0.64427084 0.35916665
8 0.69895834 0.61583334 0.71458334 0.655 0.72239584 0.67083335 0.71875 0.67833334 0.72447914 0.68 0.74427086 0.7316667 0.746875 0.74916667 0.7395833 0.76666665 0.6927083 0.8041667 0.64479166 0.84833336 0.62864584 0.83916664 0.6098958 0.77666664 0.61041665 0.7725 0.6067708 0.765 0.5776042 0.66583335 0.56822914 0.6408333 0.5484375 0.5858333 0.54583335 0.56333333 0.55052084 0.5475 0.56458336 0.5391667 0.5963542 0.52666664 0.6296875 0.50666666 0.634375 0.48833334 0.6567708 0.47166666 0.6723958 0.5325
8 0.37291667 0.010833333 0.37395832 0.0 0.38697916 0.0 0.3796875 0.008333334 0.37239584 0.014166667
8 0.38072917 0.9458333 0.39427084 0.9825 0.4 1.0 0.55260414 1.0 0.540625 0.9741667 0.53229165 0.9658333 0.52916664 0.9316667 0.5208333 0.9033333 0.51666665 0.9033333 0.515625 0.9 0.51875 0.8958333 0.50572914 0.86 0.49635416 0.83416665 0.490625 0.82916665 0.48177084 0.8275 0.47291666 0.8308333 0.43645832 0.8666667 0.41666666 0.88666666 0.38645834 0.915 0.38072917 0.92583334 0.37916666 0.93833333
