20 0.1890625 0.0175 0.13229166 0.026666667 0.05 0.060833335 0.036979165 0.08416667 0.046354167 0.16416667 0.0703125 0.22166666 0.09322917 0.23833333 0.1109375 0.26583335 0.110416666 0.32333332 0.090625 0.38833332 0.0828125 0.43583333 0.096875 0.4975 0.12083333 0.61333334 0.13020833 0.62416667 0.14270833 0.63 0.20416667 0.60333335 0.19114584 0.57416666 0.15625 0.46583334 0.14791666 0.4375 0.128125 0.32916668 0.13489583 0.3025 0.16822916 0.29166666 0.22708334 0.28833333 0.21979167 0.22583333 0.20989583 0.1975 0.2078125 0.093333334 0.20052083 0.0325
20 0.31510416 0.0 0.2546875 0.04 0.20885417 0.11 0.20833333 0.165 0.30104166 0.33416668 0.359375 0.455 0.4046875 0.5275 0.41458333 0.5375 0.4296875 0.53583336 0.44947916 0.5208333 0.47916666 0.445 0.51979166 0.38333333 0.5208333 0.36666667 0.5151042 0.3475 0.5005208 0.3425 0.49166667 0.34416667 0.47760418 0.32833335 0.42447916 0.22083333 0.35208333 0.07416666 0.33333334 0.028333334 0.321875 0.0
20 0.54322916 0.18 0.48333332 0.15666667 0.41197917 0.15666667 0.4 0.17 0.47708333 0.3275 0.49166667 0.34333333 0.4984375 0.34166667 0.5151042 0.34833333 0.5208333 0.36666667 0.5208333 0.385 0.478125 0.44333333 0.45052084 0.5208333 0.43020833 0.53583336 0.41510418 0.5375 0.4078125 0.52916664 0.3953125 0.5516667 0.38489583 0.565 0.38489583 0.57666665 0.37604168 0.6125 0.375 0.695 0.38697916 0.71666664 0.42604166 0.7275 0.48697916 0.73 0.49166667 0.7375 0.49010417 0.6958333 0.49427083 0.6566667 0.52447915 0.5366667 0.540625 0.48583335 0.54114586 0.385 0.54791665 0.27583334 0.5234375 0.23416667 0.55 0.2 0.5473958 0.18583333
20 0.69322914 0.34666666 0.64947915 0.28833333 0.56822914 0.21 0.55 0.19916667 0.525 0.2325 0.5494792 0.27583334 0.55677086 0.29083332 0.56354165 0.41916665 0.5677083 0.48 0.571875 0.50666666 0.53802085 0.52166665 0.52708334 0.525 0.49375 0.6575 0.528125 0.6933333 0.5484375 0.7133333 0.5942708 0.6533333 0.6791667 0.4275 0.69114584 0.40333334 0.6979167 0.34583333
20 0.7953125 0.4125 0.7395833 0.455 0.7140625 0.50333333 0.6921875 0.56 0.64635414 0.62083334 0.5932292 0.655 0.5453125 0.715 0.51145834 0.74916667 0.50677085 0.76666665 0.51197916 0.7941667 0.53020835 0.8358333 0.59010416 0.945 0.59791666 0.9483333 0.61145836 0.9483333 0.70989585 0.81666666 0.7234375 0.795 0.76927084 0.7366667 0.8052083 0.6616667 0.859375 0.62 0.87708336 0.6041667 0.8276042 0.4525 0.8046875 0.41333333
20 0.875 0.745 0.8578125 0.82 0.84739584 0.9066667 0.8375 1.0 0.68385416 1.0 0.7171875 0.9058333 0.7291667 0.85083336 0.72552085 0.82 0.71875 0.8016667 0.7703125 0.73583335 0.79895836 0.6725 0.8020833 0.675 0.80364585 0.6933333 0.81927085 0.7083333 0.86822915 0.73833334
20 1.0 0.30833334 0.9036458 0.23666666 0.8921875 0.2375 0.88385415 0.2475 0.83229166 0.46916667 0.87708336 0.6041667 0.8041667 0.6616667 0.79895836 0.675 0.8015625 0.6741667 0.8041667 0.6933333 0.87604165 0.74333334 0.9401042 0.75666666 0.9604167 0.7175 0.95 0.71666664 0.9390625 0.7216667 0.953125 0.64916664 0.9557292 0.615 1.0 0.4475
20 0.8333333 0.25166667 0.728125 0.275 0.72083336 0.3325 0.721875 0.3575 0.72447914 0.3675 0.72239584 0.38583332 0.7057292 0.40416667 0.6791667 0.42583334 0.59479165 0.6533333 0.646875 0.62166667 0.6927083 0.55916667 0.7140625 0.50333333 0.7390625 0.45583335 0.7963542 0.4125 0.8046875 0.41166666 0.82708335 0.45 0.83229166 0.46583334 0.8734375 0.29333332 0.86875 0.27583334 0.865625 0.25666666 0.8375 0.25
20 0.871875 0.0 0.7786458 0.045 0.70416665 0.060833335 0.6421875 0.094166666 0.6302083 0.108333334 0.63072914 0.12666667 0.64479166 0.19666667 0.65416664 0.20833333 0.66302085 0.23916666 0.66302085 0.26833335 0.67864585 0.29083332 0.7291667 0.27583334 0.83802086 0.25 0.9739583 0.19333333 1.0 0.175 1.0 0.07 0.978125 0.0
20 0.34895834 0.5283333 0.2921875 0.49166667 0.2609375 0.32083333 0.24322917 0.28833333 0.16822916 0.2925 0.13489583 0.30333334 0.128125 0.32833335 0.1484375 0.43916667 0.190625 0.5725 0.22083333 0.62833333 0.22395833 0.7108333 0.21875 0.72833335 0.22083333 0.7583333 0.2296875 0.7925 0.28020832 0.76916665 0.32708332 0.74333334 0.375 0.6933333 0.371875 0.64916664 0.36666667 0.6 0.3546875 0.5475
