3 0.15572916 0.38333333 0.16979167 0.38 0.19427083 0.3775 0.2140625 0.38 0.23020834 0.3875 0.24322917 0.39416668 0.24895833 0.39166668 0.2515625 0.38333333 0.25416666 0.36583334 0.2578125 0.36 0.26666668 0.35583332 0.275 0.36166668 0.27916667 0.3725 0.27916667 0.39666668 0.2828125 0.4125 0.28958333 0.44 0.29270834 0.46 0.29895833 0.49916667 0.309375 0.5733333 0.31458333 0.62333333 0.31197917 0.6375 0.30572918 0.6458333 0.29010418 0.6558333 0.265625 0.66833335 0.24739583 0.675 0.20885417 0.6816667 0.16822916 0.68833333 0.1609375 0.68333334 0.15572916 0.675 0.1546875 0.66 0.15572916 0.6075 0.15677084 0.5883333 0.159375 0.56666666 0.15677084 0.555 0.15416667 0.54 0.15520833 0.5158333 0.15885417 0.50166667 0.16510417 0.48416665 0.1671875 0.4775 0.16354166 0.46833333 0.15729167 0.455 0.15520833 0.44083333 0.15416667 0.41833332 0.1515625 0.4025 0.15104167 0.38916665 0.15208334 0.385
3 0.5203125 0.79083335 0.5359375 0.77916664 0.5484375 0.7683333 0.5572917 0.7575 0.56822914 0.74083334 0.58229166 0.7275 0.5932292 0.72 0.6359375 0.6958333 0.6458333 0.68666667 0.66510415 0.66833335 0.6713542 0.66833335 0.678125 0.6741667 0.68333334 0.68583333 0.6921875 0.7108333 0.696875 0.735 0.69739586 0.75416666 0.696875 0.7733333 0.6958333 0.7916667 0.69635415 0.80333334 0.69895834 0.8075 0.7026042 0.81 0.7083333 0.80833334 0.71197915 0.8025 0.7182292 0.8 0.7239583 0.8016667 0.72760415 0.805 0.73072916 0.80916667 0.7015625 0.87083334 0.6822917 0.9025 0.6666667 0.92083335 0.63489586 0.95166665 0.59583336 0.9875 0.59010416 0.9925 0.584375 0.9941667 0.5807292 0.9916667 0.57604164 0.9841667 0.5677083 0.9583333 0.55677086 0.93 0.5463542 0.89416665 0.53333336 0.85583335 0.52447915 0.83666664 0.5171875 0.81583333 0.51666665 0.8016667 0.51875 0.795
3 0.5109375 0.5316667 0.5307292 0.56 0.54791665 0.5908333 0.5541667 0.6075 0.5541667 0.6308333 0.553125 0.6525 0.55572915 0.6508333 0.56354165 0.64 0.5697917 0.6325 0.5755208 0.6308333 0.58177084 0.6333333 0.5989583 0.6433333 0.60260415 0.6508333 0.6046875 0.6591667 0.6041667 0.67583334 0.59479165 0.7133333 0.590625 0.7216667 0.58177084 0.72833335 0.56822914 0.74 0.55625 0.7575 0.546875 0.76916665 0.51979166 0.79 0.51666665 0.8016667 0.51666665 0.81666666 0.5239583 0.83666664 0.5307292 0.85 0.52760416 0.85 0.5125 0.82916665 0.50416666 0.8208333 0.49427083 0.8125 0.48541668 0.8025 0.4796875 0.79333335 0.47552082 0.7875 0.46875 0.78333336 0.45729166 0.78 0.44635418 0.7725 0.4203125 0.7416667 0.49427083 0.5683333 0.5078125 0.5316667
3 0.7338542 0.9125 0.83958334 0.8525 0.8567708 0.84583336 0.8671875 0.8575 0.871875 0.87166667 0.8875 0.94166666 0.89739585 1.0 0.7416667 1.0 0.72760415 0.945 0.7265625 0.92833334 0.728125 0.92
3 0.54583335 0.1775 0.6145833 0.10583334 0.65989584 0.06583333 0.66302085 0.065 0.66770834 0.068333335 0.67083335 0.08083333 0.6875 0.15083334 0.69322914 0.18416667 0.7078125 0.18 0.71458334 0.18416667 0.72760415 0.20166667 0.734375 0.21333334 0.7359375 0.22666667 0.73333335 0.24166666 0.72083336 0.26083332 0.70885414 0.2725 0.6979167 0.29333332 0.65260416 0.365 0.6255208 0.39833334 0.6140625 0.41166666 0.6078125 0.41166666 0.6 0.40583333 0.59583336 0.39916667 0.5677083 0.33333334 0.5375 0.26416665 0.5234375 0.2225 0.52239585 0.21 0.5239583 0.20166667 0.52916664 0.19166666
3 0.865625 0.038333334 0.865625 0.013333334 0.8671875 0.006666667 0.8697917 0.0 0.98541665 0.0 1.0 0.034166668 1.0 0.05 0.94114584 0.119166665 0.87291664 0.19083333 0.865625 0.17 0.84791666 0.13666667 0.8364583 0.11333334 0.834375 0.08916666 0.834375 0.07333333 0.83697915 0.0675 0.84166664 0.064166665 0.85 0.059166666 0.86302084 0.046666667
3 0.3125 0.075 0.31770834 0.07416666 0.3265625 0.0775 0.3453125 0.0875 0.36822918 0.09916667 0.39270833 0.11833333 0.40677083 0.1325 0.41979167 0.13666667 0.4375 0.13833334 0.47447917 0.155 0.4828125 0.16333333 0.484375 0.18583333 0.47395834 0.23333333 0.46302083 0.2625 0.4484375 0.285 0.43489584 0.29833335 0.43072918 0.30416667 0.43177083 0.30833334 0.44427082 0.3275 0.44583333 0.33666667 0.44583333 0.36 0.440625 0.36416668 0.4359375 0.36166668 0.43177083 0.35666665 0.40989584 0.35083333 0.3703125 0.34916666 0.3484375 0.34666666 0.31770834 0.33166668 0.3125 0.32083333 0.30833334 0.3075 0.28697917 0.2075 0.28541666 0.18833333 0.2875 0.17833333 0.29635417 0.15833333 0.3 0.14333333 0.309375 0.07833333
3 0.678125 0.32666665 0.6723958 0.35166666 0.66875 0.35583332 0.65416664 0.3625 0.67864585 0.32416666
3 0.49947917 0.29166666 0.5 0.26416665 0.503125 0.23583333 0.5078125 0.22416666 0.5151042 0.20916666 0.52239585 0.19083333 0.52760416 0.17833333 0.53489584 0.16916667 0.5385417 0.16916667 0.546875 0.17583333 0.52760416 0.19166666 0.5234375 0.20083334 0.52239585 0.20916666 0.5229167 0.2225 0.5375 0.26416665 0.59375 0.39583334 0.5416667 0.41833332 0.53489584 0.4125 0.52760416 0.39833334 0.5239583 0.38666666 0.52239585 0.3725 0.50885415 0.39666668 0.49322918 0.40083334 0.49375 0.39166668 0.496875 0.38083333 0.49791667 0.37083334 0.4984375 0.3325 0.4984375 0.31166667
3 0.23645833 0.6925 0.25989583 0.68333334 0.31822917 0.66083336 0.359375 0.645 0.38333333 0.6375 0.39635417 0.635 0.40208334 0.64416665 0.40572917 0.67333335 0.41927084 0.805 0.42447916 0.8566667 0.42447916 0.8641667 0.42135417 0.87333333 0.41614583 0.87666667 0.34427083 0.8925 0.29166666 0.905 0.24479167 0.9225 0.23385416 0.9166667 0.23020834 0.9066667 0.23020834 0.8933333 0.23489584 0.87416667 0.23697917 0.8666667 0.23489584 0.8183333 0.2359375 0.8 0.24479167 0.78833336 0.24739583 0.7816667 0.24635416 0.77416664 0.24270834 0.765 0.22708334 0.75333333 0.21979167 0.745 0.21354167 0.73333335 0.21145834 0.7225 0.21458334 0.7075 0.22083333 0.7008333
