6 0.17135416 0.27333334 0.15833333 0.3 0.13020833 0.41583332 0.1421875 0.43333334 0.17864583 0.45666668 0.228125 0.4975 0.24114583 0.5133333 0.27291667 0.51916665 0.30052084 0.41833332 0.30729166 0.395 0.29739583 0.38166666 0.23125 0.33666667 0.19322917 0.3 0.175 0.27416667
6 0.1796875 0.49333334 0.16302083 0.6508333 0.14791666 0.735 0.190625 0.74333334 0.26041666 0.7608333 0.26302084 0.74333334 0.2671875 0.6741667 0.29010418 0.53333336 0.28854167 0.52166665 0.27447918 0.51916665 0.23854166 0.5125 0.23020834 0.5083333 0.1859375 0.495
6 0.33958334 0.6375 0.28697917 0.73583335 0.271875 0.765 0.28802082 0.79083335 0.34635416 0.8516667 0.39270833 0.9266667 0.40677083 0.905 0.42291668 0.86583334 0.46041667 0.7941667 0.44947916 0.775 0.43645832 0.7675 0.3890625 0.7133333 0.378125 0.7008333 0.371875 0.6816667 0.353125 0.6533333 0.34739584 0.64
6 0.5640625 0.8175 0.5473958 0.81583333 0.50208336 0.8358333 0.49270833 0.8325 0.44270834 0.8275 0.41875 0.8725 0.41510418 0.8858333 0.41458333 0.99916667 0.4296875 0.99916667 0.5005208 0.98583335 0.55260414 0.99666667 0.56145835 0.9916667 0.56458336 0.93333334 0.56354165 0.8275
6 0.64739585 0.9508333 0.6421875 0.975 0.6432292 1.0 0.7625 1.0 0.75572914 0.99 0.6791667 0.9633333 0.6546875 0.9533333
6 0.6666667 0.85 0.6666667 0.9091667 0.66770834 0.9575 0.7317708 0.9825 0.75625 0.99 0.7609375 1.0 0.8208333 1.0 0.8208333 0.9316667 0.80885416 0.8466667 0.8072917 0.84 0.77239585 0.8575 0.7447917 0.85583335 0.6953125 0.8525 0.6822917 0.8475 0.6770833 0.8475
6 0.81145835 0.85833335 0.8197917 0.9266667 0.83020836 1.0 0.93333334 1.0 0.9203125 0.8933333 0.9171875 0.835 0.88489586 0.85333335 0.86354166 0.85333335
6 0.87604165 0.47 0.87291664 0.5925 0.86041665 0.67583334 0.8546875 0.6766667 0.8541667 0.68833333 0.87395835 0.6925 0.9359375 0.7266667 0.9583333 0.7391667 0.96666664 0.715 0.9661458 0.6791667 0.96979165 0.61833334 0.9875 0.5275 0.9875 0.5075 0.9244792 0.4925
6 0.5083333 0.58916664 0.51197916 0.625 0.55 0.62166667 0.559375 0.6191667 0.56041664 0.6533333 0.56927085 0.7058333 0.56927085 0.75 0.5989583 0.7375 0.65625 0.73083335 0.675 0.73083335 0.65833336 0.5575 0.64635414 0.5575 0.6203125 0.57916665 0.5630208 0.5875 0.52239585 0.5875
6 0.3765625 0.50083333 0.371875 0.525 0.36458334 0.5833333 0.3578125 0.6575 0.37239584 0.6816667 0.378125 0.70166665 0.41145834 0.73833334 0.43541667 0.7658333 0.45625 0.7625 0.45625 0.67583334 0.48489583 0.545 0.45572916 0.535 0.4 0.51
6 0.56041664 0.6191667 0.5484375 0.6225 0.5005208 0.62666667 0.48072916 0.62583333 0.46770832 0.62583333 0.45625 0.67833334 0.45677084 0.7625 0.4359375 0.7658333 0.45 0.7758333 0.45729166 0.7875 0.47760418 0.7841667 0.56927085 0.795 0.5729167 0.78 0.5703125 0.7475 0.5697917 0.705 0.56041664 0.6525
6 0.36614582 0.29166666 0.31927082 0.39666668 0.30104166 0.4375 0.3296875 0.45333335 0.37291667 0.5183333 0.3765625 0.50083333 0.440625 0.5275 0.48645833 0.44416666 0.40677083 0.3525 0.39947918 0.34 0.37291667 0.29583332
6 0.4953125 0.27916667 0.44791666 0.33833334 0.41510418 0.36083335 0.48697916 0.44416666 0.43958333 0.5275 0.546875 0.4325 0.55260414 0.42333335 0.5109375 0.32083333 0.50104165 0.29166666
6 0.546875 0.094166666 0.53333336 0.18583333 0.51197916 0.29916668 0.5104167 0.315 0.5515625 0.33166668 0.58020836 0.3325 0.60520834 0.36166668 0.61145836 0.3425 0.62708336 0.24083333 0.65 0.14083333 0.64947915 0.12833333 0.59583336 0.10666667 0.55 0.08833333
6 0.2328125 0.19333333 0.20989583 0.31583333 0.23072916 0.33583334 0.29739583 0.38166666 0.3015625 0.38833332 0.31041667 0.33666667 0.29010418 0.27083334 0.29427084 0.26083332 0.25572917 0.21333334 0.23854166 0.2
6 0.421875 0.15416667 0.4109375 0.16166666 0.36302084 0.2175 0.328125 0.24916667 0.30677083 0.255 0.29010418 0.27 0.31145832 0.34166667 0.325 0.3825 0.365625 0.29083332 0.3734375 0.295 0.4015625 0.34416667 0.409375 0.35333332 0.4578125 0.32333332 0.4703125 0.31 0.42760417 0.16916667 0.425 0.15916666
6 0.26458332 0.029166667 0.24166666 0.105 0.2265625 0.15833333 0.21302083 0.17916666 0.2265625 0.19 0.2359375 0.195 0.23958333 0.20083334 0.25260416 0.20916666 0.29375 0.26083332 0.29114583 0.26833335 0.30833334 0.25416666 0.32708332 0.24916667 0.36145833 0.21833333 0.39739582 0.17666666 0.39739582 0.1675 0.3875 0.14833333 0.3296875 0.1075 0.2796875 0.039166667
6 0.30625 0.0 0.29114583 0.055833332 0.3140625 0.08583333 0.32916668 0.10666667 0.38854167 0.14916667 0.39739582 0.1675 0.39791667 0.17583333 0.41927084 0.15416667 0.4359375 0.095 0.4234375 0.08083333 0.36510417 0.055833332 0.34114584 0.034166668 0.3171875 0.0
6 0.0026041667 0.33583334 0.0 0.3425 0.0 0.36083335 0.0140625 0.42083332 0.031770833 0.4975 0.0359375 0.565 0.0421875 0.5783333 0.146875 0.5391667 0.14479166 0.5058333 0.13958333 0.49166667 0.11770833 0.3525 0.1171875 0.31416667 0.075 0.32
