18 0.90833336 0.36666667 0.8833333 0.35 0.87604165 0.35583332 0.86875 0.36833334 0.86302084 0.38666666 0.84791666 0.43916667 0.79791665 0.55833334 0.7859375 0.5941667 0.78333336 0.6066667 0.78802085 0.63 0.81354165 0.65166664 0.8697917 0.72 0.88125 0.73 0.88645834 0.73 0.89270836 0.7241667 0.89947915 0.7108333 0.91875 0.6533333 0.95729166 0.55833334 0.99010414 0.48333332 0.9927083 0.465 0.990625 0.44666666 0.9703125 0.425 0.9380208 0.38916665 0.91770834 0.3725
18 0.92604166 0.6641667 0.91822916 0.72 0.9140625 0.72583336 0.90520835 0.73333335 0.89270836 0.7275 0.90416664 0.69666666 0.9192708 0.6525 0.92864585 0.63
18 0.8442708 0.71166664 0.79375 0.695 0.78802085 0.68666667 0.784375 0.67 0.7875 0.63416666 0.7885417 0.6308333 0.81458336 0.6525 0.84739584 0.6933333 0.86875 0.7191667
18 0.515625 0.8333333 0.459375 0.8616667 0.428125 0.88 0.40416667 0.89416665 0.38958332 0.8983333 0.3765625 0.8875 0.36614582 0.8541667 0.33645833 0.7391667 0.33645833 0.7033333 0.34635416 0.69166666 0.40833333 0.65833336 0.5203125 0.5941667 0.5307292 0.5991667 0.5375 0.6091667 0.5609375 0.7125 0.57708335 0.785 0.57395834 0.8025 0.5651042 0.81 0.5520833 0.81416667
18 0.565625 0.8616667 0.55052084 0.8825 0.49114582 0.9533333 0.471875 0.9633333 0.45677084 0.9483333 0.428125 0.88 0.459375 0.8616667 0.553125 0.81416667 0.5651042 0.81 0.57447916 0.8016667 0.5765625 0.7841667 0.5729167 0.7675 0.5390625 0.6141667 0.55052084 0.6066667 0.5625 0.6116667 0.57604164 0.6358333 0.609375 0.70166665 0.628125 0.7391667 0.63177085 0.75916666 0.6244792 0.7758333 0.60572916 0.80583334 0.5755208 0.83916664 0.5703125 0.84833336
18 0.81041664 0.14583333 0.7838542 0.21333334 0.759375 0.25833333 0.7484375 0.28416666 0.740625 0.3125 0.72864586 0.34416667 0.7203125 0.3625 0.71458334 0.3775 0.7057292 0.37916666 0.6953125 0.37583333 0.67760414 0.3575 0.6166667 0.28833333 0.60729164 0.27666667 0.60260415 0.26 0.60520834 0.24666667 0.62135416 0.21916667 0.6380208 0.18333334 0.6515625 0.15166667 0.65833336 0.12 0.69166666 0.024166666 0.7005208 0.0 0.7114583 0.0 0.72447914 0.0 0.7526042 0.030833334 0.8072917 0.079166666 0.81875 0.100833334 0.81927085 0.12416667
18 0.209375 0.4675 0.19479166 0.41166666 0.17135416 0.44916666 0.17135416 0.46833333 0.17916666 0.48333332 0.19322917 0.50333333 0.234375 0.56166667 0.2546875 0.5975 0.26510417 0.6025 0.27708334 0.6025 0.28697917 0.5875 0.30833334 0.545 0.31822917 0.5233333 0.309375 0.5183333 0.27760416 0.50916666 0.2453125 0.49916667 0.23385416 0.49583334 0.22864583 0.48583335 0.21510416 0.47916666
18 0.34322917 0.51916665 0.31041667 0.51916665 0.23333333 0.49583334 0.22916667 0.485 0.24166666 0.47416666 0.27291667 0.44833332 0.33072916 0.41583332 0.34010416 0.40416667 0.34270832 0.38166666 0.3265625 0.31583333 0.30989584 0.2525 0.284375 0.15 0.30729166 0.15666667 0.39114583 0.18833333 0.39635417 0.19333333 0.40364584 0.21166667 0.39895833 0.225 0.38958332 0.27333334 0.38489583 0.29666665 0.38072917 0.30666667 0.37083334 0.46833333 0.3625 0.5025 0.353125 0.515
18 0.4109375 0.3825 0.39270833 0.40833333 0.37291667 0.445 0.37760416 0.36166668 0.38125 0.30666667 0.38541666 0.2975 0.4125 0.34833333 0.415625 0.37083334
18 0.1671875 0.14083333 0.209375 0.115 0.24114583 0.08916666 0.25729167 0.086666666 0.265625 0.0875 0.2734375 0.108333334 0.2859375 0.15833333 0.31458333 0.26916668 0.34270832 0.38166666 0.34010416 0.40416667 0.33072916 0.41583332 0.27291667 0.44833332 0.22864583 0.485 0.225 0.48333332 0.21510416 0.47916666 0.209375 0.4675 0.18802084 0.385 0.14739583 0.22916667 0.13802083 0.19166666 0.13541667 0.16833334 0.14270833 0.15416667
18 0.86614585 0.37916666 0.85729164 0.40833333 0.8484375 0.43666667 0.8015625 0.54833335 0.8052083 0.52416664 0.80885416 0.48833334 0.81614584 0.4275 0.8197917 0.38083333 0.8255208 0.37 0.834375 0.36416668 0.8671875 0.37
