8 0.21197917 0.6425 0.21354167 0.65166664 0.21510416 0.6566667 0.21666667 0.66083336 0.21822916 0.6616667 0.22552083 0.6575 0.23541667 0.6525 0.23697917 0.6508333 0.2375 0.64916664 0.23802084 0.64666665 0.23645833 0.6408333 0.234375 0.6333333 0.23229167 0.63416666 0.23020834 0.635 0.21822916 0.64 0.21145834 0.64
8 0.28489584 0.43333334 0.28854167 0.44666666 0.30625 0.495 0.3109375 0.5125 0.31458333 0.5108333 0.315625 0.5108333 0.31875 0.51416665 0.321875 0.5183333 0.325 0.52916664 0.33177084 0.56083333 0.33541667 0.57166666 0.33385417 0.575 0.321875 0.585 0.30520833 0.60083336 0.28489584 0.61083335 0.2703125 0.62083334 0.26875 0.6225 0.26770833 0.60833335 0.26666668 0.5925 0.2671875 0.5733333 0.253125 0.55583334 0.259375 0.54833335 0.26145834 0.53583336 0.27135417 0.51916665 0.27552083 0.50416666 0.27708334 0.4825 0.28229168 0.45166665
8 0.27916667 0.41333333 0.2703125 0.38333333 0.26197916 0.35916665 0.2578125 0.35 0.25052083 0.34583333 0.2453125 0.345 0.23958333 0.34666666 0.22864583 0.35583332 0.19895834 0.3875 0.15677084 0.42583334 0.14895834 0.43416667 0.14739583 0.44083333 0.14583333 0.4475 0.14583333 0.45416668 0.14635417 0.45916668 0.1484375 0.46583334 0.1515625 0.47083333 0.17395833 0.45916668 0.2296875 0.43416667 0.26927084 0.41833332
8 0.559375 0.0575 0.55572915 0.048333332 0.55 0.041666668 0.54479164 0.038333334 0.53802085 0.038333334 0.52916664 0.0425 0.51927084 0.045833334 0.50104165 0.050833333 0.48854166 0.058333334 0.475 0.06666667 0.46302083 0.07083333 0.44947916 0.071666665 0.44114584 0.07333333 0.43229166 0.075833336 0.4125 0.0825 0.4015625 0.08583333 0.39947918 0.0925 0.396875 0.086666666 0.3875 0.09166667 0.38177082 0.093333334 0.378125 0.08916666 0.37395832 0.08583333 0.36875 0.08583333 0.36510417 0.090833336 0.36979166 0.1325 0.384375 0.23416667 0.39166668 0.28 0.39322916 0.29333332 0.39427084 0.295 0.39791667 0.29583332 0.40104166 0.2975 0.40677083 0.29583332 0.4171875 0.29 0.41822916 0.28666666 0.41875 0.28166667 0.4203125 0.27916667 0.4234375 0.2825 0.425 0.28333333 0.43020833 0.28 0.44114584 0.27083334 0.45729166 0.26083332 0.46510416 0.25666666 0.484375 0.25166667 0.5265625 0.24333334 0.546875 0.23416667 0.56041664 0.2325 0.56614584 0.23083334 0.57135415 0.225 0.575 0.21583334 0.57604164 0.20083334 0.56822914 0.14833333 0.5630208 0.115833335 0.5598958 0.09583333 0.5598958 0.08833333 0.5609375 0.07083333 0.5609375 0.0625
8 0.434375 0.2775 0.43333334 0.29833335 0.4359375 0.31583333 0.4375 0.33083335 0.4375 0.37666667 0.440625 0.42083332 0.44322917 0.42666668 0.44635418 0.4325 0.45104167 0.43583333 0.45364583 0.43666667 0.45729166 0.43666667 0.46614584 0.43083334 0.48645833 0.4225 0.49895832 0.4225 0.50677085 0.4225 0.5125 0.4225 0.52447915 0.41833332 0.5541667 0.415 0.56354165 0.41 0.5671875 0.40666667 0.571875 0.40083334 0.57604164 0.39083335 0.5776042 0.37916666 0.5703125 0.32666665 0.5630208 0.26166666 0.5598958 0.2325 0.546875 0.23416667 0.52708334 0.24333334 0.48645833 0.25 0.4640625 0.2575 0.44427082 0.26833335 0.43385416 0.27666667
8 0.684375 0.23416667 0.67864585 0.23916666 0.6744792 0.24666667 0.67291665 0.25 0.6723958 0.25333333 0.67552084 0.3 0.6770833 0.32583332 0.68177086 0.26666668
8 0.7984375 0.22833334 0.79583335 0.22333333 0.7921875 0.22083333 0.7864583 0.22083333 0.7661458 0.22666667 0.7682292 0.22666667 0.775 0.2275 0.7828125 0.22666667 0.79322916 0.22833334
8 0.809375 0.41666666 0.815625 0.45416668 0.81875 0.48 0.8151042 0.48333332 0.8151042 0.485 0.8151042 0.48666668 0.8171875 0.4875 0.81927085 0.48833334 0.82135415 0.5 0.82239586 0.55 0.82135415 0.565 0.8177083 0.575 0.8125 0.5808333 0.80833334 0.5833333 0.80052084 0.58416665 0.79479164 0.5833333 0.79114586 0.5833333 0.79375 0.5783333 0.79479164 0.5541667 0.7963542 0.5425 0.79791665 0.5258333 0.8 0.51666665 0.796875 0.5158333 0.79583335 0.5133333 0.796875 0.51166666 0.7984375 0.51166666 0.80104166 0.51166666 0.803125 0.48416665 0.8078125 0.43333334
8 0.68645835 0.5775 0.6880208 0.58166665 0.6901042 0.5833333 0.6927083 0.58416665 0.7114583 0.585 0.71979165 0.585 0.69895834 0.58
8 0.82916665 0.25333333 0.8265625 0.24416667 0.8229167 0.23916666 0.8197917 0.23416667 0.81614584 0.23166667 0.8109375 0.23083334 0.796875 0.22833334 0.78020835 0.22666667 0.77447915 0.2275 0.7671875 0.2275 0.75885415 0.225 0.7395833 0.21666667 0.7203125 0.21083333 0.70208335 0.20666666 0.6979167 0.2075 0.69427085 0.21166667 0.6901042 0.21583334 0.6875 0.22166666 0.68541664 0.2275 0.684375 0.2325 0.6796875 0.29666665 0.6765625 0.34333333 0.6703125 0.4075 0.66614586 0.45 0.66197914 0.47583333 0.6635417 0.47833332 0.6640625 0.48083332 0.6635417 0.48333332 0.6609375 0.48333332 0.65989584 0.48833334 0.6557292 0.52416664 0.6546875 0.5441667 0.6557292 0.5516667 0.6578125 0.55916667 0.6609375 0.56416667 0.6635417 0.5683333 0.66822916 0.57166666 0.67552084 0.5733333 0.68541664 0.57666665 0.70625 0.58166665 0.74322915 0.59 0.75364584 0.5925 0.78020835 0.5975 0.78541666 0.5933333 0.7895833 0.5858333 0.7916667 0.5825 0.79322916 0.5775 0.79479164 0.55 0.7994792 0.5175 0.7973958 0.5158333 0.7963542 0.5133333 0.79791665 0.5125 0.80104166 0.51166666 0.80625 0.44666666 0.809375 0.4125 0.8109375 0.36416668 0.8151042 0.3225 0.82447916 0.28666666 0.82916665 0.25916666
8 0.559375 0.585 0.5546875 0.58166665 0.5484375 0.5825 0.5442708 0.5858333 0.540625 0.58916664 0.49739584 0.6825 0.47447917 0.7341667 0.4734375 0.74083334 0.475 0.75 0.4765625 0.755 0.484375 0.7658333 0.5078125 0.7975 0.5130208 0.80333334 0.51458335 0.7916667 0.5171875 0.79 0.51927084 0.79083335 0.51979166 0.79 0.51927084 0.7866667 0.51770836 0.7841667 0.51666665 0.78333336 0.52708334 0.735 0.54010415 0.68583333 0.54791665 0.6375 0.5546875 0.6125 0.55833334 0.6016667 0.559375 0.5933333
8 0.66875 0.7291667 0.6802083 0.7416667 0.7005208 0.765 0.71510416 0.78333336 0.7182292 0.7925 0.7192708 0.8 0.7192708 0.8075 0.715625 0.8175 0.69895834 0.84583336 0.6875 0.86 0.6828125 0.8675 0.6802083 0.875 0.67604166 0.88916665 0.6645833 0.9225 0.65208334 0.95 0.6479167 0.95416665 0.6432292 0.9558333 0.6354167 0.95416665 0.63177085 0.95166665 0.6234375 0.94 0.61822915 0.93333334 0.625 0.93416667 0.62864584 0.93416667 0.6322917 0.93083334 0.63489586 0.9266667 0.6380208 0.9191667 0.640625 0.8975 0.6453125 0.86083335 0.6458333 0.8516667 0.64427084 0.85 0.6489583 0.8475 0.6479167 0.84166664 0.65 0.825 0.65625 0.7941667 0.6645833 0.75
8 0.69114584 0.6066667 0.68854165 0.5975 0.6859375 0.5933333 0.6802083 0.5908333 0.6640625 0.58666664 0.6453125 0.5825 0.63489586 0.58166665 0.6296875 0.5833333 0.62395835 0.5833333 0.61822915 0.58166665 0.61041665 0.5725 0.5989583 0.55583334 0.59010416 0.54583335 0.5833333 0.5416667 0.5796875 0.54083335 0.5755208 0.54083335 0.5729167 0.5416667 0.56927085 0.54583335 0.56614584 0.5491667 0.5640625 0.5541667 0.5625 0.56083333 0.56041664 0.5808333 0.559375 0.5925 0.55885416 0.60083336 0.5541667 0.61333334 0.54791665 0.63666666 0.54270834 0.6675 0.54010415 0.68333334 0.5307292 0.7216667 0.51979166 0.7683333 0.51666665 0.7825 0.5182292 0.785 0.51927084 0.7866667 0.51927084 0.78833336 0.51979166 0.79 0.51770836 0.79 0.51458335 0.7916667 0.5130208 0.8041667 0.51197916 0.8066667 0.50572914 0.83916664 0.5026042 0.8566667 0.5026042 0.8616667 0.50364584 0.8675 0.5046875 0.87166667 0.50625 0.87666667 0.5078125 0.8808333 0.50989586 0.8833333 0.5130208 0.8858333 0.5385417 0.8975 0.57135415 0.915 0.6098958 0.9316667 0.61875 0.93333334 0.628125 0.93416667 0.6328125 0.93083334 0.6354167 0.92583334 0.63854164 0.91833335 0.64427084 0.86833334 0.6453125 0.8616667 0.6453125 0.8525 0.64427084 0.85 0.6484375 0.8466667 0.6479167 0.84166664 0.65052086 0.8233333 0.65625 0.7941667 0.6671875 0.7375 0.6723958 0.70416665 0.6796875 0.6716667 0.6901042 0.6325 0.6927083 0.6141667 0.6921875 0.61
3 0.28229168 0.41333333 0.22916667 0.43416667 0.16458334 0.46416667 0.14270833 0.47583333 0.14635417 0.49583334 0.1515625 0.5175 0.15364583 0.56416667 0.15677084 0.59833336 0.1578125 0.61083335 0.15677084 0.62083334 0.15052083 0.62416667 0.14791666 0.66583335 0.14635417 0.6716667 0.1484375 0.675 0.15833333 0.6741667 0.16770834 0.67083335 0.17552084 0.6591667 0.18020834 0.65166664 0.1890625 0.63416666 0.20260416 0.6408333 0.2109375 0.6408333 0.21770833 0.64 0.23072916 0.635 0.234375 0.6325 0.2359375 0.6408333 0.23958333 0.65 0.2421875 0.65416664 0.24427083 0.65833336 0.2484375 0.66333336 0.25416666 0.6675 0.259375 0.6675 0.26354167 0.665 0.2671875 0.65833336 0.26875 0.64916664 0.26927084 0.62833333 0.26666668 0.5925 0.2671875 0.57416666 0.25729167 0.56083333 0.25364584 0.55583334 0.25989583 0.5475 0.26145834 0.5366667 0.27135417 0.51916665 0.27552083 0.50333333 0.278125 0.4775 0.28385416 0.44 0.28541666 0.42583334 0.28541666 0.41833332
