1 0.0015625 0.0 0.07760417 0.0975 0.1234375 0.15 0.1375 0.16166666 0.1453125 0.165 0.15416667 0.17083333 0.15572916 0.1775 0.15 0.19166666 0.11145833 0.2625 0.10520833 0.275 0.09166667 0.30416667 0.08177083 0.32333332 0.07083333 0.30916667 0.0609375 0.27416667 0.033854168 0.2275 0.0 0.1825
8 0.18333334 0.1775 0.259375 0.26083332 0.26979166 0.26916668 0.27760416 0.28083333 0.28177083 0.29416665 0.2796875 0.3125 0.27135417 0.33416668 0.215625 0.45916668 0.18333334 0.54583335 0.17135416 0.57 0.15625 0.57916665 0.1421875 0.5733333 0.084895834 0.51416665 0.057291668 0.49166667 0.0453125 0.4725 0.044791665 0.45333335 0.054166667 0.43166667 0.071875 0.40916666 0.083333336 0.3875 0.12760417 0.26833335 0.14583333 0.23 0.16197917 0.195 0.16614583 0.18166667 0.1671875 0.18083334
18 0.4078125 0.0475 0.44010416 0.0175 0.45520833 0.0025 0.46822917 0.0 0.49114582 0.0 0.4984375 0.0058333334 0.528125 0.071666665 0.559375 0.14583333 0.5833333 0.20333333 0.6 0.23916666 0.6 0.25583333 0.59947914 0.26833335 0.5885417 0.2775 0.56666666 0.3025 0.52760416 0.34916666 0.50572914 0.37083334 0.4953125 0.37083334 0.4859375 0.36666667 0.47395834 0.3425 0.40833333 0.18833333 0.38333333 0.13916667 0.37395832 0.115 0.37552083 0.100833334 0.38020834 0.07833333 0.38802084 0.06583333
4 0.4078125 0.265 0.42916667 0.3125 0.42760417 0.32583332 0.41614583 0.33916667 0.3484375 0.41833332 0.34375 0.43083334 0.34114584 0.45333335 0.33802083 0.47916666 0.3359375 0.48833334 0.28333333 0.5475 0.284375 0.5566667 0.27395833 0.5566667 0.25989583 0.55083334 0.24635416 0.5425 0.23125 0.5258333 0.2171875 0.48833334 0.21458334 0.4625 0.24895833 0.38583332 0.26197916 0.355 0.2734375 0.35416666 0.2921875 0.3575 0.31145832 0.36166668 0.32239583 0.35083333 0.36510417 0.2975 0.3875 0.27083334 0.3953125 0.26416665 0.39947918 0.25916666
1 0.6171875 0.0 0.7161458 0.00083333335 0.66041666 0.1275 0.6557292 0.1525 0.65520835 0.17166667 0.65416664 0.18583333 0.621875 0.155 0.6041667 0.1225 0.58697915 0.0925 0.5755208 0.07083333 0.5677083 0.053333335 0.5796875 0.054166667 0.5890625 0.051666666 0.603125 0.018333333 0.6098958 0.0033333334
3 0.7109375 0.16333333 0.72864586 0.14833333 0.740625 0.14416666 0.75104165 0.14 0.765625 0.14166667 0.77916664 0.12416667 0.7895833 0.1175 0.8046875 0.1325 0.80625 0.14833333 0.79270834 0.15916666 0.78489584 0.1675 0.8098958 0.17833333 0.82708335 0.17833333 0.83177084 0.19166666 0.8385417 0.2125 0.81666666 0.24 0.7807292 0.29666665 0.73645836 0.35583332 0.71875 0.37333333 0.7083333 0.3525 0.70416665 0.33916667 0.70989585 0.32 0.7078125 0.28916666 0.68645835 0.23333333 0.675 0.20333333 0.675 0.185 0.675 0.1775 0.68177086 0.1675 0.70677084 0.1675
2 0.6020833 0.26583335 0.6770833 0.36333334 0.6880208 0.37583333 0.6203125 0.51 0.55572915 0.63666666 0.53802085 0.6716667 0.42708334 0.5316667 0.40416667 0.495 0.39739582 0.48666668 0.4109375 0.45916668 0.45260417 0.37916666 0.47447917 0.34583333 0.48854166 0.37 0.5046875 0.3725 0.52135414 0.35583332 0.5677083 0.30083334 0.58958334 0.27833334 0.5953125 0.2725
12 0.6020833 0.59166664 0.66979164 0.5875 0.7015625 0.57416666 0.71510416 0.76416665 0.71770835 0.86833334 0.72447914 0.9225 0.71770835 0.93916667 0.7015625 0.9508333 0.66510415 0.955 0.63958335 0.95 0.6302083 0.94416666 0.6234375 0.85583335 0.62135416 0.7825 0.615625 0.74583334 0.6145833 0.7191667 0.61041665 0.68416667 0.6078125 0.6483333 0.60364586 0.6175 0.6010417 0.60083336
3 0.61822915 0.5325 0.63697916 0.5325 0.6744792 0.5258333 0.69635415 0.5283333 0.71979165 0.5308333 0.73645836 0.53583336 0.75364584 0.545 0.75885415 0.55333334 0.7552083 0.5725 0.746875 0.60333335 0.7348958 0.62833333 0.740625 0.6433333 0.7494792 0.66083336 0.746875 0.7033333 0.75885415 0.7275 0.746875 0.7316667 0.71302086 0.73083335 0.70989585 0.68333334 0.7046875 0.6075 0.7015625 0.5733333 0.6958333 0.57666665 0.6703125 0.5858333 0.61145836 0.5908333 0.6119792 0.5875 0.61041665 0.55583334 0.61145836 0.54333335
3 0.6109375 0.6925 0.60364586 0.70166665 0.60364586 0.7191667 0.60260415 0.7425 0.61510414 0.74 0.61510414 0.72083336 0.61302084 0.70416665
19 0.9296875 0.54333335 0.9760417 0.44083333 0.9947917 0.38 1.0 0.36666667 1.0 0.6483333 0.94114584 0.60083336 0.9234375 0.5858333 0.92083335 0.5708333 0.921875 0.56166667
7 0.23802084 0.55083334 0.25885418 0.6483333 0.26927084 0.6816667 0.2734375 0.71416664 0.29583332 0.76416665 0.32239583 0.84583336 0.30416667 0.86 0.2578125 0.86833334 0.21979167 0.87916666 0.20208333 0.89916664 0.16510417 0.9375 0.1484375 0.9683333 0.12291667 0.9766667 0.108333334 0.9458333 0.096354164 0.9141667 0.080729164 0.8475 0.033333335 0.73583335 0.027083334 0.7008333 0.035416666 0.69166666 0.065104164 0.68 0.114583336 0.65833336 0.140625 0.6533333 0.17395833 0.6125 0.2078125 0.5725 0.23020834 0.55083334
13 0.2828125 0.54833335 0.39479166 0.81416667 0.40729168 0.8183333 0.425 0.80333334 0.43541667 0.7925 0.40677083 0.75333333 0.39270833 0.70916665 0.35572916 0.6041667 0.4328125 0.5416667 0.415625 0.5108333 0.396875 0.48666668 0.396875 0.48666668 0.41614583 0.4475 0.40364584 0.4225 0.39791667 0.42416668 0.3640625 0.45666668 0.32552084 0.50083333
9 0.55572915 0.63916665 0.5375 0.6716667 0.534375 0.6675 0.43333334 0.54 0.35729167 0.6041667 0.359375 0.6125 0.40729168 0.75333333 0.4375 0.79583335 0.47395834 0.8441667 0.50416666 0.885 0.51666665 0.8958333 0.540625 0.88416666 0.57708335 0.845 0.60260415 0.8258333 0.57604164 0.7241667 0.5598958 0.6591667
6 0.8151042 0.3875 0.8296875 0.35583332 0.840625 0.33333334 0.88177085 0.24583334 0.90208334 0.19583334 0.9078125 0.18833333 0.9192708 0.205 0.96770835 0.24166666 0.9927083 0.26833335 0.99010414 0.2825 0.9859375 0.29666665 0.940625 0.37583333 0.9369792 0.38583332 0.9348958 0.4 0.9166667 0.45583335 0.90520835 0.47666666 0.8453125 0.41583332
