15 0.16979167 0.45083332 0.1703125 0.44583333 0.17447917 0.44083333 0.171875 0.4375 0.17239584 0.43416667 0.17395833 0.43333334 0.16979167 0.4275 0.16614583 0.42666668 0.16666667 0.42416668 0.16927083 0.41833332 0.17552084 0.41416666 0.17760417 0.41833332 0.1796875 0.42666668 0.1828125 0.425 0.18385416 0.42583334 0.1859375 0.43166667 0.19114584 0.43083334 0.19479166 0.43583333 0.19947916 0.44333333 0.2 0.44666666
15 0.4015625 0.7291667 0.3328125 0.725 0.2859375 0.7216667 0.24947916 0.72 0.23645833 0.7175 0.2296875 0.7125 0.225 0.70166665 0.21979167 0.7008333 0.21979167 0.6958333 0.21770833 0.69666666 0.21302083 0.70166665 0.21041666 0.6975 0.209375 0.69166666 0.21145834 0.6825 0.21458334 0.6816667 0.21927084 0.685 0.22135417 0.685 0.22291666 0.68083334 0.22552083 0.68083334 0.22864583 0.675 0.2328125 0.67 0.23697917 0.66833335 0.24791667 0.6675 0.28177083 0.6675 0.31927082 0.67083335 0.34010416 0.67083335 0.4015625 0.6775 0.43177083 0.67833334 0.4453125 0.6816667 0.45104167 0.6875 0.45416668 0.695 0.4546875 0.69916666 0.45677084 0.7 0.45833334 0.7025 0.459375 0.7008333 0.46354166 0.6975 0.46614584 0.6975 0.46822917 0.705 0.46770832 0.71 0.46614584 0.7108333 0.459375 0.7125 0.45885417 0.7133333 0.4578125 0.7158333 0.45416668 0.71666664 0.45208332 0.72333336 0.45104167 0.7266667 0.44635418 0.7291667 0.440625 0.73083335 0.42395833 0.73083335
15 0.41041666 0.52666664 0.3796875 0.53333336 0.34270832 0.54 0.328125 0.5441667 0.31822917 0.5416667 0.31354168 0.535 0.31041667 0.5283333 0.30677083 0.52916664 0.30364582 0.5283333 0.29947916 0.5283333 0.29479167 0.53 0.29427084 0.5258333 0.30104166 0.5233333 0.3015625 0.5208333 0.30416667 0.52 0.3046875 0.5125 0.30885416 0.51416665 0.30885416 0.50916666 0.3109375 0.50333333 0.315625 0.49666667 0.32239583 0.4925 0.33072916 0.48916668 0.34479168 0.485 0.35416666 0.48166665 0.37239584 0.47916666 0.40572917 0.4725 0.4265625 0.46833333 0.47291666 0.45583335 0.5171875 0.44666666 0.5265625 0.4475 0.53333336 0.4525 0.5359375 0.455 0.5385417 0.45583335 0.5421875 0.46 0.5421875 0.46166667 0.5484375 0.46083334 0.5520833 0.465 0.5515625 0.46916667 0.5473958 0.47083333 0.5421875 0.47166666 0.5416667 0.47416666 0.5385417 0.47583333 0.5359375 0.485 0.5317708 0.4925 0.52552086 0.49666667 0.49166667 0.50666666 0.45625 0.5175 0.41822916 0.5258333
15 0.23489584 0.6675 0.22083333 0.62333333 0.21197917 0.5933333 0.20260416 0.56 0.190625 0.525 0.18385416 0.50416666 0.19635417 0.50333333 0.20416667 0.5025 0.21822916 0.5 0.22916667 0.52916664 0.2375 0.55583334 0.25677082 0.6166667 0.271875 0.6666667
15 0.25677082 0.7416667 0.25208333 0.7241667 0.2515625 0.72083336 0.284375 0.7225 0.2890625 0.7225 0.2921875 0.73583335 0.29322916 0.74583334 0.29322916 0.75416666 0.29114583 0.7625 0.29114583 0.7658333 0.29166666 0.77166665 0.290625 0.7733333 0.2921875 0.7775 0.2921875 0.78833336 0.28958333 0.79083335 0.2828125 0.79 0.2828125 0.78 0.28125 0.7783333 0.28072917 0.7733333 0.275 0.7733333 0.26979166 0.77166665 0.26510417 0.765 0.25885418 0.7475
15 0.328125 0.545 0.32083333 0.5783333 0.31614584 0.605 0.31145832 0.63 0.30833334 0.6525 0.30833334 0.6616667 0.31041667 0.66583335 0.31458333 0.67 0.33489582 0.67 0.33854166 0.66 0.34583333 0.62333333 0.35625 0.5725 0.36302084 0.5366667 0.33958334 0.5416667
15 0.28645834 0.5541667 0.284375 0.525 0.2828125 0.5025 0.2828125 0.49 0.30885416 0.48583335 0.31614584 0.48666668 0.315625 0.49583334 0.3109375 0.5025 0.30885416 0.50916666 0.30885416 0.51416665 0.3046875 0.5125 0.30416667 0.52 0.3015625 0.5208333 0.30052084 0.5225 0.29375 0.525 0.29479167 0.53 0.3 0.5283333 0.30416667 0.5283333 0.30729166 0.52916664 0.31041667 0.5283333 0.31302083 0.535 0.31822917 0.5416667 0.32083333 0.54333335 0.32135418 0.5675 0.32135418 0.5725 0.3171875 0.5875 0.31458333 0.5908333 0.31510416 0.5966667 0.3125 0.5991667 0.31302083 0.6016667 0.315625 0.605 0.3140625 0.6125 0.309375 0.61333334 0.3046875 0.6141667 0.3046875 0.60083336 0.3015625 0.5991667 0.30104166 0.595 0.296875 0.5933333 0.29322916 0.59 0.28958333 0.58 0.28697917 0.5625
15 0.27864584 0.435 0.27604166 0.37916666 0.27083334 0.29416665 0.2703125 0.26416665 0.27239582 0.25416666 0.275 0.25083333 0.2796875 0.24833333 0.27864584 0.24416667 0.28072917 0.24083333 0.28177083 0.24 0.28020832 0.2375 0.2765625 0.23333333 0.28177083 0.22583333 0.2859375 0.22333333 0.28697917 0.22416666 0.28802082 0.23 0.2890625 0.23416667 0.28958333 0.23916666 0.290625 0.24166666 0.29166666 0.24583334 0.29166666 0.2475 0.29583332 0.24916667 0.29947916 0.25416666 0.30208334 0.26166666 0.30416667 0.28583333 0.30677083 0.32666665 0.30989584 0.36583334 0.31145832 0.39833334 0.31302083 0.43166667
15 0.35104167 0.42583334 0.3578125 0.3975 0.36979166 0.35 0.37447917 0.335 0.378125 0.32916668 0.3828125 0.32416666 0.38489583 0.32416666 0.3875 0.325 0.38802084 0.32083333 0.39166668 0.32166666 0.39166668 0.3075 0.39583334 0.3075 0.40052083 0.31083333 0.4046875 0.3175 0.40520832 0.32083333 0.40104166 0.325 0.39947918 0.3275 0.4 0.33083335 0.3984375 0.33416668 0.40208334 0.33916667 0.40260416 0.345 0.40208334 0.3525 0.4 0.36666667 0.39322916 0.39333335 0.38645834 0.42166665 0.38177082 0.44166666 0.38072917 0.43833333 0.3765625 0.43833333 0.37239584 0.43083334 0.36770833 0.42666668 0.35989583 0.425
15 0.40520832 0.4725 0.40572917 0.46916667 0.4078125 0.46666667 0.41041666 0.46666667 0.41197917 0.47083333
15 0.44270834 0.55583334 0.43125 0.54 0.42135417 0.5258333 0.44114584 0.52166665 0.465625 0.5158333 0.47916666 0.5341667 0.4859375 0.5425 0.5026042 0.56333333 0.51770836 0.5808333 0.5390625 0.605 0.55 0.6166667 0.55833334 0.6275 0.5833333 0.655 0.596875 0.6741667 0.59947914 0.6816667 0.60052085 0.6925 0.59947914 0.7025 0.6020833 0.6983333 0.6041667 0.7 0.603125 0.7058333 0.60833335 0.70916665 0.6109375 0.7108333 0.6109375 0.7158333 0.6088542 0.7216667 0.6046875 0.7175 0.60052085 0.7133333 0.5989583 0.71666664 0.5963542 0.7175 0.5942708 0.7158333 0.5953125 0.71166664 0.5942708 0.71166664 0.59166664 0.71416664 0.58177084 0.715 0.57239586 0.7083333 0.5520833 0.68583333 0.540625 0.6725 0.52708334 0.6558333 0.50104165 0.6275 0.46875 0.5883333
15 0.54322916 0.6775 0.52708334 0.7 0.50416666 0.73 0.4796875 0.7625 0.47447917 0.7675 0.46770832 0.77 0.4609375 0.7675 0.45989582 0.7675 0.45989582 0.7708333 0.45677084 0.7708333 0.45520833 0.76916665 0.45260417 0.77166665 0.44947916 0.78 0.446875 0.7783333 0.44375 0.7708333 0.44427082 0.76916665 0.45052084 0.76416665 0.44947916 0.7575 0.45208332 0.75416666 0.45364583 0.755 0.45260417 0.7441667 0.45416668 0.73333335 0.45729166 0.725 0.46666667 0.71166664 0.46979168 0.7075 0.4796875 0.6933333 0.49583334 0.6716667 0.509375 0.6533333 0.5171875 0.6458333
15 0.54270834 0.6075 0.55364585 0.5908333 0.578125 0.55583334 0.60052085 0.525 0.6067708 0.5183333 0.61354166 0.5158333 0.6197917 0.5183333 0.62135416 0.51416665 0.625 0.515 0.6276042 0.5058333 0.63125 0.5058333 0.63385415 0.50916666 0.63385415 0.51416665 0.6302083 0.52 0.62916666 0.5208333 0.6302083 0.525 0.6296875 0.5283333 0.62708336 0.5308333 0.62864584 0.5391667 0.628125 0.54583335 0.62604165 0.5541667 0.6234375 0.56083333 0.609375 0.58416665 0.59010416 0.61083335 0.5765625 0.6325 0.56927085 0.63916665
15 0.51197916 0.57416666 0.51875 0.54083335 0.521875 0.5233333 0.5265625 0.49666667 0.5317708 0.4925 0.5359375 0.485 0.5385417 0.47583333 0.5421875 0.47416666 0.5421875 0.47166666 0.5473958 0.47083333 0.5515625 0.46916667 0.5520833 0.465 0.5484375 0.46083334 0.54270834 0.46083334 0.54270834 0.45916668 0.5385417 0.455 0.5364583 0.455 0.53489584 0.45333335 0.540625 0.42 0.5515625 0.365 0.5552083 0.34833333 0.56614584 0.28833333 0.5708333 0.27 0.5755208 0.26333332 0.57916665 0.26 0.5807292 0.25916666 0.58229166 0.25333333 0.5828125 0.2525 0.5854167 0.2525 0.5864583 0.24 0.5921875 0.24 0.59739584 0.245 0.5963542 0.24916667 0.5932292 0.25666666 0.5953125 0.25916666 0.5953125 0.26333332 0.59479165 0.265 0.59791666 0.27 0.60052085 0.275 0.6010417 0.28833333 0.5984375 0.30416667 0.590625 0.34583333 0.58385414 0.385 0.5765625 0.42166665 0.57135415 0.45083332 0.56145835 0.50416666 0.5520833 0.55083334 0.54479164 0.58666664 0.54114586 0.6016667 0.5395833 0.605
15 0.58229166 0.39666668 0.5963542 0.41416666 0.6078125 0.43 0.6119792 0.44083333 0.6119792 0.45 0.6140625 0.45 0.6166667 0.45416668 0.61510414 0.4575 0.62083334 0.46083334 0.6244792 0.46333334 0.6223958 0.47166666 0.6177083 0.47916666 0.6109375 0.46833333 0.60833335 0.47 0.6067708 0.46666667 0.6046875 0.47 0.59479165 0.47166666 0.5875 0.465 0.575 0.45 0.57239586 0.4475
15 0.5416667 0.41083333 0.509375 0.37083334 0.44270834 0.2925 0.42864582 0.2725 0.42395833 0.2625 0.4234375 0.255 0.42395833 0.24666667 0.42135417 0.245 0.4203125 0.24333334 0.41979167 0.24083333 0.41770834 0.23916666 0.41458333 0.23833333 0.41354167 0.23583333 0.415625 0.23416667 0.41458333 0.23083334 0.41510418 0.22666667 0.41822916 0.22333333 0.42135417 0.22333333 0.42395833 0.22916667 0.425 0.23083334 0.42760417 0.2275 0.43072918 0.23166667 0.43177083 0.23583333 0.4359375 0.2325 0.440625 0.23166667 0.446875 0.235 0.46354166 0.25166667 0.47552082 0.26583335 0.5161458 0.31333333 0.5473958 0.35166666 0.55260414 0.3575
15 0.1484375 0.50083333 0.14375 0.495 0.140625 0.49666667 0.13645834 0.49416667 0.13489583 0.4925 0.1296875 0.49416667 0.12864584 0.48416665 0.12916666 0.4775 0.1375 0.47666666 0.13854167 0.47333333 0.14322917 0.47416666 0.14479166 0.46583334 0.14739583 0.46083334 0.15572916 0.45416668 0.16822916 0.45166665 0.18333334 0.44916666 0.21822916 0.44416666 0.26927084 0.43666667 0.28958333 0.43416667 0.32552084 0.43 0.34635416 0.42666668 0.36041668 0.42583334 0.36822918 0.4275 0.37291667 0.43166667 0.3765625 0.43833333 0.38020834 0.43916667 0.38177082 0.44166666 0.38229167 0.445 0.39114583 0.44333333 0.39166668 0.44583333 0.39114583 0.4575 0.3859375 0.45583335 0.38489583 0.45416668 0.3828125 0.45416668 0.38229167 0.4575 0.38229167 0.45916668 0.38020834 0.4625 0.378125 0.46166667 0.37708333 0.46583334 0.37447917 0.46916667 0.36666667 0.475 0.359375 0.4775 0.35104167 0.47916666 0.32708332 0.4825 0.30625 0.48583335 0.26979166 0.49166667 0.20364584 0.50166667 0.15989584 0.5058333 0.153125 0.505 0.15052083 0.50333333
