14 0.246875 0.26333332 0.21302083 0.245 0.20052083 0.245 0.20572917 0.28166667 0.21197917 0.3125 0.215625 0.325 0.21458334 0.32916668 0.19895834 0.33 0.19895834 0.33666667 0.20208333 0.345 0.20364584 0.33833334 0.3359375 0.37833333 0.325 0.33583334 0.33072916 0.31666666 0.33802083 0.31583333 0.33802083 0.32583332 0.35885417 0.31083333 0.37083334 0.29583332 0.26614583 0.2675
14 0.421875 0.29166666 0.40729168 0.29916668 0.40885416 0.30583334 0.40260416 0.30583334 0.38385418 0.30083334 0.3875 0.325 0.38645834 0.3425 0.40052083 0.39833334 0.41354167 0.40583333 0.41145834 0.4125 0.4203125 0.41416666 0.42239583 0.37166667 0.4234375 0.30416667
14 0.46927083 0.38166666 0.46197918 0.36416668 0.43958333 0.35916665 0.42760417 0.4775 0.4453125 0.48416665 0.4765625 0.46833333 0.48802084 0.47666666 0.534375 0.49166667 0.57395834 0.505 0.5859375 0.5058333 0.63645834 0.51916665 0.6390625 0.51666665 0.6557292 0.54083335 0.6588542 0.54 0.66979164 0.43666667 0.67083335 0.42083332 0.659375 0.42083332 0.65989584 0.42583334 0.65 0.42833334 0.6265625 0.42666668 0.5520833 0.41083333 0.49479166 0.39416668 0.47239584 0.3825
14 0.54479164 0.33 0.53802085 0.34333333 0.53229165 0.365 0.528125 0.36916667 0.52239585 0.37583333 0.50572914 0.3975 0.5520833 0.41083333 0.5755208 0.41583332 0.5651042 0.385 0.54895836 0.3425
14 0.4203125 0.47583333 0.41770834 0.47833332 0.421875 0.4975 0.43645832 0.5516667 0.4390625 0.5575 0.50208336 0.49416667 0.5109375 0.48416665 0.48802084 0.4775 0.4765625 0.46916667 0.4453125 0.48416665 0.428125 0.4775 0.42864582 0.46916667
14 0.36666667 0.5133333 0.35416666 0.525 0.36354166 0.54333335 0.365625 0.55583334 0.37552083 0.57916665 0.38177082 0.585 0.39635417 0.62166667 0.3984375 0.62 0.371875 0.5125
14 0.47760418 0.56 0.47864583 0.5925 0.490625 0.6116667 0.49427083 0.6475 0.496875 0.76 0.49895832 0.82916665 0.5026042 0.915 0.49427083 0.9316667 0.49427083 0.94666666 0.49947917 0.96666664 0.5072917 0.9583333 0.5328125 0.9533333 0.57239586 0.9575 0.57239586 0.9275 0.5708333 0.9216667 0.5697917 0.9216667 0.5609375 0.87916666 0.55677086 0.8641667 0.5546875 0.76416665 0.55052084 0.6641667 0.54791665 0.6166667 0.55260414 0.60833335 0.55572915 0.57916665 0.5541667 0.55 0.55104166 0.54833335
14 0.47708333 0.60833335 0.47135416 0.62 0.46614584 0.62166667 0.465625 0.6275 0.48333332 0.6675 0.4921875 0.7225 0.49583334 0.72083336 0.49427083 0.6475 0.490625 0.6125 0.48697916 0.60583335
14 0.6770833 0.44416666 0.68385416 0.4425 0.6979167 0.49833333 0.7104167 0.545 0.6979167 0.55833334 0.67291665 0.5625 0.61302084 0.6116667 0.5755208 0.6433333 0.55052084 0.6625 0.54791665 0.6166667 0.55260414 0.60833335 0.55572915 0.57916665 0.5546875 0.5566667 0.6098958 0.51166666 0.63697916 0.51916665 0.6390625 0.51666665 0.6557292 0.54083335 0.6588542 0.54083335 0.66875 0.44833332
14 0.48541668 0.8208333 0.46302083 0.825 0.45729166 0.8175 0.43125 0.8025 0.4296875 0.81333333 0.4265625 0.8308333 0.42604166 0.85 0.42447916 0.85833335 0.42552084 0.8666667 0.42604166 0.8883333 0.42447916 0.90166664 0.42916667 0.9141667 0.4328125 0.925 0.4359375 0.925 0.44010416 0.91333336 0.4828125 0.9141667 0.5026042 0.915 0.4984375 0.82666665 0.4984375 0.8225
14 0.6333333 0.82916665 0.6453125 0.8233333 0.65052086 0.8258333 0.665625 0.8258333 0.6567708 0.94166666 0.6458333 0.945 0.6390625 0.94416666 0.63697916 0.93833333 0.62864584 0.93333334 0.6255208 0.92833334 0.5697917 0.9216667 0.56041664 0.87583333 0.55677086 0.8641667 0.55572915 0.82666665 0.6119792 0.83 0.628125 0.83
14 0.38020834 0.28333333 0.359375 0.31083333 0.33854166 0.32666665 0.33802083 0.315 0.33072916 0.31666666 0.325 0.33583334 0.36875 0.49916667 0.39947918 0.62333333 0.4015625 0.62833333 0.39895833 0.66333336 0.40677083 0.6766667 0.4125 0.66333336 0.41302082 0.65833336 0.44583333 0.63 0.46927083 0.61833334 0.4671875 0.61083335 0.4515625 0.58916664 0.4359375 0.55083334 0.42083332 0.49333334 0.40416667 0.41333333 0.3859375 0.3425 0.38697916 0.325 0.38177082 0.2875
