20 0.45885417 0.76916665 0.49114582 0.7083333 0.53229165 0.6358333 0.5453125 0.61 0.55104166 0.5933333 0.5609375 0.57166666 0.5708333 0.5466667 0.5807292 0.5175 0.5911458 0.48083332 0.59739584 0.44666666 0.59583336 0.42916667 0.5828125 0.3875 0.5677083 0.35083333 0.55572915 0.3275 0.5317708 0.3 0.5078125 0.27166668 0.5015625 0.27166668 0.49583334 0.28083333 0.4765625 0.3325 0.47239584 0.34916666 0.49322918 0.35833332 0.5375 0.38083333 0.54322916 0.38416666 0.5442708 0.39333335 0.54479164 0.40416667 0.53489584 0.4525 0.53020835 0.47166666 0.51770836 0.5316667 0.50364584 0.5875 0.4984375 0.61583334 0.48958334 0.6616667 0.4765625 0.70666665 0.46822917 0.7241667 0.45729166 0.74 0.453125 0.74583334 0.44375 0.7708333 0.44375 0.77916664 0.44739583 0.78 0.45 0.785
20 0.49635416 0.74 0.47708333 0.7816667 0.44739583 0.8441667 0.4484375 0.83416665 0.4515625 0.7975 0.45052084 0.78333336 0.4859375 0.7183333 0.5182292 0.6616667 0.54479164 0.61083335 0.55104166 0.59166664 0.56041664 0.57416666 0.56458336 0.56 0.565625 0.565 0.5651042 0.57916665 0.56041664 0.59166664 0.55 0.6166667 0.51927084 0.68833333
20 0.49375 0.78 0.50208336 0.7825 0.5078125 0.7825 0.5182292 0.78333336 0.53020835 0.7808333 0.5385417 0.77416664 0.5463542 0.7658333 0.5515625 0.7375 0.553125 0.6933333 0.55260414 0.6383333 0.5520833 0.61 0.503125 0.72583336 0.48125 0.77166665 0.484375 0.7733333
20 0.28541666 0.76666665 0.2921875 0.77666664 0.28645834 0.79833335 0.2765625 0.8441667 0.27395833 0.87833333 0.2703125 0.9175 0.271875 0.93416667 0.2765625 0.9433333 0.30989584 0.9558333 0.34114584 0.96666664 0.37708333 0.9741667 0.35989583 1.0 0.30416667 1.0 0.29375 0.9866667 0.28072917 0.97333336 0.27239582 0.9916667 0.2625 0.9916667 0.25729167 0.9866667 0.24427083 0.9633333 0.23854166 0.9375 0.23854166 0.92833334 0.2453125 0.9141667 0.24895833 0.89916664 0.26822916 0.80916667 0.28229168 0.7733333
20 0.32447916 0.62083334 0.26822916 0.71166664 0.26666668 0.72333336 0.26666668 0.73083335 0.26770833 0.74083334 0.2703125 0.74833333 0.29114583 0.7733333 0.29270834 0.7775 0.30729166 0.7133333 0.32708332 0.635 0.32916668 0.625
20 0.36666667 0.44166666 0.3 0.4875 0.3015625 0.51 0.30208334 0.5233333 0.30208334 0.53583336 0.31145832 0.57166666 0.35364583 0.47833332 0.36458334 0.46 0.36875 0.43916667
20 0.30989584 0.5725 0.30833334 0.58666664 0.30885416 0.5941667 0.3109375 0.6041667 0.31614584 0.6116667 0.32447916 0.62166667 0.32864583 0.625 0.33489582 0.5941667 0.36354166 0.46916667 0.36458334 0.46 0.35364583 0.47833332 0.31197917 0.57
20 0.2921875 0.4925 0.28229168 0.52916664 0.27708334 0.5466667 0.26927084 0.5566667 0.25989583 0.5575 0.25364584 0.55583334 0.24427083 0.545 0.240625 0.535 0.24010417 0.5058333 0.24427083 0.42833334 0.25208333 0.35583332 0.2625 0.27333334 0.26927084 0.25583333 0.2875 0.24583334 0.3125 0.2375 0.3640625 0.22666667 0.390625 0.22333333 0.428125 0.22666667 0.49635416 0.2375 0.5104167 0.2375 0.54270834 0.245 0.5515625 0.25416666 0.55572915 0.2675 0.5541667 0.325 0.5083333 0.27083334 0.50104165 0.27166668 0.4953125 0.28166667 0.4765625 0.33166668 0.47239584 0.34833333 0.453125 0.33916667 0.4125 0.32416666 0.403125 0.32333332 0.3984375 0.32666665 0.3921875 0.33583334 0.38854167 0.34666666 0.37604168 0.39833334 0.36875 0.43916667 0.365625 0.44166666 0.31666666 0.47583333 0.29583332 0.49083334
20 0.3578125 0.19666667 0.31822917 0.20666666 0.30572918 0.2125 0.25416666 0.25416666 0.22708334 0.27916667 0.21302083 0.29166666 0.21614583 0.29166666 0.22239584 0.28583333 0.228125 0.29083332 0.23541667 0.30166668 0.23645833 0.30583334 0.2359375 0.31 0.25364584 0.3475 0.2625 0.2725 0.26927084 0.25583333 0.28854167 0.245 0.3125 0.2375 0.3640625 0.22666667 0.37916666 0.22416666 0.3734375 0.19916667 0.36979166 0.19833334 0.3625 0.1975
20 0.5307292 0.18916667 0.484375 0.19333333 0.39895833 0.21166667 0.39270833 0.22 0.39166668 0.22333333 0.40364584 0.22416666 0.44166666 0.22833334 0.4953125 0.2375 0.50989586 0.2375 0.54322916 0.245 0.54479164 0.24666667 0.54479164 0.225 0.54322916 0.205 0.5375 0.19333333 0.534375 0.18916667
20 0.45364583 0.34 0.41510418 0.325 0.40729168 0.32333332 0.40364584 0.32333332 0.39791667 0.3275 0.3921875 0.335 0.38802084 0.34833333 0.37552083 0.39916667 0.36354166 0.46833333 0.33385417 0.59833336 0.32708332 0.6358333 0.31666666 0.6741667 0.30572918 0.7175 0.2953125 0.7633333 0.28645834 0.8 0.2765625 0.845 0.27395833 0.8775 0.26979166 0.9166667 0.27291667 0.935 0.2765625 0.9425 0.28645834 0.94666666 0.325 0.96166664 0.34322917 0.96666664 0.38125 0.9741667 0.40416667 0.9741667 0.4171875 0.97833335 0.42395833 0.97583336 0.43177083 0.9675 0.43489584 0.9583333 0.43802083 0.925 0.446875 0.8591667 0.45104167 0.7975 0.45052084 0.785 0.4484375 0.7808333 0.44427082 0.7783333 0.44375 0.7708333 0.453125 0.74583334 0.46822917 0.7241667 0.47708333 0.7058333 0.48958334 0.66333336 0.5046875 0.5825 0.51979166 0.5208333 0.5385417 0.43583333 0.54479164 0.405 0.54479164 0.39666668 0.54322916 0.385 0.5385417 0.38166666 0.47708333 0.35083333
