14 0.41927084 0.65833336 0.4171875 0.67083335 0.41302082 0.6983333 0.41614583 0.72083336 0.4171875 0.7266667 0.4875 0.71 0.4890625 0.7058333 0.48645833 0.67583334 0.47708333 0.6625 0.47395834 0.645 0.46875 0.59583336
14 0.45625 0.34 0.44479167 0.34166667 0.3953125 0.35416666 0.38125 0.35583332 0.38125 0.36166668 0.39427084 0.38666666 0.403125 0.4975 0.4078125 0.5516667 0.45729166 0.49 0.45416668 0.445 0.45208332 0.43333334 0.4515625 0.36833334 0.45208332 0.36416668 0.45416668 0.35333332 0.45572916 0.3525 0.45625 0.34833333
14 0.66979164 0.35333332 0.6 0.34666666 0.5598958 0.34333333 0.55364585 0.34333333 0.55 0.35416666 0.54322916 0.35666665 0.5364583 0.34083334 0.5364583 0.29416665 0.54270834 0.23666666 0.54583335 0.235 0.5697917 0.25 0.5854167 0.25333333 0.72864586 0.26916668 0.73541665 0.26916668 0.75885415 0.25916666 0.7682292 0.25916666 0.7786458 0.2625 0.76770836 0.3725 0.76770836 0.3825 0.7526042 0.38 0.7484375 0.37416667 0.73020834 0.36083335 0.72864586 0.32416666 0.7296875 0.31333333 0.7369792 0.30333334 0.73854166 0.29583332 0.7328125 0.28833333 0.7260417 0.295 0.68125 0.29833335 0.66302085 0.29583332 0.6609375 0.3 0.6713542 0.3275 0.67083335 0.34833333
14 0.67291665 0.53 0.6328125 0.49666667 0.5942708 0.46666667 0.57604164 0.4575 0.56666666 0.45916668 0.56614584 0.4575 0.5807292 0.39083335 0.596875 0.34916666 0.6 0.34916666 0.60364586 0.3525 0.609375 0.3575 0.61354166 0.36583334 0.6171875 0.38333333 0.61875 0.3875 0.6223958 0.3875 0.6723958 0.4325
14 0.7505208 0.61583334 0.75989586 0.61333334 0.784375 0.5541667 0.78333336 0.55083334 0.78333336 0.5325 0.7864583 0.5258333 0.79270834 0.52666664 0.79479164 0.5208333 0.7682292 0.51666665 0.74010414 0.5 0.72864586 0.4875 0.73072916 0.57666665 0.7390625 0.5833333 0.7427083 0.5883333 0.7447917 0.59583336 0.74791664 0.60083336 0.7515625 0.60083336 0.7515625 0.60833335 0.7505208 0.6116667
14 0.6645833 0.6591667 0.6640625 0.65 0.6692708 0.6375 0.66979164 0.6225 0.67291665 0.6066667 0.6723958 0.53 0.67291665 0.4275 0.6713542 0.34666666 0.67083335 0.325 0.66041666 0.3 0.66197914 0.29666665 0.68072915 0.29833335 0.7260417 0.295 0.7328125 0.28833333 0.73854166 0.29583332 0.7375 0.30333334 0.73125 0.31166667 0.72864586 0.32 0.7291667 0.5225 0.73125 0.63416666 0.73125 0.6433333 0.7260417 0.64416665 0.69166666 0.64666665 0.67083335 0.6575
14 0.8041667 0.69416666 0.6979167 0.7133333 0.6953125 0.7175 0.6744792 0.7275 0.6703125 0.7266667 0.6588542 0.7275 0.65729165 0.7241667 0.65625 0.6191667 0.67083335 0.615 0.6692708 0.6225 0.66875 0.6375 0.6640625 0.64916664 0.6645833 0.6591667 0.690625 0.64666665 0.7317708 0.6433333 0.7317708 0.6166667 0.76197916 0.6141667 0.79791665 0.6066667 0.8041667 0.6875
14 0.8588542 0.5933333 0.8666667 0.5941667 0.87291664 0.59 0.88645834 0.5775 0.89479166 0.5775 0.90260416 0.58166665 0.9046875 0.5883333 0.9057292 0.69083333 0.88854164 0.69083333 0.88489586 0.6933333 0.87604165 0.68833333 0.8671875 0.68583333
14 0.8588542 0.49916667 0.85260415 0.50333333 0.8328125 0.5258333 0.8255208 0.52916664 0.8125 0.5275 0.79270834 0.52666664 0.78697914 0.525 0.7838542 0.5325 0.784375 0.55333334 0.79583335 0.5758333 0.7984375 0.6091667 0.80364585 0.685 0.8046875 0.69916666 0.8140625 0.83166665 0.8140625 0.84583336 0.8119792 0.8566667 0.81458336 0.87333333 0.81875 0.88416666 0.82239586 0.88666666 0.89166665 0.86583334 0.89270836 0.8591667 0.8859375 0.8308333 0.8744792 0.80583334 0.8734375 0.76 0.8666667 0.68416667 0.859375 0.5933333 0.85572916 0.5733333 0.8598958 0.5316667 0.8619792 0.52 0.8588542 0.5025
14 0.46666667 0.465 0.47135416 0.45916668 0.47864583 0.4725 0.5005208 0.53583336 0.50625 0.5541667 0.5083333 0.55916667 0.509375 0.56916666 0.5083333 0.5733333 0.5005208 0.57166666 0.490625 0.5675 0.39947918 0.6825 0.3609375 0.72583336 0.33645833 0.765 0.33020833 0.76666665 0.3234375 0.7216667 0.31302083 0.68833333 0.30208334 0.69666666 0.29895833 0.69416666 0.30208334 0.68416667 0.40052083 0.56166667 0.45729166 0.49 0.4671875 0.47083333
