21 0.84947914 0.56583333 0.93125 0.68583333 0.94427085 0.70416665 0.9453125 0.7216667 0.9447917 0.7341667 0.8463542 0.8858333 0.8390625 0.89166665 0.82604164 0.8875 0.78802085 0.8275 0.78541666 0.8258333 0.7729167 0.79333335 0.75677085 0.7708333 0.7552083 0.75333333 0.75572914 0.7291667 0.73072916 0.68083334 0.7104167 0.62583333 0.6713542 0.48666668 0.67395836 0.4725 0.68958336 0.46166667 0.70885414 0.46 0.7104167 0.42666668 0.71510416 0.425 0.72291666 0.43333334 0.7390625 0.46916667 0.75885415 0.49333334 0.7708333 0.50083333 0.79583335 0.50916666 0.83385414 0.54833335
21 0.67604166 0.50416666 0.65520835 0.56166667 0.65625 0.58 0.6625 0.59583336 0.72239584 0.655 0.70989585 0.62333333
21 0.77552086 0.26666668 0.7895833 0.28 0.81458336 0.2875 0.90052086 0.30083334 0.9078125 0.30583334 0.9135417 0.32583332 0.91302085 0.34416667 0.9067708 0.3625 0.8932292 0.38416666 0.88072914 0.41416666 0.8776042 0.42916667 0.87604165 0.4625 0.865625 0.50083333 0.84479165 0.55916667 0.7963542 0.50916666 0.77135414 0.50083333 0.75677085 0.49166667 0.73854166 0.46833333 0.72447914 0.43583333 0.72083336 0.43 0.75677085 0.38833332 0.7682292 0.38166666 0.75677085 0.34166667 0.7625 0.26666668 0.7671875 0.2625 0.7703125 0.26333332
21 0.52552086 0.53583336 0.5708333 0.57416666 0.57604164 0.5933333 0.5755208 0.6016667 0.5395833 0.68833333 0.5296875 0.705 0.52135414 0.715 0.5109375 0.74 0.50364584 0.7925 0.49322918 0.82416666 0.48958334 0.84583336 0.49427083 0.9058333 0.49427083 0.92583334 0.48854166 0.9716667 0.47604167 0.98083335 0.46354166 0.98083335 0.43229166 0.97583336 0.40677083 0.96416664 0.39166668 0.9375 0.3484375 0.9191667 0.3484375 0.915 0.40208334 0.93583333 0.41145834 0.93 0.4171875 0.92333335 0.43020833 0.8225 0.46145833 0.49416667 0.4625 0.49416667 0.4671875 0.4975 0.4625 0.5325 0.46354166 0.555 0.46666667 0.56083333 0.471875 0.5566667 0.5229167 0.535
21 0.28333333 0.65166664 0.26354167 0.8233333 0.25729167 0.875 0.26302084 0.8875 0.2671875 0.89166665 0.334375 0.91083336 0.34791666 0.9141667 0.40208334 0.935 0.41302082 0.93 0.4171875 0.92333335 0.42708334 0.85 0.446875 0.64666665 0.46510416 0.45333335 0.45260417 0.44083333 0.44479167 0.4325 0.425 0.4525 0.41458333 0.46583334 0.40416667 0.4575 0.3671875 0.41666666 0.3484375 0.39916667 0.34375 0.39416668 0.334375 0.39833334 0.33020833 0.40916666 0.3015625 0.5541667 0.29322916 0.5975
21 0.34895834 0.32583332 0.35677084 0.32416666 0.36458334 0.32166666 0.38020834 0.33916667 0.41041666 0.385 0.44166666 0.42833334 0.4453125 0.43416667 0.434375 0.44333333 0.4265625 0.45083332 0.41510418 0.46583334 0.40260416 0.45666668 0.39635417 0.44333333 0.38229167 0.42333335 0.359375 0.4075 0.35677084 0.39916667 0.35416666 0.37583333 0.34427083 0.36583334 0.34427083 0.34083334
21 0.178125 0.26166666 0.25572917 0.26583335 0.31041667 0.27083334 0.31875 0.28 0.32239583 0.29 0.31822917 0.38333333 0.29791668 0.405 0.28854167 0.40333334 0.27239582 0.39 0.24166666 0.4 0.225 0.39666668 0.21458334 0.4075 0.2140625 0.41916665 0.21875 0.425 0.228125 0.56166667 0.23177083 0.5933333 0.23020834 0.6483333 0.23333333 0.7475 0.22135417 0.75333333 0.15677084 0.75083333 0.14739583 0.73833334 0.14322917 0.73083335 0.15104167 0.6408333 0.1625 0.5133333 0.16510417 0.48916668 0.1671875 0.485 0.17760417 0.45916668 0.17708333 0.44833332 0.17291667 0.42333335 0.1765625 0.40416667 0.16770834 0.36666667 0.16614583 0.28083333 0.1703125 0.26916668
21 0.23333333 0.7633333 0.2359375 0.87 0.24375 0.8833333 0.24739583 0.8858333 0.2625 0.88666666 0.25729167 0.87416667 0.27760416 0.70166665 0.28385416 0.6508333 0.32552084 0.4325 0.33072916 0.4075 0.33489582 0.39833334 0.34427083 0.39416668 0.35833332 0.40916666 0.35729167 0.4 0.35416666 0.37666667 0.3453125 0.36666667 0.33385417 0.36666667 0.31875 0.38333333 0.29895833 0.40416667 0.2890625 0.40333334 0.27239582 0.39 0.24166666 0.4 0.22604166 0.39583334 0.21510416 0.40666667 0.21354167 0.41833332 0.21875 0.42416668 0.22864583 0.56416667 0.23229167 0.595 0.23072916 0.64916664 0.23333333 0.75
21 0.39114583 0.215 0.46510416 0.125 0.47708333 0.12416667 0.48385417 0.13583334 0.525 0.22666667 0.5385417 0.265 0.5484375 0.3125 0.5520833 0.3425 0.5651042 0.41916665 0.57395834 0.45583335 0.58697915 0.48666668 0.5875 0.49583334 0.58229166 0.51166666 0.5776042 0.515 0.5671875 0.515 0.51979166 0.53583336 0.4703125 0.5575 0.46666667 0.56083333 0.4640625 0.55583334 0.46197918 0.53333336 0.46822917 0.49583334 0.478125 0.4625 0.478125 0.455 0.465625 0.45333335 0.44479167 0.4325 0.38697916 0.35 0.38072917 0.34 0.36458334 0.32166666 0.34895834 0.295 0.3484375 0.285 0.34895834 0.27166668 0.35364583 0.25916666
21 0.475 0.11083333 0.5140625 0.07083333 0.52552086 0.0725 0.53125 0.07666667 0.5416667 0.1 0.57395834 0.1825 0.6041667 0.27083334 0.6020833 0.28916666 0.59791666 0.2975 0.55260414 0.3425 0.54895836 0.31166667 0.5390625 0.26666668 0.5307292 0.24083333 0.52239585 0.22083333 0.47760418 0.125 0.465625 0.125
21 0.709375 0.44666666 0.7036458 0.45333335 0.7 0.46083334 0.70885414 0.46
21 0.51927084 0.81083333 0.5932292 0.7808333 0.5963542 0.7841667 0.603125 0.79833335 0.60625 0.7891667 0.61041665 0.7733333 0.61510414 0.7708333 0.63125 0.7733333 0.64427084 0.7675 0.6614583 0.755 0.6692708 0.7583333 0.6796875 0.745 0.72447914 0.68666667 0.73125 0.68833333 0.73645836 0.69 0.73854166 0.6958333 0.7348958 0.7033333 0.71979165 0.72 0.70729166 0.7275 0.7114583 0.73583335 0.71510416 0.7391667 0.734375 0.745 0.75416666 0.7683333 0.7734375 0.79333335 0.7875 0.8325 0.759375 0.8566667 0.70208335 0.93583333 0.6848958 0.9583333 0.6791667 0.9625 0.67291665 0.9625 0.66197914 0.9716667 0.63958335 1.0 0.54583335 1.0 0.5364583 0.9725 0.5151042 0.87083334 0.5109375 0.835 0.51354164 0.8225
