9 0.4671875 0.97 0.490625 1.0 0.54010415 1.0 0.54583335 0.98583335 0.5416667 0.9841667 0.53125 0.9608333 0.5140625 0.9625 0.49166667 0.9675 0.48645833 0.9683333
9 0.40989584 0.82416666 0.384375 0.87166667 0.4078125 0.90416664 0.4078125 0.8883333 0.4109375 0.83
9 0.475 0.70666665 0.49010417 0.6791667 0.5171875 0.6125 0.5296875 0.5833333 0.5421875 0.595 0.5729167 0.63166666 0.5828125 0.6483333 0.6088542 0.67583334 0.6328125 0.705 0.6489583 0.7266667 0.60260415 0.72333336 0.5598958 0.7225 0.5520833 0.7275 0.5005208 0.7125
9 0.6546875 0.7683333 0.66510415 0.75 0.65625 0.7375
9 0.61354166 0.5 0.64427084 0.5283333 0.66822916 0.5391667 0.69114584 0.5625 0.728125 0.6016667 0.7473958 0.61333334 0.7630208 0.5683333 0.765625 0.5308333 0.76666665 0.50083333 0.7765625 0.48166665 0.7921875 0.445 0.81354165 0.395 0.825 0.3775 0.84270835 0.35666665 0.86875 0.29166666 0.86145836 0.28416666 0.80833334 0.23333333 0.79479164 0.215 0.74583334 0.17333333 0.73020834 0.15833333 0.7182292 0.15 0.6984375 0.21583334 0.69375 0.23833333 0.68385416 0.27583334 0.665625 0.33666667 0.6296875 0.44583333
9 0.615625 0.50333333 0.6234375 0.5308333 0.6359375 0.5208333 0.621875 0.5083333 0.6166667 0.50333333
9 0.6140625 0.4975 0.60364586 0.4525 0.60260415 0.43333334 0.58802086 0.38583332 0.5708333 0.3275 0.55677086 0.27166668 0.6265625 0.23083334 0.7057292 0.17833333 0.709375 0.17666666 0.6979167 0.21666667 0.6927083 0.24 0.68333334 0.2775 0.65625 0.36166668 0.62708336 0.45333335
9 0.7296875 0.15666667 0.76197916 0.12916666 0.7671875 0.1275 0.78229165 0.1725 0.78802085 0.20333333 0.78802085 0.20916666 0.7630208 0.18666667 0.74635416 0.1725 0.73229164 0.15916666
9 0.8130208 0.395 0.81822914 0.395 0.828125 0.38666666 0.82604164 0.3775 0.82447916 0.3775 0.81822914 0.38833332
9 0.27708334 0.71 0.24010417 0.69916666 0.21197917 0.6816667 0.1953125 0.68083334 0.184375 0.68083334 0.16302083 0.6675 0.13958333 0.65833336 0.1046875 0.63916665 0.1140625 0.58666664 0.11770833 0.5516667 0.123958334 0.5058333 0.128125 0.47833332 0.134375 0.44833332 0.146875 0.29916668 0.14739583 0.28083333 0.171875 0.28833333 0.21979167 0.3025 0.25364584 0.3125 0.30885416 0.33916667 0.3359375 0.35166666 0.33177084 0.36166668 0.31041667 0.46083334 0.29270834 0.565 0.2828125 0.62916666 0.28072917 0.6525 0.28072917 0.66083336 0.27916667 0.7075
9 0.29114583 0.5783333 0.353125 0.6016667 0.35729167 0.57166666 0.35989583 0.53333336 0.359375 0.5 0.3625 0.47666666 0.37447917 0.45916668 0.39010417 0.36916667 0.39322916 0.34333333 0.32864583 0.3175 0.26302084 0.29 0.23229167 0.27416667 0.21197917 0.2625 0.15885417 0.23333333 0.14947917 0.2675 0.1484375 0.27916667 0.14947917 0.28 0.19479166 0.29416665 0.23385416 0.30666667 0.25260416 0.31166667 0.31927082 0.34333333 0.3359375 0.35083333 0.33541667 0.35333332 0.33125 0.36416668 0.3125 0.45333335 0.3109375 0.46 0.30520833 0.4925 0.296875 0.5391667 0.29322916 0.5625
9 0.12083333 0.5225 0.11770833 0.52 0.122395836 0.4775 0.12708333 0.46 0.13229166 0.37916666 0.14010416 0.33416668 0.14270833 0.3075 0.1453125 0.30333334 0.1453125 0.30666667 0.13802083 0.39833334 0.13385417 0.44833332 0.1296875 0.46833333 0.12447917 0.49666667
9 0.4109375 0.97 0.48697916 0.9683333 0.51458335 0.9625 0.53020835 0.9608333 0.540625 0.98333335 0.55625 0.98583335 0.5864583 0.9941667 0.59791666 1.0 0.63958335 1.0 0.64739585 0.905 0.64947915 0.85333335 0.6557292 0.73833334 0.6557292 0.7316667 0.65260416 0.7275 0.61145836 0.72333336 0.56041664 0.7225 0.5515625 0.7275 0.51770836 0.7175 0.46822917 0.7058333 0.42447916 0.69166666 0.42291668 0.69166666 0.4171875 0.7441667 0.41145834 0.82416666 0.4078125 0.89666665
