2 0.07447917 0.885 0.16302083 0.7658333 0.17135416 0.8925 0.17708333 1.0 0.14635417 1.0 0.12864584 0.965
2 0.34947917 0.7675 0.3703125 0.7966667 0.38854167 0.8275 0.35416666 0.8825
2 0.34947917 0.69166666 0.36510417 0.7275 0.4125 0.85333335 0.41770834 0.86583334 0.35625 0.9325 0.35416666 0.88416666 0.3890625 0.8283333 0.36770833 0.7916667 0.34895834 0.7683333 0.34583333 0.68666667
2 0.31770834 0.62416667 0.32864583 0.65 0.29166666 0.655 0.29583332 0.6483333
2 0.26822916 0.6225 0.29010418 0.655 0.2390625 0.6616667 0.25677082 0.6383333
2 0.56041664 0.40583333 0.70677084 0.26833335 0.771875 0.205 0.8015625 0.29666665 0.8296875 0.39666668 0.83802086 0.4375 0.8333333 0.45166665 0.784375 0.50166667 0.76458335 0.5275 0.70677084 0.5883333 0.6421875 0.64166665 0.5703125 0.4375
2 0.77916664 0.5375 0.75625 0.5375 0.7661458 0.52666664 0.77916664 0.5083333
2 0.5552083 0.535 0.55260414 0.5083333 0.5546875 0.43333334 0.55364585 0.4025 0.55625 0.37916666 0.5598958 0.245 0.58229166 0.2475 0.7213542 0.2525 0.5609375 0.40583333 0.5671875 0.42583334 0.6041667 0.5341667 0.57604164 0.5366667
2 0.5484375 0.5541667 0.49010417 0.28083333 0.559375 0.24583334 0.55625 0.38 0.55364585 0.40666667 0.5552083 0.4325 0.5520833 0.5083333 0.5552083 0.535 0.5765625 0.5366667
2 0.80104166 0.26 0.79791665 0.285 0.7895833 0.2575 0.7942708 0.2575
2 0.56822914 0.24166666 0.60729164 0.22 0.71458334 0.15166667 0.73229164 0.2425 0.72239584 0.2525 0.57708335 0.24583334 0.56354165 0.24583334
2 0.46354166 0.096666664 0.4875 0.10166667 0.6958333 0.155 0.7026042 0.15916666 0.6098958 0.21833333 0.56875 0.24 0.5640625 0.245 0.559375 0.24666667 0.48958334 0.28166667 0.515625 0.40166667 0.43802083 0.38583332 0.44583333 0.29666665 0.45416668 0.195 0.46302083 0.11416667
2 0.15677084 0.6725 0.34322917 0.6483333 0.35885417 1.0 0.17708333 1.0 0.16302083 0.7558333
