21 0.421875 0.8066667 0.4390625 0.82416666 0.44479167 0.82666665 0.45 0.8233333 0.44427082 0.79333335 0.45677084 0.7391667 0.47708333 0.69083333 0.48333332 0.69416666 0.5734375 0.7825 0.58697915 0.79583335 0.59270835 0.8175 0.6265625 0.84583336 0.63177085 0.8525 0.6088542 0.91833335 0.6088542 0.9275 0.6166667 0.94666666 0.66041666 0.9875 0.65 1.0 0.5286458 1.0 0.51979166 0.97333336 0.52239585 0.96666664 0.50416666 0.96416664 0.49895832 0.935 0.48229167 0.9116667 0.47395834 0.8908333 0.43177083 0.8441667 0.41458333 0.8258333 0.4140625 0.80916667 0.41666666 0.80916667
21 0.19635417 0.4775 0.24270834 0.5125 0.27916667 0.54083335 0.28854167 0.5441667 0.30572918 0.56333333 0.35416666 0.59583336 0.421875 0.625 0.4265625 0.6375 0.40208334 0.66583335 0.4 0.6825 0.40364584 0.7025 0.3984375 0.7366667 0.38229167 0.81083333 0.37447917 0.8233333 0.36145833 0.825 0.3296875 0.79833335 0.25520834 0.75416666 0.22395833 0.7316667 0.2125 0.7025 0.1859375 0.7025 0.18125 0.68666667 0.15989584 0.6958333 0.121875 0.68583333 0.0953125 0.6725 0.0859375 0.64916664 0.12604167 0.44916666 0.1390625 0.4375 0.14479166 0.43916667
21 0.12291667 0.7583333 0.1625 0.7325 0.18489583 0.7 0.18125 0.68666667 0.16041666 0.6958333 0.121875 0.68583333 0.094791666 0.6716667 0.08645833 0.6483333 0.11770833 0.48916668 0.0625 0.5325 0.0578125 0.54083335 0.059895832 0.55916667 0.06979167 0.6025 0.072916664 0.6333333 0.09375 0.7075 0.10520833 0.73583335 0.109375 0.75083333 0.114583336 0.75666666
21 0.24375 0.37833333 0.25416666 0.40666667 0.25208333 0.42166665 0.246875 0.43583333 0.253125 0.4675 0.253125 0.48 0.28020832 0.50083333 0.290625 0.5366667 0.290625 0.545 0.28854167 0.54333335 0.2796875 0.54083335 0.19114584 0.47416666 0.20364584 0.44916666 0.23072916 0.42166665 0.24114583 0.38916665 0.2421875 0.37666667
21 0.565625 0.265 0.51197916 0.42583334 0.49166667 0.48416665 0.4734375 0.535 0.46510416 0.6066667 0.44895834 0.6716667 0.44010416 0.6816667 0.43020833 0.6791667 0.41979167 0.67083335 0.40677083 0.66083336 0.4203125 0.64416665 0.4265625 0.6383333 0.42239583 0.625 0.3515625 0.5941667 0.3140625 0.5683333 0.31354168 0.56416667 0.35833332 0.43083334 0.39739582 0.31416667 0.4171875 0.24666667 0.434375 0.19416666 0.434375 0.18166667 0.43020833 0.17083333 0.4359375 0.16916667 0.44635418 0.16833334 0.46458334 0.1875 0.4875 0.19833334 0.49375 0.20666666 0.50104165 0.22833334 0.50989586 0.23833333 0.5234375 0.23666666 0.55 0.2325 0.55885416 0.24 0.5651042 0.25416666
21 0.40260416 0.10583334 0.5260417 0.10333333 0.56666666 0.108333334 0.61614585 0.1 0.6869792 0.100833334 0.6984375 0.104166664 0.703125 0.115 0.7036458 0.12166667 0.70520836 0.13083333 0.7005208 0.15583333 0.67864585 0.1775 0.696875 0.2575 0.69739586 0.26166666 0.6666667 0.245 0.628125 0.23416667 0.61822915 0.24333334 0.61510414 0.25083333 0.60625 0.345 0.5359375 0.3525 0.56458336 0.26666668 0.5651042 0.26416665 0.5651042 0.25333333 0.55885416 0.24 0.55104166 0.23166667 0.5109375 0.23833333 0.50104165 0.22916667 0.49427083 0.2075 0.48802084 0.1975 0.4640625 0.1875 0.44739583 0.16916667 0.446875 0.16833334 0.4296875 0.17 0.434375 0.18166667 0.434375 0.19583334 0.39166668 0.33083335 0.39166668 0.32916668 0.3890625 0.1425 0.390625 0.123333335 0.39479166 0.11416667
21 0.7317708 0.28333333 0.73854166 0.285 0.7729167 0.27666667 0.79583335 0.28166667 0.81458336 0.2775 0.85 0.24583334 0.8901042 0.23833333 0.896875 0.23916666 0.90416664 0.25166667 0.9135417 0.35 0.9140625 0.36916667 0.9046875 0.40333334 0.90520835 0.47333333 0.89635414 0.48583335 0.8854167 0.48583335 0.8359375 0.46916667 0.80364585 0.4525 0.78125 0.45333335 0.74427086 0.4875 0.721875 0.49166667 0.7114583 0.48666668 0.68854165 0.36416668 0.6822917 0.35333332 0.665625 0.35083333 0.60364586 0.38416666 0.60625 0.34333333 0.61510414 0.24833333 0.6171875 0.24416667 0.62708336 0.235 0.665625 0.245 0.69739586 0.26166666 0.70416665 0.26583335 0.71770835 0.27916667
21 0.58125 0.4625 0.6166667 0.46416667 0.6515625 0.465 0.7161458 0.49 0.72447914 0.49166667 0.728125 0.49333334 0.7348958 0.5158333 0.7328125 0.535 0.70989585 0.64 0.6875 0.71416664 0.6770833 0.7225 0.65052086 0.71666664 0.63072914 0.7075 0.60520834 0.68583333 0.5697917 0.6625 0.54583335 0.6325 0.50677085 0.58666664 0.48541668 0.5566667 0.4703125 0.555 0.4734375 0.5375 0.50416666 0.45 0.53697914 0.395 0.5442708 0.38416666 0.54583335 0.37666667 0.5484375 0.37833333 0.5609375 0.41416666 0.5640625 0.47666666 0.56666666 0.475
21 0.5619792 0.40916666 0.60572916 0.38333333 0.665625 0.35083333 0.6822917 0.35333332 0.68854165 0.36416668 0.7114583 0.4875 0.6515625 0.465 0.58125 0.46166667 0.56458336 0.47666666 0.5640625 0.47583333 0.56041664 0.4125 0.56041664 0.41166666
21 0.60052085 0.68416667 0.5963542 0.6975 0.58802086 0.7475 0.584375 0.765 0.5875 0.77666664 0.5942708 0.78 0.6166667 0.77666664 0.65989584 0.7816667 0.72083336 0.7975 0.728125 0.795 0.73333335 0.7725 0.72864586 0.7375 0.7192708 0.70916665 0.7192708 0.68416667 0.72447914 0.6508333 0.72447914 0.5966667 0.72239584 0.58416665 0.709375 0.6425 0.6880208 0.7133333 0.6770833 0.7225 0.6515625 0.7175 0.62916666 0.70666665 0.60364586 0.68416667
21 0.8578125 0.605 0.84375 0.63 0.8421875 0.66583335 0.834375 0.67 0.8307292 0.7 0.83125 0.7475 0.8203125 0.81416667 0.77916664 0.99333334 0.7760417 1.0 0.6734375 1.0 0.6166667 0.94666666 0.609375 0.9275 0.609375 0.9166667 0.65729165 0.7816667 0.7213542 0.7975 0.728125 0.7941667 0.7338542 0.7733333 0.7291667 0.7391667 0.71979165 0.7083333 0.7192708 0.68583333 0.76666665 0.61 0.80364585 0.56166667 0.81354165 0.56666666 0.825 0.595 0.82708335 0.6066667 0.8354167 0.6066667 0.85572916 0.59166664 0.85729164 0.5933333
