14 0.39375 0.33166668 0.453125 0.25833333 0.509375 0.19166666 0.52552086 0.17 0.5364583 0.15083334 0.5317708 0.14833333 0.54270834 0.13416667 0.55260414 0.16166666 0.56822914 0.20666666 0.57916665 0.23833333 0.5807292 0.24666667 0.57395834 0.24666667 0.56614584 0.24 0.55364585 0.25083333 0.50625 0.31083333 0.46666667 0.36083335 0.44895834 0.38166666 0.43177083 0.39916667 0.415625 0.42 0.40364584 0.44416666 0.39427084 0.45 0.38958332 0.41916665 0.38645834 0.39416668 0.38541666 0.37833333 0.38489583 0.3625 0.37552083 0.37166667 0.36510417 0.3775 0.365625 0.36166668 0.36927083 0.3625 0.38541666 0.34333333
14 0.37864584 0.28083333 0.43958333 0.27583334 0.38958332 0.33666667 0.3859375 0.31166667 0.38333333 0.29583332 0.3796875 0.29583332 0.37864584 0.2825
14 0.42447916 0.16166666 0.48072916 0.1675 0.52552086 0.17 0.47604167 0.23083334 0.4546875 0.25666666 0.44583333 0.25833333 0.43489584 0.255 0.4234375 0.25916666 0.4015625 0.2675 0.39947918 0.23583333 0.39791667 0.19583334 0.4015625 0.1825 0.39947918 0.15833333 0.4046875 0.14666666 0.4109375 0.1425 0.41770834 0.1575
14 0.55885416 0.17166667 0.5859375 0.1775 0.6098958 0.16916667 0.6203125 0.16083333 0.63958335 0.1625 0.6380208 0.23166667 0.63854164 0.2675 0.6375 0.285 0.61875 0.28416666 0.6109375 0.275 0.59739584 0.2725 0.58697915 0.27083334 0.5421875 0.26583335 0.55260414 0.25083333 0.56666666 0.23916666 0.57395834 0.2475 0.5807292 0.2475 0.57916665 0.23833333 0.55677086 0.17333333
14 0.57604164 0.6125 0.62604165 0.62916666 0.66822916 0.64 0.6489583 0.5966667 0.66302085 0.58 0.6828125 0.5683333 0.6921875 0.56583333 0.7026042 0.5541667 0.65208334 0.54083335 0.6020833 0.5275 0.56875 0.5208333 0.5484375 0.52166665 0.52916664 0.495 0.5078125 0.49333334 0.50885415 0.515 0.51145834 0.53 0.51197916 0.5441667 0.509375 0.5575 0.50416666 0.5833333 0.50104165 0.60083336 0.5104167 0.60583335 0.515625 0.61083335 0.54114586 0.60083336 0.575 0.61333334
14 0.69322914 0.6933333 0.7083333 0.67583334 0.71458334 0.655 0.7859375 0.57166666 0.8520833 0.4975 0.87083334 0.4775 0.88125 0.48083332 0.8880208 0.47583333 0.89635414 0.46333334 0.8989583 0.45666668 0.890625 0.4475 0.88489586 0.43583333 0.8744792 0.4125 0.8619792 0.37583333 0.85729164 0.36083335 0.8411458 0.375 0.8328125 0.4 0.8197917 0.42416668 0.8125 0.42583334 0.8 0.44416666 0.7583333 0.48916668 0.71302086 0.53833336 0.70208335 0.5541667 0.69114584 0.5675 0.6822917 0.5675 0.66302085 0.58 0.6489583 0.5975 0.66979164 0.6433333 0.6828125 0.67583334
14 0.6515625 0.43416667 0.70520836 0.44666666 0.74375 0.45583335 0.771875 0.44666666 0.76927084 0.4775 0.71666664 0.535 0.6958333 0.53 0.64947915 0.5175 0.60625 0.505 0.5703125 0.49583334 0.55625 0.49166667 0.54895836 0.475 0.55 0.46833333 0.55833334 0.47916666 0.56041664 0.4425 0.55677086 0.43 0.55364585 0.40083334 0.5546875 0.39416668 0.5609375 0.39083335 0.5796875 0.40583333 0.59270835 0.41583332 0.6255208 0.42666668 0.64635414 0.43333334
14 0.79583335 0.56583333 0.80364585 0.61333334 0.80572915 0.625 0.80833334 0.6325 0.8015625 0.6525 0.80364585 0.6741667 0.8171875 0.66583335 0.83177084 0.66333336 0.846875 0.6525 0.86822915 0.6425 0.87395835 0.635 0.86822915 0.62833333 0.865625 0.62416667 0.8609375 0.6025 0.84479165 0.5058333 0.79479164 0.56166667
14 0.7505208 0.3275 0.7739583 0.31833333 0.8020833 0.30916667 0.81458336 0.3075 0.82239586 0.305 0.82395834 0.31583333 0.81458336 0.32416666 0.81927085 0.34 0.82916665 0.4075 0.81927085 0.425 0.8119792 0.425 0.80104166 0.44333333 0.7817708 0.46333334 0.7734375 0.42083332 0.76875 0.38916665 0.76458335 0.35916665 0.7572917 0.35166666 0.7552083 0.3425 0.75 0.34583333 0.74791664 0.32666665
14 0.39635417 0.4525 0.39947918 0.5541667 0.4 0.59833336 0.39322916 0.6166667 0.39427084 0.6558333 0.45625 0.6458333 0.46510416 0.645 0.4671875 0.6433333 0.46875 0.62916666 0.46822917 0.6125 0.4578125 0.58416665 0.45520833 0.57916665 0.45364583 0.57 0.45208332 0.41833332 0.44947916 0.38083333 0.4328125 0.3975 0.41666666 0.41833332 0.403125 0.44416666 0.39635417 0.45
