18 0.646875 0.5441667 0.646875 0.585 0.6432292 0.5883333 0.6203125 0.6383333 0.609375 0.68 0.5911458 0.7008333 0.59010416 0.7025 0.53697914 0.80083334 0.53125 0.8125 0.5203125 0.81416667 0.53541666 0.7708333 0.534375 0.7558333 0.52760416 0.7425 0.50885415 0.7266667 0.5104167 0.7025 0.5083333 0.6575 0.509375 0.5058333 0.5078125 0.4875 0.5161458 0.47 0.5229167 0.46583334 0.58229166 0.46166667 0.58020836 0.49083334 0.5796875 0.5158333 0.58489585 0.53 0.59270835 0.5366667 0.62708336 0.5416667
18 0.6848958 0.5525 0.68072915 0.5883333 0.67604166 0.5966667 0.67291665 0.5991667 0.6645833 0.5875 0.65052086 0.5833333 0.646875 0.585 0.646875 0.5441667 0.6770833 0.5475
18 0.690625 0.32416666 0.7546875 0.34083334 0.7973958 0.35333332 0.803125 0.37 0.7885417 0.525 0.78489584 0.56333333 0.7760417 0.5725 0.771875 0.5758333 0.71770835 0.5541667 0.6927083 0.5541667 0.68385416 0.55083334 0.6765625 0.5475 0.64635414 0.5441667 0.5911458 0.53583336 0.58489585 0.5316667 0.5796875 0.515 0.5828125 0.45166665 0.59375 0.32916668 0.59947914 0.31416667 0.6078125 0.30583334 0.615625 0.30666667
18 0.57447916 0.31916666 0.5640625 0.4075 0.55677086 0.46333334 0.58229166 0.46083334 0.59270835 0.34083334 0.5932292 0.32916668 0.59947914 0.31333333 0.60729164 0.305 0.62708336 0.30916667 0.7182292 0.33083335 0.7234375 0.29666665 0.7192708 0.2775 0.71197915 0.265 0.7005208 0.26 0.66979164 0.24583334 0.6666667 0.245 0.6223958 0.28083333
18 0.38125 0.31916666 0.4109375 0.28833333 0.43802083 0.25833333 0.453125 0.28583333 0.45729166 0.29 0.4640625 0.2875 0.4640625 0.30916667 0.46354166 0.32666665 0.46666667 0.35416666 0.46979168 0.36833334 0.4765625 0.37666667 0.48333332 0.38 0.5052083 0.36833334 0.55052084 0.33666667 0.5630208 0.36916667 0.5651042 0.3825 0.5625 0.3975 0.5598958 0.405 0.5203125 0.44666666 0.47864583 0.4875 0.46041667 0.50083333 0.4453125 0.5183333 0.41875 0.5541667 0.4046875 0.56916666 0.3953125 0.57416666 0.39114583 0.57416666 0.40729168 0.47416666 0.41770834 0.4025 0.415625 0.38833332 0.40989584 0.375 0.35416666 0.3475
18 0.3171875 0.33416668 0.35625 0.34916666 0.409375 0.37416667 0.41458333 0.3875 0.41822916 0.4025 0.4078125 0.47083333 0.38854167 0.5883333 0.37916666 0.64 0.35 0.62 0.340625 0.61833334 0.33020833 0.62833333 0.3234375 0.6483333 0.31041667 0.7 0.26041666 0.6741667 0.24114583 0.6666667 0.234375 0.6525 0.23385416 0.64416665 0.24895833 0.63666666 0.25729167 0.62333333 0.25729167 0.60083336 0.24895833 0.54583335 0.2640625 0.43416667 0.271875 0.37666667 0.27760416 0.335 0.290625 0.32416666
18 0.10364583 0.31 0.1796875 0.2975 0.20989583 0.2925 0.221875 0.2925 0.2359375 0.30916667 0.24114583 0.3675 0.24375 0.48166665 0.2453125 0.5075 0.24947916 0.5491667 0.25677082 0.5966667 0.2578125 0.62333333 0.24791667 0.6375 0.2296875 0.645 0.17708333 0.6566667 0.1390625 0.6675 0.12708333 0.6666667 0.118229166 0.65833336 0.1125 0.64916664 0.1109375 0.6325 0.10729167 0.5425 0.10364583 0.50666666 0.1 0.48666668 0.090625 0.36 0.08958333 0.3325 0.096354164 0.31833333
18 0.30572918 0.8308333 0.35833332 0.8641667 0.37708333 0.87916666 0.39947918 0.8925 0.4109375 0.90416664 0.42083332 0.90833336 0.43229166 0.91583335 0.45729166 0.935 0.465625 0.94083333 0.47239584 0.9425 0.4796875 0.94083333 0.48802084 0.93416667 0.496875 0.8958333 0.5026042 0.87416667 0.52135414 0.8125 0.53541666 0.76916665 0.5338542 0.7558333 0.52760416 0.74333334 0.5072917 0.72583336 0.42760417 0.6725 0.37864584 0.64 0.35 0.6191667 0.340625 0.6191667 0.3296875 0.62833333 0.32291666 0.65 0.31041667 0.7008333 0.30885416 0.7 0.3 0.73833334 0.29427084 0.76166666 0.2875 0.7916667 0.28802082 0.80333334 0.29166666 0.81666666 0.29583332 0.8233333
18 0.45260417 0.16833334 0.48697916 0.13666667 0.52760416 0.1 0.57604164 0.05666667 0.60572916 0.030833334 0.6197917 0.035833333 0.62708336 0.0575 0.65 0.12666667 0.6734375 0.2025 0.67864585 0.21833333 0.6734375 0.2375 0.66614586 0.245 0.615625 0.28666666 0.56666666 0.32416666 0.5463542 0.33833334 0.503125 0.36833334 0.4828125 0.37916666 0.47708333 0.3775 0.46927083 0.3675 0.46354166 0.32833335 0.4640625 0.2875 0.45729166 0.29 0.45208332 0.28416666 0.4375 0.2575 0.42239583 0.22083333 0.42552084 0.19166666
18 0.31302083 0.065 0.365625 0.09 0.4171875 0.11833333 0.43125 0.12666667 0.44166666 0.123333335 0.4875 0.13666667 0.48229167 0.1425 0.43854168 0.18166667 0.42552084 0.19166666 0.42239583 0.21916667 0.43802083 0.2575 0.43854168 0.25833333 0.40572917 0.29333332 0.37447917 0.32666665 0.29427084 0.29916668 0.27864584 0.29166666 0.2734375 0.2825 0.26875 0.26916668 0.26927084 0.25666666 0.27708334 0.18833333 0.284375 0.14083333 0.29375 0.0825 0.30104166 0.071666665 0.30416667 0.06916667
18 0.6645833 0.5875 0.68541664 0.61833334 0.73020834 0.67083335 0.74635416 0.69 0.74895835 0.7075 0.7484375 0.7225 0.73854166 0.7391667 0.7291667 0.7558333 0.72083336 0.77916664 0.7083333 0.8075 0.69947916 0.8258333 0.68333334 0.8566667 0.64270836 0.93666667 0.6354167 0.955 0.62916666 0.9658333 0.6197917 0.9691667 0.61041665 0.96666664 0.5651042 0.9116667 0.521875 0.8566667 0.5208333 0.8325 0.54375 0.78833336 0.5890625 0.7025 0.59739584 0.695 0.6088542 0.68 0.6197917 0.64 0.64270836 0.5883333 0.64947915 0.5833333
