2 0.29375 0.60583335 0.28958333 0.65416664 0.28385416 0.7025 0.28333333 0.715 0.2859375 0.7158333 0.28645834 0.7191667 0.28177083 0.72 0.27864584 0.78 0.29895833 0.78583336 0.3328125 0.79083335 0.346875 0.7241667 0.35104167 0.7133333 0.35364583 0.6975 0.36927083 0.69916666 0.38229167 0.7033333 0.39739582 0.71 0.43020833 0.72833335 0.46458334 0.6725 0.46666667 0.6333333 0.47083333 0.5675 0.47552082 0.50166667 0.47916666 0.4325 0.46458334 0.42833334 0.43177083 0.42416668 0.45260417 0.4675 0.45625 0.4775 0.46145833 0.48416665 0.46145833 0.48666668 0.4359375 0.52666664 0.43072918 0.53333336 0.42864582 0.5366667 0.42604166 0.54333335 0.4015625 0.57166666 0.3828125 0.5908333 0.35989583 0.6091667 0.34114584 0.63916665 0.3234375 0.655 0.31354168 0.6433333 0.296875 0.61083335
2 0.18229167 0.38583332 0.20364584 0.3575 0.225 0.3275 0.2375 0.31166667 0.2578125 0.2875 0.28697917 0.25166667 0.31927082 0.20916666 0.34270832 0.2525 0.34166667 0.25583333 0.34166667 0.26 0.34479168 0.25833333 0.36979166 0.30416667 0.38229167 0.32916668 0.4296875 0.42083332 0.44739583 0.45666668 0.45416668 0.47166666 0.45572916 0.47666666 0.46145833 0.48416665 0.46145833 0.48666668 0.43489584 0.52916664 0.42864582 0.5375 0.425 0.545 0.4015625 0.5725 0.38020834 0.5933333 0.36041668 0.60833335 0.340625 0.63916665 0.3234375 0.655 0.31302083 0.64166665 0.29166666 0.60083336 0.28541666 0.59 0.25989583 0.5375 0.22552083 0.46916667 0.20833333 0.43583333 0.2078125 0.43166667 0.20572917 0.43166667 0.18958333 0.39833334 0.18333334 0.38666666
2 0.29010418 0.9975 0.30416667 0.94 0.31145832 0.8983333 0.31822917 0.8575 0.33333334 0.79 0.34479168 0.7316667 0.34635416 0.7241667 0.35104167 0.71416664 0.35364583 0.6983333 0.3703125 0.7 0.3859375 0.70416665 0.44635418 0.73833334 0.48229167 0.76 0.5026042 0.7708333 0.5125 0.7733333 0.49791667 0.84833336 0.47083333 1.0
2 0.51770836 0.60083336 0.5140625 0.5941667 0.46510416 0.67083335 0.43020833 0.7291667 0.44635418 0.7391667 0.45416668 0.7425 0.48177084 0.68 0.50364584 0.62916666 0.51666665 0.6025
2 0.56145835 0.5025 0.54375 0.5441667 0.51875 0.6 0.503125 0.63166666 0.46145833 0.72583336 0.45416668 0.7425 0.478125 0.7575 0.5 0.77 0.5125 0.7733333 0.49010417 0.89416665 0.50364584 0.91083336 0.54322916 0.9575 0.56614584 0.98 0.57708335 0.95166665 0.6041667 0.88916665 0.65729165 0.7708333 0.6802083 0.71666664 0.6802083 0.71166664 0.6822917 0.71166664 0.7005208 0.67583334 0.7026042 0.6691667 0.6947917 0.6616667 0.65416664 0.615 0.60833335 0.56333333 0.5630208 0.50333333
2 0.58802086 0.535 0.5885417 0.4825 0.58958334 0.3875 0.59010416 0.30916667 0.5911458 0.29083332 0.63854164 0.29333332 0.6625 0.2925 0.696875 0.295 0.74635416 0.29583332 0.76354164 0.2975 0.76145834 0.4 0.76197916 0.46 0.75989586 0.48833334 0.75885415 0.50166667 0.759375 0.535 0.7604167 0.5675 0.7625 0.6016667 0.75989586 0.6066667 0.76145834 0.6066667 0.75625 0.65166664 0.75416666 0.6558333 0.74322915 0.66 0.69635415 0.6625 0.6166667 0.5725
2 0.5359375 0.9508333 0.50572914 1.0 0.47083333 1.0 0.4796875 0.94916666 0.48958334 0.89416665 0.5234375 0.93416667
2 0.409375 0.065 0.40833333 0.0975 0.4046875 0.17 0.40364584 0.22416666 0.40104166 0.24083333 0.39635417 0.34166667 0.3953125 0.35416666 0.41927084 0.40083334 0.43125 0.42416668 0.46302083 0.42833334 0.47864583 0.43166667 0.47916666 0.43833333 0.5151042 0.44166666 0.565625 0.44916666 0.56875 0.39166668 0.5671875 0.38916665 0.56822914 0.38666666 0.5708333 0.28916666 0.57239586 0.26083332 0.57708335 0.18083334 0.578125 0.12666667 0.5776042 0.10583334 0.5765625 0.09 0.565625 0.08166666 0.55 0.07833333 0.5140625 0.0775 0.4890625 0.0775 0.46458334 0.07416666 0.45104167 0.068333335 0.4296875 0.06583333 0.4125 0.064166665
2 0.671875 0.0 0.6947917 0.0275 0.70208335 0.0375 0.7239583 0.0
2 0.005729167 0.7291667 0.015104166 0.74 0.0234375 0.745 0.05 0.78 0.069270834 0.8066667 0.128125 0.88416666 0.1640625 0.93333334 0.16666667 0.9316667 0.1671875 0.935 0.1828125 0.96 0.1953125 0.9775 0.26875 0.83916664 0.2984375 0.78583336 0.27916667 0.78 0.28177083 0.7191667 0.2859375 0.7183333 0.28645834 0.7158333 0.28333333 0.715 0.28333333 0.70166665 0.246875 0.655 0.20572917 0.6025 0.15520833 0.5308333 0.14427084 0.5175 0.1421875 0.51 0.13854167 0.5058333 0.12708333 0.52166665 0.10729167 0.55583334 0.0875 0.58416665 0.063541666 0.62333333 0.022916667 0.69666666 0.009895833 0.72083336
