20 0.19427083 0.3925 0.17864583 0.39416668 0.18333334 0.43916667 0.18072917 0.46583334 0.1796875 0.49333334 0.18697916 0.51 0.18802084 0.5075 0.18958333 0.45666668 0.19166666 0.41666666 0.19270833 0.39833334
20 0.016666668 0.41083333 0.004166667 0.44416666 0.0 0.45333335 0.0 0.6775 0.041145835 0.63 0.059895832 0.605 0.072916664 0.5933333 0.08541667 0.5775 0.058854166 0.56166667 0.0453125 0.5475 0.023958333 0.46583334 0.022395832 0.45166665 0.019270834 0.41416666 0.01875 0.40916666
20 0.41666666 0.0625 0.403125 0.05 0.28072917 0.0 0.27083334 0.0 0.2640625 0.0075 0.25104168 0.111666664 0.25104168 0.1525 0.25208333 0.17083333 0.22083333 0.29333332 0.1953125 0.3875 0.1921875 0.4025 0.1890625 0.48333332 0.18854167 0.5058333 0.1875 0.51 0.1875 0.52416664 0.1828125 0.5283333 0.19010417 0.5308333 0.20052083 0.53583336 0.20729166 0.54833335 0.21041666 0.5475 0.2203125 0.5416667 0.23125 0.5341667 0.2359375 0.5391667 0.24375 0.56416667 0.25052083 0.58416665 0.2546875 0.5975 0.26927084 0.61833334 0.275 0.62333333 0.28125 0.62333333 0.28958333 0.6175 0.2953125 0.6125 0.32395834 0.5283333 0.32708332 0.5125 0.32239583 0.44333333 0.325 0.4125 0.3328125 0.40583333 0.34375 0.405 0.35572916 0.40333334 0.3765625 0.32083333 0.353125 0.29666665 0.34375 0.28416666 0.33645833 0.26583335 0.3328125 0.24583334 0.33072916 0.225 0.334375 0.21 0.34635416 0.19333333 0.39375 0.135 0.40833333 0.11833333 0.41302082 0.115 0.41614583 0.111666664 0.41927084 0.090833336 0.41979167 0.07416666 0.41770834 0.0675
20 0.39635417 0.405 0.35625 0.40416667 0.33229166 0.40666667 0.3234375 0.41333333 0.32239583 0.44416666 0.32864583 0.5391667 0.3359375 0.6066667 0.334375 0.70666665 0.32239583 0.83916664 0.32083333 0.8575 0.31875 0.87833333 0.31822917 0.8958333 0.31875 0.91083336 0.33125 0.9175 0.39010417 0.9425 0.45104167 0.9458333 0.46770832 0.94083333 0.46875 0.94 0.47604167 0.9025 0.47864583 0.84833336 0.478125 0.7966667 0.48229167 0.7266667 0.48177084 0.66333336 0.46145833 0.6308333 0.45260417 0.60583335 0.43802083 0.55083334 0.42083332 0.49833333 0.4109375 0.44833332 0.4015625 0.41166666 0.3984375 0.405
20 0.6828125 0.086666666 0.65833336 0.0275 0.640625 0.0 0.52239585 0.0 0.425 0.1025 0.41302082 0.115833335 0.40677083 0.12083333 0.34791666 0.19166666 0.33333334 0.21083333 0.33125 0.22666667 0.33125 0.24 0.33333334 0.24833333 0.33697918 0.26916668 0.34114584 0.28 0.3546875 0.29916668 0.37552083 0.31916666 0.38177082 0.32416666 0.38385418 0.3275 0.38489583 0.30916667 0.39375 0.30083334 0.44635418 0.25416666 0.478125 0.23 0.50416666 0.21583334 0.5151042 0.22583333 0.5203125 0.24166666 0.5239583 0.26416665 0.5484375 0.23416667 0.59375 0.19166666 0.603125 0.18333334 0.61354166 0.17333333 0.63072914 0.15916666 0.6770833 0.11666667 0.68125 0.11333334 0.68385416 0.10666667 0.68385416 0.09916667
20 0.5375 0.3225 0.53125 0.29166666 0.52447915 0.26333332 0.51666665 0.23166667 0.5151042 0.225 0.50416666 0.21583334 0.47552082 0.2325 0.38489583 0.30833334 0.38385418 0.33 0.39479166 0.395 0.39895833 0.405 0.4015625 0.41333333 0.40885416 0.44166666 0.4171875 0.475 0.421875 0.50083333 0.44791666 0.58666664 0.4609375 0.6308333 0.4921875 0.68083334 0.54270834 0.76 0.5546875 0.7816667 0.5619792 0.8308333 0.5640625 0.84 0.56666666 0.8283333 0.5963542 0.81416667 0.6484375 0.7725 0.65520835 0.76166666 0.66041666 0.74333334 0.66041666 0.7225 0.65 0.68916667 0.63645834 0.65416664 0.61510414 0.6225 0.5989583 0.5975 0.5703125 0.57166666 0.5572917 0.55916667 0.55833334 0.54 0.55833334 0.5175 0.55833334 0.50083333 0.54895836 0.47666666 0.5520833 0.43333334 0.553125 0.38916665 0.54270834 0.34416667 0.54010415 0.32666665
20 0.5875 0.30583334 0.5453125 0.28666666 0.53541666 0.28833333 0.5328125 0.29416665 0.5364583 0.32 0.54010415 0.32416666 0.5421875 0.34333333 0.553125 0.38833332 0.5520833 0.42916667 0.5484375 0.47583333 0.55833334 0.5025 0.5598958 0.5158333 0.5598958 0.5283333 0.55833334 0.5425 0.5708333 0.5425 0.58125 0.54333335 0.5828125 0.53333336 0.5854167 0.5125 0.5854167 0.49166667 0.5828125 0.4675 0.5828125 0.46416667 0.584375 0.46083334 0.5864583 0.45833334 0.5875 0.45666668 0.58958334 0.38166666 0.5885417 0.32333332 0.58958334 0.30583334
20 0.75 0.21083333 0.7427083 0.195 0.73541665 0.19166666 0.6197917 0.17 0.60052085 0.18583333 0.59739584 0.21166667 0.58958334 0.29916668 0.5890625 0.31583333 0.5890625 0.33416668 0.58802086 0.385 0.5875 0.45583335 0.5864583 0.495 0.58229166 0.57416666 0.5828125 0.5858333 0.59739584 0.595 0.6390625 0.6575 0.65989584 0.7216667 0.6614583 0.7425 0.6557292 0.76166666 0.64635414 0.775 0.6322917 0.78583336 0.653125 0.7891667 0.6822917 0.79083335 0.7161458 0.7841667 0.7213542 0.7758333 0.72447914 0.76 0.72552085 0.7083333 0.72552085 0.665 0.71979165 0.61583334 0.71979165 0.5875 0.725 0.55583334 0.7234375 0.5133333 0.72291666 0.5058333 0.73333335 0.48083332 0.7375 0.4125 0.7473958 0.2675 0.7515625 0.22333333
20 0.896875 0.33583334 0.8921875 0.32166666 0.8828125 0.31416667 0.8666667 0.31083333 0.83697915 0.30916667 0.78125 0.30416667 0.759375 0.30333334 0.74583334 0.30333334 0.74427086 0.30333334 0.7328125 0.48166665 0.7338542 0.4925 0.7375 0.52416664 0.7390625 0.55 0.73541665 0.5725 0.7270833 0.595 0.721875 0.61833334 0.72083336 0.62083334 0.7265625 0.6666667 0.725 0.7608333 0.7203125 0.7775 0.71510416 0.7841667 0.6875 0.79083335 0.6890625 0.85083336 0.6921875 0.87166667 0.696875 0.88416666 0.70416665 0.89166665 0.7171875 0.8908333 0.7328125 0.87833333 0.7505208 0.87166667 0.7630208 0.87583333 0.78333336 0.8775 0.8020833 0.8775 0.8171875 0.87083334 0.825 0.8491667 0.8296875 0.8325 0.8333333 0.8175 0.840625 0.75416666 0.8432292 0.72083336 0.84791666 0.7083333 0.8541667 0.6958333 0.85625 0.675 0.865625 0.65 0.87708336 0.57 0.8833333 0.50083333 0.8932292 0.4275 0.8979167 0.3575
20 0.89375 0.44083333 0.89166665 0.49916667 0.8911458 0.51916665 0.890625 0.5341667 0.88177085 0.545 0.8796875 0.545 0.8833333 0.5 0.8901042 0.4525 0.89270836 0.43666667 0.89270836 0.43416667
20 0.9015625 0.6116667 0.8755208 0.5825 0.8666667 0.64416665 0.8619792 0.65833336 0.85572916 0.6766667 0.8546875 0.695 0.84270835 0.72083336 0.840625 0.755 0.8666667 0.69916666 0.903125 0.63166666 0.903125 0.625
20 0.6510417 0.79 0.64635414 0.80583334 0.63489586 0.8541667 0.628125 0.8925 0.6140625 0.9291667 0.5963542 0.97083336 0.5875 0.9866667 0.5875 1.0 0.5942708 1.0 0.7421875 1.0 0.75677085 0.9558333 0.7661458 0.94166666 0.78020835 0.905 0.7890625 0.87833333 0.76354164 0.87666667 0.7484375 0.8725 0.73072916 0.88 0.71770835 0.89 0.7057292 0.8925 0.696875 0.88416666 0.6927083 0.86833334 0.6890625 0.8516667 0.6875 0.7916667 0.6744792 0.7916667 0.6557292 0.79
20 0.15677084 0.21583334 0.14895834 0.20666666 0.10885417 0.21083333 0.0010416667 0.22666667 0.0 0.22916667 0.0026041667 0.305 0.011458334 0.3675 0.01875 0.40166667 0.022395832 0.45416668 0.031770833 0.4975 0.045833334 0.5491667 0.060416665 0.5625 0.0921875 0.5808333 0.104166664 0.5883333 0.11354167 0.6075 0.13125 0.67083335 0.140625 0.75 0.15052083 0.79333335 0.15625 0.8025 0.18385416 0.79083335 0.21510416 0.7733333 0.24114583 0.765 0.2640625 0.75 0.27760416 0.7366667 0.28333333 0.725 0.28177083 0.71166664 0.2765625 0.68 0.25208333 0.5875 0.23385416 0.53833336 0.23177083 0.5341667 0.22708334 0.53583336 0.2140625 0.54583335 0.20572917 0.54833335 0.20260416 0.54 0.2 0.53583336 0.18177083 0.5275 0.18645833 0.52666664 0.18645833 0.50916666 0.1796875 0.49333334 0.18072917 0.46583334 0.18385416 0.44083333 0.16770834 0.29916668 0.16614583 0.275 0.15885417 0.22333333
