14 0.1953125 0.6091667 0.25833333 0.59 0.25625 0.6 0.25260416 0.6175 0.2515625 0.64166665 0.25416666 0.6766667 0.259375 0.76666665 0.271875 0.88166666 0.278125 0.91833335 0.28854167 0.93833333 0.2890625 0.9458333 0.27291667 0.9575 0.2453125 0.965 0.21770833 0.97833335 0.21510416 0.9683333 0.21302083 0.9483333 0.2140625 0.92 0.21354167 0.8925 0.20416667 0.7808333 0.19322917 0.64916664 0.1875 0.61583334 0.18697916 0.60833335
14 0.18489583 0.5125 0.18854167 0.48833334 0.1921875 0.48416665 0.20052083 0.47 0.2078125 0.45083332 0.21145834 0.43583333 0.2234375 0.395 0.25208333 0.2725 0.26510417 0.19833334 0.26041666 0.175 0.2625 0.165 0.28958333 0.18166667 0.3328125 0.21333334 0.33072916 0.21833333 0.325 0.22416666 0.31145832 0.25583333 0.30572918 0.27833334 0.25989583 0.47416666 0.2625 0.4825 0.26302084 0.4975 0.2578125 0.5341667 0.25208333 0.5566667 0.23177083 0.54333335 0.19114584 0.51916665
14 0.31770834 0.33666667 0.37604168 0.26916668 0.37916666 0.2725 0.38125 0.28083333 0.38541666 0.30166668 0.38854167 0.31583333 0.40625 0.3775 0.43958333 0.485 0.46666667 0.5675 0.47552082 0.5708333 0.48020834 0.575 0.48229167 0.58166665 0.47760418 0.5858333 0.434375 0.6 0.43125 0.60333335 0.43125 0.6141667 0.43385416 0.6325 0.43177083 0.6333333 0.42760417 0.62666667 0.4203125 0.61333334 0.41458333 0.5975 0.39791667 0.5491667 0.36822918 0.45916668 0.34322917 0.38333333 0.33177084 0.35 0.328125 0.34416667 0.32083333 0.34666666 0.31979167 0.34416667
14 0.4359375 0.29666665 0.46614584 0.27 0.47708333 0.2575 0.5015625 0.2375 0.5072917 0.25 0.5109375 0.26333332 0.5104167 0.2775 0.51145834 0.28833333 0.51770836 0.31 0.565625 0.43416667 0.60572916 0.54583335 0.61041665 0.5475 0.61822915 0.55 0.6234375 0.565 0.625 0.57916665 0.61927086 0.58416665 0.5953125 0.60833335 0.5640625 0.6433333 0.5572917 0.6275 0.5546875 0.615 0.5515625 0.59833336 0.5421875 0.55583334 0.5208333 0.495 0.475 0.37166667 0.4625 0.345 0.45885417 0.34 0.44583333 0.3225 0.4390625 0.305
14 0.5703125 0.43333334 0.5854167 0.38833332 0.59583336 0.355 0.60364586 0.33083335 0.61927086 0.3425 0.6276042 0.355 0.6328125 0.37 0.65260416 0.38583332 0.79583335 0.49416667 0.8041667 0.48666668 0.80572915 0.49583334 0.80572915 0.51166666 0.78020835 0.60083336 0.7661458 0.58416665 0.75989586 0.57416666 0.75677085 0.5675 0.7473958 0.56166667 0.66822916 0.5 0.60572916 0.455 0.59375 0.45 0.58489585 0.44916666 0.56927085 0.4375
14 0.66197914 0.2925 0.6890625 0.235 0.70520836 0.20166667 0.7109375 0.2075 0.7171875 0.21666667 0.73072916 0.24416667 0.7515625 0.27 0.8598958 0.40583333 0.87135416 0.41583332 0.878125 0.4125 0.88385415 0.41916665 0.8854167 0.42416668 0.88385415 0.435 0.87604165 0.4425 0.8697917 0.45166665 0.85520834 0.4875 0.85052085 0.50166667 0.8421875 0.51666665 0.83697915 0.50166667 0.82916665 0.4825 0.77239585 0.41083333 0.69375 0.31083333 0.68854165 0.30583334 0.684375 0.30666667 0.6770833 0.31083333 0.6734375 0.30916667 0.66197914 0.29833335
14 0.8286458 0.5675 0.8442708 0.56666666 0.85572916 0.56916666 0.8765625 0.56666666 0.87708336 0.55583334 0.88177085 0.565 0.8890625 0.5833333 0.9015625 0.6525 0.9291667 0.855 0.93854165 0.8875 0.94739586 0.9141667 0.9421875 0.91583335 0.92395836 0.9125 0.9 0.9166667 0.86875 0.9175 0.8703125 0.905 0.8703125 0.855 0.84791666 0.69666666 0.8354167 0.61 0.8296875 0.585 0.8265625 0.5733333
14 0.6098958 0.83166665 0.73072916 0.74583334 0.76145834 0.72 0.76979166 0.70166665 0.7734375 0.6958333 0.78229165 0.69 0.7895833 0.6933333 0.79479164 0.71 0.82239586 0.79 0.8203125 0.7941667 0.80833334 0.8041667 0.80052084 0.8075 0.7916667 0.80583334 0.784375 0.805 0.7734375 0.8125 0.67604166 0.885 0.61875 0.93333334 0.6067708 0.95 0.6067708 0.93833333 0.60625 0.9316667 0.59166664 0.88166666 0.5833333 0.86583334 0.58020836 0.8541667 0.57916665 0.8375 0.584375 0.8333333 0.60260415 0.8375
14 0.38802084 0.80083334 0.52135414 0.7058333 0.5338542 0.69666666 0.54114586 0.68916667 0.5463542 0.6725 0.56354165 0.6616667 0.56666666 0.67 0.57604164 0.69916666 0.590625 0.7658333 0.5911458 0.7725 0.5875 0.7783333 0.5755208 0.7841667 0.56041664 0.7783333 0.5546875 0.77916664 0.5296875 0.7966667 0.4953125 0.82166666 0.44791666 0.86 0.39583334 0.89166665 0.3875 0.9008333 0.38177082 0.9166667 0.378125 0.92333335 0.36458334 0.9316667 0.36145833 0.9225 0.34895834 0.8691667 0.3359375 0.81666666 0.34583333 0.80833334 0.3578125 0.805 0.36927083 0.80333334
14 0.1109375 0.23166667 0.11354167 0.24416667 0.115625 0.25 0.11875 0.25583333 0.15572916 0.28333333 0.1625 0.27916667 0.16927083 0.2725 0.1671875 0.285 0.1625 0.30166668 0.1625 0.31166667 0.1578125 0.35833332 0.1390625 0.54083335 0.13541667 0.5625 0.13645834 0.58166665 0.14114584 0.61 0.13697916 0.62666667 0.13229166 0.62916666 0.11875 0.62 0.08802083 0.58916664 0.0828125 0.59 0.08177083 0.5966667 0.08020833 0.615 0.07864583 0.6075 0.078125 0.5875 0.07864583 0.5683333 0.080729164 0.53583336 0.088541664 0.44166666 0.1 0.3225 0.102604166 0.29416665 0.10104167 0.27666667 0.10104167 0.2525 0.1078125 0.23333333
