5 0.08177083 0.61333334 0.108333334 0.65 0.1359375 0.6875 0.19635417 0.81333333 0.21145834 0.865 0.225 0.88166666 0.36875 0.7158333 0.36302084 0.7 0.33489582 0.6525 0.30520833 0.6066667 0.28020832 0.55833334 0.25052083 0.48833334 0.2296875 0.42833334 0.1828125 0.49166667 0.15052083 0.5416667 0.0921875 0.60333335
1 0.072916664 0.59583336 0.0 0.6016667 0.0 0.265 0.0328125 0.26333332 0.08385417 0.26416665 0.08125 0.27916667 0.06666667 0.30416667 0.06614583 0.34083334 0.06875 0.58166665
19 0.1359375 0.5 0.118229166 0.49 0.1109375 0.47583333 0.1109375 0.46583334 0.15416667 0.28166667 0.15833333 0.26916668 0.16510417 0.265 0.1765625 0.2675 0.3 0.34333333 0.3 0.35333332 0.30416667 0.34666666 0.328125 0.36083335 0.33489582 0.36833334 0.340625 0.3825 0.33385417 0.4125 0.2953125 0.58 0.2875 0.5708333 0.27760416 0.5575 0.24791667 0.4825 0.2296875 0.4275 0.17447917 0.50333333 0.16614583 0.51666665
20 0.48385417 0.44333333 0.3609375 0.5375 0.33958334 0.56 0.33958334 0.58166665 0.34583333 0.6091667 0.35572916 0.62083334 0.37447917 0.6191667 0.39010417 0.61333334 0.46614584 0.6875 0.50989586 0.725 0.49947917 0.7575 0.4890625 0.805 0.49270833 0.8433333 0.5046875 0.8933333 0.5208333 0.89916664 0.53489584 0.8983333 0.61041665 0.8433333 0.6453125 0.79833335 0.6432292 0.77416664 0.628125 0.72333336 0.62291664 0.7108333 0.603125 0.70916665 0.59375 0.695 0.596875 0.63416666 0.5578125 0.55083334 0.5171875 0.475 0.49427083 0.44333333
19 0.40885416 0.018333333 0.384375 0.024166666 0.35677084 0.035833333 0.3484375 0.048333332 0.34427083 0.0625 0.35052082 0.108333334 0.37291667 0.24333334 0.384375 0.25 0.39479166 0.25083333 0.45104167 0.22416666 0.5161458 0.2 0.546875 0.1875 0.57239586 0.18333334 0.58177084 0.1775 0.5859375 0.17083333 0.59010416 0.1625 0.58697915 0.1375 0.5786458 0.093333334 0.57447916 0.054166667 0.57135415 0.0 0.44947916 0.0
18 0.7270833 0.6616667 0.7239583 0.69 0.7140625 0.72 0.69375 0.7825 0.6848958 0.81666666 0.6875 0.8333333 0.69322914 0.8475 0.753125 0.8808333 0.8390625 0.9433333 0.8578125 0.95 0.8645833 0.9433333 0.8744792 0.93416667 0.88177085 0.9058333 0.9109375 0.7941667 0.9114583 0.7708333 0.9010417 0.74666667 0.8666667 0.7266667 0.78020835 0.6691667 0.7505208 0.6458333 0.73802084 0.645 0.73333335 0.6475
20 0.66614586 0.72333336 0.615625 0.71 0.6015625 0.7075 0.5921875 0.69166666 0.5953125 0.62416667 0.609375 0.495 0.6510417 0.27166668 0.66197914 0.2025 0.68072915 0.12666667 0.690625 0.11666667 0.7015625 0.12 0.7203125 0.13416667 0.7552083 0.1425 0.77135414 0.135 0.79375 0.14 0.8015625 0.1575 0.7973958 0.17833333 0.79895836 0.27 0.7875 0.36666667 0.765625 0.48166665 0.7572917 0.5391667 0.75104165 0.61833334 0.74791664 0.6433333 0.73020834 0.65166664 0.7260417 0.6691667 0.7239583 0.695 0.7114583 0.7225 0.7078125 0.7375
3 0.9015625 0.50916666 0.778125 0.66583335 0.76666665 0.6483333 0.75208336 0.62083334 0.76197916 0.50333333 0.78489584 0.38666666 0.7890625 0.35666665 0.80625 0.35166666 0.8151042 0.37166667 0.82708335 0.42166665 0.8833333 0.4725 0.90260416 0.48916668
6 0.846875 0.37416667 0.82708335 0.4125 0.8276042 0.4225 0.90729165 0.49416667 0.92604166 0.51416665 0.9401042 0.51916665 0.9447917 0.49916667 0.97239584 0.39416668 0.98645836 0.36083335 0.9703125 0.34666666 0.92864585 0.3275 0.878125 0.275 0.8697917 0.26916668 0.85260415 0.28416666 0.8453125 0.3125 0.84166664 0.34583333 0.84166664 0.36083335
4 0.7203125 0.08583333 0.7161458 0.06 0.7135417 0.04083333 0.71302086 0.010833333 0.71666664 0.0 0.83697915 0.0 0.84010416 0.015 0.8385417 0.041666668 0.83229166 0.08083333 0.83229166 0.09916667 0.884375 0.225 0.8890625 0.24333334 0.88385415 0.25583333 0.8734375 0.26916668 0.8640625 0.275 0.84791666 0.2825 0.83958334 0.26083332 0.8 0.1625 0.7994792 0.15333334 0.7916667 0.13666667 0.7734375 0.13583334 0.75104165 0.12833333 0.73541665 0.115833335 0.72760415 0.105
15 0.052604165 0.0 0.049479168 0.015 0.053645834 0.030833334 0.035416666 0.031666666 0.0359375 0.0175 0.022395832 0.0
13 0.16770834 0.86833334 0.09739583 1.0 0.0 1.0 0.0 0.80916667 0.08958333 0.64416665 0.10520833 0.6508333 0.1359375 0.69083333 0.1625 0.74833333 0.19322917 0.81
