14 0.38020834 0.5475 0.378125 0.5783333 0.37552083 0.6125 0.37447917 0.6508333 0.378125 0.6566667 0.38489583 0.6566667 0.39270833 0.6483333 0.39895833 0.6375 0.4703125 0.64666665 0.53020835 0.6508333 0.55625 0.65 0.57447916 0.6508333 0.58177084 0.6508333 0.5864583 0.6675 0.5921875 0.6716667 0.5984375 0.6691667 0.6010417 0.62083334 0.60520834 0.58416665 0.6067708 0.55583334 0.60364586 0.55 0.59583336 0.54833335 0.5859375 0.5541667 0.5765625 0.5575 0.5609375 0.55916667 0.40260416 0.55 0.39739582 0.54583335 0.3921875 0.54 0.38125 0.5416667 0.3796875 0.5466667
14 0.6958333 0.18416667 0.70677084 0.1825 0.7182292 0.185 0.7291667 0.18666667 0.7390625 0.18916667 0.74791664 0.19416666 0.75989586 0.205 0.7651042 0.21666667 0.7640625 0.23 0.75364584 0.23833333 0.75 0.2475 0.7447917 0.305 0.74427086 0.31083333 0.6921875 0.31916666 0.68645835 0.3175 0.68854165 0.29416665 0.6958333 0.2425 0.6958333 0.2325 0.6927083 0.21666667 0.6927083 0.20166667 0.6927083 0.18666667
14 0.6828125 0.31416667 0.67552084 0.31333333 0.66979164 0.30666667 0.66770834 0.30583334 0.6645833 0.30166668 0.6640625 0.31916666 0.6645833 0.34666666 0.66614586 0.3975 0.6666667 0.42 0.6666667 0.42666668 0.6744792 0.41916665 0.68645835 0.41 0.73802084 0.39833334 0.8046875 0.38416666 0.83489585 0.38166666 0.85 0.37833333 0.85625 0.38416666 0.8671875 0.37583333 0.85833335 0.35916665 0.85625 0.34916666 0.85729164 0.31416667 0.8546875 0.295 0.84791666 0.27416667 0.8364583 0.2775 0.83125 0.28416666 0.8333333 0.28916666 0.82916665 0.29583332 0.7796875 0.30583334 0.74322915 0.31166667 0.69166666 0.32 0.6848958 0.31666666
14 0.7317708 0.4025 0.72239584 0.47583333 0.7203125 0.495 0.71875 0.5175 0.71979165 0.53 0.72239584 0.54 0.71979165 0.5525 0.71458334 0.565 0.7083333 0.56916666 0.69947916 0.56333333 0.66197914 0.5541667 0.6458333 0.5541667 0.6479167 0.5308333 0.653125 0.51416665 0.65989584 0.48416665 0.66822916 0.455 0.6723958 0.42166665 0.68541664 0.41 0.7270833 0.40166667
14 0.8984375 0.51666665 0.9125 0.5275 0.9213542 0.53333336 0.9171875 0.55333334 0.9114583 0.56333333 0.90625 0.57666665 0.8984375 0.6066667 0.8953125 0.58416665 0.8911458 0.5683333 0.8890625 0.555 0.890625 0.5341667 0.89270836 0.52416664
14 0.89479166 0.51416665 0.88489586 0.50666666 0.8734375 0.49583334 0.86510414 0.48833334 0.8578125 0.48166665 0.85520834 0.48166665 0.85520834 0.49166667 0.85260415 0.5025 0.8510417 0.51 0.84947914 0.5258333 0.8453125 0.5425 0.8390625 0.56166667 0.8520833 0.5516667 0.8666667 0.53833336 0.88854164 0.5183333 0.89427084 0.515
14 0.84010416 0.56333333 0.8333333 0.5725 0.8286458 0.58666664 0.8359375 0.58416665 0.8375 0.595 0.84010416 0.625 0.84947914 0.6625 0.8578125 0.6983333 0.8609375 0.7241667 0.86510414 0.7575 0.875 0.7975 0.88072914 0.8283333 0.8828125 0.845 0.8802083 0.855 0.8822917 0.8641667 0.8880208 0.8725 0.896875 0.865 0.91041666 0.8516667 0.92395836 0.84 0.934375 0.8283333 0.9401042 0.81666666 0.94895834 0.81166667 0.94739586 0.8041667 0.940625 0.795 0.934375 0.7891667 0.93072915 0.785 0.8984375 0.6066667 0.8953125 0.58416665 0.8911458 0.5683333 0.8890625 0.5541667 0.890625 0.53333336 0.89270836 0.5225 0.89739585 0.51666665 0.8953125 0.5158333 0.88958335 0.5183333 0.8854167 0.52166665 0.88125 0.5258333 0.859375 0.5441667 0.846875 0.5566667 0.840625 0.56166667
14 0.8276042 0.5933333 0.78229165 0.7266667 0.76979166 0.7608333 0.76458335 0.7708333 0.7625 0.77416664 0.7604167 0.77166665 0.7583333 0.7658333 0.7546875 0.7683333 0.7526042 0.7808333 0.75416666 0.7875 0.7682292 0.7991667 0.78333336 0.81333333 0.7984375 0.82416666 0.80677086 0.8325 0.81614584 0.8333333 0.81875 0.82916665 0.8177083 0.81583333 0.82604164 0.7875 0.8385417 0.75166667 0.8515625 0.7183333 0.8567708 0.70166665 0.85729164 0.695 0.8411458 0.62916666 0.8390625 0.61583334 0.83697915 0.5908333 0.8359375 0.585 0.83020836 0.58666664 0.8276042 0.59166664
14 0.9770833 0.36416668 0.9713542 0.37666667 0.96770835 0.38666666 0.96510416 0.39583334 0.9671875 0.40416667 0.95625 0.43333334 0.9380208 0.48416665 0.9234375 0.5233333 0.921875 0.5325 0.91770834 0.55333334 0.9109375 0.56416667 0.90833336 0.5733333 0.90625 0.5808333 0.9010417 0.6 0.89947915 0.6066667 0.9140625 0.68833333 0.91875 0.7216667 0.9213542 0.7325 0.925 0.73083335 0.9302083 0.71416664 0.9296875 0.69916666 0.9291667 0.69166666 0.953125 0.62333333 0.9875 0.53 0.99322915 0.51416665 0.99895835 0.5 0.9973958 0.37583333 0.98541665 0.3675 0.98020834 0.365
14 0.38177082 0.4275 0.3875 0.42916667 0.39322916 0.43666667 0.415625 0.43833333 0.46197918 0.4375 0.52916664 0.43833333 0.578125 0.43833333 0.5854167 0.435 0.58802086 0.4475 0.58958334 0.46583334 0.5921875 0.4825 0.59583336 0.50083333 0.6010417 0.525 0.60364586 0.54083335 0.59375 0.54083335 0.5786458 0.5375 0.565625 0.5283333 0.55 0.5275 0.50989586 0.5275 0.41614583 0.5275 0.40260416 0.53 0.3921875 0.53 0.3875 0.5308333 0.39166668 0.5391667 0.38541666 0.54 0.37552083 0.5416667 0.371875 0.53833336 0.3734375 0.51416665 0.375 0.48166665 0.37604168 0.46 0.37864584 0.44083333
