6 0.1796875 0.29833335 0.17916666 0.38583332 0.1828125 0.435 0.15729167 0.525 0.16979167 0.5325 0.22395833 0.5475 0.21822916 0.51916665 0.27552083 0.5075 0.29322916 0.315 0.28229168 0.3125 0.28020832 0.315 0.19947916 0.3
6 0.33072916 0.49833333 0.22552083 0.5175 0.21770833 0.51916665 0.22864583 0.56916666 0.23072916 0.6508333 0.23541667 0.68 0.22916667 0.7425 0.23177083 0.75916666 0.32604167 0.75083333 0.34427083 0.74833333 0.340625 0.69166666 0.33333334 0.60583335 0.33333334 0.5108333
6 0.39895833 0.09833334 0.38489583 0.15666667 0.36510417 0.19583334 0.34739584 0.24583334 0.32604167 0.28416666 0.31979167 0.30166668 0.415625 0.39166668 0.425 0.36833334 0.43333334 0.32583332 0.49479166 0.18916667 0.49322918 0.17833333 0.4328125 0.12833333
6 0.52447915 0.7891667 0.50364584 0.8041667 0.45572916 0.8433333 0.48020834 0.91333336 0.51875 0.80583334
6 0.48854166 0.9316667 0.50989586 1.0 0.5734375 1.0 0.5625 0.98583335
6 0.6119792 0.62833333 0.596875 0.6591667 0.5578125 0.73833334 0.5552083 0.7558333 0.54322916 0.7683333 0.55 0.7758333 0.55625 0.76666665 0.5619792 0.7733333 0.5651042 0.7925 0.6088542 0.85 0.6197917 0.86 0.675 0.7683333 0.68177086 0.765 0.684375 0.74083334 0.63125 0.6508333 0.6177083 0.635
6 0.75677085 0.45583335 0.7421875 0.48 0.7473958 0.53833336 0.7661458 0.5258333 0.7708333 0.5208333 0.7708333 0.5125
6 0.653125 0.63916665 0.6588542 0.6975 0.6828125 0.7375 0.728125 0.7183333 0.8125 0.70916665 0.8125 0.68916667 0.79583335 0.5366667 0.7838542 0.5375 0.7494792 0.56 0.7515625 0.5941667 0.7526042 0.65 0.71197915 0.64666665 0.65729165 0.63916665
6 0.7807292 0.7125 0.7447917 0.7425 0.7161458 0.7575 0.67760414 0.7675 0.6744792 0.77 0.659375 0.7941667 0.659375 0.8066667 0.6828125 0.93833333 0.69895834 0.9375 0.76458335 0.8933333 0.8098958 0.88166666 0.82395834 0.87333333 0.8130208 0.8283333 0.80677086 0.7808333 0.7916667 0.71166664
6 0.6567708 0.94166666 0.6635417 1.0 0.80833334 1.0 0.80260414 0.9216667 0.790625 0.91833335 0.7375 0.94 0.7234375 0.93666667 0.66614586 0.93833333
6 0.89270836 0.455 0.8723958 0.5675 0.8520833 0.64666665 0.84583336 0.64916664 0.84270835 0.65833336 0.8755208 0.68 0.940625 0.7366667 0.9479167 0.7241667 0.95208335 0.69 0.96666664 0.62083334 0.99427086 0.54583335 0.9984375 0.5258333 0.953125 0.49583334 0.9114583 0.47333333 0.896875 0.4625
6 0.09427083 0.57416666 0.096875 0.5933333 0.09166667 0.6533333 0.09375 0.67333335 0.08958333 0.68 0.0640625 0.7808333 0.063541666 0.7975 0.14010416 0.83 0.17916666 0.83666664 0.18333334 0.79583335 0.196875 0.6816667 0.20989583 0.5966667 0.2078125 0.58916664 0.17291667 0.5783333 0.140625 0.575 0.106770836 0.5725
6 0.2515625 0.7925 0.2296875 0.8075 0.1546875 0.88666666 0.1578125 0.9025 0.159375 0.91083336 0.19739583 0.9775 0.20416667 1.0 0.32708332 1.0 0.33489582 0.9925 0.32864583 0.9741667 0.29635417 0.9125 0.27447918 0.88416666 0.27239582 0.8625 0.25416666 0.79583335
6 0.35677084 0.35166666 0.321875 0.435 0.31510416 0.46333334 0.30052084 0.49416667 0.3078125 0.5025 0.33072916 0.49833333 0.33333334 0.5108333 0.33333334 0.5275 0.35260418 0.55 0.37239584 0.575 0.38125 0.585 0.40729168 0.62833333 0.41875 0.63666666 0.425 0.6191667 0.47135416 0.5208333 0.48229167 0.50083333 0.48229167 0.49416667 0.47135416 0.47916666 0.42083332 0.43416667 0.415625 0.42583334 0.371875 0.3625 0.35833332 0.34833333
6 0.60572916 0.105 0.59375 0.119166665 0.58958334 0.12666667 0.5385417 0.19583334 0.496875 0.245 0.49375 0.25 0.49791667 0.25916666 0.51979166 0.29666665 0.5338542 0.315 0.54583335 0.33 0.55572915 0.3775 0.56354165 0.37 0.59479165 0.32833335 0.634375 0.275 0.6703125 0.23833333 0.6770833 0.22916667 0.6609375 0.1975 0.61510414 0.11666667 0.6078125 0.10333333
6 0.534375 0.7608333 0.51979166 0.8041667 0.4875 0.8925 0.47916666 0.91833335 0.48177084 0.92333335 0.49270833 0.93583333 0.5630208 0.98583335 0.5734375 1.0 0.63125 1.0 0.6421875 0.9558333 0.6432292 0.9425 0.6557292 0.9066667 0.6614583 0.8983333 0.6635417 0.89166665 0.6546875 0.8825 0.61927086 0.86083335 0.60833335 0.8491667 0.5640625 0.7925 0.54583335 0.7708333 0.5375 0.7633333
6 0.5552083 0.7683333 0.55 0.775 0.565625 0.79333335 0.5619792 0.7733333 0.55625 0.76666665
6 0.6375 0.33833334 0.6380208 0.35416666 0.64635414 0.35166666 0.64947915 0.385 0.65 0.40833333 0.66041666 0.40833333 0.6770833 0.41333333 0.7 0.42166665 0.75 0.42916667 0.75416666 0.43 0.74427086 0.345 0.74427086 0.31333333 0.74322915 0.30416667 0.73020834 0.3075 0.6453125 0.335
6 0.646875 0.41083333 0.64635414 0.43583333 0.64739585 0.4575 0.6510417 0.5366667 0.64375 0.6091667 0.6421875 0.6225 0.6421875 0.6358333 0.6802083 0.6425 0.753125 0.65 0.7526042 0.6125 0.7515625 0.5908333 0.7484375 0.5441667 0.7473958 0.535 0.7421875 0.47916666 0.75677085 0.455 0.7583333 0.4525 0.75989586 0.43083334 0.74375 0.42833334 0.69895834 0.42083332 0.6666667 0.41 0.65989584 0.40833333 0.64739585 0.40833333
6 0.6359375 0.3525 0.625 0.355 0.57604164 0.375 0.5619792 0.38666666 0.5385417 0.38166666 0.5151042 0.38 0.49947917 0.385 0.49739584 0.39 0.50104165 0.41666666 0.50104165 0.42333335 0.50104165 0.43833333 0.5052083 0.47666666 0.5052083 0.49583334 0.50677085 0.5025 0.5130208 0.56083333 0.52916664 0.55833334 0.5796875 0.5325 0.60572916 0.515 0.6109375 0.52 0.64427084 0.52916664 0.65052086 0.52666664 0.64739585 0.4675 0.64635414 0.43666667 0.646875 0.40916666 0.65052086 0.4075 0.6489583 0.3825 0.64635414 0.35333332 0.63854164 0.35416666
6 0.25625 0.045833334 0.22135417 0.17166667 0.18229167 0.23083334 0.17604166 0.24583334 0.23541667 0.30583334 0.27916667 0.31583333 0.30572918 0.23333333 0.35260418 0.13583334 0.27135417 0.06
