20 0.66979164 0.40666667 0.6197917 0.37666667 0.6125 0.37833333 0.60520834 0.38416666 0.5859375 0.44166666 0.5703125 0.49583334 0.5541667 0.56 0.546875 0.5883333 0.5494792 0.5991667 0.5598958 0.61083335 0.6328125 0.6566667 0.7213542 0.70916665 0.7348958 0.7133333 0.7484375 0.7083333 0.7578125 0.7083333 0.7729167 0.7133333 0.815625 0.74666667 0.8822917 0.8016667 0.9 0.81333333 0.9088542 0.81166667 0.9171875 0.8041667 0.92083335 0.7875 0.94322914 0.715 0.94947916 0.65833336 0.9526042 0.6275 0.95625 0.62166667 0.95625 0.6066667 0.95104164 0.5933333 0.9109375 0.56166667 0.9010417 0.55083334 0.8546875 0.5208333 0.80572915 0.5075 0.7708333 0.495 0.74375 0.4775 0.7046875 0.43416667
21 0.3515625 0.47666666 0.28385416 0.50083333 0.234375 0.51916665 0.22916667 0.5275 0.22760417 0.5391667 0.22864583 0.5475 0.26145834 0.67833334 0.278125 0.73333335 0.28697917 0.7633333 0.29635417 0.7633333 0.27760416 0.79833335 0.271875 0.8275 0.2640625 0.8433333 0.259375 0.865 0.26458332 0.8833333 0.27395833 0.885 0.34791666 0.90416664 0.38645834 0.9125 0.39791667 0.9066667 0.40729168 0.8908333 0.40677083 0.8625 0.40052083 0.83416665 0.3984375 0.81 0.39947918 0.77916664 0.40260416 0.7558333 0.40104166 0.7191667 0.38385418 0.5725 0.37447917 0.4925 0.36614582 0.48083332 0.3609375 0.47916666
5 0.25052083 0.75 0.2421875 0.75666666 0.23854166 0.7683333 0.2390625 0.7875 0.24166666 0.79083335 0.25989583 0.7916667 0.2734375 0.80083334 0.278125 0.79833335 0.29739583 0.7633333 0.28854167 0.7633333 0.26197916 0.6775 0.25989583 0.6691667 0.253125 0.7216667 0.25104168 0.74083334
5 0.47083333 0.78 0.42447916 0.7425 0.40104166 0.7216667 0.40260416 0.75666666 0.39947918 0.77916664 0.3984375 0.80833334 0.40104166 0.83416665 0.40260416 0.8441667 0.42447916 0.84583336 0.45729166 0.84833336 0.4703125 0.8491667 0.471875 0.7891667
0 0.4703125 0.87083334 0.46770832 0.92833334 0.46302083 1.0 0.6645833 1.0 0.66197914 0.94666666 0.6666667 0.91333336 0.68072915 0.81 0.684375 0.78333336 0.67291665 0.77916664 0.66614586 0.78 0.5875 0.7758333 0.58229166 0.8075 0.5776042 0.8233333 0.55885416 0.8258333 0.53229165 0.83166665 0.509375 0.8075 0.47135416 0.78 0.47239584 0.7925 0.46979168 0.8475
10 0.59583336 0.22583333 0.5697917 0.25416666 0.56875 0.26333332 0.565625 0.25916666 0.5515625 0.275 0.5375 0.29416665 0.52552086 0.30916667 0.5130208 0.32833335 0.5046875 0.33916667 0.49947917 0.35083333 0.4921875 0.35 0.48645833 0.35333332 0.47447917 0.36833334 0.45729166 0.3875 0.44010416 0.40333334 0.4296875 0.41666666 0.42864582 0.43833333 0.43229166 0.4525 0.453125 0.47416666 0.47083333 0.49666667 0.48125 0.50333333 0.50416666 0.5133333 0.50572914 0.5208333 0.49791667 0.53833336 0.49427083 0.5525 0.496875 0.57666665 0.50364584 0.5875 0.5140625 0.59166664 0.52916664 0.57916665 0.54270834 0.56 0.5546875 0.54333335 0.559375 0.53833336 0.5729167 0.48416665 0.5859375 0.4425 0.5932292 0.41666666 0.60572916 0.3825 0.6125 0.37833333 0.6197917 0.37583333 0.67291665 0.41 0.66041666 0.35 0.65 0.3075 0.61510414 0.225 0.60625 0.22166666
16 0.421875 0.41166666 0.40572917 0.455 0.384375 0.5125 0.37864584 0.5283333 0.3890625 0.62 0.4 0.71166664 0.40104166 0.7216667 0.4484375 0.76166666 0.47083333 0.78 0.50885415 0.8075 0.53229165 0.83166665 0.5619792 0.8258333 0.57708335 0.8233333 0.58229166 0.8066667 0.58802086 0.775 0.59010416 0.7658333 0.59947914 0.7475 0.63072914 0.6625 0.6333333 0.6566667 0.56041664 0.61083335 0.5494792 0.5991667 0.546875 0.5883333 0.5572917 0.5491667 0.553125 0.54583335 0.54114586 0.56166667 0.5296875 0.57916665 0.51458335 0.59166664 0.50364584 0.5883333 0.496875 0.57666665 0.49427083 0.5525 0.49791667 0.53833336 0.50572914 0.5208333 0.50364584 0.5133333 0.48125 0.50333333 0.47083333 0.49666667 0.453125 0.47416666 0.43229166 0.4525 0.42864582 0.43833333 0.4296875 0.41916665
5 0.35104167 0.45333335 0.3484375 0.45583335 0.28541666 0.43166667 0.28177083 0.44333333 0.28645834 0.45416668 0.28541666 0.475 0.28385416 0.50083333 0.33802083 0.48166665 0.33958334 0.47833332 0.34739584 0.47 0.35208333 0.45666668
5 0.38958332 0.47083333 0.34739584 0.47 0.33958334 0.47833332 0.33802083 0.48166665 0.35104167 0.47666666 0.3609375 0.47833332 0.36614582 0.48083332 0.37395832 0.4925 0.37864584 0.5283333 0.39947918 0.47083333
11 0.69114584 0.0 0.65989584 0.01 0.6703125 0.08 0.675 0.08166666 0.6723958 0.086666666 0.684375 0.145 0.69895834 0.22916667 0.7140625 0.30583334 0.7182292 0.3375 0.73645836 0.32333332 0.75364584 0.30416667 0.76354164 0.29416665 0.77708334 0.27 0.78333336 0.26166666 0.79114586 0.25916666 0.8 0.26 0.81875 0.26916668 0.84010416 0.28166667 0.86145836 0.28666666 0.86302084 0.2625 0.86041665 0.23083334 0.84791666 0.14833333 0.84270835 0.1225 0.8364583 0.048333332 0.83125 0.0125 0.8276042 0.0
