1 0.2875 0.5158333 0.2953125 0.5108333 0.29895833 0.5108333 0.3203125 0.51416665 0.31041667 0.55833334 0.30677083 0.5775 0.29947916 0.5541667 0.2890625 0.5208333
1 0.3078125 0.44916666 0.31510416 0.44583333 0.334375 0.4425 0.33385417 0.45083332 0.31979167 0.51416665 0.30520833 0.51166666 0.3078125 0.48666668 0.31145832 0.465 0.30520833 0.4625 0.30104166 0.45916668
1 0.346875 0.4425 0.35625 0.44416666 0.36354166 0.44083333 0.37447917 0.4375 0.39635417 0.4425 0.41197917 0.44916666 0.4125 0.45166665 0.41041666 0.46083334 0.39791667 0.47 0.3984375 0.475 0.3984375 0.4875 0.39166668 0.50333333 0.390625 0.5058333 0.38958332 0.5108333 0.3640625 0.49583334 0.35885417 0.49333334 0.35729167 0.47583333 0.35572916 0.46583334 0.3484375 0.44916666 0.34427083 0.44333333
1 0.30052084 0.5575 0.29583332 0.5966667 0.29895833 0.595 0.30520833 0.5833333 0.30625 0.5775
1 0.28489584 0.6875 0.28697917 0.66083336 0.29322916 0.6125 0.3109375 0.62333333 0.32447916 0.6275 0.33958334 0.63666666 0.3765625 0.66583335 0.37083334 0.70416665 0.36927083 0.72583336 0.37447917 0.73583335 0.37760416 0.7375 0.37552083 0.75 0.3734375 0.75083333 0.359375 0.7416667 0.34947917 0.7391667 0.31822917 0.73083335 0.28333333 0.72333336 0.27239582 0.72 0.2703125 0.7075 0.27395833 0.70916665 0.2765625 0.70166665 0.28229168 0.69166666
1 0.4015625 0.51166666 0.44583333 0.51 0.47552082 0.51 0.5026042 0.485 0.50885415 0.4825 0.51770836 0.48333332 0.51927084 0.4975 0.52708334 0.59 0.5296875 0.62 0.5375 0.655 0.53802085 0.6641667 0.5359375 0.6666667 0.52708334 0.67083335 0.5229167 0.67 0.5140625 0.6641667 0.4984375 0.6641667 0.50989586 0.62916666 0.51458335 0.63 0.5203125 0.62583333 0.51770836 0.6125 0.50989586 0.60083336 0.47916666 0.5783333 0.39583334 0.515 0.39166668 0.5133333
1 0.5286458 0.51166666 0.56927085 0.50333333 0.5921875 0.4975 0.6140625 0.49416667 0.628125 0.48166665 0.63385415 0.48083332 0.6390625 0.475 0.64375 0.47416666 0.6453125 0.47833332 0.64635414 0.5208333 0.64947915 0.64 0.6489583 0.65166664 0.64375 0.6525 0.6328125 0.6566667 0.6234375 0.6533333 0.6171875 0.65166664 0.5875 0.6533333 0.53697914 0.6508333 0.5296875 0.62 0.5208333 0.5125
1 0.55572915 0.1775 0.67864585 0.2375 0.6848958 0.24 0.71197915 0.245 0.71875 0.2425 0.71875 0.2475 0.70520836 0.31666666 0.70416665 0.33916667 0.70104164 0.34583333 0.69166666 0.41416666 0.68958336 0.4175 0.6791667 0.40916666 0.6671875 0.38666666 0.66302085 0.36416668 0.64479166 0.36083335 0.6421875 0.3625 0.52447915 0.30916667 0.50677085 0.3075 0.50208336 0.31083333 0.5 0.30666667 0.5171875 0.23583333 0.5203125 0.21833333 0.5234375 0.20833333 0.52760416 0.2025 0.53125 0.19416666 0.5385417 0.16416667 0.5463542 0.14583333 0.5515625 0.13833334 0.55572915 0.14333333 0.55625 0.15083334
1 0.98229164 0.9583333 0.9890625 0.965 1.0 0.9816667 1.0 1.0 0.95625 1.0 0.97864586 0.9633333
1 0.33489582 0.44083333 0.34375 0.44333333 0.34791666 0.44916666 0.35572916 0.46583334 0.3578125 0.48083332 0.35885417 0.49333334 0.365625 0.49583334 0.396875 0.5158333 0.47083333 0.5725 0.50989586 0.60083336 0.5171875 0.6125 0.5203125 0.62583333 0.51458335 0.63 0.50989586 0.62833333 0.49479166 0.6741667 0.4875 0.68916667 0.47864583 0.7291667 0.475 0.75666666 0.471875 0.7583333 0.46614584 0.75666666 0.46875 0.75166667 0.4671875 0.74666667 0.459375 0.7316667 0.45364583 0.72083336 0.440625 0.7125 0.38697916 0.67333335 0.3390625 0.6358333 0.32395834 0.6275 0.3109375 0.62416667 0.29635417 0.6141667 0.28854167 0.60833335 0.28125 0.6025 0.28645834 0.6 0.29895833 0.595 0.30520833 0.5833333 0.31302083 0.5466667 0.321875 0.505 0.33385417 0.45166665
