14 0.20364584 0.49 0.20364584 0.59583336 0.20572917 0.6125 0.21145834 0.615 0.21666667 0.6016667 0.27447918 0.5975 0.40416667 0.59833336 0.42291668 0.6125 0.42760417 0.6141667 0.44322917 0.6166667 0.44583333 0.49166667 0.42239583 0.49166667 0.40052083 0.5025 0.29010418 0.50416666 0.2625 0.5058333 0.23333333 0.5075 0.2265625 0.50916666 0.2109375 0.49083334
14 0.18020834 0.7291667 0.25520834 0.74583334 0.25677082 0.73583335 0.25 0.7158333 0.246875 0.7075 0.25260416 0.68416667 0.24739583 0.6766667 0.25260416 0.6666667 0.2578125 0.5991667 0.2171875 0.6025 0.21197917 0.615 0.20572917 0.6125 0.203125 0.59583336 0.20104167 0.6 0.2015625 0.6275 0.19791667 0.64416665 0.1953125 0.6791667 0.19583334 0.68916667 0.19270833 0.6933333 0.18958333 0.7033333 0.1859375 0.715 0.18333334 0.71666664 0.18020834 0.7125
14 0.3046875 0.75416666 0.27135417 0.715 0.26770833 0.7058333 0.25260416 0.68416667 0.24739583 0.6766667 0.25260416 0.6666667 0.25625 0.66833335 0.27083334 0.65166664 0.27447918 0.6508333 0.27760416 0.6408333 0.28020832 0.6375 0.30052084 0.5975 0.36927083 0.5975 0.3140625 0.71 0.31510416 0.7341667 0.3109375 0.7441667
14 0.4171875 0.6125 0.3609375 0.7966667 0.3515625 0.81333333 0.34010416 0.8275 0.33385417 0.86 0.34739584 0.86333334 0.3734375 0.87583333 0.39739582 0.89416665 0.4015625 0.8833333 0.4078125 0.87666667 0.40625 0.8425 0.44739583 0.7183333 0.43541667 0.71 0.42604166 0.71 0.41145834 0.69166666 0.4453125 0.6225 0.45625 0.6016667 0.46927083 0.61083335 0.47604167 0.62583333 0.4875 0.5975 0.4875 0.5833333 0.50208336 0.5758333 0.5078125 0.54583335 0.4453125 0.50333333 0.44322917 0.6166667 0.42604166 0.6141667 0.42291668 0.6125 0.41770834 0.60833335
14 0.6411458 0.82416666 0.64166665 0.8325 0.63854164 0.8516667 0.63072914 0.84833336 0.6098958 0.8958333 0.59791666 0.9241667 0.58958334 0.91833335 0.5932292 0.9125 0.5885417 0.89416665 0.54114586 0.8358333 0.4625 0.73333335 0.45260417 0.72083336 0.446875 0.7183333 0.4359375 0.71 0.4265625 0.71 0.41145834 0.69166666 0.45572916 0.6025 0.46927083 0.61083335 0.47552082 0.62583333 0.48072916 0.635 0.4828125 0.6508333 0.5125 0.6825 0.5807292 0.77 0.621875 0.8225 0.634375 0.82166666 0.6390625 0.8225
14 0.51770836 0.675 0.5671875 0.57666665 0.571875 0.5725 0.575 0.54083335 0.58229166 0.5275 0.62291664 0.57666665 0.6354167 0.59833336 0.63645834 0.61583334 0.6302083 0.62666667 0.62135416 0.63 0.61614585 0.62916666 0.56041664 0.74333334 0.5229167 0.6958333 0.5140625 0.68333334
14 0.49479166 0.885 0.47135416 0.84833336 0.43697917 0.80916667 0.44166666 0.805 0.45 0.7975 0.46197918 0.7941667 0.4640625 0.77916664 0.47760418 0.75333333 0.5229167 0.81166667 0.5052083 0.8466667 0.4984375 0.85583335 0.49739584 0.86 0.50104165 0.87416667 0.49739584 0.8908333
14 0.55 0.9458333 0.50104165 0.87666667 0.50104165 0.8725 0.49791667 0.86083335 0.49791667 0.85583335 0.50416666 0.84833336 0.5229167 0.8125 0.57604164 0.87833333 0.575 0.8858333 0.55677086 0.93333334
14 0.64166665 0.5908333 0.66302085 0.62166667 0.6802083 0.645 0.678125 0.6725 0.67760414 0.67833334 0.67291665 0.68416667 0.6098958 0.8066667 0.56927085 0.755 0.62708336 0.6375 0.634375 0.6308333 0.63697916 0.62333333 0.63645834 0.6166667 0.63645834 0.6
14 0.70104164 0.66 0.69166666 0.67083335 0.68958336 0.68 0.67760414 0.6875 0.678125 0.6775 0.6802083 0.6458333 0.68072915 0.62083334 0.68072915 0.6075 0.67760414 0.58 0.6802083 0.57416666 0.68333334 0.57 0.6890625 0.56916666 0.69114584 0.57416666 0.8208333 0.5566667 0.87083334 0.5516667 0.8822917 0.5341667 0.90208334 0.5275 0.90520835 0.53583336 0.9088542 0.575 0.909375 0.6191667 0.9088542 0.6475 0.89947915 0.65 0.8875 0.64416665 0.8703125 0.6325 0.7994792 0.64666665 0.70520836 0.6616667
14 0.81822914 0.75666666 0.81458336 0.775 0.8354167 0.77166665 0.85364586 0.76916665 0.8645833 0.77166665 0.86041665 0.7816667 0.8697917 0.7841667 0.88385415 0.7758333 0.896875 0.6483333 0.8890625 0.645 0.8697917 0.6325 0.8359375 0.63916665 0.8276042 0.7216667 0.82447916 0.73583335
14 0.7671875 0.7425 0.7572917 0.74333334 0.7526042 0.7191667 0.74427086 0.69666666 0.728125 0.6575 0.79270834 0.6483333 0.79895836 0.665 0.80885416 0.6766667 0.815625 0.68916667 0.81458336 0.7125 0.8078125 0.705 0.79479164 0.70166665 0.77916664 0.7133333 0.7671875 0.7191667 0.7671875 0.735
14 0.85625 0.46166667 0.84739584 0.42833334 0.8625 0.43416667 0.89947915 0.44 0.90625 0.43666667 0.91614586 0.43 0.9244792 0.4475 0.9234375 0.4525 0.91614586 0.46083334 0.9078125 0.51916665 0.90625 0.54583335 0.90520835 0.5366667 0.90260416 0.5283333 0.8828125 0.53333336 0.8703125 0.5516667 0.84479165 0.5541667 0.85364586 0.47333333
14 0.6848958 0.54833335 0.66302085 0.49416667 0.65260416 0.48083332 0.64479166 0.47166666 0.63958335 0.48083332 0.6359375 0.47583333 0.6354167 0.45833334 0.63958335 0.44583333 0.65208334 0.44333333 0.6744792 0.43583333 0.6848958 0.43166667 0.68645835 0.4275 0.7 0.42666668 0.70104164 0.43666667 0.7260417 0.49083334 0.75625 0.565 0.69427085 0.57416666
14 0.5911458 0.435 0.5885417 0.45 0.5833333 0.45333335 0.58229166 0.43916667 0.57395834 0.3775 0.5671875 0.33083335 0.57135415 0.33083335 0.59375 0.3375 0.6041667 0.33916667 0.70520836 0.33416668 0.77708334 0.32833335 0.7838542 0.3125 0.79010415 0.31166667 0.7864583 0.3575 0.78541666 0.37166667 0.7828125 0.3925 0.7953125 0.39916667 0.8020833 0.4025 0.8041667 0.40416667 0.79375 0.41416666 0.7390625 0.4225 0.6984375 0.42666668 0.6765625 0.4275 0.6020833 0.43416667 0.59583336 0.43416667
14 0.3859375 0.41833332 0.38489583 0.41416666 0.38854167 0.39416668 0.4140625 0.41916665 0.43125 0.43833333 0.4390625 0.45 0.4453125 0.45916668 0.44947916 0.47333333 0.4328125 0.49166667 0.4234375 0.49166667 0.40104166 0.50166667 0.35052082 0.50333333 0.38385418 0.445 0.384375 0.43416667 0.3890625 0.42333335
14 0.7390625 0.425 0.73541665 0.43583333 0.7348958 0.44166666 0.7328125 0.44583333 0.72760415 0.45 0.7239583 0.455 0.7213542 0.45833334 0.72447914 0.46416667 0.71979165 0.4725 0.715625 0.465 0.7171875 0.45666668 0.7109375 0.44083333 0.70104164 0.42583334 0.7390625 0.4225
14 0.615625 0.29 0.5729167 0.21833333 0.56927085 0.22166666 0.56927085 0.20583333 0.5755208 0.21 0.58697915 0.22166666 0.59010416 0.21416667 0.59270835 0.1925 0.5963542 0.17916666 0.60052085 0.15583333 0.6041667 0.13916667 0.6145833 0.1525 0.6333333 0.19666667 0.72083336 0.3325 0.6458333 0.33666667
14 0.49739584 0.25916666 0.4890625 0.26 0.478125 0.25166667 0.46666667 0.22416666 0.47604167 0.21833333 0.5 0.17666666 0.5182292 0.15 0.52916664 0.16916667 0.5328125 0.18666667 0.5442708 0.21166667 0.55885416 0.23666666 0.61614585 0.325 0.6255208 0.3375 0.60364586 0.33916667 0.5932292 0.33666667 0.571875 0.33 0.5671875 0.33083335 0.57395834 0.37833333 0.55833334 0.355 0.5 0.265
14 0.61041665 0.44083333 0.6375 0.48333332 0.6390625 0.48083332 0.6359375 0.47666666 0.6354167 0.45833334 0.63958335 0.44583333 0.653125 0.4425 0.6640625 0.42916667 0.60729164 0.43416667
14 0.21041666 0.49083334 0.21510416 0.4475 0.2171875 0.43666667 0.21614583 0.42083332 0.21458334 0.4075 0.21041666 0.395 0.21041666 0.38083333 0.2125 0.36833334 0.2140625 0.3625 0.28125 0.37666667 0.28333333 0.40666667 0.275 0.425 0.26927084 0.43666667 0.2671875 0.47083333 0.265625 0.5058333 0.23333333 0.50666666 0.2265625 0.51 0.21927084 0.50083333 0.21354167 0.495
