9 0.4328125 0.11833333 0.428125 0.1375 0.453125 0.13416667 0.440625 0.12583333
9 0.275 0.125 0.27135417 0.1725 0.26927084 0.26583335 0.26875 0.28333333 0.26614583 0.31583333 0.26666668 0.4 0.33541667 0.39833334 0.35885417 0.39416668 0.37395832 0.39 0.38802084 0.39166668 0.42604166 0.3975 0.453125 0.4025 0.4578125 0.39916667 0.4609375 0.405 0.49635416 0.40833333 0.4984375 0.32083333 0.49947917 0.20083334 0.49895832 0.13416667 0.48489583 0.13166666 0.45625 0.13666667 0.44635418 0.13583334 0.42135417 0.14 0.39166668 0.1475 0.371875 0.14666666 0.35104167 0.14666666 0.33020833 0.13666667 0.29375 0.12916666
9 0.6078125 0.565 0.6088542 0.5525 0.6088542 0.53833336 0.60625 0.47083333 0.6088542 0.46666667 0.6067708 0.45916668 0.6098958 0.4025 0.6171875 0.4025 0.61822915 0.38166666 0.5729167 0.38083333 0.5708333 0.38833332 0.56666666 0.38083333 0.5385417 0.38083333 0.515625 0.37583333 0.49739584 0.37416667 0.49635416 0.40833333 0.46041667 0.40416667 0.45833334 0.39833334 0.453125 0.4025 0.38333333 0.39166668 0.3828125 0.40583333 0.409375 0.4325 0.44322917 0.46333334 0.4734375 0.45916668 0.5083333 0.4475 0.540625 0.43916667 0.55572915 0.4375 0.55833334 0.50916666 0.5552083 0.5158333 0.5609375 0.5225 0.5625 0.585 0.5677083 0.61833334 0.5708333 0.6425 0.60572916 0.64166665 0.6088542 0.5975
9 0.30416667 0.48916668 0.29479167 0.5275 0.29010418 0.5466667 0.2765625 0.555 0.26458332 0.57916665 0.24375 0.62166667 0.24322917 0.6308333 0.2390625 0.62916666 0.215625 0.6741667 0.225 0.6875 0.2578125 0.725 0.30416667 0.7708333 0.33229166 0.7991667 0.36666667 0.8258333 0.38333333 0.7758333 0.38072917 0.7675 0.3859375 0.76666665 0.40520832 0.7058333 0.40625 0.6791667 0.41614583 0.6641667 0.43385416 0.6333333 0.48072916 0.53333336 0.4890625 0.51666665 0.440625 0.46166667 0.38020834 0.40583333 0.3640625 0.3925 0.33385417 0.39916667 0.3203125 0.435 0.3078125 0.47916666
9 0.54010415 0.20166667 0.50364584 0.17583333 0.49947917 0.175 0.49739584 0.37416667 0.5338542 0.37916666 0.5671875 0.38 0.5703125 0.3875 0.5729167 0.38083333 0.61145836 0.38083333 0.621875 0.34166667 0.6223958 0.33583334 0.6171875 0.325 0.61822915 0.3175 0.61354166 0.3175 0.60625 0.29083332 0.58958334 0.26666668 0.5651042 0.22916667 0.55 0.21
9 0.4109375 0.74833333 0.41510418 0.78583336 0.41875 0.8016667 0.4234375 0.85083336 0.42708334 0.8525 0.45572916 0.84166664 0.46302083 0.845 0.4796875 0.8375 0.5104167 0.83416665 0.55104166 0.82666665 0.5807292 0.81666666 0.5890625 0.81083333 0.5890625 0.78583336 0.575 0.68416667 0.5703125 0.64166665 0.56614584 0.6091667 0.5619792 0.585 0.56041664 0.52166665 0.5552083 0.5158333 0.55833334 0.5083333 0.55625 0.43666667 0.540625 0.43916667 0.5104167 0.4475 0.47864583 0.4575 0.44322917 0.46333334 0.47552082 0.5 0.48958334 0.5158333 0.46979168 0.55583334 0.4484375 0.6016667 0.43385416 0.6333333 0.41770834 0.6616667 0.40729168 0.6791667 0.409375 0.715
9 0.4140625 0.7975 0.41145834 0.805 0.41875 0.81166667 0.41770834 0.8 0.415625 0.7916667
9 0.46458334 0.85083336 0.4875 0.87083334 0.503125 0.88416666 0.5130208 0.89 0.5296875 0.8933333 0.5515625 0.89916664 0.5734375 0.9125 0.584375 0.92083335 0.5890625 0.9175 0.58802086 0.925 0.6046875 0.935 0.62135416 0.9483333 0.6302083 0.92 0.6375 0.90166664 0.6421875 0.8975 0.6510417 0.87583333 0.66197914 0.84833336 0.6796875 0.7875 0.6859375 0.7708333 0.6401042 0.7783333 0.60520834 0.7808333 0.603125 0.7475 0.60364586 0.6766667 0.57447916 0.64416665 0.5703125 0.64166665 0.57447916 0.68083334 0.5828125 0.74 0.58697915 0.77166665 0.5890625 0.7841667 0.5890625 0.81083333 0.57916665 0.8175 0.55052084 0.8275 0.5208333 0.8325 0.5015625 0.835 0.47760418 0.8375 0.46302083 0.8441667 0.45572916 0.8408333
9 0.7578125 0.405 0.7005208 0.40666667 0.6796875 0.4075 0.66875 0.41333333 0.64739585 0.41 0.62708336 0.4025 0.609375 0.40166667 0.6067708 0.46166667 0.609375 0.46583334 0.60625 0.4725 0.6098958 0.5575 0.6119792 0.5758333 0.609375 0.605 0.6046875 0.64916664 0.60364586 0.7025 0.60364586 0.75 0.60572916 0.7816667 0.6479167 0.7775 0.6875 0.76916665 0.7140625 0.7708333 0.721875 0.765 0.7348958 0.7633333 0.75885415 0.7658333 0.7708333 0.7675 0.76927084 0.735 0.7671875 0.67833334 0.7630208 0.585 0.7609375 0.5391667 0.7630208 0.47 0.759375 0.46666667 0.76354164 0.4625 0.7630208 0.4075
9 0.71458334 0.7758333 0.7171875 0.7875 0.7421875 0.77916664 0.759375 0.76666665 0.73541665 0.7633333 0.721875 0.765 0.7140625 0.77166665
9 0.840625 0.45916668 0.78489584 0.48333332 0.7625 0.48916668 0.76145834 0.53583336 0.7671875 0.6725 0.7708333 0.75916666 0.79583335 0.745 0.815625 0.7366667 0.85833335 0.7158333 0.8802083 0.7075 0.8880208 0.70416665 0.88854164 0.69666666 0.89270836 0.7025 0.93385416 0.68583333 0.9296875 0.6591667 0.91979164 0.625 0.915625 0.6025 0.9145833 0.5858333 0.9067708 0.56666666 0.9057292 0.5525 0.90208334 0.5375 0.88958335 0.44166666 0.846875 0.45916668 0.8463542 0.465 0.84375 0.465
9 0.71302086 0.115 0.68645835 0.07 0.6536458 0.02 0.64270836 0.0 0.565625 0.0 0.53802085 0.035 0.5307292 0.039166667 0.4859375 0.10666667 0.5015625 0.13166666 0.5317708 0.17833333 0.5572917 0.2175 0.5671875 0.23333333 0.59270835 0.27166668 0.6067708 0.29083332 0.61302084 0.31833333 0.61822915 0.31833333 0.61822915 0.32583332 0.6354167 0.35916665 0.6421875 0.37083334 0.65729165 0.35083333 0.6869792 0.3075 0.7 0.28666666 0.7083333 0.27 0.73229164 0.23416667 0.75989586 0.19 0.73541665 0.15416667 0.72864586 0.15666667 0.73072916 0.1475
9 0.23697917 0.21833333 0.2109375 0.26416665 0.2125 0.27083334 0.20729166 0.27 0.19375 0.29666665 0.184375 0.32083333 0.15625 0.35916665 0.14635417 0.37833333 0.1203125 0.41 0.1046875 0.425 0.0734375 0.46833333 0.0640625 0.4825 0.07604167 0.49833333 0.102604166 0.5391667 0.12447917 0.575 0.1421875 0.6041667 0.1828125 0.66833335 0.19375 0.68 0.20104167 0.6625 0.22864583 0.61833334 0.25572917 0.55916667 0.27447918 0.5283333 0.29583332 0.4925 0.309375 0.47666666 0.3203125 0.43666667 0.33385417 0.39833334 0.29635417 0.39916667 0.26770833 0.39916667 0.26614583 0.31583333 0.26927084 0.27416667 0.24479167 0.23333333
