6 0.43489584 0.33416668 0.43385416 0.33166668 0.4328125 0.33166668 0.43125 0.33166668 0.43072918 0.3325 0.43020833 0.33333334 0.43489584 0.335
6 0.5109375 0.45083332 0.50677085 0.44833332 0.5052083 0.44333333 0.5015625 0.44083333 0.5 0.43416667 0.49791667 0.43166667 0.49635416 0.4275 0.4921875 0.4225 0.49114582 0.41833332 0.48802084 0.41666666 0.48645833 0.41166666 0.48229167 0.40916666 0.4796875 0.40416667 0.4765625 0.40083334 0.47552082 0.4075 0.4625 0.48833334 0.459375 0.50416666 0.45677084 0.51666665 0.45625 0.52166665 0.4703125 0.5075 0.48645833 0.49083334 0.5015625 0.47333333 0.50885415 0.46416667 0.51197916 0.45333335 0.5125 0.4525
6 0.4296875 0.59583336 0.42604166 0.6116667 0.421875 0.62416667 0.41822916 0.63 0.4171875 0.62833333 0.40989584 0.62083334 0.4015625 0.61333334 0.39895833 0.6116667 0.3984375 0.6075 0.39427084 0.6066667 0.39270833 0.60083336 0.39010417 0.6 0.3875 0.5991667 0.38697916 0.595 0.38229167 0.5925 0.38020834 0.58916664 0.37708333 0.58666664 0.375 0.5833333 0.3734375 0.5808333 0.36979166 0.5783333 0.36875 0.57666665 0.36927083 0.57666665 0.37395832 0.5775 0.4015625 0.585 0.42552084 0.5933333 0.4296875 0.5941667
6 0.35572916 0.47333333 0.34479168 0.4925 0.33697918 0.50416666 0.33333334 0.5058333 0.32916668 0.51916665 0.33020833 0.52166665 0.33333334 0.525 0.34322917 0.53833336 0.35260418 0.49666667 0.35364583 0.49333334 0.35520834 0.47916666
6 0.73020834 0.5675 0.71979165 0.55 0.7182292 0.5491667 0.71458334 0.55083334 0.7078125 0.55583334 0.7036458 0.5575 0.7 0.56083333 0.6979167 0.56083333 0.69635415 0.5625 0.6927083 0.56333333 0.69114584 0.56666666 0.6880208 0.56583333 0.68645835 0.57 0.684375 0.57 0.6828125 0.57166666 0.6791667 0.5725 0.67291665 0.57666665 0.6692708 0.5783333 0.66770834 0.58166665 0.6614583 0.5833333 0.6588542 0.5883333 0.65729165 0.58666664 0.6546875 0.5883333 0.6536458 0.5908333 0.6510417 0.5908333 0.646875 0.5941667 0.64479166 0.5941667 0.6401042 0.5966667 0.63854164 0.59833336 0.63854164 0.60583335 0.6401042 0.62083334 0.64375 0.63666666 0.6567708 0.7058333 0.6625 0.76416665 0.66510415 0.80333334 0.66510415 0.82 0.66614586 0.82 0.66875 0.8183333 0.6723958 0.8183333 0.67395836 0.81666666 0.678125 0.81583333 0.68333334 0.81166667 0.68854165 0.81 0.6921875 0.80583334 0.696875 0.8041667 0.70104164 0.80083334 0.7036458 0.8 0.7078125 0.7975 0.71197915 0.79583335 0.7140625 0.7925 0.72291666 0.7875 0.7317708 0.78583336 0.73333335 0.78333336 0.7375 0.7841667 0.7395833 0.7808333 0.7427083 0.7808333 0.7447917 0.7783333 0.74791664 0.7775 0.75208336 0.77166665 0.75416666 0.77416664 0.75677085 0.7683333 0.76145834 0.77 0.7572917 0.7525 0.7546875 0.74 0.7453125 0.7266667 0.74322915 0.68916667 0.73854166 0.65166664 0.7375 0.63666666 0.73229164 0.58916664 0.7328125 0.57
6 0.62604165 0.5375 0.62604165 0.5308333 0.6234375 0.52916664 0.6109375 0.5391667 0.60572916 0.545 0.6020833 0.5475 0.61145836 0.5575 0.62864584 0.57916665 0.64166665 0.5925 0.6401042 0.58666664 0.63854164 0.5783333 0.63697916 0.57666665 0.63645834 0.5708333 0.63489586 0.5675 0.634375 0.56083333 0.6322917 0.5575 0.63177085 0.55 0.62916666 0.5466667 0.628125 0.5416667 0.6265625 0.5391667
6 0.5885417 0.5625 0.5630208 0.5858333 0.5317708 0.6116667 0.51145834 0.62166667 0.5005208 0.6275 0.49270833 0.6308333 0.49166667 0.6325 0.51145834 0.72083336 0.5140625 0.7275 0.515625 0.7316667 0.5151042 0.7366667 0.51927084 0.74666667 0.525 0.76166666 0.53229165 0.7875 0.5359375 0.79083335 0.5416667 0.7891667 0.5473958 0.7825 0.5859375 0.7475 0.60364586 0.73333335 0.5854167 0.72583336 0.5598958 0.7175 0.55260414 0.7108333 0.55625 0.69666666 0.56145835 0.6816667 0.57447916 0.63916665 0.58385414 0.5975 0.58802086 0.5708333 0.5890625 0.56416667 0.5890625 0.56166667
6 0.6625 0.77666664 0.6375 0.7558333 0.6140625 0.7391667 0.603125 0.7341667 0.578125 0.72333336 0.5677083 0.7191667 0.5598958 0.71666664 0.5520833 0.71 0.5640625 0.6741667 0.57447916 0.6375 0.575 0.635 0.58385414 0.5966667 0.5890625 0.56166667 0.5921875 0.5466667 0.5932292 0.5441667 0.60052085 0.54833335 0.6088542 0.5541667 0.6296875 0.5808333 0.64166665 0.5925 0.6421875 0.595 0.63854164 0.5975 0.63854164 0.6041667 0.6390625 0.6125 0.63958335 0.62083334 0.6453125 0.6408333 0.65208334 0.6816667 0.65729165 0.70916665 0.6614583 0.7525 0.6635417 0.77916664
6 0.9109375 0.20833333 0.9036458 0.20333333 0.89479166 0.20083334 0.8901042 0.20333333 0.86041665 0.19666667 0.83177084 0.19166666 0.82239586 0.1875 0.80625 0.15916666 0.7963542 0.15333334 0.79322916 0.1525 0.7885417 0.16916667 0.7817708 0.19666667 0.7807292 0.21416667 0.7796875 0.23083334 0.7729167 0.25583333 0.75989586 0.285 0.7546875 0.29916668 0.7651042 0.31083333 0.7963542 0.325 0.8541667 0.36666667 0.8645833 0.375 0.8723958 0.38166666 0.8828125 0.38166666 0.88645834 0.38166666 0.8880208 0.37583333 0.88645834 0.37 0.89479166 0.31916666 0.8984375 0.27416667 0.9046875 0.23916666 0.909375 0.21916667 0.9140625 0.20916666
6 0.92083335 0.24166666 0.91979164 0.23833333 0.9171875 0.2375 0.91510415 0.23333333 0.91197914 0.2275 0.909375 0.2225 0.90416664 0.24083333 0.90052086 0.26333332 0.89947915 0.26833335 0.89947915 0.27 0.9067708 0.2625 0.9109375 0.25916666 0.9145833 0.255 0.91770834 0.24916667 0.91979164 0.24416667
6 0.89375 0.19833334 0.8911458 0.19333333 0.88854164 0.19 0.88125 0.17583333 0.878125 0.16583334 0.875 0.15833333 0.8723958 0.1575 0.87135416 0.15333334 0.8671875 0.15 0.86614585 0.14083333 0.8625 0.13833334 0.85625 0.12916666 0.85260415 0.12583333 0.8484375 0.123333335 0.8442708 0.11666667 0.84270835 0.115 0.8375 0.12 0.828125 0.1375 0.82135415 0.1525 0.81666666 0.16416667 0.8119792 0.1675 0.81145835 0.16666667 0.82239586 0.1875 0.83385414 0.1925 0.8901042 0.20333333 0.89479166 0.2
6 0.77916664 0.21916667 0.77708334 0.2275 0.76770836 0.24416667 0.75572914 0.25333333 0.7453125 0.26166666 0.740625 0.26666668 0.7348958 0.27416667 0.73645836 0.27916667 0.7395833 0.28416666 0.7421875 0.29 0.74322915 0.2925 0.74583334 0.29416665 0.746875 0.3 0.74895835 0.30166668 0.7505208 0.30666667 0.753125 0.30916667 0.75416666 0.315 0.7552083 0.3175 0.7583333 0.31916666 0.759375 0.32666665 0.76354164 0.3275 0.76354164 0.33333334 0.76770836 0.335 0.7682292 0.3425 0.771875 0.345 0.77239585 0.34916666 0.775 0.35 0.77552086 0.35166666 0.77552086 0.35416666 0.7796875 0.36 0.78020835 0.365 0.78333336 0.3675 0.78489584 0.375 0.7875 0.37666667 0.7885417 0.3825 0.790625 0.38416666 0.79270834 0.38666666 0.79322916 0.3925 0.79583335 0.39333335 0.796875 0.39916667 0.79895836 0.39916667 0.7994792 0.405 0.80052084 0.40833333 0.803125 0.41 0.80677086 0.40666667 0.81614584 0.39833334 0.81875 0.39416668 0.8359375 0.36 0.8375 0.35416666 0.79479164 0.325 0.76458335 0.31083333 0.7546875 0.29916668 0.76458335 0.27416667 0.7734375 0.255 0.7796875 0.23 0.7807292 0.215 0.7807292 0.21333334
6 0.48333332 0.34916666 0.4703125 0.34583333 0.40625 0.32583332 0.38958332 0.31833333 0.37708333 0.31583333 0.37447917 0.3225 0.371875 0.35 0.353125 0.49416667 0.340625 0.55 0.340625 0.56583333 0.34635416 0.5675 0.34895834 0.57 0.353125 0.57 0.35520834 0.5733333 0.36197916 0.57166666 0.3671875 0.5758333 0.38177082 0.57916665 0.4109375 0.5883333 0.43958333 0.5975 0.453125 0.595 0.45520833 0.57916665 0.45520833 0.5275 0.4609375 0.49666667 0.48125 0.37333333 0.48385417 0.36583334 0.484375 0.35583332
