16 0.40677083 0.0 0.41145834 0.12583333 0.41354167 0.25833333 0.41354167 0.29 0.50416666 0.28583333 0.51979166 0.2825 0.5265625 0.23916666 0.53229165 0.20666666 0.5359375 0.2025 0.540625 0.20166667 0.5546875 0.20833333 0.5578125 0.21083333 0.5630208 0.18833333 0.5640625 0.18 0.56927085 0.16916667 0.5786458 0.14833333 0.5828125 0.13666667 0.5828125 0.0
16 0.69947916 0.058333334 0.6223958 0.096666664 0.59375 0.11666667 0.58802086 0.12416667 0.58229166 0.13583334 0.578125 0.15 0.56354165 0.18 0.56354165 0.18583333 0.559375 0.205 0.5572917 0.2125 0.56666666 0.22083333 0.57604164 0.23416667 0.578125 0.2425 0.57447916 0.255 0.5697917 0.275 0.571875 0.29916668 0.5890625 0.39333335 0.60572916 0.46666667 0.61510414 0.49166667 0.6223958 0.4925 0.6177083 0.49666667 0.61614585 0.49833333 0.6276042 0.5225 0.6296875 0.52416664 0.6567708 0.5125 0.6796875 0.5 0.7203125 0.43666667 0.75677085 0.3825 0.7494792 0.34583333 0.74427086 0.34416667 0.7484375 0.33916667 0.73802084 0.29166666 0.73125 0.25583333 0.71302086 0.15333334 0.7078125 0.1325 0.70625 0.115 0.7036458 0.075 0.7015625 0.0625
16 0.9984375 0.11416667 0.97083336 0.050833333 0.93541664 0.09166667 0.9135417 0.115 0.9145833 0.11833333 0.91302085 0.12166667 0.90989584 0.11666667 0.87135416 0.165 0.79010415 0.255 0.759375 0.28666666 0.7921875 0.35666665 0.8052083 0.37583333 0.81145835 0.38833332 0.821875 0.43 0.8421875 0.48 0.8515625 0.50166667 0.8609375 0.49333334 0.8822917 0.48083332 0.89166665 0.47083333 0.9036458 0.45 0.91979164 0.42916667 0.925 0.41666666 0.93645835 0.40416667 0.96875 0.38333333 1.0 0.3575
16 0.7703125 0.3625 0.753125 0.38666666 0.675 0.5058333 0.6588542 0.54 0.65260416 0.55083334 0.66770834 0.5808333 0.6848958 0.6125 0.70416665 0.62 0.71302086 0.62416667 0.70989585 0.65 0.70989585 0.6558333 0.7473958 0.7225 0.8052083 0.8325 0.8151042 0.82166666 0.91614586 0.6933333 0.94375 0.66083336 0.940625 0.65416664 0.88489586 0.56 0.8203125 0.4525 0.775 0.37
16 0.6453125 0.5966667 0.6088542 0.5883333 0.57447916 0.58166665 0.55 0.57666665 0.54010415 0.575 0.5328125 0.62416667 0.52708334 0.6741667 0.52916664 0.6791667 0.5260417 0.68 0.5234375 0.7341667 0.5208333 0.7783333 0.51458335 0.80916667 0.51197916 0.83166665 0.5130208 0.8441667 0.5151042 0.8541667 0.50989586 0.87416667 0.509375 0.8825 0.51770836 0.9141667 0.53489584 0.9683333 0.54114586 0.97333336 0.57239586 0.98083335 0.6322917 0.99833333 0.64739585 1.0 0.665625 1.0 0.66822916 0.9483333 0.6723958 0.8858333 0.6848958 0.8183333 0.7026042 0.6975 0.70989585 0.65 0.7135417 0.62416667 0.68385416 0.6116667 0.6489583 0.59833336
16 0.51927084 0.28583333 0.5151042 0.3175 0.51666665 0.32083333 0.5130208 0.32166666 0.5026042 0.41 0.5 0.45 0.49791667 0.46083334 0.49427083 0.47166666 0.4890625 0.4875 0.47864583 0.5416667 0.46822917 0.5966667 0.48489583 0.6116667 0.5265625 0.62916666 0.53125 0.63166666 0.53489584 0.6091667 0.5395833 0.575 0.5864583 0.58416665 0.6359375 0.595 0.64166665 0.59583336 0.64479166 0.5733333 0.6557292 0.5125 0.63854164 0.5208333 0.62916666 0.5233333 0.62708336 0.5225 0.6166667 0.4975 0.621875 0.49416667 0.61354166 0.49166667 0.6046875 0.46416667 0.58385414 0.36666667 0.5708333 0.28916666 0.5697917 0.27583334 0.5734375 0.2575 0.578125 0.24083333 0.5755208 0.2325 0.5630208 0.21833333 0.55625 0.21333334 0.55625 0.21 0.540625 0.20166667 0.53697914 0.2025 0.5328125 0.20416667 0.5265625 0.2425 0.5203125 0.2775
16 0.41145834 0.2475 0.38072917 0.23833333 0.38020834 0.23833333 0.390625 0.285 0.39739582 0.3275 0.3953125 0.33166668 0.390625 0.33416668 0.38802084 0.33666667 0.375 0.3425 0.36979166 0.3375 0.36666667 0.3375 0.36614582 0.33916667 0.36614582 0.34583333 0.31510416 0.37 0.23958333 0.40333334 0.23333333 0.40666667 0.23125 0.4525 0.22864583 0.49166667 0.26510417 0.50083333 0.29427084 0.50666666 0.29635417 0.50666666 0.29791668 0.50333333 0.3 0.5083333 0.30677083 0.5083333 0.3546875 0.50916666 0.38645834 0.515 0.42708334 0.52 0.43385416 0.52 0.4484375 0.52666664 0.46197918 0.5316667 0.4796875 0.5341667 0.48072916 0.53 0.48854166 0.48916668 0.4921875 0.4775 0.49375 0.44333333 0.49583334 0.39916667 0.49739584 0.36083335 0.50416666 0.29083332 0.5046875 0.28583333 0.46875 0.2875 0.41354167 0.29 0.41302082 0.24833333
16 0.34322917 0.5833333 0.34322917 0.54583335 0.3375 0.54583335 0.31822917 0.54333335 0.28333333 0.5391667 0.26510417 0.5375 0.2640625 0.53833336 0.2796875 0.5466667 0.29947916 0.5575 0.3125 0.56166667 0.3171875 0.5625 0.32447916 0.56916666 0.33072916 0.57916665 0.33333334 0.58166665 0.3390625 0.5833333
16 0.19583334 0.5341667 0.17552084 0.5341667 0.16510417 0.5341667 0.1625 0.60333335 0.16145833 0.6566667 0.16145833 0.66083336 0.1671875 0.64 0.18385416 0.5808333 0.19427083 0.5391667
16 0.21614583 0.5158333 0.21145834 0.51416665 0.203125 0.51 0.2 0.5183333 0.19583334 0.5341667 0.1796875 0.5966667 0.16614583 0.64416665 0.16145833 0.6616667 0.15833333 0.6775 0.15208334 0.7075 0.13489583 0.78333336 0.16354166 0.79583335 0.22916667 0.825 0.28072917 0.8441667 0.3015625 0.85583335 0.3109375 0.8591667 0.321875 0.8616667 0.33489582 0.8666667 0.37239584 0.8883333 0.39114583 0.895 0.396875 0.8666667 0.4046875 0.82666665 0.40677083 0.79 0.40989584 0.7775 0.41197917 0.77166665 0.41927084 0.75666666 0.42395833 0.73333335 0.44583333 0.6325 0.3828125 0.6025 0.34635416 0.585 0.34010416 0.5833333 0.334375 0.5825 0.33229166 0.5808333 0.321875 0.56583333 0.3171875 0.5625 0.30625 0.55916667 0.28802082 0.5516667 0.2609375 0.5375 0.2265625 0.52 0.21927084 0.5158333
16 0.159375 0.79583335 0.15833333 0.8233333 0.15677084 0.85583335 0.153125 0.8858333 0.1515625 0.9008333 0.15572916 0.935 0.15625 0.94166666 0.16510417 0.945 0.19427083 0.9525 0.20625 0.9525 0.21458334 0.95 0.2296875 0.9425 0.2390625 0.9425 0.2578125 0.95166665 0.26666668 0.9525 0.29791668 0.94666666 0.31302083 0.94166666 0.32760417 0.93416667 0.33072916 0.92833334 0.33333334 0.92583334 0.334375 0.91333336 0.33333334 0.8666667 0.3328125 0.86583334 0.32083333 0.86083335 0.30885416 0.85833335 0.28854167 0.84833336 0.278125 0.8433333 0.23072916 0.8258333 0.16458334 0.79583335 0.15885417 0.79333335
16 0.15364583 0.0 0.17395833 0.108333334 0.17708333 0.1075 0.17916666 0.11083333 0.17552084 0.115 0.175 0.115 0.19375 0.2275 0.2015625 0.26833335 0.21666667 0.36833334 0.22239584 0.41083333 0.27291667 0.38916665 0.36614582 0.34666666 0.36614582 0.34416667 0.36614582 0.34 0.36666667 0.3375 0.36979166 0.3375 0.375 0.3425 0.3875 0.33666667 0.39583334 0.33083335 0.39739582 0.3275 0.39114583 0.28666666 0.36979166 0.19583334 0.3609375 0.17666666 0.359375 0.1475 0.35885417 0.12916666 0.34947917 0.05 0.34166667 0.0
