2 0.221875 0.8175 0.1390625 0.815 0.10625 0.81333333 0.038541667 0.815 0.040104166 0.7558333 0.05 0.555 0.055729166 0.425 0.09739583 0.4275 0.19375 0.43333334 0.24010417 0.46166667 0.2375 0.50916666 0.23645833 0.5108333 0.22083333 0.51416665 0.1703125 0.5225 0.1390625 0.52666664 0.12604167 0.52916664 0.11302083 0.53333336 0.111979164 0.5341667 0.111979164 0.5341667 0.109375 0.5566667 0.115625 0.6408333 0.1203125 0.73333335 0.121875 0.775 0.121875 0.7775 0.12604167 0.80916667 0.1359375 0.8125 0.20416667 0.81 0.221875 0.805
2 0.240625 0.805 0.26927084 1.0 0.47447917 1.0 0.515625 0.985 0.51666665 0.9775 0.4921875 0.8258333 0.4734375 0.69666666 0.4703125 0.6958333 0.37239584 0.7366667 0.36822918 0.73833334 0.3671875 0.74 0.24270834 0.78833336 0.2390625 0.7891667
2 0.36197916 0.62666667 0.41822916 0.63416666 0.51145834 0.6533333 0.5546875 0.65833336 0.56927085 0.74916667 0.5630208 0.7966667 0.5630208 0.8175 0.56927085 0.84166664 0.565625 0.88666666 0.5609375 0.9433333 0.56041664 0.95416665 0.5494792 0.94666666 0.54375 0.9433333 0.5109375 0.94 0.490625 0.81083333 0.4734375 0.695 0.46822917 0.6958333 0.38020834 0.73333335 0.36875 0.73833334 0.36875 0.7341667
2 0.5151042 0.985 0.5140625 1.0 0.475 1.0 0.49791667 0.9916667
2 0.5208333 0.94166666 0.51666665 0.975 0.51145834 0.94083333 0.51145834 0.94083333 0.51979166 0.94166666
2 0.26666668 0.985 0.26458332 1.0 0.26875 1.0 0.26666668 0.98583335
2 0.5151042 1.0 0.665625 1.0 0.6614583 0.98333335 0.66197914 0.9725 0.61041665 0.7608333 0.5796875 0.6425 0.5546875 0.65833336 0.55572915 0.66083336 0.5619792 0.7025 0.5697917 0.74916667 0.56354165 0.7941667 0.5630208 0.7966667 0.56354165 0.8183333 0.5697917 0.84166664 0.56145835 0.93833333 0.56145835 0.9433333 0.5609375 0.955 0.5546875 0.95 0.55 0.94666666 0.54375 0.9433333 0.52916664 0.9425 0.52135414 0.94166666 0.52135414 0.94166666 0.51770836 0.9716667 0.51666665 0.98 0.515625 0.9841667 0.5140625 1.0
2 0.48802084 0.2775 0.49010417 0.29 0.49791667 0.31 0.52135414 0.41 0.53802085 0.46583334 0.54791665 0.515 0.55677086 0.565 0.57135415 0.605 0.57604164 0.6116667 0.6333333 0.5825 0.7015625 0.5441667 0.73125 0.52666664 0.7078125 0.43416667 0.69114584 0.36333334 0.671875 0.285 0.6546875 0.20583333 0.64635414 0.185 0.59739584 0.215 0.5296875 0.25416666 0.49427083 0.27416667
2 0.2546875 0.41916665 0.35729167 0.3975 0.3796875 0.39083335 0.39947918 0.38583332 0.45208332 0.37583333 0.47291666 0.36583334 0.48958334 0.365 0.48333332 0.29 0.46927083 0.14166667 0.46302083 0.10666667 0.4609375 0.0975 0.45260417 0.0975 0.4359375 0.104166664 0.3546875 0.12 0.32604167 0.1225 0.30677083 0.2 0.259375 0.39666668
2 0.1921875 0.43083334 0.12135417 0.39 0.079166666 0.3675 0.0875 0.3325 0.092708334 0.3125 0.16302083 0.011666667 0.18697916 0.026666667 0.24114583 0.0675 0.25052083 0.071666665 0.27447918 0.08083333 0.32916668 0.11 0.31302083 0.17166667 0.24791667 0.44083333 0.24375 0.46083334 0.24114583 0.46083334 0.19583334 0.43416667
2 0.7005208 0.035 0.6859375 0.018333333 0.67083335 0.0 0.71979165 0.0
2 0.1125 0.5341667 0.1265625 0.53 0.1578125 0.525 0.209375 0.51666665 0.26979166 0.5058333 0.35260418 0.49166667 0.36875 0.73583335 0.3671875 0.74 0.23958333 0.78833336 0.23958333 0.8016667 0.22708334 0.8025 0.20416667 0.80916667 0.13489583 0.81166667 0.1265625 0.80916667 0.122395836 0.775 0.11927083 0.7058333 0.1171875 0.6508333 0.10989583 0.5566667
