2 0.5109375 0.4425 0.55260414 0.48416665 0.5921875 0.5341667 0.6244792 0.5758333 0.6510417 0.6125 0.653125 0.6166667 0.61614585 0.68 0.5911458 0.7291667 0.5609375 0.78583336 0.52760416 0.87 0.515625 0.9008333 0.50989586 0.9141667 0.4125 0.7991667 0.371875 0.75416666 0.36302084 0.74 0.403125 0.6566667 0.44947916 0.56416667 0.47447917 0.51166666 0.49427083 0.46416667 0.50677085 0.44666666
2 0.36614582 0.38416666 0.42135417 0.4625 0.465625 0.53 0.44583333 0.57166666 0.41354167 0.6358333 0.37395832 0.7175 0.36354166 0.7391667 0.3671875 0.74833333 0.38489583 0.76916665 0.33802083 0.8433333 0.32760417 0.85833335 0.28541666 0.78583336 0.25885418 0.745 0.24375 0.7075 0.2140625 0.66833335 0.2125 0.66083336 0.21875 0.64 0.24375 0.5966667 0.28645834 0.51916665 0.3390625 0.42583334 0.3625 0.38666666
2 0.28333333 0.4725 0.3453125 0.38166666 0.41354167 0.29083332 0.45 0.36666667 0.4984375 0.4575 0.4921875 0.46916667 0.4703125 0.52 0.46614584 0.5308333 0.4234375 0.46583334 0.37395832 0.395 0.365625 0.38333333 0.3625 0.38416666 0.334375 0.43416667 0.30208334 0.48916668 0.29479167 0.5025 0.28958333 0.48833334 0.28333333 0.47416666
2 0.4140625 0.8025 0.42916667 0.81916666 0.453125 0.8475 0.45989582 0.85583335 0.45989582 0.8575 0.434375 0.8525 0.41822916 0.85083336 0.41197917 0.8516667 0.4125 0.8383333 0.41458333 0.80916667
2 0.27916667 0.77916664 0.29166666 0.79583335 0.325 0.8541667 0.32760417 0.8591667 0.35833332 0.81166667 0.38020834 0.77666664 0.384375 0.76916665 0.4140625 0.80083334 0.41197917 0.8475 0.4125 0.8516667 0.428125 0.8525 0.45625 0.8575 0.45989582 0.8566667 0.46458334 0.86083335 0.5104167 0.915 0.5203125 0.94666666 0.528125 0.9791667 0.4859375 1.0 0.33958334 1.0 0.31458333 0.9116667 0.28645834 0.8016667 0.28489584 0.7975
2 0.59739584 0.7183333 0.59479165 0.7866667 0.5885417 0.86083335 0.5875 0.87583333 0.53802085 0.87 0.53125 0.8666667 0.5296875 0.86583334 0.559375 0.79 0.58020836 0.74833333 0.5953125 0.7191667
2 0.65260416 0.62 0.684375 0.7108333 0.69375 0.74083334 0.6484375 0.7816667 0.62291664 0.8 0.59166664 0.82416666 0.59583336 0.7866667 0.59739584 0.72333336 0.59739584 0.71666664 0.61875 0.675 0.6510417 0.62166667
2 0.58958334 0.41166666 0.61354166 0.49 0.63697916 0.56333333 0.6510417 0.6116667 0.62135416 0.5725 0.6140625 0.56 0.615625 0.5108333 0.6145833 0.5025 0.6041667 0.49916667 0.57916665 0.43083334 0.5765625 0.41916665 0.5828125 0.41583332 0.5854167 0.4125
2 0.5598958 0.48916668 0.60052085 0.49833333 0.6067708 0.49916667 0.6145833 0.5025 0.61510414 0.5133333 0.6145833 0.5258333 0.6140625 0.56 0.60625 0.5516667 0.57447916 0.5133333 0.5609375 0.495 0.5578125 0.49
2 0.49010417 0.31333333 0.52760416 0.28333333 0.571875 0.4075 0.578125 0.425 0.59739584 0.48166665 0.60364586 0.49833333 0.56145835 0.48833334 0.55625 0.4875 0.50989586 0.44166666 0.503125 0.45083332 0.49947917 0.45666668 0.45520833 0.37583333 0.44322917 0.3525 0.46302083 0.3375 0.47760418 0.3225
2 0.725 0.0 0.70416665 0.0375 0.6640625 0.0 0.6822917 0.0
