6 0.2453125 0.6308333 0.24895833 0.73083335 0.25208333 0.76166666 0.26979166 0.7608333 0.284375 0.76416665 0.29270834 0.7683333 0.29895833 0.7725 0.31875 0.76916665 0.34947917 0.7675 0.3703125 0.76666665 0.378125 0.76916665 0.3859375 0.7733333 0.38697916 0.7675 0.384375 0.75166667 0.38333333 0.70916665 0.38020834 0.6816667 0.371875 0.6408333 0.36770833 0.625 0.3609375 0.6141667 0.35416666 0.6141667 0.34166667 0.62083334 0.32864583 0.62583333 0.31302083 0.625 0.3015625 0.62416667 0.28645834 0.64416665 0.27708334 0.62916666 0.2671875 0.61 0.26302084 0.6075 0.25 0.605 0.24166666 0.60333335 0.2390625 0.6066667 0.24166666 0.615 0.2453125 0.62416667
6 0.22291666 0.5316667 0.22708334 0.53583336 0.23125 0.535 0.24114583 0.5475 0.24270834 0.55333334 0.24635416 0.5566667 0.2484375 0.56416667 0.25 0.56583333 0.24791667 0.57166666 0.25833333 0.59583336 0.26302084 0.6075 0.2671875 0.61 0.27552083 0.62583333 0.28645834 0.64416665 0.3015625 0.62416667 0.3078125 0.6066667 0.31822917 0.58 0.32864583 0.56333333 0.3359375 0.55083334 0.36822918 0.5058333 0.37708333 0.48583335 0.384375 0.4675 0.384375 0.46166667 0.37916666 0.4525 0.3578125 0.41416666 0.35416666 0.4125 0.346875 0.39916667 0.3390625 0.38666666 0.321875 0.3625 0.31458333 0.35 0.31041667 0.35 0.29947916 0.375 0.29895833 0.38 0.278125 0.42833334 0.27083334 0.44666666 0.25677082 0.465 0.2359375 0.4975 0.2265625 0.5125 0.22395833 0.5158333 0.22135417 0.52166665 0.22083333 0.5275
6 0.40572917 0.6558333 0.4296875 0.68666667 0.4375 0.6975 0.44479167 0.70916665 0.44739583 0.7075 0.4484375 0.6975 0.45729166 0.6816667 0.4453125 0.6575 0.453125 0.65416664 0.47552082 0.63666666 0.49322918 0.58916664 0.50104165 0.55833334 0.49739584 0.5475 0.48958334 0.54083335 0.46979168 0.5258333 0.45572916 0.5325 0.43854168 0.5366667 0.425 0.5325 0.40572917 0.5275 0.37552083 0.52416664 0.36875 0.5233333 0.365625 0.5158333 0.3671875 0.5075 0.3578125 0.51916665 0.34114584 0.54333335 0.33489582 0.5525 0.32708332 0.5708333 0.32395834 0.58 0.3359375 0.5941667 0.35885417 0.60833335 0.36875 0.6141667 0.378125 0.6275 0.40104166 0.65166664
6 0.46302083 0.69666666 0.49010417 0.76916665 0.5083333 0.80916667 0.5203125 0.7925 0.521875 0.7875 0.5484375 0.74666667 0.5677083 0.71666664 0.58385414 0.69416666 0.61041665 0.6616667 0.62395835 0.6425 0.6244792 0.6358333 0.60520834 0.605 0.584375 0.5683333 0.55104166 0.50916666 0.54583335 0.5133333 0.534375 0.5308333 0.53333336 0.545 0.5140625 0.5933333 0.503125 0.6191667 0.47604167 0.63666666 0.4546875 0.6533333 0.4453125 0.6575 0.45729166 0.6825 0.46197918 0.69416666
6 0.33958334 0.13916667 0.30677083 0.22 0.2875 0.26333332 0.2796875 0.28416666 0.29375 0.30166668 0.31875 0.31833333 0.36302084 0.35333332 0.37708333 0.38416666 0.39166668 0.40833333 0.39947918 0.41583332 0.40208334 0.41583332 0.42760417 0.35916665 0.45520833 0.29083332 0.46458334 0.26833335 0.4546875 0.255 0.44895834 0.25416666 0.41927084 0.23666666 0.4046875 0.2175 0.36145833 0.16166666 0.35364583 0.15 0.34375 0.13833334 0.340625 0.13666667
6 0.44322917 0.32666665 0.471875 0.33666667 0.484375 0.33416668 0.5078125 0.33833334 0.5078125 0.36083335 0.49791667 0.41 0.48697916 0.46666667 0.484375 0.485 0.48333332 0.495 0.4828125 0.5075 0.48489583 0.50916666 0.48229167 0.5183333 0.47604167 0.5233333 0.46927083 0.5258333 0.45677084 0.5325 0.4390625 0.5366667 0.42708334 0.5325 0.40625 0.5283333 0.37708333 0.52416664 0.36875 0.5233333 0.365625 0.5158333 0.3671875 0.50666666 0.36822918 0.505 0.37760416 0.48416665 0.384375 0.4675 0.384375 0.46166667 0.3890625 0.445 0.39114583 0.43416667 0.39270833 0.40916666 0.39947918 0.41583332 0.40260416 0.41583332 0.42552084 0.36333334 0.44114584 0.32583332
6 0.38645834 0.4325 0.37708333 0.44916666 0.384375 0.46166667 0.3890625 0.445 0.390625 0.4375 0.38802084 0.4325
6 0.47291666 0.064166665 0.5140625 0.083333336 0.52708334 0.085 0.55833334 0.1 0.5786458 0.10916667 0.57447916 0.12833333 0.56614584 0.13666667 0.56354165 0.1425 0.5630208 0.15666667 0.55885416 0.18416667 0.5520833 0.215 0.559375 0.3025 0.5572917 0.32833335 0.5463542 0.33 0.5375 0.33166668 0.5109375 0.32666665 0.50364584 0.32333332 0.48854166 0.32 0.44635418 0.31166667 0.46458334 0.26833335 0.4546875 0.25416666 0.4515625 0.25416666 0.4546875 0.22416666 0.45625 0.18416667 0.46666667 0.14 0.4640625 0.08916666 0.4703125 0.065
6 0.59375 0.23833333 0.659375 0.2125 0.7057292 0.19583334 0.7083333 0.22083333 0.7026042 0.27583334 0.70416665 0.32666665 0.7083333 0.34666666 0.71770835 0.35916665 0.73854166 0.40166667 0.7375 0.40833333 0.715625 0.42583334 0.68645835 0.445 0.67760414 0.45333335 0.6734375 0.4525 0.62916666 0.4675 0.62604165 0.45083332 0.6265625 0.39333335 0.6109375 0.32833335 0.60625 0.29666665 0.596875 0.2625 0.5932292 0.2425
6 0.0703125 0.27916667 0.11875 0.33416668 0.15729167 0.38 0.16666667 0.3625 0.19114584 0.26416665 0.19114584 0.26 0.19375 0.255 0.21875 0.22916667 0.24010417 0.20916666 0.2328125 0.19416666 0.18958333 0.13083333 0.18854167 0.12583333 0.18333334 0.12 0.17552084 0.11333334 0.15572916 0.08583333 0.146875 0.09833334 0.14166667 0.13083333 0.13697916 0.165 0.12447917 0.18416667 0.104166664 0.21833333 0.0796875 0.26 0.0703125 0.27583334
