15 0.29947916 0.46333334 0.29791668 0.46083334 0.29635417 0.46166667 0.2875 0.4475 0.25625 0.45 0.29166666 0.49166667 0.2953125 0.485 0.29635417 0.4825 0.30052084 0.4825 0.3015625 0.47833332 0.31041667 0.48 0.309375 0.46833333 0.30729166 0.45583335 0.30104166 0.46416667
15 0.1796875 0.46083334 0.13802083 0.46583334 0.13489583 0.46916667 0.08385417 0.4775 0.077083334 0.48166665 0.071875 0.48916668 0.071354166 0.49583334 0.06875 0.495 0.0671875 0.5 0.065104164 0.49833333 0.058333334 0.4975 0.058333334 0.5158333 0.067708336 0.5125 0.06979167 0.51916665 0.075 0.5158333 0.083333336 0.52666664 0.10625 0.525 0.119791664 0.5225 0.12760417 0.52416664 0.1265625 0.5208333 0.16510417 0.51416665 0.23177083 0.50416666 0.24583334 0.5025 0.22552083 0.47916666 0.20729166 0.45666668
15 0.39791667 0.6975 0.3921875 0.70166665 0.3890625 0.69916666 0.3875 0.69916666 0.378125 0.68583333 0.3453125 0.68333334 0.2375 0.68 0.18385416 0.68083334 0.17395833 0.685 0.16770834 0.7 0.16510417 0.69916666 0.16458334 0.7033333 0.15885417 0.7 0.15625 0.7058333 0.1578125 0.7183333 0.16510417 0.71666664 0.1671875 0.7216667 0.17083333 0.72083336 0.1765625 0.7291667 0.18802084 0.7325 0.2140625 0.73333335 0.2140625 0.73083335 0.28333333 0.73083335 0.34947917 0.735 0.378125 0.735 0.384375 0.73 0.3875 0.7241667 0.39010417 0.72333336 0.39270833 0.72 0.39375 0.71666664 0.40052083 0.7216667 0.40208334 0.71416664 0.40052083 0.7083333 0.3984375 0.70666665 0.3984375 0.70416665 0.39947918 0.7008333
15 0.34583333 0.7441667 0.34479168 0.775 0.34583333 0.78333336 0.35 0.7891667 0.35208333 0.79083335 0.3515625 0.7941667 0.353125 0.7975 0.35520834 0.7975 0.3546875 0.805 0.353125 0.81083333 0.35677084 0.81333333 0.36614582 0.81083333 0.36302084 0.7991667 0.36614582 0.7966667 0.365625 0.7916667 0.37291667 0.7866667 0.37552083 0.7733333 0.37864584 0.7441667 0.378125 0.735 0.3453125 0.735
15 0.384375 0.6716667 0.38333333 0.6933333 0.378125 0.68583333 0.35052082 0.68416667 0.35416666 0.6308333 0.36979166 0.6508333 0.375 0.6566667 0.38072917 0.66 0.38541666 0.66
15 0.39479166 0.415 0.3890625 0.41083333 0.3828125 0.4125 0.38489583 0.42416668 0.38177082 0.42583334 0.38072917 0.43 0.375 0.43333334 0.37083334 0.44166666 0.36822918 0.47 0.36458334 0.5075 0.36041668 0.57 0.365625 0.5758333 0.36666667 0.58 0.38958332 0.61083335 0.40052083 0.45666668 0.40052083 0.4425 0.39479166 0.43583333 0.39583334 0.43 0.39270833 0.42583334
15 0.3625 0.4575 0.3828125 0.4125 0.3859375 0.4 0.38489583 0.38916665 0.38333333 0.38416666 0.38541666 0.38166666 0.38541666 0.3775 0.38385418 0.37333333 0.390625 0.36333334 0.38489583 0.35833332 0.3828125 0.3575 0.37916666 0.36916667 0.3765625 0.36666667 0.375 0.36833334 0.37291667 0.37166667 0.3734375 0.37416667 0.365625 0.37416667 0.36041668 0.37916666 0.35416666 0.38916665 0.32083333 0.45833334 0.3 0.50166667 0.32760417 0.53333336
15 0.27239582 0.56416667 0.24583334 0.62166667 0.240625 0.6358333 0.24010417 0.645 0.24166666 0.65416664 0.2390625 0.6566667 0.23958333 0.6641667 0.2328125 0.6725 0.23697917 0.6791667 0.24010417 0.6791667 0.24375 0.67 0.24583334 0.67333335 0.2484375 0.6725 0.25052083 0.6675 0.259375 0.6675 0.26614583 0.6616667 0.2828125 0.63 0.3078125 0.575 0.28072917 0.5416667
15 0.72864586 0.47166666 0.7348958 0.4675 0.73333335 0.45833334 0.7296875 0.46 0.725 0.46416667 0.7213542 0.46083334 0.7171875 0.46166667 0.7171875 0.46666667 0.70885414 0.4625 0.7057292 0.46333334 0.6796875 0.48583335 0.61041665 0.56333333 0.5630208 0.62083334 0.5453125 0.6433333 0.5421875 0.65416664 0.5416667 0.6641667 0.53697914 0.66583335 0.5375 0.6725 0.528125 0.675 0.5296875 0.68416667 0.5328125 0.68666667 0.5385417 0.6816667 0.54114586 0.68583333 0.54322916 0.68583333 0.5463542 0.68 0.553125 0.68666667 0.5598958 0.68666667 0.56875 0.68 0.59739584 0.6483333 0.64739585 0.5883333 0.70520836 0.5258333 0.7213542 0.5075 0.7265625 0.4925 0.7270833 0.48 0.7291667 0.47666666
15 0.8 0.5516667 0.7984375 0.54 0.8052083 0.54 0.80885416 0.5425 0.80677086 0.5541667 0.809375 0.5566667 0.80885416 0.565 0.815625 0.57166666 0.81666666 0.5858333 0.8151042 0.60333335 0.81145835 0.6358333 0.8109375 0.64416665 0.8078125 0.665 0.79010415 0.80083334 0.78020835 0.8875 0.778125 0.8983333 0.77447915 0.9058333 0.7661458 0.90833336 0.765625 0.9125 0.76354164 0.91333336 0.7651042 0.92583334 0.7609375 0.9266667 0.75416666 0.9216667 0.75104165 0.92083335 0.7546875 0.9116667 0.75104165 0.9091667 0.7515625 0.9025 0.75364584 0.89916664 0.7484375 0.8925 0.7473958 0.88166666 0.7526042 0.83416665 0.765625 0.73 0.7807292 0.6041667 0.78697914 0.5708333 0.7916667 0.5625 0.7942708 0.56 0.79479164 0.555 0.7973958 0.5516667 0.8 0.55333334
15 0.8276042 0.6091667 0.85 0.62333333 0.85520834 0.62833333 0.8588542 0.63916665 0.8598958 0.64666665 0.86145836 0.6475 0.86354166 0.6525 0.87135416 0.6533333 0.8723958 0.65833336 0.87083334 0.66833335 0.865625 0.67583334 0.8640625 0.675 0.8598958 0.6666667 0.85729164 0.66833335 0.8546875 0.6666667 0.85052085 0.6691667 0.84583336 0.67 0.8390625 0.6675 0.809375 0.65166664 0.8109375 0.64416665 0.81145835 0.63416666 0.8130208 0.62333333 0.815625 0.60083336
15 0.771875 0.5783333 0.6947917 0.5366667 0.66302085 0.5708333 0.7359375 0.6116667 0.77760416 0.6325 0.78125 0.6025 0.784375 0.58416665
15 0.6333333 0.61 0.6380208 0.6125 0.6458333 0.61333334 0.64635414 0.6175 0.6484375 0.6191667 0.65260416 0.6166667 0.6588542 0.6275 0.6614583 0.6191667 0.6635417 0.61583334 0.65625 0.60833335 0.65729165 0.6041667 0.6546875 0.6 0.6567708 0.59 0.6557292 0.5825 0.6557292 0.57916665 0.64739585 0.5883333 0.63177085 0.6075
15 0.60052085 0.55583334 0.56875 0.50166667 0.5260417 0.43166667 0.50104165 0.39166668 0.49583334 0.37833333 0.49427083 0.37083334 0.49479166 0.3625 0.4921875 0.36166668 0.48958334 0.35833332 0.49166667 0.3525 0.48489583 0.34666666 0.48958334 0.33416668 0.49583334 0.34333333 0.4984375 0.34083334 0.5015625 0.34333333 0.50208336 0.3475 0.5072917 0.345 0.51458335 0.34583333 0.5229167 0.35416666 0.55260414 0.4 0.5541667 0.39916667 0.5921875 0.45916668 0.6255208 0.51916665 0.6322917 0.5275 0.63125 0.5325 0.6333333 0.5375 0.60625 0.5683333
15 0.5463542 0.61 0.5364583 0.54083335 0.53541666 0.5308333 0.5359375 0.51916665 0.5385417 0.51166666 0.54270834 0.51 0.540625 0.5083333 0.54114586 0.50333333 0.54270834 0.5025 0.54010415 0.4975 0.53697914 0.4925 0.540625 0.4875 0.5463542 0.48583335 0.54791665 0.49833333 0.5515625 0.49833333 0.553125 0.49916667 0.5541667 0.5025 0.553125 0.5058333 0.5578125 0.5083333 0.5625 0.5158333 0.56666666 0.535 0.57708335 0.6041667 0.5625 0.62166667 0.5494792 0.6383333 0.546875 0.6166667
15 0.5677083 0.77916664 0.5776042 0.8525 0.58125 0.86083335 0.5864583 0.86583334 0.590625 0.8675 0.59010416 0.87333333 0.59166664 0.87583333 0.5911458 0.8833333 0.59479165 0.88666666 0.6 0.8858333 0.6010417 0.87333333 0.6020833 0.87 0.6020833 0.8666667 0.60052085 0.8641667 0.60520834 0.855 0.6067708 0.845 0.6046875 0.815 0.5859375 0.6675 0.5854167 0.6625 0.56927085 0.68 0.5598958 0.68583333 0.55572915 0.68666667
15 0.20416667 0.41583332 0.19791667 0.40666667 0.19270833 0.41583332 0.19479166 0.42 0.19166666 0.42166665 0.19375 0.42416668 0.20104167 0.42666668 0.20052083 0.43083334 0.20364584 0.4325 0.20260416 0.44083333 0.20625 0.455 0.22604166 0.48 0.28229168 0.5441667 0.340625 0.6141667 0.37447917 0.6566667 0.38072917 0.66083336 0.38802084 0.6591667 0.3921875 0.65416664 0.39375 0.6591667 0.39739582 0.6575 0.40364584 0.6666667 0.40677083 0.6625 0.40677083 0.66083336 0.4078125 0.6591667 0.4109375 0.65166664 0.40260416 0.645 0.403125 0.64 0.4015625 0.6375 0.39895833 0.63666666 0.39791667 0.62666667 0.39375 0.6166667 0.3796875 0.5966667 0.36666667 0.58 0.365625 0.57666665 0.29635417 0.4975 0.25260416 0.44583333 0.228125 0.41833332 0.2203125 0.415 0.21197917 0.41916665 0.21197917 0.41416666 0.20833333 0.41083333 0.20625 0.415
