18 0.48958334 0.7775 0.51666665 0.7525 0.55885416 0.715 0.584375 0.68833333 0.6557292 0.61583334 0.6645833 0.6125 0.6770833 0.6191667 0.6822917 0.63166666 0.7104167 0.6983333 0.7416667 0.7783333 0.7416667 0.7866667 0.74010414 0.7966667 0.7359375 0.8066667 0.71302086 0.825 0.6234375 0.905 0.5619792 0.965 0.55625 0.96416664 0.55052084 0.9583333 0.5453125 0.95 0.5125 0.8625 0.48697916 0.7966667 0.4859375 0.7891667 0.4859375 0.78333336
18 0.45677084 0.57166666 0.55677086 0.5875 0.58802086 0.5875 0.621875 0.58416665 0.64427084 0.6275 0.58385414 0.68833333 0.5552083 0.7183333 0.48958334 0.77666664 0.4859375 0.7841667 0.48958334 0.7033333 0.49375 0.62916666 0.4859375 0.6116667 0.42708334 0.6016667 0.42708334 0.5941667 0.43177083 0.5825 0.44114584 0.5725
18 0.42708334 0.56583333 0.43177083 0.5825 0.44166666 0.5725 0.4515625 0.5708333 0.4484375 0.57 0.42864582 0.56583333
18 0.5364583 0.42333335 0.540625 0.44416666 0.5453125 0.45916668 0.54895836 0.47083333 0.559375 0.49333334 0.5572917 0.5108333 0.5609375 0.5233333 0.5671875 0.5308333 0.57447916 0.5341667 0.59166664 0.5875 0.5578125 0.5875 0.509375 0.57916665 0.45625 0.57166666 0.4640625 0.56583333 0.46822917 0.55916667 0.47083333 0.55333334 0.471875 0.5466667 0.47395834 0.495 0.4734375 0.4575 0.52447915 0.43
18 0.5609375 0.48666668 0.59166664 0.5391667 0.57604164 0.535 0.5729167 0.53333336 0.5677083 0.5308333 0.56145835 0.5225 0.55833334 0.515 0.5572917 0.51 0.56041664 0.49
18 0.22291666 0.20416667 0.25989583 0.19 0.2828125 0.17833333 0.32916668 0.16333333 0.33854166 0.16416667 0.34791666 0.17583333 0.35052082 0.1925 0.35729167 0.24333334 0.36770833 0.34083334 0.3796875 0.45666668 0.38333333 0.4825 0.38229167 0.49416667 0.37760416 0.5075 0.371875 0.515 0.35729167 0.5183333 0.32708332 0.5283333 0.30208334 0.53333336 0.284375 0.5391667 0.2703125 0.5466667 0.2609375 0.5466667 0.2515625 0.54 0.246875 0.5341667 0.24427083 0.5183333 0.24166666 0.48 0.2421875 0.44666666 0.24322917 0.42833334 0.24010417 0.41083333 0.23177083 0.39333335 0.22135417 0.295 0.21354167 0.23166667 0.21354167 0.21833333
18 0.36822918 0.1975 0.38541666 0.20166667 0.39479166 0.24833333 0.43645832 0.4425 0.440625 0.4575 0.44739583 0.465 0.45625 0.46833333 0.4734375 0.45916668 0.4734375 0.49583334 0.47135416 0.55333334 0.4640625 0.56583333 0.45729166 0.57166666 0.45104167 0.57166666 0.421875 0.565 0.33802083 0.54833335 0.3328125 0.5416667 0.33020833 0.53333336 0.32916668 0.5275 0.37135416 0.515 0.37760416 0.50666666 0.38229167 0.49333334 0.38333333 0.48166665 0.37916666 0.455 0.35989583 0.26666668 0.3578125 0.24166666 0.3546875 0.21916667 0.35885417 0.20833333 0.3625 0.2025
18 0.3875 0.13916667 0.39791667 0.13333334 0.4078125 0.13 0.41770834 0.13166666 0.42604166 0.13583334 0.43958333 0.13833334 0.43697917 0.1275 0.43854168 0.11833333 0.44375 0.111666664 0.48020834 0.08 0.490625 0.08083333 0.49947917 0.08833333 0.50416666 0.1 0.5234375 0.17 0.55885416 0.3025 0.5776042 0.37416667 0.57708335 0.385 0.56614584 0.4025 0.5619792 0.40666667 0.5359375 0.42333335 0.47447917 0.4575 0.45572916 0.46916667 0.44791666 0.46416667 0.440625 0.4575 0.43489584 0.43583333 0.3921875 0.23666666 0.38489583 0.2 0.37864584 0.1575 0.38072917 0.14666666
18 0.578125 0.3825 0.63072914 0.3 0.6411458 0.30166668 0.64739585 0.30583334 0.66979164 0.35083333 0.6510417 0.41583332 0.6510417 0.4325 0.6546875 0.44416666 0.6609375 0.45 0.70729166 0.49166667 0.6875 0.49916667 0.6791667 0.51166666 0.67552084 0.52416664 0.6770833 0.5366667 0.69375 0.6308333 0.70416665 0.6825 0.67760414 0.62 0.6645833 0.6141667 0.65520835 0.6166667 0.64479166 0.6275 0.62083334 0.58166665 0.59166664 0.5391667 0.5578125 0.4825 0.54791665 0.465 0.5463542 0.45833334 0.5453125 0.4425 0.5473958 0.43416667 0.55260414 0.425 0.56822914 0.40083334
18 0.70989585 0.4925 0.8140625 0.5758333 0.82708335 0.5875 0.83385414 0.58916664 0.83958334 0.58666664 0.84375 0.58416665 0.84791666 0.5775 0.85833335 0.545 0.8645833 0.5225 0.86510414 0.51166666 0.8666667 0.49666667 0.8697917 0.4825 0.88385415 0.45083332 0.8880208 0.48166665 0.89427084 0.5125 0.9 0.5391667 0.90729165 0.5783333 0.91197914 0.605 0.91197914 0.6225 0.9088542 0.6375 0.903125 0.64166665 0.85572916 0.6616667 0.8125 0.6766667 0.7973958 0.68416667 0.78333336 0.68833333 0.759375 0.69666666 0.75208336 0.70416665 0.7453125 0.7125 0.7348958 0.7183333 0.7270833 0.72083336 0.71875 0.7183333 0.70416665 0.6825 0.675 0.5258333 0.6791667 0.5125 0.68854165 0.49916667 0.70729166 0.49166667
18 0.7125 0.24666667 0.7359375 0.265 0.78125 0.30333334 0.81666666 0.34 0.828125 0.35083333 0.840625 0.3625 0.84791666 0.3675 0.8546875 0.37083334 0.87708336 0.38333333 0.88645834 0.39166668 0.89270836 0.40583333 0.8932292 0.42083332 0.88854164 0.43416667 0.88385415 0.45166665 0.8697917 0.48083332 0.865625 0.49833333 0.8640625 0.52416664 0.846875 0.5783333 0.84166664 0.5858333 0.83229166 0.5883333 0.82708335 0.5875 0.7515625 0.5258333 0.70677084 0.49083334 0.65416664 0.44416666 0.6510417 0.43333334 0.6515625 0.41583332 0.67083335 0.3475 0.696875 0.2625 0.70416665 0.25083333
18 0.60364586 0.19333333 0.6640625 0.21 0.6765625 0.21083333 0.7125 0.22166666 0.71875 0.23 0.72291666 0.24166666 0.7239583 0.255 0.7125 0.24666667 0.703125 0.2525 0.696875 0.2625 0.66979164 0.35 0.6479167 0.30583334 0.6411458 0.30166668 0.63125 0.30083334 0.58177084 0.37666667 0.58020836 0.37333333 0.578125 0.35666665 0.57708335 0.34083334 0.57916665 0.29416665 0.5859375 0.21833333 0.5875 0.21083333 0.59166664 0.20166667 0.5984375 0.19416666
18 0.91614586 0.5808333 0.946875 0.6475 0.9609375 0.68333334 0.95989585 0.7025 0.95416665 0.715 0.890625 0.7725 0.7973958 0.86333334 0.790625 0.86833334 0.7828125 0.87 0.77552086 0.86583334 0.7682292 0.85583335 0.7427083 0.7875 0.7421875 0.77916664 0.71875 0.7191667 0.7260417 0.72083336 0.7338542 0.7191667 0.74427086 0.7125 0.7583333 0.6975 0.7963542 0.68416667 0.8130208 0.67583334 0.8598958 0.66 0.903125 0.64166665 0.90833336 0.6375 0.91197914 0.62333333 0.91197914 0.6041667 0.8979167 0.5275 0.9057292 0.54583335 0.9109375 0.565 0.9140625 0.5758333
18 0.28333333 0.58166665 0.471875 0.6075 0.4859375 0.61083335 0.49010417 0.6191667 0.49375 0.62833333 0.48854166 0.71166664 0.48489583 0.80833334 0.47916666 0.8258333 0.46822917 0.8333333 0.43697917 0.8258333 0.42604166 0.82416666 0.41145834 0.8175 0.403125 0.8175 0.35416666 0.8183333 0.28020832 0.81 0.27239582 0.805 0.26666668 0.7975 0.26145834 0.7875 0.2625 0.7708333 0.26458332 0.725 0.26666668 0.6666667 0.26875 0.615 0.27135417 0.5975 0.2765625 0.5875
