6 0.6979167 0.52416664 0.7046875 0.50666666 0.7260417 0.48583335 0.7515625 0.465 0.75989586 0.48083332 0.7625 0.4975 0.76927084 0.5541667 0.775 0.5883333 0.7817708 0.6091667 0.79114586 0.63666666 0.8 0.66333336 0.8015625 0.6775 0.7963542 0.685 0.7760417 0.6958333 0.7447917 0.71666664 0.71666664 0.7375 0.70520836 0.74666667 0.70104164 0.74583334 0.6953125 0.7158333 0.6921875 0.6933333 0.6765625 0.6125 0.6645833 0.55833334 0.66197914 0.5441667 0.6645833 0.5425 0.6822917 0.5391667 0.6921875 0.5308333
9 0.67395836 0.2375 0.659375 0.22583333 0.65625 0.22583333 0.63958335 0.27833334 0.6119792 0.355 0.61822915 0.36333334 0.63072914 0.37083334 0.63385415 0.37416667 0.628125 0.39333335 0.6197917 0.4275 0.6125 0.43916667 0.6078125 0.45666668 0.6041667 0.48416665 0.59739584 0.49416667 0.5942708 0.515 0.5911458 0.5416667 0.5911458 0.5625 0.5911458 0.585 0.59739584 0.59 0.60729164 0.60583335 0.61302084 0.6166667 0.63177085 0.6433333 0.653125 0.66583335 0.6614583 0.6641667 0.6671875 0.67 0.67083335 0.6641667 0.68125 0.6375 0.66197914 0.54583335 0.66302085 0.5416667 0.6671875 0.54083335 0.684375 0.5375 0.6979167 0.52416664 0.70520836 0.5058333 0.7515625 0.465 0.7583333 0.47833332 0.7671875 0.45333335 0.7796875 0.42916667 0.7984375 0.3925 0.80572915 0.37083334 0.79479164 0.35833332 0.7270833 0.43083334 0.72552085 0.43583333 0.7140625 0.43583333 0.69739586 0.40583333 0.6953125 0.39583334 0.7036458 0.37083334 0.7083333 0.3625 0.69166666 0.32083333 0.67604166 0.2575
18 0.7807292 0.75166667 0.79270834 0.7425 0.803125 0.74083334 0.8078125 0.7425 0.81354165 0.74916667 0.81822914 0.76416665 0.82135415 0.7891667 0.8265625 0.80583334 0.8328125 0.82916665 0.84010416 0.85583335 0.84791666 0.88166666 0.85364586 0.8983333 0.85260415 0.9125 0.8463542 0.9266667 0.8359375 0.93583333 0.80572915 0.9525 0.79791665 0.9608333 0.7942708 0.97 0.7885417 0.97083336 0.7796875 0.975 0.76927084 0.9841667 0.74635416 1.0 0.6510417 1.0 0.6333333 0.945 0.6276042 0.9266667 0.63854164 0.91583335 0.6458333 0.9033333 0.6510417 0.88166666 0.65833336 0.89416665 0.6640625 0.9 0.68125 0.89916664 0.696875 0.8958333 0.7026042 0.88416666 0.703125 0.8691667 0.6984375 0.8408333 0.6958333 0.82 0.75416666 0.77666664
3 0.6796875 0.7033333 0.6703125 0.6725 0.66770834 0.6691667 0.6625 0.665 0.653125 0.66583335 0.63958335 0.6766667 0.60625 0.6975 0.5885417 0.7133333 0.5786458 0.71666664 0.5729167 0.7133333 0.5651042 0.7108333 0.55052084 0.7191667 0.53125 0.73333335 0.53333336 0.74333334 0.5552083 0.85 0.56822914 0.9166667 0.58177084 0.97833335 0.5854167 0.9825 0.58697915 0.9675 0.6020833 0.95416665 0.6276042 0.9275 0.63958335 0.915 0.64635414 0.9025 0.6510417 0.88166666 0.65729165 0.8925 0.6640625 0.9 0.68125 0.89916664 0.69739586 0.8958333 0.7026042 0.8833333 0.703125 0.8691667 0.6953125 0.8183333
12 0.5375 0.33916667 0.5453125 0.30916667 0.5598958 0.3225 0.6140625 0.35666665 0.6223958 0.36666667 0.6333333 0.3725 0.62083334 0.42666668 0.61302084 0.4375 0.60625 0.46333334 0.6041667 0.485 0.596875 0.495 0.5932292 0.52 0.58697915 0.535 0.57916665 0.56166667 0.56458336 0.62333333 0.5625 0.6383333 0.5515625 0.67583334 0.53541666 0.73333335 0.5286458 0.7341667 0.49739584 0.705 0.46041667 0.68333334 0.44895834 0.685 0.45364583 0.66833335 0.465625 0.6383333 0.4828125 0.56 0.49375 0.51 0.50416666 0.4675 0.5208333 0.41166666
2 0.46614584 0.2125 0.459375 0.26166666 0.6203125 0.33166668 0.6557292 0.22666667 0.6609375 0.22666667 0.675 0.23916666 0.675 0.24416667 0.67864585 0.23833333 0.6828125 0.23583333 0.690625 0.2325 0.69739586 0.23833333 0.70416665 0.1925 0.7125 0.15333334 0.728125 0.0775 0.62395835 0.026666667 0.57916665 0.0 0.5015625 0.0 0.48333332 0.0975
1 0.45833334 0.0 0.4609375 0.006666667 0.475 0.0125 0.46979168 0.04083333 0.465625 0.08416667 0.45729166 0.17166667 0.45729166 0.19166666 0.45260417 0.215 0.44947916 0.25083333 0.4328125 0.27083334 0.42864582 0.27666667 0.43177083 0.28833333 0.44270834 0.28833333 0.47552082 0.29666665 0.51354164 0.3125 0.534375 0.32666665 0.53697914 0.32916668 0.54114586 0.31083333 0.5359375 0.31 0.534375 0.29416665 0.45989582 0.26166666 0.48697916 0.075 0.5015625 0.0
4 0.33854166 0.17166667 0.340625 0.185 0.3359375 0.21083333 0.33645833 0.24083333 0.34166667 0.26833335 0.3484375 0.29 0.359375 0.2975 0.37135416 0.30583334 0.39322916 0.31583333 0.40520832 0.3275 0.4078125 0.32916668 0.42239583 0.3225 0.434375 0.31583333 0.44375 0.30333334 0.45 0.29083332 0.44114584 0.28833333 0.43229166 0.28916666 0.42864582 0.27583334 0.45052084 0.25 0.453125 0.21166667 0.45729166 0.185 0.4515625 0.16666667 0.440625 0.1475 0.42864582 0.13416667 0.41770834 0.12916666 0.40729168 0.12416667 0.3953125 0.123333335 0.3828125 0.1225 0.37291667 0.105 0.32083333 0.0 0.2875 0.0 0.27552083 0.010833333 0.2734375 0.016666668 0.27239582 0.0275 0.27447918 0.0375 0.33020833 0.14916667
13 0.43489584 0.35 0.44791666 0.36583334 0.44895834 0.3725 0.4453125 0.4 0.40833333 0.5183333 0.36666667 0.6566667 0.3609375 0.67333335 0.35052082 0.67333335 0.33020833 0.66 0.30625 0.64166665 0.31302083 0.635 0.31458333 0.62916666 0.30625 0.5833333 0.284375 0.4675 0.27395833 0.405 0.30625 0.2975 0.3125 0.27666667 0.31927082 0.26583335 0.32864583 0.265 0.34375 0.28666666 0.35052082 0.29333332 0.41354167 0.33583334
1 0.096875 0.175 0.0984375 0.13166666 0.088541664 0.111666664 0.071875 0.14083333 0.049479168 0.1725 0.034375 0.19083333 0.0 0.23333333 0.024479168 0.27416667 0.047916666 0.31083333 0.08177083 0.3675 0.09427083 0.38916665 0.1109375 0.4025 0.121875 0.41583332 0.1375 0.41666666 0.16145833 0.415 0.17239584 0.40666667 0.18697916 0.38666666 0.20885417 0.36083335 0.20364584 0.3475 0.1890625 0.32583332 0.106770836 0.18833333 0.10364583 0.17666666
8 0.203125 0.6766667 0.2203125 0.6525 0.203125 0.65416664 0.19270833 0.6525 0.17135416 0.67833334 0.15572916 0.69083333 0.11666667 0.71 0.090625 0.725 0.072916664 0.72083336 0.079166666 0.625 0.07395833 0.57916665 0.06458333 0.5933333 0.052083332 0.61583334 0.030729167 0.64166665 0.008333334 0.67 0.0026041667 0.67833334 0.0 0.69166666 0.003125 0.7083333 0.011458334 0.7175 0.0484375 0.7633333 0.07760417 0.80916667 0.088541664 0.82916665 0.098958336 0.8333333 0.111979164 0.8283333 0.12291667 0.81333333
7 0.26302084 0.345 0.25989583 0.32416666 0.25677082 0.32166666 0.2390625 0.32833335 0.22916667 0.34083334 0.20520833 0.36333334 0.18385416 0.39 0.17291667 0.40833333 0.1625 0.415 0.1203125 0.415 0.1125 0.4025 0.092708334 0.39 0.078125 0.37583333 0.051041666 0.3825 0.05625 0.41833332 0.07239583 0.495 0.08177083 0.5325 0.078125 0.5541667 0.07395833 0.575 0.07604167 0.5966667 0.0796875 0.62833333 0.072916664 0.7216667 0.091145836 0.72583336 0.15885417 0.68833333 0.1734375 0.6766667 0.19322917 0.65166664 0.20260416 0.65416664 0.22604166 0.65166664 0.24479167 0.6508333 0.29322916 0.64666665 0.30833334 0.64166665 0.3140625 0.6308333 0.3140625 0.62083334
3 0.7708333 0.22083333 0.778125 0.21 0.79010415 0.19416666 0.796875 0.19416666 0.80625 0.20416667 0.82447916 0.2375 0.83489585 0.27333334 0.8442708 0.29416665 0.83385414 0.31333333 0.7864583 0.36583334 0.7494792 0.40583333 0.725 0.43416667 0.71510416 0.43666667 0.69895834 0.4075 0.6953125 0.395 0.7026042 0.37166667 0.7083333 0.36416668 0.6947917 0.32916668 0.68333334 0.2875 0.67604166 0.25583333 0.675 0.2425 0.6802083 0.23583333 0.690625 0.2325 0.6984375 0.24 0.70677084 0.2375 0.721875 0.21916667 0.73229164 0.21916667 0.74322915 0.215 0.75208336 0.21333334 0.76145834 0.2175
