16 0.072916664 0.6066667 0.1390625 0.36916667 0.25208333 0.455 0.28229168 0.4825 0.31041667 0.4925 0.37604168 0.53333336 0.37447917 0.5475 0.359375 0.6141667 0.31041667 0.7966667 0.24635416 0.74833333 0.22552083 0.7266667 0.1484375 0.6766667 0.067708336 0.62666667
16 0.12864584 0.16166666 0.1609375 0.060833335 0.27291667 0.15416667 0.39375 0.26 0.37760416 0.31583333 0.3578125 0.365 0.3484375 0.39583334 0.334375 0.425 0.32864583 0.4675 0.3203125 0.475 0.29739583 0.47416666 0.27760416 0.47916666 0.25 0.45333335 0.20625 0.42083332 0.13854167 0.36916667 0.08020833 0.32166666 0.10208333 0.24333334 0.12552084 0.16666667
16 0.403125 0.70416665 0.41666666 0.70166665 0.4484375 0.68 0.5052083 0.65 0.609375 0.70916665 0.63489586 0.8625 0.56041664 0.89916664 0.49270833 0.93 0.47604167 0.9316667 0.43802083 0.96666664 0.41510418 0.98583335 0.39322916 0.93916667 0.375 0.87666667 0.375 0.85 0.3609375 0.81416667 0.35833332 0.77666664 0.36145833 0.74916667 0.36927083 0.7366667 0.37604168 0.72083336 0.38489583 0.7108333 0.39583334 0.7058333
16 0.47447917 0.37916666 0.48125 0.3475 0.5328125 0.3775 0.54479164 0.38583332 0.578125 0.40166667 0.61041665 0.41833332 0.6869792 0.45583335 0.721875 0.47083333 0.703125 0.5683333 0.68177086 0.67333335 0.66979164 0.7391667 0.6692708 0.7391667 0.6078125 0.7075 0.48229167 0.6375 0.428125 0.6116667 0.428125 0.6066667 0.45416668 0.48416665 0.46145833 0.4625 0.471875 0.39333335
16 0.74583334 0.605 0.790625 0.495 0.84479165 0.545 0.9322917 0.63166666 0.9067708 0.69666666 0.85729164 0.8283333 0.83489585 0.8808333 0.825 0.90166664 0.7890625 0.92 0.76354164 0.9275 0.75677085 0.9275 0.6567708 0.83166665 0.6557292 0.8275 0.7 0.73333335 0.72864586 0.64916664
16 0.76145834 0.42583334 0.8130208 0.43 0.859375 0.43916667 0.8776042 0.4325 1.0 0.43083334 1.0 0.70166665 0.9046875 0.7025 0.9322917 0.63166666 0.83385414 0.535 0.790625 0.49583334 0.7583333 0.57416666 0.75989586 0.48416665
16 0.6536458 0.2025 0.6302083 0.17166667 0.6203125 0.14333333 0.634375 0.104166664 0.6666667 0.053333335 0.678125 0.041666668 0.69739586 0.0 0.7729167 0.0 0.8296875 0.10583334 0.9046875 0.22666667 0.82708335 0.3575 0.78541666 0.42833334 0.7828125 0.4275 0.7375 0.35666665 0.6859375 0.24916667 0.678125 0.2375 0.66979164 0.22666667
16 0.39010417 0.12083333 0.38802084 0.0 0.5572917 0.0 0.5671875 0.104166664 0.5708333 0.21833333 0.5083333 0.2275 0.41770834 0.2375 0.39583334 0.24083333 0.39010417 0.13833334
16 0.5854167 0.065 0.584375 0.0325 0.58229166 0.0 0.696875 0.0 0.6822917 0.033333335 0.678125 0.041666668 0.6666667 0.053333335 0.63385415 0.105 0.628125 0.12083333 0.625 0.13083333 0.58958334 0.13333334 0.58697915 0.10166667 0.5859375 0.06916667
16 0.83125 0.0 0.8364583 0.09166667 0.82395834 0.094166666 0.7729167 0.0
16 0.009375 0.95 0.049479168 0.8233333 0.058854166 0.8025 0.058333334 0.77 0.07447917 0.68583333 0.140625 0.73583335 0.175 0.74833333 0.24270834 0.78333336 0.21875 0.8725 0.19114584 1.0 0.0 1.0 0.0 0.9866667
