6 0.1546875 0.5425 0.13489583 0.5825 0.1078125 0.6666667 0.09739583 0.695 0.108333334 0.7075 0.15885417 0.7341667 0.225 0.80333334 0.23958333 0.8125 0.26458332 0.7183333 0.28854167 0.6508333 0.20520833 0.5925 0.1640625 0.54583335
6 0.2015625 0.77916664 0.20520833 0.79583335 0.2375 0.895 0.25625 1.0 0.26614583 1.0 0.35104167 0.93416667 0.35833332 0.92583334 0.35416666 0.9058333 0.33489582 0.8575 0.24739583 0.83916664 0.25208333 0.80583334 0.27135417 0.7175 0.26458332 0.7191667 0.2390625 0.81333333 0.2265625 0.8041667
6 0.39010417 0.64416665 0.365625 0.75 0.3625 0.83916664 0.39166668 0.8958333 0.41822916 0.8408333 0.47135416 0.7708333 0.41510418 0.69166666 0.40885416 0.68833333 0.40989584 0.68
6 0.46927083 0.77416664 0.45833334 0.79 0.49010417 0.79 0.484375 0.7841667 0.47291666 0.77
6 0.46197918 0.5316667 0.459375 0.5441667 0.45520833 0.56333333 0.45052084 0.615 0.46510416 0.5925 0.4703125 0.5933333 0.4734375 0.5675 0.48177084 0.5416667
6 0.540625 0.6958333 0.503125 0.7875 0.5307292 0.7991667 0.5307292 0.7825 0.5416667 0.70666665
6 0.80677086 0.525 0.79114586 0.5341667 0.7864583 0.54083335 0.7526042 0.56416667 0.7447917 0.5833333 0.734375 0.6558333 0.72552085 0.6725 0.71302086 0.6575 0.6880208 0.6375 0.69739586 0.67 0.709375 0.7316667 0.71302086 0.75916666 0.728125 0.7583333 0.76197916 0.73083335 0.8130208 0.6975 0.83697915 0.6925 0.85052085 0.685 0.84270835 0.6625 0.8151042 0.56916666 0.80833334 0.5375
6 0.6322917 0.038333334 0.6276042 0.045 0.61614585 0.20916666 0.62604165 0.21083333 0.6458333 0.20916666 0.671875 0.21333334 0.67552084 0.19416666 0.6791667 0.19416666 0.6848958 0.20583333 0.7296875 0.22666667 0.76770836 0.23166667 0.77135414 0.22416666 0.7671875 0.13416667 0.7604167 0.123333335 0.77708334 0.08 0.7671875 0.071666665 0.7421875 0.07 0.6578125 0.051666666 0.6421875 0.038333334
6 0.36927083 0.85333335 0.3484375 0.89166665 0.35416666 0.9066667 0.35833332 0.925 0.35104167 0.93416667 0.34427083 0.93916667 0.35572916 0.94916666 0.40104166 0.98333335 0.4171875 1.0 0.44166666 1.0 0.45208332 0.9533333 0.47135416 0.8958333 0.48489583 0.84833336 0.49166667 0.8325 0.50625 0.7941667 0.5072917 0.79083335 0.50364584 0.7875 0.49895832 0.7991667 0.490625 0.79083335 0.4578125 0.79 0.41875 0.8408333 0.39166668 0.8958333 0.384375 0.8825
6 0.28697917 0.6575 0.278125 0.6875 0.2703125 0.7225 0.25989583 0.7683333 0.2515625 0.8075 0.24739583 0.83916664 0.33541667 0.85833335 0.35833332 0.8641667 0.36041668 0.86 0.3640625 0.8425 0.3625 0.8383333 0.365625 0.74916667 0.37083334 0.7241667 0.3890625 0.64666665 0.39166668 0.62916666 0.38802084 0.6308333 0.36510417 0.6383333 0.30104166 0.6575 0.28958333 0.6575
6 0.49114582 0.50416666 0.48645833 0.52416664 0.48125 0.5466667 0.47291666 0.56666666 0.4703125 0.5941667 0.46458334 0.5933333 0.44479167 0.62333333 0.41822916 0.665 0.40989584 0.68333334 0.40885416 0.6875 0.41302082 0.69 0.46458334 0.7575 0.4796875 0.7783333 0.4953125 0.79583335 0.4984375 0.7991667 0.50416666 0.78583336 0.5442708 0.68666667 0.584375 0.6025 0.5875 0.595 0.5786458 0.58666664 0.55833334 0.5625 0.55 0.5541667 0.5463542 0.5516667 0.521875 0.52666664 0.49427083 0.50416666
6 0.34114584 0.4025 0.28802082 0.42666668 0.2578125 0.44083333 0.26145834 0.45583335 0.27239582 0.48833334 0.28489584 0.54083335 0.2890625 0.5566667 0.28125 0.62083334 0.28333333 0.6458333 0.28854167 0.6508333 0.2859375 0.65833336 0.30052084 0.65833336 0.39114583 0.62916666 0.39791667 0.62916666 0.39739582 0.60583335 0.39270833 0.58416665 0.38177082 0.52416664 0.37447917 0.47916666 0.371875 0.43666667 0.34947917 0.42833334 0.33958334 0.42166665 0.33645833 0.41666666 0.34114584 0.405
6 0.36614582 0.26416665 0.36302084 0.26916668 0.36510417 0.275 0.36510417 0.2775 0.35989583 0.28833333 0.35677084 0.30083334 0.35104167 0.33833334 0.34947917 0.37166667 0.34375 0.39666668 0.34114584 0.40333334 0.3359375 0.41666666 0.3390625 0.4225 0.35 0.42916667 0.37291667 0.43666667 0.39166668 0.4475 0.41354167 0.46583334 0.4375 0.48 0.4515625 0.48833334 0.45729166 0.4975 0.475 0.50416666 0.47708333 0.49583334 0.49427083 0.4 0.50677085 0.34583333 0.5052083 0.34166667 0.49166667 0.33 0.4828125 0.32916668 0.44010416 0.3125 0.4265625 0.30583334 0.39427084 0.28083333 0.38020834 0.26833335
6 0.24166666 0.15833333 0.240625 0.1575 0.23541667 0.17 0.22135417 0.19416666 0.2 0.255 0.1796875 0.29916668 0.18177083 0.30583334 0.19947916 0.32 0.25520834 0.36416668 0.30208334 0.42 0.31354168 0.41416666 0.315625 0.4075 0.34270832 0.33916667 0.3578125 0.295 0.36197916 0.28333333 0.36510417 0.27583334 0.36354166 0.27083334 0.35625 0.2625 0.34895834 0.26 0.31458333 0.23333333 0.30520833 0.22916667 0.2921875 0.21666667 0.25364584 0.17 0.246875 0.16166666
6 0.36979166 0.095 0.36875 0.09916667 0.36614582 0.1225 0.3625 0.15 0.35520834 0.16833334 0.340625 0.21166667 0.33697918 0.22333333 0.3328125 0.24833333 0.33854166 0.25166667 0.35 0.26083332 0.35625 0.2625 0.365625 0.26583335 0.36979166 0.26583335 0.3828125 0.26916668 0.39635417 0.27583334 0.41979167 0.28083333 0.4640625 0.31666666 0.47864583 0.32083333 0.4828125 0.295 0.49791667 0.22 0.50572914 0.17416666 0.5078125 0.15666667 0.49479166 0.14583333 0.47552082 0.14416666 0.4390625 0.13416667 0.43020833 0.1375 0.42291668 0.1325 0.40260416 0.11 0.38333333 0.093333334
6 0.5697917 0.195 0.565625 0.2575 0.56614584 0.26833335 0.5651042 0.30166668 0.559375 0.35916665 0.5630208 0.36166668 0.5703125 0.365 0.5734375 0.3625 0.61145836 0.36333334 0.6265625 0.36583334 0.6901042 0.3925 0.69322914 0.39416668 0.7 0.37916666 0.70677084 0.385 0.70625 0.36666667 0.67864585 0.3625 0.66041666 0.35666665 0.65833336 0.35416666 0.65729165 0.34583333 0.6640625 0.28416666 0.6703125 0.2225 0.66614586 0.22083333 0.63072914 0.21416667 0.61510414 0.21083333 0.5921875 0.20083334 0.5796875 0.1975 0.57239586 0.19416666
6 0.58697915 0.5941667 0.5854167 0.6 0.58385414 0.605 0.5963542 0.6475 0.5989583 0.7033333 0.6015625 0.7366667 0.6015625 0.7966667 0.60520834 0.8208333 0.634375 0.8125 0.6802083 0.80083334 0.7109375 0.7916667 0.7104167 0.7841667 0.7083333 0.76666665 0.70520836 0.7558333 0.696875 0.7133333 0.69166666 0.6525 0.68645835 0.63416666 0.6401042 0.58916664 0.63385415 0.5808333 0.6328125 0.5775 0.63697916 0.5625 0.6328125 0.56333333 0.6302083 0.5825 0.62864584 0.61333334 0.6067708 0.6025 0.5984375 0.6025 0.5989583 0.59583336 0.5921875 0.5941667 0.5859375 0.59166664
6 0.5671875 0.36416668 0.54895836 0.465 0.5286458 0.535 0.54583335 0.55 0.559375 0.5625 0.5833333 0.59166664 0.5885417 0.59166664 0.5989583 0.59583336 0.5989583 0.60333335 0.6067708 0.6025 0.6276042 0.61333334 0.63125 0.57916665 0.6322917 0.5625 0.63645834 0.545 0.6489583 0.49 0.6703125 0.42083332 0.67395836 0.41666666 0.6765625 0.39833334 0.6645833 0.39166668 0.63489586 0.37416667 0.6171875 0.36416668 0.6046875 0.3625 0.5729167 0.3625 0.5708333 0.36583334
6 0.6859375 0.42 0.66822916 0.4275 0.65989584 0.455 0.6692708 0.48666668 0.67291665 0.47916666 0.6796875 0.45666668 0.684375 0.43083334
6 0.6927083 0.39666668 0.6848958 0.42833334 0.6791667 0.4575 0.6723958 0.48 0.6671875 0.49333334 0.6546875 0.5316667 0.64375 0.5525 0.63697916 0.56166667 0.6322917 0.5783333 0.640625 0.59 0.68645835 0.635 0.71458334 0.65833336 0.725 0.6716667 0.7348958 0.655 0.7390625 0.62666667 0.7453125 0.58166665 0.7526042 0.56333333 0.78020835 0.50083333 0.79322916 0.475 0.7953125 0.45916668 0.79375 0.455 0.70989585 0.3875 0.69947916 0.38 0.69322914 0.395
6 0.73802084 0.38583332 0.7234375 0.39833334 0.79375 0.455 0.7953125 0.46 0.79322916 0.47666666 0.790625 0.47916666 0.771875 0.52 0.77239585 0.52416664 0.78229165 0.5233333 0.8265625 0.5058333 0.8286458 0.5025 0.82395834 0.48916668 0.8098958 0.43833333 0.8078125 0.42166665 0.79895836 0.39333335 0.79583335 0.38833332 0.7953125 0.40166667 0.7942708 0.41666666 0.78541666 0.41333333 0.77447915 0.40583333 0.75989586 0.39916667 0.74635416 0.39166668 0.74010414 0.38583332
6 0.6713542 0.2175 0.65729165 0.34166667 0.65729165 0.35 0.659375 0.35666665 0.6635417 0.35833332 0.684375 0.36333334 0.70677084 0.36666667 0.71302086 0.37 0.73802084 0.385 0.74375 0.39 0.7765625 0.40666667 0.7942708 0.4175 0.79583335 0.38416666 0.8015625 0.3475 0.8130208 0.2575 0.8109375 0.25416666 0.79479164 0.25416666 0.74583334 0.23416667 0.7291667 0.2275 0.72552085 0.225 0.6848958 0.20583333 0.6796875 0.195 0.67552084 0.19333333
6 0.08177083 0.9075 0.077083334 0.9325 0.069270834 1.0 0.234375 1.0 0.2359375 0.9033333 0.221875 0.8983333 0.16927083 0.915 0.10364583 0.915
