6 0.73333335 0.5308333 0.73229164 0.5858333 0.734375 0.6775 0.73229164 0.7183333 0.7369792 0.75166667 0.74583334 0.78 0.7890625 0.7758333 0.8286458 0.7775 0.83177084 0.77166665 0.84010416 0.78 0.840625 0.7558333 0.83125 0.655 0.83489585 0.62416667 0.8442708 0.5733333 0.84583336 0.5491667 0.7671875 0.535
6 0.828125 0.47666666 0.82916665 0.54333335 0.82916665 0.54583335 0.84583336 0.55 0.84479165 0.5758333 0.8359375 0.6175 0.83177084 0.65 0.83125 0.6558333 0.878125 0.645 0.8953125 0.6483333 0.9109375 0.64416665 0.9765625 0.6533333 0.978125 0.58166665 0.9817708 0.5566667 0.9791667 0.47416666 0.9145833 0.485 0.88645834 0.4875
6 0.17604166 0.43666667 0.128125 0.57416666 0.103125 0.60583335 0.092708334 0.62916666 0.15364583 0.68916667 0.1859375 0.7241667 0.19479166 0.71666664 0.19739583 0.7 0.20833333 0.63916665 0.22083333 0.62833333 0.26614583 0.56666666 0.26666668 0.5566667 0.25572917 0.54 0.20729166 0.46666667
6 0.25989583 0.545 0.27083334 0.5525 0.30989584 0.58416665 0.3375 0.6016667 0.37239584 0.6016667 0.38854167 0.61083335 0.37708333 0.6741667 0.3703125 0.68833333 0.36927083 0.7008333 0.37291667 0.705 0.36197916 0.77666664 0.2875 0.7325 0.221875 0.7025 0.20885417 0.69 0.22135417 0.62833333 0.2296875 0.61833334 0.26666668 0.56666666 0.26510417 0.5525
6 0.22395833 0.025833333 0.21875 0.03 0.1453125 0.17833333 0.13072917 0.19333333 0.1203125 0.21583334 0.1625 0.265 0.1734375 0.25666666 0.17552084 0.25833333 0.1890625 0.305 0.21302083 0.33166668 0.22135417 0.31833333 0.2109375 0.30166668 0.21510416 0.2875 0.23072916 0.275 0.24635416 0.24583334 0.25364584 0.21416667 0.2625 0.20666666 0.24375 0.18833333 0.25833333 0.17 0.28125 0.100833334 0.25208333 0.06583333 0.22760417 0.025
6 0.3171875 0.05666667 0.30208334 0.04083333 0.25885418 0.17 0.24375 0.18833333 0.27291667 0.2175 0.353125 0.315 0.35677084 0.325 0.37239584 0.3375 0.44010416 0.18916667 0.42447916 0.16916667 0.4015625 0.155
6 0.37291667 0.0 0.35416666 0.09916667 0.37395832 0.12166667 0.4015625 0.15583333 0.42291668 0.16833334 0.43802083 0.185 0.43958333 0.19083333 0.428125 0.21333334 0.45208332 0.21833333 0.45416668 0.19 0.44895834 0.16333333 0.46875 0.0825 0.4890625 0.0 0.48072916 0.0 0.40520832 0.0
6 0.39739582 0.28416666 0.37239584 0.3375 0.3546875 0.32416666 0.31822917 0.37333333 0.34166667 0.4375 0.36979166 0.47083333 0.41302082 0.54833335 0.46510416 0.47833332 0.47552082 0.46333334 0.45729166 0.38 0.4453125 0.38 0.446875 0.36083335 0.43229166 0.34083334
6 0.17135416 0.25833333 0.12447917 0.30333334 0.0703125 0.3575 0.07604167 0.37333333 0.0859375 0.38583332 0.09583333 0.3875 0.1125 0.405 0.13229166 0.51416665 0.13229166 0.525 0.13958333 0.54 0.17604166 0.43583333 0.20833333 0.4675 0.228125 0.49833333 0.24479167 0.48916668 0.215625 0.40083334 0.19895834 0.3875 0.18489583 0.3575 0.20208333 0.3475 0.19114584 0.31083333 0.17552084 0.26 0.17291667 0.25666666
6 0.47552082 0.46416667 0.46145833 0.48333332 0.41041666 0.5525 0.40885416 0.56 0.43020833 0.5925 0.43854168 0.60833335 0.46875 0.6575 0.48958334 0.69166666 0.5026042 0.67333335 0.5395833 0.58166665 0.5453125 0.56583333 0.5833333 0.53583336 0.59375 0.51666665 0.57447916 0.49166667 0.53489584 0.51916665 0.5005208 0.5466667 0.4921875 0.5491667 0.49010417 0.5366667 0.47708333 0.46916667
6 0.27135417 0.21583334 0.25260416 0.2425 0.24166666 0.25666666 0.22916667 0.27583334 0.21458334 0.2875 0.2109375 0.30166668 0.2265625 0.32583332 0.25364584 0.30166668 0.28333333 0.28083333 0.29166666 0.29166666 0.31875 0.37166667 0.35520834 0.3225 0.35208333 0.31416667
6 0.2796875 0.28333333 0.2515625 0.3025 0.21927084 0.33416668 0.19791667 0.34916666 0.18489583 0.35666665 0.1984375 0.3875 0.215625 0.40166667 0.24895833 0.49916667 0.26197916 0.5466667 0.26875 0.55083334 0.28177083 0.55916667 0.36302084 0.49916667 0.36302084 0.4875 0.35520834 0.46833333 0.34114584 0.4375 0.30416667 0.33166668 0.2921875 0.29166666 0.28385416 0.28
6 0.4640625 0.2 0.4515625 0.3175 0.4453125 0.37916666 0.45625 0.38083333 0.4578125 0.37666667 0.46197918 0.37333333 0.47291666 0.36833334 0.48697916 0.36833334 0.55572915 0.35083333 0.5625 0.33333334 0.5619792 0.32916668 0.57239586 0.31833333 0.58020836 0.32833335 0.6 0.36666667 0.60625 0.32 0.60729164 0.2925 0.5911458 0.30666667 0.5875 0.29916668 0.58177084 0.27333334 0.575 0.23833333 0.5729167 0.27 0.5703125 0.2775 0.51770836 0.24416667 0.47604167 0.2275 0.4640625 0.22166666 0.46666667 0.19833334
6 0.5703125 0.32 0.56145835 0.32916668 0.5619792 0.33333334 0.55677086 0.35 0.50104165 0.365 0.48697916 0.36833334 0.471875 0.36833334 0.45729166 0.37583333 0.45677084 0.37916666 0.47552082 0.4625 0.49010417 0.53833336 0.49166667 0.54833335 0.5005208 0.54583335 0.53489584 0.51916665 0.5765625 0.48916668 0.5854167 0.4825 0.5921875 0.48333332 0.6223958 0.47 0.6328125 0.45833334 0.62916666 0.44666666 0.6203125 0.4275 0.6041667 0.37833333 0.596875 0.35916665 0.57916665 0.32666665 0.5729167 0.31916666
6 0.48697916 0.013333334 0.48489583 0.021666666 0.48541668 0.0725 0.4796875 0.1675 0.46614584 0.19833334 0.46458334 0.22 0.4796875 0.22916667 0.5182292 0.24416667 0.5708333 0.2775 0.5729167 0.27 0.575 0.2375 0.55677086 0.16083333 0.5364583 0.08 0.53489584 0.06 0.5697917 0.041666668 0.5364583 0.026666667 0.5046875 0.019166667
6 0.6432292 0.014166667 0.60729164 0.024166666 0.54583335 0.054166667 0.53541666 0.059166666 0.5364583 0.079166666 0.5755208 0.24 0.5828125 0.28 0.58697915 0.29916668 0.590625 0.30666667 0.6859375 0.23416667 0.6848958 0.22833334 0.62916666 0.094166666 0.63385415 0.08416667 0.64270836 0.039166667 0.64270836 0.020833334
6 0.43072918 0.5941667 0.41822916 0.6166667 0.39114583 0.6558333 0.3765625 0.67583334 0.37083334 0.68666667 0.36979166 0.6983333 0.375 0.7058333 0.41510418 0.7683333 0.44791666 0.815 0.45625 0.7991667 0.47916666 0.755 0.5151042 0.6975 0.5552083 0.635 0.553125 0.62666667 0.5328125 0.5991667 0.503125 0.6725 0.4890625 0.69083333
6 0.721875 0.6741667 0.6203125 0.7416667 0.6244792 0.75416666 0.66041666 0.865 0.67604166 0.95416665 0.72760415 0.92083335 0.76197916 0.9033333 0.78125 0.89416665 0.7369792 0.75166667 0.7270833 0.6816667
