18 0.26354167 0.49916667 0.25885418 0.50916666 0.25520834 0.52166665 0.26197916 0.5575 0.26822916 0.5975 0.271875 0.61833334 0.278125 0.6641667 0.2890625 0.74916667 0.30052084 0.825 0.30572918 0.8375 0.31458333 0.84583336 0.33854166 0.8375 0.39166668 0.815 0.41666666 0.80333334 0.43229166 0.7975 0.4375 0.79 0.44114584 0.77416664 0.43645832 0.74333334 0.421875 0.6575 0.4140625 0.61 0.4078125 0.5783333 0.40208334 0.5416667 0.4015625 0.52166665 0.3796875 0.4975 0.37395832 0.49166667 0.37239584 0.47333333 0.37395832 0.46333334 0.37916666 0.455 0.3109375 0.48083332
18 0.234375 0.37 0.23125 0.38166666 0.23072916 0.3975 0.234375 0.40666667 0.24895833 0.43416667 0.26041666 0.4625 0.26614583 0.475 0.2734375 0.495 0.37916666 0.455 0.39010417 0.43583333 0.403125 0.42083332 0.409375 0.4125 0.403125 0.40333334 0.40885416 0.38 0.41822916 0.335 0.421875 0.3225 0.42864582 0.31583333 0.43802083 0.31333333 0.45520833 0.32583332 0.47916666 0.34583333 0.45208332 0.28333333 0.4140625 0.19416666 0.40833333 0.19083333 0.403125 0.18916667 0.39791667 0.18916667 0.39114583 0.195 0.3828125 0.20666666 0.3140625 0.28333333 0.271875 0.33166668 0.25208333 0.35083333 0.24166666 0.3625
18 0.5229167 0.38 0.4796875 0.34666666 0.44895834 0.32166666 0.4390625 0.31416667 0.43177083 0.315 0.421875 0.3225 0.40364584 0.4025 0.409375 0.41333333 0.39427084 0.43166667 0.38958332 0.43666667 0.37395832 0.46416667 0.37239584 0.4725 0.3734375 0.49083334 0.40260416 0.5225 0.50572914 0.61583334 0.5130208 0.4425 0.51458335 0.4125 0.51875 0.4025 0.5234375 0.395 0.52916664 0.3925 0.5416667 0.3925
18 0.6411458 0.40916666 0.5697917 0.39583334 0.53229165 0.39333335 0.5260417 0.395 0.52239585 0.39833334 0.5182292 0.405 0.51458335 0.41333333 0.503125 0.68583333 0.5005208 0.7325 0.50572914 0.7416667 0.50989586 0.74583334 0.59010416 0.75083333 0.60572916 0.68833333 0.609375 0.67083335 0.61302084 0.65 0.6140625 0.635 0.6145833 0.6225 0.61822915 0.5991667 0.6203125 0.58 0.6265625 0.56583333 0.63177085 0.56 0.64270836 0.5575 0.646875 0.5575 0.653125 0.465 0.6536458 0.42916667 0.65052086 0.41916665 0.64635414 0.4125
18 0.43958333 0.7216667 0.5005208 0.7316667 0.50208336 0.73583335 0.50885415 0.745 0.5182292 0.7475 0.5208333 0.7583333 0.50677085 0.9433333 0.50208336 0.9525 0.4921875 0.96 0.47239584 0.9575 0.384375 0.93833333 0.35572916 0.9316667 0.32083333 0.93 0.29947916 0.9275 0.29270834 0.9216667 0.2890625 0.90833336 0.2875 0.89416665 0.29583332 0.79583335 0.30104166 0.8258333 0.30520833 0.83666664 0.3140625 0.84583336 0.33802083 0.8383333 0.41614583 0.80333334 0.43177083 0.79833335 0.4375 0.79 0.44114584 0.7733333 0.4328125 0.7183333
18 0.47864583 0.10333333 0.4734375 0.11083333 0.4546875 0.19 0.440625 0.2575 0.46770832 0.31916666 0.5473958 0.35583332 0.5640625 0.37 0.59947914 0.39333335 0.615625 0.405 0.625 0.40666667 0.63177085 0.405 0.6375 0.39833334 0.66614586 0.27833334 0.67552084 0.23333333 0.67552084 0.21916667 0.6713542 0.2075 0.6635417 0.2 0.63489586 0.18416667 0.6265625 0.17833333 0.6140625 0.1675 0.6 0.15916666 0.565625 0.13833334 0.49895832 0.09833334 0.4875 0.0975 0.48333332 0.09833334
18 0.66822916 0.27666667 0.71666664 0.23833333 0.7260417 0.2325 0.7348958 0.23333333 0.74322915 0.2375 0.74791664 0.24666667 0.76927084 0.31083333 0.7875 0.37333333 0.7994792 0.41166666 0.8052083 0.4425 0.81041664 0.45833334 0.81614584 0.46416667 0.82447916 0.47666666 0.8333333 0.50666666 0.8333333 0.5208333 0.8307292 0.53 0.8140625 0.54583335 0.78802085 0.5308333 0.775 0.5258333 0.7703125 0.5283333 0.76145834 0.53583336 0.75885415 0.54083335 0.74427086 0.60333335 0.73333335 0.5966667 0.70208335 0.58166665 0.6640625 0.47083333 0.6536458 0.44333333 0.6536458 0.43 0.65 0.4175 0.64635414 0.4125 0.6421875 0.41083333 0.6380208 0.39666668 0.665625 0.27916667
18 0.70625 0.875 0.70104164 0.9 0.6979167 0.915 0.6927083 0.9225 0.684375 0.93083334 0.6744792 0.93083334 0.64270836 0.91833335 0.58958334 0.8933333 0.5828125 0.88916665 0.575 0.88166666 0.5708333 0.86833334 0.5703125 0.855 0.5734375 0.84 0.575 0.8333333 0.578125 0.8 0.5864583 0.7658333 0.590625 0.75 0.60572916 0.68833333 0.609375 0.6725 0.6145833 0.6375 0.6145833 0.62333333 0.6177083 0.6025 0.62083334 0.58 0.62604165 0.56583333 0.63177085 0.56 0.64739585 0.5566667 0.7114583 0.58666664 0.73541665 0.5975 0.74427086 0.60333335 0.74375 0.60833335 0.72864586 0.6825 0.72291666 0.7125 0.71770835 0.73083335 0.7125 0.75166667 0.71197915 0.7633333 0.70416665 0.7783333 0.6958333 0.81916666 0.6953125 0.8275 0.69635415 0.83916664 0.70208335 0.85 0.70625 0.85583335 0.7104167 0.85833335
18 0.8932292 0.6125 0.85260415 0.7825 0.8463542 0.81 0.8359375 0.8541667 0.82604164 0.90166664 0.8197917 0.9091667 0.8130208 0.915 0.8015625 0.9091667 0.7838542 0.8983333 0.73229164 0.87 0.709375 0.85833335 0.70520836 0.85583335 0.696875 0.8408333 0.6953125 0.8275 0.696875 0.8125 0.70416665 0.77916664 0.71197915 0.765 0.71197915 0.75083333 0.72291666 0.7133333 0.7473958 0.59 0.75885415 0.54 0.765625 0.5308333 0.77552086 0.525 0.7895833 0.5316667 0.83125 0.5566667 0.875 0.5833333 0.8854167 0.5875 0.88958335 0.595 0.89166665 0.6016667
18 0.25208333 0.60833335 0.18229167 0.65 0.15625 0.66583335 0.14635417 0.66583335 0.13854167 0.6575 0.1375 0.6525 0.13385417 0.6191667 0.13020833 0.5941667 0.12864584 0.58166665 0.122395836 0.56 0.11302083 0.5158333 0.10364583 0.48916668 0.090625 0.44666666 0.072916664 0.37333333 0.0734375 0.36 0.077083334 0.34583333 0.08125 0.34 0.15104167 0.2975 0.175 0.28333333 0.1875 0.27583334 0.19791667 0.27916667 0.20625 0.28583333 0.23072916 0.385 0.23125 0.3975 0.2359375 0.41 0.24583334 0.46083334 0.25416666 0.49916667 0.2578125 0.5108333 0.2546875 0.52166665 0.2609375 0.5516667 0.2671875 0.59583336 0.26197916 0.60333335
