9 0.20104167 0.40083334 0.1625 0.41083333 0.11875 0.4175 0.08645833 0.4325 0.08541667 0.4375 0.0953125 0.4775 0.1 0.5125 0.10364583 0.5308333 0.109375 0.56666666 0.11875 0.64 0.123958334 0.6725 0.1296875 0.725 0.13020833 0.7266667 0.159375 0.7775 0.175 0.8016667 0.203125 0.7916667 0.23072916 0.78333336 0.24895833 0.7816667 0.25104168 0.74 0.27447918 0.7416667 0.30364582 0.74583334 0.3015625 0.7175 0.290625 0.70666665 0.27604166 0.6933333 0.23229167 0.6591667 0.234375 0.645 0.23854166 0.62916666 0.24427083 0.60333335 0.26302084 0.55833334 0.2734375 0.54083335 0.28125 0.5233333 0.27447918 0.46 0.26927084 0.42666668 0.26510417 0.39166668 0.25677082 0.4 0.23177083 0.42416668 0.21822916 0.43583333 0.2078125 0.415
9 0.18854167 0.37416667 0.153125 0.28916666 0.14479166 0.27166668 0.1375 0.2725 0.110416666 0.23166667 0.0546875 0.155 0.0546875 0.1525 0.086979166 0.10666667 0.12604167 0.045833334 0.14791666 0.025833333 0.16614583 0.0 0.21145834 0.0 0.2328125 0.039166667 0.25260416 0.079166666 0.26770833 0.11666667 0.29166666 0.15083334 0.33333334 0.215 0.35885417 0.25166667 0.3609375 0.25416666 0.3375 0.29583332 0.27395833 0.37666667 0.26510417 0.39166668 0.23802084 0.41666666 0.21822916 0.435 0.19947916 0.395
9 0.3625 0.80083334 0.3796875 0.765 0.39895833 0.71666664 0.41197917 0.68083334 0.4546875 0.5883333 0.47083333 0.55583334 0.49114582 0.52 0.503125 0.49333334 0.46979168 0.45166665 0.44322917 0.42416668 0.42916667 0.41083333 0.4109375 0.38916665 0.37135416 0.34 0.35729167 0.32583332 0.35625 0.32666665 0.32916668 0.39666668 0.3125 0.44833332 0.29322916 0.48833334 0.28385416 0.5175 0.28177083 0.5225 0.2734375 0.5416667 0.26614583 0.55333334 0.26302084 0.55916667 0.24427083 0.60333335 0.24010417 0.62333333 0.23489584 0.6433333 0.2328125 0.65833336 0.23385416 0.6591667 0.26041666 0.68083334 0.27604166 0.6933333 0.30208334 0.71666664 0.315625 0.73833334 0.35 0.7841667
9 0.32395834 0.75 0.303125 0.74666667 0.27395833 0.7416667 0.25104168 0.74083334 0.24947916 0.7825 0.24739583 0.82416666 0.24583334 0.87 0.24583334 0.91833335 0.24010417 0.9508333 0.234375 1.0 0.40572917 1.0 0.409375 0.9375 0.41458333 0.85833335 0.42395833 0.79 0.42552084 0.7683333 0.41354167 0.7675 0.4 0.76166666 0.3828125 0.7583333 0.3796875 0.765 0.36302084 0.80083334 0.36302084 0.8016667 0.36197916 0.80083334 0.32708332 0.755
9 0.6046875 0.76416665 0.6333333 0.73833334 0.69322914 0.6791667 0.7161458 0.6591667 0.74010414 0.64 0.7505208 0.62916666 0.7796875 0.6141667 0.809375 0.5933333 0.8119792 0.59166664 0.80104166 0.5575 0.7916667 0.53 0.78020835 0.49166667 0.77552086 0.47583333 0.7604167 0.445 0.74895835 0.39666668 0.7395833 0.37083334 0.7317708 0.345 0.73020834 0.345 0.7114583 0.365 0.6953125 0.38666666 0.67395836 0.40083334 0.64739585 0.4225 0.6244792 0.44083333 0.59375 0.46333334 0.5598958 0.4875 0.540625 0.5 0.5260417 0.5108333 0.5416667 0.5516667 0.56614584 0.64 0.575 0.675 0.596875 0.74083334
9 0.6635417 0.7125 0.67291665 0.7558333 0.675 0.7841667 0.68385416 0.825 0.6921875 0.88666666 0.69947916 0.9216667 0.7161458 0.9166667 0.7515625 0.89916664 0.76666665 0.8858333 0.7703125 0.8825 0.7729167 0.8641667 0.77916664 0.8625 0.7942708 0.86333334 0.8072917 0.865 0.84010416 0.8525 0.85 0.8466667 0.85052085 0.8433333 0.84375 0.79333335 0.83697915 0.76916665 0.8307292 0.7391667 0.8286458 0.71416664 0.8255208 0.69166666 0.8140625 0.69 0.8130208 0.65833336 0.8109375 0.62916666 0.8125 0.5966667 0.809375 0.5941667 0.78125 0.6141667 0.77760416 0.6166667 0.75104165 0.63 0.74114585 0.64 0.71510416 0.6616667 0.69322914 0.68083334 0.66510415 0.7083333
9 0.78229165 0.4975 0.7942708 0.4925 0.7984375 0.4925 0.79895836 0.5208333 0.80260414 0.53833336 0.80677086 0.5625 0.8078125 0.5783333 0.80364585 0.56416667 0.79375 0.535 0.7890625 0.5208333
9 0.8140625 0.68916667 0.83125 0.69166666 0.86822915 0.695 0.8958333 0.7 0.93541664 0.70416665 0.95989585 0.7058333 0.9791667 0.7083333 0.9796875 0.68666667 0.9796875 0.53333336 0.98020834 0.49833333 0.9817708 0.46583334 0.9848958 0.42083332 0.9869792 0.36416668 0.99010414 0.33416668 0.98072916 0.33166668 0.9526042 0.33083335 0.93541664 0.33166668 0.909375 0.33 0.89270836 0.32416666 0.8484375 0.3175 0.8255208 0.3175 0.8229167 0.32916668 0.81927085 0.41333333 0.82239586 0.45083332 0.82604164 0.465 0.82447916 0.50333333 0.8229167 0.5233333 0.81666666 0.55583334 0.8140625 0.59166664 0.8125 0.60083336 0.81145835 0.6308333 0.81354165 0.66 0.8140625 0.6875
9 0.8098958 0.40916666 0.79479164 0.39 0.78489584 0.37666667 0.75364584 0.32916668 0.7395833 0.305 0.71875 0.28166667 0.7083333 0.26333332 0.6921875 0.24333334 0.6625 0.21333334 0.6479167 0.19666667 0.6322917 0.17416666 0.6484375 0.1325 0.6625 0.10166667 0.678125 0.0725 0.69114584 0.041666668 0.70104164 0.0275 0.71302086 0.0 0.76197916 0.0 0.7828125 0.033333335 0.8072917 0.071666665 0.82135415 0.083333336 0.84010416 0.11083333 0.86041665 0.12083333 0.89479166 0.15583333 0.9125 0.18083334 0.89739585 0.22333333 0.884375 0.25416666 0.8765625 0.2675 0.85364586 0.3175 0.84791666 0.3175 0.8255208 0.31666666 0.825 0.31666666 0.8229167 0.32916668 0.8208333 0.37833333 0.8203125 0.38666666 0.81354165 0.40416667
9 0.425 0.0 0.3953125 0.043333333 0.48645833 0.20166667 0.49895832 0.22583333 0.5130208 0.25416666 0.565625 0.16416667 0.64479166 0.0325 0.6645833 0.0
9 0.0171875 0.5 0.0 0.5175 0.0 0.945 0.015104166 0.99 0.027083334 0.98083335 0.091145836 0.9091667 0.118229166 0.8691667 0.13177083 0.8575 0.17447917 0.8016667 0.15677084 0.77416664 0.116145834 0.7058333 0.10885417 0.6816667 0.0828125 0.6358333 0.0609375 0.5908333 0.021875 0.5058333
