15 0.42708334 0.63 0.41614583 0.6275 0.40885416 0.63166666 0.36979166 0.67083335 0.34166667 0.7008333 0.29583332 0.74583334 0.25 0.7925 0.2453125 0.8 0.24114583 0.8183333 0.240625 0.82416666 0.2375 0.8283333 0.23125 0.835 0.23385416 0.845 0.24114583 0.8375 0.2453125 0.84 0.24635416 0.83666664 0.25260416 0.84166664 0.26197916 0.84 0.34270832 0.76416665 0.41458333 0.68833333 0.43020833 0.6675 0.4328125 0.6566667 0.43385416 0.64666665 0.4359375 0.64 0.44322917 0.63666666 0.44114584 0.625 0.4359375 0.62666667 0.43333334 0.63 0.43020833 0.6275
15 0.39583334 0.51166666 0.38541666 0.5125 0.38802084 0.525 0.38541666 0.5283333 0.38697916 0.5341667 0.38072917 0.5416667 0.37760416 0.5525 0.37916666 0.6616667 0.40885416 0.6308333 0.41302082 0.62833333 0.4109375 0.56333333 0.40885416 0.5466667 0.4046875 0.53833336 0.40104166 0.535 0.39635417 0.5308333 0.39479166 0.525
15 0.38020834 0.7525 0.38072917 0.85583335 0.38177082 0.86583334 0.38645834 0.87833333 0.39010417 0.8808333 0.39114583 0.8858333 0.39375 0.88916665 0.39635417 0.905 0.39947918 0.9033333 0.40572917 0.895 0.40625 0.89166665 0.40104166 0.8875 0.40208334 0.87666667 0.4078125 0.8725 0.4125 0.85833335 0.41354167 0.8283333 0.41354167 0.69 0.39114583 0.7133333 0.38072917 0.7241667
15 0.46458334 0.6025 0.46510416 0.685 0.46666667 0.69916666 0.47083333 0.7083333 0.47604167 0.7125 0.4765625 0.7183333 0.47864583 0.7225 0.47864583 0.73583335 0.48645833 0.73583335 0.48541668 0.7216667 0.48697916 0.7183333 0.48645833 0.7125 0.490625 0.70916665 0.49583334 0.69916666 0.496875 0.68666667 0.496875 0.5883333 0.49010417 0.5933333 0.484375 0.595 0.47916666 0.5933333 0.478125 0.5925 0.4765625 0.595 0.47447917 0.5941667 0.47135416 0.5925 0.46770832 0.60083336
15 0.48854166 0.35083333 0.48489583 0.345 0.48072916 0.3425 0.48020834 0.33583334 0.478125 0.33416668 0.47864583 0.32083333 0.47708333 0.32 0.47395834 0.32083333 0.46875 0.32416666 0.46979168 0.33083335 0.47083333 0.33666667 0.46979168 0.33833334 0.46979168 0.3425 0.46510416 0.3475 0.46145833 0.355 0.46041667 0.36166668 0.4640625 0.58416665 0.4671875 0.5833333 0.46770832 0.57666665 0.46822917 0.5725 0.46979168 0.5625 0.4703125 0.55916667 0.4765625 0.54833335 0.49635416 0.5225 0.49166667 0.3675 0.49114582 0.35583332
15 0.63385415 0.37 0.496875 0.5225 0.47708333 0.5466667 0.4703125 0.55916667 0.46822917 0.57416666 0.4671875 0.5825 0.45833334 0.5883333 0.4640625 0.60333335 0.46875 0.6 0.47135416 0.5933333 0.4765625 0.595 0.47708333 0.5925 0.4796875 0.5933333 0.484375 0.5941667 0.490625 0.5925 0.49739584 0.5883333 0.5520833 0.52666664 0.5651042 0.5108333 0.5864583 0.48666668 0.6567708 0.40166667 0.65625 0.3875 0.65833336 0.38083333 0.65833336 0.37666667 0.66510415 0.37 0.66197914 0.36583334 0.6578125 0.3625 0.6546875 0.3625 0.653125 0.37083334 0.6489583 0.37083334 0.64427084 0.36833334
15 0.52552086 0.80083334 0.53697914 0.87333333 0.54114586 0.89166665 0.54270834 0.8983333 0.54583335 0.90166664 0.55052084 0.90416664 0.55104166 0.91 0.55260414 0.9116667 0.5541667 0.9125 0.5552083 0.92583334 0.56145835 0.925 0.565625 0.92 0.5609375 0.9091667 0.5630208 0.9058333 0.5630208 0.9 0.56822914 0.8908333 0.56927085 0.885 0.56927085 0.87 0.56354165 0.8233333 0.55 0.73583335 0.5286458 0.5683333 0.52552086 0.5566667 0.50885415 0.5758333 0.4984375 0.5883333 0.5083333 0.665
15 0.5317708 0.84166664 0.5140625 0.8666667 0.5109375 0.875 0.50989586 0.8825 0.50989586 0.8875 0.50677085 0.88916665 0.50572914 0.89166665 0.5052083 0.8958333 0.50677085 0.8975 0.5 0.9025 0.5015625 0.90833336 0.503125 0.91333336 0.50625 0.9175 0.509375 0.9166667 0.5125 0.9066667 0.5140625 0.9091667 0.51666665 0.9058333 0.5203125 0.9091667 0.528125 0.91083336 0.5328125 0.90833336 0.5421875 0.89666665 0.5395833 0.88666666 0.5359375 0.8675
15 0.63958335 0.70666665 0.5609375 0.80333334 0.56875 0.8616667 0.66041666 0.745
15 0.6947917 0.6533333 0.69114584 0.66333336 0.6869792 0.66083336 0.68541664 0.66083336 0.68385416 0.66333336 0.67760414 0.66333336 0.6713542 0.66583335 0.6640625 0.67333335 0.68177086 0.705 0.68541664 0.71 0.69322914 0.6983333 0.69427085 0.68916667 0.69322914 0.68083334 0.6953125 0.675 0.6953125 0.67 0.7015625 0.66333336 0.69895834 0.6575
15 0.6515625 0.65166664 0.5828125 0.5308333 0.5755208 0.52166665 0.5625 0.52166665 0.56041664 0.51666665 0.553125 0.525 0.5546875 0.5316667 0.55364585 0.5416667 0.55572915 0.5541667 0.6276042 0.6875 0.6828125 0.7825 0.7005208 0.81166667 0.709375 0.81166667 0.715625 0.81166667 0.7192708 0.81333333 0.72291666 0.825 0.72760415 0.82166666 0.73020834 0.815 0.7317708 0.8075 0.72447914 0.80333334 0.7213542 0.7966667 0.7234375 0.79 0.7213542 0.7758333
15 0.69427085 0.525 0.60625 0.49 0.5963542 0.48833334 0.59166664 0.49083334 0.5890625 0.49583334 0.58489585 0.49333334 0.5833333 0.5 0.5796875 0.49416667 0.571875 0.50416666 0.571875 0.5108333 0.5796875 0.51 0.58229166 0.5158333 0.584375 0.51666665 0.5833333 0.5233333 0.58802086 0.5341667 0.60520834 0.5425 0.69635415 0.57916665 0.70104164 0.5283333
15 0.79114586 0.56333333 0.7338542 0.54083335 0.73125 0.575 0.7291667 0.5925 0.77135414 0.61 0.79010415 0.6125 0.79270834 0.6091667 0.7994792 0.60083336 0.80260414 0.5991667 0.8046875 0.60583335 0.8072917 0.6041667 0.8109375 0.6016667 0.8119792 0.59833336 0.8125 0.5933333 0.8119792 0.5883333 0.8130208 0.5858333 0.8052083 0.5858333 0.80052084 0.57916665 0.79895836 0.5708333
15 0.7135417 0.38083333 0.70104164 0.5283333 0.6927083 0.6333333 0.69375 0.65 0.69635415 0.655 0.6984375 0.6575 0.7015625 0.6625 0.7026042 0.6666667 0.69739586 0.67583334 0.70625 0.68333334 0.7109375 0.6825 0.7109375 0.6691667 0.71510416 0.6675 0.71510416 0.66 0.7203125 0.6558333 0.725 0.6408333 0.7291667 0.5925 0.7338542 0.53333336 0.7505208 0.3375 0.7505208 0.3225 0.7473958 0.31333333 0.74635416 0.3075 0.7505208 0.3 0.74635416 0.29333332 0.73645836 0.2925 0.7359375 0.30333334 0.7328125 0.31083333 0.7239583 0.31916666 0.71875 0.335
15 0.37083334 0.3275 0.36354166 0.3225 0.35833332 0.32333332 0.36197916 0.335 0.35885417 0.33666667 0.35729167 0.34333333 0.3515625 0.3525 0.34791666 0.365 0.346875 0.4025 0.3453125 0.50333333 0.340625 0.595 0.3375 0.68333334 0.33958334 0.69666666 0.34114584 0.70166665 0.3703125 0.6716667 0.375 0.56416667 0.37760416 0.5391667 0.37864584 0.36916667 0.3765625 0.355 0.3703125 0.34416667 0.36875 0.335
