18 0.22291666 0.5283333 0.2875 0.61583334 0.29270834 0.62083334 0.29895833 0.62416667 0.3078125 0.62333333 0.3125 0.62083334 0.33645833 0.5783333 0.353125 0.6041667 0.36197916 0.61583334 0.36770833 0.6225 0.38125 0.64416665 0.38333333 0.6525 0.38385418 0.6625 0.3828125 0.6716667 0.38125 0.68083334 0.36822918 0.70416665 0.32447916 0.7758333 0.29947916 0.81416667 0.29479167 0.81666666 0.2890625 0.81666666 0.2828125 0.81666666 0.26979166 0.7891667 0.26197916 0.7708333 0.25625 0.7583333 0.2515625 0.75 0.24270834 0.73833334 0.2296875 0.715 0.20260416 0.67833334 0.18177083 0.6533333 0.16145833 0.6225 0.146875 0.60333335 0.1453125 0.5941667 0.14479166 0.58166665 0.14635417 0.57 0.14947917 0.56416667 0.21822916 0.5225
18 0.2359375 0.4125 0.2703125 0.355 0.278125 0.33833334 0.2890625 0.32083333 0.29791668 0.31 0.30885416 0.29 0.30989584 0.27916667 0.31145832 0.26833335 0.31614584 0.25416666 0.32552084 0.2375 0.33229166 0.2325 0.33854166 0.23166667 0.34427083 0.23166667 0.3515625 0.23833333 0.40052083 0.29916668 0.43541667 0.34333333 0.43854168 0.3525 0.43854168 0.36083335 0.43697917 0.37416667 0.4296875 0.39083335 0.409375 0.42833334 0.375 0.49833333 0.33541667 0.58 0.3125 0.62 0.30833334 0.6225 0.2984375 0.62416667 0.28854167 0.6166667 0.21822916 0.52166665 0.215625 0.5175 0.20572917 0.49833333 0.20364584 0.48833334 0.20520833 0.47666666 0.21041666 0.46083334 0.23489584 0.41583332
18 0.38854167 0.595 0.45989582 0.65416664 0.46927083 0.66083336 0.47447917 0.6875 0.49375 0.7875 0.51145834 0.8833333 0.50989586 0.89416665 0.5052083 0.9075 0.5015625 0.91333336 0.47395834 0.9275 0.42395833 0.94916666 0.38854167 0.9658333 0.38125 0.9625 0.37604168 0.955 0.371875 0.94416666 0.36875 0.92833334 0.35052082 0.8125 0.34010416 0.75083333 0.37604168 0.69 0.38072917 0.68083334 0.38229167 0.6716667 0.38385418 0.66083336 0.38333333 0.65166664 0.38125 0.6433333 0.36875 0.6225 0.35833332 0.61083335
18 0.4421875 0.38166666 0.45416668 0.38666666 0.46354166 0.39583334 0.49791667 0.42833334 0.5598958 0.48666668 0.5453125 0.53333336 0.5416667 0.5366667 0.528125 0.5625 0.51197916 0.6091667 0.50625 0.635 0.503125 0.6616667 0.50416666 0.67333335 0.5052083 0.68916667 0.50416666 0.69083333 0.49583334 0.6791667 0.48958334 0.67083335 0.47916666 0.6641667 0.46927083 0.6591667 0.4671875 0.65833336 0.4640625 0.6575 0.41510418 0.6175 0.38333333 0.59 0.3765625 0.58166665 0.3734375 0.5758333 0.37135416 0.56416667 0.371875 0.55583334 0.3734375 0.5416667 0.41354167 0.42916667 0.4234375 0.40083334 0.43020833 0.38833332 0.43645832 0.38333333
18 0.39479166 0.475 0.38958332 0.46833333 0.40833333 0.42916667 0.42135417 0.40666667 0.39635417 0.47833332
18 0.321875 0.18916667 0.32916668 0.1825 0.334375 0.18083334 0.34635416 0.19 0.46510416 0.28583333 0.5125 0.31916666 0.5171875 0.32833335 0.51927084 0.34166667 0.51927084 0.34833333 0.49375 0.42416668 0.45208332 0.38583332 0.44375 0.3825 0.43645832 0.38416666 0.43125 0.38666666 0.43697917 0.37333333 0.4390625 0.36166668 0.43854168 0.35333332 0.4359375 0.34333333 0.359375 0.2475 0.34479168 0.23166667 0.334375 0.2325 0.32552084 0.2375 0.315625 0.25416666 0.3109375 0.27 0.309375 0.28916666 0.29739583 0.31166667 0.2875 0.3225 0.27708334 0.34 0.271875 0.3525 0.28645834 0.30583334 0.30677083 0.23333333 0.31770834 0.19833334
18 0.54270834 0.54 0.50364584 0.6691667 0.503125 0.6625 0.50625 0.635 0.5130208 0.6075 0.51927084 0.58916664 0.528125 0.5625 0.5416667 0.5375 0.5453125 0.53333336
18 0.53802085 0.78333336 0.5463542 0.76 0.55572915 0.735 0.61041665 0.775 0.6177083 0.77916664 0.62135416 0.7783333 0.6265625 0.7758333 0.63125 0.7725 0.6328125 0.77 0.64739585 0.7183333 0.6713542 0.8375 0.6734375 0.84833336 0.66510415 0.87166667 0.6588542 0.89166665 0.6536458 0.8983333 0.646875 0.9033333 0.640625 0.90416664 0.63854164 0.90166664 0.61510414 0.8775 0.603125 0.86583334 0.57447916 0.8408333 0.5416667 0.81166667 0.5395833 0.805 0.53802085 0.7975 0.5375 0.7891667
18 0.565625 0.46833333 0.590625 0.39166668 0.5942708 0.3825 0.59947914 0.3775 0.60625 0.37416667 0.6125 0.375 0.61927086 0.37916666 0.65520835 0.41083333 0.6880208 0.4375 0.7135417 0.45583335 0.7171875 0.46416667 0.71875 0.47583333 0.71770835 0.485 0.70208335 0.535 0.6515625 0.7033333 0.646875 0.72 0.6322917 0.77166665 0.62604165 0.77666664 0.6177083 0.77916664 0.6098958 0.77416664 0.55677086 0.73583335 0.53802085 0.72083336 0.5109375 0.7 0.50677085 0.69416666 0.50572914 0.68916667 0.50416666 0.66833335 0.5442708 0.535 0.56041664 0.48666668
18 0.5239583 0.09 0.5375 0.0875 0.6010417 0.079166666 0.6375 0.07416666 0.64427084 0.08 0.64947915 0.09 0.65052086 0.1025 0.65416664 0.15083334 0.66302085 0.27083334 0.653125 0.28166667 0.64635414 0.2925 0.6421875 0.30583334 0.6421875 0.32083333 0.6458333 0.33166668 0.65989584 0.36333334 0.66979164 0.38166666 0.675 0.39416668 0.67291665 0.4025 0.6666667 0.41333333 0.66197914 0.41666666 0.61927086 0.38 0.6109375 0.375 0.6020833 0.375 0.59479165 0.3825 0.57604164 0.435 0.5572917 0.43833333 0.54895836 0.43583333 0.54114586 0.4275 0.53802085 0.42083332 0.53541666 0.3975 0.53333336 0.38083333 0.5338542 0.35166666 0.5317708 0.33833334 0.5296875 0.32333332 0.5286458 0.3025 0.52760416 0.28833333 0.52447915 0.26416665 0.51145834 0.12 0.51197916 0.11416667 0.5140625 0.10583334 0.5182292 0.0975
18 0.66614586 0.2675 0.7057292 0.23166667 0.73229164 0.20833333 0.74010414 0.2025 0.7484375 0.20333333 0.75572914 0.20833333 0.76354164 0.22416666 0.76770836 0.24083333 0.7729167 0.25416666 0.7838542 0.27833334 0.78802085 0.29083332 0.79375 0.30833334 0.8119792 0.35166666 0.83697915 0.41416666 0.8567708 0.47166666 0.85833335 0.485 0.85625 0.4975 0.85260415 0.505 0.8421875 0.51416665 0.8333333 0.5233333 0.8276042 0.5308333 0.8046875 0.55083334 0.7671875 0.5833333 0.7609375 0.54333335 0.75625 0.52416664 0.753125 0.5183333 0.746875 0.5108333 0.7390625 0.5075 0.7135417 0.5175 0.7104167 0.5075 0.7182292 0.4825 0.71875 0.47583333 0.71770835 0.46583334 0.7140625 0.45666668 0.690625 0.43916667 0.68125 0.41 0.67552084 0.39416668 0.66979164 0.38166666 0.65833336 0.36 0.6479167 0.33666667 0.6421875 0.32083333 0.64166665 0.30583334 0.646875 0.2925 0.65520835 0.27916667 0.6635417 0.27
18 0.71302086 0.51916665 0.70625 0.5225 0.7104167 0.50916666 0.7140625 0.52
18 0.76770836 0.5883333 0.7729167 0.62833333 0.78020835 0.655 0.78802085 0.68916667 0.81041664 0.7841667 0.8151042 0.805 0.8151042 0.8175 0.8119792 0.8283333 0.8078125 0.8358333 0.79270834 0.845 0.7651042 0.86 0.74010414 0.87333333 0.7026042 0.89166665 0.69427085 0.89166665 0.6875 0.8858333 0.6828125 0.88166666 0.6791667 0.87333333 0.67291665 0.84583336 0.64739585 0.7191667 0.67604166 0.6225 0.7057292 0.52416664 0.7140625 0.5175 0.7395833 0.5075 0.7473958 0.5108333 0.75416666 0.52 0.75625 0.52666664 0.7609375 0.5441667 0.7671875 0.58416665
18 0.8515625 0.45 0.9067708 0.45166665 0.91197914 0.4575 0.91822916 0.46833333 0.9203125 0.4775 0.9192708 0.5575 0.91770834 0.65833336 0.915625 0.6666667 0.91041666 0.675 0.90208334 0.68083334 0.8932292 0.68083334 0.8510417 0.67583334 0.8078125 0.6675 0.8015625 0.66333336 0.7963542 0.66 0.7817708 0.6591667 0.77760416 0.645 0.7729167 0.6275 0.7671875 0.5825 0.82708335 0.5308333 0.8421875 0.51416665 0.85260415 0.5058333 0.8567708 0.4975 0.85833335 0.48416665 0.85729164 0.47083333 0.85 0.45083332
18 0.046875 0.23416667 0.067708336 0.22583333 0.07604167 0.22583333 0.083333336 0.22833334 0.1015625 0.23416667 0.10104167 0.22 0.10364583 0.21166667 0.1078125 0.20666666 0.146875 0.175 0.15572916 0.17583333 0.16354166 0.18166667 0.16822916 0.1925 0.18229167 0.24083333 0.19947916 0.29583332 0.22083333 0.3675 0.234375 0.41666666 0.20989583 0.46083334 0.20520833 0.47583333 0.20416667 0.48833334 0.20572917 0.49833333 0.21822916 0.5225 0.13958333 0.57 0.12708333 0.5775 0.12135417 0.5758333 0.115625 0.57 0.11145833 0.565 0.1015625 0.5283333 0.0859375 0.46583334 0.0546875 0.34083334 0.041666668 0.28166667 0.0375 0.25666666 0.041145835 0.24333334
