8 0.18177083 0.465 0.18854167 0.47 0.17708333 0.47083333 0.175 0.47083333
8 0.0 0.615 0.0 0.6925 0.0067708334 0.70416665 0.0109375 0.7033333 0.049479168 0.6125 0.06822917 0.5758333 0.09375 0.57416666 0.114583336 0.595 0.13229166 0.6 0.1328125 0.60333335 0.1359375 0.60083336 0.15104167 0.57416666 0.140625 0.48416665 0.13958333 0.4625 0.11666667 0.46666667 0.10104167 0.47416666 0.0828125 0.47416666 0.0328125 0.49333334 0.0203125 0.49583334 0.0067708334 0.485 0.0036458333 0.4675 0.0 0.4275 0.0 0.60833335 0.0046875 0.61083335
8 0.0 0.6983333 0.0 0.7266667 0.0 0.735 0.00052083336 0.7275 0.0036458333 0.72 0.009895833 0.70416665 0.0067708334 0.70416665 0.0 0.6925
8 0.0026041667 0.74333334 0.021875 0.76166666 0.058333334 0.7816667 0.060416665 0.7783333 0.061458334 0.78333336 0.08541667 0.7925 0.096875 0.795 0.108333334 0.8066667 0.121875 0.82416666 0.12916666 0.8333333 0.1453125 0.8408333 0.16770834 0.87333333 0.19270833 0.90416664 0.19739583 0.9066667 0.20364584 0.9075 0.21197917 0.90416664 0.21510416 0.895 0.21875 0.87416667 0.22604166 0.855 0.23802084 0.835 0.26614583 0.775 0.25885418 0.7625 0.259375 0.7225 0.23020834 0.69166666 0.22291666 0.68416667 0.21302083 0.67083335 0.16927083 0.6358333 0.15833333 0.62666667 0.15364583 0.6166667 0.14895834 0.61083335 0.1375 0.60083336 0.13333334 0.6041667 0.13177083 0.6 0.114583336 0.595 0.09322917 0.57416666 0.06822917 0.5758333 0.0484375 0.61333334 0.00052083336 0.7275 0.0010416667 0.73583335
8 0.29739583 0.7825 0.296875 0.8066667 0.2921875 0.8175 0.28541666 0.8258333 0.28020832 0.8275 0.26458332 0.82916665 0.240625 0.83 0.2640625 0.77916664 0.26614583 0.775 0.27135417 0.7808333 0.29583332 0.7808333
8 0.40885416 0.69083333 0.403125 0.71416664 0.39947918 0.725 0.39947918 0.68666667 0.39479166 0.685 0.39739582 0.68 0.39427084 0.63416666 0.39479166 0.6308333 0.39739582 0.6483333 0.40208334 0.675 0.40416667 0.68333334 0.40677083 0.6875
8 0.39947918 0.7275 0.39947918 0.7558333 0.396875 0.7633333 0.38958332 0.77 0.37708333 0.7783333 0.36979166 0.7783333 0.36041668 0.77916664 0.3484375 0.78333336 0.296875 0.7808333 0.27083334 0.7808333 0.265625 0.77416664 0.25885418 0.7633333 0.259375 0.72083336 0.26041666 0.69166666 0.26354167 0.69 0.2609375 0.68666667 0.26197916 0.675 0.26354167 0.63166666 0.26510417 0.61583334 0.26354167 0.5775 0.259375 0.48833334 0.25885418 0.46416667 0.26927084 0.44083333 0.27708334 0.43166667 0.28333333 0.42833334 0.30416667 0.4325 0.32083333 0.44 0.33541667 0.44833332 0.340625 0.44833332 0.35885417 0.43166667 0.37395832 0.4275 0.38229167 0.43166667 0.38958332 0.44083333 0.39270833 0.45166665 0.39270833 0.47916666 0.3859375 0.485 0.38177082 0.49916667 0.38072917 0.5083333 0.3921875 0.61 0.39479166 0.62916666 0.39479166 0.63666666 0.39739582 0.68 0.39479166 0.685 0.39947918 0.68666667
8 0.1671875 0.47166666 0.1859375 0.47 0.2203125 0.47083333 0.23177083 0.47583333 0.25833333 0.47333333 0.26145834 0.53333336 0.26510417 0.6166667 0.26302084 0.6375 0.2609375 0.68666667 0.26354167 0.69 0.2609375 0.69166666 0.25885418 0.7216667 0.22395833 0.685 0.21302083 0.67083335 0.16614583 0.6325 0.165625 0.6166667 0.1609375 0.5833333 0.15572916 0.52416664 0.15572916 0.48666668 0.16197917 0.47416666
8 0.0 0.28333333 0.027083334 0.27916667 0.065104164 0.27333334 0.07864583 0.27583334 0.0953125 0.28166667 0.114583336 0.27083334 0.1359375 0.26333332 0.1515625 0.2525 0.17447917 0.31416667 0.190625 0.395 0.2 0.45333335 0.17395833 0.47083333 0.1671875 0.47083333 0.16197917 0.47416666 0.153125 0.4675 0.15260416 0.46083334 0.13958333 0.46166667 0.118229166 0.46583334 0.10104167 0.47416666 0.083333336 0.47416666 0.034895834 0.49166667 0.0203125 0.49583334 0.0067708334 0.485 0.0036458333 0.46666667 0.0 0.42666668 0.0 0.30833334
8 0.3203125 0.43583333 0.29270834 0.4125 0.28645834 0.40666667 0.27708334 0.40666667 0.27083334 0.41083333 0.26875 0.41583332 0.2453125 0.475 0.25833333 0.47333333 0.25833333 0.465 0.26927084 0.44083333 0.27708334 0.4325 0.28333333 0.4275 0.30520833 0.43333334 0.32083333 0.43916667
8 0.2234375 0.0525 0.25625 0.13833334 0.27083334 0.18166667 0.29635417 0.235 0.3 0.25416666 0.32395834 0.29166666 0.32395834 0.3075 0.3203125 0.32416666 0.28645834 0.3675 0.2453125 0.41166666 0.2265625 0.42333335 0.215625 0.41833332 0.20989583 0.41 0.1921875 0.36416668 0.190625 0.35916665 0.1921875 0.35583332 0.18802084 0.35166666 0.17708333 0.32333332 0.1515625 0.25416666 0.13125 0.21083333 0.10729167 0.15916666 0.10729167 0.15166667 0.1140625 0.13416667 0.1296875 0.123333335 0.15416667 0.10666667 0.2109375 0.045 0.21875 0.045833334
8 0.48020834 0.00083333335 0.47708333 0.0225 0.47395834 0.025 0.47604167 0.0275 0.46875 0.06 0.4640625 0.0625 0.45677084 0.0675 0.45416668 0.07 0.43645832 0.125 0.43854168 0.13333334 0.43333334 0.13333334 0.40625 0.23666666 0.37760416 0.22416666 0.35729167 0.22 0.32552084 0.21083333 0.31666666 0.20166667 0.3125 0.18666667 0.3140625 0.17583333 0.33072916 0.094166666 0.33333334 0.07 0.34635416 0.0
8 0.50104165 0.034166668 0.49947917 0.055833332 0.5015625 0.059166666 0.49739584 0.061666667 0.4984375 0.075 0.49947917 0.0775 0.52447915 0.0975 0.53489584 0.105 0.52708334 0.08583333 0.51979166 0.075 0.51145834 0.054166667 0.51197916 0.048333332 0.50885415 0.04916667
8 0.46927083 0.6741667 0.48541668 0.7866667 0.490625 0.8358333 0.48802084 0.84833336 0.48854166 0.85833335 0.49427083 0.89 0.6067708 0.84166664 0.6244792 0.8358333 0.61875 0.7891667 0.61302084 0.7808333 0.6088542 0.78 0.59270835 0.7841667 0.60520834 0.745 0.6078125 0.73333335 0.59947914 0.66 0.58802086 0.655 0.5796875 0.6483333 0.57395834 0.63666666 0.5734375 0.62333333 0.553125 0.62916666 0.5364583 0.6358333 0.515625 0.6475 0.47083333 0.6725
8 0.58177084 0.41 0.58958334 0.415 0.5942708 0.425 0.59583336 0.4425 0.590625 0.45083332 0.58489585 0.46166667 0.58229166 0.515 0.58229166 0.55083334 0.58385414 0.5708333 0.57916665 0.59833336 0.5729167 0.62416667 0.54010415 0.6333333 0.46927083 0.6741667 0.46510416 0.6716667 0.4625 0.6775 0.42395833 0.6958333 0.41875 0.7 0.4125 0.69416666 0.40989584 0.69166666 0.4046875 0.68583333 0.39375 0.62416667 0.38020834 0.5075 0.3828125 0.49333334 0.3875 0.48333332 0.39270833 0.47916666 0.42239583 0.47166666 0.43333334 0.47 0.43489584 0.475 0.4375 0.47083333 0.4484375 0.46833333 0.5015625 0.44416666 0.5755208 0.41083333
8 0.7671875 0.6675 0.8078125 0.6816667 0.8171875 0.6925 0.8208333 0.70916665 0.80677086 0.7941667 0.80104166 0.8541667 0.79895836 0.87333333 0.7875 0.89 0.7807292 0.8933333 0.73645836 0.87166667 0.7359375 0.8616667 0.7348958 0.87 0.6666667 0.83916664 0.64270836 0.8283333 0.62291664 0.825 0.61927086 0.7891667 0.61354166 0.78 0.60833335 0.78 0.59270835 0.7841667 0.60520834 0.7441667 0.6119792 0.7191667 0.6197917 0.68833333 0.6255208 0.67333335 0.6234375 0.6575 0.6296875 0.6566667 0.66875 0.6591667 0.69635415 0.65833336 0.7114583 0.67083335 0.7239583 0.6725 0.7260417 0.6675 0.7296875 0.6741667 0.753125 0.6791667 0.76145834 0.6791667 0.7625 0.6675 0.7651042 0.6725
8 0.59947914 0.44333333 0.6166667 0.4525 0.6822917 0.47 0.7015625 0.47833332 0.728125 0.4675 0.73020834 0.47083333 0.7328125 0.4675 0.7546875 0.4675 0.7572917 0.4625 0.759375 0.46416667 0.76354164 0.6691667 0.7625 0.66833335 0.7609375 0.68 0.746875 0.67833334 0.72864586 0.675 0.7260417 0.66583335 0.7234375 0.67333335 0.7125 0.6716667 0.6979167 0.6591667 0.625 0.6566667 0.5953125 0.6575 0.58385414 0.6508333 0.5765625 0.6425 0.57395834 0.6358333 0.5734375 0.62333333 0.5796875 0.5941667 0.58385414 0.5708333 0.58229166 0.55 0.58229166 0.51166666 0.58489585 0.46166667 0.5953125 0.4425
8 0.65729165 0.27666667 0.7348958 0.26666668 0.7786458 0.25833333 0.8 0.2525 0.80885416 0.25916666 0.81354165 0.2675 0.815625 0.32416666 0.81354165 0.33916667 0.8119792 0.35916665 0.81927085 0.41333333 0.8203125 0.43416667 0.81666666 0.4475 0.8109375 0.45833334 0.80104166 0.46166667 0.75572914 0.46166667 0.74583334 0.4625 0.7317708 0.4675 0.72760415 0.46666667 0.7140625 0.47083333 0.70208335 0.47166666 0.69635415 0.47583333 0.68177086 0.47 0.6166667 0.4525 0.6145833 0.44916666 0.6088542 0.4 0.6010417 0.3225 0.6015625 0.305 0.6067708 0.29166666 0.6145833 0.28583333 0.65416664 0.27916667 0.65729165 0.28333333
8 0.40416667 0.24083333 0.35833332 0.33916667 0.3453125 0.36916667 0.34583333 0.38 0.3484375 0.395 0.37395832 0.4275 0.38177082 0.43333334 0.38854167 0.43916667 0.3984375 0.4475 0.40885416 0.45916668 0.41875 0.47166666 0.43333334 0.47 0.43541667 0.47583333 0.4375 0.47083333 0.44739583 0.46916667 0.575 0.41083333 0.5828125 0.41 0.5875 0.4125 0.5864583 0.40583333 0.58229166 0.4 0.5671875 0.38916665 0.55052084 0.36916667 0.5208333 0.33583334 0.50625 0.38166666 0.49635416 0.4275 0.49322918 0.43583333 0.48645833 0.44083333 0.47864583 0.44083333 0.46875 0.43083334 0.46197918 0.41583332 0.4546875 0.40666667 0.44010416 0.4075 0.42552084 0.39666668 0.38072917 0.37333333 0.37604168 0.36166668 0.375 0.3525 0.37760416 0.33333334 0.39010417 0.2925 0.40416667 0.24583334
8 0.5625 0.1975 0.55625 0.21666667 0.55104166 0.215 0.5541667 0.22333333 0.528125 0.30416667 0.51979166 0.33916667 0.5052083 0.38333333 0.49583334 0.43 0.49270833 0.4375 0.48697916 0.44083333 0.47760418 0.44166666 0.46927083 0.43 0.46145833 0.415 0.4546875 0.40666667 0.43958333 0.40833333 0.42552084 0.39583334 0.38020834 0.37416667 0.3765625 0.36166668 0.37447917 0.35166666 0.37760416 0.33333334 0.4046875 0.24416667 0.40572917 0.23583333 0.43333334 0.13333334 0.43854168 0.1325 0.43645832 0.12416667 0.45416668 0.06916667 0.471875 0.06 0.53541666 0.104166664
8 0.59739584 0.27416667 0.5942708 0.28416666 0.5885417 0.33166668 0.5828125 0.34166667 0.57708335 0.34666666 0.53697914 0.32333332 0.52447915 0.31916666 0.52916664 0.3 0.5541667 0.22166666 0.55104166 0.21416667 0.55625 0.21666667 0.5630208 0.1975 0.5729167 0.23083334 0.58020836 0.255 0.58489585 0.26583335 0.5911458 0.27166668
8 0.63489586 0.0 0.6401042 0.013333334 0.64375 0.039166667 0.65833336 0.071666665 0.6671875 0.108333334 0.684375 0.16 0.6770833 0.18583333 0.6713542 0.2025 0.65052086 0.22 0.6166667 0.25333333 0.596875 0.2725 0.59010416 0.27083334 0.58385414 0.26583335 0.57447916 0.23666666 0.5619792 0.19666667 0.53489584 0.10333333 0.52552086 0.0825 0.51979166 0.075833336 0.51145834 0.053333335 0.51145834 0.048333332 0.5083333 0.04916667 0.49739584 0.028333334 0.48697916 0.00083333335 0.4859375 0.0
8 0.72447914 0.018333333 0.7630208 0.055833332 0.78489584 0.07833333 0.83020836 0.111666664 0.82604164 0.12666667 0.809375 0.16666667 0.7838542 0.23 0.78125 0.24416667 0.775 0.2475 0.771875 0.25083333 0.7729167 0.25833333 0.7114583 0.27 0.7078125 0.265 0.7 0.26666668 0.6859375 0.2675 0.671875 0.25833333 0.6645833 0.24083333 0.6640625 0.2325 0.67395836 0.1975 0.6890625 0.14583333 0.6984375 0.1225 0.70677084 0.08583333 0.7026042 0.06583333 0.70729166 0.046666667 0.71770835 0.0225 0.7213542 0.0175
8 0.13958333 0.46166667 0.14114584 0.49 0.1515625 0.5733333 0.13697916 0.6 0.1484375 0.61083335 0.15625 0.62166667 0.15885417 0.6275 0.16666667 0.6333333 0.16614583 0.62083334 0.16145833 0.5858333 0.15572916 0.52416664 0.15572916 0.48833334 0.16197917 0.47416666 0.153125 0.46833333 0.15208334 0.46083334
