14 0.7765625 0.73583335 0.7682292 0.725 0.76197916 0.7241667 0.7526042 0.7125 0.69895834 0.76916665 0.7104167 0.7841667 0.72291666 0.8175 0.73333335 0.82916665 0.74375 0.8325 0.74114585 0.81583333 0.76927084 0.75333333 0.775 0.74666667
14 0.7760417 0.45166665 0.7630208 0.46166667 0.7546875 0.48083332 0.7515625 0.49166667 0.6869792 0.56416667 0.6244792 0.62916666 0.60520834 0.6325 0.6046875 0.6533333 0.6119792 0.66583335 0.62135416 0.69666666 0.63385415 0.73583335 0.63697916 0.745 0.6515625 0.7325 0.64739585 0.725 0.6546875 0.70916665 0.75625 0.5933333 0.7765625 0.5708333 0.77708334 0.56333333 0.79479164 0.5466667 0.7994792 0.55833334 0.81041664 0.5525 0.7786458 0.45666668
14 0.5942708 0.5391667 0.5755208 0.5775 0.5619792 0.60583335 0.55677086 0.62833333 0.55833334 0.6408333 0.56354165 0.6458333 0.578125 0.63666666 0.6140625 0.67333335 0.6119792 0.665 0.6046875 0.6533333 0.6046875 0.6325 0.6244792 0.62916666 0.6453125 0.6075 0.61927086 0.58 0.61614585 0.57666665 0.6145833 0.56666666 0.60520834 0.5466667 0.5984375 0.5391667
14 0.50885415 0.031666666 0.5015625 0.031666666 0.49427083 0.0525 0.47604167 0.0875 0.45364583 0.1175 0.47083333 0.14166667 0.48229167 0.13916667 0.5453125 0.16583334 0.6536458 0.21833333 0.675 0.2325 0.6802083 0.245 0.68385416 0.22333333 0.7 0.13166666 0.69635415 0.12583333 0.6953125 0.13583334 0.6770833 0.1375 0.5109375 0.0525 0.5104167 0.0375
14 0.6145833 0.006666667 0.61145836 0.0 0.6010417 0.0 0.59947914 0.0033333334 0.59010416 0.03 0.54895836 0.071666665 0.6140625 0.105 0.62291664 0.09583333 0.6390625 0.10583334 0.6453125 0.1 0.6197917 0.0275
14 0.4765625 0.14333333 0.47083333 0.1625 0.43645832 0.25166667 0.4390625 0.2525 0.4515625 0.24833333 0.4734375 0.25666666 0.60364586 0.34666666 0.6255208 0.36416668 0.62864584 0.37416667 0.63177085 0.38833332 0.63385415 0.38916665 0.64947915 0.36 0.665625 0.32083333 0.6734375 0.285 0.6713542 0.28166667 0.66302085 0.2825 0.65520835 0.28083333 0.65208334 0.285 0.6401042 0.28166667 0.53541666 0.20666666 0.48697916 0.17416666 0.48385417 0.15166667
14 0.64947915 0.2175 0.646875 0.22 0.6333333 0.22083333 0.62708336 0.2275 0.6098958 0.26 0.5625 0.22583333 0.5828125 0.18416667
14 0.56041664 0.175 0.5317708 0.20416667 0.48645833 0.17416666 0.48385417 0.15166667 0.48072916 0.1475 0.48697916 0.14166667 0.5609375 0.17333333
14 0.46458334 0.16666667 0.44375 0.18916667 0.4421875 0.19166666 0.42708334 0.18666667 0.425 0.18833333 0.42395833 0.20416667 0.43125 0.23083334 0.43697917 0.24916667 0.471875 0.16
14 0.47395834 0.26 0.4765625 0.27 0.471875 0.2875 0.46302083 0.29666665 0.45989582 0.295 0.44895834 0.27833334 0.43854168 0.25333333 0.45104167 0.24833333 0.47447917 0.25666666 0.47604167 0.2575
14 0.5203125 0.30083334 0.47760418 0.38416666 0.46510416 0.37666667 0.45677084 0.38666666 0.49322918 0.44416666 0.50208336 0.45666668 0.509375 0.4725 0.5182292 0.44166666 0.5208333 0.43083334 0.52760416 0.41916665 0.5609375 0.3525 0.5755208 0.3275 0.52447915 0.29083332
14 0.79479164 0.5475 0.77760416 0.56416667 0.77552086 0.585 0.75572914 0.6025 0.65416664 0.71 0.6479167 0.725 0.6515625 0.73333335 0.6375 0.745 0.6333333 0.735 0.62395835 0.745 0.6088542 0.745 0.6067708 0.75083333 0.61145836 0.76916665 0.6296875 0.8208333 0.64479166 0.8516667 0.65208334 0.8208333 0.765625 0.6975 0.8015625 0.66 0.8140625 0.66 0.8276042 0.645 0.79791665 0.5566667
