19 0.36354166 0.0 0.5078125 0.0 0.49114582 0.10666667 0.48333332 0.10916667 0.40572917 0.111666664 0.35052082 0.108333334 0.3453125 0.1125 0.3578125 0.025 0.3609375 0.0
19 0.34114584 0.1325 0.3421875 0.20916666 0.3421875 0.26833335 0.34114584 0.31 0.340625 0.3225 0.34270832 0.335 0.34739584 0.34083334 0.34947917 0.3425 0.36822918 0.34583333 0.43854168 0.345 0.4671875 0.345 0.49010417 0.345 0.50104165 0.34583333 0.5161458 0.34583333 0.52552086 0.3425 0.5296875 0.33583334 0.5328125 0.32583332 0.534375 0.30916667 0.53333336 0.18916667 0.53333336 0.12583333 0.5296875 0.115 0.5265625 0.11083333 0.5234375 0.108333334 0.5171875 0.1075 0.48958334 0.108333334 0.43072918 0.11083333 0.35989583 0.11 0.3515625 0.10916667 0.34947917 0.10916667 0.34322917 0.115 0.34270832 0.1225
19 0.30416667 0.108333334 0.3078125 0.108333334 0.334375 0.1175 0.34270832 0.1175 0.34114584 0.1325 0.340625 0.14416666 0.33697918 0.1625 0.33385417 0.18166667 0.33229166 0.19583334 0.334375 0.20833333 0.340625 0.21333334 0.34166667 0.21333334 0.34166667 0.21333334 0.34270832 0.22166666 0.3421875 0.24916667 0.340625 0.2475 0.33125 0.215 0.32083333 0.1825 0.3140625 0.15916666 0.30989584 0.13666667 0.3046875 0.11666667 0.3046875 0.111666664
19 0.3421875 0.19916667 0.3421875 0.18833333 0.34114584 0.14833333 0.34114584 0.14416666 0.33697918 0.1625 0.33385417 0.18416667 0.3328125 0.1925 0.33229166 0.19583334 0.3328125 0.2 0.33385417 0.2075 0.33541667 0.20916666 0.34114584 0.21333334 0.34166667 0.21333334 0.3421875 0.21083333 0.3421875 0.20416667
19 0.18489583 0.18416667 0.234375 0.13916667 0.26770833 0.111666664 0.27916667 0.1 0.28697917 0.096666664 0.29322916 0.096666664 0.2984375 0.09833334 0.3015625 0.104166664 0.30416667 0.11083333 0.30625 0.12416667 0.3109375 0.13916667 0.31302083 0.15583333 0.321875 0.18583333 0.334375 0.225 0.34010416 0.24583334 0.34166667 0.25083333 0.34166667 0.27583334 0.34114584 0.295 0.31875 0.315 0.28177083 0.34416667 0.27604166 0.34583333 0.2546875 0.36583334 0.22604166 0.39166668 0.20104167 0.41416666 0.2 0.3725 0.19583334 0.30666667 0.19583334 0.22583333 0.19427083 0.19833334 0.190625 0.19 0.18802084 0.185
19 0.30052084 0.3425 0.340625 0.34916666 0.36458334 0.35583332 0.409375 0.3775 0.428125 0.3825 0.4375 0.38416666 0.44427082 0.37916666 0.44895834 0.36583334 0.45260417 0.34416667 0.39947918 0.345 0.3625 0.34416667 0.34791666 0.3425 0.34479168 0.33666667 0.3421875 0.3325 0.34114584 0.32333332 0.34114584 0.30833334 0.34114584 0.295 0.31979167 0.31416667 0.29947916 0.33083335 0.290625 0.3375
19 0.31822917 0.58166665 0.3625 0.5825 0.39635417 0.58 0.43541667 0.58166665 0.45260417 0.5833333 0.46979168 0.5833333 0.478125 0.58166665 0.48385417 0.575 0.4875 0.57 0.4890625 0.55833334 0.49166667 0.40333334 0.49114582 0.3725 0.49010417 0.3625 0.48489583 0.3525 0.4796875 0.34916666 0.471875 0.34833333 0.4515625 0.35083333 0.44947916 0.3625 0.4453125 0.3775 0.44322917 0.38 0.43854168 0.38333333 0.434375 0.38333333 0.42291668 0.38083333 0.40625 0.37583333 0.36822918 0.35666665 0.359375 0.355 0.321875 0.35666665 0.31927082 0.36083335 0.31354168 0.3675 0.3109375 0.37416667 0.30989584 0.39583334 0.30989584 0.42 0.30989584 0.44416666 0.31145832 0.46833333 0.31145832 0.49333334 0.30885416 0.5225 0.30625 0.5425 0.30416667 0.565 0.3046875 0.57416666 0.30625 0.57666665 0.30885416 0.57916665 0.31197917 0.5808333
19 0.5130208 0.45083332 0.5375 0.48333332 0.5416667 0.49083334 0.54322916 0.49666667 0.54270834 0.50416666 0.54010415 0.5158333 0.5307292 0.53583336 0.49791667 0.5975 0.4671875 0.6616667 0.44739583 0.70166665 0.43645832 0.7225 0.43333334 0.7241667 0.42916667 0.725 0.42447916 0.7241667 0.41822916 0.7183333 0.353125 0.63 0.33072916 0.6025 0.328125 0.5925 0.3265625 0.58666664 0.3265625 0.58166665 0.34583333 0.58166665 0.37708333 0.58166665 0.39947918 0.5808333 0.43177083 0.58166665 0.45364583 0.5833333 0.47552082 0.5825 0.47916666 0.5825 0.48072916 0.57916665 0.48645833 0.57166666 0.48802084 0.5675 0.49010417 0.5525 0.4890625 0.54583335 0.490625 0.4575 0.49114582 0.42583334 0.49791667 0.43 0.50989586 0.44666666
19 0.06614583 0.19583334 0.1 0.19333333 0.123958334 0.19416666 0.14895834 0.18916667 0.16354166 0.18583333 0.17395833 0.18416667 0.18020834 0.18416667 0.1828125 0.18416667 0.1859375 0.18416667 0.18854167 0.18583333 0.19114584 0.19166666 0.19322917 0.195 0.19427083 0.1975 0.19479166 0.2025 0.1953125 0.215 0.19583334 0.22666667 0.1953125 0.24916667 0.19583334 0.29333332 0.19635417 0.31166667 0.196875 0.32833335 0.1984375 0.35083333 0.2 0.3725 0.20052083 0.395 0.20052083 0.42083332 0.20052083 0.45583335 0.2 0.46666667 0.19635417 0.47583333 0.18854167 0.48 0.13541667 0.48416665 0.091145836 0.49083334 0.07760417 0.49166667 0.072916664 0.48916668 0.06822917 0.48166665 0.06666667 0.47 0.063541666 0.39666668 0.0578125 0.27166668 0.055208333 0.22583333 0.055208333 0.21416667 0.05625 0.20666666 0.058333334 0.20166667 0.0625 0.1975
19 0.16458334 0.0 0.1828125 0.0725 0.1859375 0.096666664 0.1921875 0.11416667 0.196875 0.12 0.2015625 0.123333335 0.20989583 0.12083333 0.25416666 0.08916666 0.2953125 0.06333333 0.31875 0.045833334 0.321875 0.035 0.3234375 0.0275 0.32239583 0.015833333 0.3171875 0.0
