19 0.30260417 0.175 0.309375 0.17083333 0.35208333 0.13333334 0.3734375 0.11083333 0.38020834 0.108333334 0.3859375 0.11 0.39375 0.12083333 0.4125 0.175 0.4515625 0.295 0.45729166 0.31083333 0.4640625 0.33166668 0.46666667 0.34166667 0.465625 0.35666665 0.46302083 0.365 0.3875 0.43333334 0.3734375 0.44666666 0.36770833 0.44083333 0.3625 0.44166666 0.35729167 0.44416666 0.35052082 0.4575 0.34739584 0.46583334 0.34427083 0.46416667 0.3421875 0.46 0.3375 0.44833332 0.31822917 0.38916665 0.31354168 0.3725 0.3515625 0.29416665 0.36510417 0.2675 0.365625 0.2625 0.365625 0.255 0.36458334 0.24833333 0.35989583 0.2425 0.309375 0.1825 0.30260417 0.17666666
19 0.31145832 0.37583333 0.28177083 0.44333333 0.25833333 0.48666668 0.25260416 0.49 0.24739583 0.49 0.24114583 0.4825 0.21666667 0.44666666 0.1625 0.3775 0.15833333 0.37083334 0.15729167 0.36666667 0.159375 0.35666665 0.16041666 0.35333332 0.16302083 0.34083334 0.18385416 0.31083333 0.19010417 0.29416665 0.203125 0.26166666 0.228125 0.21416667 0.24270834 0.1775 0.25208333 0.16 0.25572917 0.15 0.259375 0.14083333 0.26458332 0.13916667 0.271875 0.14083333 0.30416667 0.17833333 0.31041667 0.18333334 0.35989583 0.2425 0.36458334 0.24916667 0.365625 0.26083332 0.36510417 0.26666668 0.3625 0.27416667 0.31197917 0.375
19 0.2078125 0.4375 0.21302083 0.565 0.21510416 0.57416666 0.2203125 0.57916665 0.22395833 0.5808333 0.25625 0.5775 0.25416666 0.5516667 0.25677082 0.5466667 0.2609375 0.5366667 0.26458332 0.535 0.31510416 0.52416664 0.32708332 0.5225 0.34010416 0.48583335 0.34791666 0.46583334 0.34479168 0.465 0.34166667 0.46 0.3234375 0.40583333 0.31302083 0.37333333 0.2875 0.43083334 0.28072917 0.44583333 0.25833333 0.4875 0.25208333 0.49083334 0.246875 0.48916668 0.2328125 0.47083333 0.20833333 0.4375
19 0.39322916 0.42916667 0.39479166 0.4675 0.3734375 0.4475 0.39166668 0.43
19 0.41145834 0.4925 0.44270834 0.4975 0.5697917 0.5275 0.5833333 0.5325 0.58697915 0.54 0.5890625 0.5491667 0.5890625 0.56333333 0.5796875 0.6691667 0.571875 0.755 0.56458336 0.765 0.5296875 0.76 0.48541668 0.7475 0.42604166 0.73583335 0.39322916 0.73 0.3859375 0.72833335 0.38072917 0.72 0.3796875 0.7075 0.38125 0.6975 0.39739582 0.5075 0.4 0.5 0.40208334 0.49666667
19 0.3671875 0.44166666 0.4234375 0.49416667 0.41197917 0.49166667 0.40260416 0.49583334 0.39895833 0.50166667 0.39739582 0.5083333 0.38229167 0.6825 0.37916666 0.71166664 0.38020834 0.72 0.3859375 0.7291667 0.42083332 0.73583335 0.40572917 0.7775 0.39739582 0.8025 0.39010417 0.8066667 0.38072917 0.8025 0.29322916 0.725 0.27552083 0.7083333 0.27239582 0.70166665 0.27135417 0.6975 0.2703125 0.6925 0.27135417 0.68333334 0.27239582 0.6791667 0.2921875 0.6225 0.3296875 0.515 0.35052082 0.4575 0.35729167 0.44416666 0.36354166 0.44166666
19 0.25729167 0.57916665 0.2640625 0.6325 0.26979166 0.69 0.271875 0.68 0.29479167 0.61333334 0.32708332 0.5233333 0.26145834 0.5366667 0.25520834 0.5516667 0.25677082 0.575
19 0.27135417 0.70416665 0.28072917 0.805 0.35520834 0.78 0.275 0.7083333 0.27135417 0.7008333
19 0.24635416 0.8333333 0.2703125 0.9841667 0.2703125 1.0 0.31770834 1.0 0.37864584 1.0 0.39375 1.0 0.44635418 0.9791667 0.453125 0.97083336 0.4546875 0.9575 0.45416668 0.94666666 0.43125 0.8075 0.42447916 0.775 0.42135417 0.765 0.4125 0.7608333 0.39739582 0.8041667 0.39166668 0.8075 0.3828125 0.8041667 0.35416666 0.7808333 0.26354167 0.81 0.253125 0.815 0.24895833 0.8208333
19 0.5765625 0.7133333 0.5864583 0.7808333 0.5864583 0.7925 0.5828125 0.8066667 0.57239586 0.8125 0.43645832 0.84583336 0.42552084 0.7808333 0.421875 0.765 0.4125 0.76 0.42083332 0.73583335 0.48385417 0.7475 0.5026042 0.75333333 0.56354165 0.7658333 0.5729167 0.75666666 0.5755208 0.7225
19 0.5796875 0.0925 0.5286458 0.31083333 0.521875 0.34083334 0.521875 0.35833332 0.53020835 0.3675 0.57604164 0.38916665 0.59479165 0.4025 0.63125 0.43083334 0.640625 0.435 0.64427084 0.4375 0.653125 0.4375 0.659375 0.4275 0.68177086 0.32583332 0.7109375 0.2125 0.7182292 0.17916666 0.71875 0.17 0.71770835 0.1625 0.71197915 0.15166667 0.596875 0.079166666 0.58385414 0.08166666
